# ImageMagick pixel enumeration: 16,16,65535,srgba
0,0: (0,0,0,65535)  #000000FF  black
1,0: (0,257,0,65535)  #000100FF  srgba(0,1,0,1)
2,0: (0,514,771,65535)  #000203FF  srgba(0,2,3,1)
3,0: (0,1028,0,65535)  #000400FF  srgba(0,4,0,1)
4,0: (0,1285,0,65535)  #000500FF  srgba(0,5,0,1)
5,0: (0,1542,257,65535)  #000601FF  srgba(0,6,1,1)
6,0: (0,2827,0,65535)  #000B00FF  srgba(0,11,0,1)
7,0: (0,3084,0,65535)  #000C00FF  srgba(0,12,0,1)
8,0: (0,3598,257,65535)  #000E01FF  srgba(0,14,1,1)
9,0: (0,4626,0,65535)  #001200FF  srgba(0,18,0,1)
10,0: (0,5654,514,65535)  #001602FF  srgba(0,22,2,1)
11,0: (0,8224,257,65535)  #002001FF  srgba(0,32,1,1)
12,0: (0,8224,1028,65535)  #002004FF  srgba(0,32,4,1)
13,0: (0,8481,0,65535)  #002100FF  srgba(0,33,0,1)
14,0: (0,8481,1285,65535)  #002105FF  srgba(0,33,5,1)
15,0: (0,8738,0,65535)  #002200FF  srgba(0,34,0,1)
0,1: (0,15934,0,65535)  #003E00FF  srgba(0,62,0,1)
1,1: (0,15934,0,65535)  #003E00FF  srgba(0,62,0,1)
2,1: (0,16448,0,65535)  #004000FF  srgba(0,64,0,1)
3,1: (0,17476,1285,65535)  #004405FF  srgba(0,68,5,1)
4,1: (0,20817,0,65535)  #005100FF  srgba(0,81,0,1)
5,1: (0,23644,0,65535)  #005C00FF  srgba(0,92,0,1)
6,1: (0,27756,0,65535)  #006C00FF  srgba(0,108,0,1)
7,1: (0,32382,0,65535)  #007E00FF  srgba(0,126,0,1)
8,1: (0,33667,0,65535)  #008300FF  srgba(0,131,0,1)
9,1: (0,33924,0,65535)  #008400FF  srgba(0,132,0,1)
10,1: (0,34438,0,65535)  #008600FF  srgba(0,134,0,1)
11,1: (0,34952,0,65535)  #008800FF  srgba(0,136,0,1)
12,1: (0,35980,0,65535)  #008C00FF  srgba(0,140,0,1)
13,1: (0,50372,0,65535)  #00C400FF  srgba(0,196,0,1)
14,1: (0,54998,0,65535)  #00D600FF  srgba(0,214,0,1)
15,1: (0,59110,0,65535)  #00E600FF  srgba(0,230,0,1)
0,2: (0,62194,0,65535)  #00F200FF  srgba(0,242,0,1)
1,2: (0,64250,0,65535)  #00FA00FF  srgba(0,250,0,1)
2,2: (0,64764,0,65535)  #00FC00FF  srgba(0,252,0,1)
3,2: (0,64764,0,65535)  #00FC00FF  srgba(0,252,0,1)
4,2: (257,257,257,65535)  #010101FF  srgba(1,1,1,1)
5,2: (257,257,257,65535)  #010101FF  srgba(1,1,1,1)
6,2: (257,4883,0,65535)  #011300FF  srgba(1,19,0,1)
7,2: (257,6682,514,65535)  #011A02FF  srgba(1,26,2,1)
8,2: (257,12336,0,65535)  #013000FF  srgba(1,48,0,1)
9,2: (257,24672,0,65535)  #016000FF  srgba(1,96,0,1)
10,2: (257,30326,0,65535)  #017600FF  srgba(1,118,0,1)
11,2: (257,38807,0,65535)  #019700FF  srgba(1,151,0,1)
12,2: (257,41891,0,65535)  #01A300FF  srgba(1,163,0,1)
13,2: (257,44204,0,65535)  #01AC00FF  srgba(1,172,0,1)
14,2: (257,52171,0,65535)  #01CB00FF  srgba(1,203,0,1)
15,2: (257,60909,0,65535)  #01ED00FF  srgba(1,237,0,1)
0,3: (257,64250,514,65535)  #01FA02FF  srgba(1,250,2,1)
1,3: (514,3341,0,65535)  #020D00FF  srgba(2,13,0,1)
2,3: (514,4112,514,65535)  #021002FF  srgba(2,16,2,1)
3,3: (514,4883,1285,65535)  #021305FF  srgba(2,19,5,1)
4,3: (514,8224,0,65535)  #022000FF  srgba(2,32,0,1)
5,3: (514,14135,514,65535)  #023702FF  srgba(2,55,2,1)
6,3: (514,14135,1542,65535)  #023706FF  srgba(2,55,6,1)
7,3: (514,16448,0,65535)  #024000FF  srgba(2,64,0,1)
8,3: (514,52685,514,65535)  #02CD02FF  srgba(2,205,2,1)
9,3: (514,59110,16448,65535)  #02E640FF  srgba(2,230,64,1)
10,3: (514,60138,514,65535)  #02EA02FF  srgba(2,234,2,1)
11,3: (514,65021,0,65535)  #02FD00FF  srgba(2,253,0,1)
12,3: (771,26471,4626,65535)  #036712FF  srgba(3,103,18,1)
13,3: (771,30583,6939,65535)  #03771BFF  srgba(3,119,27,1)
14,3: (771,33410,1028,65535)  #038204FF  srgba(3,130,4,1)
15,3: (771,33924,4883,65535)  #038413FF  srgba(3,132,19,1)
0,4: (771,38807,1028,65535)  #039704FF  srgba(3,151,4,1)
1,4: (771,40349,6939,65535)  #039D1BFF  srgba(3,157,27,1)
2,4: (771,43176,1285,65535)  #03A805FF  srgba(3,168,5,1)
3,4: (771,51400,1285,65535)  #03C805FF  srgba(3,200,5,1)
4,4: (771,55769,8481,65535)  #03D921FF  srgba(3,217,33,1)
5,4: (771,56540,1285,65535)  #03DC05FF  srgba(3,220,5,1)
6,4: (771,60138,4112,65535)  #03EA10FF  srgba(3,234,16,1)
7,4: (771,62451,1285,65535)  #03F305FF  srgba(3,243,5,1)
8,4: (1028,3084,257,65535)  #040C01FF  srgba(4,12,1,1)
9,4: (1028,8995,257,65535)  #042301FF  srgba(4,35,1,1)
10,4: (1028,25700,1285,65535)  #046405FF  srgba(4,100,5,1)
11,4: (1028,35980,8481,65535)  #048C21FF  srgba(4,140,33,1)
12,4: (1028,41634,2570,65535)  #04A20AFF  srgba(4,162,10,1)
13,4: (1028,41891,4626,65535)  #04A312FF  srgba(4,163,18,1)
14,4: (1028,52171,4112,65535)  #04CB10FF  srgba(4,203,16,1)
15,4: (1028,52685,2313,65535)  #04CD09FF  srgba(4,205,9,1)
0,5: (1028,60909,2313,65535)  #04ED09FF  srgba(4,237,9,1)
1,5: (1028,61423,24415,65535)  #04EF5FFF  srgba(4,239,95,1)
2,5: (1285,4883,1542,65535)  #051306FF  srgba(5,19,6,1)
3,5: (1285,14135,1285,65535)  #053705FF  srgba(5,55,5,1)
4,5: (1285,15163,2570,65535)  #053B0AFF  srgba(5,59,10,1)
5,5: (1285,16448,257,65535)  #054001FF  srgba(5,64,1,1)
6,5: (1285,33410,2570,65535)  #05820AFF  srgba(5,130,10,1)
7,5: (1285,35466,10794,65535)  #058A2AFF  srgba(5,138,42,1)
8,5: (1542,24929,2570,65535)  #06610AFF  srgba(6,97,10,1)
9,5: (2570,7453,771,65535)  #0A1D03FF  srgba(10,29,3,1)
10,5: (2827,6939,3084,65535)  #0B1B0CFF  srgba(11,27,12,1)
11,5: (2827,17219,2056,65535)  #0B4308FF  srgba(11,67,8,1)
12,5: (3598,42405,1799,65535)  #0EA507FF  srgba(14,165,7,1)
13,5: (3855,24929,2313,65535)  #0F6109FF  srgba(15,97,9,1)
14,5: (3855,30069,2570,65535)  #0F750AFF  srgba(15,117,10,1)
15,5: (4112,33924,2570,65535)  #10840AFF  srgba(16,132,10,1)
0,6: (4112,37779,2313,65535)  #109309FF  srgba(16,147,9,1)
1,6: (4112,57568,1542,65535)  #10E006FF  srgba(16,224,6,1)
2,6: (4369,51400,1799,65535)  #11C807FF  srgba(17,200,7,1)
3,6: (4883,64764,257,65535)  #13FC01FF  srgba(19,252,1,1)
4,6: (5654,11308,771,65535)  #162C03FF  srgba(22,44,3,1)
5,6: (5911,7196,5140,65535)  #171C14FF  srgba(23,28,20,1)
6,6: (5911,16962,5140,65535)  #174214FF  srgba(23,66,20,1)
7,6: (5911,18761,514,65535)  #174902FF  srgba(23,73,2,1)
8,6: (6168,34438,11308,65535)  #18862CFF  srgba(24,134,44,1)
9,6: (7196,26985,2313,65535)  #1C6909FF  srgba(28,105,9,1)
10,6: (7196,42662,1542,65535)  #1CA606FF  srgba(28,166,6,1)
11,6: (7453,36237,2313,65535)  #1D8D09FF  srgba(29,141,9,1)
12,6: (7453,62451,12850,65535)  #1DF332FF  srgba(29,243,50,1)
13,6: (7710,65021,27242,65535)  #1EFD6AFF  srgba(30,253,106,1)
14,6: (7967,38807,11308,65535)  #1F972CFF  srgba(31,151,44,1)
15,6: (8224,27499,10794,65535)  #206B2AFF  srgba(32,107,42,1)
0,7: (8995,43690,11565,65535)  #23AA2DFF  srgba(35,170,45,1)
1,7: (8995,50886,11822,65535)  #23C62EFF  srgba(35,198,46,1)
2,7: (8995,56026,1028,65535)  #23DA04FF  srgba(35,218,4,1)
3,7: (9252,64764,257,65535)  #24FC01FF  srgba(36,252,1,1)
4,7: (9509,16705,1799,65535)  #254107FF  srgba(37,65,7,1)
5,7: (9766,12593,9252,65535)  #263124FF  srgba(38,49,36,1)
6,7: (12593,50115,1028,65535)  #31C304FF  srgba(49,195,4,1)
7,7: (12593,63222,26214,65535)  #31F666FF  srgba(49,246,102,1)
8,7: (13107,65021,257,65535)  #33FD01FF  srgba(51,253,1,1)
9,7: (13364,15163,8481,65535)  #343B21FF  srgba(52,59,33,1)
10,7: (13364,27242,1799,65535)  #346A07FF  srgba(52,106,7,1)
11,7: (14135,35980,1285,65535)  #378C05FF  srgba(55,140,5,1)
12,7: (15163,43690,1028,65535)  #3BAA04FF  srgba(59,170,4,1)
13,7: (15163,56283,1285,65535)  #3BDB05FF  srgba(59,219,5,1)
14,7: (15420,63222,11822,65535)  #3CF62EFF  srgba(60,246,46,1)
15,7: (16191,62451,33924,65535)  #3FF384FF  srgba(63,243,132,1)
0,8: (16448,64764,0,65535)  #40FC00FF  srgba(64,252,0,1)
1,8: (16705,16962,12336,65535)  #414230FF  srgba(65,66,48,1)
2,8: (16705,48059,21074,65535)  #41BB52FF  srgba(65,187,82,1)
3,8: (17219,47288,26214,65535)  #43B866FF  srgba(67,184,102,1)
4,8: (17219,64764,2827,65535)  #43FC0BFF  srgba(67,252,11,1)
5,8: (19275,33153,12850,65535)  #4B8132FF  srgba(75,129,50,1)
6,8: (19275,47545,14135,65535)  #4BB937FF  srgba(75,185,55,1)
7,8: (19532,64250,10537,65535)  #4CFA29FF  srgba(76,250,41,1)
8,8: (19789,39835,14392,65535)  #4D9B38FF  srgba(77,155,56,1)
9,8: (20046,25443,14392,65535)  #4E6338FF  srgba(78,99,56,1)
10,8: (20560,65278,3341,65535)  #50FE0DFF  srgba(80,254,13,1)
11,8: (20817,62965,2570,65535)  #51F50AFF  srgba(81,245,10,1)
12,8: (20817,65021,4112,65535)  #51FD10FF  srgba(81,253,16,1)
13,8: (21331,49344,257,65535)  #53C001FF  srgba(83,192,1,1)
14,8: (21588,19275,14135,65535)  #544B37FF  srgba(84,75,55,1)
15,8: (21845,64764,10280,65535)  #55FC28FF  srgba(85,252,40,1)
0,9: (22102,33410,1799,65535)  #568207FF  srgba(86,130,7,1)
1,9: (22359,64764,21074,65535)  #57FC52FF  srgba(87,252,82,1)
2,9: (22616,64250,40863,65535)  #58FA9FFF  srgba(88,250,159,1)
3,9: (22873,65021,26471,65535)  #59FD67FF  srgba(89,253,103,1)
4,9: (23387,45746,514,65535)  #5BB202FF  srgba(91,178,2,1)
5,9: (23387,65021,4112,65535)  #5BFD10FF  srgba(91,253,16,1)
6,9: (23644,39064,1028,65535)  #5C9804FF  srgba(92,152,4,1)
7,9: (24415,64764,8995,65535)  #5FFC23FF  srgba(95,252,35,1)
8,9: (24672,64764,13364,65535)  #60FC34FF  srgba(96,252,52,1)
9,9: (24929,50115,257,65535)  #61C301FF  srgba(97,195,1,1)
10,9: (25443,28270,21074,65535)  #636E52FF  srgba(99,110,82,1)
11,9: (25443,42662,771,65535)  #63A603FF  srgba(99,166,3,1)
12,9: (26214,46774,21074,65535)  #66B652FF  srgba(102,182,82,1)
13,9: (26214,61423,26214,65535)  #66EF66FF  srgba(102,239,102,1)
14,9: (26471,46774,25443,65535)  #67B663FF  srgba(103,182,99,1)
15,9: (26471,63479,2570,65535)  #67F70AFF  srgba(103,247,10,1)
0,10: (26985,40349,14649,65535)  #699D39FF  srgba(105,157,57,1)
1,10: (27242,64764,10023,65535)  #6AFC27FF  srgba(106,252,39,1)
2,10: (27499,30326,25957,65535)  #6B7665FF  srgba(107,118,101,1)
3,10: (27499,64764,14906,65535)  #6BFC3AFF  srgba(107,252,58,1)
4,10: (27756,65021,3341,65535)  #6CFD0DFF  srgba(108,253,13,1)
5,10: (28013,64764,34181,65535)  #6DFC85FF  srgba(109,252,133,1)
6,10: (28527,48316,34438,65535)  #6FBC86FF  srgba(111,188,134,1)
7,10: (28527,49087,13621,65535)  #6FBF35FF  srgba(111,191,53,1)
8,10: (29041,45489,257,65535)  #71B101FF  srgba(113,177,1,1)
9,10: (29041,56797,514,65535)  #71DD02FF  srgba(113,221,2,1)
10,10: (29555,50629,257,65535)  #73C501FF  srgba(115,197,1,1)
11,10: (30069,60652,43176,65535)  #75ECA8FF  srgba(117,236,168,1)
12,10: (30326,30840,23130,65535)  #76785AFF  srgba(118,120,90,1)
13,10: (30326,64764,13878,65535)  #76FC36FF  srgba(118,252,54,1)
14,10: (30840,28527,13107,65535)  #786F33FF  srgba(120,111,51,1)
15,10: (31611,62708,26471,65535)  #7BF467FF  srgba(123,244,103,1)
0,11: (32125,48573,26471,65535)  #7DBD67FF  srgba(125,189,103,1)
1,11: (33667,34695,31097,65535)  #838779FF  srgba(131,135,121,1)
2,11: (33667,49601,514,65535)  #83C102FF  srgba(131,193,2,1)
3,11: (34181,65021,21074,65535)  #85FD52FF  srgba(133,253,82,1)
4,11: (34438,55512,257,65535)  #86D801FF  srgba(134,216,1,1)
5,11: (36237,59624,257,65535)  #8DE801FF  srgba(141,232,1,1)
6,11: (36494,63993,16191,65535)  #8EF93FFF  srgba(142,249,63,1)
7,11: (36494,64764,1285,65535)  #8EFC05FF  srgba(142,252,5,1)
8,11: (37008,55512,257,65535)  #90D801FF  srgba(144,216,1,1)
9,11: (37522,45746,21074,65535)  #92B252FF  srgba(146,178,82,1)
10,11: (37779,63993,10023,65535)  #93F927FF  srgba(147,249,39,1)
11,11: (38036,46003,1028,65535)  #94B304FF  srgba(148,179,4,1)
12,11: (38036,59624,33924,65535)  #94E884FF  srgba(148,232,132,1)
13,11: (38036,60652,27242,65535)  #94EC6AFF  srgba(148,236,106,1)
14,11: (38550,64507,47802,65535)  #96FBBAFF  srgba(150,251,186,1)
15,11: (38807,58596,39321,65535)  #97E499FF  srgba(151,228,153,1)
0,12: (39064,52171,514,65535)  #98CB02FF  srgba(152,203,2,1)
1,12: (39321,34695,25700,65535)  #998764FF  srgba(153,135,100,1)
2,12: (39578,32896,20560,65535)  #9A8050FF  srgba(154,128,80,1)
3,12: (39835,31354,16705,65535)  #9B7A41FF  srgba(155,122,65,1)
4,12: (39835,42662,34438,65535)  #9BA686FF  srgba(155,166,134,1)
5,12: (40092,43433,39064,65535)  #9CA998FF  srgba(156,169,152,1)
6,12: (40606,43690,14906,65535)  #9EAA3AFF  srgba(158,170,58,1)
7,12: (41120,51143,44204,65535)  #A0C7ACFF  srgba(160,199,172,1)
8,12: (41120,60652,514,65535)  #A0EC02FF  srgba(160,236,2,1)
9,12: (41120,64764,771,65535)  #A0FC03FF  srgba(160,252,3,1)
10,12: (41634,34438,20303,65535)  #A2864FFF  srgba(162,134,79,1)
11,12: (41891,33410,18761,65535)  #A38249FF  srgba(163,130,73,1)
12,12: (41891,35209,20817,65535)  #A38951FF  srgba(163,137,81,1)
13,12: (41891,41634,26985,65535)  #A3A269FF  srgba(163,162,105,1)
14,12: (42405,34438,20560,65535)  #A58650FF  srgba(165,134,80,1)
15,12: (42405,34952,19018,65535)  #A5884AFF  srgba(165,136,74,1)
0,13: (42405,35723,22873,65535)  #A58B59FF  srgba(165,139,89,1)
1,13: (42662,34438,19275,65535)  #A6864BFF  srgba(166,134,75,1)
2,13: (42919,34181,20560,65535)  #A78550FF  srgba(167,133,80,1)
3,13: (42919,35980,21331,65535)  #A78C53FF  srgba(167,140,83,1)
4,13: (43433,34181,20560,65535)  #A98550FF  srgba(169,133,80,1)
5,13: (43433,36237,22873,65535)  #A98D59FF  srgba(169,141,89,1)
6,13: (43690,55512,514,65535)  #AAD802FF  srgba(170,216,2,1)
7,13: (43947,36237,21588,65535)  #AB8D54FF  srgba(171,141,84,1)
8,13: (43947,36751,22873,65535)  #AB8F59FF  srgba(171,143,89,1)
9,13: (43947,37265,25700,65535)  #AB9164FF  srgba(171,145,100,1)
10,13: (44461,37265,23130,65535)  #AD915AFF  srgba(173,145,90,1)
11,13: (44718,64764,771,65535)  #AEFC03FF  srgba(174,252,3,1)
12,13: (45489,37265,23130,65535)  #B1915AFF  srgba(177,145,90,1)
13,13: (45489,38036,23387,65535)  #B1945BFF  srgba(177,148,91,1)
14,13: (45746,38550,23387,65535)  #B2965BFF  srgba(178,150,91,1)
15,13: (46003,38293,25186,65535)  #B39562FF  srgba(179,149,98,1)
0,14: (46517,60909,771,65535)  #B5ED03FF  srgba(181,237,3,1)
1,14: (47031,39578,22359,65535)  #B79A57FF  srgba(183,154,87,1)
2,14: (47031,43690,1028,65535)  #B7AA04FF  srgba(183,170,4,1)
3,14: (47288,39835,25957,65535)  #B89B65FF  srgba(184,155,101,1)
4,14: (47545,40606,28527,65535)  #B99E6FFF  srgba(185,158,111,1)
5,14: (47545,40863,31868,65535)  #B99F7CFF  srgba(185,159,124,1)
6,14: (48059,40863,26471,65535)  #BB9F67FF  srgba(187,159,103,1)
7,14: (48316,41377,26728,65535)  #BCA168FF  srgba(188,161,104,1)
8,14: (48573,41891,26471,65535)  #BDA367FF  srgba(189,163,103,1)
9,14: (48573,42405,32382,65535)  #BDA57EFF  srgba(189,165,126,1)
10,14: (49087,43433,26728,65535)  #BFA968FF  srgba(191,169,104,1)
11,14: (49344,43433,38293,65535)  #C0A995FF  srgba(192,169,149,1)
12,14: (49344,65021,2056,65535)  #C0FD08FF  srgba(192,253,8,1)
13,14: (49601,43433,33410,65535)  #C1A982FF  srgba(193,169,130,1)
14,14: (49858,49601,39578,65535)  #C2C19AFF  srgba(194,193,154,1)
15,14: (50629,44975,33153,65535)  #C5AF81FF  srgba(197,175,129,1)
0,15: (50886,54484,15934,65535)  #C6D43EFF  srgba(198,212,62,1)
1,15: (50886,65021,15420,65535)  #C6FD3CFF  srgba(198,253,60,1)
2,15: (51143,65021,8995,65535)  #C7FD23FF  srgba(199,253,35,1)
3,15: (52428,47545,44975,65535)  #CCB9AFFF  srgba(204,185,175,1)
4,15: (52942,58596,31868,65535)  #CEE47CFF  srgba(206,228,124,1)
5,15: (52942,63222,14135,65535)  #CEF637FF  srgba(206,246,55,1)
6,15: (53456,61937,25957,65535)  #D0F165FF  srgba(208,241,101,1)
7,15: (53713,56026,45232,65535)  #D1DAB0FF  srgba(209,218,176,1)
8,15: (53713,65021,3084,65535)  #D1FD0CFF  srgba(209,253,12,1)
9,15: (53970,60395,514,65535)  #D2EB02FF  srgba(210,235,2,1)
10,15: (54484,58082,51657,65535)  #D4E2C9FF  srgba(212,226,201,1)
11,15: (54741,50372,39578,65535)  #D5C49AFF  srgba(213,196,154,1)
12,15: (58082,65021,15163,65535)  #E2FD3BFF  srgba(226,253,59,1)
13,15: (58596,65021,9252,65535)  #E4FD24FF  srgba(228,253,36,1)
14,15: (59110,65021,3084,65535)  #E6FD0CFF  srgba(230,253,12,1)
15,15: (0,65535,0,0)  #00FF0000  srgba(0,255,0,0)
