# ImageMagick pixel enumeration: 16,16,65535,srgba
0,0: (0,0,0,65535)  #000000FF  black
1,0: (0,0,257,65535)  #000001FF  srgba(0,0,1,1)
2,0: (0,0,1799,65535)  #000007FF  srgba(0,0,7,1)
3,0: (0,257,0,65535)  #000100FF  srgba(0,1,0,1)
4,0: (257,0,514,65535)  #010002FF  srgba(1,0,2,1)
5,0: (257,0,1028,65535)  #010004FF  srgba(1,0,4,1)
6,0: (257,0,1799,65535)  #010007FF  srgba(1,0,7,1)
7,0: (257,0,3341,65535)  #01000DFF  srgba(1,0,13,1)
8,0: (257,257,257,65535)  #010101FF  srgba(1,1,1,1)
9,0: (257,257,1799,65535)  #010107FF  srgba(1,1,7,1)
10,0: (514,0,514,65535)  #020002FF  srgba(2,0,2,1)
11,0: (771,0,1285,65535)  #030005FF  srgba(3,0,5,1)
12,0: (771,0,2827,65535)  #03000BFF  srgba(3,0,11,1)
13,0: (771,0,6682,65535)  #03001AFF  srgba(3,0,26,1)
14,0: (1028,0,1028,65535)  #040004FF  srgba(4,0,4,1)
15,0: (1028,0,3341,65535)  #04000DFF  srgba(4,0,13,1)
0,1: (1028,257,257,65535)  #040101FF  srgba(4,1,1,1)
1,1: (1028,771,2056,65535)  #040308FF  srgba(4,3,8,1)
2,1: (1799,0,2827,65535)  #07000BFF  srgba(7,0,11,1)
3,1: (1799,0,12079,65535)  #07002FFF  srgba(7,0,47,1)
4,1: (1799,257,3084,65535)  #07010CFF  srgba(7,1,12,1)
5,1: (2056,1799,3084,65535)  #08070CFF  srgba(8,7,12,1)
6,1: (2313,0,9252,65535)  #090024FF  srgba(9,0,36,1)
7,1: (2570,0,6682,65535)  #0A001AFF  srgba(10,0,26,1)
8,1: (2827,257,3598,65535)  #0B010EFF  srgba(11,1,14,1)
9,1: (2827,2313,3598,65535)  #0B090EFF  srgba(11,9,14,1)
10,1: (3084,1028,6682,65535)  #0C041AFF  srgba(12,4,26,1)
11,1: (3598,2313,4112,65535)  #0E0910FF  srgba(14,9,16,1)
12,1: (3855,1028,8995,65535)  #0F0423FF  srgba(15,4,35,1)
13,1: (4369,0,12850,65535)  #110032FF  srgba(17,0,50,1)
14,1: (4369,771,12079,65535)  #11032FFF  srgba(17,3,47,1)
15,1: (4369,3084,4369,65535)  #110C11FF  srgba(17,12,17,1)
0,2: (4369,3084,6425,65535)  #110C19FF  srgba(17,12,25,1)
1,2: (5140,3084,9252,65535)  #140C24FF  srgba(20,12,36,1)
2,2: (5140,3598,4626,65535)  #140E12FF  srgba(20,14,18,1)
3,2: (5140,4883,7196,65535)  #14131CFF  srgba(20,19,28,1)
4,2: (5397,0,16705,65535)  #150041FF  srgba(21,0,65,1)
5,2: (6168,257,19532,65535)  #18014CFF  srgba(24,1,76,1)
6,2: (6939,3341,8224,65535)  #1B0D20FF  srgba(27,13,32,1)
7,2: (6939,4883,4369,65535)  #1B1311FF  srgba(27,19,17,1)
8,2: (7196,1542,12850,65535)  #1C0632FF  srgba(28,6,50,1)
9,2: (7196,5397,8224,65535)  #1C1520FF  srgba(28,21,32,1)
10,2: (7196,6425,7710,65535)  #1C191EFF  srgba(28,25,30,1)
11,2: (7967,2056,16705,65535)  #1F0841FF  srgba(31,8,65,1)
12,2: (7967,4626,12336,65535)  #1F1230FF  srgba(31,18,48,1)
13,2: (8224,6425,11051,65535)  #20192BFF  srgba(32,25,43,1)
14,2: (8224,7453,9509,65535)  #201D25FF  srgba(32,29,37,1)
15,2: (8481,771,22102,65535)  #210356FF  srgba(33,3,86,1)
0,3: (8481,8738,9766,65535)  #212226FF  srgba(33,34,38,1)
1,3: (9252,5911,16448,65535)  #241740FF  srgba(36,23,64,1)
2,3: (9766,2570,19532,65535)  #260A4CFF  srgba(38,10,76,1)
3,3: (10280,7453,10537,65535)  #281D29FF  srgba(40,29,41,1)
4,3: (10537,6939,13621,65535)  #291B35FF  srgba(41,27,53,1)
5,3: (10537,10280,11822,65535)  #29282EFF  srgba(41,40,46,1)
6,3: (11565,1028,24929,65535)  #2D0461FF  srgba(45,4,97,1)
7,3: (12079,9252,13107,65535)  #2F2433FF  srgba(47,36,51,1)
8,3: (12336,6939,16705,65535)  #301B41FF  srgba(48,27,65,1)
9,3: (12336,12079,13107,65535)  #302F33FF  srgba(48,47,51,1)
10,3: (13107,514,29298,65535)  #330272FF  srgba(51,2,114,1)
11,3: (13107,5654,19789,65535)  #33164DFF  srgba(51,22,77,1)
12,3: (13364,12079,13878,65535)  #342F36FF  srgba(52,47,54,1)
13,3: (13621,4112,22359,65535)  #351057FF  srgba(53,16,87,1)
14,3: (13621,10537,16705,65535)  #352941FF  srgba(53,41,65,1)
15,3: (14392,12850,13878,65535)  #383236FF  srgba(56,50,54,1)
0,4: (14392,13621,16448,65535)  #383540FF  srgba(56,53,64,1)
1,4: (14649,10023,19532,65535)  #39274CFF  srgba(57,39,76,1)
2,4: (15163,11308,22102,65535)  #3B2C56FF  srgba(59,44,86,1)
3,4: (15420,6682,26985,65535)  #3C1A69FF  srgba(60,26,105,1)
4,4: (15420,13364,19532,65535)  #3C344CFF  srgba(60,52,76,1)
5,4: (15677,9509,24672,65535)  #3D2560FF  srgba(61,37,96,1)
6,4: (15934,5397,30069,65535)  #3E1575FF  srgba(62,21,117,1)
7,4: (16191,14135,13621,65535)  #3F3735FF  srgba(63,55,53,1)
8,4: (16448,15163,17219,65535)  #403B43FF  srgba(64,59,67,1)
9,4: (17219,13364,22102,65535)  #433456FF  srgba(67,52,86,1)
10,4: (17219,15420,19532,65535)  #433C4CFF  srgba(67,60,76,1)
11,4: (18504,12336,21588,65535)  #483054FF  srgba(72,48,84,1)
12,4: (18504,14906,21074,65535)  #483A52FF  srgba(72,58,82,1)
13,4: (18504,16191,20303,65535)  #483F4FFF  srgba(72,63,79,1)
14,4: (18761,18247,20303,65535)  #49474FFF  srgba(73,71,79,1)
15,4: (19275,8995,27242,65535)  #4B236AFF  srgba(75,35,106,1)
0,5: (20046,13621,26471,65535)  #4E3567FF  srgba(78,53,103,1)
1,5: (20046,16705,21845,65535)  #4E4155FF  srgba(78,65,85,1)
2,5: (20303,6682,30840,65535)  #4F1A78FF  srgba(79,26,120,1)
3,5: (20303,19275,21588,65535)  #4F4B54FF  srgba(79,75,84,1)
4,5: (20560,17476,25957,65535)  #504465FF  srgba(80,68,101,1)
5,5: (21074,18761,22359,65535)  #524957FF  srgba(82,73,87,1)
6,5: (21074,21845,19532,65535)  #52554CFF  srgba(82,85,76,1)
7,5: (21845,7453,33410,65535)  #551D82FF  srgba(85,29,130,1)
8,5: (21845,21845,22102,65535)  #555556FF  srgba(85,85,86,1)
9,5: (22359,4369,36751,65535)  #57118FFF  srgba(87,17,143,1)
10,5: (22359,13107,30840,65535)  #573378FF  srgba(87,51,120,1)
11,5: (22359,15934,26985,65535)  #573E69FF  srgba(87,62,105,1)
12,5: (22359,19275,26214,65535)  #574B66FF  srgba(87,75,102,1)
13,5: (22616,18761,22616,65535)  #584958FF  srgba(88,73,88,1)
14,5: (22616,21845,23387,65535)  #58555BFF  srgba(88,85,91,1)
15,5: (23130,22102,25443,65535)  #5A5663FF  srgba(90,86,99,1)
0,6: (23901,17990,30840,65535)  #5D4678FF  srgba(93,70,120,1)
1,6: (24415,13621,36237,65535)  #5F358DFF  srgba(95,53,141,1)
2,6: (24415,16705,33153,65535)  #5F4181FF  srgba(95,65,129,1)
3,6: (24415,16962,27756,65535)  #5F426CFF  srgba(95,66,108,1)
4,6: (24672,19789,27242,65535)  #604D6AFF  srgba(96,77,106,1)
5,6: (24672,22359,29041,65535)  #605771FF  srgba(96,87,113,1)
6,6: (25186,22873,24672,65535)  #625960FF  srgba(98,89,96,1)
7,6: (25700,22873,26728,65535)  #645968FF  srgba(100,89,104,1)
8,6: (25957,24929,26214,65535)  #656166FF  srgba(101,97,102,1)
9,6: (26214,23901,29298,65535)  #665D72FF  srgba(102,93,114,1)
10,6: (26471,26214,26214,65535)  #676666FF  srgba(103,102,102,1)
11,6: (26728,23901,32382,65535)  #685D7EFF  srgba(104,93,126,1)
12,6: (27242,24672,29298,65535)  #6A6072FF  srgba(106,96,114,1)
13,6: (28013,14649,35466,65535)  #6D398AFF  srgba(109,57,138,1)
14,6: (28270,24158,36494,65535)  #6E5E8EFF  srgba(110,94,142,1)
15,6: (28270,24672,33924,65535)  #6E6084FF  srgba(110,96,132,1)
0,7: (28270,28784,25957,65535)  #6E7065FF  srgba(110,112,101,1)
1,7: (28527,19275,34438,65535)  #6F4B86FF  srgba(111,75,134,1)
2,7: (28527,27242,29812,65535)  #6F6A74FF  srgba(111,106,116,1)
3,7: (28784,25700,32382,65535)  #70647EFF  srgba(112,100,126,1)
4,7: (29041,24929,29812,65535)  #716174FF  srgba(113,97,116,1)
5,7: (29298,10537,41634,65535)  #7229A2FF  srgba(114,41,162,1)
6,7: (29812,28784,30326,65535)  #747076FF  srgba(116,112,118,1)
7,7: (30326,27756,32382,65535)  #766C7EFF  srgba(118,108,126,1)
8,7: (30583,17476,40863,65535)  #77449FFF  srgba(119,68,159,1)
9,7: (30583,25443,36751,65535)  #77638FFF  srgba(119,99,143,1)
10,7: (30583,26985,33924,65535)  #776984FF  srgba(119,105,132,1)
11,7: (30840,30840,30326,65535)  #787876FF  srgba(120,120,118,1)
12,7: (32382,26985,34438,65535)  #7E6986FF  srgba(126,105,134,1)
13,7: (32382,31097,33667,65535)  #7E7983FF  srgba(126,121,131,1)
14,7: (32639,29555,33924,65535)  #7F7384FF  srgba(127,115,132,1)
15,7: (32896,25700,37779,65535)  #806493FF  srgba(128,100,147,1)
0,8: (33667,29298,37522,65535)  #837292FF  srgba(131,114,146,1)
1,8: (33667,32639,34181,65535)  #837F85FF  srgba(131,127,133,1)
2,8: (33924,26728,39835,65535)  #84689BFF  srgba(132,104,155,1)
3,8: (34181,31868,36494,65535)  #857C8EFF  srgba(133,124,142,1)
4,8: (34438,34438,34438,65535)  #868686FF  srgba(134,134,134,1)
5,8: (34695,17219,42919,65535)  #8743A7FF  srgba(135,67,167,1)
6,8: (34695,25700,43176,65535)  #8764A8FF  srgba(135,100,168,1)
7,8: (34695,31868,39321,65535)  #877C99FF  srgba(135,124,153,1)
8,8: (35209,34695,36494,65535)  #89878EFF  srgba(137,135,142,1)
9,8: (35466,34695,39064,65535)  #8A8798FF  srgba(138,135,152,1)
10,8: (37265,34695,39578,65535)  #91879AFF  srgba(145,135,154,1)
11,8: (37522,34695,36494,65535)  #92878EFF  srgba(146,135,142,1)
12,8: (37522,35209,37265,65535)  #928991FF  srgba(146,137,145,1)
13,8: (37779,27756,43433,65535)  #936CA9FF  srgba(147,108,169,1)
14,8: (37779,32896,42405,65535)  #9380A5FF  srgba(147,128,165,1)
15,8: (37779,35209,38293,65535)  #938995FF  srgba(147,137,149,1)
0,9: (38036,33924,33924,65535)  #948484FF  srgba(148,132,132,1)
1,9: (38293,35980,42148,65535)  #958CA4FF  srgba(149,140,164,1)
2,9: (38550,16705,49858,65535)  #9641C2FF  srgba(150,65,194,1)
3,9: (39064,39321,39064,65535)  #989998FF  srgba(152,153,152,1)
4,9: (39321,24929,48573,65535)  #9961BDFF  srgba(153,97,189,1)
5,9: (39321,35980,39835,65535)  #998C9BFF  srgba(153,140,155,1)
6,9: (40092,33410,43433,65535)  #9C82A9FF  srgba(156,130,169,1)
7,9: (40092,37265,42662,65535)  #9C91A6FF  srgba(156,145,166,1)
8,9: (40092,39578,41891,65535)  #9C9AA3FF  srgba(156,154,163,1)
9,9: (41120,35723,43690,65535)  #A08BAAFF  srgba(160,139,170,1)
10,9: (41634,37265,48059,65535)  #A291BBFF  srgba(162,145,187,1)
11,9: (41891,39578,41120,65535)  #A39AA0FF  srgba(163,154,160,1)
12,9: (41891,39578,44718,65535)  #A39AAEFF  srgba(163,154,174,1)
13,9: (42405,32125,49087,65535)  #A57DBFFF  srgba(165,125,191,1)
14,9: (42662,41377,42919,65535)  #A6A1A7FF  srgba(166,161,167,1)
15,9: (42919,35466,44204,65535)  #A78AACFF  srgba(167,138,172,1)
0,10: (42919,42148,44718,65535)  #A7A4AEFF  srgba(167,164,174,1)
1,10: (43176,42919,40863,65535)  #A8A79FFF  srgba(168,167,159,1)
2,10: (43433,25957,50886,65535)  #A965C6FF  srgba(169,101,198,1)
3,10: (43947,41891,48059,65535)  #ABA3BBFF  srgba(171,163,187,1)
4,10: (44718,37522,49344,65535)  #AE92C0FF  srgba(174,146,192,1)
5,10: (44975,41891,45232,65535)  #AFA3B0FF  srgba(175,163,176,1)
6,10: (44975,43947,45232,65535)  #AFABB0FF  srgba(175,171,176,1)
7,10: (45746,43433,48316,65535)  #B2A9BCFF  srgba(178,169,188,1)
8,10: (46260,27756,56540,65535)  #B46CDCFF  srgba(180,108,220,1)
9,10: (46517,39321,56283,65535)  #B599DBFF  srgba(181,153,219,1)
10,10: (46517,46517,45232,65535)  #B5B5B0FF  srgba(181,181,176,1)
11,10: (46774,42919,49344,65535)  #B6A7C0FF  srgba(182,167,192,1)
12,10: (47031,45232,48830,65535)  #B7B0BEFF  srgba(183,176,190,1)
13,10: (47545,47031,49087,65535)  #B9B7BFFF  srgba(185,183,191,1)
14,10: (48059,32125,52171,65535)  #BB7DCBFF  srgba(187,125,203,1)
15,10: (48316,37522,51657,65535)  #BC92C9FF  srgba(188,146,201,1)
0,11: (48316,40606,51143,65535)  #BC9EC7FF  srgba(188,158,199,1)
1,11: (48316,45232,50115,65535)  #BCB0C3FF  srgba(188,176,195,1)
2,11: (49344,48573,50629,65535)  #C0BDC5FF  srgba(192,189,197,1)
3,11: (49601,32382,57311,65535)  #C17EDFFF  srgba(193,126,223,1)
4,11: (49601,41891,56540,65535)  #C1A3DCFF  srgba(193,163,220,1)
5,11: (49601,42919,51400,65535)  #C1A7C8FF  srgba(193,167,200,1)
6,11: (49601,47031,50886,65535)  #C1B7C6FF  srgba(193,183,198,1)
7,11: (50115,50115,51143,65535)  #C3C3C7FF  srgba(195,195,199,1)
8,11: (50629,47802,56540,65535)  #C5BADCFF  srgba(197,186,220,1)
9,11: (50886,45232,51914,65535)  #C6B0CAFF  srgba(198,176,202,1)
10,11: (51657,49344,52428,65535)  #C9C0CCFF  srgba(201,192,204,1)
11,11: (51914,34438,58339,65535)  #CA86E3FF  srgba(202,134,227,1)
12,11: (51914,42405,57311,65535)  #CAA5DFFF  srgba(202,165,223,1)
13,11: (52685,48830,56540,65535)  #CDBEDCFF  srgba(205,190,220,1)
14,11: (52942,51914,53199,65535)  #CECACFFF  srgba(206,202,207,1)
15,11: (53199,49601,53199,65535)  #CFC1CFFF  srgba(207,193,207,1)
0,12: (53199,53713,53199,65535)  #CFD1CFFF  srgba(207,209,207,1)
1,12: (53713,52942,56283,65535)  #D1CEDBFF  srgba(209,206,219,1)
2,12: (54998,36237,60138,65535)  #D68DEAFF  srgba(214,141,234,1)
3,12: (54998,49858,57825,65535)  #D6C2E1FF  srgba(214,194,225,1)
4,12: (55255,42148,59367,65535)  #D7A4E7FF  srgba(215,164,231,1)
5,12: (55255,46003,58596,65535)  #D7B3E4FF  srgba(215,179,228,1)
6,12: (55255,53713,53713,65535)  #D7D1D1FF  srgba(215,209,209,1)
7,12: (55255,53713,56797,65535)  #D7D1DDFF  srgba(215,209,221,1)
8,12: (56283,54484,56540,65535)  #DBD4DCFF  srgba(219,212,220,1)
9,12: (56540,54227,59110,65535)  #DCD3E6FF  srgba(220,211,230,1)
10,12: (57311,57568,58596,65535)  #DFE0E4FF  srgba(223,224,228,1)
11,12: (57311,58082,53199,65535)  #DFE2CFFF  srgba(223,226,207,1)
12,12: (57825,55512,58853,65535)  #E1D8E5FF  srgba(225,216,229,1)
13,12: (58082,52428,59367,65535)  #E2CCE7FF  srgba(226,204,231,1)
14,12: (58853,58082,59881,65535)  #E5E2E9FF  srgba(229,226,233,1)
15,12: (59881,39064,62451,65535)  #E998F3FF  srgba(233,152,243,1)
0,13: (59881,49087,60652,65535)  #E9BFECFF  srgba(233,191,236,1)
1,13: (59881,58596,59624,65535)  #E9E4E8FF  srgba(233,228,232,1)
2,13: (59881,58853,61937,65535)  #E9E5F1FF  srgba(233,229,241,1)
3,13: (60138,41891,65278,65535)  #EAA3FEFF  srgba(234,163,254,1)
4,13: (60138,55512,60138,65535)  #EAD8EAFF  srgba(234,216,234,1)
5,13: (60652,43433,62194,65535)  #ECA9F2FF  srgba(236,169,242,1)
6,13: (60909,46003,62194,65535)  #EDB3F2FF  srgba(237,179,242,1)
7,13: (61166,52428,60909,65535)  #EECCEDFF  srgba(238,204,237,1)
8,13: (61166,55255,63222,65535)  #EED7F6FF  srgba(238,215,246,1)
9,13: (61166,59624,61166,65535)  #EEE8EEFF  srgba(238,232,238,1)
10,13: (61680,59881,63222,65535)  #F0E9F6FF  srgba(240,233,246,1)
11,13: (61937,63222,62194,65535)  #F1F6F2FF  srgba(241,246,242,1)
12,13: (62451,49087,63736,65535)  #F3BFF8FF  srgba(243,191,248,1)
13,13: (62965,52428,63736,65535)  #F5CCF8FF  srgba(245,204,248,1)
14,13: (62965,63222,63222,65535)  #F5F6F6FF  srgba(245,246,246,1)
15,13: (63222,59881,61680,65535)  #F6E9F0FF  srgba(246,233,240,1)
0,14: (63222,60395,62965,65535)  #F6EBF5FF  srgba(246,235,245,1)
1,14: (63479,60138,65278,65535)  #F7EAFEFF  srgba(247,234,254,1)
2,14: (63736,48573,65278,65535)  #F8BDFEFF  srgba(248,189,254,1)
3,14: (63736,60138,63479,65535)  #F8EAF7FF  srgba(248,234,247,1)
4,14: (63736,63736,63479,65535)  #F8F8F7FF  srgba(248,248,247,1)
5,14: (64250,57054,65278,65535)  #FADEFEFF  srgba(250,222,254,1)
6,14: (64250,58853,64250,65535)  #FAE5FAFF  srgba(250,229,250,1)
7,14: (64250,61680,64250,65535)  #FAF0FAFF  srgba(250,240,250,1)
8,14: (64250,64250,63993,65535)  #FAFAF9FF  srgba(250,250,249,1)
9,14: (64507,44204,65278,65535)  #FBACFEFF  srgba(251,172,254,1)
10,14: (64507,51400,65278,65535)  #FBC8FEFF  srgba(251,200,254,1)
11,14: (64507,55255,63993,65535)  #FBD7F9FF  srgba(251,215,249,1)
12,14: (64507,62451,65278,65535)  #FBF3FEFF  srgba(251,243,254,1)
13,14: (64764,54227,65278,65535)  #FCD3FEFF  srgba(252,211,254,1)
14,14: (64764,63993,64764,65535)  #FCF9FCFF  srgba(252,249,252,1)
15,14: (64764,63993,65278,65535)  #FCF9FEFF  srgba(252,249,254,1)
0,15: (64764,64507,63736,65535)  #FCFBF8FF  srgba(252,251,248,1)
1,15: (65021,64507,65278,65535)  #FDFBFEFF  srgba(253,251,254,1)
2,15: (65021,65021,64764,65535)  #FDFDFCFF  srgba(253,253,252,1)
3,15: (65278,59881,65278,65535)  #FEE9FEFF  srgba(254,233,254,1)
4,15: (65278,62965,65278,65535)  #FEF5FEFF  srgba(254,245,254,1)
5,15: (65278,64250,64507,65535)  #FEFAFBFF  srgba(254,250,251,1)
6,15: (65278,64507,63479,65535)  #FEFBF7FF  srgba(254,251,247,1)
7,15: (65278,64764,65021,65535)  #FEFCFDFF  srgba(254,252,253,1)
8,15: (65278,65021,65278,65535)  #FEFDFEFF  srgba(254,253,254,1)
9,15: (65535,57054,65278,65535)  #FFDEFEFF  srgba(255,222,254,1)
10,15: (65535,60395,65278,65535)  #FFEBFEFF  srgba(255,235,254,1)
11,15: (65535,62708,65278,65535)  #FFF4FEFF  srgba(255,244,254,1)
12,15: (65535,63736,65278,65535)  #FFF8FEFF  srgba(255,248,254,1)
13,15: (65535,64250,65278,65535)  #FFFAFEFF  srgba(255,250,254,1)
14,15: (65535,65278,65278,65535)  #FFFEFEFF  srgba(255,254,254,1)
15,15: (0,65535,0,0)  #00FF0000  srgba(0,255,0,0)
