# ImageMagick pixel enumeration: 16,16,65535,srgba
0,0: (10280,0,0,65535)  #280000FF  srgba(40,0,0,1)
1,0: (11565,0,0,65535)  #2D0000FF  srgba(45,0,0,1)
2,0: (13364,1028,0,65535)  #340400FF  srgba(52,4,0,1)
3,0: (13621,0,0,65535)  #350000FF  srgba(53,0,0,1)
4,0: (13878,3341,0,65535)  #360D00FF  srgba(54,13,0,1)
5,0: (16191,257,0,65535)  #3F0100FF  srgba(63,1,0,1)
6,0: (16962,9252,257,65535)  #422401FF  srgba(66,36,1,1)
7,0: (17219,5140,0,65535)  #431400FF  srgba(67,20,0,1)
8,0: (17476,4112,514,65535)  #441002FF  srgba(68,16,2,1)
9,0: (17733,1799,0,65535)  #450700FF  srgba(69,7,0,1)
10,0: (17733,2570,0,65535)  #450A00FF  srgba(69,10,0,1)
11,0: (17733,4883,0,65535)  #451300FF  srgba(69,19,0,1)
12,0: (18247,257,0,65535)  #470100FF  srgba(71,1,0,1)
13,0: (19275,9766,257,65535)  #4B2601FF  srgba(75,38,1,1)
14,0: (20560,1285,0,65535)  #500500FF  srgba(80,5,0,1)
15,0: (20817,13364,2313,65535)  #513409FF  srgba(81,52,9,1)
0,1: (21074,5397,0,65535)  #521500FF  srgba(82,21,0,1)
1,1: (21331,15934,4112,65535)  #533E10FF  srgba(83,62,16,1)
2,1: (22102,8738,0,65535)  #562200FF  srgba(86,34,0,1)
3,1: (22102,10537,771,65535)  #562903FF  srgba(86,41,3,1)
4,1: (22359,4369,0,65535)  #571100FF  srgba(87,17,0,1)
5,1: (22616,5140,514,65535)  #581402FF  srgba(88,20,2,1)
6,1: (22616,19018,6939,65535)  #584A1BFF  srgba(88,74,27,1)
7,1: (22873,1799,0,65535)  #590700FF  srgba(89,7,0,1)
8,1: (23387,22616,10023,65535)  #5B5827FF  srgba(91,88,39,1)
9,1: (23901,5397,0,65535)  #5D1500FF  srgba(93,21,0,1)
10,1: (24415,12593,2056,65535)  #5F3108FF  srgba(95,49,8,1)
11,1: (24415,19789,7453,65535)  #5F4D1DFF  srgba(95,77,29,1)
12,1: (24415,23130,10537,65535)  #5F5A29FF  srgba(95,90,41,1)
13,1: (24415,24158,11565,65535)  #5F5E2DFF  srgba(95,94,45,1)
14,1: (24672,8995,0,65535)  #602300FF  srgba(96,35,0,1)
15,1: (24672,24415,11565,65535)  #605F2DFF  srgba(96,95,45,1)
0,2: (24929,24672,11565,65535)  #61602DFF  srgba(97,96,45,1)
1,2: (25443,25186,12079,65535)  #63622FFF  srgba(99,98,47,1)
2,2: (25700,25186,12079,65535)  #64622FFF  srgba(100,98,47,1)
3,2: (25700,25443,12593,65535)  #646331FF  srgba(100,99,49,1)
4,2: (25957,25186,11308,65535)  #65622CFF  srgba(101,98,44,1)
5,2: (25957,25957,11822,65535)  #65652EFF  srgba(101,101,46,1)
6,2: (26471,2827,0,65535)  #670B00FF  srgba(103,11,0,1)
7,2: (26471,26214,13107,65535)  #676633FF  srgba(103,102,51,1)
8,2: (26471,26471,12336,65535)  #676730FF  srgba(103,103,48,1)
9,2: (26728,6682,0,65535)  #681A00FF  srgba(104,26,0,1)
10,2: (26728,9766,257,65535)  #682601FF  srgba(104,38,1,1)
11,2: (26728,26471,12593,65535)  #686731FF  srgba(104,103,49,1)
12,2: (26985,5140,0,65535)  #691400FF  srgba(105,20,0,1)
13,2: (26985,12336,1285,65535)  #693005FF  srgba(105,48,5,1)
14,2: (26985,23387,10537,65535)  #695B29FF  srgba(105,91,41,1)
15,2: (26985,26985,13107,65535)  #696933FF  srgba(105,105,51,1)
0,3: (27242,27242,12593,65535)  #6A6A31FF  srgba(106,106,49,1)
1,3: (27242,27242,13364,65535)  #6A6A34FF  srgba(106,106,52,1)
2,3: (27499,27499,12850,65535)  #6B6B32FF  srgba(107,107,50,1)
3,3: (27756,21588,8224,65535)  #6C5420FF  srgba(108,84,32,1)
4,3: (27756,27756,13107,65535)  #6C6C33FF  srgba(108,108,51,1)
5,3: (27756,27756,13878,65535)  #6C6C36FF  srgba(108,108,54,1)
6,3: (28013,18504,6425,65535)  #6D4819FF  srgba(109,72,25,1)
7,3: (28270,28013,13878,65535)  #6E6D36FF  srgba(110,109,54,1)
8,3: (28527,16705,4626,65535)  #6F4112FF  srgba(111,65,18,1)
9,3: (28527,28527,13364,65535)  #6F6F34FF  srgba(111,111,52,1)
10,3: (28527,28527,14135,65535)  #6F6F37FF  srgba(111,111,55,1)
11,3: (28527,28527,14906,65535)  #6F6F3AFF  srgba(111,111,58,1)
12,3: (28784,13878,2056,65535)  #703608FF  srgba(112,54,8,1)
13,3: (28784,15163,2827,65535)  #703B0BFF  srgba(112,59,11,1)
14,3: (28784,28784,14392,65535)  #707038FF  srgba(112,112,56,1)
15,3: (29041,6939,0,65535)  #711B00FF  srgba(113,27,0,1)
0,4: (29041,29041,14135,65535)  #717137FF  srgba(113,113,55,1)
1,4: (29298,29298,14906,65535)  #72723AFF  srgba(114,114,58,1)
2,4: (29555,9509,0,65535)  #732500FF  srgba(115,37,0,1)
3,4: (29555,12079,514,65535)  #732F02FF  srgba(115,47,2,1)
4,4: (30069,30069,15420,65535)  #75753CFF  srgba(117,117,60,1)
5,4: (30326,30326,16191,65535)  #76763FFF  srgba(118,118,63,1)
6,4: (31097,30583,14906,65535)  #79773AFF  srgba(121,119,58,1)
7,4: (31097,30583,15677,65535)  #79773DFF  srgba(121,119,61,1)
8,4: (31097,30840,15934,65535)  #79783EFF  srgba(121,120,62,1)
9,4: (31097,30840,16705,65535)  #797841FF  srgba(121,120,65,1)
10,4: (31354,29041,13878,65535)  #7A7136FF  srgba(122,113,54,1)
11,4: (31354,31354,15677,65535)  #7A7A3DFF  srgba(122,122,61,1)
12,4: (31354,31354,16705,65535)  #7A7A41FF  srgba(122,122,65,1)
13,4: (31611,26471,11565,65535)  #7B672DFF  srgba(123,103,45,1)
14,4: (31868,10280,0,65535)  #7C2800FF  srgba(124,40,0,1)
15,4: (31868,16191,3341,65535)  #7C3F0DFF  srgba(124,63,13,1)
0,5: (32125,14649,1542,65535)  #7D3906FF  srgba(125,57,6,1)
1,5: (32125,31868,16705,65535)  #7D7C41FF  srgba(125,124,65,1)
2,5: (32382,32639,16705,65535)  #7E7F41FF  srgba(126,127,65,1)
3,5: (32639,12850,257,65535)  #7F3201FF  srgba(127,50,1,1)
4,5: (32639,32125,16705,65535)  #7F7D41FF  srgba(127,125,65,1)
5,5: (32639,32639,17476,65535)  #7F7F44FF  srgba(127,127,68,1)
6,5: (32896,32896,17219,65535)  #808043FF  srgba(128,128,67,1)
7,5: (32896,33153,18247,65535)  #808147FF  srgba(128,129,71,1)
8,5: (33153,33924,17733,65535)  #818445FF  srgba(129,132,69,1)
9,5: (33410,17733,4369,65535)  #824511FF  srgba(130,69,17,1)
10,5: (33410,20303,6939,65535)  #824F1BFF  srgba(130,79,27,1)
11,5: (33410,22102,8738,65535)  #825622FF  srgba(130,86,34,1)
12,5: (33410,31868,16448,65535)  #827C40FF  srgba(130,124,64,1)
13,5: (33667,15420,2056,65535)  #833C08FF  srgba(131,60,8,1)
14,5: (33667,19018,5140,65535)  #834A14FF  srgba(131,74,20,1)
15,5: (33924,33667,17733,65535)  #848345FF  srgba(132,131,69,1)
0,6: (33924,33924,18504,65535)  #848448FF  srgba(132,132,72,1)
1,6: (34181,30069,14649,65535)  #857539FF  srgba(133,117,57,1)
2,6: (34181,34438,18504,65535)  #858648FF  srgba(133,134,72,1)
3,6: (34181,34695,18247,65535)  #858747FF  srgba(133,135,71,1)
4,6: (34438,34181,18504,65535)  #868548FF  srgba(134,133,72,1)
5,6: (34695,33667,17476,65535)  #878344FF  srgba(135,131,68,1)
6,6: (34695,34952,18761,65535)  #878849FF  srgba(135,136,73,1)
7,6: (34952,34952,17733,65535)  #888845FF  srgba(136,136,69,1)
8,6: (35209,35209,18504,65535)  #898948FF  srgba(137,137,72,1)
9,6: (35466,15934,1285,65535)  #8A3E05FF  srgba(138,62,5,1)
10,6: (35466,27242,12593,65535)  #8A6A31FF  srgba(138,106,49,1)
11,6: (35466,35466,19275,65535)  #8A8A4BFF  srgba(138,138,75,1)
12,6: (35723,19018,4369,65535)  #8B4A11FF  srgba(139,74,17,1)
13,6: (35723,35466,18247,65535)  #8B8A47FF  srgba(139,138,71,1)
14,6: (35723,35980,18761,65535)  #8B8C49FF  srgba(139,140,73,1)
15,6: (35723,35980,19789,65535)  #8B8C4DFF  srgba(139,140,77,1)
0,7: (35980,29041,12850,65535)  #8C7132FF  srgba(140,113,50,1)
1,7: (35980,36494,20560,65535)  #8C8E50FF  srgba(140,142,80,1)
2,7: (36237,25957,11051,65535)  #8D652BFF  srgba(141,101,43,1)
3,7: (36237,33667,16962,65535)  #8D8342FF  srgba(141,131,66,1)
4,7: (36237,36494,19532,65535)  #8D8E4CFF  srgba(141,142,76,1)
5,7: (36494,24672,9509,65535)  #8E6025FF  srgba(142,96,37,1)
6,7: (36494,36494,20046,65535)  #8E8E4EFF  srgba(142,142,78,1)
7,7: (37008,19275,3855,65535)  #904B0FFF  srgba(144,75,15,1)
8,7: (37008,36751,19275,65535)  #908F4BFF  srgba(144,143,75,1)
9,7: (37008,37008,19789,65535)  #90904DFF  srgba(144,144,77,1)
10,7: (37265,22873,8481,65535)  #915921FF  srgba(145,89,33,1)
11,7: (37265,35980,18247,65535)  #918C47FF  srgba(145,140,71,1)
12,7: (37522,21845,6939,65535)  #92551BFF  srgba(146,85,27,1)
13,7: (37522,31611,14906,65535)  #927B3AFF  srgba(146,123,58,1)
14,7: (37522,37522,20560,65535)  #929250FF  srgba(146,146,80,1)
15,7: (37522,37779,20817,65535)  #929351FF  srgba(146,147,81,1)
0,8: (37522,37779,21588,65535)  #929354FF  srgba(146,147,84,1)
1,8: (37522,38036,19789,65535)  #92944DFF  srgba(146,148,77,1)
2,8: (38293,38293,20817,65535)  #959551FF  srgba(149,149,81,1)
3,8: (38550,36751,18504,65535)  #968F48FF  srgba(150,143,72,1)
4,8: (38550,38036,19789,65535)  #96944DFF  srgba(150,148,77,1)
5,8: (38550,38293,20046,65535)  #96954EFF  srgba(150,149,78,1)
6,8: (38550,38293,20817,65535)  #969551FF  srgba(150,149,81,1)
7,8: (38807,20560,4112,65535)  #975010FF  srgba(151,80,16,1)
8,8: (38807,38550,21331,65535)  #979653FF  srgba(151,150,83,1)
9,8: (38807,39064,20560,65535)  #979850FF  srgba(151,152,80,1)
10,8: (38807,39321,20817,65535)  #979951FF  srgba(151,153,81,1)
11,8: (39321,25957,10280,65535)  #996528FF  srgba(153,101,40,1)
12,8: (39321,39578,21588,65535)  #999A54FF  srgba(153,154,84,1)
13,8: (39578,38036,19789,65535)  #9A944DFF  srgba(154,148,77,1)
14,8: (39578,39578,21074,65535)  #9A9A52FF  srgba(154,154,82,1)
15,8: (39835,29298,13107,65535)  #9B7233FF  srgba(155,114,51,1)
0,9: (39835,36751,18504,65535)  #9B8F48FF  srgba(155,143,72,1)
1,9: (40092,40606,23644,65535)  #9C9E5CFF  srgba(156,158,92,1)
2,9: (40349,33153,15934,65535)  #9D813EFF  srgba(157,129,62,1)
3,9: (40349,38293,20817,65535)  #9D9551FF  srgba(157,149,81,1)
4,9: (40349,39578,20817,65535)  #9D9A51FF  srgba(157,154,81,1)
5,9: (40349,40092,21331,65535)  #9D9C53FF  srgba(157,156,83,1)
6,9: (40349,40092,21845,65535)  #9D9C55FF  srgba(157,156,85,1)
7,9: (40349,40606,22359,65535)  #9D9E57FF  srgba(157,158,87,1)
8,9: (40349,40606,22873,65535)  #9D9E59FF  srgba(157,158,89,1)
9,9: (40606,26214,10023,65535)  #9E6627FF  srgba(158,102,39,1)
10,9: (40606,40349,21845,65535)  #9E9D55FF  srgba(158,157,85,1)
11,9: (40863,40349,20303,65535)  #9F9D4FFF  srgba(159,157,79,1)
12,9: (40863,41120,21845,65535)  #9FA055FF  srgba(159,160,85,1)
13,9: (41120,39064,20303,65535)  #A0984FFF  srgba(160,152,79,1)
14,9: (41377,38036,19275,65535)  #A1944BFF  srgba(161,148,75,1)
15,9: (41377,41377,22616,65535)  #A1A158FF  srgba(161,161,88,1)
0,10: (41891,36237,17733,65535)  #A38D45FF  srgba(163,141,69,1)
1,10: (41891,41634,22616,65535)  #A3A258FF  srgba(163,162,88,1)
2,10: (42148,29555,13107,65535)  #A47333FF  srgba(164,115,51,1)
3,10: (42148,41891,23387,65535)  #A4A35BFF  srgba(164,163,91,1)
4,10: (42148,42405,23130,65535)  #A4A55AFF  srgba(164,165,90,1)
5,10: (42405,27242,10280,65535)  #A56A28FF  srgba(165,106,40,1)
6,10: (42405,41634,22102,65535)  #A5A256FF  srgba(165,162,86,1)
7,10: (42662,31611,14392,65535)  #A67B38FF  srgba(166,123,56,1)
8,10: (42919,42919,24158,65535)  #A7A75EFF  srgba(167,167,94,1)
9,10: (42919,43433,23387,65535)  #A7A95BFF  srgba(167,169,91,1)
10,10: (43176,43690,24415,65535)  #A8AA5FFF  srgba(168,170,95,1)
11,10: (43947,33410,15677,65535)  #AB823DFF  srgba(171,130,61,1)
12,10: (43947,40863,21331,65535)  #AB9F53FF  srgba(171,159,83,1)
13,10: (43947,42662,23130,65535)  #ABA65AFF  srgba(171,166,90,1)
14,10: (43947,43433,23644,65535)  #ABA95CFF  srgba(171,169,92,1)
15,10: (43947,43947,24672,65535)  #ABAB60FF  srgba(171,171,96,1)
0,11: (43947,44204,24158,65535)  #ABAC5EFF  srgba(171,172,94,1)
1,11: (43947,44461,23387,65535)  #ABAD5BFF  srgba(171,173,91,1)
2,11: (44461,36494,17990,65535)  #AD8E46FF  srgba(173,142,70,1)
3,11: (44461,44975,25186,65535)  #ADAF62FF  srgba(173,175,98,1)
4,11: (44975,42662,22616,65535)  #AFA658FF  srgba(175,166,88,1)
5,11: (44975,44975,23644,65535)  #AFAF5CFF  srgba(175,175,92,1)
6,11: (44975,45232,24158,65535)  #AFB05EFF  srgba(175,176,94,1)
7,11: (44975,45232,24415,65535)  #AFB05FFF  srgba(175,176,95,1)
8,11: (44975,45232,25443,65535)  #AFB063FF  srgba(175,176,99,1)
9,11: (45232,45746,26985,65535)  #B0B269FF  srgba(176,178,105,1)
10,11: (45489,45489,25700,65535)  #B1B164FF  srgba(177,177,100,1)
11,11: (45746,44975,24415,65535)  #B2AF5FFF  srgba(178,175,95,1)
12,11: (45746,46260,24672,65535)  #B2B460FF  srgba(178,180,96,1)
13,11: (45746,46260,25957,65535)  #B2B465FF  srgba(178,180,101,1)
14,11: (46003,41634,21588,65535)  #B3A254FF  srgba(179,162,84,1)
15,11: (46003,44204,23130,65535)  #B3AC5AFF  srgba(179,172,90,1)
0,12: (46003,46517,25443,65535)  #B3B563FF  srgba(179,181,99,1)
1,12: (46260,45489,25186,65535)  #B4B162FF  srgba(180,177,98,1)
2,12: (46517,37008,18247,65535)  #B59047FF  srgba(181,144,71,1)
3,12: (46517,47031,26985,65535)  #B5B769FF  srgba(181,183,105,1)
4,12: (46774,47031,25957,65535)  #B6B765FF  srgba(182,183,101,1)
5,12: (47031,47031,26728,65535)  #B7B768FF  srgba(183,183,104,1)
6,12: (47288,47288,26214,65535)  #B8B866FF  srgba(184,184,102,1)
7,12: (47288,47802,26728,65535)  #B8BA68FF  srgba(184,186,104,1)
8,12: (47545,48059,26471,65535)  #B9BB67FF  srgba(185,187,103,1)
9,12: (47802,46774,25700,65535)  #BAB664FF  srgba(186,182,100,1)
10,12: (47802,47802,26985,65535)  #BABA69FF  srgba(186,186,105,1)
11,12: (47802,48573,25957,65535)  #BABD65FF  srgba(186,189,101,1)
12,12: (48059,40863,21074,65535)  #BB9F52FF  srgba(187,159,82,1)
13,12: (48059,43947,22359,65535)  #BBAB57FF  srgba(187,171,87,1)
14,12: (48059,44718,23901,65535)  #BBAE5DFF  srgba(187,174,93,1)
15,12: (48316,48830,26985,65535)  #BCBE69FF  srgba(188,190,105,1)
0,13: (48316,48830,27499,65535)  #BCBE6BFF  srgba(188,190,107,1)
1,13: (48830,49344,27499,65535)  #BEC06BFF  srgba(190,192,107,1)
2,13: (49087,47802,25957,65535)  #BFBA65FF  srgba(191,186,101,1)
3,13: (49087,49344,27242,65535)  #BFC06AFF  srgba(191,192,106,1)
4,13: (49087,49601,27499,65535)  #BFC16BFF  srgba(191,193,107,1)
5,13: (49344,48830,27242,65535)  #C0BE6AFF  srgba(192,190,106,1)
6,13: (49344,49858,28270,65535)  #C0C26EFF  srgba(192,194,110,1)
7,13: (49344,50115,27756,65535)  #C0C36CFF  srgba(192,195,108,1)
8,13: (49601,46774,25186,65535)  #C1B662FF  srgba(193,182,98,1)
9,13: (49858,50629,28270,65535)  #C2C56EFF  srgba(194,197,110,1)
10,13: (50372,49087,26214,65535)  #C4BF66FF  srgba(196,191,102,1)
11,13: (50372,50886,28527,65535)  #C4C66FFF  srgba(196,198,111,1)
12,13: (50629,51400,28527,65535)  #C5C86FFF  srgba(197,200,111,1)
13,13: (50886,51657,30326,65535)  #C6C976FF  srgba(198,201,118,1)
14,13: (51143,51657,29041,65535)  #C7C971FF  srgba(199,201,113,1)
15,13: (51143,51914,28527,65535)  #C7CA6FFF  srgba(199,202,111,1)
0,14: (51143,51914,29555,65535)  #C7CA73FF  srgba(199,202,115,1)
1,14: (51657,52428,29812,65535)  #C9CC74FF  srgba(201,204,116,1)
2,14: (51914,52685,29555,65535)  #CACD73FF  srgba(202,205,115,1)
3,14: (52171,52685,29555,65535)  #CBCD73FF  srgba(203,205,115,1)
4,14: (52428,50629,28013,65535)  #CCC56DFF  srgba(204,197,109,1)
5,14: (52428,52171,29555,65535)  #CCCB73FF  srgba(204,203,115,1)
6,14: (52428,52942,29812,65535)  #CCCE74FF  srgba(204,206,116,1)
7,14: (52428,53456,29298,65535)  #CCD072FF  srgba(204,208,114,1)
8,14: (52942,53713,30326,65535)  #CED176FF  srgba(206,209,118,1)
9,14: (53456,53970,30069,65535)  #D0D275FF  srgba(208,210,117,1)
10,14: (53456,54227,29555,65535)  #D0D373FF  srgba(208,211,115,1)
11,14: (53713,54227,30840,65535)  #D1D378FF  srgba(209,211,120,1)
12,14: (53970,54484,31354,65535)  #D2D47AFF  srgba(210,212,122,1)
13,14: (54227,54741,30326,65535)  #D3D576FF  srgba(211,213,118,1)
14,14: (54741,55512,30583,65535)  #D5D877FF  srgba(213,216,119,1)
15,14: (54998,55769,31097,65535)  #D6D979FF  srgba(214,217,121,1)
0,15: (55255,56026,31868,65535)  #D7DA7CFF  srgba(215,218,124,1)
1,15: (55769,57054,31611,65535)  #D9DE7BFF  srgba(217,222,123,1)
2,15: (56540,57054,31868,65535)  #DCDE7CFF  srgba(220,222,124,1)
3,15: (56797,57568,32382,65535)  #DDE07EFF  srgba(221,224,126,1)
4,15: (57311,58853,32382,65535)  #DFE57EFF  srgba(223,229,126,1)
5,15: (57568,58853,33153,65535)  #E0E581FF  srgba(224,229,129,1)
6,15: (58596,59110,32639,65535)  #E4E67FFF  srgba(228,230,127,1)
7,15: (58853,59624,33410,65535)  #E5E882FF  srgba(229,232,130,1)
8,15: (59367,60395,33924,65535)  #E7EB84FF  srgba(231,235,132,1)
9,15: (59624,60652,33410,65535)  #E8EC82FF  srgba(232,236,130,1)
10,15: (60395,61680,33667,65535)  #EBF083FF  srgba(235,240,131,1)
11,15: (60652,61937,34181,65535)  #ECF185FF  srgba(236,241,133,1)
12,15: (60909,61937,35209,65535)  #EDF189FF  srgba(237,241,137,1)
13,15: (60909,62194,34695,65535)  #EDF287FF  srgba(237,242,135,1)
14,15: (61423,62451,34181,65535)  #EFF385FF  srgba(239,243,133,1)
15,15: (0,65535,0,0)  #00FF0000  srgba(0,255,0,0)
