# ImageMagick pixel enumeration: 16,16,65535,srgba
0,0: (0,0,0,65535)  #000000FF  black
1,0: (0,0,257,65535)  #000001FF  srgba(0,0,1,1)
2,0: (257,0,1028,65535)  #010004FF  srgba(1,0,4,1)
3,0: (514,0,514,65535)  #020002FF  srgba(2,0,2,1)
4,0: (1028,0,1542,65535)  #040006FF  srgba(4,0,6,1)
5,0: (1799,0,1799,65535)  #070007FF  srgba(7,0,7,1)
6,0: (2056,257,2827,65535)  #08010BFF  srgba(8,1,11,1)
7,0: (3084,257,3341,65535)  #0C010DFF  srgba(12,1,13,1)
8,0: (3341,1542,3598,65535)  #0D060EFF  srgba(13,6,14,1)
9,0: (4112,1028,4369,65535)  #100411FF  srgba(16,4,17,1)
10,0: (4369,2313,4369,65535)  #110911FF  srgba(17,9,17,1)
11,0: (4626,1542,5397,65535)  #120615FF  srgba(18,6,21,1)
12,0: (5140,3598,5654,65535)  #140E16FF  srgba(20,14,22,1)
13,0: (5911,2056,6168,65535)  #170818FF  srgba(23,8,24,1)
14,0: (6168,3598,6425,65535)  #180E19FF  srgba(24,14,25,1)
15,0: (6425,2827,7196,65535)  #190B1CFF  srgba(25,11,28,1)
0,1: (7196,4883,7453,65535)  #1C131DFF  srgba(28,19,29,1)
1,1: (7453,3084,7710,65535)  #1D0C1EFF  srgba(29,12,30,1)
2,1: (7710,5140,8481,65535)  #1E1421FF  srgba(30,20,33,1)
3,1: (8738,4369,8738,65535)  #221122FF  srgba(34,17,34,1)
4,1: (8738,6425,8995,65535)  #221923FF  srgba(34,25,35,1)
5,1: (9509,4883,9509,65535)  #251325FF  srgba(37,19,37,1)
6,1: (9509,8738,10280,65535)  #252228FF  srgba(37,34,40,1)
7,1: (10280,6425,10023,65535)  #281927FF  srgba(40,25,39,1)
8,1: (10537,5654,10794,65535)  #29162AFF  srgba(41,22,42,1)
9,1: (10794,8995,11308,65535)  #2A232CFF  srgba(42,35,44,1)
10,1: (11051,6939,11051,65535)  #2B1B2BFF  srgba(43,27,43,1)
11,1: (11565,6682,11822,65535)  #2D1A2EFF  srgba(45,26,46,1)
12,1: (11822,8738,11565,65535)  #2E222DFF  srgba(46,34,45,1)
13,1: (12336,6939,12593,65535)  #301B31FF  srgba(48,27,49,1)
14,1: (12336,11308,13107,65535)  #302C33FF  srgba(48,44,51,1)
15,1: (12593,6425,13621,65535)  #311935FF  srgba(49,25,53,1)
0,2: (12593,8224,12850,65535)  #312032FF  srgba(49,32,50,1)
1,2: (12593,9766,12850,65535)  #312632FF  srgba(49,38,50,1)
2,2: (13621,8481,13621,65535)  #352135FF  srgba(53,33,53,1)
3,2: (14135,9766,13878,65535)  #372636FF  srgba(55,38,54,1)
4,2: (14135,11565,13878,65535)  #372D36FF  srgba(55,45,54,1)
5,2: (14649,6682,15163,65535)  #391A3BFF  srgba(57,26,59,1)
6,2: (14649,9509,14906,65535)  #39253AFF  srgba(57,37,58,1)
7,2: (15420,9766,15420,65535)  #3C263CFF  srgba(60,38,60,1)
8,2: (15677,11565,15420,65535)  #3D2D3CFF  srgba(61,45,60,1)
9,2: (15677,13107,15934,65535)  #3D333EFF  srgba(61,51,62,1)
10,2: (15934,10280,15677,65535)  #3E283DFF  srgba(62,40,61,1)
11,2: (16191,14392,16705,65535)  #3F3841FF  srgba(63,56,65,1)
12,2: (16191,16191,17219,65535)  #3F3F43FF  srgba(63,63,67,1)
13,2: (16705,10537,16705,65535)  #412941FF  srgba(65,41,65,1)
14,2: (16705,11822,16705,65535)  #412E41FF  srgba(65,46,65,1)
15,2: (17733,11051,17476,65535)  #452B44FF  srgba(69,43,68,1)
0,3: (17990,12336,17476,65535)  #463044FF  srgba(70,48,68,1)
1,3: (17990,13364,17733,65535)  #463445FF  srgba(70,52,69,1)
2,3: (18247,14906,17990,65535)  #473A46FF  srgba(71,58,70,1)
3,3: (18504,12079,18761,65535)  #482F49FF  srgba(72,47,73,1)
4,3: (18504,16448,19018,65535)  #48404AFF  srgba(72,64,74,1)
5,3: (19018,13364,19018,65535)  #4A344AFF  srgba(74,52,74,1)
6,3: (19018,18761,19789,65535)  #4A494DFF  srgba(74,73,77,1)
7,3: (19275,12336,19275,65535)  #4B304BFF  srgba(75,48,75,1)
8,3: (19275,17476,19789,65535)  #4B444DFF  srgba(75,68,77,1)
9,3: (19532,14906,19275,65535)  #4C3A4BFF  srgba(76,58,75,1)
10,3: (19789,13621,19532,65535)  #4D354CFF  srgba(77,53,76,1)
11,3: (20303,11822,19789,65535)  #4F2E4DFF  srgba(79,46,77,1)
12,3: (20303,13364,19789,65535)  #4F344DFF  srgba(79,52,77,1)
13,3: (20560,14906,20303,65535)  #503A4FFF  srgba(80,58,79,1)
14,3: (20560,16448,20303,65535)  #50404FFF  srgba(80,64,79,1)
15,3: (20560,18761,20817,65535)  #504951FF  srgba(80,73,81,1)
0,4: (21074,17476,20817,65535)  #524451FF  srgba(82,68,81,1)
1,4: (21074,20560,22102,65535)  #525056FF  srgba(82,80,86,1)
2,4: (21331,13621,21331,65535)  #533553FF  srgba(83,53,83,1)
3,4: (21588,15163,21331,65535)  #543B53FF  srgba(84,59,83,1)
4,4: (21845,11565,21588,65535)  #552D54FF  srgba(85,45,84,1)
5,4: (21845,16962,21845,65535)  #554255FF  srgba(85,66,85,1)
6,4: (21845,19018,22359,65535)  #554A57FF  srgba(85,74,87,1)
7,4: (22359,15163,21845,65535)  #573B55FF  srgba(87,59,85,1)
8,4: (22359,21074,23130,65535)  #57525AFF  srgba(87,82,90,1)
9,4: (22616,16705,22359,65535)  #584157FF  srgba(88,65,87,1)
10,4: (23130,20046,23387,65535)  #5A4E5BFF  srgba(90,78,91,1)
11,4: (23387,15420,22616,65535)  #5B3C58FF  srgba(91,60,88,1)
12,4: (23387,16448,22873,65535)  #5B4059FF  srgba(91,64,89,1)
13,4: (23387,17733,22873,65535)  #5B4559FF  srgba(91,69,89,1)
14,4: (23901,18761,23644,65535)  #5D495CFF  srgba(93,73,92,1)
15,4: (24158,16705,23644,65535)  #5E415CFF  srgba(94,65,92,1)
0,5: (24158,23901,25186,65535)  #5E5D62FF  srgba(94,93,98,1)
1,5: (24672,17219,24415,65535)  #60435FFF  srgba(96,67,95,1)
2,5: (24672,20046,24672,65535)  #604E60FF  srgba(96,78,96,1)
3,5: (24672,21845,24929,65535)  #605561FF  srgba(96,85,97,1)
4,5: (24929,16705,24929,65535)  #614161FF  srgba(97,65,97,1)
5,5: (24929,17990,24672,65535)  #614660FF  srgba(97,70,96,1)
6,5: (24929,18761,23901,65535)  #61495DFF  srgba(97,73,93,1)
7,5: (24929,26214,25957,65535)  #616665FF  srgba(97,102,101,1)
8,5: (25186,14906,25186,65535)  #623A62FF  srgba(98,58,98,1)
9,5: (25443,18504,25186,65535)  #634862FF  srgba(99,72,98,1)
10,5: (25700,17476,25443,65535)  #644463FF  srgba(100,68,99,1)
11,5: (25957,26728,27242,65535)  #65686AFF  srgba(101,104,106,1)
12,5: (26214,17990,25443,65535)  #664663FF  srgba(102,70,99,1)
13,5: (26214,19275,25700,65535)  #664B64FF  srgba(102,75,100,1)
14,5: (26214,21074,25443,65535)  #665263FF  srgba(102,82,99,1)
15,5: (26728,18504,25957,65535)  #684865FF  srgba(104,72,101,1)
0,6: (26728,20817,26471,65535)  #685167FF  srgba(104,81,103,1)
1,6: (26728,23644,26728,65535)  #685C68FF  srgba(104,92,104,1)
2,6: (26985,22102,27242,65535)  #69566AFF  srgba(105,86,106,1)
3,6: (27242,20046,27242,65535)  #6A4E6AFF  srgba(106,78,106,1)
4,6: (27242,25957,27756,65535)  #6A656CFF  srgba(106,101,108,1)
5,6: (27756,20046,26728,65535)  #6C4E68FF  srgba(108,78,104,1)
6,6: (27756,20817,27499,65535)  #6C516BFF  srgba(108,81,107,1)
7,6: (28270,23901,28270,65535)  #6E5D6EFF  srgba(110,93,110,1)
8,6: (28270,28270,29298,65535)  #6E6E72FF  srgba(110,110,114,1)
9,6: (28527,25700,29041,65535)  #6F6471FF  srgba(111,100,113,1)
10,6: (28784,20046,27756,65535)  #704E6CFF  srgba(112,78,108,1)
11,6: (28784,20560,27756,65535)  #70506CFF  srgba(112,80,108,1)
12,6: (28784,21588,27756,65535)  #70546CFF  srgba(112,84,108,1)
13,6: (28784,21845,28527,65535)  #70556FFF  srgba(112,85,111,1)
14,6: (29041,18247,28013,65535)  #71476DFF  srgba(113,71,109,1)
15,6: (29041,19275,28013,65535)  #714B6DFF  srgba(113,75,109,1)
0,7: (30069,21845,28784,65535)  #755570FF  srgba(117,85,112,1)
1,7: (30326,27499,30326,65535)  #766B76FF  srgba(118,107,118,1)
2,7: (30583,19532,29812,65535)  #774C74FF  srgba(119,76,116,1)
3,7: (30583,21074,29812,65535)  #775274FF  srgba(119,82,116,1)
4,7: (30583,21588,30069,65535)  #775475FF  srgba(119,84,117,1)
5,7: (30583,23644,29812,65535)  #775C74FF  srgba(119,92,116,1)
6,7: (30840,22359,30069,65535)  #785775FF  srgba(120,87,117,1)
7,7: (30840,24672,29812,65535)  #786074FF  srgba(120,96,116,1)
8,7: (30840,25957,30326,65535)  #786576FF  srgba(120,101,118,1)
9,7: (31868,23644,30583,65535)  #7C5C77FF  srgba(124,92,119,1)
10,7: (31868,27499,31611,65535)  #7C6B7BFF  srgba(124,107,123,1)
11,7: (32125,21074,30840,65535)  #7D5278FF  srgba(125,82,120,1)
12,7: (32125,22616,30840,65535)  #7D5878FF  srgba(125,88,120,1)
13,7: (32382,23901,31611,65535)  #7E5D7BFF  srgba(126,93,123,1)
14,7: (32382,25700,31868,65535)  #7E647CFF  srgba(126,100,124,1)
15,7: (32382,29041,32639,65535)  #7E717FFF  srgba(126,113,127,1)
0,8: (32382,32382,33410,65535)  #7E7E82FF  srgba(126,126,130,1)
1,8: (32896,22102,32125,65535)  #80567DFF  srgba(128,86,125,1)
2,8: (32896,30583,33410,65535)  #807782FF  srgba(128,119,130,1)
3,8: (33410,27756,33153,65535)  #826C81FF  srgba(130,108,129,1)
4,8: (33667,24158,32639,65535)  #835E7FFF  srgba(131,94,127,1)
5,8: (33924,25443,32896,65535)  #846380FF  srgba(132,99,128,1)
6,8: (34438,22102,32896,65535)  #865680FF  srgba(134,86,128,1)
7,8: (34695,25186,33153,65535)  #876281FF  srgba(135,98,129,1)
8,8: (34952,22359,33924,65535)  #885784FF  srgba(136,87,132,1)
9,8: (34952,25186,33924,65535)  #886284FF  srgba(136,98,132,1)
10,8: (35466,25443,34181,65535)  #8A6385FF  srgba(138,99,133,1)
11,8: (35466,27499,34181,65535)  #8A6B85FF  srgba(138,107,133,1)
12,8: (35980,25443,34438,65535)  #8C6386FF  srgba(140,99,134,1)
13,8: (35980,29298,34695,65535)  #8C7287FF  srgba(140,114,135,1)
14,8: (35980,30583,35466,65535)  #8C778AFF  srgba(140,119,138,1)
15,8: (36237,25186,35466,65535)  #8D628AFF  srgba(141,98,138,1)
0,9: (36237,32639,36237,65535)  #8D7F8DFF  srgba(141,127,141,1)
1,9: (36751,26471,35466,65535)  #8F678AFF  srgba(143,103,138,1)
2,9: (37008,22102,35209,65535)  #905689FF  srgba(144,86,137,1)
3,9: (37008,27242,35980,65535)  #906A8CFF  srgba(144,106,140,1)
4,9: (37522,25700,36237,65535)  #92648DFF  srgba(146,100,141,1)
5,9: (37522,29041,36494,65535)  #92718EFF  srgba(146,113,142,1)
6,9: (38293,27756,37008,65535)  #956C90FF  srgba(149,108,144,1)
7,9: (39064,25700,37265,65535)  #986491FF  srgba(152,100,145,1)
8,9: (39064,30583,37008,65535)  #987790FF  srgba(152,119,144,1)
9,9: (39064,32382,37265,65535)  #987E91FF  srgba(152,126,145,1)
10,9: (39321,27756,37522,65535)  #996C92FF  srgba(153,108,146,1)
11,9: (39321,29041,37779,65535)  #997193FF  srgba(153,113,147,1)
12,9: (39321,32125,38807,65535)  #997D97FF  srgba(153,125,151,1)
13,9: (39578,35723,39578,65535)  #9A8B9AFF  srgba(154,139,154,1)
14,9: (39835,26985,38807,65535)  #9B6997FF  srgba(155,105,151,1)
15,9: (40092,28270,38807,65535)  #9C6E97FF  srgba(156,110,151,1)
0,10: (40349,29298,39064,65535)  #9D7298FF  srgba(157,114,152,1)
1,10: (40606,31354,39321,65535)  #9E7A99FF  srgba(158,122,153,1)
2,10: (41634,26985,39578,65535)  #A2699AFF  srgba(162,105,154,1)
3,10: (41634,28527,40349,65535)  #A26F9DFF  srgba(162,111,157,1)
4,10: (41634,29812,40092,65535)  #A2749CFF  srgba(162,116,156,1)
5,10: (41634,31097,40092,65535)  #A2799CFF  srgba(162,121,156,1)
6,10: (41634,35980,40863,65535)  #A28C9FFF  srgba(162,140,159,1)
7,10: (42148,31097,40349,65535)  #A4799DFF  srgba(164,121,157,1)
8,10: (42662,31354,41377,65535)  #A67AA1FF  srgba(166,122,161,1)
9,10: (43433,32382,41891,65535)  #A97EA3FF  srgba(169,126,163,1)
10,10: (43433,35723,41891,65535)  #A98BA3FF  srgba(169,139,163,1)
11,10: (43433,39835,43690,65535)  #A99BAAFF  srgba(169,155,170,1)
12,10: (43690,31354,42148,65535)  #AA7AA4FF  srgba(170,122,164,1)
13,10: (43947,28270,41634,65535)  #AB6EA2FF  srgba(171,110,162,1)
14,10: (43947,30069,41891,65535)  #AB75A3FF  srgba(171,117,163,1)
15,10: (44461,32639,42662,65535)  #AD7FA6FF  srgba(173,127,166,1)
0,11: (45232,31354,43690,65535)  #B07AAAFF  srgba(176,122,170,1)
1,11: (45232,32896,43947,65535)  #B080ABFF  srgba(176,128,171,1)
2,11: (45746,33667,43947,65535)  #B283ABFF  srgba(178,131,171,1)
3,11: (45746,35723,43176,65535)  #B28BA8FF  srgba(178,139,168,1)
4,11: (46260,40863,45746,65535)  #B49FB2FF  srgba(180,159,178,1)
5,11: (46517,33667,44975,65535)  #B583AFFF  srgba(181,131,175,1)
6,11: (46517,35466,44975,65535)  #B58AAFFF  srgba(181,138,175,1)
7,11: (46774,31354,44461,65535)  #B67AADFF  srgba(182,122,173,1)
8,11: (47545,35466,45489,65535)  #B98AB1FF  srgba(185,138,177,1)
9,11: (48059,32382,45489,65535)  #BB7EB1FF  srgba(187,126,177,1)
10,11: (48059,35466,46517,65535)  #BB8AB5FF  srgba(187,138,181,1)
11,11: (48573,33153,46774,65535)  #BD81B6FF  srgba(189,129,182,1)
12,11: (48573,41377,47031,65535)  #BDA1B7FF  srgba(189,161,183,1)
13,11: (49087,36237,46774,65535)  #BF8DB6FF  srgba(191,141,182,1)
14,11: (49087,39064,46517,65535)  #BF98B5FF  srgba(191,152,181,1)
15,11: (49344,36237,47545,65535)  #C08DB9FF  srgba(192,141,185,1)
0,12: (49858,36494,48059,65535)  #C28EBBFF  srgba(194,142,187,1)
1,12: (50115,42405,49087,65535)  #C3A5BFFF  srgba(195,165,191,1)
2,12: (50115,46003,50372,65535)  #C3B3C4FF  srgba(195,179,196,1)
3,12: (50372,33153,47802,65535)  #C481BAFF  srgba(196,129,186,1)
4,12: (50886,36237,49087,65535)  #C68DBFFF  srgba(198,141,191,1)
5,12: (50886,37779,49087,65535)  #C693BFFF  srgba(198,147,191,1)
6,12: (51143,39064,49087,65535)  #C798BFFF  srgba(199,152,191,1)
7,12: (52428,37008,50115,65535)  #CC90C3FF  srgba(204,144,195,1)
8,12: (52685,39064,50886,65535)  #CD98C6FF  srgba(205,152,198,1)
9,12: (52942,42148,50629,65535)  #CEA4C5FF  srgba(206,164,197,1)
10,12: (52942,46774,52428,65535)  #CEB6CCFF  srgba(206,182,204,1)
11,12: (53199,37265,51400,65535)  #CF91C8FF  srgba(207,145,200,1)
12,12: (53199,40092,51143,65535)  #CF9CC7FF  srgba(207,156,199,1)
13,12: (54741,40606,52428,65535)  #D59ECCFF  srgba(213,158,204,1)
14,12: (55512,37008,52685,65535)  #D890CDFF  srgba(216,144,205,1)
15,12: (55769,40863,53456,65535)  #D99FD0FF  srgba(217,159,208,1)
0,13: (56026,42662,53199,65535)  #DAA6CFFF  srgba(218,166,207,1)
1,13: (56026,44461,53199,65535)  #DAADCFFF  srgba(218,173,207,1)
2,13: (56026,46517,54227,65535)  #DAB5D3FF  srgba(218,181,211,1)
3,13: (56283,50115,55769,65535)  #DBC3D9FF  srgba(219,195,217,1)
4,13: (56797,41120,54998,65535)  #DDA0D6FF  srgba(221,160,214,1)
5,13: (57311,42919,54998,65535)  #DFA7D6FF  srgba(223,167,214,1)
6,13: (57568,43947,55255,65535)  #E0ABD7FF  srgba(224,171,215,1)
7,13: (58596,43433,56026,65535)  #E4A9DAFF  srgba(228,169,218,1)
8,13: (58853,40606,56283,65535)  #E59EDBFF  srgba(229,158,219,1)
9,13: (58853,43690,56283,65535)  #E5AADBFF  srgba(229,170,219,1)
10,13: (59367,44718,56540,65535)  #E7AEDCFF  srgba(231,174,220,1)
11,13: (59624,51143,58339,65535)  #E8C7E3FF  srgba(232,199,227,1)
12,13: (59881,43947,57825,65535)  #E9ABE1FF  srgba(233,171,225,1)
13,13: (60138,47545,57311,65535)  #EAB9DFFF  srgba(234,185,223,1)
14,13: (61423,44204,59110,65535)  #EFACE6FF  srgba(239,172,230,1)
15,13: (61423,45746,58853,65535)  #EFB2E5FF  srgba(239,178,229,1)
0,14: (62194,47031,59367,65535)  #F2B7E7FF  srgba(242,183,231,1)
1,14: (62194,50886,59367,65535)  #F2C6E7FF  srgba(242,198,231,1)
2,14: (62708,53456,61166,65535)  #F4D0EEFF  srgba(244,208,238,1)
3,14: (62965,47288,60395,65535)  #F5B8EBFF  srgba(245,184,235,1)
4,14: (63736,47802,61423,65535)  #F8BAEFFF  srgba(248,186,239,1)
5,14: (63736,58596,63736,65535)  #F8E4F8FF  srgba(248,228,248,1)
6,14: (63993,50372,61423,65535)  #F9C4EFFF  srgba(249,196,239,1)
7,14: (64250,53713,62708,65535)  #FAD1F4FF  srgba(250,209,244,1)
8,14: (65021,48573,62708,65535)  #FDBDF4FF  srgba(253,189,244,1)
9,14: (65021,49601,62708,65535)  #FDC1F4FF  srgba(253,193,244,1)
10,14: (65021,52428,64507,65535)  #FDCCFBFF  srgba(253,204,251,1)
11,14: (65021,54998,64507,65535)  #FDD6FBFF  srgba(253,214,251,1)
12,14: (65021,58596,64250,65535)  #FDE4FAFF  srgba(253,228,250,1)
13,14: (65021,59110,65021,65535)  #FDE6FDFF  srgba(253,230,253,1)
14,14: (65021,59367,64764,65535)  #FDE7FCFF  srgba(253,231,252,1)
15,14: (65021,63993,65278,65535)  #FDF9FEFF  srgba(253,249,254,1)
0,15: (65021,65535,64250,65535)  #FDFFFAFF  srgba(253,255,250,1)
1,15: (65278,50629,63222,65535)  #FEC5F6FF  srgba(254,197,246,1)
2,15: (65278,50629,64250,65535)  #FEC5FAFF  srgba(254,197,250,1)
3,15: (65278,51143,65278,65535)  #FEC7FEFF  srgba(254,199,254,1)
4,15: (65278,52942,65278,65535)  #FECEFEFF  srgba(254,206,254,1)
5,15: (65278,54998,65278,65535)  #FED6FEFF  srgba(254,214,254,1)
6,15: (65278,57054,65278,65535)  #FEDEFEFF  srgba(254,222,254,1)
7,15: (65278,57568,65535,65535)  #FEE0FFFF  srgba(254,224,255,1)
8,15: (65278,59881,65535,65535)  #FEE9FFFF  srgba(254,233,255,1)
9,15: (65278,60138,65278,65535)  #FEEAFEFF  srgba(254,234,254,1)
10,15: (65278,61937,65535,65535)  #FEF1FFFF  srgba(254,241,255,1)
11,15: (65278,62194,65021,65535)  #FEF2FDFF  srgba(254,242,253,1)
12,15: (65278,63479,65278,65535)  #FEF7FEFF  srgba(254,247,254,1)
13,15: (65278,64764,65278,65535)  #FEFCFEFF  srgba(254,252,254,1)
14,15: (65535,65535,65535,65535)  #FFFFFFFF  white
15,15: (0,65535,0,0)  #00FF0000  srgba(0,255,0,0)
