# ImageMagick pixel enumeration: 16,16,65535,srgba
0,0: (0,0,0,65535)  #000000FF  black
1,0: (514,257,257,65535)  #020101FF  srgba(2,1,1,1)
2,0: (2570,0,0,65535)  #0A0000FF  srgba(10,0,0,1)
3,0: (3341,3341,3598,65535)  #0D0D0EFF  srgba(13,13,14,1)
4,0: (4369,4883,4883,65535)  #111313FF  srgba(17,19,19,1)
5,0: (4883,4883,5140,65535)  #131314FF  srgba(19,19,20,1)
6,0: (5140,4369,4369,65535)  #141111FF  srgba(20,17,17,1)
7,0: (5654,5654,5911,65535)  #161617FF  srgba(22,22,23,1)
8,0: (5654,6168,6168,65535)  #161818FF  srgba(22,24,24,1)
9,0: (5654,6682,6168,65535)  #161A18FF  srgba(22,26,24,1)
10,0: (6168,5911,6168,65535)  #181718FF  srgba(24,23,24,1)
11,0: (6425,6425,6425,65535)  #191919FF  srgba(25,25,25,1)
12,0: (6682,6682,6682,65535)  #1A1A1AFF  grey10
13,0: (6939,6682,6168,65535)  #1B1A18FF  srgba(27,26,24,1)
14,0: (7196,7196,7453,65535)  #1C1C1DFF  srgba(28,28,29,1)
15,0: (7710,5397,6425,65535)  #1E1519FF  srgba(30,21,25,1)
0,1: (7710,7967,7967,65535)  #1E1F1FFF  srgba(30,31,31,1)
1,1: (7967,5397,4626,65535)  #1F1512FF  srgba(31,21,18,1)
2,1: (8224,514,257,65535)  #200201FF  srgba(32,2,1,1)
3,1: (8481,3598,4369,65535)  #210E11FF  srgba(33,14,17,1)
4,1: (8738,8481,4883,65535)  #222113FF  srgba(34,33,19,1)
5,1: (9766,6425,5397,65535)  #261915FF  srgba(38,25,21,1)
6,1: (9766,8481,8995,65535)  #262123FF  srgba(38,33,35,1)
7,1: (9766,9252,9509,65535)  #262425FF  srgba(38,36,37,1)
8,1: (10023,47802,10537,65535)  #27BA29FF  srgba(39,186,41,1)
9,1: (10280,10280,10023,65535)  #282827FF  srgba(40,40,39,1)
10,1: (11308,6682,7967,65535)  #2C1A1FFF  srgba(44,26,31,1)
11,1: (11565,11051,11565,65535)  #2D2B2DFF  srgba(45,43,45,1)
12,1: (11822,18247,257,65535)  #2E4701FF  srgba(46,71,1,1)
13,1: (11822,20560,771,65535)  #2E5003FF  srgba(46,80,3,1)
14,1: (12336,4883,5654,65535)  #301316FF  srgba(48,19,22,1)
15,1: (12593,0,514,65535)  #310002FF  srgba(49,0,2,1)
0,2: (12593,12336,12336,65535)  #313030FF  srgba(49,48,48,1)
1,2: (12593,29041,2313,65535)  #317109FF  srgba(49,113,9,1)
2,2: (12850,15420,15677,65535)  #323C3DFF  srgba(50,60,61,1)
3,2: (13364,2313,1799,65535)  #340907FF  srgba(52,9,7,1)
4,2: (13364,3341,4883,65535)  #340D13FF  srgba(52,13,19,1)
5,2: (13878,10537,2827,65535)  #36290BFF  srgba(54,41,11,1)
6,2: (13878,13621,13878,65535)  #363536FF  srgba(54,53,54,1)
7,2: (13878,16705,7967,65535)  #36411FFF  srgba(54,65,31,1)
8,2: (14392,15934,14649,65535)  #383E39FF  srgba(56,62,57,1)
9,2: (14649,14906,14906,65535)  #393A3AFF  srgba(57,58,58,1)
10,2: (14906,15420,15420,65535)  #3A3C3CFF  srgba(58,60,60,1)
11,2: (15163,15420,15163,65535)  #3B3C3BFF  srgba(59,60,59,1)
12,2: (15163,16705,16191,65535)  #3B413FFF  srgba(59,65,63,1)
13,2: (15163,17733,12336,65535)  #3B4530FF  srgba(59,69,48,1)
14,2: (15420,14906,15163,65535)  #3C3A3BFF  srgba(60,58,59,1)
15,2: (15420,15163,15934,65535)  #3C3B3EFF  srgba(60,59,62,1)
0,3: (15420,15420,14392,65535)  #3C3C38FF  srgba(60,60,56,1)
1,3: (15420,16962,16705,65535)  #3C4241FF  srgba(60,66,65,1)
2,3: (15420,16962,17219,65535)  #3C4243FF  srgba(60,66,67,1)
3,3: (15677,15677,15677,65535)  #3D3D3DFF  grey24
4,3: (15677,15677,16191,65535)  #3D3D3FFF  srgba(61,61,63,1)
5,3: (15677,16191,12593,65535)  #3D3F31FF  srgba(61,63,49,1)
6,3: (15677,16705,12336,65535)  #3D4130FF  srgba(61,65,48,1)
7,3: (15934,15677,15677,65535)  #3E3D3DFF  srgba(62,61,61,1)
8,3: (15934,16448,16448,65535)  #3E4040FF  srgba(62,64,64,1)
9,3: (16191,16191,16962,65535)  #3F3F42FF  srgba(63,63,66,1)
10,3: (16448,15420,15934,65535)  #403C3EFF  srgba(64,60,62,1)
11,3: (16448,16448,16448,65535)  #404040FF  grey25
12,3: (16705,16705,16705,65535)  #414141FF  srgba(65,65,65,1)
13,3: (16705,16705,16962,65535)  #414142FF  srgba(65,65,66,1)
14,3: (16705,16962,15420,65535)  #41423CFF  srgba(65,66,60,1)
15,3: (16962,15163,14649,65535)  #423B39FF  srgba(66,59,57,1)
0,4: (16962,16962,17219,65535)  #424243FF  srgba(66,66,67,1)
1,4: (17476,15163,12593,65535)  #443B31FF  srgba(68,59,49,1)
2,4: (17476,16962,17476,65535)  #444244FF  srgba(68,66,68,1)
3,4: (17990,15420,15934,65535)  #463C3EFF  srgba(70,60,62,1)
4,4: (18247,3598,5397,65535)  #470E15FF  srgba(71,14,21,1)
5,4: (18247,14135,15677,65535)  #47373DFF  srgba(71,55,61,1)
6,4: (18761,1799,1285,65535)  #490705FF  srgba(73,7,5,1)
7,4: (19018,13878,12850,65535)  #4A3632FF  srgba(74,54,50,1)
8,4: (19018,17219,17990,65535)  #4A4346FF  srgba(74,67,70,1)
9,4: (19275,12593,12850,65535)  #4B3132FF  srgba(75,49,50,1)
10,4: (19275,15163,14649,65535)  #4B3B39FF  srgba(75,59,57,1)
11,4: (19275,15420,3598,65535)  #4B3C0EFF  srgba(75,60,14,1)
12,4: (19275,18504,2313,65535)  #4B4809FF  srgba(75,72,9,1)
13,4: (19532,7453,8481,65535)  #4C1D21FF  srgba(76,29,33,1)
14,4: (19532,13107,15420,65535)  #4C333CFF  srgba(76,51,60,1)
15,4: (19532,15420,9252,65535)  #4C3C24FF  srgba(76,60,36,1)
0,5: (19789,8224,3084,65535)  #4D200CFF  srgba(77,32,12,1)
1,5: (19789,10023,12079,65535)  #4D272FFF  srgba(77,39,47,1)
2,5: (19789,16705,13878,65535)  #4D4136FF  srgba(77,65,54,1)
3,5: (20046,13107,8738,65535)  #4E3322FF  srgba(78,51,34,1)
4,5: (20303,13107,3341,65535)  #4F330DFF  srgba(79,51,13,1)
5,5: (20303,19789,19532,65535)  #4F4D4CFF  srgba(79,77,76,1)
6,5: (20817,15934,17476,65535)  #513E44FF  srgba(81,62,68,1)
7,5: (21845,15163,12079,65535)  #553B2FFF  srgba(85,59,47,1)
8,5: (22359,24415,2827,65535)  #575F0BFF  srgba(87,95,11,1)
9,5: (22616,17990,12079,65535)  #58462FFF  srgba(88,70,47,1)
10,5: (23130,3341,5654,65535)  #5A0D16FF  srgba(90,13,22,1)
11,5: (23130,12850,14906,65535)  #5A323AFF  srgba(90,50,58,1)
12,5: (23130,33924,2827,65535)  #5A840BFF  srgba(90,132,11,1)
13,5: (23901,1285,1285,65535)  #5D0505FF  srgba(93,5,5,1)
14,5: (23901,8224,8738,65535)  #5D2022FF  srgba(93,32,34,1)
15,5: (23901,12079,11565,65535)  #5D2F2DFF  srgba(93,47,45,1)
0,6: (23901,13107,8481,65535)  #5D3321FF  srgba(93,51,33,1)
1,6: (24158,8995,2827,65535)  #5E230BFF  srgba(94,35,11,1)
2,6: (24158,13364,3855,65535)  #5E340FFF  srgba(94,52,15,1)
3,6: (24158,15420,8481,65535)  #5E3C21FF  srgba(94,60,33,1)
4,6: (24415,10280,14135,65535)  #5F2837FF  srgba(95,40,55,1)
5,6: (24415,22616,12079,65535)  #5F582FFF  srgba(95,88,47,1)
6,6: (24672,15420,2827,65535)  #603C0BFF  srgba(96,60,11,1)
7,6: (24672,36494,8738,65535)  #608E22FF  srgba(96,142,34,1)
8,6: (25186,18761,3084,65535)  #62490CFF  srgba(98,73,12,1)
9,6: (25186,45489,10280,65535)  #62B128FF  srgba(98,177,40,1)
10,6: (25186,48573,11051,65535)  #62BD2BFF  srgba(98,189,43,1)
11,6: (25186,50115,11308,65535)  #62C32CFF  srgba(98,195,44,1)
12,6: (25957,7710,11308,65535)  #651E2CFF  srgba(101,30,44,1)
13,6: (26728,16962,17990,65535)  #684246FF  srgba(104,66,70,1)
14,6: (26728,23901,5140,65535)  #685D14FF  srgba(104,93,20,1)
15,6: (26985,12593,14906,65535)  #69313AFF  srgba(105,49,58,1)
0,7: (27499,2056,1542,65535)  #6B0806FF  srgba(107,8,6,1)
1,7: (27499,12593,2313,65535)  #6B3109FF  srgba(107,49,9,1)
2,7: (28013,4369,6939,65535)  #6D111BFF  srgba(109,17,27,1)
3,7: (28013,8738,1542,65535)  #6D2206FF  srgba(109,34,6,1)
4,7: (28784,12593,7710,65535)  #70311EFF  srgba(112,49,30,1)
5,7: (29555,8481,7967,65535)  #73211FFF  srgba(115,33,31,1)
6,7: (29555,11051,11308,65535)  #732B2CFF  srgba(115,43,44,1)
7,7: (29812,9509,13878,65535)  #742536FF  srgba(116,37,54,1)
8,7: (29812,48316,10794,65535)  #74BC2AFF  srgba(116,188,42,1)
9,7: (29812,48830,12079,65535)  #74BE2FFF  srgba(116,190,47,1)
10,7: (30069,16705,3341,65535)  #75410DFF  srgba(117,65,13,1)
11,7: (30326,20817,4626,65535)  #765112FF  srgba(118,81,18,1)
12,7: (30326,22102,19532,65535)  #76564CFF  srgba(118,86,76,1)
13,7: (30583,23387,5397,65535)  #775B15FF  srgba(119,91,21,1)
14,7: (30583,24415,5654,65535)  #775F16FF  srgba(119,95,22,1)
15,7: (30583,30583,5140,65535)  #777714FF  srgba(119,119,20,1)
0,8: (30583,38550,6939,65535)  #77961BFF  srgba(119,150,27,1)
1,8: (30840,24672,7196,65535)  #78601CFF  srgba(120,96,28,1)
2,8: (30840,33924,11308,65535)  #78842CFF  srgba(120,132,44,1)
3,8: (31097,6939,11308,65535)  #791B2CFF  srgba(121,27,44,1)
4,8: (31097,41377,10537,65535)  #79A129FF  srgba(121,161,41,1)
5,8: (31097,44975,10794,65535)  #79AF2AFF  srgba(121,175,42,1)
6,8: (31354,12593,2056,65535)  #7A3108FF  srgba(122,49,8,1)
7,8: (31354,17733,13621,65535)  #7A4535FF  srgba(122,69,53,1)
8,8: (31354,29812,20817,65535)  #7A7451FF  srgba(122,116,81,1)
9,8: (31611,2827,1542,65535)  #7B0B06FF  srgba(123,11,6,1)
10,8: (31611,8738,1542,65535)  #7B2206FF  srgba(123,34,6,1)
11,8: (31611,21845,13621,65535)  #7B5535FF  srgba(123,85,53,1)
12,8: (31868,4369,7196,65535)  #7C111CFF  srgba(124,17,28,1)
13,8: (32125,17476,8995,65535)  #7D4423FF  srgba(125,68,35,1)
14,8: (32639,23644,6425,65535)  #7F5C19FF  srgba(127,92,25,1)
15,8: (32896,19275,6682,65535)  #804B1AFF  srgba(128,75,26,1)
0,9: (32896,39064,21074,65535)  #809852FF  srgba(128,152,82,1)
1,9: (33153,22102,8224,65535)  #815620FF  srgba(129,86,32,1)
2,9: (33153,22616,6682,65535)  #81581AFF  srgba(129,88,26,1)
3,9: (33410,46003,21588,65535)  #82B354FF  srgba(130,179,84,1)
4,9: (33924,23130,5654,65535)  #845A16FF  srgba(132,90,22,1)
5,9: (34181,19018,4626,65535)  #854A12FF  srgba(133,74,18,1)
6,9: (35466,11051,2570,65535)  #8A2B0AFF  srgba(138,43,10,1)
7,9: (35723,11565,12850,65535)  #8B2D32FF  srgba(139,45,50,1)
8,9: (35723,27242,5654,65535)  #8B6A16FF  srgba(139,106,22,1)
9,9: (35723,44718,10280,65535)  #8BAE28FF  srgba(139,174,40,1)
10,9: (35980,3084,1285,65535)  #8C0C05FF  srgba(140,12,5,1)
11,9: (35980,3598,4112,65535)  #8C0E10FF  srgba(140,14,16,1)
12,9: (35980,6682,2313,65535)  #8C1A09FF  srgba(140,26,9,1)
13,9: (35980,7967,12336,65535)  #8C1F30FF  srgba(140,31,48,1)
14,9: (35980,9252,9766,65535)  #8C2426FF  srgba(140,36,38,1)
15,9: (35980,45746,13107,65535)  #8CB233FF  srgba(140,178,51,1)
0,10: (36237,38036,8224,65535)  #8D9420FF  srgba(141,148,32,1)
1,10: (36494,4112,6939,65535)  #8E101BFF  srgba(142,16,27,1)
2,10: (36494,5140,9509,65535)  #8E1425FF  srgba(142,20,37,1)
3,10: (36494,11051,6939,65535)  #8E2B1BFF  srgba(142,43,27,1)
4,10: (36494,25957,10537,65535)  #8E6529FF  srgba(142,101,41,1)
5,10: (36751,6425,7196,65535)  #8F191CFF  srgba(143,25,28,1)
6,10: (36751,31868,10280,65535)  #8F7C28FF  srgba(143,124,40,1)
7,10: (36751,39064,11822,65535)  #8F982EFF  srgba(143,152,46,1)
8,10: (37522,21845,5654,65535)  #925516FF  srgba(146,85,22,1)
9,10: (37779,17733,4883,65535)  #934513FF  srgba(147,69,19,1)
10,10: (37779,20560,7196,65535)  #93501CFF  srgba(147,80,28,1)
11,10: (37779,43433,26985,65535)  #93A969FF  srgba(147,169,105,1)
12,10: (38036,17990,10280,65535)  #944628FF  srgba(148,70,40,1)
13,10: (38036,21845,10280,65535)  #945528FF  srgba(148,85,40,1)
14,10: (39321,42405,22616,65535)  #99A558FF  srgba(153,165,88,1)
15,10: (39578,10794,3341,65535)  #9A2A0DFF  srgba(154,42,13,1)
0,11: (39578,23130,18247,65535)  #9A5A47FF  srgba(154,90,71,1)
1,11: (39578,28270,23901,65535)  #9A6E5DFF  srgba(154,110,93,1)
2,11: (39578,43433,18504,65535)  #9AA948FF  srgba(154,169,72,1)
3,11: (40092,3855,1799,65535)  #9C0F07FF  srgba(156,15,7,1)
4,11: (40092,35209,25443,65535)  #9C8963FF  srgba(156,137,99,1)
5,11: (40349,4112,4369,65535)  #9D1011FF  srgba(157,16,17,1)
6,11: (40349,6425,3084,65535)  #9D190CFF  srgba(157,25,12,1)
7,11: (40349,32896,18504,65535)  #9D8048FF  srgba(157,128,72,1)
8,11: (40863,38550,10794,65535)  #9F962AFF  srgba(159,150,42,1)
9,11: (40863,43947,12336,65535)  #9FAB30FF  srgba(159,171,48,1)
10,11: (41120,5654,10537,65535)  #A01629FF  srgba(160,22,41,1)
11,11: (41634,4369,6939,65535)  #A2111BFF  srgba(162,17,27,1)
12,11: (41634,4883,8995,65535)  #A21323FF  srgba(162,19,35,1)
13,11: (41634,6168,7196,65535)  #A2181CFF  srgba(162,24,28,1)
14,11: (41634,11308,6939,65535)  #A22C1BFF  srgba(162,44,27,1)
15,11: (41634,18504,5654,65535)  #A24816FF  srgba(162,72,22,1)
0,12: (41634,19018,7967,65535)  #A24A1FFF  srgba(162,74,31,1)
1,12: (41634,19275,10794,65535)  #A24B2AFF  srgba(162,75,42,1)
2,12: (42148,29812,7710,65535)  #A4741EFF  srgba(164,116,30,1)
3,12: (42662,8481,8995,65535)  #A62123FF  srgba(166,33,35,1)
4,12: (42662,30583,12336,65535)  #A67730FF  srgba(166,119,48,1)
5,12: (43176,9766,12850,65535)  #A82632FF  srgba(168,38,50,1)
6,12: (43690,4369,3598,65535)  #AA110EFF  srgba(170,17,14,1)
7,12: (43947,9252,10280,65535)  #AB2428FF  srgba(171,36,40,1)
8,12: (43947,40349,12079,65535)  #AB9D2FFF  srgba(171,157,47,1)
9,12: (44718,5654,3855,65535)  #AE160FFF  srgba(174,22,15,1)
10,12: (44718,11565,4112,65535)  #AE2D10FF  srgba(174,45,16,1)
11,12: (44975,17733,6425,65535)  #AF4519FF  srgba(175,69,25,1)
12,12: (44975,18761,10280,65535)  #AF4928FF  srgba(175,73,40,1)
13,12: (45232,8224,3855,65535)  #B0200FFF  srgba(176,32,15,1)
14,12: (45489,41377,28013,65535)  #B1A16DFF  srgba(177,161,109,1)
15,12: (46003,5911,10537,65535)  #B31729FF  srgba(179,23,41,1)
0,13: (46260,6939,3855,65535)  #B41B0FFF  srgba(180,27,15,1)
1,13: (46260,12079,6939,65535)  #B42F1BFF  srgba(180,47,27,1)
2,13: (46774,4883,6939,65535)  #B6131BFF  srgba(182,19,27,1)
3,13: (46774,7453,6939,65535)  #B61D1BFF  srgba(182,29,27,1)
4,13: (47031,4369,3855,65535)  #B7110FFF  srgba(183,17,15,1)
5,13: (47031,5397,8738,65535)  #B71522FF  srgba(183,21,34,1)
6,13: (47288,6168,6939,65535)  #B8181BFF  srgba(184,24,27,1)
7,13: (47288,7967,8995,65535)  #B81F23FF  srgba(184,31,35,1)
8,13: (47545,29555,8738,65535)  #B97322FF  srgba(185,115,34,1)
9,13: (47545,30583,13364,65535)  #B97734FF  srgba(185,119,52,1)
10,13: (47545,41377,18504,65535)  #B9A148FF  srgba(185,161,72,1)
11,13: (47802,39064,12850,65535)  #BA9832FF  srgba(186,152,50,1)
12,13: (48059,5654,4369,65535)  #BB1611FF  srgba(187,22,17,1)
13,13: (48573,17990,9252,65535)  #BD4624FF  srgba(189,70,36,1)
14,13: (48573,41120,22359,65535)  #BDA057FF  srgba(189,160,87,1)
15,13: (50886,33924,17733,65535)  #C68445FF  srgba(198,132,69,1)
0,14: (50886,35466,24929,65535)  #C68A61FF  srgba(198,138,97,1)
1,14: (51143,5397,4626,65535)  #C71512FF  srgba(199,21,18,1)
2,14: (51143,5397,5911,65535)  #C71517FF  srgba(199,21,23,1)
3,14: (51914,7453,5911,65535)  #CA1D17FF  srgba(202,29,23,1)
4,14: (51914,7967,11051,65535)  #CA1F2BFF  srgba(202,31,43,1)
5,14: (52171,7196,9766,65535)  #CB1C26FF  srgba(203,28,38,1)
6,14: (52685,5654,7453,65535)  #CD161DFF  srgba(205,22,29,1)
7,14: (52685,6939,7453,65535)  #CD1B1DFF  srgba(205,27,29,1)
8,14: (52942,5911,8738,65535)  #CE1722FF  srgba(206,23,34,1)
9,14: (52942,6682,9252,65535)  #CE1A24FF  srgba(206,26,36,1)
10,14: (53199,6168,5911,65535)  #CF1817FF  srgba(207,24,23,1)
11,14: (53199,6425,5911,65535)  #CF1917FF  srgba(207,25,23,1)
12,14: (53199,7196,8738,65535)  #CF1C22FF  srgba(207,28,34,1)
13,14: (53199,27756,9509,65535)  #CF6C25FF  srgba(207,108,37,1)
14,14: (53456,30583,20303,65535)  #D0774FFF  srgba(208,119,79,1)
15,14: (53713,5911,6168,65535)  #D11718FF  srgba(209,23,24,1)
0,15: (53970,5911,7967,65535)  #D2171FFF  srgba(210,23,31,1)
1,15: (53970,6682,8224,65535)  #D21A20FF  srgba(210,26,32,1)
2,15: (53970,28270,24158,65535)  #D26E5EFF  srgba(210,110,94,1)
3,15: (54227,6168,7453,65535)  #D3181DFF  srgba(211,24,29,1)
4,15: (54227,18761,8481,65535)  #D34921FF  srgba(211,73,33,1)
5,15: (54227,29298,13878,65535)  #D37236FF  srgba(211,114,54,1)
6,15: (54741,5911,7453,65535)  #D5171DFF  srgba(213,23,29,1)
7,15: (54998,24415,17733,65535)  #D65F45FF  srgba(214,95,69,1)
8,15: (55255,5911,6682,65535)  #D7171AFF  srgba(215,23,26,1)
9,15: (55255,6425,6682,65535)  #D7191AFF  srgba(215,25,26,1)
10,15: (55512,6425,7710,65535)  #D8191EFF  srgba(216,25,30,1)
11,15: (55512,6425,8224,65535)  #D81920FF  srgba(216,25,32,1)
12,15: (55769,6425,8738,65535)  #D91922FF  srgba(217,25,34,1)
13,15: (56026,7196,9509,65535)  #DA1C25FF  srgba(218,28,37,1)
14,15: (56540,19275,13107,65535)  #DC4B33FF  srgba(220,75,51,1)
15,15: (0,65535,0,0)  #00FF0000  srgba(0,255,0,0)
