# ImageMagick pixel enumeration: 16,16,65535,srgba
0,0: (514,257,514,65535)  #020102FF  srgba(2,1,2,1)
1,0: (3084,2313,3598,65535)  #0C090EFF  srgba(12,9,14,1)
2,0: (3341,2570,5140,65535)  #0D0A14FF  srgba(13,10,20,1)
3,0: (4112,1285,18247,65535)  #100547FF  srgba(16,5,71,1)
4,0: (4112,1542,10023,65535)  #100627FF  srgba(16,6,39,1)
5,0: (4112,37008,7710,65535)  #10901EFF  srgba(16,144,30,1)
6,0: (4112,38807,9509,65535)  #109725FF  srgba(16,151,37,1)
7,0: (6168,33667,10280,65535)  #188328FF  srgba(24,131,40,1)
8,0: (7710,33667,7196,65535)  #1E831CFF  srgba(30,131,28,1)
9,0: (10023,20817,2827,65535)  #27510BFF  srgba(39,81,11,1)
10,0: (11308,27242,11565,65535)  #2C6A2DFF  srgba(44,106,45,1)
11,0: (11822,1028,10537,65535)  #2E0429FF  srgba(46,4,41,1)
12,0: (12593,257,2313,65535)  #310109FF  srgba(49,1,9,1)
13,0: (12593,29812,6168,65535)  #317418FF  srgba(49,116,24,1)
14,0: (13107,5140,3084,65535)  #33140CFF  srgba(51,20,12,1)
15,0: (13107,31868,7710,65535)  #337C1EFF  srgba(51,124,30,1)
0,1: (13364,6939,11051,65535)  #341B2BFF  srgba(52,27,43,1)
1,1: (13621,39835,9766,65535)  #359B26FF  srgba(53,155,38,1)
2,1: (13878,3598,29041,65535)  #360E71FF  srgba(54,14,113,1)
3,1: (13878,4626,21074,65535)  #361252FF  srgba(54,18,82,1)
4,1: (15163,22616,25186,65535)  #3B5862FF  srgba(59,88,98,1)
5,1: (15677,5654,39578,65535)  #3D169AFF  srgba(61,22,154,1)
6,1: (15934,27242,10794,65535)  #3E6A2AFF  srgba(62,106,42,1)
7,1: (16448,28527,6168,65535)  #406F18FF  srgba(64,111,24,1)
8,1: (16448,34952,8738,65535)  #408822FF  srgba(64,136,34,1)
9,1: (17476,22102,56026,65535)  #4456DAFF  srgba(68,86,218,1)
10,1: (17990,48573,63736,65535)  #46BDF8FF  srgba(70,189,248,1)
11,1: (17990,49601,58596,65535)  #46C1E4FF  srgba(70,193,228,1)
12,1: (18504,52428,42148,65535)  #48CCA4FF  srgba(72,204,164,1)
13,1: (19275,47545,64507,65535)  #4BB9FBFF  srgba(75,185,251,1)
14,1: (19532,22616,26985,65535)  #4C5869FF  srgba(76,88,105,1)
15,1: (19789,27499,5911,65535)  #4D6B17FF  srgba(77,107,23,1)
0,2: (19789,29298,9252,65535)  #4D7224FF  srgba(77,114,36,1)
1,2: (20046,53970,29812,65535)  #4ED274FF  srgba(78,210,116,1)
2,2: (20303,23901,11822,65535)  #4F5D2EFF  srgba(79,93,46,1)
3,2: (20560,7196,39578,65535)  #501C9AFF  srgba(80,28,154,1)
4,2: (20560,7710,55512,65535)  #501ED8FF  srgba(80,30,216,1)
5,2: (20560,39321,26471,65535)  #509967FF  srgba(80,153,103,1)
6,2: (20817,17990,61680,65535)  #5146F0FF  srgba(81,70,240,1)
7,2: (20817,20817,42919,65535)  #5151A7FF  srgba(81,81,167,1)
8,2: (21074,31868,7967,65535)  #527C1FFF  srgba(82,124,31,1)
9,2: (21331,21331,56540,65535)  #5353DCFF  srgba(83,83,220,1)
10,2: (21331,47288,60909,65535)  #53B8EDFF  srgba(83,184,237,1)
11,2: (21845,22359,28013,65535)  #55576DFF  srgba(85,87,109,1)
12,2: (22359,48316,44204,65535)  #57BCACFF  srgba(87,188,172,1)
13,2: (22616,8481,62965,65535)  #5821F5FF  srgba(88,33,245,1)
14,2: (22873,16448,62194,65535)  #5940F2FF  srgba(89,64,242,1)
15,2: (22873,52171,31097,65535)  #59CB79FF  srgba(89,203,121,1)
0,3: (23130,51657,36237,65535)  #5AC98DFF  srgba(90,201,141,1)
1,3: (23644,5397,21588,65535)  #5C1554FF  srgba(92,21,84,1)
2,3: (23644,5397,29041,65535)  #5C1571FF  srgba(92,21,113,1)
3,3: (23644,17733,62194,65535)  #5C45F2FF  srgba(92,69,242,1)
4,3: (23901,7967,56026,65535)  #5D1FDAFF  srgba(93,31,218,1)
5,3: (23901,20046,58339,65535)  #5D4EE3FF  srgba(93,78,227,1)
6,3: (23901,53713,23387,65535)  #5DD15BFF  srgba(93,209,91,1)
7,3: (24158,44975,63736,65535)  #5EAFF8FF  srgba(94,175,248,1)
8,3: (24158,45232,64507,65535)  #5EB0FBFF  srgba(94,176,251,1)
9,3: (24158,45489,62194,65535)  #5EB1F2FF  srgba(94,177,242,1)
10,3: (24158,47802,52685,65535)  #5EBACDFF  srgba(94,186,205,1)
11,3: (24415,17990,52171,65535)  #5F46CBFF  srgba(95,70,203,1)
12,3: (24415,22102,24158,65535)  #5F565EFF  srgba(95,86,94,1)
13,3: (24415,26728,59110,65535)  #5F68E6FF  srgba(95,104,230,1)
14,3: (24415,50886,30326,65535)  #5FC676FF  srgba(95,198,118,1)
15,3: (24672,19275,43176,65535)  #604BA8FF  srgba(96,75,168,1)
0,4: (24672,20817,33410,65535)  #605182FF  srgba(96,81,130,1)
1,4: (24929,8481,63222,65535)  #6121F6FF  srgba(97,33,246,1)
2,4: (25186,6425,36494,65535)  #62198EFF  srgba(98,25,142,1)
3,4: (25186,6682,43947,65535)  #621AABFF  srgba(98,26,171,1)
4,4: (25186,15677,62451,65535)  #623DF3FF  srgba(98,61,243,1)
5,4: (25443,48316,41120,65535)  #63BCA0FF  srgba(99,188,160,1)
6,4: (25700,50115,30326,65535)  #64C376FF  srgba(100,195,118,1)
7,4: (26214,7967,55769,65535)  #661FD9FF  srgba(102,31,217,1)
8,4: (26214,8738,63222,65535)  #6622F6FF  srgba(102,34,246,1)
9,4: (26214,54998,14906,65535)  #66D63AFF  srgba(102,214,58,1)
10,4: (26728,2570,2827,65535)  #680A0BFF  srgba(104,10,11,1)
11,4: (27499,23644,11051,65535)  #6B5C2BFF  srgba(107,92,43,1)
12,4: (27499,28270,8995,65535)  #6B6E23FF  srgba(107,110,35,1)
13,4: (27499,43947,64764,65535)  #6BABFCFF  srgba(107,171,252,1)
14,4: (27756,3084,12593,65535)  #6C0C31FF  srgba(108,12,49,1)
15,4: (27756,7967,12336,65535)  #6C1F30FF  srgba(108,31,48,1)
0,5: (27756,14906,63479,65535)  #6C3AF7FF  srgba(108,58,247,1)
1,5: (27756,17219,52685,65535)  #6C43CDFF  srgba(108,67,205,1)
2,5: (27756,27756,6425,65535)  #6C6C19FF  srgba(108,108,25,1)
3,5: (28013,8995,3084,65535)  #6D230CFF  srgba(109,35,12,1)
4,5: (28013,19018,42405,65535)  #6D4AA5FF  srgba(109,74,165,1)
5,5: (28013,52171,15677,65535)  #6DCB3DFF  srgba(109,203,61,1)
6,5: (28270,44718,59624,65535)  #6EAEE8FF  srgba(110,174,232,1)
7,5: (28270,50372,30840,65535)  #6EC478FF  srgba(110,196,120,1)
8,5: (28527,47545,44461,65535)  #6FB9ADFF  srgba(111,185,173,1)
9,5: (28527,49858,34438,65535)  #6FC286FF  srgba(111,194,134,1)
10,5: (28784,24158,57311,65535)  #705EDFFF  srgba(112,94,223,1)
11,5: (29041,6425,39321,65535)  #711999FF  srgba(113,25,153,1)
12,5: (29041,8481,57311,65535)  #7121DFFF  srgba(113,33,223,1)
13,5: (29041,15163,58082,65535)  #713BE2FF  srgba(113,59,226,1)
14,5: (29041,19275,12593,65535)  #714B31FF  srgba(113,75,49,1)
15,5: (29041,19789,63736,65535)  #714DF8FF  srgba(113,77,248,1)
0,6: (29041,46003,51400,65535)  #71B3C8FF  srgba(113,179,200,1)
1,6: (29298,7196,49087,65535)  #721CBFFF  srgba(114,28,191,1)
2,6: (29298,8995,63222,65535)  #7223F6FF  srgba(114,35,246,1)
3,6: (29298,20046,24929,65535)  #724E61FF  srgba(114,78,97,1)
4,6: (29298,51657,21845,65535)  #72C955FF  srgba(114,201,85,1)
5,6: (29555,8224,62708,65535)  #7320F4FF  srgba(115,32,244,1)
6,6: (29555,13107,63222,65535)  #7333F6FF  srgba(115,51,246,1)
7,6: (29555,42148,62708,65535)  #73A4F4FF  srgba(115,164,244,1)
8,6: (29812,19018,32639,65535)  #744A7FFF  srgba(116,74,127,1)
9,6: (29812,22873,5654,65535)  #745916FF  srgba(116,89,22,1)
10,6: (29812,27242,63993,65535)  #746AF9FF  srgba(116,106,249,1)
11,6: (30069,15420,51657,65535)  #753CC9FF  srgba(117,60,201,1)
12,6: (30069,41634,64507,65535)  #75A2FBFF  srgba(117,162,251,1)
13,6: (30326,16191,43690,65535)  #763FAAFF  srgba(118,63,170,1)
14,6: (30326,38293,29812,65535)  #769574FF  srgba(118,149,116,1)
15,6: (30583,35723,58853,65535)  #778BE5FF  srgba(119,139,229,1)
0,7: (30583,42919,44975,65535)  #77A7AFFF  srgba(119,167,175,1)
1,7: (30840,5397,22616,65535)  #781558FF  srgba(120,21,88,1)
2,7: (31097,46003,37008,65535)  #79B390FF  srgba(121,179,144,1)
3,7: (31097,48059,32896,65535)  #79BB80FF  srgba(121,187,128,1)
4,7: (31354,5654,30069,65535)  #7A1675FF  srgba(122,22,117,1)
5,7: (31354,37779,65021,65535)  #7A93FDFF  srgba(122,147,253,1)
6,7: (31354,50886,15163,65535)  #7AC63BFF  srgba(122,198,59,1)
7,7: (31611,7196,54741,65535)  #7B1CD5FF  srgba(123,28,213,1)
8,7: (31611,39064,63479,65535)  #7B98F7FF  srgba(123,152,247,1)
9,7: (31868,6939,48830,65535)  #7C1BBEFF  srgba(124,27,190,1)
10,7: (31868,10537,58853,65535)  #7C29E5FF  srgba(124,41,229,1)
11,7: (32125,7196,44461,65535)  #7D1CADFF  srgba(125,28,173,1)
12,7: (32125,10794,53456,65535)  #7D2AD0FF  srgba(125,42,208,1)
13,7: (32382,5654,35723,65535)  #7E168BFF  srgba(126,22,139,1)
14,7: (32382,5911,42148,65535)  #7E17A4FF  srgba(126,23,164,1)
15,7: (32639,7196,39578,65535)  #7F1C9AFF  srgba(127,28,154,1)
0,8: (32639,12079,63222,65535)  #7F2FF6FF  srgba(127,47,246,1)
1,8: (33924,39321,64250,65535)  #8499FAFF  srgba(132,153,250,1)
2,8: (34438,17990,57825,65535)  #8646E1FF  srgba(134,70,225,1)
3,8: (34695,17219,44718,65535)  #8743AEFF  srgba(135,67,174,1)
4,8: (34695,28784,7453,65535)  #87701DFF  srgba(135,112,29,1)
5,8: (34695,33667,60909,65535)  #8783EDFF  srgba(135,131,237,1)
6,8: (34952,5911,38293,65535)  #881795FF  srgba(136,23,149,1)
7,8: (34952,28270,65278,65535)  #886EFEFF  srgba(136,110,254,1)
8,8: (34952,42405,53456,65535)  #88A5D0FF  srgba(136,165,208,1)
9,8: (34952,45232,38293,65535)  #88B095FF  srgba(136,176,149,1)
10,8: (35209,25186,6682,65535)  #89621AFF  srgba(137,98,26,1)
11,8: (35466,35723,65278,65535)  #8A8BFEFF  srgba(138,139,254,1)
12,8: (35723,4883,26985,65535)  #8B1369FF  srgba(139,19,105,1)
13,8: (35723,7710,28527,65535)  #8B1E6FFF  srgba(139,30,111,1)
14,8: (35723,50115,17990,65535)  #8BC346FF  srgba(139,195,70,1)
15,8: (35980,11308,63736,65535)  #8C2CF8FF  srgba(140,44,248,1)
0,9: (35980,12079,61166,65535)  #8C2FEEFF  srgba(140,47,238,1)
1,9: (35980,13364,51914,65535)  #8C34CAFF  srgba(140,52,202,1)
2,9: (36237,19789,25186,65535)  #8D4D62FF  srgba(141,77,98,1)
3,9: (36494,9509,52428,65535)  #8E25CCFF  srgba(142,37,204,1)
4,9: (36494,9766,61937,65535)  #8E26F1FF  srgba(142,38,241,1)
5,9: (36494,10794,40349,65535)  #8E2A9DFF  srgba(142,42,157,1)
6,9: (36751,17733,34181,65535)  #8F4585FF  srgba(143,69,133,1)
7,9: (37008,9766,63736,65535)  #9026F8FF  srgba(144,38,248,1)
8,9: (37008,38550,64507,65535)  #9096FBFF  srgba(144,150,251,1)
9,9: (37265,8224,3598,65535)  #91200EFF  srgba(145,32,14,1)
10,9: (37265,15420,35466,65535)  #913C8AFF  srgba(145,60,138,1)
11,9: (37522,15677,25957,65535)  #923D65FF  srgba(146,61,101,1)
12,9: (37522,24929,6682,65535)  #92611AFF  srgba(146,97,26,1)
13,9: (37779,18504,15420,65535)  #93483CFF  srgba(147,72,60,1)
14,9: (37779,22102,5654,65535)  #935616FF  srgba(147,86,22,1)
15,9: (37779,22359,6939,65535)  #93571BFF  srgba(147,87,27,1)
0,10: (37779,46260,22359,65535)  #93B457FF  srgba(147,180,87,1)
1,10: (38293,17990,8481,65535)  #954621FF  srgba(149,70,33,1)
2,10: (38550,5911,18247,65535)  #961747FF  srgba(150,23,71,1)
3,10: (38550,18761,43433,65535)  #9649A9FF  srgba(150,73,169,1)
4,10: (38550,32896,64764,65535)  #9680FCFF  srgba(150,128,252,1)
5,10: (38550,41377,53970,65535)  #96A1D2FF  srgba(150,161,210,1)
6,10: (38807,26471,57054,65535)  #9767DEFF  srgba(151,103,222,1)
7,10: (38807,32639,65535,65535)  #977FFFFF  srgba(151,127,255,1)
8,10: (38807,43433,40606,65535)  #97A99EFF  srgba(151,169,158,1)
9,10: (39064,6168,11308,65535)  #98182CFF  srgba(152,24,44,1)
10,10: (39578,10023,63736,65535)  #9A27F8FF  srgba(154,39,248,1)
11,10: (39835,36751,18504,65535)  #9B8F48FF  srgba(155,143,72,1)
12,10: (40092,11822,56540,65535)  #9C2EDCFF  srgba(156,46,220,1)
13,10: (40606,10023,58853,65535)  #9E27E5FF  srgba(158,39,229,1)
14,10: (41120,11308,46517,65535)  #A02CB5FF  srgba(160,44,181,1)
15,10: (41120,11565,38807,65535)  #A02D97FF  srgba(160,45,151,1)
0,11: (41120,18761,5140,65535)  #A04914FF  srgba(160,73,20,1)
1,11: (41634,12593,17219,65535)  #A23143FF  srgba(162,49,67,1)
2,11: (41891,21588,6425,65535)  #A35419FF  srgba(163,84,25,1)
3,11: (42148,7453,27499,65535)  #A41D6BFF  srgba(164,29,107,1)
4,11: (42148,12593,10794,65535)  #A4312AFF  srgba(164,49,42,1)
5,11: (42405,12850,28270,65535)  #A5326EFF  srgba(165,50,110,1)
6,11: (42662,9766,63736,65535)  #A626F8FF  srgba(166,38,248,1)
7,11: (42662,17990,7710,65535)  #A6461EFF  srgba(166,70,30,1)
8,11: (42662,29812,62451,65535)  #A674F3FF  srgba(166,116,243,1)
9,11: (43176,10280,57311,65535)  #A828DFFF  srgba(168,40,223,1)
10,11: (43433,17733,14392,65535)  #A94538FF  srgba(169,69,56,1)
11,11: (43433,30069,34438,65535)  #A97586FF  srgba(169,117,134,1)
12,11: (43690,19275,23130,65535)  #AA4B5AFF  srgba(170,75,90,1)
13,11: (43690,21331,6425,65535)  #AA5319FF  srgba(170,83,25,1)
14,11: (43947,25186,6939,65535)  #AB621BFF  srgba(171,98,27,1)
15,11: (43947,32639,7967,65535)  #AB7F1FFF  srgba(171,127,31,1)
0,12: (44461,41891,32896,65535)  #ADA380FF  srgba(173,163,128,1)
1,12: (44718,41634,42662,65535)  #AEA2A6FF  srgba(174,162,166,1)
2,12: (45232,10537,4626,65535)  #B02912FF  srgba(176,41,18,1)
3,12: (45232,18247,6168,65535)  #B04718FF  srgba(176,71,24,1)
4,12: (45489,10023,38036,65535)  #B12794FF  srgba(177,39,148,1)
5,12: (45489,10280,46260,65535)  #B128B4FF  srgba(177,40,180,1)
6,12: (45489,45746,17990,65535)  #B1B246FF  srgba(177,178,70,1)
7,12: (45746,21331,6682,65535)  #B2531AFF  srgba(178,83,26,1)
8,12: (47031,38550,28527,65535)  #B7966FFF  srgba(183,150,111,1)
9,12: (47802,10023,56540,65535)  #BA27DCFF  srgba(186,39,220,1)
10,12: (48059,17733,6168,65535)  #BB4518FF  srgba(187,69,24,1)
11,12: (48059,42662,21074,65535)  #BBA652FF  srgba(187,166,82,1)
12,12: (49087,37779,19018,65535)  #BF934AFF  srgba(191,147,74,1)
13,12: (49858,9509,41120,65535)  #C225A0FF  srgba(194,37,160,1)
14,12: (50115,37522,39064,65535)  #C39298FF  srgba(195,146,152,1)
15,12: (50372,12850,11822,65535)  #C4322EFF  srgba(196,50,46,1)
0,13: (50372,37779,33153,65535)  #C49381FF  srgba(196,147,129,1)
1,13: (50629,7453,27499,65535)  #C51D6BFF  srgba(197,29,107,1)
2,13: (50629,11308,27242,65535)  #C52C6AFF  srgba(197,44,106,1)
3,13: (50886,16705,6168,65535)  #C64118FF  srgba(198,65,24,1)
4,13: (51143,16962,14649,65535)  #C74239FF  srgba(199,66,57,1)
5,13: (51657,8995,17219,65535)  #C92343FF  srgba(201,35,67,1)
6,13: (51657,42405,12593,65535)  #C9A531FF  srgba(201,165,49,1)
7,13: (51914,9509,11051,65535)  #CA252BFF  srgba(202,37,43,1)
8,13: (51914,19275,24158,65535)  #CA4B5EFF  srgba(202,75,94,1)
9,13: (52685,28527,24929,65535)  #CD6F61FF  srgba(205,111,97,1)
10,13: (52685,41891,10794,65535)  #CDA32AFF  srgba(205,163,42,1)
11,13: (52942,12593,5654,65535)  #CE3116FF  srgba(206,49,22,1)
12,13: (53199,34952,35466,65535)  #CF888AFF  srgba(207,136,138,1)
13,13: (53456,21845,7196,65535)  #D0551CFF  srgba(208,85,28,1)
14,13: (53456,30326,55255,65535)  #D076D7FF  srgba(208,118,215,1)
15,13: (54227,26728,14906,65535)  #D3683AFF  srgba(211,104,58,1)
0,14: (54227,37008,27499,65535)  #D3906BFF  srgba(211,144,107,1)
1,14: (54741,38550,16191,65535)  #D5963FFF  srgba(213,150,63,1)
2,14: (55255,15934,6425,65535)  #D73E19FF  srgba(215,62,25,1)
3,14: (55255,35723,9509,65535)  #D78B25FF  srgba(215,139,37,1)
4,14: (55769,9509,40092,65535)  #D9259CFF  srgba(217,37,156,1)
5,14: (56283,20046,50372,65535)  #DB4EC4FF  srgba(219,78,196,1)
6,14: (56283,34695,35209,65535)  #DB8789FF  srgba(219,135,137,1)
7,14: (57568,12079,5911,65535)  #E02F17FF  srgba(224,47,23,1)
8,14: (58082,27756,41377,65535)  #E26CA1FF  srgba(226,108,161,1)
9,14: (59367,10280,12850,65535)  #E72832FF  srgba(231,40,50,1)
10,14: (60138,8995,18761,65535)  #EA2349FF  srgba(234,35,73,1)
11,14: (60652,8738,26728,65535)  #EC2268FF  srgba(236,34,104,1)
12,14: (60652,39064,14392,65535)  #EC9838FF  srgba(236,152,56,1)
13,14: (60909,36237,20303,65535)  #ED8D4FFF  srgba(237,141,79,1)
14,14: (61680,10537,8738,65535)  #F02922FF  srgba(240,41,34,1)
15,14: (61937,38550,10537,65535)  #F19629FF  srgba(241,150,41,1)
0,15: (62194,10794,6168,65535)  #F22A18FF  srgba(242,42,24,1)
1,15: (62451,8481,13107,65535)  #F32133FF  srgba(243,33,51,1)
2,15: (62451,31611,35723,65535)  #F37B8BFF  srgba(243,123,139,1)
3,15: (63222,33153,24929,65535)  #F68161FF  srgba(246,129,97,1)
4,15: (63479,36494,12593,65535)  #F78E31FF  srgba(247,142,49,1)
5,15: (63993,28013,10023,65535)  #F96D27FF  srgba(249,109,39,1)
6,15: (64250,8738,8738,65535)  #FA2222FF  srgba(250,34,34,1)
7,15: (64250,33667,15163,65535)  #FA833BFF  srgba(250,131,59,1)
8,15: (64250,34438,10023,65535)  #FA8627FF  srgba(250,134,39,1)
9,15: (64764,23901,35723,65535)  #FC5D8BFF  srgba(252,93,139,1)
10,15: (65021,10023,6425,65535)  #FD2719FF  srgba(253,39,25,1)
11,15: (65021,24158,20817,65535)  #FD5E51FF  srgba(253,94,81,1)
12,15: (65021,26728,14135,65535)  #FD6837FF  srgba(253,104,55,1)
13,15: (65021,29041,23901,65535)  #FD715DFF  srgba(253,113,93,1)
14,15: (65278,25443,41634,65535)  #FE63A2FF  srgba(254,99,162,1)
15,15: (0,65535,0,0)  #00FF0000  srgba(0,255,0,0)
