# ImageMagick pixel enumeration: 16,16,65535,srgba
0,0: (0,0,0,65535)  #000000FF  black
1,0: (0,0,514,65535)  #000002FF  srgba(0,0,2,1)
2,0: (0,0,771,65535)  #000003FF  srgba(0,0,3,1)
3,0: (0,0,1285,65535)  #000005FF  srgba(0,0,5,1)
4,0: (0,0,2313,65535)  #000009FF  srgba(0,0,9,1)
5,0: (0,0,3598,65535)  #00000EFF  srgba(0,0,14,1)
6,0: (0,0,7453,65535)  #00001DFF  srgba(0,0,29,1)
7,0: (0,2827,13878,65535)  #000B36FF  srgba(0,11,54,1)
8,0: (0,6168,22873,65535)  #001859FF  srgba(0,24,89,1)
9,0: (257,0,0,65535)  #010000FF  srgba(1,0,0,1)
10,0: (257,0,3855,65535)  #01000FFF  srgba(1,0,15,1)
11,0: (257,257,257,65535)  #010101FF  srgba(1,1,1,1)
12,0: (514,0,257,65535)  #020001FF  srgba(2,0,1,1)
13,0: (514,0,514,65535)  #020002FF  srgba(2,0,2,1)
14,0: (514,1799,7453,65535)  #02071DFF  srgba(2,7,29,1)
15,0: (771,514,514,65535)  #030202FF  srgba(3,2,2,1)
0,1: (771,1285,3341,65535)  #03050DFF  srgba(3,5,13,1)
1,1: (771,10023,29555,65535)  #032773FF  srgba(3,39,115,1)
2,1: (1028,13107,34952,65535)  #043388FF  srgba(4,51,136,1)
3,1: (1799,4883,13364,65535)  #071334FF  srgba(7,19,52,1)
4,1: (2056,0,0,65535)  #080000FF  srgba(8,0,0,1)
5,1: (2056,0,514,65535)  #080002FF  srgba(8,0,2,1)
6,1: (3341,2827,3598,65535)  #0D0B0EFF  srgba(13,11,14,1)
7,1: (3598,2313,771,65535)  #0E0903FF  srgba(14,9,3,1)
8,1: (4112,10280,22102,65535)  #102856FF  srgba(16,40,86,1)
9,1: (4112,17990,37008,65535)  #104690FF  srgba(16,70,144,1)
10,1: (4626,5654,5911,65535)  #121617FF  srgba(18,22,23,1)
11,1: (4883,6939,12593,65535)  #131B31FF  srgba(19,27,49,1)
12,1: (4883,9766,14906,65535)  #13263AFF  srgba(19,38,58,1)
13,1: (5140,1028,514,65535)  #140402FF  srgba(20,4,2,1)
14,1: (6168,0,0,65535)  #180000FF  srgba(24,0,0,1)
15,1: (6682,0,514,65535)  #1A0002FF  srgba(26,0,2,1)
0,2: (7453,3341,3084,65535)  #1D0D0CFF  srgba(29,13,12,1)
1,2: (7453,17219,29555,65535)  #1D4373FF  srgba(29,67,115,1)
2,2: (7710,0,0,65535)  #1E0000FF  srgba(30,0,0,1)
3,2: (7967,24415,44718,65535)  #1F5FAEFF  srgba(31,95,174,1)
4,2: (8481,5911,771,65535)  #211703FF  srgba(33,23,3,1)
5,2: (8481,14906,22616,65535)  #213A58FF  srgba(33,58,88,1)
6,2: (9509,7967,6168,65535)  #251F18FF  srgba(37,31,24,1)
7,2: (9509,10280,12850,65535)  #252832FF  srgba(37,40,50,1)
8,2: (9509,12593,14649,65535)  #253139FF  srgba(37,49,57,1)
9,2: (9509,21331,33924,65535)  #255384FF  srgba(37,83,132,1)
10,2: (9766,2827,514,65535)  #260B02FF  srgba(38,11,2,1)
11,2: (9766,5911,4369,65535)  #261711FF  srgba(38,23,17,1)
12,2: (10537,9766,6939,65535)  #29261BFF  srgba(41,38,27,1)
13,2: (10794,16191,15420,65535)  #2A3F3CFF  srgba(42,63,60,1)
14,2: (11051,31354,49344,65535)  #2B7AC0FF  srgba(43,122,192,1)
15,2: (11308,771,257,65535)  #2C0301FF  srgba(44,3,1,1)
0,3: (11308,12593,6682,65535)  #2C311AFF  srgba(44,49,26,1)
1,3: (11308,19275,23901,65535)  #2C4B5DFF  srgba(44,75,93,1)
2,3: (11308,25186,35980,65535)  #2C628CFF  srgba(44,98,140,1)
3,3: (13364,10537,514,65535)  #342902FF  srgba(52,41,2,1)
4,3: (14392,0,0,65535)  #380000FF  srgba(56,0,0,1)
5,3: (14649,0,257,65535)  #390001FF  srgba(57,0,1,1)
6,3: (16191,6168,514,65535)  #3F1802FF  srgba(63,24,2,1)
7,3: (16448,16448,17733,65535)  #404045FF  srgba(64,64,69,1)
8,3: (16705,19789,21845,65535)  #414D55FF  srgba(65,77,85,1)
9,3: (16962,8481,6425,65535)  #422119FF  srgba(66,33,25,1)
10,3: (17219,13621,10794,65535)  #43352AFF  srgba(67,53,42,1)
11,3: (17219,32639,50629,65535)  #437FC5FF  srgba(67,127,197,1)
12,3: (17476,6168,3084,65535)  #44180CFF  srgba(68,24,12,1)
13,3: (17476,25186,27499,65535)  #44626BFF  srgba(68,98,107,1)
14,3: (17476,26471,33924,65535)  #446784FF  srgba(68,103,132,1)
15,3: (17476,29555,42148,65535)  #4473A4FF  srgba(68,115,164,1)
0,4: (17733,13107,5654,65535)  #453316FF  srgba(69,51,22,1)
1,4: (17733,24415,20303,65535)  #455F4FFF  srgba(69,95,79,1)
2,4: (18247,2827,514,65535)  #470B02FF  srgba(71,11,2,1)
3,4: (20046,771,257,65535)  #4E0301FF  srgba(78,3,1,1)
4,4: (20046,19532,11822,65535)  #4E4C2EFF  srgba(78,76,46,1)
5,4: (20303,15420,514,65535)  #4F3C02FF  srgba(79,60,2,1)
6,4: (20560,19275,6168,65535)  #504B18FF  srgba(80,75,24,1)
7,4: (20560,39321,56540,65535)  #5099DCFF  srgba(80,153,220,1)
8,4: (21331,10794,514,65535)  #532A02FF  srgba(83,42,2,1)
9,4: (21845,0,0,65535)  #550000FF  srgba(85,0,0,1)
10,4: (22102,28784,31868,65535)  #56707CFF  srgba(86,112,124,1)
11,4: (22102,32639,44204,65535)  #567FACFF  srgba(86,127,172,1)
12,4: (22873,6425,257,65535)  #591901FF  srgba(89,25,1,1)
13,4: (23387,21074,18247,65535)  #5B5247FF  srgba(91,82,71,1)
14,4: (24158,28784,20560,65535)  #5E7050FF  srgba(94,112,80,1)
15,4: (24415,22873,257,65535)  #5F5901FF  srgba(95,89,1,1)
0,5: (24929,39835,46260,65535)  #619BB4FF  srgba(97,155,180,1)
1,5: (25443,13621,6168,65535)  #633518FF  srgba(99,53,24,1)
2,5: (25443,30583,31354,65535)  #63777AFF  srgba(99,119,122,1)
3,5: (25443,33410,42405,65535)  #6382A5FF  srgba(99,130,165,1)
4,5: (25443,39835,37008,65535)  #639B90FF  srgba(99,155,144,1)
5,5: (25700,26471,8738,65535)  #646722FF  srgba(100,103,34,1)
6,5: (25957,47288,61166,65535)  #65B8EEFF  srgba(101,184,238,1)
7,5: (26214,5911,3855,65535)  #66170FFF  srgba(102,23,15,1)
8,5: (27499,40863,56283,65535)  #6B9FDBFF  srgba(107,159,219,1)
9,5: (28013,0,0,65535)  #6D0000FF  srgba(109,0,0,1)
10,5: (28270,32639,35980,65535)  #6E7F8CFF  srgba(110,127,140,1)
11,5: (28527,2827,257,65535)  #6F0B01FF  srgba(111,11,1,1)
12,5: (28527,39835,25700,65535)  #6F9B64FF  srgba(111,155,100,1)
13,5: (29298,10794,257,65535)  #722A01FF  srgba(114,42,1,1)
14,5: (29555,771,257,65535)  #730301FF  srgba(115,3,1,1)
15,5: (29555,19789,7453,65535)  #734D1DFF  srgba(115,77,29,1)
0,6: (29812,28013,19018,65535)  #746D4AFF  srgba(116,109,74,1)
1,6: (30069,6425,257,65535)  #751901FF  srgba(117,25,1,1)
2,6: (30840,15420,257,65535)  #783C01FF  srgba(120,60,1,1)
3,6: (31354,49601,61423,65535)  #7AC1EFFF  srgba(122,193,239,1)
4,6: (32125,25186,257,65535)  #7D6201FF  srgba(125,98,1,1)
5,6: (32896,34952,8224,65535)  #808820FF  srgba(128,136,32,1)
6,6: (33667,32896,32896,65535)  #838080FF  srgba(131,128,128,1)
7,6: (33667,43947,46003,65535)  #83ABB3FF  srgba(131,171,179,1)
8,6: (34438,42662,36751,65535)  #86A68FFF  srgba(134,166,143,1)
9,6: (34952,0,0,65535)  #880000FF  srgba(136,0,0,1)
10,6: (35980,48059,59110,65535)  #8CBBE6FF  srgba(140,187,230,1)
11,6: (36237,41120,23644,65535)  #8DA05CFF  srgba(141,160,92,1)
12,6: (36494,55255,62965,65535)  #8ED7F5FF  srgba(142,215,245,1)
13,6: (36751,1799,257,65535)  #8F0701FF  srgba(143,7,1,1)
14,6: (36751,4112,3341,65535)  #8F100DFF  srgba(143,16,13,1)
15,6: (36751,7196,257,65535)  #8F1C01FF  srgba(143,28,1,1)
0,7: (36751,11822,4626,65535)  #8F2E12FF  srgba(143,46,18,1)
1,7: (37008,15677,257,65535)  #903D01FF  srgba(144,61,1,1)
2,7: (38293,26985,6425,65535)  #956919FF  srgba(149,105,25,1)
3,7: (39064,20303,5654,65535)  #984F16FF  srgba(152,79,22,1)
4,7: (40606,24158,257,65535)  #9E5E01FF  srgba(158,94,1,1)
5,7: (40606,33153,19532,65535)  #9E814CFF  srgba(158,129,76,1)
6,7: (40863,25186,17476,65535)  #9F6244FF  srgba(159,98,68,1)
7,7: (41120,30583,257,65535)  #A07701FF  srgba(160,119,1,1)
8,7: (41634,37008,257,65535)  #A29001FF  srgba(162,144,1,1)
9,7: (41634,54227,60909,65535)  #A2D3EDFF  srgba(162,211,237,1)
10,7: (41891,7453,257,65535)  #A31D01FF  srgba(163,29,1,1)
11,7: (41891,63222,65021,65535)  #A3F6FDFF  srgba(163,246,253,1)
12,7: (42148,1799,0,65535)  #A40700FF  srgba(164,7,0,1)
13,7: (42148,15677,257,65535)  #A43D01FF  srgba(164,61,1,1)
14,7: (42148,43433,37265,65535)  #A4A991FF  srgba(164,169,145,1)
15,7: (42405,39064,6682,65535)  #A5981AFF  srgba(165,152,26,1)
0,8: (42919,52171,41120,65535)  #A7CBA0FF  srgba(167,203,160,1)
1,8: (43947,41377,20303,65535)  #ABA14FFF  srgba(171,161,79,1)
2,8: (45232,9252,3855,65535)  #B0240FFF  srgba(176,36,15,1)
3,8: (47031,2827,0,65535)  #B70B00FF  srgba(183,11,0,1)
4,8: (47288,50629,20817,65535)  #B8C551FF  srgba(184,197,81,1)
5,8: (47545,63993,65021,65535)  #B9F9FDFF  srgba(185,249,253,1)
6,8: (48059,9252,257,65535)  #BB2401FF  srgba(187,36,1,1)
7,8: (48059,16962,257,65535)  #BB4201FF  srgba(187,66,1,1)
8,8: (48316,56026,59624,65535)  #BCDAE8FF  srgba(188,218,232,1)
9,8: (48830,24672,257,65535)  #BE6001FF  srgba(190,96,1,1)
10,8: (49344,46774,257,65535)  #C0B601FF  srgba(192,182,1,1)
11,8: (49601,62965,61937,65535)  #C1F5F1FF  srgba(193,245,241,1)
12,8: (49858,22873,4369,65535)  #C25911FF  srgba(194,89,17,1)
13,8: (49858,33924,257,65535)  #C28401FF  srgba(194,132,1,1)
14,8: (51400,63222,54484,65535)  #C8F6D4FF  srgba(200,246,212,1)
15,8: (51657,33667,4369,65535)  #C98311FF  srgba(201,131,17,1)
0,9: (51657,63222,42148,65535)  #C9F6A4FF  srgba(201,246,164,1)
1,9: (52171,49344,37008,65535)  #CBC090FF  srgba(203,192,144,1)
2,9: (52428,43947,5911,65535)  #CCAB17FF  srgba(204,171,23,1)
3,9: (52428,64764,65021,65535)  #CCFCFDFF  srgba(204,252,253,1)
4,9: (52685,3341,0,65535)  #CD0D00FF  srgba(205,13,0,1)
5,9: (54484,9252,3598,65535)  #D4240EFF  srgba(212,36,14,1)
6,9: (54741,56797,38807,65535)  #D5DD97FF  srgba(213,221,151,1)
7,9: (55255,53456,6939,65535)  #D7D01BFF  srgba(215,208,27,1)
8,9: (56026,26985,257,65535)  #DA6901FF  srgba(218,105,1,1)
9,9: (56540,10280,257,65535)  #DC2801FF  srgba(220,40,1,1)
10,9: (56797,49858,0,65535)  #DDC200FF  srgba(221,194,0,1)
11,9: (57054,61937,18504,65535)  #DEF148FF  srgba(222,241,72,1)
12,9: (57311,37265,257,65535)  #DF9101FF  srgba(223,145,1,1)
13,9: (58082,65021,65278,65535)  #E2FDFEFF  srgba(226,253,254,1)
14,9: (58339,17733,257,65535)  #E34501FF  srgba(227,69,1,1)
15,9: (58339,23644,4112,65535)  #E35C10FF  srgba(227,92,16,1)
0,10: (58853,47802,18761,65535)  #E5BA49FF  srgba(229,186,73,1)
1,10: (59367,56797,19532,65535)  #E7DD4CFF  srgba(231,221,76,1)
2,10: (59367,64764,61423,65535)  #E7FCEFFF  srgba(231,252,239,1)
3,10: (59881,63736,41377,65535)  #E9F8A1FF  srgba(233,248,161,1)
4,10: (59881,64507,54227,65535)  #E9FBD3FF  srgba(233,251,211,1)
5,10: (60652,34181,4112,65535)  #EC8510FF  srgba(236,133,16,1)
6,10: (60909,46517,0,65535)  #EDB500FF  srgba(237,181,0,1)
7,10: (61166,56283,0,65535)  #EEDB00FF  srgba(238,219,0,1)
8,10: (61423,62194,15677,65535)  #EFF23DFF  srgba(239,242,61,1)
9,10: (61937,43690,4883,65535)  #F1AA13FF  srgba(241,170,19,1)
10,10: (62708,27242,257,65535)  #F46A01FF  srgba(244,106,1,1)
11,10: (62708,54741,6425,65535)  #F4D519FF  srgba(244,213,25,1)
12,10: (62965,62965,7196,65535)  #F5F51CFF  srgba(245,245,28,1)
13,10: (62965,63479,20817,65535)  #F5F751FF  srgba(245,247,81,1)
14,10: (63222,37522,0,65535)  #F69200FF  srgba(246,146,0,1)
15,10: (63222,49087,0,65535)  #F6BF00FF  srgba(246,191,0,1)
0,11: (63222,65021,55512,65535)  #F6FDD8FF  srgba(246,253,216,1)
1,11: (63479,60138,257,65535)  #F7EA01FF  srgba(247,234,1,1)
2,11: (63479,64507,40863,65535)  #F7FB9FFF  srgba(247,251,159,1)
3,11: (63479,65021,61937,65535)  #F7FDF1FF  srgba(247,253,241,1)
4,11: (63479,65021,65021,65535)  #F7FDFDFF  srgba(247,253,253,1)
5,11: (63993,64250,6939,65535)  #F9FA1BFF  srgba(249,250,27,1)
6,11: (63993,64250,20560,65535)  #F9FA50FF  srgba(249,250,80,1)
7,11: (64507,49344,0,65535)  #FBC000FF  srgba(251,192,0,1)
8,11: (64507,57825,0,65535)  #FBE100FF  srgba(251,225,0,1)
9,11: (64507,62965,514,65535)  #FBF502FF  srgba(251,245,2,1)
10,11: (64507,64507,36494,65535)  #FBFB8EFF  srgba(251,251,142,1)
11,11: (64507,64764,6425,65535)  #FBFC19FF  srgba(251,252,25,1)
12,11: (64507,64764,16191,65535)  #FBFC3FFF  srgba(251,252,63,1)
13,11: (64507,64764,25443,65535)  #FBFC63FF  srgba(251,252,99,1)
14,11: (64507,65021,51914,65535)  #FBFDCAFF  srgba(251,253,202,1)
15,11: (64507,65021,60652,65535)  #FBFDECFF  srgba(251,253,236,1)
0,12: (64764,64764,7967,65535)  #FCFC1FFF  srgba(252,252,31,1)
1,12: (64764,64764,22102,65535)  #FCFC56FF  srgba(252,252,86,1)
2,12: (64764,65021,2313,65535)  #FCFD09FF  srgba(252,253,9,1)
3,12: (64764,65021,3084,65535)  #FCFD0CFF  srgba(252,253,12,1)
4,12: (64764,65021,64764,65535)  #FCFDFCFF  srgba(252,253,252,1)
5,12: (64764,65278,1542,65535)  #FCFE06FF  srgba(252,254,6,1)
6,12: (65021,64764,11308,65535)  #FDFC2CFF  srgba(253,252,44,1)
7,12: (65021,64764,26728,65535)  #FDFC68FF  srgba(253,252,104,1)
8,12: (65021,64764,33924,65535)  #FDFC84FF  srgba(253,252,132,1)
9,12: (65021,64764,40349,65535)  #FDFC9DFF  srgba(253,252,157,1)
10,12: (65021,64764,50115,65535)  #FDFCC3FF  srgba(253,252,195,1)
11,12: (65021,64764,62451,65535)  #FDFCF3FF  srgba(253,252,243,1)
12,12: (65021,65021,1028,65535)  #FDFD04FF  srgba(253,253,4,1)
13,12: (65021,65021,4883,65535)  #FDFD13FF  srgba(253,253,19,1)
14,12: (65021,65021,19532,65535)  #FDFD4CFF  srgba(253,253,76,1)
15,12: (65021,65021,58339,65535)  #FDFDE3FF  srgba(253,253,227,1)
0,13: (65021,65278,65278,65535)  #FDFEFEFF  srgba(253,254,254,1)
1,13: (65278,27242,1028,65535)  #FE6A04FF  srgba(254,106,4,1)
2,13: (65278,32896,6939,65535)  #FE801BFF  srgba(254,128,27,1)
3,13: (65278,38550,1028,65535)  #FE9604FF  srgba(254,150,4,1)
4,13: (65278,42919,7196,65535)  #FEA71CFF  srgba(254,167,28,1)
5,13: (65278,49087,1028,65535)  #FEBF04FF  srgba(254,191,4,1)
6,13: (65278,49344,7196,65535)  #FEC01CFF  srgba(254,192,28,1)
7,13: (65278,57568,3598,65535)  #FEE00EFF  srgba(254,224,14,1)
8,13: (65278,57825,14135,65535)  #FEE137FF  srgba(254,225,55,1)
9,13: (65278,60395,1028,65535)  #FEEB04FF  srgba(254,235,4,1)
10,13: (65278,61423,33924,65535)  #FEEF84FF  srgba(254,239,132,1)
11,13: (65278,63479,51657,65535)  #FEF7C9FF  srgba(254,247,201,1)
12,13: (65278,63736,4883,65535)  #FEF813FF  srgba(254,248,19,1)
13,13: (65278,63993,13621,65535)  #FEF935FF  srgba(254,249,53,1)
14,13: (65278,63993,22359,65535)  #FEF957FF  srgba(254,249,87,1)
15,13: (65278,64250,39064,65535)  #FEFA98FF  srgba(254,250,152,1)
0,14: (65278,64250,57054,65535)  #FEFADEFF  srgba(254,250,222,1)
1,14: (65278,64764,2056,65535)  #FEFC08FF  srgba(254,252,8,1)
2,14: (65278,64764,3855,65535)  #FEFC0FFF  srgba(254,252,15,1)
3,14: (65278,64764,6682,65535)  #FEFC1AFF  srgba(254,252,26,1)
4,14: (65278,64764,58339,65535)  #FEFCE3FF  srgba(254,252,227,1)
5,14: (65278,65021,2570,65535)  #FEFD0AFF  srgba(254,253,10,1)
6,14: (65278,65021,3084,65535)  #FEFD0CFF  srgba(254,253,12,1)
7,14: (65278,65021,4369,65535)  #FEFD11FF  srgba(254,253,17,1)
8,14: (65278,65021,10537,65535)  #FEFD29FF  srgba(254,253,41,1)
9,14: (65278,65021,35466,65535)  #FEFD8AFF  srgba(254,253,138,1)
10,14: (65278,65021,49344,65535)  #FEFDC0FF  srgba(254,253,192,1)
11,14: (65278,65021,58082,65535)  #FEFDE2FF  srgba(254,253,226,1)
12,14: (65278,65278,1542,65535)  #FEFE06FF  srgba(254,254,6,1)
13,14: (65278,65278,2056,65535)  #FEFE08FF  srgba(254,254,8,1)
14,14: (65278,65278,23387,65535)  #FEFE5BFF  srgba(254,254,91,1)
15,14: (65278,65278,34695,65535)  #FEFE87FF  srgba(254,254,135,1)
0,15: (65278,65278,51657,65535)  #FEFEC9FF  srgba(254,254,201,1)
1,15: (65278,65278,61680,65535)  #FEFEF0FF  srgba(254,254,240,1)
2,15: (65278,65278,65278,65535)  #FEFEFEFF  srgba(254,254,254,1)
3,15: (65535,64507,35980,65535)  #FFFB8CFF  srgba(255,251,140,1)
4,15: (65535,64507,50372,65535)  #FFFBC4FF  srgba(255,251,196,1)
5,15: (65535,64507,58596,65535)  #FFFBE4FF  srgba(255,251,228,1)
6,15: (65535,64764,11308,65535)  #FFFC2CFF  srgba(255,252,44,1)
7,15: (65535,64764,22102,65535)  #FFFC56FF  srgba(255,252,86,1)
8,15: (65535,64764,35980,65535)  #FFFC8CFF  srgba(255,252,140,1)
9,15: (65535,64764,47802,65535)  #FFFCBAFF  srgba(255,252,186,1)
10,15: (65535,65021,3341,65535)  #FFFD0DFF  srgba(255,253,13,1)
11,15: (65535,65278,3341,65535)  #FFFE0DFF  srgba(255,254,13,1)
12,15: (65535,65278,7967,65535)  #FFFE1FFF  srgba(255,254,31,1)
13,15: (65535,65278,15163,65535)  #FFFE3BFF  srgba(255,254,59,1)
14,15: (65535,65278,43176,65535)  #FFFEA8FF  srgba(255,254,168,1)
15,15: (0,65535,0,0)  #00FF0000  srgba(0,255,0,0)
