# ImageMagick pixel enumeration: 16,16,65535,srgba
0,0: (3598,2056,771,65535)  #0E0803FF  srgba(14,8,3,1)
1,0: (6425,8481,6939,65535)  #19211BFF  srgba(25,33,27,1)
2,0: (6682,4883,2313,65535)  #1A1309FF  srgba(26,19,9,1)
3,0: (7196,5140,2570,65535)  #1C140AFF  srgba(28,20,10,1)
4,0: (7710,6168,3598,65535)  #1E180EFF  srgba(30,24,14,1)
5,0: (7710,6425,3084,65535)  #1E190CFF  srgba(30,25,12,1)
6,0: (7710,6682,4112,65535)  #1E1A10FF  srgba(30,26,16,1)
7,0: (8481,5654,2570,65535)  #21160AFF  srgba(33,22,10,1)
8,0: (8738,3084,514,65535)  #220C02FF  srgba(34,12,2,1)
9,0: (8738,12079,10537,65535)  #222F29FF  srgba(34,47,41,1)
10,0: (9252,14135,13621,65535)  #243735FF  srgba(36,55,53,1)
11,0: (11051,16448,15420,65535)  #2B403CFF  srgba(43,64,60,1)
12,0: (11822,15677,14392,65535)  #2E3D38FF  srgba(46,61,56,1)
13,0: (12079,14649,13621,65535)  #2F3935FF  srgba(47,57,53,1)
14,0: (12079,15677,13621,65535)  #2F3D35FF  srgba(47,61,53,1)
15,0: (12850,7453,3084,65535)  #321D0CFF  srgba(50,29,12,1)
0,1: (13364,2827,0,65535)  #340B00FF  srgba(52,11,0,1)
1,1: (13621,9766,4883,65535)  #352613FF  srgba(53,38,19,1)
2,1: (13621,14392,11565,65535)  #35382DFF  srgba(53,56,45,1)
3,1: (13621,16191,14649,65535)  #353F39FF  srgba(53,63,57,1)
4,1: (13878,6425,514,65535)  #361902FF  srgba(54,25,2,1)
5,1: (13878,13107,9509,65535)  #363325FF  srgba(54,51,37,1)
6,1: (14392,15934,12850,65535)  #383E32FF  srgba(56,62,50,1)
7,1: (14392,19018,17219,65535)  #384A43FF  srgba(56,74,67,1)
8,1: (17990,14392,10794,65535)  #46382AFF  srgba(70,56,42,1)
9,1: (18504,10023,5397,65535)  #482715FF  srgba(72,39,21,1)
10,1: (18504,21331,18761,65535)  #485349FF  srgba(72,83,73,1)
11,1: (18761,4883,0,65535)  #491300FF  srgba(73,19,0,1)
12,1: (18761,17733,14649,65535)  #494539FF  srgba(73,69,57,1)
13,1: (19018,16705,12850,65535)  #4A4132FF  srgba(74,65,50,1)
14,1: (19275,7196,771,65535)  #4B1C03FF  srgba(75,28,3,1)
15,1: (19275,9252,2313,65535)  #4B2409FF  srgba(75,36,9,1)
0,2: (19275,13364,7967,65535)  #4B341FFF  srgba(75,52,31,1)
1,2: (19532,15934,10794,65535)  #4C3E2AFF  srgba(76,62,42,1)
2,2: (20817,25186,22873,65535)  #516259FF  srgba(81,98,89,1)
3,2: (23387,29298,27499,65535)  #5B726BFF  srgba(91,114,107,1)
4,2: (24158,7453,514,65535)  #5E1D02FF  srgba(94,29,2,1)
5,2: (24415,13621,7710,65535)  #5F351EFF  srgba(95,53,30,1)
6,2: (25443,11822,5654,65535)  #632E16FF  srgba(99,46,22,1)
7,2: (25443,14649,9766,65535)  #633926FF  srgba(99,57,38,1)
8,2: (25700,21845,17990,65535)  #645546FF  srgba(100,85,70,1)
9,2: (25957,16448,11308,65535)  #65402CFF  srgba(101,64,44,1)
10,2: (26214,19789,14906,65535)  #664D3AFF  srgba(102,77,58,1)
11,2: (26728,10794,2056,65535)  #682A08FF  srgba(104,42,8,1)
12,2: (26985,15934,9766,65535)  #693E26FF  srgba(105,62,38,1)
13,2: (26985,18247,12593,65535)  #694731FF  srgba(105,71,49,1)
14,2: (27242,34438,33153,65535)  #6A8681FF  srgba(106,134,129,1)
15,2: (28527,25957,21845,65535)  #6F6555FF  srgba(111,101,85,1)
0,3: (28784,14649,7196,65535)  #70391CFF  srgba(112,57,28,1)
1,3: (28784,15934,8224,65535)  #703E20FF  srgba(112,62,32,1)
2,3: (28784,31097,28270,65535)  #70796EFF  srgba(112,121,110,1)
3,3: (29041,8224,257,65535)  #712001FF  srgba(113,32,1,1)
4,3: (30069,35980,34438,65535)  #758C86FF  srgba(117,140,134,1)
5,3: (30583,13621,6168,65535)  #773518FF  srgba(119,53,24,1)
6,3: (31611,11822,1542,65535)  #7B2E06FF  srgba(123,46,6,1)
7,3: (32639,35466,33153,65535)  #7F8A81FF  srgba(127,138,129,1)
8,3: (32896,39064,37779,65535)  #809893FF  srgba(128,152,147,1)
9,3: (34438,29041,24929,65535)  #867161FF  srgba(134,113,97,1)
10,3: (34695,20303,13621,65535)  #874F35FF  srgba(135,79,53,1)
11,3: (34952,16962,7967,65535)  #88421FFF  srgba(136,66,31,1)
12,3: (34952,22359,16191,65535)  #88573FFF  srgba(136,87,63,1)
13,3: (34952,25443,19532,65535)  #88634CFF  srgba(136,99,76,1)
14,3: (34952,32639,28784,65535)  #887F70FF  srgba(136,127,112,1)
15,3: (35466,16191,5911,65535)  #8A3F17FF  srgba(138,63,23,1)
0,4: (35723,36751,34181,65535)  #8B8F85FF  srgba(139,143,133,1)
1,4: (35723,47288,51143,65535)  #8BB8C7FF  srgba(139,184,199,1)
2,4: (35723,56283,62451,65535)  #8BDBF3FF  srgba(139,219,243,1)
3,4: (35980,14392,4112,65535)  #8C3810FF  srgba(140,56,16,1)
4,4: (35980,40606,39578,65535)  #8C9E9AFF  srgba(140,158,154,1)
5,4: (35980,51400,55512,65535)  #8CC8D8FF  srgba(140,200,216,1)
6,4: (36237,19532,11565,65535)  #8D4C2DFF  srgba(141,76,45,1)
7,4: (36494,12593,0,65535)  #8E3100FF  srgba(142,49,0,1)
8,4: (36494,17990,9252,65535)  #8E4624FF  srgba(142,70,36,1)
9,4: (36751,12593,514,65535)  #8F3102FF  srgba(143,49,2,1)
10,4: (36751,18247,10280,65535)  #8F4728FF  srgba(143,71,40,1)
11,4: (36751,43433,44718,65535)  #8FA9AEFF  srgba(143,169,174,1)
12,4: (37008,12336,1028,65535)  #903004FF  srgba(144,48,4,1)
13,4: (37008,18504,10794,65535)  #90482AFF  srgba(144,72,42,1)
14,4: (37008,62965,65021,65535)  #90F5FDFF  srgba(144,245,253,1)
15,4: (37265,13107,0,65535)  #913300FF  srgba(145,51,0,1)
0,5: (37522,13107,1285,65535)  #923305FF  srgba(146,51,5,1)
1,5: (37522,14135,2056,65535)  #923708FF  srgba(146,55,8,1)
2,5: (37779,13364,1028,65535)  #933404FF  srgba(147,52,4,1)
3,5: (38293,12593,0,65535)  #953100FF  srgba(149,49,0,1)
4,5: (38293,18761,10537,65535)  #954929FF  srgba(149,73,41,1)
5,5: (38293,19018,9766,65535)  #954A26FF  srgba(149,74,38,1)
6,5: (38550,19532,9252,65535)  #964C24FF  srgba(150,76,36,1)
7,5: (38550,24158,16962,65535)  #965E42FF  srgba(150,94,66,1)
8,5: (38550,38293,36237,65535)  #96958DFF  srgba(150,149,141,1)
9,5: (38550,40863,38807,65535)  #969F97FF  srgba(150,159,151,1)
10,5: (38550,41377,40863,65535)  #96A19FFF  srgba(150,161,159,1)
11,5: (38550,56797,61680,65535)  #96DDF0FF  srgba(150,221,240,1)
12,5: (38807,12850,514,65535)  #973202FF  srgba(151,50,2,1)
13,5: (38807,13364,514,65535)  #973402FF  srgba(151,52,2,1)
14,5: (38807,19275,8481,65535)  #974B21FF  srgba(151,75,33,1)
15,5: (38807,19275,10537,65535)  #974B29FF  srgba(151,75,41,1)
0,6: (38807,19789,10280,65535)  #974D28FF  srgba(151,77,40,1)
1,6: (38807,31868,27242,65535)  #977C6AFF  srgba(151,124,106,1)
2,6: (38807,48059,50886,65535)  #97BBC6FF  srgba(151,187,198,1)
3,6: (38807,52428,55769,65535)  #97CCD9FF  srgba(151,204,217,1)
4,6: (39064,16448,3855,65535)  #98400FFF  srgba(152,64,15,1)
5,6: (39064,18247,6939,65535)  #98471BFF  srgba(152,71,27,1)
6,6: (39064,20303,11565,65535)  #984F2DFF  srgba(152,79,45,1)
7,6: (39064,43690,43690,65535)  #98AAAAFF  srgba(152,170,170,1)
8,6: (39064,63736,65021,65535)  #98F8FDFF  srgba(152,248,253,1)
9,6: (39321,13621,0,65535)  #993500FF  srgba(153,53,0,1)
10,6: (39321,39835,39064,65535)  #999B98FF  srgba(153,155,152,1)
11,6: (39321,41120,40606,65535)  #99A09EFF  srgba(153,160,158,1)
12,6: (39578,20303,9766,65535)  #9A4F26FF  srgba(154,79,38,1)
13,6: (39578,39835,38550,65535)  #9A9B96FF  srgba(154,155,150,1)
14,6: (39578,40606,39064,65535)  #9A9E98FF  srgba(154,158,152,1)
15,6: (39578,43690,43433,65535)  #9AAAA9FF  srgba(154,170,169,1)
0,7: (39835,40349,39064,65535)  #9B9D98FF  srgba(155,157,152,1)
1,7: (39835,40349,39578,65535)  #9B9D9AFF  srgba(155,157,154,1)
2,7: (39835,40606,39321,65535)  #9B9E99FF  srgba(155,158,153,1)
3,7: (39835,43433,42919,65535)  #9BA9A7FF  srgba(155,169,167,1)
4,7: (39835,46003,46003,65535)  #9BB3B3FF  srgba(155,179,179,1)
5,7: (40092,40606,38550,65535)  #9C9E96FF  srgba(156,158,150,1)
6,7: (40092,40606,39835,65535)  #9C9E9BFF  srgba(156,158,155,1)
7,7: (40092,41377,39064,65535)  #9CA198FF  srgba(156,161,152,1)
8,7: (40349,19789,11308,65535)  #9D4D2CFF  srgba(157,77,44,1)
9,7: (40349,40863,39578,65535)  #9D9F9AFF  srgba(157,159,154,1)
10,7: (40349,40863,39578,65535)  #9D9F9AFF  srgba(157,159,154,1)
11,7: (40349,46774,46517,65535)  #9DB6B5FF  srgba(157,182,181,1)
12,7: (40349,49087,50115,65535)  #9DBFC3FF  srgba(157,191,195,1)
13,7: (40349,53199,56797,65535)  #9DCFDDFF  srgba(157,207,221,1)
14,7: (40349,57311,61680,65535)  #9DDFF0FF  srgba(157,223,240,1)
15,7: (40349,64250,65278,65535)  #9DFAFEFF  srgba(157,250,254,1)
0,8: (40606,13878,771,65535)  #9E3603FF  srgba(158,54,3,1)
1,8: (40606,41120,40092,65535)  #9EA09CFF  srgba(158,160,156,1)
2,8: (40606,42405,40863,65535)  #9EA59FFF  srgba(158,165,159,1)
3,8: (40606,43176,42919,65535)  #9EA8A7FF  srgba(158,168,167,1)
4,8: (40863,20303,8995,65535)  #9F4F23FF  srgba(159,79,35,1)
5,8: (40863,20303,10537,65535)  #9F4F29FF  srgba(159,79,41,1)
6,8: (40863,26214,18504,65535)  #9F6648FF  srgba(159,102,72,1)
7,8: (40863,31868,26471,65535)  #9F7C67FF  srgba(159,124,103,1)
8,8: (40863,36237,32125,65535)  #9F8D7DFF  srgba(159,141,125,1)
9,8: (40863,41377,40606,65535)  #9FA19EFF  srgba(159,161,158,1)
10,8: (40863,42662,41377,65535)  #9FA6A1FF  srgba(159,166,161,1)
11,8: (40863,45746,45489,65535)  #9FB2B1FF  srgba(159,178,177,1)
12,8: (40863,47545,47288,65535)  #9FB9B8FF  srgba(159,185,184,1)
13,8: (41120,19275,7967,65535)  #A04B1FFF  srgba(160,75,31,1)
14,8: (41120,41120,39321,65535)  #A0A099FF  srgba(160,160,153,1)
15,8: (41120,42919,42148,65535)  #A0A7A4FF  srgba(160,167,164,1)
0,9: (41120,44204,43690,65535)  #A0ACAAFF  srgba(160,172,170,1)
1,9: (41377,41634,39835,65535)  #A1A29BFF  srgba(161,162,155,1)
2,9: (41377,41634,40606,65535)  #A1A29EFF  srgba(161,162,158,1)
3,9: (41377,41634,41120,65535)  #A1A2A0FF  srgba(161,162,160,1)
4,9: (41377,46517,46774,65535)  #A1B5B6FF  srgba(161,181,182,1)
5,9: (41634,18247,5397,65535)  #A24715FF  srgba(162,71,21,1)
6,9: (41634,42148,40863,65535)  #A2A49FFF  srgba(162,164,159,1)
7,9: (41634,42148,41377,65535)  #A2A4A1FF  srgba(162,164,161,1)
8,9: (41634,43176,40863,65535)  #A2A89FFF  srgba(162,168,159,1)
9,9: (41634,47288,47031,65535)  #A2B8B7FF  srgba(162,184,183,1)
10,9: (41634,49344,49344,65535)  #A2C0C0FF  srgba(162,192,192,1)
11,9: (41634,51143,52685,65535)  #A2C7CDFF  srgba(162,199,205,1)
12,9: (41634,54741,58339,65535)  #A2D5E3FF  srgba(162,213,227,1)
13,9: (41634,57825,61937,65535)  #A2E1F1FF  srgba(162,225,241,1)
14,9: (41634,64250,65021,65535)  #A2FAFDFF  srgba(162,250,253,1)
15,9: (41634,64507,65535,65535)  #A2FBFFFF  srgba(162,251,255,1)
0,10: (41891,40349,38036,65535)  #A39D94FF  srgba(163,157,148,1)
1,10: (41891,42405,40863,65535)  #A3A59FFF  srgba(163,165,159,1)
2,10: (41891,42405,41634,65535)  #A3A5A2FF  srgba(163,165,162,1)
3,10: (41891,42662,41634,65535)  #A3A6A2FF  srgba(163,166,162,1)
4,10: (41891,43690,42662,65535)  #A3AAA6FF  srgba(163,170,166,1)
5,10: (41891,43947,41377,65535)  #A3ABA1FF  srgba(163,171,161,1)
6,10: (41891,44461,44204,65535)  #A3ADACFF  srgba(163,173,172,1)
7,10: (41891,45489,44718,65535)  #A3B1AEFF  srgba(163,177,174,1)
8,10: (42148,42662,41377,65535)  #A4A6A1FF  srgba(164,166,161,1)
9,10: (42148,42919,41891,65535)  #A4A7A3FF  srgba(164,167,163,1)
10,10: (42405,27499,19789,65535)  #A56B4DFF  srgba(165,107,77,1)
11,10: (42405,42919,41634,65535)  #A5A7A2FF  srgba(165,167,162,1)
12,10: (42405,47545,41891,65535)  #A5B9A3FF  srgba(165,185,163,1)
13,10: (42662,33410,27756,65535)  #A6826CFF  srgba(166,130,108,1)
14,10: (42662,37008,32639,65535)  #A6907FFF  srgba(166,144,127,1)
15,10: (42662,41120,38293,65535)  #A6A095FF  srgba(166,160,149,1)
0,11: (42662,42662,40863,65535)  #A6A69FFF  srgba(166,166,159,1)
1,11: (42662,43176,41891,65535)  #A6A8A3FF  srgba(166,168,163,1)
2,11: (42662,43947,42148,65535)  #A6ABA4FF  srgba(166,171,164,1)
3,11: (42919,41377,39064,65535)  #A7A198FF  srgba(167,161,152,1)
4,11: (42919,43433,42148,65535)  #A7A9A4FF  srgba(167,169,164,1)
5,11: (42919,45489,44718,65535)  #A7B1AEFF  srgba(167,177,174,1)
6,11: (42919,47031,46260,65535)  #A7B7B4FF  srgba(167,183,180,1)
7,11: (42919,48316,48059,65535)  #A7BCBBFF  srgba(167,188,187,1)
8,11: (42919,64250,65278,65535)  #A7FAFEFF  srgba(167,250,254,1)
9,11: (43176,43690,42919,65535)  #A8AAA7FF  srgba(168,170,167,1)
10,11: (43176,43947,42405,65535)  #A8ABA5FF  srgba(168,171,165,1)
11,11: (43176,44461,43433,65535)  #A8ADA9FF  srgba(168,173,169,1)
12,11: (43176,49601,49601,65535)  #A8C1C1FF  srgba(168,193,193,1)
13,11: (43176,51400,52428,65535)  #A8C8CCFF  srgba(168,200,204,1)
14,11: (43176,55512,58339,65535)  #A8D8E3FF  srgba(168,216,227,1)
15,11: (43176,58596,62965,65535)  #A8E4F5FF  srgba(168,228,245,1)
0,12: (43176,62965,64250,65535)  #A8F5FAFF  srgba(168,245,250,1)
1,12: (43176,64507,65535,65535)  #A8FBFFFF  srgba(168,251,255,1)
2,12: (43433,41634,39835,65535)  #A9A29BFF  srgba(169,162,155,1)
3,12: (43433,43433,41634,65535)  #A9A9A2FF  srgba(169,169,162,1)
4,12: (43690,43947,42919,65535)  #AAABA7FF  srgba(170,171,167,1)
5,12: (44204,39835,35980,65535)  #AC9B8CFF  srgba(172,155,140,1)
6,12: (44461,42405,39578,65535)  #ADA59AFF  srgba(173,165,154,1)
7,12: (44461,42662,40349,65535)  #ADA69DFF  srgba(173,166,157,1)
8,12: (44461,43947,41634,65535)  #ADABA2FF  srgba(173,171,162,1)
9,12: (44461,44204,41891,65535)  #ADACA3FF  srgba(173,172,163,1)
10,12: (44461,44718,43176,65535)  #ADAEA8FF  srgba(173,174,168,1)
11,12: (44461,46003,44975,65535)  #ADB3AFFF  srgba(173,179,175,1)
12,12: (44718,41377,38293,65535)  #AEA195FF  srgba(174,161,149,1)
13,12: (44718,41634,39064,65535)  #AEA298FF  srgba(174,162,152,1)
14,12: (44718,42148,39064,65535)  #AEA498FF  srgba(174,164,152,1)
15,12: (44718,47288,46517,65535)  #AEB8B5FF  srgba(174,184,181,1)
0,13: (44718,52428,54227,65535)  #AECCD3FF  srgba(174,204,211,1)
1,13: (44718,57054,60138,65535)  #AEDEEAFF  srgba(174,222,234,1)
2,13: (44975,43433,41377,65535)  #AFA9A1FF  srgba(175,169,161,1)
3,13: (44975,49087,48830,65535)  #AFBFBEFF  srgba(175,191,190,1)
4,13: (44975,60652,64764,65535)  #AFECFCFF  srgba(175,236,252,1)
5,13: (44975,63993,65278,65535)  #AFF9FEFF  srgba(175,249,254,1)
6,13: (45232,65278,65021,65535)  #B0FEFDFF  srgba(176,254,253,1)
7,13: (45489,65021,65021,65535)  #B1FDFDFF  srgba(177,253,253,1)
8,13: (45746,41377,38293,65535)  #B2A195FF  srgba(178,161,149,1)
9,13: (46517,45232,43433,65535)  #B5B0A9FF  srgba(181,176,169,1)
10,13: (47031,33667,26985,65535)  #B78369FF  srgba(183,131,105,1)
11,13: (47031,42405,39064,65535)  #B7A598FF  srgba(183,165,152,1)
12,13: (47031,43176,40349,65535)  #B7A89DFF  srgba(183,168,157,1)
13,13: (47031,43947,41120,65535)  #B7ABA0FF  srgba(183,171,160,1)
14,13: (47031,44718,41891,65535)  #B7AEA3FF  srgba(183,174,163,1)
15,13: (47288,53199,54484,65535)  #B8CFD4FF  srgba(184,207,212,1)
0,14: (47288,57311,59881,65535)  #B8DFE9FF  srgba(184,223,233,1)
1,14: (47545,41377,37522,65535)  #B9A192FF  srgba(185,161,146,1)
2,14: (47545,64507,65021,65535)  #B9FBFDFF  srgba(185,251,253,1)
3,14: (47802,49344,48316,65535)  #BAC0BCFF  srgba(186,192,188,1)
4,14: (48059,46003,43690,65535)  #BBB3AAFF  srgba(187,179,170,1)
5,14: (49344,43947,40606,65535)  #C0AB9EFF  srgba(192,171,158,1)
6,14: (49344,64764,65278,65535)  #C0FCFEFF  srgba(192,252,254,1)
7,14: (49601,43176,39321,65535)  #C1A899FF  srgba(193,168,153,1)
8,14: (49601,46260,43690,65535)  #C1B4AAFF  srgba(193,180,170,1)
9,14: (50115,44975,41120,65535)  #C3AFA0FF  srgba(195,175,160,1)
10,14: (50372,42662,37779,65535)  #C4A693FF  srgba(196,166,147,1)
11,14: (50629,38550,32639,65535)  #C5967FFF  srgba(197,150,127,1)
12,14: (50886,39835,34181,65535)  #C69B85FF  srgba(198,155,133,1)
13,14: (51143,41120,35980,65535)  #C7A08CFF  srgba(199,160,140,1)
14,14: (51400,64507,65021,65535)  #C8FBFDFF  srgba(200,251,253,1)
15,14: (51657,50115,47802,65535)  #C9C3BAFF  srgba(201,195,186,1)
0,15: (51657,59110,60652,65535)  #C9E6ECFF  srgba(201,230,236,1)
1,15: (52942,54998,54484,65535)  #CED6D4FF  srgba(206,214,212,1)
2,15: (53713,44461,39835,65535)  #D1AD9BFF  srgba(209,173,155,1)
3,15: (53713,46517,43176,65535)  #D1B5A8FF  srgba(209,181,168,1)
4,15: (54484,42919,37008,65535)  #D4A790FF  srgba(212,167,144,1)
5,15: (54741,64764,65021,65535)  #D5FCFDFF  srgba(213,252,253,1)
6,15: (57054,43176,36237,65535)  #DEA88DFF  srgba(222,168,141,1)
7,15: (57311,49087,44461,65535)  #DFBFADFF  srgba(223,191,173,1)
8,15: (57568,44975,39321,65535)  #E0AF99FF  srgba(224,175,153,1)
9,15: (57825,46003,40092,65535)  #E1B39CFF  srgba(225,179,156,1)
10,15: (58339,44461,37779,65535)  #E3AD93FF  srgba(227,173,147,1)
11,15: (58339,52685,48573,65535)  #E3CDBDFF  srgba(227,205,189,1)
12,15: (59624,59881,58339,65535)  #E8E9E3FF  srgba(232,233,227,1)
13,15: (61680,46774,40092,65535)  #F0B69CFF  srgba(240,182,156,1)
14,15: (63479,44718,35466,65535)  #F7AE8AFF  srgba(247,174,138,1)
15,15: (0,65535,0,0)  #00FF0000  srgba(0,255,0,0)
