# ImageMagick pixel enumeration: 16,16,65535,srgba
0,0: (0,0,0,65535)  #000000FF  black
1,0: (0,0,1285,65535)  #000005FF  srgba(0,0,5,1)
2,0: (0,257,257,65535)  #000101FF  srgba(0,1,1,1)
3,0: (0,21074,31354,65535)  #00527AFF  srgba(0,82,122,1)
4,0: (0,25700,32896,65535)  #006480FF  srgba(0,100,128,1)
5,0: (0,30069,34181,65535)  #007585FF  srgba(0,117,133,1)
6,0: (0,31611,35209,65535)  #007B89FF  srgba(0,123,137,1)
7,0: (0,32382,36237,65535)  #007E8DFF  srgba(0,126,141,1)
8,0: (0,32382,38807,65535)  #007E97FF  srgba(0,126,151,1)
9,0: (0,32382,40092,65535)  #007E9CFF  srgba(0,126,156,1)
10,0: (0,32639,41377,65535)  #007FA1FF  srgba(0,127,161,1)
11,0: (0,32639,41891,65535)  #007FA3FF  srgba(0,127,163,1)
12,0: (0,32896,35723,65535)  #00808BFF  srgba(0,128,139,1)
13,0: (0,32896,39064,65535)  #008098FF  srgba(0,128,152,1)
14,0: (0,32896,43947,65535)  #0080ABFF  srgba(0,128,171,1)
15,0: (0,33153,43690,65535)  #0081AAFF  srgba(0,129,170,1)
0,1: (0,33667,43176,65535)  #0083A8FF  srgba(0,131,168,1)
1,1: (0,34181,47031,65535)  #0085B7FF  srgba(0,133,183,1)
2,1: (0,34695,41891,65535)  #0087A3FF  srgba(0,135,163,1)
3,1: (0,34695,47288,65535)  #0087B8FF  srgba(0,135,184,1)
4,1: (0,37779,4883,65535)  #009313FF  srgba(0,147,19,1)
5,1: (0,42662,514,65535)  #00A602FF  srgba(0,166,2,1)
6,1: (257,257,0,65535)  #010100FF  srgba(1,1,0,1)
7,1: (257,257,257,65535)  #010101FF  srgba(1,1,1,1)
8,1: (257,4626,514,65535)  #011202FF  srgba(1,18,2,1)
9,1: (257,17476,25957,65535)  #014465FF  srgba(1,68,101,1)
10,1: (257,24929,26728,65535)  #016168FF  srgba(1,97,104,1)
11,1: (257,32639,41634,65535)  #017FA2FF  srgba(1,127,162,1)
12,1: (257,33924,41891,65535)  #0184A3FF  srgba(1,132,163,1)
13,1: (257,35209,47545,65535)  #0189B9FF  srgba(1,137,185,1)
14,1: (257,35466,41891,65535)  #018AA3FF  srgba(1,138,163,1)
15,1: (514,1799,514,65535)  #020702FF  srgba(2,7,2,1)
0,2: (514,8738,16962,65535)  #022242FF  srgba(2,34,66,1)
1,2: (514,21588,21845,65535)  #025455FF  srgba(2,84,85,1)
2,2: (514,23130,12593,65535)  #025A31FF  srgba(2,90,49,1)
3,2: (514,32125,35209,65535)  #027D89FF  srgba(2,125,137,1)
4,2: (514,34438,42148,65535)  #0286A4FF  srgba(2,134,164,1)
5,2: (771,0,0,65535)  #030000FF  srgba(3,0,0,1)
6,2: (771,14906,17990,65535)  #033A46FF  srgba(3,58,70,1)
7,2: (771,29812,34181,65535)  #037485FF  srgba(3,116,133,1)
8,2: (771,31868,41120,65535)  #037CA0FF  srgba(3,124,160,1)
9,2: (771,37779,5911,65535)  #039317FF  srgba(3,147,23,1)
10,2: (1028,0,257,65535)  #040001FF  srgba(4,0,1,1)
11,2: (1028,22102,1028,65535)  #045604FF  srgba(4,86,4,1)
12,2: (1028,36237,47545,65535)  #048DB9FF  srgba(4,141,185,1)
13,2: (1285,37265,34952,65535)  #059188FF  srgba(5,145,136,1)
14,2: (1542,13621,1285,65535)  #063505FF  srgba(6,53,5,1)
15,2: (1542,35466,35209,65535)  #068A89FF  srgba(6,138,137,1)
0,3: (1542,37008,30583,65535)  #069077FF  srgba(6,144,119,1)
1,3: (1799,0,0,65535)  #070000FF  srgba(7,0,0,1)
2,3: (1799,5911,7967,65535)  #07171FFF  srgba(7,23,31,1)
3,3: (1799,8738,1028,65535)  #072204FF  srgba(7,34,4,1)
4,3: (1799,33924,34952,65535)  #078488FF  srgba(7,132,136,1)
5,3: (1799,36237,41377,65535)  #078DA1FF  srgba(7,141,161,1)
6,3: (2056,0,771,65535)  #080003FF  srgba(8,0,3,1)
7,3: (2056,37522,40606,65535)  #08929EFF  srgba(8,146,158,1)
8,3: (2313,31611,34438,65535)  #097B86FF  srgba(9,123,134,1)
9,3: (2570,38550,34952,65535)  #0A9688FF  srgba(10,150,136,1)
10,3: (2827,31097,40606,65535)  #0B799EFF  srgba(11,121,158,1)
11,3: (3084,35466,30069,65535)  #0C8A75FF  srgba(12,138,117,1)
12,3: (3341,0,0,65535)  #0D0000FF  srgba(13,0,0,1)
13,3: (3598,514,514,65535)  #0E0202FF  srgba(14,2,2,1)
14,3: (3855,32382,30583,65535)  #0F7E77FF  srgba(15,126,119,1)
15,3: (3855,32896,34438,65535)  #0F8086FF  srgba(15,128,134,1)
0,4: (3855,37779,47802,65535)  #0F93BAFF  srgba(15,147,186,1)
1,4: (4112,32382,34181,65535)  #107E85FF  srgba(16,126,133,1)
2,4: (4369,38036,18761,65535)  #119449FF  srgba(17,148,73,1)
3,4: (4626,0,0,65535)  #120000FF  srgba(18,0,0,1)
4,4: (4626,34952,20046,65535)  #12884EFF  srgba(18,136,78,1)
5,4: (4883,4369,2056,65535)  #131108FF  srgba(19,17,8,1)
6,4: (5140,38807,40863,65535)  #14979FFF  srgba(20,151,159,1)
7,4: (5397,33410,30583,65535)  #158277FF  srgba(21,130,119,1)
8,4: (5654,0,0,65535)  #160000FF  srgba(22,0,0,1)
9,4: (5654,0,0,65535)  #160000FF  srgba(22,0,0,1)
10,4: (6168,21074,31354,65535)  #18527AFF  srgba(24,82,122,1)
11,4: (6168,25700,32896,65535)  #186480FF  srgba(24,100,128,1)
12,4: (6682,1799,771,65535)  #1A0703FF  srgba(26,7,3,1)
13,4: (6682,33924,20817,65535)  #1A8451FF  srgba(26,132,81,1)
14,4: (6682,34181,29812,65535)  #1A8574FF  srgba(26,133,116,1)
15,4: (6939,36751,26214,65535)  #1B8F66FF  srgba(27,143,102,1)
0,5: (7710,18247,25957,65535)  #1E4765FF  srgba(30,71,101,1)
1,5: (7710,29555,33153,65535)  #1E7381FF  srgba(30,115,129,1)
2,5: (7967,0,0,65535)  #1F0000FF  srgba(31,0,0,1)
3,5: (7967,27756,26985,65535)  #1F6C69FF  srgba(31,108,105,1)
4,5: (8995,15163,16448,65535)  #233B40FF  srgba(35,59,64,1)
5,5: (8995,30840,40606,65535)  #23789EFF  srgba(35,120,158,1)
6,5: (8995,32639,26471,65535)  #237F67FF  srgba(35,127,103,1)
7,5: (9252,0,0,65535)  #240000FF  srgba(36,0,0,1)
8,5: (9252,32639,29812,65535)  #247F74FF  srgba(36,127,116,1)
9,5: (10023,6168,7710,65535)  #27181EFF  srgba(39,24,30,1)
10,5: (10023,22616,12850,65535)  #275832FF  srgba(39,88,50,1)
11,5: (10023,34181,26214,65535)  #278566FF  srgba(39,133,102,1)
12,5: (10280,7710,13364,65535)  #281E34FF  srgba(40,30,52,1)
13,5: (10280,9252,19789,65535)  #28244DFF  srgba(40,36,77,1)
14,5: (10280,43176,514,65535)  #28A802FF  srgba(40,168,2,1)
15,5: (10280,43176,30326,65535)  #28A876FF  srgba(40,168,118,1)
0,6: (10537,33410,29555,65535)  #298273FF  srgba(41,130,115,1)
1,6: (10537,41634,49601,65535)  #29A2C1FF  srgba(41,162,193,1)
2,6: (10794,0,0,65535)  #2A0000FF  srgba(42,0,0,1)
3,6: (10794,0,0,65535)  #2A0000FF  srgba(42,0,0,1)
4,6: (10794,22102,21588,65535)  #2A5654FF  srgba(42,86,84,1)
5,6: (10794,37008,4112,65535)  #2A9010FF  srgba(42,144,16,1)
6,6: (11051,32639,22102,65535)  #2B7F56FF  srgba(43,127,86,1)
7,6: (11308,44204,40863,65535)  #2CAC9FFF  srgba(44,172,159,1)
8,6: (11822,0,771,65535)  #2E0003FF  srgba(46,0,3,1)
9,6: (12079,33667,26214,65535)  #2F8366FF  srgba(47,131,102,1)
10,6: (12850,0,257,65535)  #320001FF  srgba(50,0,1,1)
11,6: (13107,4112,2313,65535)  #331009FF  srgba(51,16,9,1)
12,6: (13364,46260,34952,65535)  #34B488FF  srgba(52,180,136,1)
13,6: (13878,0,0,65535)  #360000FF  srgba(54,0,0,1)
14,6: (13878,32896,25700,65535)  #368064FF  srgba(54,128,100,1)
15,6: (14906,1799,1028,65535)  #3A0704FF  srgba(58,7,4,1)
0,7: (15163,0,0,65535)  #3B0000FF  srgba(59,0,0,1)
1,7: (15420,514,771,65535)  #3C0203FF  srgba(60,2,3,1)
2,7: (16705,4369,7967,65535)  #41111FFF  srgba(65,17,31,1)
3,7: (17219,33924,22102,65535)  #438456FF  srgba(67,132,86,1)
4,7: (17733,32896,21845,65535)  #458055FF  srgba(69,128,85,1)
5,7: (18247,0,0,65535)  #470000FF  srgba(71,0,0,1)
6,7: (19018,0,257,65535)  #4A0001FF  srgba(74,0,1,1)
7,7: (21588,0,0,65535)  #540000FF  srgba(84,0,0,1)
8,7: (22873,0,0,65535)  #590000FF  srgba(89,0,0,1)
9,7: (22873,0,1285,65535)  #590005FF  srgba(89,0,5,1)
10,7: (23130,33410,24672,65535)  #5A8260FF  srgba(90,130,96,1)
11,7: (23387,37265,39064,65535)  #5B9198FF  srgba(91,145,152,1)
12,7: (23387,48316,42405,65535)  #5BBCA5FF  srgba(91,188,165,1)
13,7: (23901,514,2313,65535)  #5D0209FF  srgba(93,2,9,1)
14,7: (24158,0,257,65535)  #5E0001FF  srgba(94,0,1,1)
15,7: (24672,0,1542,65535)  #600006FF  srgba(96,0,6,1)
0,8: (24672,43947,27242,65535)  #60AB6AFF  srgba(96,171,106,1)
1,8: (24929,0,3341,65535)  #61000DFF  srgba(97,0,13,1)
2,8: (25443,3341,5911,65535)  #630D17FF  srgba(99,13,23,1)
3,8: (25700,0,257,65535)  #640001FF  srgba(100,0,1,1)
4,8: (26214,18761,22359,65535)  #664957FF  srgba(102,73,87,1)
5,8: (26471,10280,22873,65535)  #672859FF  srgba(103,40,89,1)
6,8: (26471,15677,10537,65535)  #673D29FF  srgba(103,61,41,1)
7,8: (26985,514,3341,65535)  #69020DFF  srgba(105,2,13,1)
8,8: (27499,0,1799,65535)  #6B0007FF  srgba(107,0,7,1)
9,8: (27756,514,5140,65535)  #6C0214FF  srgba(108,2,20,1)
10,8: (28013,8224,11308,65535)  #6D202CFF  srgba(109,32,44,1)
11,8: (28013,20303,29041,65535)  #6D4F71FF  srgba(109,79,113,1)
12,8: (28784,0,3341,65535)  #70000DFF  srgba(112,0,13,1)
13,8: (28784,0,4626,65535)  #700012FF  srgba(112,0,18,1)
14,8: (28784,771,7196,65535)  #70031CFF  srgba(112,3,28,1)
15,8: (28784,22102,34438,65535)  #705686FF  srgba(112,86,134,1)
0,9: (29041,3598,12593,65535)  #710E31FF  srgba(113,14,49,1)
1,9: (29555,44718,1285,65535)  #73AE05FF  srgba(115,174,5,1)
2,9: (30326,0,5397,65535)  #760015FF  srgba(118,0,21,1)
3,9: (30326,33667,6425,65535)  #768319FF  srgba(118,131,25,1)
4,9: (30840,40092,1028,65535)  #789C04FF  srgba(120,156,4,1)
5,9: (31611,1028,7710,65535)  #7B041EFF  srgba(123,4,30,1)
6,9: (32382,4626,19789,65535)  #7E124DFF  srgba(126,18,77,1)
7,9: (32382,42148,39321,65535)  #7EA499FF  srgba(126,164,153,1)
8,9: (33667,2056,8995,65535)  #830823FF  srgba(131,8,35,1)
9,9: (33667,34695,23130,65535)  #83875AFF  srgba(131,135,90,1)
10,9: (33924,2056,11308,65535)  #84082CFF  srgba(132,8,44,1)
11,9: (34181,0,0,65535)  #850000FF  srgba(133,0,0,1)
12,9: (34181,1285,9509,65535)  #850525FF  srgba(133,5,37,1)
13,9: (34181,43690,24929,65535)  #85AA61FF  srgba(133,170,97,1)
14,9: (35466,10023,24415,65535)  #8A275FFF  srgba(138,39,95,1)
15,9: (35723,0,7196,65535)  #8B001CFF  srgba(139,0,28,1)
0,10: (35980,2056,11565,65535)  #8C082DFF  srgba(140,8,45,1)
1,10: (36237,7196,22359,65535)  #8D1C57FF  srgba(141,28,87,1)
2,10: (36494,7710,22873,65535)  #8E1E59FF  srgba(142,30,89,1)
3,10: (36751,1285,7453,65535)  #8F051DFF  srgba(143,5,29,1)
4,10: (36751,1542,12336,65535)  #8F0630FF  srgba(143,6,48,1)
5,10: (37779,18761,22616,65535)  #934958FF  srgba(147,73,88,1)
6,10: (38550,40349,1028,65535)  #969D04FF  srgba(150,157,4,1)
7,10: (39321,2313,11051,65535)  #99092BFF  srgba(153,9,43,1)
8,10: (39321,45232,1028,65535)  #99B004FF  srgba(153,176,4,1)
9,10: (39835,1285,7453,65535)  #9B051DFF  srgba(155,5,29,1)
10,10: (40092,2313,14649,65535)  #9C0939FF  srgba(156,9,57,1)
11,10: (40863,4369,20560,65535)  #9F1150FF  srgba(159,17,80,1)
12,10: (41634,1285,5397,65535)  #A20515FF  srgba(162,5,21,1)
13,10: (42148,0,13621,65535)  #A40035FF  srgba(164,0,53,1)
14,10: (42919,9766,25186,65535)  #A72662FF  srgba(167,38,98,1)
15,10: (43947,45746,771,65535)  #ABB203FF  srgba(171,178,3,1)
0,11: (44204,14649,6168,65535)  #AC3918FF  srgba(172,57,24,1)
1,11: (44204,19018,30326,65535)  #AC4A76FF  srgba(172,74,118,1)
2,11: (45232,2570,11308,65535)  #B00A2CFF  srgba(176,10,44,1)
3,11: (45746,31097,5140,65535)  #B27914FF  srgba(178,121,20,1)
4,11: (45746,36237,39578,65535)  #B28D9AFF  srgba(178,141,154,1)
5,11: (46260,49087,43690,65535)  #B4BFAAFF  srgba(180,191,170,1)
6,11: (46517,35980,2313,65535)  #B58C09FF  srgba(181,140,9,1)
7,11: (47031,4369,21074,65535)  #B71152FF  srgba(183,17,82,1)
8,11: (47288,1285,6425,65535)  #B80519FF  srgba(184,5,25,1)
9,11: (47288,40092,514,65535)  #B89C02FF  srgba(184,156,2,1)
10,11: (47288,42919,0,65535)  #B8A700FF  srgba(184,167,0,1)
11,11: (47545,49858,257,65535)  #B9C201FF  srgba(185,194,1,1)
12,11: (49087,44461,23644,65535)  #BFAD5CFF  srgba(191,173,92,1)
13,11: (49858,2827,13364,65535)  #C20B34FF  srgba(194,11,52,1)
14,11: (49858,33924,23130,65535)  #C2845AFF  srgba(194,132,90,1)
15,11: (49858,45489,257,65535)  #C2B101FF  srgba(194,177,1,1)
0,12: (50629,7196,25957,65535)  #C51C65FF  srgba(197,28,101,1)
1,12: (50886,53199,257,65535)  #C6CF01FF  srgba(198,207,1,1)
2,12: (52171,18504,35980,65535)  #CB488CFF  srgba(203,72,140,1)
3,12: (52428,3598,20560,65535)  #CC0E50FF  srgba(204,14,80,1)
4,12: (52685,9509,28270,65535)  #CD256EFF  srgba(205,37,110,1)
5,12: (53199,7710,28527,65535)  #CF1E6FFF  srgba(207,30,111,1)
6,12: (53456,46774,0,65535)  #D0B600FF  srgba(208,182,0,1)
7,12: (55255,53970,771,65535)  #D7D203FF  srgba(215,210,3,1)
8,12: (55512,3855,21588,65535)  #D80F54FF  srgba(216,15,84,1)
9,12: (56026,19018,21074,65535)  #DA4A52FF  srgba(218,74,82,1)
10,12: (56026,39321,257,65535)  #DA9901FF  srgba(218,153,1,1)
11,12: (56026,46774,1285,65535)  #DAB605FF  srgba(218,182,5,1)
12,12: (57054,4369,25700,65535)  #DE1164FF  srgba(222,17,100,1)
13,12: (58082,3341,9509,65535)  #E20D25FF  srgba(226,13,37,1)
14,12: (58082,9766,38550,65535)  #E22696FF  srgba(226,38,150,1)
15,12: (58339,3598,14906,65535)  #E30E3AFF  srgba(227,14,58,1)
0,13: (58339,33667,257,65535)  #E38301FF  srgba(227,131,1,1)
1,13: (60395,24415,1799,65535)  #EB5F07FF  srgba(235,95,7,1)
2,13: (61166,4626,26214,65535)  #EE1266FF  srgba(238,18,102,1)
3,13: (61680,4883,28270,65535)  #F0136EFF  srgba(240,19,110,1)
4,13: (61680,5654,35209,65535)  #F01689FF  srgba(240,22,137,1)
5,13: (61680,17733,45489,65535)  #F045B1FF  srgba(240,69,177,1)
6,13: (61680,35209,3341,65535)  #F0890DFF  srgba(240,137,13,1)
7,13: (62194,15934,5397,65535)  #F23E15FF  srgba(242,62,21,1)
8,13: (62451,7196,35980,65535)  #F31C8CFF  srgba(243,28,140,1)
9,13: (62451,46003,8995,65535)  #F3B323FF  srgba(243,179,35,1)
10,13: (62708,4369,21845,65535)  #F41155FF  srgba(244,17,85,1)
11,13: (62965,16191,29555,65535)  #F53F73FF  srgba(245,63,115,1)
12,13: (62965,34181,8995,65535)  #F58523FF  srgba(245,133,35,1)
13,13: (63222,24158,10537,65535)  #F65E29FF  srgba(246,94,41,1)
14,13: (63479,5140,31097,65535)  #F71479FF  srgba(247,20,121,1)
15,13: (63736,14392,13621,65535)  #F83835FF  srgba(248,56,53,1)
0,14: (63993,7710,38036,65535)  #F91E94FF  srgba(249,30,148,1)
1,14: (64250,8995,41891,65535)  #FA23A3FF  srgba(250,35,163,1)
2,14: (64507,5654,36494,65535)  #FB168EFF  srgba(251,22,142,1)
3,14: (64507,9509,31097,65535)  #FB2579FF  srgba(251,37,121,1)
4,14: (64764,5654,34952,65535)  #FC1688FF  srgba(252,22,136,1)
5,14: (64764,6425,42919,65535)  #FC19A7FF  srgba(252,25,167,1)
6,14: (64764,7196,43433,65535)  #FC1CA9FF  srgba(252,28,169,1)
7,14: (64764,7710,43690,65535)  #FC1EAAFF  srgba(252,30,170,1)
8,14: (64764,10023,22873,65535)  #FC2759FF  srgba(252,39,89,1)
9,14: (64764,17476,20560,65535)  #FC4450FF  srgba(252,68,80,1)
10,14: (65021,5911,35209,65535)  #FD1789FF  srgba(253,23,137,1)
11,14: (65021,6425,43947,65535)  #FD19ABFF  srgba(253,25,171,1)
12,14: (65021,7196,39578,65535)  #FD1C9AFF  srgba(253,28,154,1)
13,14: (65021,7196,44975,65535)  #FD1CAFFF  srgba(253,28,175,1)
14,14: (65021,7196,49087,65535)  #FD1CBFFF  srgba(253,28,191,1)
15,14: (65021,7710,41120,65535)  #FD1EA0FF  srgba(253,30,160,1)
0,15: (65021,8738,44204,65535)  #FD22ACFF  srgba(253,34,172,1)
1,15: (65278,5911,34695,65535)  #FE1787FF  srgba(254,23,135,1)
2,15: (65278,6168,39578,65535)  #FE189AFF  srgba(254,24,154,1)
3,15: (65278,7196,37779,65535)  #FE1C93FF  srgba(254,28,147,1)
4,15: (65278,7196,43690,65535)  #FE1CAAFF  srgba(254,28,170,1)
5,15: (65278,7196,45232,65535)  #FE1CB0FF  srgba(254,28,176,1)
6,15: (65278,7196,53199,65535)  #FE1CCFFF  srgba(254,28,207,1)
7,15: (65278,7710,38293,65535)  #FE1E95FF  srgba(254,30,149,1)
8,15: (65278,7710,48059,65535)  #FE1EBBFF  srgba(254,30,187,1)
9,15: (65278,7710,53456,65535)  #FE1ED0FF  srgba(254,30,208,1)
10,15: (65278,8995,39064,65535)  #FE2398FF  srgba(254,35,152,1)
11,15: (65278,8995,48830,65535)  #FE23BEFF  srgba(254,35,190,1)
12,15: (65535,5911,35723,65535)  #FF178BFF  srgba(255,23,139,1)
13,15: (65535,6425,41634,65535)  #FF19A2FF  srgba(255,25,162,1)
14,15: (65535,7710,44204,65535)  #FF1EACFF  srgba(255,30,172,1)
15,15: (0,65535,0,0)  #00FF0000  srgba(0,255,0,0)
