# ImageMagick pixel enumeration: 16,16,65535,srgba
0,0: (0,257,514,65535)  #000102FF  srgba(0,1,2,1)
1,0: (1028,0,514,65535)  #040002FF  srgba(4,0,2,1)
2,0: (1542,2827,3598,65535)  #060B0EFF  srgba(6,11,14,1)
3,0: (7453,13878,12850,65535)  #1D3632FF  srgba(29,54,50,1)
4,0: (22873,15163,13364,65535)  #593B34FF  srgba(89,59,52,1)
5,0: (23130,38807,50115,65535)  #5A97C3FF  srgba(90,151,195,1)
6,0: (23644,35723,29555,65535)  #5C8B73FF  srgba(92,139,115,1)
7,0: (23901,20560,22616,65535)  #5D5058FF  srgba(93,80,88,1)
8,0: (26214,23387,35980,65535)  #665B8CFF  srgba(102,91,140,1)
9,0: (30326,38807,50115,65535)  #7697C3FF  srgba(118,151,195,1)
10,0: (31354,63736,64764,65535)  #7AF8FCFF  srgba(122,248,252,1)
11,0: (32125,23901,8481,65535)  #7D5D21FF  srgba(125,93,33,1)
12,0: (32125,32382,8995,65535)  #7D7E23FF  srgba(125,126,35,1)
13,0: (32125,65278,65278,65535)  #7DFEFEFF  srgba(125,254,254,1)
14,0: (32896,22616,42405,65535)  #8058A5FF  srgba(128,88,165,1)
15,0: (33153,15420,7967,65535)  #813C1FFF  srgba(129,60,31,1)
0,1: (33667,33924,28784,65535)  #838470FF  srgba(131,132,112,1)
1,1: (34181,35980,57054,65535)  #858CDEFF  srgba(133,140,222,1)
2,1: (34181,36237,42148,65535)  #858DA4FF  srgba(133,141,164,1)
3,1: (34695,20303,22102,65535)  #874F56FF  srgba(135,79,86,1)
4,1: (34952,33153,7453,65535)  #88811DFF  srgba(136,129,29,1)
5,1: (35209,14392,514,65535)  #893802FF  srgba(137,56,2,1)
6,1: (35209,20303,62965,65535)  #894FF5FF  srgba(137,79,245,1)
7,1: (35209,22359,51143,65535)  #8957C7FF  srgba(137,87,199,1)
8,1: (35209,22616,33410,65535)  #895882FF  srgba(137,88,130,1)
9,1: (35209,24415,0,65535)  #895F00FF  srgba(137,95,0,1)
10,1: (35466,13878,14135,65535)  #8A3637FF  srgba(138,54,55,1)
11,1: (35466,18761,0,65535)  #8A4900FF  srgba(138,73,0,1)
12,1: (35466,18761,12593,65535)  #8A4931FF  srgba(138,73,49,1)
13,1: (35466,24929,13878,65535)  #8A6136FF  srgba(138,97,54,1)
14,1: (35466,31611,7710,65535)  #8A7B1EFF  srgba(138,123,30,1)
15,1: (35723,35980,7710,65535)  #8B8C1EFF  srgba(139,140,30,1)
0,2: (35980,33667,14135,65535)  #8C8337FF  srgba(140,131,55,1)
1,2: (35980,33924,25186,65535)  #8C8462FF  srgba(140,132,98,1)
2,2: (35980,34438,0,65535)  #8C8600FF  srgba(140,134,0,1)
3,2: (36237,20046,21074,65535)  #8D4E52FF  srgba(141,78,82,1)
4,2: (36237,22873,32896,65535)  #8D5980FF  srgba(141,89,128,1)
5,2: (36494,13364,12850,65535)  #8E3432FF  srgba(142,52,50,1)
6,2: (36494,21331,63479,65535)  #8E53F7FF  srgba(142,83,247,1)
7,2: (36494,21588,51657,65535)  #8E54C9FF  srgba(142,84,201,1)
8,2: (36494,32382,7196,65535)  #8E7E1CFF  srgba(142,126,28,1)
9,2: (36494,33410,17733,65535)  #8E8245FF  srgba(142,130,69,1)
10,2: (36494,34695,0,65535)  #8E8700FF  srgba(142,135,0,1)
11,2: (36494,36751,6939,65535)  #8E8F1BFF  srgba(142,143,27,1)
12,2: (36751,15420,0,65535)  #8F3C00FF  srgba(143,60,0,1)
13,2: (36751,15677,20303,65535)  #8F3D4FFF  srgba(143,61,79,1)
14,2: (36751,16962,12079,65535)  #8F422FFF  srgba(143,66,47,1)
15,2: (36751,19018,0,65535)  #8F4A00FF  srgba(143,74,0,1)
0,3: (36751,19275,3855,65535)  #8F4B0FFF  srgba(143,75,15,1)
1,3: (36751,19275,16705,65535)  #8F4B41FF  srgba(143,75,65,1)
2,3: (36751,23644,20817,65535)  #8F5C51FF  srgba(143,92,81,1)
3,3: (36751,24158,514,65535)  #8F5E02FF  srgba(143,94,2,1)
4,3: (36751,25186,15934,65535)  #8F623EFF  srgba(143,98,62,1)
5,3: (36751,31611,22873,65535)  #8F7B59FF  srgba(143,123,89,1)
6,3: (36751,36494,24158,65535)  #8F8E5EFF  srgba(143,142,94,1)
7,3: (36751,64764,65278,65535)  #8FFCFEFF  srgba(143,252,254,1)
8,3: (36751,65021,65278,65535)  #8FFDFEFF  srgba(143,253,254,1)
9,3: (37008,31868,16191,65535)  #907C3FFF  srgba(144,124,63,1)
10,3: (37008,32125,771,65535)  #907D03FF  srgba(144,125,3,1)
11,3: (37008,32896,43433,65535)  #9080A9FF  srgba(144,128,169,1)
12,3: (37008,35980,0,65535)  #908C00FF  srgba(144,140,0,1)
13,3: (37008,36237,17733,65535)  #908D45FF  srgba(144,141,69,1)
14,3: (37008,36751,8481,65535)  #908F21FF  srgba(144,143,33,1)
15,3: (37008,39064,41377,65535)  #9098A1FF  srgba(144,152,161,1)
0,4: (37008,46260,56540,65535)  #90B4DCFF  srgba(144,180,220,1)
1,4: (37265,16962,64507,65535)  #9142FBFF  srgba(145,66,251,1)
2,4: (37265,17219,40092,65535)  #91439CFF  srgba(145,67,156,1)
3,4: (37265,20560,59881,65535)  #9150E9FF  srgba(145,80,233,1)
4,4: (37265,24929,38036,65535)  #916194FF  srgba(145,97,148,1)
5,4: (37265,25186,63993,65535)  #9162F9FF  srgba(145,98,249,1)
6,4: (37265,31868,59110,65535)  #917CE6FF  srgba(145,124,230,1)
7,4: (37522,15677,20303,65535)  #923D4FFF  srgba(146,61,79,1)
8,4: (37522,22616,20560,65535)  #925850FF  srgba(146,88,80,1)
9,4: (37522,31611,19532,65535)  #927B4CFF  srgba(146,123,76,1)
10,4: (37522,35466,23130,65535)  #928A5AFF  srgba(146,138,90,1)
11,4: (37522,38036,25443,65535)  #929463FF  srgba(146,148,99,1)
12,4: (37779,31611,26728,65535)  #937B68FF  srgba(147,123,104,1)
13,4: (38036,17990,257,65535)  #944601FF  srgba(148,70,1,1)
14,4: (38036,18247,17476,65535)  #944744FF  srgba(148,71,68,1)
15,4: (38036,23387,0,65535)  #945B00FF  srgba(148,91,0,1)
0,5: (38036,26214,16448,65535)  #946640FF  srgba(148,102,64,1)
1,5: (38293,13878,0,65535)  #953600FF  srgba(149,54,0,1)
2,5: (38293,14135,4369,65535)  #953711FF  srgba(149,55,17,1)
3,5: (38293,14135,15934,65535)  #95373EFF  srgba(149,55,62,1)
4,5: (38293,18247,10023,65535)  #954727FF  srgba(149,71,39,1)
5,5: (38293,18761,63736,65535)  #9549F8FF  srgba(149,73,248,1)
6,5: (38293,21588,16191,65535)  #95543FFF  srgba(149,84,63,1)
7,5: (38293,23387,3855,65535)  #955B0FFF  srgba(149,91,15,1)
8,5: (38550,11565,63993,65535)  #962DF9FF  srgba(150,45,249,1)
9,5: (38550,14392,20817,65535)  #963851FF  srgba(150,56,81,1)
10,5: (38550,15677,52428,65535)  #963DCCFF  srgba(150,61,204,1)
11,5: (38550,17219,34438,65535)  #964386FF  srgba(150,67,134,1)
12,5: (38550,17476,20303,65535)  #96444FFF  srgba(150,68,79,1)
13,5: (38550,25186,63993,65535)  #9662F9FF  srgba(150,98,249,1)
14,5: (38807,6425,21074,65535)  #971952FF  srgba(151,25,82,1)
15,5: (38807,20046,21074,65535)  #974E52FF  srgba(151,78,82,1)
0,6: (38807,23387,51657,65535)  #975BC9FF  srgba(151,91,201,1)
1,6: (38807,24158,33667,65535)  #975E83FF  srgba(151,94,131,1)
2,6: (38807,25443,21331,65535)  #976353FF  srgba(151,99,83,1)
3,6: (38807,31868,1028,65535)  #977C04FF  srgba(151,124,4,1)
4,6: (39064,36751,3341,65535)  #988F0DFF  srgba(152,143,13,1)
5,6: (39321,31868,12336,65535)  #997C30FF  srgba(153,124,48,1)
6,6: (39321,32125,17476,65535)  #997D44FF  srgba(153,125,68,1)
7,6: (39321,37008,16448,65535)  #999040FF  srgba(153,144,64,1)
8,6: (39835,31868,65021,65535)  #9B7CFDFF  srgba(155,124,253,1)
9,6: (39835,32125,20560,65535)  #9B7D50FF  srgba(155,125,80,1)
10,6: (39835,32639,58596,65535)  #9B7FE4FF  srgba(155,127,228,1)
11,6: (39835,33153,40863,65535)  #9B819FFF  srgba(155,129,159,1)
12,6: (39835,33153,48573,65535)  #9B81BDFF  srgba(155,129,189,1)
13,6: (40092,31868,25700,65535)  #9C7C64FF  srgba(156,124,100,1)
14,6: (40092,32382,33153,65535)  #9C7E81FF  srgba(156,126,129,1)
15,6: (40092,37779,21331,65535)  #9C9353FF  srgba(156,147,83,1)
0,7: (40092,37779,31354,65535)  #9C937AFF  srgba(156,147,122,1)
1,7: (40092,65021,65278,65535)  #9CFDFEFF  srgba(156,253,254,1)
2,7: (40349,40863,42662,65535)  #9D9FA6FF  srgba(157,159,166,1)
3,7: (40349,41120,26728,65535)  #9DA068FF  srgba(157,160,104,1)
4,7: (40349,43433,2056,65535)  #9DA908FF  srgba(157,169,8,1)
5,7: (40349,60138,63736,65535)  #9DEAF8FF  srgba(157,234,248,1)
6,7: (40606,40349,56540,65535)  #9E9DDCFF  srgba(158,157,220,1)
7,7: (40606,43176,15420,65535)  #9EA83CFF  srgba(158,168,60,1)
8,7: (40606,43690,9252,65535)  #9EAA24FF  srgba(158,170,36,1)
9,7: (41120,44461,26728,65535)  #A0AD68FF  srgba(160,173,104,1)
10,7: (41634,26214,257,65535)  #A26601FF  srgba(162,102,1,1)
11,7: (41891,21074,21331,65535)  #A35253FF  srgba(163,82,83,1)
12,7: (41891,26214,23387,65535)  #A3665BFF  srgba(163,102,91,1)
13,7: (41891,26471,8224,65535)  #A36720FF  srgba(163,103,32,1)
14,7: (41891,26471,16448,65535)  #A36740FF  srgba(163,103,64,1)
15,7: (42148,7453,22359,65535)  #A41D57FF  srgba(164,29,87,1)
0,8: (42148,16191,21331,65535)  #A43F53FF  srgba(164,63,83,1)
1,8: (42148,26471,31611,65535)  #A4677BFF  srgba(164,103,123,1)
2,8: (42405,21588,35723,65535)  #A5548BFF  srgba(165,84,139,1)
3,8: (42405,25700,62965,65535)  #A564F5FF  srgba(165,100,245,1)
4,8: (42405,26214,38807,65535)  #A56697FF  srgba(165,102,151,1)
5,8: (42662,19532,62965,65535)  #A64CF5FF  srgba(166,76,245,1)
6,8: (42662,20046,51657,65535)  #A64EC9FF  srgba(166,78,201,1)
7,8: (43176,25700,51400,65535)  #A864C8FF  srgba(168,100,200,1)
8,8: (43176,40863,18247,65535)  #A89F47FF  srgba(168,159,71,1)
9,8: (43176,42919,8481,65535)  #A8A721FF  srgba(168,167,33,1)
10,8: (43947,11051,57311,65535)  #AB2BDFFF  srgba(171,43,223,1)
11,8: (43947,31097,16705,65535)  #AB7941FF  srgba(171,121,65,1)
12,8: (43947,31611,24158,65535)  #AB7B5EFF  srgba(171,123,94,1)
13,8: (44204,16705,35209,65535)  #AC4189FF  srgba(172,65,137,1)
14,8: (44204,41377,36494,65535)  #ACA18EFF  srgba(172,161,142,1)
15,8: (44204,64250,65535,65535)  #ACFAFFFF  srgba(172,250,255,1)
0,9: (44461,9766,64507,65535)  #AD26FBFF  srgba(173,38,251,1)
1,9: (44461,31611,6168,65535)  #AD7B18FF  srgba(173,123,24,1)
2,9: (44718,7453,0,65535)  #AE1D00FF  srgba(174,29,0,1)
3,9: (45232,7967,6939,65535)  #B01F1BFF  srgba(176,31,27,1)
4,9: (45232,13878,257,65535)  #B03601FF  srgba(176,54,1,1)
5,9: (45232,20560,9766,65535)  #B05026FF  srgba(176,80,38,1)
6,9: (45232,34952,48573,65535)  #B088BDFF  srgba(176,136,189,1)
7,9: (45232,42662,25443,65535)  #B0A663FF  srgba(176,166,99,1)
8,9: (45746,20560,771,65535)  #B25003FF  srgba(178,80,3,1)
9,9: (46003,14135,8481,65535)  #B33721FF  srgba(179,55,33,1)
10,9: (47031,31868,33153,65535)  #B77C81FF  srgba(183,124,129,1)
11,9: (47288,31868,39578,65535)  #B87C9AFF  srgba(184,124,154,1)
12,9: (47288,31868,61166,65535)  #B87CEEFF  srgba(184,124,238,1)
13,9: (47288,39835,17990,65535)  #B89B46FF  srgba(184,155,70,1)
14,9: (47288,40092,8481,65535)  #B89C21FF  srgba(184,156,33,1)
15,9: (47545,25700,2570,65535)  #B9640AFF  srgba(185,100,10,1)
0,10: (47545,38036,61680,65535)  #B994F0FF  srgba(185,148,240,1)
1,10: (47802,44204,36751,65535)  #BAAC8FFF  srgba(186,172,143,1)
2,10: (48059,37265,36494,65535)  #BB918EFF  srgba(187,145,142,1)
3,10: (48316,8481,24158,65535)  #BC215EFF  srgba(188,33,94,1)
4,10: (48316,16191,23387,65535)  #BC3F5BFF  srgba(188,63,91,1)
5,10: (48316,25957,19018,65535)  #BC654AFF  srgba(188,101,74,1)
6,10: (48573,4883,33153,65535)  #BD1381FF  srgba(189,19,129,1)
7,10: (49087,46517,48830,65535)  #BFB5BEFF  srgba(191,181,190,1)
8,10: (49087,62194,64507,65535)  #BFF2FBFF  srgba(191,242,251,1)
9,10: (49344,25957,25700,65535)  #C06564FF  srgba(192,101,100,1)
10,10: (49344,49087,61423,65535)  #C0BFEFFF  srgba(192,191,239,1)
11,10: (49601,36494,25186,65535)  #C18E62FF  srgba(193,142,98,1)
12,10: (49858,62194,65535,65535)  #C2F2FFFF  srgba(194,242,255,1)
13,10: (50115,21074,22873,65535)  #C35259FF  srgba(195,82,89,1)
14,10: (50372,31868,24929,65535)  #C47C61FF  srgba(196,124,97,1)
15,10: (50886,47545,37265,65535)  #C6B991FF  srgba(198,185,145,1)
0,11: (50886,49344,65278,65535)  #C6C0FEFF  srgba(198,192,254,1)
1,11: (51657,61937,65535,65535)  #C9F1FFFF  srgba(201,241,255,1)
2,11: (52171,25957,31354,65535)  #CB657AFF  srgba(203,101,122,1)
3,11: (52428,57311,65278,65535)  #CCDFFEFF  srgba(204,223,254,1)
4,11: (52685,26214,39321,65535)  #CD6699FF  srgba(205,102,153,1)
5,11: (53456,31868,14392,65535)  #D07C38FF  srgba(208,124,56,1)
6,11: (53713,21588,35209,65535)  #D15489FF  srgba(209,84,137,1)
7,11: (54741,34181,48573,65535)  #D585BDFF  srgba(213,133,189,1)
8,11: (54998,16191,34438,65535)  #D63F86FF  srgba(214,63,134,1)
9,11: (54998,41120,37008,65535)  #D6A090FF  srgba(214,160,144,1)
10,11: (55255,25186,2827,65535)  #D7620BFF  srgba(215,98,11,1)
11,11: (55769,9766,60652,65535)  #D926ECFF  srgba(217,38,236,1)
12,11: (56026,19789,60909,65535)  #DA4DEDFF  srgba(218,77,237,1)
13,11: (56540,4626,35466,65535)  #DC128AFF  srgba(220,18,138,1)
14,11: (57311,25700,49344,65535)  #DF64C0FF  srgba(223,100,192,1)
15,11: (57311,31354,1542,65535)  #DF7A06FF  srgba(223,122,6,1)
0,12: (57568,9252,23130,65535)  #E0245AFF  srgba(224,36,90,1)
1,12: (57568,19789,49087,65535)  #E04DBFFF  srgba(224,77,191,1)
2,12: (57568,25443,59624,65535)  #E063E8FF  srgba(224,99,232,1)
3,12: (57825,16705,22873,65535)  #E14159FF  srgba(225,65,89,1)
4,12: (57825,40863,10023,65535)  #E19F27FF  srgba(225,159,39,1)
5,12: (58339,7710,49858,65535)  #E31EC2FF  srgba(227,30,194,1)
6,12: (58339,31611,25700,65535)  #E37B64FF  srgba(227,123,100,1)
7,12: (58339,31868,33410,65535)  #E37C82FF  srgba(227,124,130,1)
8,12: (58596,31868,40349,65535)  #E47C9DFF  srgba(228,124,157,1)
9,12: (58596,41891,18761,65535)  #E4A349FF  srgba(228,163,73,1)
10,12: (59624,53713,65278,65535)  #E8D1FEFF  srgba(232,209,254,1)
11,12: (59881,12079,6682,65535)  #E92F1AFF  srgba(233,47,26,1)
12,12: (59881,43433,25700,65535)  #E9A964FF  srgba(233,169,100,1)
13,12: (60138,37265,37265,65535)  #EA9191FF  srgba(234,145,145,1)
14,12: (60138,38036,60138,65535)  #EA94EAFF  srgba(234,148,234,1)
15,12: (60395,21331,21845,65535)  #EB5355FF  srgba(235,83,85,1)
0,13: (60395,30840,48573,65535)  #EB78BDFF  srgba(235,120,189,1)
1,13: (60395,31097,59624,65535)  #EB79E8FF  srgba(235,121,232,1)
2,13: (60395,37522,48830,65535)  #EB92BEFF  srgba(235,146,190,1)
3,13: (60652,20817,4112,65535)  #EC5110FF  srgba(236,81,16,1)
4,13: (60652,46260,49344,65535)  #ECB4C0FF  srgba(236,180,192,1)
5,13: (60652,46774,60652,65535)  #ECB6ECFF  srgba(236,182,236,1)
6,13: (60909,18247,6168,65535)  #ED4718FF  srgba(237,71,24,1)
7,13: (60909,25957,25186,65535)  #ED6562FF  srgba(237,101,98,1)
8,13: (61166,5140,36237,65535)  #EE148DFF  srgba(238,20,141,1)
9,13: (61166,21331,34181,65535)  #EE5385FF  srgba(238,83,133,1)
10,13: (61166,22873,1799,65535)  #EE5907FF  srgba(238,89,7,1)
11,13: (61166,25700,17476,65535)  #EE6444FF  srgba(238,100,68,1)
12,13: (61423,15677,36494,65535)  #EF3D8EFF  srgba(239,61,142,1)
13,13: (61680,0,48830,65535)  #F000BEFF  srgba(240,0,190,1)
14,13: (61680,0,56026,65535)  #F000DAFF  srgba(240,0,218,1)
15,13: (61680,2827,42662,65535)  #F00BA6FF  srgba(240,11,166,1)
0,14: (61680,21331,41891,65535)  #F053A3FF  srgba(240,83,163,1)
1,14: (61680,24672,0,65535)  #F06000FF  srgba(240,96,0,1)
2,14: (61680,25186,514,65535)  #F06202FF  srgba(240,98,2,1)
3,14: (61680,25957,33667,65535)  #F06583FF  srgba(240,101,131,1)
4,14: (61937,19789,49601,65535)  #F14DC1FF  srgba(241,77,193,1)
5,14: (61937,25700,7196,65535)  #F1641CFF  srgba(241,100,28,1)
6,14: (61937,25957,41377,65535)  #F165A1FF  srgba(241,101,161,1)
7,14: (62451,20303,59110,65535)  #F34FE6FF  srgba(243,79,230,1)
8,14: (62451,46517,38550,65535)  #F3B596FF  srgba(243,181,150,1)
9,14: (62708,10794,49087,65535)  #F42ABFFF  srgba(244,42,191,1)
10,14: (62708,25443,60395,65535)  #F463EBFF  srgba(244,99,235,1)
11,14: (62708,25700,49087,65535)  #F464BFFF  srgba(244,100,191,1)
12,14: (62708,30840,14649,65535)  #F47839FF  srgba(244,120,57,1)
13,14: (63222,10794,57311,65535)  #F62ADFFF  srgba(246,42,223,1)
14,14: (63222,41120,37779,65535)  #F6A093FF  srgba(246,160,147,1)
15,14: (63993,32896,40092,65535)  #F9809CFF  srgba(249,128,156,1)
0,15: (64250,33153,33410,65535)  #FA8182FF  srgba(250,129,130,1)
1,15: (64250,36494,26985,65535)  #FA8E69FF  srgba(250,142,105,1)
2,15: (64507,31868,25957,65535)  #FB7C65FF  srgba(251,124,101,1)
3,15: (64507,32639,49601,65535)  #FB7FC1FF  srgba(251,127,193,1)
4,15: (64507,34695,61680,65535)  #FB87F0FF  srgba(251,135,240,1)
5,15: (64507,44461,54741,65535)  #FBADD5FF  srgba(251,173,213,1)
6,15: (64507,49601,53456,65535)  #FBC1D0FF  srgba(251,193,208,1)
7,15: (64764,38550,50115,65535)  #FC96C3FF  srgba(252,150,195,1)
8,15: (64764,44718,64507,65535)  #FCAEFBFF  srgba(252,174,251,1)
9,15: (64764,50372,63993,65535)  #FCC4F9FF  srgba(252,196,249,1)
10,15: (65021,37008,36751,65535)  #FD908FFF  srgba(253,144,143,1)
11,15: (65021,40863,63222,65535)  #FD9FF6FF  srgba(253,159,246,1)
12,15: (65021,50886,65278,65535)  #FDC6FEFF  srgba(253,198,254,1)
13,15: (65021,50886,65535,65535)  #FDC6FFFF  srgba(253,198,255,1)
14,15: (65278,44718,65278,65535)  #FEAEFEFF  srgba(254,174,254,1)
15,15: (0,65535,0,0)  #00FF0000  srgba(0,255,0,0)
