# ImageMagick pixel enumeration: 16,16,65535,srgba
0,0: (0,0,0,65535)  #000000FF  black
1,0: (0,257,771,65535)  #000103FF  srgba(0,1,3,1)
2,0: (0,1285,3598,65535)  #00050EFF  srgba(0,5,14,1)
3,0: (0,2827,4369,65535)  #000B11FF  srgba(0,11,17,1)
4,0: (0,3855,4369,65535)  #000F11FF  srgba(0,15,17,1)
5,0: (0,5911,8481,65535)  #001721FF  srgba(0,23,33,1)
6,0: (0,6939,3855,65535)  #001B0FFF  srgba(0,27,15,1)
7,0: (0,9509,12850,65535)  #002532FF  srgba(0,37,50,1)
8,0: (0,14135,16448,65535)  #003740FF  srgba(0,55,64,1)
9,0: (0,14392,10794,65535)  #00382AFF  srgba(0,56,42,1)
10,0: (0,15934,19532,65535)  #003E4CFF  srgba(0,62,76,1)
11,0: (0,19532,19275,65535)  #004C4BFF  srgba(0,76,75,1)
12,0: (0,20560,24158,65535)  #00505EFF  srgba(0,80,94,1)
13,0: (0,22873,24672,65535)  #005960FF  srgba(0,89,96,1)
14,0: (0,26214,25443,65535)  #006663FF  srgba(0,102,99,1)
15,0: (0,27756,31354,65535)  #006C7AFF  srgba(0,108,122,1)
0,1: (0,33410,36494,65535)  #00828EFF  srgba(0,130,142,1)
1,1: (0,39064,42148,65535)  #0098A4FF  srgba(0,152,164,1)
2,1: (0,45746,43690,65535)  #00B2AAFF  srgba(0,178,170,1)
3,1: (0,46260,51143,65535)  #00B4C7FF  srgba(0,180,199,1)
4,1: (0,46774,47802,65535)  #00B6BAFF  srgba(0,182,186,1)
5,1: (0,52171,52942,65535)  #00CBCEFF  srgba(0,203,206,1)
6,1: (0,52942,56540,65535)  #00CEDCFF  srgba(0,206,220,1)
7,1: (0,56283,54998,65535)  #00DBD6FF  srgba(0,219,214,1)
8,1: (0,56283,58339,65535)  #00DBE3FF  srgba(0,219,227,1)
9,1: (0,58853,56026,65535)  #00E5DAFF  srgba(0,229,218,1)
10,1: (257,257,771,65535)  #010103FF  srgba(1,1,3,1)
11,1: (257,58853,56540,65535)  #01E5DCFF  srgba(1,229,220,1)
12,1: (771,60909,57825,65535)  #03EDE1FF  srgba(3,237,225,1)
13,1: (1285,2570,2570,65535)  #050A0AFF  srgba(5,10,10,1)
14,1: (1285,13621,16962,65535)  #053542FF  srgba(5,53,66,1)
15,1: (1285,59367,59110,65535)  #05E7E6FF  srgba(5,231,230,1)
0,2: (1542,4626,7196,65535)  #06121CFF  srgba(6,18,28,1)
1,2: (1542,10280,12593,65535)  #062831FF  srgba(6,40,49,1)
2,2: (1542,19789,23130,65535)  #064D5AFF  srgba(6,77,90,1)
3,2: (1542,24415,27756,65535)  #065F6CFF  srgba(6,95,108,1)
4,2: (2056,4626,3084,65535)  #08120CFF  srgba(8,18,12,1)
5,2: (2056,17990,19275,65535)  #08464BFF  srgba(8,70,75,1)
6,2: (2056,23387,24929,65535)  #085B61FF  srgba(8,91,97,1)
7,2: (2056,29812,33153,65535)  #087481FF  srgba(8,116,129,1)
8,2: (2313,9509,2313,65535)  #092509FF  srgba(9,37,9,1)
9,2: (2313,26985,29298,65535)  #096972FF  srgba(9,105,114,1)
10,2: (2313,61166,60138,65535)  #09EEEAFF  srgba(9,238,234,1)
11,2: (2570,8995,8481,65535)  #0A2321FF  srgba(10,35,33,1)
12,2: (2570,18761,15677,65535)  #0A493DFF  srgba(10,73,61,1)
13,2: (2570,35209,37522,65535)  #0A8992FF  srgba(10,137,146,1)
14,2: (2570,56026,54484,65535)  #0ADAD4FF  srgba(10,218,212,1)
15,2: (2827,26985,22102,65535)  #0B6956FF  srgba(11,105,86,1)
0,3: (2827,40863,44718,65535)  #0B9FAEFF  srgba(11,159,174,1)
1,3: (2827,44718,41634,65535)  #0BAEA2FF  srgba(11,174,162,1)
2,3: (2827,49344,51143,65535)  #0BC0C7FF  srgba(11,192,199,1)
3,3: (2827,56540,58082,65535)  #0BDCE2FF  srgba(11,220,226,1)
4,3: (3084,18504,8481,65535)  #0C4821FF  srgba(12,72,33,1)
5,3: (3084,23901,17476,65535)  #0C5D44FF  srgba(12,93,68,1)
6,3: (3084,39578,39064,65535)  #0C9A98FF  srgba(12,154,152,1)
7,3: (3084,47545,47545,65535)  #0CB9B9FF  srgba(12,185,185,1)
8,3: (3341,30326,24672,65535)  #0D7660FF  srgba(13,118,96,1)
9,3: (3341,53713,39835,65535)  #0DD19BFF  srgba(13,209,155,1)
10,3: (3598,49601,54484,65535)  #0EC1D4FF  srgba(14,193,212,1)
11,3: (4112,37779,25957,65535)  #109365FF  srgba(16,147,101,1)
12,3: (5397,58853,56026,65535)  #15E5DAFF  srgba(21,229,218,1)
13,3: (5654,52171,52942,65535)  #16CBCEFF  srgba(22,203,206,1)
14,3: (6168,61166,58339,65535)  #18EEE3FF  srgba(24,238,227,1)
15,3: (6425,46517,50886,65535)  #19B5C6FF  srgba(25,181,198,1)
0,4: (6425,61166,60395,65535)  #19EEEBFF  srgba(25,238,235,1)
1,4: (7453,61423,53456,65535)  #1DEFD0FF  srgba(29,239,208,1)
2,4: (7710,52685,57054,65535)  #1ECDDEFF  srgba(30,205,222,1)
3,4: (8224,56026,54227,65535)  #20DAD3FF  srgba(32,218,211,1)
4,4: (8224,59367,60138,65535)  #20E7EAFF  srgba(32,231,234,1)
5,4: (8995,61423,61937,65535)  #23EFF1FF  srgba(35,239,241,1)
6,4: (9252,10794,9252,65535)  #242A24FF  srgba(36,42,36,1)
7,4: (9252,56283,58853,65535)  #24DBE5FF  srgba(36,219,229,1)
8,4: (9766,17733,8481,65535)  #264521FF  srgba(38,69,33,1)
9,4: (10280,61166,60652,65535)  #28EEECFF  srgba(40,238,236,1)
10,4: (10794,18247,19275,65535)  #2A474BFF  srgba(42,71,75,1)
11,4: (10794,39835,42919,65535)  #2A9BA7FF  srgba(42,155,167,1)
12,4: (11051,44204,46003,65535)  #2BACB3FF  srgba(43,172,179,1)
13,4: (11308,25957,23644,65535)  #2C655CFF  srgba(44,101,92,1)
14,4: (11565,29555,29041,65535)  #2D7371FF  srgba(45,115,113,1)
15,4: (11565,30583,18247,65535)  #2D7747FF  srgba(45,119,71,1)
0,5: (11822,33153,35209,65535)  #2E8189FF  srgba(46,129,137,1)
1,5: (12079,28013,11308,65535)  #2F6D2CFF  srgba(47,109,44,1)
2,5: (12079,35723,23387,65535)  #2F8B5BFF  srgba(47,139,91,1)
3,5: (12079,39064,33667,65535)  #2F9883FF  srgba(47,152,131,1)
4,5: (12079,56283,45746,65535)  #2FDBB2FF  srgba(47,219,178,1)
5,5: (12336,48573,46260,65535)  #30BDB4FF  srgba(48,189,180,1)
6,5: (12593,61937,63479,65535)  #31F1F7FF  srgba(49,241,247,1)
7,5: (12850,44975,37522,65535)  #32AF92FF  srgba(50,175,146,1)
8,5: (13107,49087,30583,65535)  #33BF77FF  srgba(51,191,119,1)
9,5: (13107,54484,37265,65535)  #33D491FF  srgba(51,212,145,1)
10,5: (14135,56026,59367,65535)  #37DAE7FF  srgba(55,218,231,1)
11,5: (14135,59624,60909,65535)  #37E8EDFF  srgba(55,232,237,1)
12,5: (14392,59624,58339,65535)  #38E8E3FF  srgba(56,232,227,1)
13,5: (14392,61166,62194,65535)  #38EEF2FF  srgba(56,238,242,1)
14,5: (14649,55769,54741,65535)  #39D9D5FF  srgba(57,217,213,1)
15,5: (14649,57825,56797,65535)  #39E1DDFF  srgba(57,225,221,1)
0,6: (14906,58082,60909,65535)  #3AE2EDFF  srgba(58,226,237,1)
1,6: (15420,18504,7967,65535)  #3C481FFF  srgba(60,72,31,1)
2,6: (15420,61166,60909,65535)  #3CEEEDFF  srgba(60,238,237,1)
3,6: (15420,61423,58082,65535)  #3CEFE2FF  srgba(60,239,226,1)
4,6: (15677,59881,62451,65535)  #3DE9F3FF  srgba(61,233,243,1)
5,6: (16191,61423,63479,65535)  #3FEFF7FF  srgba(63,239,247,1)
6,6: (16448,60909,62194,65535)  #40EDF2FF  srgba(64,237,242,1)
7,6: (16705,53713,57054,65535)  #41D1DEFF  srgba(65,209,222,1)
8,6: (16962,48059,51143,65535)  #42BBC7FF  srgba(66,187,199,1)
9,6: (16962,51143,53199,65535)  #42C7CFFF  srgba(66,199,207,1)
10,6: (17733,53199,53199,65535)  #45CFCFFF  srgba(69,207,207,1)
11,6: (17990,19018,19532,65535)  #464A4CFF  srgba(70,74,76,1)
12,6: (18247,48573,25443,65535)  #47BD63FF  srgba(71,189,99,1)
13,6: (18504,61937,37779,65535)  #48F193FF  srgba(72,241,147,1)
14,6: (19018,61680,63736,65535)  #4AF0F8FF  srgba(74,240,248,1)
15,6: (19275,61937,46774,65535)  #4BF1B6FF  srgba(75,241,182,1)
0,7: (20046,25957,9509,65535)  #4E6525FF  srgba(78,101,37,1)
1,7: (20046,30840,23130,65535)  #4E785AFF  srgba(78,120,90,1)
2,7: (20046,46260,19789,65535)  #4EB44DFF  srgba(78,180,77,1)
3,7: (20046,61166,62194,65535)  #4EEEF2FF  srgba(78,238,242,1)
4,7: (20303,35209,13621,65535)  #4F8935FF  srgba(79,137,53,1)
5,7: (20303,60909,60909,65535)  #4FEDEDFF  srgba(79,237,237,1)
6,7: (21331,38807,32639,65535)  #53977FFF  srgba(83,151,127,1)
7,7: (21331,46260,45746,65535)  #53B4B2FF  srgba(83,180,178,1)
8,7: (21331,59624,60909,65535)  #53E8EDFF  srgba(83,232,237,1)
9,7: (21588,55769,54998,65535)  #54D9D6FF  srgba(84,217,214,1)
10,7: (21588,56026,59110,65535)  #54DAE6FF  srgba(84,218,230,1)
11,7: (21588,59367,57825,65535)  #54E7E1FF  srgba(84,231,225,1)
12,7: (21588,59881,62451,65535)  #54E9F3FF  srgba(84,233,243,1)
13,7: (21845,39578,41634,65535)  #559AA2FF  srgba(85,154,162,1)
14,7: (21845,55769,45489,65535)  #55D9B1FF  srgba(85,217,177,1)
15,7: (21845,57825,57054,65535)  #55E1DEFF  srgba(85,225,222,1)
0,8: (22102,47031,37265,65535)  #56B791FF  srgba(86,183,145,1)
1,8: (22102,58082,60652,65535)  #56E2ECFF  srgba(86,226,236,1)
2,8: (22359,56026,37522,65535)  #57DA92FF  srgba(87,218,146,1)
3,8: (22359,62194,52942,65535)  #57F2CEFF  srgba(87,242,206,1)
4,8: (22616,30326,31097,65535)  #587679FF  srgba(88,118,121,1)
5,8: (22616,50629,30326,65535)  #58C576FF  srgba(88,197,118,1)
6,8: (22616,61680,63736,65535)  #58F0F8FF  srgba(88,240,248,1)
7,8: (24158,31611,21845,65535)  #5E7B55FF  srgba(94,123,85,1)
8,8: (25700,61680,63736,65535)  #64F0F8FF  srgba(100,240,248,1)
9,8: (26471,60909,62194,65535)  #67EDF2FF  srgba(103,237,242,1)
10,8: (27756,57311,59881,65535)  #6CDFE9FF  srgba(108,223,233,1)
11,8: (27756,59881,62708,65535)  #6CE9F4FF  srgba(108,233,244,1)
12,8: (28013,57054,56026,65535)  #6DDEDAFF  srgba(109,222,218,1)
13,8: (28013,58339,57568,65535)  #6DE3E0FF  srgba(109,227,224,1)
14,8: (28270,34952,7196,65535)  #6E881CFF  srgba(110,136,28,1)
15,8: (28270,59881,61423,65535)  #6EE9EFFF  srgba(110,233,239,1)
0,9: (28527,35209,21074,65535)  #6F8952FF  srgba(111,137,82,1)
1,9: (28527,58596,61166,65535)  #6FE4EEFF  srgba(111,228,238,1)
2,9: (28527,59624,58339,65535)  #6FE8E3FF  srgba(111,232,227,1)
3,9: (28527,61680,63736,65535)  #6FF0F8FF  srgba(111,240,248,1)
4,9: (29555,62451,52942,65535)  #73F3CEFF  srgba(115,243,206,1)
5,9: (29555,62965,37522,65535)  #73F592FF  srgba(115,245,146,1)
6,9: (30069,62194,57568,65535)  #75F2E0FF  srgba(117,242,224,1)
7,9: (30326,62708,46774,65535)  #76F4B6FF  srgba(118,244,182,1)
8,9: (31097,32382,32125,65535)  #797E7DFF  srgba(121,126,125,1)
9,9: (31097,49087,35723,65535)  #79BF8BFF  srgba(121,191,139,1)
10,9: (31097,55512,58339,65535)  #79D8E3FF  srgba(121,216,227,1)
11,9: (31097,61937,60652,65535)  #79F1ECFF  srgba(121,241,236,1)
12,9: (31354,49858,51914,65535)  #7AC2CAFF  srgba(122,194,202,1)
13,9: (31611,61680,63736,65535)  #7BF0F8FF  srgba(123,240,248,1)
14,9: (31868,51914,45489,65535)  #7CCAB1FF  srgba(124,202,177,1)
15,9: (31868,53199,54741,65535)  #7CCFD5FF  srgba(124,207,213,1)
0,10: (31868,55255,53970,65535)  #7CD7D2FF  srgba(124,215,210,1)
1,10: (31868,57054,35980,65535)  #7CDE8CFF  srgba(124,222,140,1)
2,10: (32125,38036,39578,65535)  #7D949AFF  srgba(125,148,154,1)
3,10: (32125,52171,26471,65535)  #7DCB67FF  srgba(125,203,103,1)
4,10: (32639,44975,46003,65535)  #7FAFB3FF  srgba(127,175,179,1)
5,10: (32639,50629,19789,65535)  #7FC54DFF  srgba(127,197,77,1)
6,10: (32639,57311,45746,65535)  #7FDFB2FF  srgba(127,223,178,1)
7,10: (34181,47545,11051,65535)  #85B92BFF  srgba(133,185,43,1)
8,10: (34181,61166,62194,65535)  #85EEF2FF  srgba(133,238,242,1)
9,10: (34438,57054,59881,65535)  #86DEE9FF  srgba(134,222,233,1)
10,10: (34952,57054,55769,65535)  #88DED9FF  srgba(136,222,217,1)
11,10: (35209,58339,57568,65535)  #89E3E0FF  srgba(137,227,224,1)
12,10: (35209,60909,63479,65535)  #89EDF7FF  srgba(137,237,247,1)
13,10: (35466,62708,64250,65535)  #8AF4FAFF  srgba(138,244,250,1)
14,10: (35723,58596,61166,65535)  #8BE4EEFF  srgba(139,228,238,1)
15,10: (35723,59624,58082,65535)  #8BE8E2FF  srgba(139,232,226,1)
0,11: (35723,59881,62708,65535)  #8BE9F4FF  srgba(139,233,244,1)
1,11: (35980,59624,61423,65535)  #8CE8EFFF  srgba(140,232,239,1)
2,11: (37008,62965,37008,65535)  #90F590FF  srgba(144,245,144,1)
3,11: (37008,62965,52942,65535)  #90F5CEFF  srgba(144,245,206,1)
4,11: (37522,62965,46774,65535)  #92F5B6FF  srgba(146,245,182,1)
5,11: (38293,62708,60395,65535)  #95F4EBFF  srgba(149,244,235,1)
6,11: (38807,39835,40606,65535)  #979B9EFF  srgba(151,155,158,1)
7,11: (39321,61680,63736,65535)  #99F0F8FF  srgba(153,240,248,1)
8,11: (39321,62965,57568,65535)  #99F5E0FF  srgba(153,245,224,1)
9,11: (41377,54998,36751,65535)  #A1D68FFF  srgba(161,214,143,1)
10,11: (41634,61423,62194,65535)  #A2EFF2FF  srgba(162,239,242,1)
11,11: (41891,55769,45746,65535)  #A3D9B2FF  srgba(163,217,178,1)
12,11: (42405,44461,45489,65535)  #A5ADB1FF  srgba(165,173,177,1)
13,11: (42405,60909,63222,65535)  #A5EDF6FF  srgba(165,237,246,1)
14,11: (42919,58853,61680,65535)  #A7E5F0FF  srgba(167,229,240,1)
15,11: (42919,63479,64507,65535)  #A7F7FBFF  srgba(167,247,251,1)
0,12: (43176,56283,56026,65535)  #A8DBDAFF  srgba(168,219,218,1)
1,12: (43433,52428,53713,65535)  #A9CCD1FF  srgba(169,204,209,1)
2,12: (43433,57568,57825,65535)  #A9E0E1FF  srgba(169,224,225,1)
3,12: (43433,58853,58082,65535)  #A9E5E2FF  srgba(169,229,226,1)
4,12: (43433,62708,60395,65535)  #A9F4EBFF  srgba(169,244,235,1)
5,12: (43690,60138,62708,65535)  #AAEAF4FF  srgba(170,234,244,1)
6,12: (43947,53970,24158,65535)  #ABD25EFF  srgba(171,210,94,1)
7,12: (43947,59881,58853,65535)  #ABE9E5FF  srgba(171,233,229,1)
8,12: (44204,59881,61680,65535)  #ACE9F0FF  srgba(172,233,240,1)
9,12: (44975,52942,10794,65535)  #AFCE2AFF  srgba(175,206,42,1)
10,12: (46003,63479,52942,65535)  #B3F7CEFF  srgba(179,247,206,1)
11,12: (46260,61166,63479,65535)  #B4EEF7FF  srgba(180,238,247,1)
12,12: (46260,61680,62194,65535)  #B4F0F2FF  srgba(180,240,242,1)
13,12: (46260,63222,41120,65535)  #B4F6A0FF  srgba(180,246,160,1)
14,12: (46260,63479,46774,65535)  #B4F7B6FF  srgba(180,247,182,1)
15,12: (46260,63736,64507,65535)  #B4F8FBFF  srgba(180,248,251,1)
0,13: (46517,62965,35980,65535)  #B5F58CFF  srgba(181,245,140,1)
1,13: (46774,50629,46774,65535)  #B6C5B6FF  srgba(182,197,182,1)
2,13: (46774,62708,25186,65535)  #B6F462FF  srgba(182,244,98,1)
3,13: (47545,63222,57568,65535)  #B9F6E0FF  srgba(185,246,224,1)
4,13: (48573,62708,60395,65535)  #BDF4EBFF  srgba(189,244,235,1)
5,13: (49087,61423,63222,65535)  #BFEFF6FF  srgba(191,239,246,1)
6,13: (49087,63993,64507,65535)  #BFF9FBFF  srgba(191,249,251,1)
7,13: (49344,61423,62194,65535)  #C0EFF2FF  srgba(192,239,242,1)
8,13: (49858,59110,58596,65535)  #C2E6E4FF  srgba(194,230,228,1)
9,13: (50886,60138,61166,65535)  #C6EAEEFF  srgba(198,234,238,1)
10,13: (51143,52942,53970,65535)  #C7CED2FF  srgba(199,206,210,1)
11,13: (51657,57054,55769,65535)  #C9DED9FF  srgba(201,222,217,1)
12,13: (52171,62965,57311,65535)  #CBF5DFFF  srgba(203,245,223,1)
13,13: (52428,57825,59624,65535)  #CCE1E8FF  srgba(204,225,232,1)
14,13: (52685,59367,61423,65535)  #CDE7EFFF  srgba(205,231,239,1)
15,13: (52685,63479,64250,65535)  #CDF7FAFF  srgba(205,247,250,1)
0,14: (52942,58082,36237,65535)  #CEE28DFF  srgba(206,226,141,1)
1,14: (52942,61166,62965,65535)  #CEEEF5FF  srgba(206,238,245,1)
2,14: (53456,61423,62194,65535)  #D0EFF2FF  srgba(208,239,242,1)
3,14: (54227,62194,60909,65535)  #D3F2EDFF  srgba(211,242,237,1)
4,14: (54484,58082,24415,65535)  #D4E25FFF  srgba(212,226,95,1)
5,14: (54484,62451,51657,65535)  #D4F3C9FF  srgba(212,243,201,1)
6,14: (54741,62451,47031,65535)  #D5F3B7FF  srgba(213,243,183,1)
7,14: (55255,62451,40092,65535)  #D7F39CFF  srgba(215,243,156,1)
8,14: (55512,58596,7967,65535)  #D8E41FFF  srgba(216,228,31,1)
9,14: (55512,58596,45489,65535)  #D8E4B1FF  srgba(216,228,177,1)
10,14: (55512,62451,57054,65535)  #D8F3DEFF  srgba(216,243,222,1)
11,14: (56026,59367,59367,65535)  #DAE7E7FF  srgba(218,231,231,1)
12,14: (56026,61423,62965,65535)  #DAEFF5FF  srgba(218,239,245,1)
13,14: (56283,62708,63993,65535)  #DBF4F9FF  srgba(219,244,249,1)
14,14: (56540,60138,62194,65535)  #DCEAF2FF  srgba(220,234,242,1)
15,14: (56797,60138,59624,65535)  #DDEAE8FF  srgba(221,234,232,1)
0,15: (58082,61423,5911,65535)  #E2EF17FF  srgba(226,239,23,1)
1,15: (58082,62194,24929,65535)  #E2F261FF  srgba(226,242,97,1)
2,15: (58339,61423,62194,65535)  #E3EFF2FF  srgba(227,239,242,1)
3,15: (58339,61937,17733,65535)  #E3F145FF  srgba(227,241,69,1)
4,15: (58339,62194,32125,65535)  #E3F27DFF  srgba(227,242,125,1)
5,15: (59110,61937,63222,65535)  #E6F1F6FF  srgba(230,241,246,1)
6,15: (59881,61423,60909,65535)  #E9EFEDFF  srgba(233,239,237,1)
7,15: (59881,61680,57311,65535)  #E9F0DFFF  srgba(233,240,223,1)
8,15: (60138,61937,49087,65535)  #EAF1BFFF  srgba(234,241,191,1)
9,15: (60395,61937,39835,65535)  #EBF19BFF  srgba(235,241,155,1)
10,15: (60909,61166,62194,65535)  #EDEEF2FF  srgba(237,238,242,1)
11,15: (61166,61680,62965,65535)  #EEF0F5FF  srgba(238,240,245,1)
12,15: (61423,61166,61937,65535)  #EFEEF1FF  srgba(239,238,241,1)
13,15: (61680,61423,60909,65535)  #F0EFEDFF  srgba(240,239,237,1)
14,15: (61937,61680,62194,65535)  #F1F0F2FF  srgba(241,240,242,1)
15,15: (0,65535,0,0)  #00FF0000  srgba(0,255,0,0)
