# ImageMagick pixel enumeration: 16,16,65535,srgba
0,0: (0,0,0,65535)  #000000FF  black
1,0: (0,22873,47545,65535)  #0059B9FF  srgba(0,89,185,1)
2,0: (0,42405,54741,65535)  #00A5D5FF  srgba(0,165,213,1)
3,0: (0,51914,57825,65535)  #00CAE1FF  srgba(0,202,225,1)
4,0: (257,55255,12079,65535)  #01D72FFF  srgba(1,215,47,1)
5,0: (257,62708,37779,65535)  #01F493FF  srgba(1,244,147,1)
6,0: (257,63222,13878,65535)  #01F636FF  srgba(1,246,54,1)
7,0: (257,63222,29555,65535)  #01F673FF  srgba(1,246,115,1)
8,0: (514,0,1542,65535)  #020006FF  srgba(2,0,6,1)
9,0: (514,771,2313,65535)  #020309FF  srgba(2,3,9,1)
10,0: (514,2570,4883,65535)  #020A13FF  srgba(2,10,19,1)
11,0: (514,34438,26985,65535)  #028669FF  srgba(2,134,105,1)
12,0: (514,42148,40863,65535)  #02A49FFF  srgba(2,164,159,1)
13,0: (514,43690,11822,65535)  #02AA2EFF  srgba(2,170,46,1)
14,0: (514,45489,25957,65535)  #02B165FF  srgba(2,177,101,1)
15,0: (514,55255,27499,65535)  #02D76BFF  srgba(2,215,107,1)
0,1: (514,63222,17733,65535)  #02F645FF  srgba(2,246,69,1)
1,1: (771,0,0,65535)  #030000FF  srgba(3,0,0,1)
2,1: (771,24158,60395,65535)  #035EEBFF  srgba(3,94,235,1)
3,1: (771,55769,14649,65535)  #03D939FF  srgba(3,217,57,1)
4,1: (1028,0,0,65535)  #040000FF  srgba(4,0,0,1)
5,1: (1028,0,257,65535)  #040001FF  srgba(4,0,1,1)
6,1: (1028,257,257,65535)  #040101FF  srgba(4,1,1,1)
7,1: (1028,10023,27242,65535)  #04276AFF  srgba(4,39,106,1)
8,1: (1285,514,0,65535)  #050200FF  srgba(5,2,0,1)
9,1: (1542,4883,7967,65535)  #06131FFF  srgba(6,19,31,1)
10,1: (2056,0,0,65535)  #080000FF  srgba(8,0,0,1)
11,1: (2056,8224,14906,65535)  #08203AFF  srgba(8,32,58,1)
12,1: (2056,19275,4626,65535)  #084B12FF  srgba(8,75,18,1)
13,1: (2313,2056,0,65535)  #090800FF  srgba(9,8,0,1)
14,1: (2570,2056,257,65535)  #0A0801FF  srgba(10,8,1,1)
15,1: (2570,3598,1285,65535)  #0A0E05FF  srgba(10,14,5,1)
0,2: (2570,6425,10280,65535)  #0A1928FF  srgba(10,25,40,1)
1,2: (3084,7710,12336,65535)  #0C1E30FF  srgba(12,30,48,1)
2,2: (3341,24415,46517,65535)  #0D5FB5FF  srgba(13,95,181,1)
3,2: (3598,0,1028,65535)  #0E0004FF  srgba(14,0,4,1)
4,2: (3598,23901,15677,65535)  #0E5D3DFF  srgba(14,93,61,1)
5,2: (3855,22616,28527,65535)  #0F586FFF  srgba(15,88,111,1)
6,2: (3855,39835,7710,65535)  #0F9B1EFF  srgba(15,155,30,1)
7,2: (3855,58082,60395,65535)  #0FE2EBFF  srgba(15,226,235,1)
8,2: (4112,60909,48830,65535)  #10EDBEFF  srgba(16,237,190,1)
9,2: (4369,50372,57311,65535)  #11C4DFFF  srgba(17,196,223,1)
10,2: (5140,771,257,65535)  #140301FF  srgba(20,3,1,1)
11,2: (5140,31097,6682,65535)  #14791AFF  srgba(20,121,26,1)
12,2: (5397,0,2570,65535)  #15000AFF  srgba(21,0,10,1)
13,2: (5397,3341,257,65535)  #150D01FF  srgba(21,13,1,1)
14,2: (5397,39064,22616,65535)  #159858FF  srgba(21,152,88,1)
15,2: (5654,39321,52942,65535)  #1699CEFF  srgba(22,153,206,1)
0,3: (5911,10280,15677,65535)  #17283DFF  srgba(23,40,61,1)
1,3: (6168,0,0,65535)  #180000FF  srgba(24,0,0,1)
2,3: (6168,5140,514,65535)  #181402FF  srgba(24,20,2,1)
3,3: (6168,57054,23130,65535)  #18DE5AFF  srgba(24,222,90,1)
4,3: (6425,7967,12850,65535)  #191F32FF  srgba(25,31,50,1)
5,3: (6939,1799,3084,65535)  #1B070CFF  srgba(27,7,12,1)
6,3: (7196,16448,18504,65535)  #1C4048FF  srgba(28,64,72,1)
7,3: (7196,58596,13878,65535)  #1CE436FF  srgba(28,228,54,1)
8,3: (7453,38807,12079,65535)  #1D972FFF  srgba(29,151,47,1)
9,3: (7453,62708,39835,65535)  #1DF49BFF  srgba(29,244,155,1)
10,3: (7453,63993,16448,65535)  #1DF940FF  srgba(29,249,64,1)
11,3: (8224,0,5140,65535)  #200014FF  srgba(32,0,20,1)
12,3: (8738,1285,257,65535)  #220501FF  srgba(34,5,1,1)
13,3: (8738,5397,514,65535)  #221502FF  srgba(34,21,2,1)
14,3: (8738,14135,19789,65535)  #22374DFF  srgba(34,55,77,1)
15,3: (8995,7710,1028,65535)  #231E04FF  srgba(35,30,4,1)
0,4: (9252,11051,17733,65535)  #242B45FF  srgba(36,43,69,1)
1,4: (9252,43176,41377,65535)  #24A8A1FF  srgba(36,168,161,1)
2,4: (9509,16191,24415,65535)  #253F5FFF  srgba(37,63,95,1)
3,4: (9766,3598,8224,65535)  #260E20FF  srgba(38,14,32,1)
4,4: (10023,11822,19018,65535)  #272E4AFF  srgba(39,46,74,1)
5,4: (10794,514,4369,65535)  #2A0211FF  srgba(42,2,17,1)
6,4: (10794,3855,771,65535)  #2A0F03FF  srgba(42,15,3,1)
7,4: (11051,8995,1285,65535)  #2B2305FF  srgba(43,35,5,1)
8,4: (11308,17990,4369,65535)  #2C4611FF  srgba(44,70,17,1)
9,4: (11565,514,7453,65535)  #2D021DFF  srgba(45,2,29,1)
10,4: (11565,5397,2570,65535)  #2D150AFF  srgba(45,21,10,1)
11,4: (11822,22873,35980,65535)  #2E598CFF  srgba(46,89,140,1)
12,4: (12079,10794,2313,65535)  #2F2A09FF  srgba(47,42,9,1)
13,4: (12593,2827,771,65535)  #310B03FF  srgba(49,11,3,1)
14,4: (12593,8995,1285,65535)  #312305FF  srgba(49,35,5,1)
15,4: (12593,18761,26214,65535)  #314966FF  srgba(49,73,102,1)
0,5: (13107,27242,36751,65535)  #336A8FFF  srgba(51,106,143,1)
1,5: (13364,9509,22873,65535)  #342559FF  srgba(52,37,89,1)
2,5: (14135,6168,1285,65535)  #371805FF  srgba(55,24,5,1)
3,5: (14135,7196,15934,65535)  #371C3EFF  srgba(55,28,62,1)
4,5: (14135,28270,6682,65535)  #376E1AFF  srgba(55,110,26,1)
5,5: (14906,12336,2827,65535)  #3A300BFF  srgba(58,48,11,1)
6,5: (15163,14649,3341,65535)  #3B390DFF  srgba(59,57,13,1)
7,5: (15420,2827,3084,65535)  #3C0B0CFF  srgba(60,11,12,1)
8,5: (15420,8224,2827,65535)  #3C200BFF  srgba(60,32,11,1)
9,5: (15677,6168,1285,65535)  #3D1805FF  srgba(61,24,5,1)
10,5: (15934,1285,8481,65535)  #3E0521FF  srgba(62,5,33,1)
11,5: (16191,17990,21588,65535)  #3F4654FF  srgba(63,70,84,1)
12,5: (16705,63993,14392,65535)  #41F938FF  srgba(65,249,56,1)
13,5: (16962,15677,3855,65535)  #423D0FFF  srgba(66,61,15,1)
14,5: (17476,19789,27756,65535)  #444D6CFF  srgba(68,77,108,1)
15,5: (18247,4626,8481,65535)  #471221FF  srgba(71,18,33,1)
0,6: (18247,37522,24929,65535)  #479261FF  srgba(71,146,97,1)
1,6: (18504,3341,12336,65535)  #480D30FF  srgba(72,13,48,1)
2,6: (18504,4369,4112,65535)  #481110FF  srgba(72,17,16,1)
3,6: (18504,11822,2827,65535)  #482E0BFF  srgba(72,46,11,1)
4,6: (18504,30069,43690,65535)  #4875AAFF  srgba(72,117,170,1)
5,6: (19275,22873,31868,65535)  #4B597CFF  srgba(75,89,124,1)
6,6: (19275,62194,45746,65535)  #4BF2B2FF  srgba(75,242,178,1)
7,6: (19789,15934,4112,65535)  #4D3E10FF  srgba(77,62,16,1)
8,6: (19789,60138,24158,65535)  #4DEA5EFF  srgba(77,234,94,1)
9,6: (19789,63993,22873,65535)  #4DF959FF  srgba(77,249,89,1)
10,6: (20046,60652,55512,65535)  #4EECD8FF  srgba(78,236,216,1)
11,6: (20303,62965,39578,65535)  #4FF59AFF  srgba(79,245,154,1)
12,6: (20560,19275,4883,65535)  #504B13FF  srgba(80,75,19,1)
13,6: (20817,26728,36494,65535)  #51688EFF  srgba(81,104,142,1)
14,6: (20817,55512,12850,65535)  #51D832FF  srgba(81,216,50,1)
15,6: (21074,4626,1028,65535)  #521204FF  srgba(82,18,4,1)
0,7: (22359,43690,54227,65535)  #57AAD3FF  srgba(87,170,211,1)
1,7: (22616,42662,10537,65535)  #58A629FF  srgba(88,166,41,1)
2,7: (23130,28784,38807,65535)  #5A7097FF  srgba(90,112,151,1)
3,7: (23130,31354,7453,65535)  #5A7A1DFF  srgba(90,122,29,1)
4,7: (23387,42919,41634,65535)  #5BA7A2FF  srgba(91,167,162,1)
5,7: (23644,4883,12336,65535)  #5C1330FF  srgba(92,19,48,1)
6,7: (23644,7196,3855,65535)  #5C1C0FFF  srgba(92,28,15,1)
7,7: (24415,18247,4883,65535)  #5F4713FF  srgba(95,71,19,1)
8,7: (25186,8738,8738,65535)  #622222FF  srgba(98,34,34,1)
9,7: (25186,23130,5911,65535)  #625A17FF  srgba(98,90,23,1)
10,7: (25186,31354,41634,65535)  #627AA2FF  srgba(98,122,162,1)
11,7: (25443,37779,8481,65535)  #639321FF  srgba(99,147,33,1)
12,7: (25957,5911,19018,65535)  #65174AFF  srgba(101,23,74,1)
13,7: (26985,17990,19018,65535)  #69464AFF  srgba(105,70,74,1)
14,7: (26985,32382,42148,65535)  #697EA4FF  srgba(105,126,164,1)
15,7: (27242,33924,43947,65535)  #6A84ABFF  srgba(106,132,171,1)
0,8: (27756,32896,43176,65535)  #6C80A8FF  srgba(108,128,168,1)
1,8: (28270,34181,43690,65535)  #6E85AAFF  srgba(110,133,170,1)
2,8: (29041,21074,5654,65535)  #715216FF  srgba(113,82,22,1)
3,8: (29041,26471,6682,65535)  #71671AFF  srgba(113,103,26,1)
4,8: (29298,27499,6682,65535)  #726B1AFF  srgba(114,107,26,1)
5,8: (30326,28013,6939,65535)  #766D1BFF  srgba(118,109,27,1)
6,8: (30583,10537,11822,65535)  #77292EFF  srgba(119,41,46,1)
7,8: (30840,8224,21074,65535)  #782052FF  srgba(120,32,82,1)
8,8: (30840,38036,48573,65535)  #7894BDFF  srgba(120,148,189,1)
9,8: (31097,30069,7196,65535)  #79751CFF  srgba(121,117,28,1)
10,8: (31354,28527,7196,65535)  #7A6F1CFF  srgba(122,111,28,1)
11,8: (31868,29812,40092,65535)  #7C749CFF  srgba(124,116,156,1)
12,8: (33410,30583,7453,65535)  #82771DFF  srgba(130,119,29,1)
13,8: (33410,38036,27499,65535)  #82946BFF  srgba(130,148,107,1)
14,8: (33924,22359,6168,65535)  #845718FF  srgba(132,87,24,1)
15,8: (33924,44975,10794,65535)  #84AF2AFF  srgba(132,175,42,1)
0,9: (33924,62194,20046,65535)  #84F24EFF  srgba(132,242,78,1)
1,9: (34181,53970,43690,65535)  #85D2AAFF  srgba(133,210,170,1)
2,9: (34438,46003,56026,65535)  #86B3DAFF  srgba(134,179,218,1)
3,9: (34438,47031,12336,65535)  #86B730FF  srgba(134,183,48,1)
4,9: (34438,62451,30840,65535)  #86F378FF  srgba(134,243,120,1)
5,9: (34695,10537,26214,65535)  #872966FF  srgba(135,41,102,1)
6,9: (35209,56026,12850,65535)  #89DA32FF  srgba(137,218,50,1)
7,9: (35466,62194,42405,65535)  #8AF2A5FF  srgba(138,242,165,1)
8,9: (35466,63993,41120,65535)  #8AF9A0FF  srgba(138,249,160,1)
9,9: (35723,8995,35723,65535)  #8B238BFF  srgba(139,35,139,1)
10,9: (35723,9509,29041,65535)  #8B2571FF  srgba(139,37,113,1)
11,9: (35723,24672,38036,65535)  #8B6094FF  srgba(139,96,148,1)
12,9: (35723,26214,6682,65535)  #8B661AFF  srgba(139,102,26,1)
13,9: (35980,15420,16705,65535)  #8C3C41FF  srgba(140,60,65,1)
14,9: (35980,57054,60138,65535)  #8CDEEAFF  srgba(140,222,234,1)
15,9: (36237,10023,22102,65535)  #8D2756FF  srgba(141,39,86,1)
0,10: (36494,32382,7967,65535)  #8E7E1FFF  srgba(142,126,31,1)
1,10: (38036,22359,28013,65535)  #94576DFF  srgba(148,87,109,1)
2,10: (38293,5911,4112,65535)  #951710FF  srgba(149,23,16,1)
3,10: (38807,9252,10023,65535)  #972427FF  srgba(151,36,39,1)
4,10: (38807,38293,9766,65535)  #979526FF  srgba(151,149,38,1)
5,10: (39064,18247,18247,65535)  #984747FF  srgba(152,71,71,1)
6,10: (39321,14906,28270,65535)  #993A6EFF  srgba(153,58,110,1)
7,10: (39578,30840,7710,65535)  #9A781EFF  srgba(154,120,30,1)
8,10: (39578,35209,8738,65535)  #9A8922FF  srgba(154,137,34,1)
9,10: (40349,19275,20817,65535)  #9D4B51FF  srgba(157,75,81,1)
10,10: (40606,37265,8995,65535)  #9E9123FF  srgba(158,145,35,1)
11,10: (41891,11308,32125,65535)  #A32C7DFF  srgba(163,44,125,1)
12,10: (42662,39064,9509,65535)  #A69825FF  srgba(166,152,37,1)
13,10: (43176,21074,21588,65535)  #A85254FF  srgba(168,82,84,1)
14,10: (43176,32125,8224,65535)  #A87D20FF  srgba(168,125,32,1)
15,10: (43176,37008,9252,65535)  #A89024FF  srgba(168,144,36,1)
0,11: (43690,12079,37265,65535)  #AA2F91FF  srgba(170,47,145,1)
1,11: (43947,19275,27499,65535)  #AB4B6BFF  srgba(171,75,107,1)
2,11: (43947,39578,9766,65535)  #AB9A26FF  srgba(171,154,38,1)
3,11: (44461,17990,33410,65535)  #AD4682FF  srgba(173,70,130,1)
4,11: (45232,33153,9252,65535)  #B08124FF  srgba(176,129,36,1)
5,11: (45489,23644,25186,65535)  #B15C62FF  srgba(177,92,98,1)
6,11: (45489,33667,8481,65535)  #B18321FF  srgba(177,131,33,1)
7,11: (45489,40092,9766,65535)  #B19C26FF  srgba(177,156,38,1)
8,11: (45746,62708,42405,65535)  #B2F4A5FF  srgba(178,244,165,1)
9,11: (46260,22873,19532,65535)  #B4594CFF  srgba(180,89,76,1)
10,11: (46517,19532,36494,65535)  #B54C8EFF  srgba(181,76,142,1)
11,11: (46517,36237,9252,65535)  #B58D24FF  srgba(181,141,36,1)
12,11: (46774,35723,8995,65535)  #B68B23FF  srgba(182,139,35,1)
13,11: (46774,60138,19018,65535)  #B6EA4AFF  srgba(182,234,74,1)
14,11: (47288,17219,41120,65535)  #B843A0FF  srgba(184,67,160,1)
15,11: (47288,23644,26728,65535)  #B85C68FF  srgba(184,92,104,1)
0,12: (47288,43433,10537,65535)  #B8A929FF  srgba(184,169,41,1)
1,12: (47802,24158,27499,65535)  #BA5E6BFF  srgba(186,94,107,1)
2,12: (47802,36751,9509,65535)  #BA8F25FF  srgba(186,143,37,1)
3,12: (48059,51143,12850,65535)  #BBC732FF  srgba(187,199,50,1)
4,12: (48316,32382,11565,65535)  #BC7E2DFF  srgba(188,126,45,1)
5,12: (48316,62965,31611,65535)  #BCF57BFF  srgba(188,245,123,1)
6,12: (48573,62708,25700,65535)  #BDF464FF  srgba(189,244,100,1)
7,12: (49344,20560,37008,65535)  #C05090FF  srgba(192,80,144,1)
8,12: (49344,22359,37779,65535)  #C05793FF  srgba(192,87,147,1)
9,12: (49858,17476,41891,65535)  #C244A3FF  srgba(194,68,163,1)
10,12: (49858,22102,29298,65535)  #C25672FF  srgba(194,86,114,1)
11,12: (49858,61166,27499,65535)  #C2EE6BFF  srgba(194,238,107,1)
12,12: (50115,17990,44204,65535)  #C346ACFF  srgba(195,70,172,1)
13,12: (50115,27242,28527,65535)  #C36A6FFF  srgba(195,106,111,1)
14,12: (50629,61423,59367,65535)  #C5EFE7FF  srgba(197,239,231,1)
15,12: (50886,61166,35466,65535)  #C6EE8AFF  srgba(198,238,138,1)
0,13: (51143,9766,60138,65535)  #C726EAFF  srgba(199,38,234,1)
1,13: (51657,5911,4626,65535)  #C91712FF  srgba(201,23,18,1)
2,13: (51657,39835,10537,65535)  #C99B29FF  srgba(201,155,41,1)
3,13: (51657,61937,39578,65535)  #C9F19AFF  srgba(201,241,154,1)
4,13: (51914,61937,51657,65535)  #CAF1C9FF  srgba(202,241,201,1)
5,13: (52428,36751,11565,65535)  #CC8F2DFF  srgba(204,143,45,1)
6,13: (52685,44204,11308,65535)  #CDAC2CFF  srgba(205,172,44,1)
7,13: (52685,48316,56283,65535)  #CDBCDBFF  srgba(205,188,219,1)
8,13: (52942,26728,46260,65535)  #CE68B4FF  srgba(206,104,180,1)
9,13: (52942,44975,44461,65535)  #CEAFADFF  srgba(206,175,173,1)
10,13: (52942,48059,12593,65535)  #CEBB31FF  srgba(206,187,49,1)
11,13: (52942,54227,27756,65535)  #CED36CFF  srgba(206,211,108,1)
12,13: (53199,55512,18761,65535)  #CFD849FF  srgba(207,216,73,1)
13,13: (53199,59110,29041,65535)  #CFE671FF  srgba(207,230,113,1)
14,13: (53199,59881,31097,65535)  #CFE979FF  srgba(207,233,121,1)
15,13: (53713,24929,37779,65535)  #D16193FF  srgba(209,97,147,1)
0,14: (53713,62451,35466,65535)  #D1F38AFF  srgba(209,243,138,1)
1,14: (53970,30583,31611,65535)  #D2777BFF  srgba(210,119,123,1)
2,14: (54227,25443,41120,65535)  #D363A0FF  srgba(211,99,160,1)
3,14: (54484,61166,34181,65535)  #D4EE85FF  srgba(212,238,133,1)
4,14: (54741,8224,7710,65535)  #D5201EFF  srgba(213,32,30,1)
5,14: (55769,61166,38807,65535)  #D9EE97FF  srgba(217,238,151,1)
6,14: (56026,22102,6682,65535)  #DA561AFF  srgba(218,86,26,1)
7,14: (56797,55769,46260,65535)  #DDD9B4FF  srgba(221,217,180,1)
8,14: (57568,18504,16448,65535)  #E04840FF  srgba(224,72,64,1)
9,14: (57568,58853,33153,65535)  #E0E581FF  srgba(224,229,129,1)
10,14: (58853,21331,28013,65535)  #E5536DFF  srgba(229,83,109,1)
11,14: (59367,24929,49601,65535)  #E761C1FF  srgba(231,97,193,1)
12,14: (59881,33667,36494,65535)  #E9838EFF  srgba(233,131,142,1)
13,14: (59881,56797,56026,65535)  #E9DDDAFF  srgba(233,221,218,1)
14,14: (60138,7710,5140,65535)  #EA1E14FF  srgba(234,30,20,1)
15,14: (60395,31868,50115,65535)  #EB7CC3FF  srgba(235,124,195,1)
0,15: (60395,49858,30840,65535)  #EBC278FF  srgba(235,194,120,1)
1,15: (60652,30840,30840,65535)  #EC7878FF  srgba(236,120,120,1)
2,15: (60909,31611,14392,65535)  #ED7B38FF  srgba(237,123,56,1)
3,15: (60909,60138,58596,65535)  #EDEAE4FF  srgba(237,234,228,1)
4,15: (61423,49087,57054,65535)  #EFBFDEFF  srgba(239,191,222,1)
5,15: (62194,51657,45489,65535)  #F2C9B1FF  srgba(242,201,177,1)
6,15: (62451,40092,31868,65535)  #F39C7CFF  srgba(243,156,124,1)
7,15: (62965,25443,11822,65535)  #F5632EFF  srgba(245,99,46,1)
8,15: (63222,9509,6425,65535)  #F62519FF  srgba(246,37,25,1)
9,15: (63736,55512,55769,65535)  #F8D8D9FF  srgba(248,216,217,1)
10,15: (64250,48316,56797,65535)  #FABCDDFF  srgba(250,188,221,1)
11,15: (64507,18761,6939,65535)  #FB491BFF  srgba(251,73,27,1)
12,15: (64507,51657,47802,65535)  #FBC9BAFF  srgba(251,201,186,1)
13,15: (64764,44718,42919,65535)  #FCAEA7FF  srgba(252,174,167,1)
14,15: (65278,19018,7710,65535)  #FE4A1EFF  srgba(254,74,30,1)
15,15: (0,65535,0,0)  #00FF0000  srgba(0,255,0,0)
