# ImageMagick pixel enumeration: 16,16,65535,srgba
0,0: (0,0,0,65535)  #000000FF  black
1,0: (0,0,514,65535)  #000002FF  srgba(0,0,2,1)
2,0: (0,0,1285,65535)  #000005FF  srgba(0,0,5,1)
3,0: (0,0,1542,65535)  #000006FF  srgba(0,0,6,1)
4,0: (0,257,771,65535)  #000103FF  srgba(0,1,3,1)
5,0: (257,0,1028,65535)  #010004FF  srgba(1,0,4,1)
6,0: (257,0,2056,65535)  #010008FF  srgba(1,0,8,1)
7,0: (514,0,2827,65535)  #02000BFF  srgba(2,0,11,1)
8,0: (514,0,3084,65535)  #02000CFF  srgba(2,0,12,1)
9,0: (514,1285,3084,65535)  #02050CFF  srgba(2,5,12,1)
10,0: (771,514,1028,65535)  #030204FF  srgba(3,2,4,1)
11,0: (771,514,3084,65535)  #03020CFF  srgba(3,2,12,1)
12,0: (1028,1028,3598,65535)  #04040EFF  srgba(4,4,14,1)
13,0: (1285,0,3598,65535)  #05000EFF  srgba(5,0,14,1)
14,0: (1285,257,3855,65535)  #05010FFF  srgba(5,1,15,1)
15,0: (1542,0,3855,65535)  #06000FFF  srgba(6,0,15,1)
0,1: (1542,514,4626,65535)  #060212FF  srgba(6,2,18,1)
1,1: (1542,1542,3855,65535)  #06060FFF  srgba(6,6,15,1)
2,1: (1542,3084,3341,65535)  #060C0DFF  srgba(6,12,13,1)
3,1: (2056,0,4112,65535)  #080010FF  srgba(8,0,16,1)
4,1: (2056,1542,4112,65535)  #080610FF  srgba(8,6,16,1)
5,1: (2313,514,4369,65535)  #090211FF  srgba(9,2,17,1)
6,1: (2313,514,7453,65535)  #09021DFF  srgba(9,2,29,1)
7,1: (2313,771,4883,65535)  #090313FF  srgba(9,3,19,1)
8,1: (2313,771,8738,65535)  #090322FF  srgba(9,3,34,1)
9,1: (2313,1285,5911,65535)  #090517FF  srgba(9,5,23,1)
10,1: (2313,1542,4112,65535)  #090610FF  srgba(9,6,16,1)
11,1: (2313,1799,5140,65535)  #090714FF  srgba(9,7,20,1)
12,1: (2570,771,771,65535)  #0A0303FF  srgba(10,3,3,1)
13,1: (2570,3084,5397,65535)  #0A0C15FF  srgba(10,12,21,1)
14,1: (2570,3855,4112,65535)  #0A0F10FF  srgba(10,15,16,1)
15,1: (2827,1285,5140,65535)  #0B0514FF  srgba(11,5,20,1)
0,2: (2827,1285,5911,65535)  #0B0517FF  srgba(11,5,23,1)
1,2: (2827,2313,5140,65535)  #0B0914FF  srgba(11,9,20,1)
2,2: (2827,4883,4112,65535)  #0B1310FF  srgba(11,19,16,1)
3,2: (3084,1542,6425,65535)  #0C0619FF  srgba(12,6,25,1)
4,2: (3084,1799,5397,65535)  #0C0715FF  srgba(12,7,21,1)
5,2: (3084,1799,5911,65535)  #0C0717FF  srgba(12,7,23,1)
6,2: (3084,2313,5654,65535)  #0C0916FF  srgba(12,9,22,1)
7,2: (3084,3084,5140,65535)  #0C0C14FF  srgba(12,12,20,1)
8,2: (3084,4369,5140,65535)  #0C1114FF  srgba(12,17,20,1)
9,2: (3341,1542,5397,65535)  #0D0615FF  srgba(13,6,21,1)
10,2: (3341,1799,6682,65535)  #0D071AFF  srgba(13,7,26,1)
11,2: (3598,1285,3598,65535)  #0E050EFF  srgba(14,5,14,1)
12,2: (3598,2056,5911,65535)  #0E0817FF  srgba(14,8,23,1)
13,2: (3598,2313,6425,65535)  #0E0919FF  srgba(14,9,25,1)
14,2: (3598,3855,6939,65535)  #0E0F1BFF  srgba(14,15,27,1)
15,2: (3855,1028,21331,65535)  #0F0453FF  srgba(15,4,83,1)
0,3: (3855,2313,6939,65535)  #0F091BFF  srgba(15,9,27,1)
1,3: (3855,2827,6168,65535)  #0F0B18FF  srgba(15,11,24,1)
2,3: (3855,3341,5654,65535)  #0F0D16FF  srgba(15,13,22,1)
3,3: (3855,3598,5911,65535)  #0F0E17FF  srgba(15,14,23,1)
4,3: (3855,3855,6168,65535)  #0F0F18FF  srgba(15,15,24,1)
5,3: (3855,4883,6425,65535)  #0F1319FF  srgba(15,19,25,1)
6,3: (4112,2313,6425,65535)  #100919FF  srgba(16,9,25,1)
7,3: (4112,3084,6939,65535)  #100C1BFF  srgba(16,12,27,1)
8,3: (4112,3341,6425,65535)  #100D19FF  srgba(16,13,25,1)
9,3: (4112,3855,6425,65535)  #100F19FF  srgba(16,15,25,1)
10,3: (4369,3341,7196,65535)  #110D1CFF  srgba(17,13,28,1)
11,3: (4369,3855,6939,65535)  #110F1BFF  srgba(17,15,27,1)
12,3: (4369,4369,7453,65535)  #11111DFF  srgba(17,17,29,1)
13,3: (4369,5397,13107,65535)  #111533FF  srgba(17,21,51,1)
14,3: (4626,1028,10794,65535)  #12042AFF  srgba(18,4,42,1)
15,3: (4626,2570,6682,65535)  #120A1AFF  srgba(18,10,26,1)
0,4: (4626,3855,6939,65535)  #120F1BFF  srgba(18,15,27,1)
1,4: (4626,4369,6682,65535)  #12111AFF  srgba(18,17,26,1)
2,4: (4626,4369,6939,65535)  #12111BFF  srgba(18,17,27,1)
3,4: (4626,5140,7453,65535)  #12141DFF  srgba(18,20,29,1)
4,4: (4626,5654,5911,65535)  #121617FF  srgba(18,22,23,1)
5,4: (4883,1028,13364,65535)  #130434FF  srgba(19,4,52,1)
6,4: (4883,2313,7453,65535)  #13091DFF  srgba(19,9,29,1)
7,4: (4883,3084,7196,65535)  #130C1CFF  srgba(19,12,28,1)
8,4: (4883,3855,7710,65535)  #130F1EFF  srgba(19,15,30,1)
9,4: (4883,4369,7453,65535)  #13111DFF  srgba(19,17,29,1)
10,4: (4883,4369,7710,65535)  #13111EFF  srgba(19,17,30,1)
11,4: (4883,4883,10023,65535)  #131327FF  srgba(19,19,39,1)
12,4: (4883,6682,5911,65535)  #131A17FF  srgba(19,26,23,1)
13,4: (5140,1285,8995,65535)  #140523FF  srgba(20,5,35,1)
14,4: (5140,4112,7453,65535)  #14101DFF  srgba(20,16,29,1)
15,4: (5140,4112,8224,65535)  #141020FF  srgba(20,16,32,1)
0,5: (5140,4883,7196,65535)  #14131CFF  srgba(20,19,28,1)
1,5: (5140,5140,9509,65535)  #141425FF  srgba(20,20,37,1)
2,5: (5397,3855,7967,65535)  #150F1FFF  srgba(21,15,31,1)
3,5: (5397,5140,7710,65535)  #15141EFF  srgba(21,20,30,1)
4,5: (5397,5140,8481,65535)  #151421FF  srgba(21,20,33,1)
5,5: (5654,4626,8738,65535)  #161222FF  srgba(22,18,34,1)
6,5: (5654,5140,8224,65535)  #161420FF  srgba(22,20,32,1)
7,5: (5654,5140,8224,65535)  #161420FF  srgba(22,20,32,1)
8,5: (5654,5140,8995,65535)  #161423FF  srgba(22,20,35,1)
9,5: (5654,5140,8995,65535)  #161423FF  srgba(22,20,35,1)
10,5: (5654,5397,7967,65535)  #16151FFF  srgba(22,21,31,1)
11,5: (5911,1028,16448,65535)  #170440FF  srgba(23,4,64,1)
12,5: (5911,3598,8224,65535)  #170E20FF  srgba(23,14,32,1)
13,5: (5911,5397,8481,65535)  #171521FF  srgba(23,21,33,1)
14,5: (6168,4883,8481,65535)  #181321FF  srgba(24,19,33,1)
15,5: (6168,5140,8995,65535)  #181423FF  srgba(24,20,35,1)
0,6: (6168,5140,8995,65535)  #181423FF  srgba(24,20,35,1)
1,6: (6168,5911,8738,65535)  #181722FF  srgba(24,23,34,1)
2,6: (6425,5397,8738,65535)  #191522FF  srgba(25,21,34,1)
3,6: (6425,5397,9509,65535)  #191525FF  srgba(25,21,37,1)
4,6: (6682,5140,9509,65535)  #1A1425FF  srgba(26,20,37,1)
5,6: (6682,5911,9252,65535)  #1A1724FF  srgba(26,23,36,1)
6,6: (6682,6168,9766,65535)  #1A1826FF  srgba(26,24,38,1)
7,6: (6682,7196,7967,65535)  #1A1C1FFF  srgba(26,28,31,1)
8,6: (6939,4626,8481,65535)  #1B1221FF  srgba(27,18,33,1)
9,6: (6939,4883,8995,65535)  #1B1323FF  srgba(27,19,35,1)
10,6: (6939,5140,9766,65535)  #1B1426FF  srgba(27,20,38,1)
11,6: (6939,5911,9252,65535)  #1B1724FF  srgba(27,23,36,1)
12,6: (6939,6425,9509,65535)  #1B1925FF  srgba(27,25,37,1)
13,6: (7196,6682,9252,65535)  #1C1A24FF  srgba(28,26,36,1)
14,6: (7453,4883,10280,65535)  #1D1328FF  srgba(29,19,40,1)
15,6: (7453,6682,9766,65535)  #1D1A26FF  srgba(29,26,38,1)
0,7: (7453,6682,10280,65535)  #1D1A28FF  srgba(29,26,40,1)
1,7: (7453,8224,7967,65535)  #1D201FFF  srgba(29,32,31,1)
2,7: (7710,4369,4369,65535)  #1E1111FF  srgba(30,17,17,1)
3,7: (8224,10023,9509,65535)  #202725FF  srgba(32,39,37,1)
4,7: (8738,4369,12593,65535)  #221131FF  srgba(34,17,49,1)
5,7: (9509,7453,12850,65535)  #251D32FF  srgba(37,29,50,1)
6,7: (9766,7710,7453,65535)  #261E1DFF  srgba(38,30,29,1)
7,7: (10023,4369,16191,65535)  #27113FFF  srgba(39,17,63,1)
8,7: (10023,11565,9509,65535)  #272D25FF  srgba(39,45,37,1)
9,7: (10280,7453,2313,65535)  #281D09FF  srgba(40,29,9,1)
10,7: (10280,10023,8224,65535)  #282720FF  srgba(40,39,32,1)
11,7: (10537,4369,5140,65535)  #291114FF  srgba(41,17,20,1)
12,7: (10537,11822,12850,65535)  #292E32FF  srgba(41,46,50,1)
13,7: (11051,1285,23130,65535)  #2B055AFF  srgba(43,5,90,1)
14,7: (11308,4369,20560,65535)  #2C1150FF  srgba(44,17,80,1)
15,7: (11565,7453,9252,65535)  #2D1D24FF  srgba(45,29,36,1)
0,8: (11565,10280,12593,65535)  #2D2831FF  srgba(45,40,49,1)
1,8: (11565,13107,12850,65535)  #2D3332FF  srgba(45,51,50,1)
2,8: (11822,7710,16191,65535)  #2E1E3FFF  srgba(46,30,63,1)
3,8: (12336,12593,15420,65535)  #30313CFF  srgba(48,49,60,1)
4,8: (13107,7453,9766,65535)  #331D26FF  srgba(51,29,38,1)
5,8: (13107,7453,27242,65535)  #331D6AFF  srgba(51,29,106,1)
6,8: (13364,4883,6682,65535)  #34131AFF  srgba(52,19,26,1)
7,8: (13364,7710,20303,65535)  #341E4FFF  srgba(52,30,79,1)
8,8: (13364,14906,13107,65535)  #343A33FF  srgba(52,58,51,1)
9,8: (13878,4369,28527,65535)  #36116FFF  srgba(54,17,111,1)
10,8: (13878,15163,6682,65535)  #363B1AFF  srgba(54,59,26,1)
11,8: (13878,15420,15934,65535)  #363C3EFF  srgba(54,60,62,1)
12,8: (14135,11822,20046,65535)  #372E4EFF  srgba(55,46,78,1)
13,8: (15163,6939,6939,65535)  #3B1B1BFF  srgba(59,27,27,1)
14,8: (15677,7710,10794,65535)  #3D1E2AFF  srgba(61,30,42,1)
15,8: (15677,11565,6425,65535)  #3D2D19FF  srgba(61,45,25,1)
0,9: (15934,10023,6425,65535)  #3E2719FF  srgba(62,39,25,1)
1,9: (16448,8481,12079,65535)  #40212FFF  srgba(64,33,47,1)
2,9: (16705,13878,22616,65535)  #413658FF  srgba(65,54,88,1)
3,9: (16705,16191,16705,65535)  #413F41FF  srgba(65,63,65,1)
4,9: (16962,17990,17476,65535)  #424644FF  srgba(66,70,68,1)
5,9: (17219,13107,9509,65535)  #433325FF  srgba(67,51,37,1)
6,9: (17219,13107,13878,65535)  #433336FF  srgba(67,51,54,1)
7,9: (17476,15934,19789,65535)  #443E4DFF  srgba(68,62,77,1)
8,9: (17733,9766,12593,65535)  #452631FF  srgba(69,38,49,1)
9,9: (17990,10023,10794,65535)  #46272AFF  srgba(70,39,42,1)
10,9: (18247,12593,27499,65535)  #47316BFF  srgba(71,49,107,1)
11,9: (18504,11565,11822,65535)  #482D2EFF  srgba(72,45,46,1)
12,9: (18504,13878,24672,65535)  #483660FF  srgba(72,54,96,1)
13,9: (18761,12336,34181,65535)  #493085FF  srgba(73,48,133,1)
14,9: (18761,20046,20560,65535)  #494E50FF  srgba(73,78,80,1)
15,9: (19018,10280,12850,65535)  #4A2832FF  srgba(74,40,50,1)
0,10: (19018,11565,13621,65535)  #4A2D35FF  srgba(74,45,53,1)
1,10: (19532,14906,10280,65535)  #4C3A28FF  srgba(76,58,40,1)
2,10: (19532,19275,10280,65535)  #4C4B28FF  srgba(76,75,40,1)
3,10: (20303,7710,31354,65535)  #4F1E7AFF  srgba(79,30,122,1)
4,10: (20303,12850,15420,65535)  #4F323CFF  srgba(79,50,60,1)
5,10: (20303,19275,22616,65535)  #4F4B58FF  srgba(79,75,88,1)
6,10: (20817,18247,29298,65535)  #514772FF  srgba(81,71,114,1)
7,10: (20817,20303,24672,65535)  #514F60FF  srgba(81,79,96,1)
8,10: (21331,22616,22873,65535)  #535859FF  srgba(83,88,89,1)
9,10: (22873,23901,24158,65535)  #595D5EFF  srgba(89,93,94,1)
10,10: (23387,15163,15420,65535)  #5B3B3CFF  srgba(91,59,60,1)
11,10: (23387,19532,27499,65535)  #5B4C6BFF  srgba(91,76,107,1)
12,10: (23644,24929,24929,65535)  #5C6161FF  srgba(92,97,97,1)
13,10: (23901,19018,22359,65535)  #5D4A57FF  srgba(93,74,87,1)
14,10: (24415,15934,17476,65535)  #5F3E44FF  srgba(95,62,68,1)
15,10: (24415,17219,39578,65535)  #5F439AFF  srgba(95,67,154,1)
0,11: (24415,19018,32639,65535)  #5F4A7FFF  srgba(95,74,127,1)
1,11: (24415,20560,30069,65535)  #5F5075FF  srgba(95,80,117,1)
2,11: (24929,20046,13878,65535)  #614E36FF  srgba(97,78,54,1)
3,11: (24929,25700,26728,65535)  #616468FF  srgba(97,100,104,1)
4,11: (25700,19018,16448,65535)  #644A40FF  srgba(100,74,64,1)
5,11: (26214,18504,18247,65535)  #664847FF  srgba(102,72,71,1)
6,11: (26214,27499,26985,65535)  #666B69FF  srgba(102,107,105,1)
7,11: (26471,23644,30326,65535)  #675C76FF  srgba(103,92,118,1)
8,11: (26728,17990,20560,65535)  #684650FF  srgba(104,70,80,1)
9,11: (26728,21331,21845,65535)  #685355FF  srgba(104,83,85,1)
10,11: (27499,19789,22102,65535)  #6B4D56FF  srgba(107,77,86,1)
11,11: (27756,28527,28784,65535)  #6C6F70FF  srgba(108,111,112,1)
12,11: (28013,22616,33924,65535)  #6D5884FF  srgba(109,88,132,1)
13,11: (28013,29298,17990,65535)  #6D7246FF  srgba(109,114,70,1)
14,11: (28270,20560,22359,65535)  #6E5057FF  srgba(110,80,87,1)
15,11: (28527,19532,45232,65535)  #6F4CB0FF  srgba(111,76,176,1)
0,12: (28527,20817,38036,65535)  #6F5194FF  srgba(111,81,148,1)
1,12: (29041,29041,32125,65535)  #71717DFF  srgba(113,113,125,1)
2,12: (30069,21588,24929,65535)  #755461FF  srgba(117,84,97,1)
3,12: (30326,31097,23644,65535)  #76795CFF  srgba(118,121,92,1)
4,12: (31868,29298,36237,65535)  #7C728DFF  srgba(124,114,141,1)
5,12: (31868,33153,33410,65535)  #7C8182FF  srgba(124,129,130,1)
6,12: (32125,22873,37008,65535)  #7D5990FF  srgba(125,89,144,1)
7,12: (32382,21331,46260,65535)  #7E53B4FF  srgba(126,83,180,1)
8,12: (33667,29812,46260,65535)  #8374B4FF  srgba(131,116,180,1)
9,12: (34695,34181,29812,65535)  #878574FF  srgba(135,133,116,1)
10,12: (34952,35209,35723,65535)  #88898BFF  srgba(136,137,139,1)
11,12: (35209,33153,38550,65535)  #898196FF  srgba(137,129,150,1)
12,12: (35466,22359,44975,65535)  #8A57AFFF  srgba(138,87,175,1)
13,12: (36751,35723,37265,65535)  #8F8B91FF  srgba(143,139,145,1)
14,12: (37008,31611,45746,65535)  #907BB2FF  srgba(144,123,178,1)
15,12: (37779,36237,37522,65535)  #938D92FF  srgba(147,141,146,1)
0,13: (38293,39835,37265,65535)  #959B91FF  srgba(149,155,145,1)
1,13: (38550,27242,59881,65535)  #966AE9FF  srgba(150,106,233,1)
2,13: (38807,33667,45746,65535)  #9783B2FF  srgba(151,131,178,1)
3,13: (39321,40606,40606,65535)  #999E9EFF  srgba(153,158,158,1)
4,13: (40092,22873,43947,65535)  #9C59ABFF  srgba(156,89,171,1)
5,13: (40092,35466,37008,65535)  #9C8A90FF  srgba(156,138,144,1)
6,13: (40863,40863,39578,65535)  #9F9F9AFF  srgba(159,159,154,1)
7,13: (41377,22873,52942,65535)  #A159CEFF  srgba(161,89,206,1)
8,13: (41891,35209,45746,65535)  #A389B2FF  srgba(163,137,178,1)
9,13: (41891,42148,43947,65535)  #A3A4ABFF  srgba(163,164,171,1)
10,13: (43176,34181,51914,65535)  #A885CAFF  srgba(168,133,202,1)
11,13: (43176,45489,35209,65535)  #A8B189FF  srgba(168,177,137,1)
12,13: (44975,42662,48316,65535)  #AFA6BCFF  srgba(175,166,188,1)
13,13: (45746,40092,60395,65535)  #B29CEBFF  srgba(178,156,235,1)
14,13: (45746,46774,47031,65535)  #B2B6B7FF  srgba(178,182,183,1)
15,13: (46774,30583,60909,65535)  #B677EDFF  srgba(182,119,237,1)
0,14: (47802,38807,51914,65535)  #BA97CAFF  srgba(186,151,202,1)
1,14: (48316,49087,39064,65535)  #BCBF98FF  srgba(188,191,152,1)
2,14: (49601,50115,50115,65535)  #C1C3C3FF  srgba(193,195,195,1)
3,14: (49858,46260,51657,65535)  #C2B4C9FF  srgba(194,180,201,1)
4,14: (50115,42405,60395,65535)  #C3A5EBFF  srgba(195,165,235,1)
5,14: (51143,39578,52942,65535)  #C79ACEFF  srgba(199,154,206,1)
6,14: (51657,53456,49601,65535)  #C9D0C1FF  srgba(201,208,193,1)
7,14: (52942,54484,54484,65535)  #CED4D4FF  srgba(206,212,212,1)
8,14: (54484,38036,62194,65535)  #D494F2FF  srgba(212,148,242,1)
9,14: (54484,50886,60395,65535)  #D4C6EBFF  srgba(212,198,235,1)
10,14: (54998,55769,55512,65535)  #D6D9D8FF  srgba(214,217,216,1)
11,14: (55255,43690,61937,65535)  #D7AAF1FF  srgba(215,170,241,1)
12,14: (56026,46774,61423,65535)  #DAB6EFFF  srgba(218,182,239,1)
13,14: (57054,58339,58339,65535)  #DEE3E3FF  srgba(222,227,227,1)
14,14: (57568,52428,61937,65535)  #E0CCF1FF  srgba(224,204,241,1)
15,14: (57568,58596,50372,65535)  #E0E4C4FF  srgba(224,228,196,1)
0,15: (59624,58596,61423,65535)  #E8E4EFFF  srgba(232,228,239,1)
1,15: (60395,61423,61423,65535)  #EBEFEFFF  srgba(235,239,239,1)
2,15: (61166,62451,55255,65535)  #EEF3D7FF  srgba(238,243,215,1)
3,15: (61423,52942,63736,65535)  #EFCEF8FF  srgba(239,206,248,1)
4,15: (62708,63736,63479,65535)  #F4F8F7FF  srgba(244,248,247,1)
5,15: (62965,58596,64764,65535)  #F5E4FCFF  srgba(245,228,252,1)
6,15: (63736,61680,64764,65535)  #F8F0FCFF  srgba(248,240,252,1)
7,15: (63736,63993,64250,65535)  #F8F9FAFF  srgba(248,249,250,1)
8,15: (64250,65021,65278,65535)  #FAFDFEFF  srgba(250,253,254,1)
9,15: (64507,64250,64507,65535)  #FBFAFBFF  srgba(251,250,251,1)
10,15: (64507,65021,64764,65535)  #FBFDFCFF  srgba(251,253,252,1)
11,15: (64764,65021,63479,65535)  #FCFDF7FF  srgba(252,253,247,1)
12,15: (65021,65535,65278,65535)  #FDFFFEFF  srgba(253,255,254,1)
13,15: (65535,65535,64764,65535)  #FFFFFCFF  srgba(255,255,252,1)
14,15: (65535,65535,65535,65535)  #FFFFFFFF  white
15,15: (0,65535,0,0)  #00FF0000  srgba(0,255,0,0)
