# ImageMagick pixel enumeration: 16,16,65535,srgba
0,0: (0,0,0,65535)  #000000FF  black
1,0: (0,0,514,65535)  #000002FF  srgba(0,0,2,1)
2,0: (0,0,1542,65535)  #000006FF  srgba(0,0,6,1)
3,0: (0,0,4112,65535)  #000010FF  srgba(0,0,16,1)
4,0: (0,0,8481,65535)  #000021FF  srgba(0,0,33,1)
5,0: (0,0,12079,65535)  #00002FFF  srgba(0,0,47,1)
6,0: (0,0,15163,65535)  #00003BFF  srgba(0,0,59,1)
7,0: (0,0,18504,65535)  #000048FF  srgba(0,0,72,1)
8,0: (0,0,19532,65535)  #00004CFF  srgba(0,0,76,1)
9,0: (0,0,20303,65535)  #00004FFF  srgba(0,0,79,1)
10,0: (0,0,22102,65535)  #000056FF  srgba(0,0,86,1)
11,0: (0,0,24158,65535)  #00005EFF  srgba(0,0,94,1)
12,0: (0,0,25700,65535)  #000064FF  srgba(0,0,100,1)
13,0: (0,0,27499,65535)  #00006BFF  srgba(0,0,107,1)
14,0: (0,0,27499,65535)  #00006BFF  srgba(0,0,107,1)
15,0: (0,0,28784,65535)  #000070FF  srgba(0,0,112,1)
0,1: (0,0,29555,65535)  #000073FF  srgba(0,0,115,1)
1,1: (0,0,31097,65535)  #000079FF  srgba(0,0,121,1)
2,1: (0,0,33153,65535)  #000081FF  srgba(0,0,129,1)
3,1: (0,0,34438,65535)  #000086FF  srgba(0,0,134,1)
4,1: (0,0,34952,65535)  #000088FF  srgba(0,0,136,1)
5,1: (0,0,35723,65535)  #00008BFF  DarkBlue
6,1: (0,0,36494,65535)  #00008EFF  srgba(0,0,142,1)
7,1: (0,0,37522,65535)  #000092FF  srgba(0,0,146,1)
8,1: (0,0,38807,65535)  #000097FF  srgba(0,0,151,1)
9,1: (0,0,40606,65535)  #00009EFF  srgba(0,0,158,1)
10,1: (0,0,40863,65535)  #00009FFF  srgba(0,0,159,1)
11,1: (0,0,41891,65535)  #0000A3FF  srgba(0,0,163,1)
12,1: (0,0,44718,65535)  #0000AEFF  srgba(0,0,174,1)
13,1: (0,0,46003,65535)  #0000B3FF  srgba(0,0,179,1)
14,1: (0,0,46517,65535)  #0000B5FF  srgba(0,0,181,1)
15,1: (0,0,49344,65535)  #0000C0FF  srgba(0,0,192,1)
0,2: (0,0,53713,65535)  #0000D1FF  srgba(0,0,209,1)
1,2: (0,257,52942,65535)  #0001CEFF  srgba(0,1,206,1)
2,2: (0,257,56026,65535)  #0001DAFF  srgba(0,1,218,1)
3,2: (0,514,0,65535)  #000200FF  srgba(0,2,0,1)
4,2: (0,514,32382,65535)  #00027EFF  srgba(0,2,126,1)
5,2: (0,514,53456,65535)  #0002D0FF  srgba(0,2,208,1)
6,2: (0,514,56283,65535)  #0002DBFF  srgba(0,2,219,1)
7,2: (0,514,58596,65535)  #0002E4FF  srgba(0,2,228,1)
8,2: (0,514,60138,65535)  #0002EAFF  srgba(0,2,234,1)
9,2: (0,514,62194,65535)  #0002F2FF  srgba(0,2,242,1)
10,2: (0,771,42405,65535)  #0003A5FF  srgba(0,3,165,1)
11,2: (257,0,514,65535)  #010002FF  srgba(1,0,2,1)
12,2: (257,257,257,65535)  #010101FF  srgba(1,1,1,1)
13,2: (257,1028,52428,65535)  #0104CCFF  srgba(1,4,204,1)
14,2: (514,0,4369,65535)  #020011FF  srgba(2,0,17,1)
15,2: (514,514,10280,65535)  #020228FF  srgba(2,2,40,1)
0,3: (514,514,17476,65535)  #020244FF  srgba(2,2,68,1)
1,3: (514,514,25700,65535)  #020264FF  srgba(2,2,100,1)
2,3: (514,1028,64507,65535)  #0204FBFF  srgba(2,4,251,1)
3,3: (514,2570,64250,65535)  #020AFAFF  srgba(2,10,250,1)
4,3: (771,1028,61680,65535)  #0304F0FF  srgba(3,4,240,1)
5,3: (771,1542,65278,65535)  #0306FEFF  srgba(3,6,254,1)
6,3: (1285,1542,62708,65535)  #0506F4FF  srgba(5,6,244,1)
7,3: (1285,2827,41634,65535)  #050BA2FF  srgba(5,11,162,1)
8,3: (1542,2570,32639,65535)  #060A7FFF  srgba(6,10,127,1)
9,3: (1542,4626,64507,65535)  #0612FBFF  srgba(6,18,251,1)
10,3: (2570,1028,6168,65535)  #0A0418FF  srgba(10,4,24,1)
11,3: (3084,2313,23644,65535)  #0C095CFF  srgba(12,9,92,1)
12,3: (3341,1285,63479,65535)  #0D05F7FF  srgba(13,5,247,1)
13,3: (3341,2570,12593,65535)  #0D0A31FF  srgba(13,10,49,1)
14,3: (3598,2313,17476,65535)  #0E0944FF  srgba(14,9,68,1)
15,3: (3855,2827,61166,65535)  #0F0BEEFF  srgba(15,11,238,1)
0,4: (4883,1799,65278,65535)  #1307FEFF  srgba(19,7,254,1)
1,4: (4883,5140,18504,65535)  #131448FF  srgba(19,20,72,1)
2,4: (4883,5140,24415,65535)  #13145FFF  srgba(19,20,95,1)
3,4: (4883,6425,59367,65535)  #1319E7FF  srgba(19,25,231,1)
4,4: (5140,6939,65278,65535)  #141BFEFF  srgba(20,27,254,1)
5,4: (5397,3084,65278,65535)  #150CFEFF  srgba(21,12,254,1)
6,4: (5397,6168,48316,65535)  #1518BCFF  srgba(21,24,188,1)
7,4: (5654,6168,42405,65535)  #1618A5FF  srgba(22,24,165,1)
8,4: (6168,5911,30840,65535)  #181778FF  srgba(24,23,120,1)
9,4: (6168,6168,36237,65535)  #18188DFF  srgba(24,24,141,1)
10,4: (6939,10023,65021,65535)  #1B27FDFF  srgba(27,39,253,1)
11,4: (7453,8224,58596,65535)  #1D20E4FF  srgba(29,32,228,1)
12,4: (7967,4626,15420,65535)  #1F123CFF  srgba(31,18,60,1)
13,4: (7967,5654,21074,65535)  #1F1652FF  srgba(31,22,82,1)
14,4: (8481,3084,65278,65535)  #210CFEFF  srgba(33,12,254,1)
15,4: (8481,6168,24929,65535)  #211861FF  srgba(33,24,97,1)
0,5: (8738,8995,22616,65535)  #222358FF  srgba(34,35,88,1)
1,5: (9509,8738,26985,65535)  #252269FF  srgba(37,34,105,1)
2,5: (9509,9509,65278,65535)  #2525FEFF  srgba(37,37,254,1)
3,5: (9766,10280,36494,65535)  #26288EFF  srgba(38,40,142,1)
4,5: (10023,10537,47802,65535)  #2729BAFF  srgba(39,41,186,1)
5,5: (10280,10280,58082,65535)  #2828E2FF  srgba(40,40,226,1)
6,5: (10537,9766,30069,65535)  #292675FF  srgba(41,38,117,1)
7,5: (10537,10794,41891,65535)  #292AA3FF  srgba(41,42,163,1)
8,5: (10794,4369,65278,65535)  #2A11FEFF  srgba(42,17,254,1)
9,5: (11051,9509,25957,65535)  #2B2565FF  srgba(43,37,101,1)
10,5: (11051,14135,65278,65535)  #2B37FEFF  srgba(43,55,254,1)
11,5: (11565,9252,65278,65535)  #2D24FEFF  srgba(45,36,254,1)
12,5: (11822,13107,58853,65535)  #2E33E5FF  srgba(46,51,229,1)
13,5: (13107,10023,31354,65535)  #33277AFF  srgba(51,39,122,1)
14,5: (13364,9252,24415,65535)  #34245FFF  srgba(52,36,95,1)
15,5: (13364,11308,32125,65535)  #342C7DFF  srgba(52,44,125,1)
0,6: (13878,13107,46260,65535)  #3633B4FF  srgba(54,51,180,1)
1,6: (13878,15677,65278,65535)  #363DFEFF  srgba(54,61,254,1)
2,6: (14135,12336,31868,65535)  #37307CFF  srgba(55,48,124,1)
3,6: (14392,13107,41377,65535)  #3833A1FF  srgba(56,51,161,1)
4,6: (14649,12593,35723,65535)  #39318BFF  srgba(57,49,139,1)
5,6: (14906,14649,57568,65535)  #3A39E0FF  srgba(58,57,224,1)
6,6: (15420,13107,25186,65535)  #3C3362FF  srgba(60,51,98,1)
7,6: (15420,13878,34438,65535)  #3C3686FF  srgba(60,54,134,1)
8,6: (15420,18761,65278,65535)  #3C49FEFF  srgba(60,73,254,1)
9,6: (15677,15163,43690,65535)  #3D3BAAFF  srgba(61,59,170,1)
10,6: (16191,14649,37779,65535)  #3F3993FF  srgba(63,57,147,1)
11,6: (16191,17476,59624,65535)  #3F44E8FF  srgba(63,68,232,1)
12,6: (17990,15420,38293,65535)  #463C95FF  srgba(70,60,149,1)
13,6: (18247,18247,48830,65535)  #4747BEFF  srgba(71,71,190,1)
14,6: (18504,16705,39321,65535)  #484199FF  srgba(72,65,153,1)
15,6: (18504,17733,43690,65535)  #4845AAFF  srgba(72,69,170,1)
0,7: (18504,21074,65021,65535)  #4852FDFF  srgba(72,82,253,1)
1,7: (18761,19018,58596,65535)  #494AE4FF  srgba(73,74,228,1)
2,7: (19018,17219,40863,65535)  #4A439FFF  srgba(74,67,159,1)
3,7: (20303,17733,41377,65535)  #4F45A1FF  srgba(79,69,161,1)
4,7: (20560,17990,43433,65535)  #5046A9FF  srgba(80,70,169,1)
5,7: (21074,19275,44204,65535)  #524BACFF  srgba(82,75,172,1)
6,7: (21074,20303,62451,65535)  #524FF3FF  srgba(82,79,243,1)
7,7: (21588,21845,62965,65535)  #5455F5FF  srgba(84,85,245,1)
8,7: (21845,23901,65278,65535)  #555DFEFF  srgba(85,93,254,1)
9,7: (22102,19532,44718,65535)  #564CAEFF  srgba(86,76,174,1)
10,7: (22359,20046,48316,65535)  #574EBCFF  srgba(87,78,188,1)
11,7: (22359,20303,46003,65535)  #574FB3FF  srgba(87,79,179,1)
12,7: (22359,22873,63736,65535)  #5759F8FF  srgba(87,89,248,1)
13,7: (22616,20817,46260,65535)  #5851B4FF  srgba(88,81,180,1)
14,7: (22873,19789,45489,65535)  #594DB1FF  srgba(89,77,177,1)
15,7: (23130,21331,53456,65535)  #5A53D0FF  srgba(90,83,208,1)
0,8: (23387,21331,47802,65535)  #5B53BAFF  srgba(91,83,186,1)
1,8: (23644,21331,46774,65535)  #5C53B6FF  srgba(92,83,182,1)
2,8: (23644,22102,49087,65535)  #5C56BFFF  srgba(92,86,191,1)
3,8: (23644,25957,65278,65535)  #5C65FEFF  srgba(92,101,254,1)
4,8: (24415,23901,57568,65535)  #5F5DE0FF  srgba(95,93,224,1)
5,8: (24672,22359,50115,65535)  #6057C3FF  srgba(96,87,195,1)
6,8: (24672,25700,63222,65535)  #6064F6FF  srgba(96,100,246,1)
7,8: (24929,22873,42919,65535)  #6159A7FF  srgba(97,89,167,1)
8,8: (25700,23387,52942,65535)  #645BCEFF  srgba(100,91,206,1)
9,8: (25700,29041,65278,65535)  #6471FEFF  srgba(100,113,254,1)
10,8: (25957,23130,50886,65535)  #655AC6FF  srgba(101,90,198,1)
11,8: (26214,25700,56540,65535)  #6664DCFF  srgba(102,100,220,1)
12,8: (26471,23901,52428,65535)  #675DCCFF  srgba(103,93,204,1)
13,8: (26471,23901,53199,65535)  #675DCFFF  srgba(103,93,207,1)
14,8: (26985,24929,53713,65535)  #6961D1FF  srgba(105,97,209,1)
15,8: (27756,25443,54998,65535)  #6C63D6FF  srgba(108,99,214,1)
0,9: (27756,30326,65021,65535)  #6C76FDFF  srgba(108,118,253,1)
1,9: (28527,29298,63993,65535)  #6F72F9FF  srgba(111,114,249,1)
2,9: (28527,30583,65535,65535)  #6F77FFFF  srgba(111,119,255,1)
3,9: (28784,26214,58082,65535)  #7066E2FF  srgba(112,102,226,1)
4,9: (29041,25957,55769,65535)  #7165D9FF  srgba(113,101,217,1)
5,9: (29041,26985,58082,65535)  #7169E2FF  srgba(113,105,226,1)
6,9: (29041,28013,57568,65535)  #716DE0FF  srgba(113,109,224,1)
7,9: (29298,28784,55255,65535)  #7270D7FF  srgba(114,112,215,1)
8,9: (29812,28013,59110,65535)  #746DE6FF  srgba(116,109,230,1)
9,9: (30069,26985,58339,65535)  #7569E3FF  srgba(117,105,227,1)
10,9: (30326,28527,60138,65535)  #766FEAFF  srgba(118,111,234,1)
11,9: (30583,29555,47288,65535)  #7773B8FF  srgba(119,115,184,1)
12,9: (30840,27499,57568,65535)  #786BE0FF  srgba(120,107,224,1)
13,9: (31097,29298,61423,65535)  #7972EFFF  srgba(121,114,239,1)
14,9: (31354,28270,59110,65535)  #7A6EE6FF  srgba(122,110,230,1)
15,9: (31354,28270,59881,65535)  #7A6EE9FF  srgba(122,110,233,1)
0,10: (31354,29041,60395,65535)  #7A71EBFF  srgba(122,113,235,1)
1,10: (31868,30326,63222,65535)  #7C76F6FF  srgba(124,118,246,1)
2,10: (31868,32382,65021,65535)  #7C7EFDFF  srgba(124,126,253,1)
3,10: (31868,32639,65278,65535)  #7C7FFEFF  srgba(124,127,254,1)
4,10: (32382,29555,61937,65535)  #7E73F1FF  srgba(126,115,241,1)
5,10: (32382,30326,62194,65535)  #7E76F2FF  srgba(126,118,242,1)
6,10: (32639,29555,58853,65535)  #7F73E5FF  srgba(127,115,229,1)
7,10: (32639,30326,63222,65535)  #7F76F6FF  srgba(127,118,246,1)
8,10: (32896,30069,60138,65535)  #8075EAFF  srgba(128,117,234,1)
9,10: (33410,30840,63993,65535)  #8278F9FF  srgba(130,120,249,1)
10,10: (33667,31868,65021,65535)  #837CFDFF  srgba(131,124,253,1)
11,10: (34181,31868,61680,65535)  #857CF0FF  srgba(133,124,240,1)
12,10: (34181,32125,65278,65535)  #857DFEFF  srgba(133,125,254,1)
13,10: (34181,33924,63993,65535)  #8584F9FF  srgba(133,132,249,1)
14,10: (35209,32382,65278,65535)  #897EFEFF  srgba(137,126,254,1)
15,10: (35466,33667,65278,65535)  #8A83FEFF  srgba(138,131,254,1)
0,11: (35723,33667,57311,65535)  #8B83DFFF  srgba(139,131,223,1)
1,11: (36237,33924,65021,65535)  #8D84FDFF  srgba(141,132,253,1)
2,11: (36494,34952,61680,65535)  #8E88F0FF  srgba(142,136,240,1)
3,11: (37008,33924,65278,65535)  #9084FEFF  srgba(144,132,254,1)
4,11: (37265,35980,60138,65535)  #918CEAFF  srgba(145,140,234,1)
5,11: (37522,35980,48830,65535)  #928CBEFF  srgba(146,140,190,1)
6,11: (37522,36237,58853,65535)  #928DE5FF  srgba(146,141,229,1)
7,11: (38036,34952,65021,65535)  #9488FDFF  srgba(148,136,253,1)
8,11: (38036,35723,54998,65535)  #948BD6FF  srgba(148,139,214,1)
9,11: (38036,35980,65278,65535)  #948CFEFF  srgba(148,140,254,1)
10,11: (38293,39835,65278,65535)  #959BFEFF  srgba(149,155,254,1)
11,11: (38550,35980,63993,65535)  #968CF9FF  srgba(150,140,249,1)
12,11: (39835,37008,65021,65535)  #9B90FDFF  srgba(155,144,253,1)
13,11: (40092,37008,65278,65535)  #9C90FEFF  srgba(156,144,254,1)
14,11: (40092,39064,63993,65535)  #9C98F9FF  srgba(156,152,249,1)
15,11: (40349,39578,65021,65535)  #9D9AFDFF  srgba(157,154,253,1)
0,12: (40863,39321,65278,65535)  #9F99FEFF  srgba(159,153,254,1)
1,12: (41120,41891,64250,65535)  #A0A3FAFF  srgba(160,163,250,1)
2,12: (41634,39578,65535,65535)  #A29AFFFF  srgba(162,154,255,1)
3,12: (41891,39578,65021,65535)  #A39AFDFF  srgba(163,154,253,1)
4,12: (41891,40863,61680,65535)  #A39FF0FF  srgba(163,159,240,1)
5,12: (42919,40092,65278,65535)  #A79CFEFF  srgba(167,156,254,1)
6,12: (42919,40863,65021,65535)  #A79FFDFF  srgba(167,159,253,1)
7,12: (43433,41891,65278,65535)  #A9A3FEFF  srgba(169,163,254,1)
8,12: (44461,41634,65278,65535)  #ADA2FEFF  srgba(173,162,254,1)
9,12: (44975,43433,64250,65535)  #AFA9FAFF  srgba(175,169,250,1)
10,12: (45232,42662,65021,65535)  #B0A6FDFF  srgba(176,166,253,1)
11,12: (45489,42919,65278,65535)  #B1A7FEFF  srgba(177,167,254,1)
12,12: (45746,44975,65278,65535)  #B2AFFEFF  srgba(178,175,254,1)
13,12: (46260,44204,65021,65535)  #B4ACFDFF  srgba(180,172,253,1)
14,12: (47802,45232,65021,65535)  #BAB0FDFF  srgba(186,176,253,1)
15,12: (47802,45232,65278,65535)  #BAB0FEFF  srgba(186,176,254,1)
0,13: (48059,44975,65021,65535)  #BBAFFDFF  srgba(187,175,253,1)
1,13: (48059,45232,65278,65535)  #BBB0FEFF  srgba(187,176,254,1)
2,13: (48573,46260,62708,65535)  #BDB4F4FF  srgba(189,180,244,1)
3,13: (49344,47031,64764,65535)  #C0B7FCFF  srgba(192,183,252,1)
4,13: (49858,47031,65278,65535)  #C2B7FEFF  srgba(194,183,254,1)
5,13: (49858,47802,64250,65535)  #C2BAFAFF  srgba(194,186,250,1)
6,13: (50115,47031,65278,65535)  #C3B7FEFF  srgba(195,183,254,1)
7,13: (50372,48059,65021,65535)  #C4BBFDFF  srgba(196,187,253,1)
8,13: (50372,48316,65021,65535)  #C4BCFDFF  srgba(196,188,253,1)
9,13: (50372,48830,65278,65535)  #C4BEFEFF  srgba(196,190,254,1)
10,13: (51143,49087,65278,65535)  #C7BFFEFF  srgba(199,191,254,1)
11,13: (51143,49601,62708,65535)  #C7C1F4FF  srgba(199,193,244,1)
12,13: (51914,50115,64507,65535)  #CAC3FBFF  srgba(202,195,251,1)
13,13: (52428,50115,65278,65535)  #CCC3FEFF  srgba(204,195,254,1)
14,13: (52685,50115,65278,65535)  #CDC3FEFF  srgba(205,195,254,1)
15,13: (52942,50372,65021,65535)  #CEC4FDFF  srgba(206,196,253,1)
0,14: (53713,51914,65278,65535)  #D1CAFEFF  srgba(209,202,254,1)
1,14: (53713,52171,65535,65535)  #D1CBFFFF  srgba(209,203,255,1)
2,14: (54227,52171,65021,65535)  #D3CBFDFF  srgba(211,203,253,1)
3,14: (54998,52942,65535,65535)  #D6CEFFFF  srgba(214,206,255,1)
4,14: (55512,54484,63222,65535)  #D8D4F6FF  srgba(216,212,246,1)
5,14: (55769,53199,65278,65535)  #D9CFFEFF  srgba(217,207,254,1)
6,14: (55769,54484,64507,65535)  #D9D4FBFF  srgba(217,212,251,1)
7,14: (56026,54998,65535,65535)  #DAD6FFFF  srgba(218,214,255,1)
8,14: (56283,53713,65535,65535)  #DBD1FFFF  srgba(219,209,255,1)
9,14: (56283,54227,65021,65535)  #DBD3FDFF  srgba(219,211,253,1)
10,14: (56540,54484,65021,65535)  #DCD4FDFF  srgba(220,212,253,1)
11,14: (56540,54741,65278,65535)  #DCD5FEFF  srgba(220,213,254,1)
12,14: (56797,54998,64764,65535)  #DDD6FCFF  srgba(221,214,252,1)
13,14: (57054,55255,65535,65535)  #DED7FFFF  srgba(222,215,255,1)
14,14: (57311,57568,64764,65535)  #DFE0FCFF  srgba(223,224,252,1)
15,14: (57825,55512,65021,65535)  #E1D8FDFF  srgba(225,216,253,1)
0,15: (57825,55769,65535,65535)  #E1D9FFFF  srgba(225,217,255,1)
1,15: (58339,56540,65278,65535)  #E3DCFEFF  srgba(227,220,254,1)
2,15: (59367,57568,65278,65535)  #E7E0FEFF  srgba(231,224,254,1)
3,15: (60652,58853,65278,65535)  #ECE5FEFF  srgba(236,229,254,1)
4,15: (61680,60395,65535,65535)  #F0EBFFFF  srgba(240,235,255,1)
5,15: (61937,60652,65021,65535)  #F1ECFDFF  srgba(241,236,253,1)
6,15: (62965,61166,65278,65535)  #F5EEFEFF  srgba(245,238,254,1)
7,15: (63222,61680,65278,65535)  #F6F0FEFF  srgba(246,240,254,1)
8,15: (64250,62708,65021,65535)  #FAF4FDFF  srgba(250,244,253,1)
9,15: (64507,62965,65278,65535)  #FBF5FEFF  srgba(251,245,254,1)
10,15: (64764,63993,65278,65535)  #FCF9FEFF  srgba(252,249,254,1)
11,15: (65021,65021,65021,65535)  #FDFDFDFF  srgba(253,253,253,1)
12,15: (65278,63479,65278,65535)  #FEF7FEFF  srgba(254,247,254,1)
13,15: (65278,63736,65021,65535)  #FEF8FDFF  srgba(254,248,253,1)
14,15: (65278,64507,65535,65535)  #FEFBFFFF  srgba(254,251,255,1)
15,15: (0,65535,0,0)  #00FF0000  srgba(0,255,0,0)
