# ImageMagick pixel enumeration: 16,16,65535,srgba
0,0: (0,0,0,65535)  #000000FF  black
1,0: (0,0,257,65535)  #000001FF  srgba(0,0,1,1)
2,0: (0,0,1028,65535)  #000004FF  srgba(0,0,4,1)
3,0: (0,0,1285,65535)  #000005FF  srgba(0,0,5,1)
4,0: (0,514,2056,65535)  #000208FF  srgba(0,2,8,1)
5,0: (0,1028,4626,65535)  #000412FF  srgba(0,4,18,1)
6,0: (0,1799,7453,65535)  #00071DFF  srgba(0,7,29,1)
7,0: (257,2570,5397,65535)  #010A15FF  srgba(1,10,21,1)
8,0: (514,0,1542,65535)  #020006FF  srgba(2,0,6,1)
9,0: (514,3855,7710,65535)  #020F1EFF  srgba(2,15,30,1)
10,0: (771,4883,8481,65535)  #031321FF  srgba(3,19,33,1)
11,0: (1028,0,1028,65535)  #040004FF  srgba(4,0,4,1)
12,0: (1028,0,1028,65535)  #040004FF  srgba(4,0,4,1)
13,0: (1285,1799,10023,65535)  #050727FF  srgba(5,7,39,1)
14,0: (1285,24158,35980,65535)  #055E8CFF  srgba(5,94,140,1)
15,0: (1285,28784,41120,65535)  #0570A0FF  srgba(5,112,160,1)
0,1: (1542,4626,8738,65535)  #061222FF  srgba(6,18,34,1)
1,1: (1799,514,4626,65535)  #070212FF  srgba(7,2,18,1)
2,1: (1799,4369,11051,65535)  #07112BFF  srgba(7,17,43,1)
3,1: (1799,5654,9509,65535)  #071625FF  srgba(7,22,37,1)
4,1: (1799,20560,35723,65535)  #07508BFF  srgba(7,80,139,1)
5,1: (2056,0,1799,65535)  #080007FF  srgba(8,0,7,1)
6,1: (2056,25186,37522,65535)  #086292FF  srgba(8,98,146,1)
7,1: (2056,27242,40606,65535)  #086A9EFF  srgba(8,106,158,1)
8,1: (2313,4626,12593,65535)  #091231FF  srgba(9,18,49,1)
9,1: (2313,7196,12593,65535)  #091C31FF  srgba(9,28,49,1)
10,1: (2570,1542,7196,65535)  #0A061CFF  srgba(10,6,28,1)
11,1: (2570,6168,11308,65535)  #0A182CFF  srgba(10,24,44,1)
12,1: (2570,6682,12079,65535)  #0A1A2FFF  srgba(10,26,47,1)
13,1: (2570,19275,30326,65535)  #0A4B76FF  srgba(10,75,118,1)
14,1: (2570,21331,34181,65535)  #0A5385FF  srgba(10,83,133,1)
15,1: (2570,27242,38550,65535)  #0A6A96FF  srgba(10,106,150,1)
0,2: (2827,0,2570,65535)  #0B000AFF  srgba(11,0,10,1)
1,2: (2827,10280,16705,65535)  #0B2841FF  srgba(11,40,65,1)
2,2: (2827,20303,32639,65535)  #0B4F7FFF  srgba(11,79,127,1)
3,2: (2827,22873,38550,65535)  #0B5996FF  srgba(11,89,150,1)
4,2: (2827,25443,38807,65535)  #0B6397FF  srgba(11,99,151,1)
5,2: (3341,13878,26985,65535)  #0D3669FF  srgba(13,54,105,1)
6,2: (3341,15677,32639,65535)  #0D3D7FFF  srgba(13,61,127,1)
7,2: (3598,8224,14906,65535)  #0E203AFF  srgba(14,32,58,1)
8,2: (3855,11565,21331,65535)  #0F2D53FF  srgba(15,45,83,1)
9,2: (3855,25186,41120,65535)  #0F62A0FF  srgba(15,98,160,1)
10,2: (4112,0,2827,65535)  #10000BFF  srgba(16,0,11,1)
11,2: (4112,1799,13878,65535)  #100736FF  srgba(16,7,54,1)
12,2: (4112,2313,12079,65535)  #10092FFF  srgba(16,9,47,1)
13,2: (4369,257,4626,65535)  #110112FF  srgba(17,1,18,1)
14,2: (4369,5911,9766,65535)  #111726FF  srgba(17,23,38,1)
15,2: (4369,6425,11308,65535)  #11192CFF  srgba(17,25,44,1)
0,3: (4883,6168,13364,65535)  #131834FF  srgba(19,24,52,1)
1,3: (5397,771,7196,65535)  #15031CFF  srgba(21,3,28,1)
2,3: (5654,20560,38550,65535)  #165096FF  srgba(22,80,150,1)
3,3: (5911,4112,8481,65535)  #171021FF  srgba(23,16,33,1)
4,3: (5911,6682,12593,65535)  #171A31FF  srgba(23,26,49,1)
5,3: (6168,4369,11822,65535)  #18112EFF  srgba(24,17,46,1)
6,3: (6425,257,5397,65535)  #190115FF  srgba(25,1,21,1)
7,3: (6425,1285,10023,65535)  #190527FF  srgba(25,5,39,1)
8,3: (6425,7453,13107,65535)  #191D33FF  srgba(25,29,51,1)
9,3: (6939,4626,14906,65535)  #1B123AFF  srgba(27,18,58,1)
10,3: (6939,17990,38293,65535)  #1B4695FF  srgba(27,70,149,1)
11,3: (7196,4369,13107,65535)  #1C1133FF  srgba(28,17,51,1)
12,3: (7710,5654,20303,65535)  #1E164FFF  srgba(30,22,79,1)
13,3: (7710,14906,33153,65535)  #1E3A81FF  srgba(30,58,129,1)
14,3: (7710,24672,35980,65535)  #1E608CFF  srgba(30,96,140,1)
15,3: (7967,514,7453,65535)  #1F021DFF  srgba(31,2,29,1)
0,4: (7967,2056,13364,65535)  #1F0834FF  srgba(31,8,52,1)
1,4: (8738,514,9509,65535)  #220225FF  srgba(34,2,37,1)
2,4: (9252,19789,35980,65535)  #244D8CFF  srgba(36,77,140,1)
3,4: (9252,21331,34181,65535)  #245385FF  srgba(36,83,133,1)
4,4: (9766,19275,30326,65535)  #264B76FF  srgba(38,75,118,1)
5,4: (9766,20303,32639,65535)  #264F7FFF  srgba(38,79,127,1)
6,4: (10023,514,8481,65535)  #270221FF  srgba(39,2,33,1)
7,4: (10537,5654,23130,65535)  #29165AFF  srgba(41,22,90,1)
8,4: (10794,11308,22873,65535)  #2A2C59FF  srgba(42,44,89,1)
9,4: (10794,22616,39578,65535)  #2A589AFF  srgba(42,88,154,1)
10,4: (11051,514,10794,65535)  #2B022AFF  srgba(43,2,42,1)
11,4: (11051,4112,10280,65535)  #2B1028FF  srgba(43,16,40,1)
12,4: (11051,13364,27756,65535)  #2B346CFF  srgba(43,52,108,1)
13,4: (11308,4112,15163,65535)  #2C103BFF  srgba(44,16,59,1)
14,4: (11308,16191,33410,65535)  #2C3F82FF  srgba(44,63,130,1)
15,4: (11308,24929,38807,65535)  #2C6197FF  srgba(44,97,151,1)
0,5: (11565,12593,32639,65535)  #2D317FFF  srgba(45,49,127,1)
1,5: (11822,514,8995,65535)  #2E0223FF  srgba(46,2,35,1)
2,5: (11822,2827,9766,65535)  #2E0B26FF  srgba(46,11,38,1)
3,5: (11822,2827,13621,65535)  #2E0B35FF  srgba(46,11,53,1)
4,5: (11822,7453,12850,65535)  #2E1D32FF  srgba(46,29,50,1)
5,5: (12079,1028,13107,65535)  #2F0433FF  srgba(47,4,51,1)
6,5: (12079,4112,12850,65535)  #2F1032FF  srgba(47,16,50,1)
7,5: (12336,2827,15163,65535)  #300B3BFF  srgba(48,11,59,1)
8,5: (12336,18247,37779,65535)  #304793FF  srgba(48,71,147,1)
9,5: (12336,19018,40863,65535)  #304A9FFF  srgba(48,74,159,1)
10,5: (12593,1542,15420,65535)  #31063CFF  srgba(49,6,60,1)
11,5: (12593,5911,12593,65535)  #311731FF  srgba(49,23,49,1)
12,5: (12850,5654,16448,65535)  #321640FF  srgba(50,22,64,1)
13,5: (12850,5911,25443,65535)  #321763FF  srgba(50,23,99,1)
14,5: (13107,2827,12079,65535)  #330B2FFF  srgba(51,11,47,1)
15,5: (13364,771,11308,65535)  #34032CFF  srgba(52,3,44,1)
0,6: (13364,7710,15934,65535)  #341E3EFF  srgba(52,30,62,1)
1,6: (13364,29041,43433,65535)  #3471A9FF  srgba(52,113,169,1)
2,6: (13621,34438,48059,65535)  #3586BBFF  srgba(53,134,187,1)
3,6: (13878,4369,20303,65535)  #36114FFF  srgba(54,17,79,1)
4,6: (13878,25186,41377,65535)  #3662A1FF  srgba(54,98,161,1)
5,6: (14392,4369,15677,65535)  #38113DFF  srgba(56,17,61,1)
6,6: (14906,1028,13364,65535)  #3A0434FF  srgba(58,4,52,1)
7,6: (14906,1285,15677,65535)  #3A053DFF  srgba(58,5,61,1)
8,6: (14906,2570,15934,65535)  #3A0A3EFF  srgba(58,10,62,1)
9,6: (15934,18504,30583,65535)  #3E4877FF  srgba(62,72,119,1)
10,6: (16191,1285,14135,65535)  #3F0537FF  srgba(63,5,55,1)
11,6: (16191,6682,29812,65535)  #3F1A74FF  srgba(63,26,116,1)
12,6: (16191,10537,24415,65535)  #3F295FFF  srgba(63,41,95,1)
13,6: (16191,14392,28527,65535)  #3F386FFF  srgba(63,56,111,1)
14,6: (16448,4626,23130,65535)  #40125AFF  srgba(64,18,90,1)
15,6: (16448,21074,38293,65535)  #405295FF  srgba(64,82,149,1)
0,7: (16448,21845,40863,65535)  #40559FFF  srgba(64,85,159,1)
1,7: (16705,1799,15934,65535)  #41073EFF  srgba(65,7,62,1)
2,7: (16962,14906,34181,65535)  #423A85FF  srgba(66,58,133,1)
3,7: (17219,4369,15934,65535)  #43113EFF  srgba(67,17,62,1)
4,7: (17219,6939,16705,65535)  #431B41FF  srgba(67,27,65,1)
5,7: (17219,11051,33410,65535)  #432B82FF  srgba(67,43,130,1)
6,7: (17219,27499,39578,65535)  #436B9AFF  srgba(67,107,154,1)
7,7: (17476,3084,15420,65535)  #440C3CFF  srgba(68,12,60,1)
8,7: (17476,3855,20046,65535)  #440F4EFF  srgba(68,15,78,1)
9,7: (17476,11051,29298,65535)  #442B72FF  srgba(68,43,114,1)
10,7: (17733,1542,17219,65535)  #450643FF  srgba(69,6,67,1)
11,7: (17990,1285,14135,65535)  #460537FF  srgba(70,5,55,1)
12,7: (18247,3084,17733,65535)  #470C45FF  srgba(71,12,69,1)
13,7: (18247,15677,37779,65535)  #473D93FF  srgba(71,61,147,1)
14,7: (18504,1285,15934,65535)  #48053EFF  srgba(72,5,62,1)
15,7: (18504,5140,25443,65535)  #481463FF  srgba(72,20,99,1)
0,8: (18761,15677,41377,65535)  #493DA1FF  srgba(73,61,161,1)
1,8: (19275,18504,35723,65535)  #4B488BFF  srgba(75,72,139,1)
2,8: (19532,3855,23130,65535)  #4C0F5AFF  srgba(76,15,90,1)
3,8: (19532,4112,17219,65535)  #4C1043FF  srgba(76,16,67,1)
4,8: (19789,1542,17733,65535)  #4D0645FF  srgba(77,6,69,1)
5,8: (19789,2570,19789,65535)  #4D0A4DFF  srgba(77,10,77,1)
6,8: (19789,6939,19789,65535)  #4D1B4DFF  srgba(77,27,77,1)
7,8: (20046,7196,17733,65535)  #4E1C45FF  srgba(78,28,69,1)
8,8: (20046,22616,35723,65535)  #4E588BFF  srgba(78,88,139,1)
9,8: (20303,17990,33667,65535)  #4F4683FF  srgba(79,70,131,1)
10,8: (20560,2827,17990,65535)  #500B46FF  srgba(80,11,70,1)
11,8: (20560,20817,33924,65535)  #505184FF  srgba(80,81,132,1)
12,8: (21074,2056,19789,65535)  #52084DFF  srgba(82,8,77,1)
13,8: (21074,4369,25443,65535)  #521163FF  srgba(82,17,99,1)
14,8: (21074,5654,20046,65535)  #52164EFF  srgba(82,22,78,1)
15,8: (21331,5911,30583,65535)  #531777FF  srgba(83,23,119,1)
0,9: (21331,9509,22102,65535)  #532556FF  srgba(83,37,86,1)
1,9: (21588,1285,18247,65535)  #540547FF  srgba(84,5,71,1)
2,9: (21588,21331,38036,65535)  #545394FF  srgba(84,83,148,1)
3,9: (21845,25443,41634,65535)  #5563A2FF  srgba(85,99,162,1)
4,9: (22102,4626,17476,65535)  #561244FF  srgba(86,18,68,1)
5,9: (22102,25443,38036,65535)  #566394FF  srgba(86,99,148,1)
6,9: (22359,1542,20303,65535)  #57064FFF  srgba(87,6,79,1)
7,9: (22359,4883,20560,65535)  #571350FF  srgba(87,19,80,1)
8,9: (22616,21588,41377,65535)  #5854A1FF  srgba(88,84,161,1)
9,9: (22616,28013,38807,65535)  #586D97FF  srgba(88,109,151,1)
10,9: (22873,3084,22873,65535)  #590C59FF  srgba(89,12,89,1)
11,9: (23130,18504,31354,65535)  #5A487AFF  srgba(90,72,122,1)
12,9: (23901,28527,46003,65535)  #5D6FB3FF  srgba(93,111,179,1)
13,9: (23901,32382,49858,65535)  #5D7EC2FF  srgba(93,126,194,1)
14,9: (24158,3341,25700,65535)  #5E0D64FF  srgba(94,13,100,1)
15,9: (24158,4369,28527,65535)  #5E116FFF  srgba(94,17,111,1)
0,10: (24158,5911,32896,65535)  #5E1780FF  srgba(94,23,128,1)
1,10: (24158,10537,29555,65535)  #5E2973FF  srgba(94,41,115,1)
2,10: (24415,1542,21074,65535)  #5F0652FF  srgba(95,6,82,1)
3,10: (24415,14906,34438,65535)  #5F3A86FF  srgba(95,58,134,1)
4,10: (24415,28270,38550,65535)  #5F6E96FF  srgba(95,110,150,1)
5,10: (24672,1542,23130,65535)  #60065AFF  srgba(96,6,90,1)
6,10: (24672,4883,21074,65535)  #601352FF  srgba(96,19,82,1)
7,10: (24672,4883,22873,65535)  #601359FF  srgba(96,19,89,1)
8,10: (24672,10794,33667,65535)  #602A83FF  srgba(96,42,131,1)
9,10: (24672,14392,29041,65535)  #603871FF  srgba(96,56,113,1)
10,10: (24672,14649,37779,65535)  #603993FF  srgba(96,57,147,1)
11,10: (25443,10023,23644,65535)  #63275CFF  srgba(99,39,92,1)
12,10: (25443,14135,41377,65535)  #6337A1FF  srgba(99,55,161,1)
13,10: (26214,1799,23644,65535)  #66075CFF  srgba(102,7,92,1)
14,10: (26214,5654,23644,65535)  #66165CFF  srgba(102,22,92,1)
15,10: (26728,3341,27242,65535)  #680D6AFF  srgba(104,13,106,1)
0,11: (26728,3855,29812,65535)  #680F74FF  srgba(104,15,116,1)
1,11: (26728,5397,34438,65535)  #681586FF  srgba(104,21,134,1)
2,11: (26985,2056,25186,65535)  #690862FF  srgba(105,8,98,1)
3,11: (26985,5397,25186,65535)  #691562FF  srgba(105,21,98,1)
4,11: (29041,3598,24415,65535)  #710E5FFF  srgba(113,14,95,1)
5,11: (29555,3598,26214,65535)  #730E66FF  srgba(115,14,102,1)
6,11: (29812,8481,26728,65535)  #742168FF  srgba(116,33,104,1)
7,11: (30069,2313,28270,65535)  #75096EFF  srgba(117,9,110,1)
8,11: (30326,5140,28270,65535)  #76146EFF  srgba(118,20,110,1)
9,11: (30326,18247,41634,65535)  #7647A2FF  srgba(118,71,162,1)
10,11: (30326,27756,40863,65535)  #766C9FFF  srgba(118,108,159,1)
11,11: (31354,12850,29298,65535)  #7A3272FF  srgba(122,50,114,1)
12,11: (31611,8738,31611,65535)  #7B227BFF  srgba(123,34,123,1)
13,11: (31611,11051,28527,65535)  #7B2B6FFF  srgba(123,43,111,1)
14,11: (31868,8738,29298,65535)  #7C2272FF  srgba(124,34,114,1)
15,11: (31868,11051,39835,65535)  #7C2B9BFF  srgba(124,43,155,1)
0,12: (31868,17219,33924,65535)  #7C4384FF  srgba(124,67,132,1)
1,12: (32125,11051,42662,65535)  #7D2BA6FF  srgba(125,43,166,1)
2,12: (32382,4369,38036,65535)  #7E1194FF  srgba(126,17,148,1)
3,12: (32382,18761,38550,65535)  #7E4996FF  srgba(126,73,150,1)
4,12: (32382,24415,40092,65535)  #7E5F9CFF  srgba(126,95,156,1)
5,12: (32639,3598,28013,65535)  #7F0E6DFF  srgba(127,14,109,1)
6,12: (32639,19532,44975,65535)  #7F4CAFFF  srgba(127,76,175,1)
7,12: (32639,30069,49601,65535)  #7F75C1FF  srgba(127,117,193,1)
8,12: (32896,10794,37779,65535)  #802A93FF  srgba(128,42,147,1)
9,12: (32896,36751,50886,65535)  #808FC6FF  srgba(128,143,198,1)
10,12: (33153,13621,30583,65535)  #813577FF  srgba(129,53,119,1)
11,12: (33667,3598,29555,65535)  #830E73FF  srgba(131,14,115,1)
12,12: (33924,4112,30840,65535)  #841078FF  srgba(132,16,120,1)
13,12: (33924,5140,41634,65535)  #8414A2FF  srgba(132,20,162,1)
14,12: (34181,4112,32896,65535)  #851080FF  srgba(133,16,128,1)
15,12: (34181,11308,32639,65535)  #852C7FFF  srgba(133,44,127,1)
0,13: (34695,14135,32639,65535)  #87377FFF  srgba(135,55,127,1)
1,13: (34952,4369,34695,65535)  #881187FF  srgba(136,17,135,1)
2,13: (34952,8995,31611,65535)  #88237BFF  srgba(136,35,123,1)
3,13: (35723,14649,33410,65535)  #8B3982FF  srgba(139,57,130,1)
4,13: (35980,3855,31354,65535)  #8C0F7AFF  srgba(140,15,122,1)
5,13: (37008,3855,32896,65535)  #900F80FF  srgba(144,15,128,1)
6,13: (37008,12850,33667,65535)  #903283FF  srgba(144,50,131,1)
7,13: (37265,8995,33924,65535)  #912384FF  srgba(145,35,132,1)
8,13: (37522,10023,40092,65535)  #92279CFF  srgba(146,39,156,1)
9,13: (37522,13621,34952,65535)  #923588FF  srgba(146,53,136,1)
10,13: (37779,11565,34438,65535)  #932D86FF  srgba(147,45,134,1)
11,13: (37779,19532,41634,65535)  #934CA2FF  srgba(147,76,162,1)
12,13: (38036,4112,38036,65535)  #941094FF  srgba(148,16,148,1)
13,13: (38293,4112,33410,65535)  #951082FF  srgba(149,16,130,1)
14,13: (38293,4883,42148,65535)  #9513A4FF  srgba(149,19,164,1)
15,13: (38293,10023,42662,65535)  #9527A6FF  srgba(149,39,166,1)
0,14: (38293,12850,35466,65535)  #95328AFF  srgba(149,50,138,1)
1,14: (38550,4369,34695,65535)  #961187FF  srgba(150,17,135,1)
2,14: (39321,4112,34952,65535)  #991088FF  srgba(153,16,136,1)
3,14: (39321,13621,35723,65535)  #99358BFF  srgba(153,53,139,1)
4,14: (39321,20303,46260,65535)  #994FB4FF  srgba(153,79,180,1)
5,14: (39321,33410,51143,65535)  #9982C7FF  srgba(153,130,199,1)
6,14: (39578,14135,36237,65535)  #9A378DFF  srgba(154,55,141,1)
7,14: (39578,23644,41120,65535)  #9A5CA0FF  srgba(154,92,160,1)
8,14: (39578,27756,45746,65535)  #9A6CB2FF  srgba(154,108,178,1)
9,14: (39835,8481,35466,65535)  #9B218AFF  srgba(155,33,138,1)
10,14: (39835,17219,38036,65535)  #9B4394FF  srgba(155,67,148,1)
11,14: (40092,12593,37008,65535)  #9C3190FF  srgba(156,49,144,1)
12,14: (40863,12336,37265,65535)  #9F3091FF  srgba(159,48,145,1)
13,14: (41377,3855,36494,65535)  #A10F8EFF  srgba(161,15,142,1)
14,14: (41634,5397,36751,65535)  #A2158FFF  srgba(162,21,143,1)
15,14: (41634,15420,38293,65535)  #A23C95FF  srgba(162,60,149,1)
0,15: (42148,4626,42148,65535)  #A412A4FF  srgba(164,18,164,1)
1,15: (42148,12336,38293,65535)  #A43095FF  srgba(164,48,149,1)
2,15: (42405,28013,50629,65535)  #A56DC5FF  srgba(165,109,197,1)
3,15: (42662,8738,38293,65535)  #A62295FF  srgba(166,34,149,1)
4,15: (42919,16705,42405,65535)  #A741A5FF  srgba(167,65,165,1)
5,15: (42919,26985,46260,65535)  #A769B4FF  srgba(167,105,180,1)
6,15: (43433,5140,39064,65535)  #A91498FF  srgba(169,20,152,1)
7,15: (43947,19275,50629,65535)  #AB4BC5FF  srgba(171,75,197,1)
8,15: (44461,8995,41377,65535)  #AD23A1FF  srgba(173,35,161,1)
9,15: (45489,4626,42405,65535)  #B112A5FF  srgba(177,18,165,1)
10,15: (46774,30840,51143,65535)  #B678C7FF  srgba(182,120,199,1)
11,15: (48316,29555,51914,65535)  #BC73CAFF  srgba(188,115,202,1)
12,15: (50115,16191,51400,65535)  #C33FC8FF  srgba(195,63,200,1)
13,15: (52171,12336,49601,65535)  #CB30C1FF  srgba(203,48,193,1)
14,15: (55255,12593,52171,65535)  #D731CBFF  srgba(215,49,203,1)
15,15: (0,65535,0,0)  #00FF0000  srgba(0,255,0,0)
