# ImageMagick pixel enumeration: 16,16,65535,srgba
0,0: (0,0,0,65535)  #000000FF  black
1,0: (0,0,0,65535)  #000000FF  black
2,0: (0,0,514,65535)  #000002FF  srgba(0,0,2,1)
3,0: (0,0,514,65535)  #000002FF  srgba(0,0,2,1)
4,0: (0,0,1028,65535)  #000004FF  srgba(0,0,4,1)
5,0: (0,257,257,65535)  #000101FF  srgba(0,1,1,1)
6,0: (0,514,257,65535)  #000201FF  srgba(0,2,1,1)
7,0: (257,0,257,65535)  #010001FF  srgba(1,0,1,1)
8,0: (257,257,257,65535)  #010101FF  srgba(1,1,1,1)
9,0: (257,257,771,65535)  #010103FF  srgba(1,1,3,1)
10,0: (514,0,514,65535)  #020002FF  srgba(2,0,2,1)
11,0: (514,257,514,65535)  #020102FF  srgba(2,1,2,1)
12,0: (771,0,2056,65535)  #030008FF  srgba(3,0,8,1)
13,0: (771,771,771,65535)  #030303FF  grey1
14,0: (1028,0,771,65535)  #040003FF  srgba(4,0,3,1)
15,0: (1542,1028,1028,65535)  #060404FF  srgba(6,4,4,1)
0,1: (1799,1028,2313,65535)  #070409FF  srgba(7,4,9,1)
1,1: (2056,1285,3341,65535)  #08050DFF  srgba(8,5,13,1)
2,1: (2570,2313,2570,65535)  #0A090AFF  srgba(10,9,10,1)
3,1: (3084,2313,4369,65535)  #0C0911FF  srgba(12,9,17,1)
4,1: (3341,3084,3598,65535)  #0D0C0EFF  srgba(13,12,14,1)
5,1: (3598,3341,5140,65535)  #0E0D14FF  srgba(14,13,20,1)
6,1: (3598,3341,6939,65535)  #0E0D1BFF  srgba(14,13,27,1)
7,1: (3855,3598,5654,65535)  #0F0E16FF  srgba(15,14,22,1)
8,1: (4112,3855,4369,65535)  #100F11FF  srgba(16,15,17,1)
9,1: (5140,3855,5140,65535)  #140F14FF  srgba(20,15,20,1)
10,1: (5654,5397,5397,65535)  #161515FF  srgba(22,21,21,1)
11,1: (5911,5397,6682,65535)  #17151AFF  srgba(23,21,26,1)
12,1: (6168,5654,7710,65535)  #18161EFF  srgba(24,22,30,1)
13,1: (7196,6425,7453,65535)  #1C191DFF  srgba(28,25,29,1)
14,1: (7967,7196,9252,65535)  #1F1C24FF  srgba(31,28,36,1)
15,1: (8224,6939,7710,65535)  #201B1EFF  srgba(32,27,30,1)
0,2: (8738,7453,9509,65535)  #221D25FF  srgba(34,29,37,1)
1,2: (8738,8995,9252,65535)  #222324FF  srgba(34,35,36,1)
2,2: (9766,7453,10023,65535)  #261D27FF  srgba(38,29,39,1)
3,2: (9766,9509,11308,65535)  #26252CFF  srgba(38,37,44,1)
4,2: (10280,9252,9766,65535)  #282426FF  srgba(40,36,38,1)
5,2: (11308,9766,12079,65535)  #2C262FFF  srgba(44,38,47,1)
6,2: (11308,11051,11308,65535)  #2C2B2CFF  srgba(44,43,44,1)
7,2: (11822,11051,13107,65535)  #2E2B33FF  srgba(46,43,51,1)
8,2: (11822,11822,11822,65535)  #2E2E2EFF  grey18
9,2: (12336,11822,13621,65535)  #302E35FF  srgba(48,46,53,1)
10,2: (12593,13107,12593,65535)  #313331FF  srgba(49,51,49,1)
11,2: (12850,13107,14392,65535)  #323338FF  srgba(50,51,56,1)
12,2: (13878,12850,13364,65535)  #363234FF  srgba(54,50,52,1)
13,2: (14135,13107,14392,65535)  #373338FF  srgba(55,51,56,1)
14,2: (14392,13621,15677,65535)  #38353DFF  srgba(56,53,61,1)
15,2: (15420,15163,15420,65535)  #3C3B3CFF  srgba(60,59,60,1)
0,3: (15677,13878,16191,65535)  #3D363FFF  srgba(61,54,63,1)
1,3: (15677,14649,18761,65535)  #3D3949FF  srgba(61,57,73,1)
2,3: (16191,15163,16962,65535)  #3F3B42FF  srgba(63,59,66,1)
3,3: (16448,16448,16705,65535)  #404041FF  srgba(64,64,65,1)
4,3: (16962,16962,18761,65535)  #424249FF  srgba(66,66,73,1)
5,3: (17219,15677,18761,65535)  #433D49FF  srgba(67,61,73,1)
6,3: (17733,16448,17219,65535)  #454043FF  srgba(69,64,67,1)
7,3: (18247,16705,19018,65535)  #47414AFF  srgba(71,65,74,1)
8,3: (18247,17990,16962,65535)  #474642FF  srgba(71,70,66,1)
9,3: (18504,18247,19018,65535)  #48474AFF  srgba(72,71,74,1)
10,3: (18761,18504,20303,65535)  #49484FFF  srgba(73,72,79,1)
11,3: (20046,18247,20046,65535)  #4E474EFF  srgba(78,71,78,1)
12,3: (20303,19789,20303,65535)  #4F4D4FFF  srgba(79,77,79,1)
13,3: (20303,21074,21331,65535)  #4F5253FF  srgba(79,82,83,1)
14,3: (20817,19275,21588,65535)  #514B54FF  srgba(81,75,84,1)
15,3: (21331,19275,22873,65535)  #534B59FF  srgba(83,75,89,1)
0,4: (21331,20303,22102,65535)  #534F56FF  srgba(83,79,86,1)
1,4: (21331,21331,21845,65535)  #535355FF  srgba(83,83,85,1)
2,4: (22102,21845,22616,65535)  #565558FF  srgba(86,85,88,1)
3,4: (22873,22359,24415,65535)  #59575FFF  srgba(89,87,95,1)
4,4: (23130,21588,22873,65535)  #5A5459FF  srgba(90,84,89,1)
5,4: (23387,23130,23130,65535)  #5B5A5AFF  srgba(91,90,90,1)
6,4: (24158,23644,25443,65535)  #5E5C63FF  srgba(94,92,99,1)
7,4: (24415,23387,24415,65535)  #5F5B5FFF  srgba(95,91,95,1)
8,4: (24415,23901,25957,65535)  #5F5D65FF  srgba(95,93,101,1)
9,4: (24415,24158,27242,65535)  #5F5E6AFF  srgba(95,94,106,1)
10,4: (25700,23130,25700,65535)  #645A64FF  srgba(100,90,100,1)
11,4: (25700,24672,26214,65535)  #646066FF  srgba(100,96,102,1)
12,4: (25957,24158,25957,65535)  #655E65FF  srgba(101,94,101,1)
13,4: (26214,25700,26471,65535)  #666467FF  srgba(102,100,103,1)
14,4: (26471,26728,26214,65535)  #676866FF  srgba(103,104,102,1)
15,4: (26985,24929,26985,65535)  #696169FF  srgba(105,97,105,1)
0,5: (26985,25700,28013,65535)  #69646DFF  srgba(105,100,109,1)
1,5: (26985,26985,27499,65535)  #69696BFF  srgba(105,105,107,1)
2,5: (27242,27242,28527,65535)  #6A6A6FFF  srgba(106,106,111,1)
3,5: (28527,26728,30069,65535)  #6F6875FF  srgba(111,104,117,1)
4,5: (28784,27756,27499,65535)  #706C6BFF  srgba(112,108,107,1)
5,5: (28784,27756,28527,65535)  #706C6FFF  srgba(112,108,111,1)
6,5: (28784,27756,30069,65535)  #706C75FF  srgba(112,108,117,1)
7,5: (29041,28013,29041,65535)  #716D71FF  srgba(113,109,113,1)
8,5: (29555,28527,30326,65535)  #736F76FF  srgba(115,111,118,1)
9,5: (29555,29555,30326,65535)  #737376FF  srgba(115,115,118,1)
10,5: (30326,29555,31611,65535)  #76737BFF  srgba(118,115,123,1)
11,5: (30583,29555,33924,65535)  #777384FF  srgba(119,115,132,1)
12,5: (30583,29812,32125,65535)  #77747DFF  srgba(119,116,125,1)
13,5: (30583,30069,32639,65535)  #77757FFF  srgba(119,117,127,1)
14,5: (30840,29812,30583,65535)  #787477FF  srgba(120,116,119,1)
15,5: (31611,32125,31097,65535)  #7B7D79FF  srgba(123,125,121,1)
0,6: (32125,30326,32125,65535)  #7D767DFF  srgba(125,118,125,1)
1,6: (32125,32125,32382,65535)  #7D7D7EFF  srgba(125,125,126,1)
2,6: (32382,32125,33153,65535)  #7E7D81FF  srgba(126,125,129,1)
3,6: (32639,30583,33153,65535)  #7F7781FF  srgba(127,119,129,1)
4,6: (32896,30583,34695,65535)  #807787FF  srgba(128,119,135,1)
5,6: (32896,32125,34181,65535)  #807D85FF  srgba(128,125,133,1)
6,6: (33153,33410,34438,65535)  #818286FF  srgba(129,130,134,1)
7,6: (34181,33924,36751,65535)  #85848FFF  srgba(133,132,143,1)
8,6: (34438,32639,34181,65535)  #867F85FF  srgba(134,127,133,1)
9,6: (34695,34438,34952,65535)  #878688FF  srgba(135,134,136,1)
10,6: (34952,33410,35466,65535)  #88828AFF  srgba(136,130,138,1)
11,6: (34952,34695,33667,65535)  #888783FF  srgba(136,135,131,1)
12,6: (35209,34438,36751,65535)  #89868FFF  srgba(137,134,143,1)
13,6: (35466,35209,35723,65535)  #8A898BFF  srgba(138,137,139,1)
14,6: (35723,34695,37008,65535)  #8B8790FF  srgba(139,135,144,1)
15,6: (36751,34952,36751,65535)  #8F888FFF  srgba(143,136,143,1)
0,7: (36751,36237,37779,65535)  #8F8D93FF  srgba(143,141,147,1)
1,7: (37008,37265,38036,65535)  #909194FF  srgba(144,145,148,1)
2,7: (37265,35209,38293,65535)  #918995FF  srgba(145,137,149,1)
3,7: (37779,36494,38550,65535)  #938E96FF  srgba(147,142,150,1)
4,7: (38036,38036,39064,65535)  #949498FF  srgba(148,148,152,1)
5,7: (39064,37522,37779,65535)  #989293FF  srgba(152,146,147,1)
6,7: (39064,37522,38807,65535)  #989297FF  srgba(152,146,151,1)
7,7: (39064,38293,40092,65535)  #98959CFF  srgba(152,149,156,1)
8,7: (39321,38036,39321,65535)  #999499FF  srgba(153,148,153,1)
9,7: (39578,38293,41120,65535)  #9A95A0FF  srgba(154,149,160,1)
10,7: (40092,38550,40092,65535)  #9C969CFF  srgba(156,150,156,1)
11,7: (40092,39578,41377,65535)  #9C9AA1FF  srgba(156,154,161,1)
12,7: (40349,40606,40606,65535)  #9D9E9EFF  srgba(157,158,158,1)
13,7: (41120,39321,41891,65535)  #A099A3FF  srgba(160,153,163,1)
14,7: (41377,41120,41891,65535)  #A1A0A3FF  srgba(161,160,163,1)
15,7: (41377,41120,42662,65535)  #A1A0A6FF  srgba(161,160,166,1)
0,8: (41891,41377,40863,65535)  #A3A19FFF  srgba(163,161,159,1)
1,8: (42148,39835,42405,65535)  #A49BA5FF  srgba(164,155,165,1)
2,8: (42148,40863,45232,65535)  #A49FB0FF  srgba(164,159,176,1)
3,8: (42148,41377,43690,65535)  #A4A1AAFF  srgba(164,161,170,1)
4,8: (42662,42405,43690,65535)  #A6A5AAFF  srgba(166,165,170,1)
5,8: (42662,43176,44975,65535)  #A6A8AFFF  srgba(166,168,175,1)
6,8: (43176,41891,42662,65535)  #A8A3A6FF  srgba(168,163,166,1)
7,8: (43433,42919,45232,65535)  #A9A7B0FF  srgba(169,167,176,1)
8,8: (43690,41891,43947,65535)  #AAA3ABFF  srgba(170,163,171,1)
9,8: (43947,43176,45232,65535)  #ABA8B0FF  srgba(171,168,176,1)
10,8: (44461,42919,45489,65535)  #ADA7B1FF  srgba(173,167,177,1)
11,8: (44461,43690,43947,65535)  #ADAAABFF  srgba(173,170,171,1)
12,8: (44461,44461,45746,65535)  #ADADB2FF  srgba(173,173,178,1)
13,8: (45489,43433,45489,65535)  #B1A9B1FF  srgba(177,169,177,1)
14,8: (45489,43690,46774,65535)  #B1AAB6FF  srgba(177,170,182,1)
15,8: (45489,45232,46003,65535)  #B1B0B3FF  srgba(177,176,179,1)
0,9: (45746,45489,47288,65535)  #B2B1B8FF  srgba(178,177,184,1)
1,9: (46774,44461,46517,65535)  #B6ADB5FF  srgba(182,173,181,1)
2,9: (46774,45746,47031,65535)  #B6B2B7FF  srgba(182,178,183,1)
3,9: (46774,46260,47288,65535)  #B6B4B8FF  srgba(182,180,184,1)
4,9: (47288,44718,48316,65535)  #B8AEBCFF  srgba(184,174,188,1)
5,9: (47545,45746,48573,65535)  #B9B2BDFF  srgba(185,178,189,1)
6,9: (47545,47802,48573,65535)  #B9BABDFF  srgba(185,186,189,1)
7,9: (48059,46517,47802,65535)  #BBB5BAFF  srgba(187,181,186,1)
8,9: (48059,46774,48830,65535)  #BBB6BEFF  srgba(187,182,190,1)
9,9: (48316,47802,48830,65535)  #BCBABEFF  srgba(188,186,190,1)
10,9: (48830,46774,50115,65535)  #BEB6C3FF  srgba(190,182,195,1)
11,9: (48830,47802,49858,65535)  #BEBAC2FF  srgba(190,186,194,1)
12,9: (49087,47545,49087,65535)  #BFB9BFFF  srgba(191,185,191,1)
13,9: (49087,47802,50886,65535)  #BFBAC6FF  srgba(191,186,198,1)
14,9: (49087,48830,49087,65535)  #BFBEBFFF  srgba(191,190,191,1)
15,9: (49601,49344,50886,65535)  #C1C0C6FF  srgba(193,192,198,1)
0,10: (50629,48573,50629,65535)  #C5BDC5FF  srgba(197,189,197,1)
1,10: (50629,49344,50886,65535)  #C5C0C6FF  srgba(197,192,198,1)
2,10: (50629,50372,50886,65535)  #C5C4C6FF  srgba(197,196,198,1)
3,10: (50886,49344,52171,65535)  #C6C0CBFF  srgba(198,192,203,1)
4,10: (50886,50372,52171,65535)  #C6C4CBFF  srgba(198,196,203,1)
5,10: (50886,51143,52428,65535)  #C6C7CCFF  srgba(198,199,204,1)
6,10: (51914,49601,51657,65535)  #CAC1C9FF  srgba(202,193,201,1)
7,10: (52171,49858,52685,65535)  #CBC2CDFF  srgba(203,194,205,1)
8,10: (52171,50629,52685,65535)  #CBC5CDFF  srgba(203,197,205,1)
9,10: (52171,51400,51914,65535)  #CBC8CAFF  srgba(203,200,202,1)
10,10: (52428,51400,52685,65535)  #CCC8CDFF  srgba(204,200,205,1)
11,10: (52428,51400,53199,65535)  #CCC8CFFF  srgba(204,200,207,1)
12,10: (52685,50372,53970,65535)  #CDC4D2FF  srgba(205,196,210,1)
13,10: (52685,51143,53970,65535)  #CDC7D2FF  srgba(205,199,210,1)
14,10: (52942,51914,54227,65535)  #CECAD3FF  srgba(206,202,211,1)
15,10: (53199,51400,53970,65535)  #CFC8D2FF  srgba(207,200,210,1)
0,11: (53456,52942,54484,65535)  #D0CED4FF  srgba(208,206,212,1)
1,11: (53456,53199,52685,65535)  #D0CFCDFF  srgba(208,207,205,1)
2,11: (53713,52942,53713,65535)  #D1CED1FF  srgba(209,206,209,1)
3,11: (53970,52685,55255,65535)  #D2CDD7FF  srgba(210,205,215,1)
4,11: (53970,52942,54227,65535)  #D2CED3FF  srgba(210,206,211,1)
5,11: (53970,53456,55255,65535)  #D2D0D7FF  srgba(210,208,215,1)
6,11: (54227,52171,54741,65535)  #D3CBD5FF  srgba(211,203,213,1)
7,11: (54227,52171,56283,65535)  #D3CBDBFF  srgba(211,203,219,1)
8,11: (54484,52942,56026,65535)  #D4CEDAFF  srgba(212,206,218,1)
9,11: (54484,53199,54741,65535)  #D4CFD5FF  srgba(212,207,213,1)
10,11: (54741,53199,56026,65535)  #D5CFDAFF  srgba(213,207,218,1)
11,11: (54998,53456,55512,65535)  #D6D0D8FF  srgba(214,208,216,1)
12,11: (54998,53713,56026,65535)  #D6D1DAFF  srgba(214,209,218,1)
13,11: (55255,54227,56283,65535)  #D7D3DBFF  srgba(215,211,219,1)
14,11: (55512,54741,56540,65535)  #D8D5DCFF  srgba(216,213,220,1)
15,11: (55512,55512,55769,65535)  #D8D8D9FF  srgba(216,216,217,1)
0,12: (55769,53970,56540,65535)  #D9D2DCFF  srgba(217,210,220,1)
1,12: (55769,54998,57311,65535)  #D9D6DFFF  srgba(217,214,223,1)
2,12: (55769,55255,56797,65535)  #D9D7DDFF  srgba(217,215,221,1)
3,12: (55769,55512,56540,65535)  #D9D8DCFF  srgba(217,216,220,1)
4,12: (56026,54227,56797,65535)  #DAD3DDFF  srgba(218,211,221,1)
5,12: (56026,55512,57054,65535)  #DAD8DEFF  srgba(218,216,222,1)
6,12: (56026,55769,58082,65535)  #DAD9E2FF  srgba(218,217,226,1)
7,12: (56026,56026,57825,65535)  #DADAE1FF  srgba(218,218,225,1)
8,12: (56283,54741,57054,65535)  #DBD5DEFF  srgba(219,213,222,1)
9,12: (56283,55255,57568,65535)  #DBD7E0FF  srgba(219,215,224,1)
10,12: (56283,55512,57568,65535)  #DBD8E0FF  srgba(219,216,224,1)
11,12: (56540,55512,58339,65535)  #DCD8E3FF  srgba(220,216,227,1)
12,12: (56540,56026,58082,65535)  #DCDAE2FF  srgba(220,218,226,1)
13,12: (56540,56283,58082,65535)  #DCDBE2FF  srgba(220,219,226,1)
14,12: (56540,56283,58596,65535)  #DCDBE4FF  srgba(220,219,228,1)
15,12: (56797,54484,58082,65535)  #DDD4E2FF  srgba(221,212,226,1)
0,13: (56797,56026,57311,65535)  #DDDADFFF  srgba(221,218,223,1)
1,13: (56797,56540,57825,65535)  #DDDCE1FF  srgba(221,220,225,1)
2,13: (56797,56540,58339,65535)  #DDDCE3FF  srgba(221,220,227,1)
3,13: (56797,56797,57311,65535)  #DDDDDFFF  srgba(221,221,223,1)
4,13: (57054,56283,57825,65535)  #DEDBE1FF  srgba(222,219,225,1)
5,13: (57054,56283,58339,65535)  #DEDBE3FF  srgba(222,219,227,1)
6,13: (57054,56540,58853,65535)  #DEDCE5FF  srgba(222,220,229,1)
7,13: (57054,56797,58082,65535)  #DEDDE2FF  srgba(222,221,226,1)
8,13: (57054,56797,58596,65535)  #DEDDE4FF  srgba(222,221,228,1)
9,13: (57054,57054,58339,65535)  #DEDEE3FF  srgba(222,222,227,1)
10,13: (57311,55512,57054,65535)  #DFD8DEFF  srgba(223,216,222,1)
11,13: (57311,55769,58082,65535)  #DFD9E2FF  srgba(223,217,226,1)
12,13: (57311,56026,57568,65535)  #DFDAE0FF  srgba(223,218,224,1)
13,13: (57311,56283,59110,65535)  #DFDBE6FF  srgba(223,219,230,1)
14,13: (57311,56540,58082,65535)  #DFDCE2FF  srgba(223,220,226,1)
15,13: (57311,56540,58596,65535)  #DFDCE4FF  srgba(223,220,228,1)
0,14: (57311,57054,58853,65535)  #DFDEE5FF  srgba(223,222,229,1)
1,14: (57311,57054,59110,65535)  #DFDEE6FF  srgba(223,222,230,1)
2,14: (57568,55769,58339,65535)  #E0D9E3FF  srgba(224,217,227,1)
3,14: (57568,56540,58082,65535)  #E0DCE2FF  srgba(224,220,226,1)
4,14: (57568,56797,58853,65535)  #E0DDE5FF  srgba(224,221,229,1)
5,14: (57568,56797,59367,65535)  #E0DDE7FF  srgba(224,221,231,1)
6,14: (57825,56026,58596,65535)  #E1DAE4FF  srgba(225,218,228,1)
7,14: (57825,57054,58339,65535)  #E1DEE3FF  srgba(225,222,227,1)
8,14: (57825,57054,59110,65535)  #E1DEE6FF  srgba(225,222,230,1)
9,14: (58082,56540,58853,65535)  #E2DCE5FF  srgba(226,220,229,1)
10,14: (58082,57825,57825,65535)  #E2E1E1FF  srgba(226,225,225,1)
11,14: (58082,57825,59624,65535)  #E2E1E8FF  srgba(226,225,232,1)
12,14: (58339,57825,58596,65535)  #E3E1E4FF  srgba(227,225,228,1)
13,14: (58596,56797,60138,65535)  #E4DDEAFF  srgba(228,221,234,1)
14,14: (58853,58339,60138,65535)  #E5E3EAFF  srgba(229,227,234,1)
15,14: (59110,57825,60138,65535)  #E6E1EAFF  srgba(230,225,234,1)
0,15: (59367,58853,60395,65535)  #E7E5EBFF  srgba(231,229,235,1)
1,15: (59367,59367,60652,65535)  #E7E7ECFF  srgba(231,231,236,1)
2,15: (60138,59367,60909,65535)  #EAE7EDFF  srgba(234,231,237,1)
3,15: (60652,60138,62194,65535)  #ECEAF2FF  srgba(236,234,242,1)
4,15: (60909,59881,61166,65535)  #EDE9EEFF  srgba(237,233,238,1)
5,15: (61680,60395,62708,65535)  #F0EBF4FF  srgba(240,235,244,1)
6,15: (61680,61680,62451,65535)  #F0F0F3FF  srgba(240,240,243,1)
7,15: (62708,62194,62965,65535)  #F4F2F5FF  srgba(244,242,245,1)
8,15: (62708,62194,63993,65535)  #F4F2F9FF  srgba(244,242,249,1)
9,15: (63993,62965,64764,65535)  #F9F5FCFF  srgba(249,245,252,1)
10,15: (64250,63993,63736,65535)  #FAF9F8FF  srgba(250,249,248,1)
11,15: (64507,64250,64764,65535)  #FBFAFCFF  srgba(251,250,252,1)
12,15: (64764,64250,65278,65535)  #FCFAFEFF  srgba(252,250,254,1)
13,15: (65021,64764,65535,65535)  #FDFCFFFF  srgba(253,252,255,1)
14,15: (65535,65535,65535,65535)  #FFFFFFFF  white
15,15: (0,65535,0,0)  #00FF0000  srgba(0,255,0,0)
