# ImageMagick pixel enumeration: 16,16,65535,srgba
0,0: (0,771,56540,65535)  #0003DCFF  srgba(0,3,220,1)
1,0: (0,1542,49858,65535)  #0006C2FF  srgba(0,6,194,1)
2,0: (0,2827,52171,65535)  #000BCBFF  srgba(0,11,203,1)
3,0: (0,4883,56797,65535)  #0013DDFF  srgba(0,19,221,1)
4,0: (0,5140,56283,65535)  #0014DBFF  srgba(0,20,219,1)
5,0: (0,11308,52171,65535)  #002CCBFF  srgba(0,44,203,1)
6,0: (0,12593,56283,65535)  #0031DBFF  srgba(0,49,219,1)
7,0: (771,5140,46260,65535)  #0314B4FF  srgba(3,20,180,1)
8,0: (1285,8995,50115,65535)  #0523C3FF  srgba(5,35,195,1)
9,0: (2313,7453,57568,65535)  #091DE0FF  srgba(9,29,224,1)
10,0: (4369,12593,46260,65535)  #1131B4FF  srgba(17,49,180,1)
11,0: (4883,8224,41891,65535)  #1320A3FF  srgba(19,32,163,1)
12,0: (5654,8224,43176,65535)  #1620A8FF  srgba(22,32,168,1)
13,0: (5911,25700,62708,65535)  #1764F4FF  srgba(23,100,244,1)
14,0: (6425,14649,49858,65535)  #1939C2FF  srgba(25,57,194,1)
15,0: (7710,16191,61680,65535)  #1E3FF0FF  srgba(30,63,240,1)
0,1: (8224,3341,49601,65535)  #200DC1FF  srgba(32,13,193,1)
1,1: (8481,13107,43433,65535)  #2133A9FF  srgba(33,51,169,1)
2,1: (10280,3855,51914,65535)  #280FCAFF  srgba(40,15,202,1)
3,1: (11565,11822,41891,65535)  #2D2EA3FF  srgba(45,46,163,1)
4,1: (12079,6939,40863,65535)  #2F1B9FFF  srgba(47,27,159,1)
5,1: (12336,2827,37522,65535)  #300B92FF  srgba(48,11,146,1)
6,1: (12336,14392,46003,65535)  #3038B3FF  srgba(48,56,179,1)
7,1: (13621,6682,39835,65535)  #351A9BFF  srgba(53,26,155,1)
8,1: (13878,7967,56797,65535)  #361FDDFF  srgba(54,31,221,1)
9,1: (14649,17476,52171,65535)  #3944CBFF  srgba(57,68,203,1)
10,1: (16191,5140,46517,65535)  #3F14B5FF  srgba(63,20,181,1)
11,1: (18504,25700,58082,65535)  #4864E2FF  srgba(72,100,226,1)
12,1: (19018,7196,41891,65535)  #4A1CA3FF  srgba(74,28,163,1)
13,1: (19018,12079,41120,65535)  #4A2FA0FF  srgba(74,47,160,1)
14,1: (19275,2570,49858,65535)  #4B0AC2FF  srgba(75,10,194,1)
15,1: (19532,6939,43433,65535)  #4C1BA9FF  srgba(76,27,169,1)
0,2: (20303,38036,64250,65535)  #4F94FAFF  srgba(79,148,250,1)
1,2: (23387,514,17476,65535)  #5B0244FF  srgba(91,2,68,1)
2,2: (25443,8738,46517,65535)  #6322B5FF  srgba(99,34,181,1)
3,2: (26214,11565,49601,65535)  #662DC1FF  srgba(102,45,193,1)
4,2: (26471,14135,41891,65535)  #6737A3FF  srgba(103,55,163,1)
5,2: (26985,8224,43433,65535)  #6920A9FF  srgba(105,32,169,1)
6,2: (26985,17990,49858,65535)  #6946C2FF  srgba(105,70,194,1)
7,2: (28270,14906,46260,65535)  #6E3AB4FF  srgba(110,58,180,1)
8,2: (28270,37265,56797,65535)  #6E91DDFF  srgba(110,145,221,1)
9,2: (28527,3598,52171,65535)  #6F0ECBFF  srgba(111,14,203,1)
10,2: (28784,15163,43433,65535)  #703BA9FF  srgba(112,59,169,1)
11,2: (28784,17476,52171,65535)  #7044CBFF  srgba(112,68,203,1)
12,2: (29298,3598,50115,65535)  #720EC3FF  srgba(114,14,195,1)
13,2: (31097,27499,57825,65535)  #796BE1FF  srgba(121,107,225,1)
14,2: (31354,13878,56540,65535)  #7A36DCFF  srgba(122,54,220,1)
15,2: (32125,5911,54484,65535)  #7D17D4FF  srgba(125,23,212,1)
0,3: (32125,20046,57311,65535)  #7D4EDFFF  srgba(125,78,223,1)
1,3: (32896,2827,36237,65535)  #800B8DFF  srgba(128,11,141,1)
2,3: (32896,46003,64507,65535)  #80B3FBFF  srgba(128,179,251,1)
3,3: (34438,5911,47031,65535)  #8617B7FF  srgba(134,23,183,1)
4,3: (34438,16191,46774,65535)  #863FB6FF  srgba(134,63,182,1)
5,3: (35209,7196,49601,65535)  #891CC1FF  srgba(137,28,193,1)
6,3: (35723,2313,8995,65535)  #8B0923FF  srgba(139,9,35,1)
7,3: (36237,16962,52171,65535)  #8D42CBFF  srgba(141,66,203,1)
8,3: (36494,12336,51914,65535)  #8E30CAFF  srgba(142,48,202,1)
9,3: (37265,16191,50372,65535)  #913FC4FF  srgba(145,63,196,1)
10,3: (37522,8738,24415,65535)  #92225FFF  srgba(146,34,95,1)
11,3: (37522,14906,36494,65535)  #923A8EFF  srgba(146,58,142,1)
12,3: (37779,14135,50629,65535)  #9337C5FF  srgba(147,55,197,1)
13,3: (38036,14392,50886,65535)  #9438C6FF  srgba(148,56,198,1)
14,3: (38036,24415,57311,65535)  #945FDFFF  srgba(148,95,223,1)
15,3: (38293,15163,52171,65535)  #953BCBFF  srgba(149,59,203,1)
0,4: (38550,15420,53713,65535)  #963CD1FF  srgba(150,60,209,1)
1,4: (38550,17990,54227,65535)  #9646D3FF  srgba(150,70,211,1)
2,4: (38807,19532,54741,65535)  #974CD5FF  srgba(151,76,213,1)
3,4: (38807,43433,64250,65535)  #97A9FAFF  srgba(151,169,250,1)
4,4: (39321,2056,0,65535)  #990800FF  srgba(153,8,0,1)
5,4: (39321,15934,51914,65535)  #993ECAFF  srgba(153,62,202,1)
6,4: (39578,36751,56283,65535)  #9A8FDBFF  srgba(154,143,219,1)
7,4: (40092,16448,53970,65535)  #9C40D2FF  srgba(156,64,210,1)
8,4: (40092,19018,54741,65535)  #9C4AD5FF  srgba(156,74,213,1)
9,4: (40349,15163,50629,65535)  #9D3BC5FF  srgba(157,59,197,1)
10,4: (40349,21331,54998,65535)  #9D53D6FF  srgba(157,83,214,1)
11,4: (40606,22873,57054,65535)  #9E59DEFF  srgba(158,89,222,1)
12,4: (41120,18247,50886,65535)  #A047C6FF  srgba(160,71,198,1)
13,4: (41634,16705,51914,65535)  #A241CAFF  srgba(162,65,202,1)
14,4: (41891,19789,52171,65535)  #A34DCBFF  srgba(163,77,203,1)
15,4: (41891,23901,56797,65535)  #A35DDDFF  srgba(163,93,221,1)
0,5: (42148,19275,54484,65535)  #A44BD4FF  srgba(164,75,212,1)
1,5: (42148,21845,55769,65535)  #A455D9FF  srgba(164,85,217,1)
2,5: (42405,16448,53970,65535)  #A540D2FF  srgba(165,64,210,1)
3,5: (42405,26728,57054,65535)  #A568DEFF  srgba(165,104,222,1)
4,5: (42405,26985,58596,65535)  #A569E4FF  srgba(165,105,228,1)
5,5: (43433,17476,52942,65535)  #A944CEFF  srgba(169,68,206,1)
6,5: (43433,17733,54227,65535)  #A945D3FF  srgba(169,69,211,1)
7,5: (43433,33410,58082,65535)  #A982E2FF  srgba(169,130,226,1)
8,5: (43947,21074,54227,65535)  #AB52D3FF  srgba(171,82,211,1)
9,5: (43947,21588,56283,65535)  #AB54DBFF  srgba(171,84,219,1)
10,5: (44204,17990,54227,65535)  #AC46D3FF  srgba(172,70,211,1)
11,5: (44204,33410,58339,65535)  #AC82E3FF  srgba(172,130,227,1)
12,5: (44461,21845,51914,65535)  #AD55CAFF  srgba(173,85,202,1)
13,5: (44461,24672,57311,65535)  #AD60DFFF  srgba(173,96,223,1)
14,5: (44461,30326,58082,65535)  #AD76E2FF  srgba(173,118,226,1)
15,5: (44718,16962,51914,65535)  #AE42CAFF  srgba(174,66,202,1)
0,6: (44718,21331,56283,65535)  #AE53DBFF  srgba(174,83,219,1)
1,6: (44718,23901,54227,65535)  #AE5DD3FF  srgba(174,93,211,1)
2,6: (44718,36494,63479,65535)  #AE8EF7FF  srgba(174,142,247,1)
3,6: (44975,19275,51914,65535)  #AF4BCAFF  srgba(175,75,202,1)
4,6: (44975,20560,51143,65535)  #AF50C7FF  srgba(175,80,199,1)
5,6: (44975,22873,56540,65535)  #AF59DCFF  srgba(175,89,220,1)
6,6: (44975,26985,58082,65535)  #AF69E2FF  srgba(175,105,226,1)
7,6: (45232,34181,58339,65535)  #B085E3FF  srgba(176,133,227,1)
8,6: (45232,46003,63993,65535)  #B0B3F9FF  srgba(176,179,249,1)
9,6: (45489,3341,3084,65535)  #B10D0CFF  srgba(177,13,12,1)
10,6: (45489,24158,52942,65535)  #B15ECEFF  srgba(177,94,206,1)
11,6: (45746,18761,50886,65535)  #B249C6FF  srgba(178,73,198,1)
12,6: (45746,23130,56540,65535)  #B25ADCFF  srgba(178,90,220,1)
13,6: (45746,24415,57054,65535)  #B25FDEFF  srgba(178,95,222,1)
14,6: (45746,30326,58853,65535)  #B276E5FF  srgba(178,118,229,1)
15,6: (46003,15420,50886,65535)  #B33CC6FF  srgba(179,60,198,1)
0,7: (46003,21845,52942,65535)  #B355CEFF  srgba(179,85,206,1)
1,7: (46003,30069,59624,65535)  #B375E8FF  srgba(179,117,232,1)
2,7: (46260,18504,52942,65535)  #B448CEFF  srgba(180,72,206,1)
3,7: (46260,21588,54227,65535)  #B454D3FF  srgba(180,84,211,1)
4,7: (46260,33667,59110,65535)  #B483E6FF  srgba(180,131,230,1)
5,7: (46517,21845,52171,65535)  #B555CBFF  srgba(181,85,203,1)
6,7: (46517,36237,58082,65535)  #B58DE2FF  srgba(181,141,226,1)
7,7: (46517,37008,57311,65535)  #B590DFFF  srgba(181,144,223,1)
8,7: (46517,38036,59110,65535)  #B594E6FF  srgba(181,148,230,1)
9,7: (46774,26728,54484,65535)  #B668D4FF  srgba(182,104,212,1)
10,7: (47031,24672,56540,65535)  #B760DCFF  srgba(183,96,220,1)
11,7: (47031,27242,56797,65535)  #B76ADDFF  srgba(183,106,221,1)
12,7: (47288,23901,54227,65535)  #B85DD3FF  srgba(184,93,211,1)
13,7: (47545,29555,57311,65535)  #B973DFFF  srgba(185,115,223,1)
14,7: (47802,18247,54227,65535)  #BA47D3FF  srgba(186,71,211,1)
15,7: (47802,23130,52171,65535)  #BA5ACBFF  srgba(186,90,203,1)
0,8: (48059,13621,26214,65535)  #BB3566FF  srgba(187,53,102,1)
1,8: (48059,21074,56026,65535)  #BB52DAFF  srgba(187,82,218,1)
2,8: (48059,24672,52942,65535)  #BB60CEFF  srgba(187,96,206,1)
3,8: (48059,35466,59110,65535)  #BB8AE6FF  srgba(187,138,230,1)
4,8: (48059,35723,58082,65535)  #BB8BE2FF  srgba(187,139,226,1)
5,8: (48059,36751,57311,65535)  #BB8FDFFF  srgba(187,143,223,1)
6,8: (48059,41891,59110,65535)  #BBA3E6FF  srgba(187,163,230,1)
7,8: (48059,42148,58082,65535)  #BBA4E2FF  srgba(187,164,226,1)
8,8: (48059,44204,56283,65535)  #BBACDBFF  srgba(187,172,219,1)
9,8: (48316,44718,57311,65535)  #BCAEDFFF  srgba(188,174,223,1)
10,8: (48573,26985,56026,65535)  #BD69DAFF  srgba(189,105,218,1)
11,8: (48830,11051,35209,65535)  #BE2B89FF  srgba(190,43,137,1)
12,8: (48830,24158,54227,65535)  #BE5ED3FF  srgba(190,94,211,1)
13,8: (48830,30326,57054,65535)  #BE76DEFF  srgba(190,118,222,1)
14,8: (48830,39578,60909,65535)  #BE9AEDFF  srgba(190,154,237,1)
15,8: (49087,9252,44975,65535)  #BF24AFFF  srgba(191,36,175,1)
0,9: (49087,27242,54484,65535)  #BF6AD4FF  srgba(191,106,212,1)
1,9: (49087,47288,61423,65535)  #BFB8EFFF  srgba(191,184,239,1)
2,9: (49344,15163,1028,65535)  #C03B04FF  srgba(192,59,4,1)
3,9: (49344,25957,53199,65535)  #C065CFFF  srgba(192,101,207,1)
4,9: (50115,35209,59110,65535)  #C389E6FF  srgba(195,137,230,1)
5,9: (50115,36494,56797,65535)  #C38EDDFF  srgba(195,142,221,1)
6,9: (50115,40863,59367,65535)  #C39FE7FF  srgba(195,159,231,1)
7,9: (50115,42148,58082,65535)  #C3A4E2FF  srgba(195,164,226,1)
8,9: (50115,44975,59367,65535)  #C3AFE7FF  srgba(195,175,231,1)
9,9: (50115,45232,57054,65535)  #C3B0DEFF  srgba(195,176,222,1)
10,9: (50115,46774,56540,65535)  #C3B6DCFF  srgba(195,182,220,1)
11,9: (50115,47802,56283,65535)  #C3BADBFF  srgba(195,186,219,1)
12,9: (50372,30583,56540,65535)  #C477DCFF  srgba(196,119,220,1)
13,9: (50372,34952,57825,65535)  #C488E1FF  srgba(196,136,225,1)
14,9: (50372,37779,56283,65535)  #C493DBFF  srgba(196,147,219,1)
15,9: (50372,41120,54741,65535)  #C4A0D5FF  srgba(196,160,213,1)
0,10: (50372,41377,56026,65535)  #C4A1DAFF  srgba(196,161,218,1)
1,10: (50372,47545,57825,65535)  #C4B9E1FF  srgba(196,185,225,1)
2,10: (50629,33410,57054,65535)  #C582DEFF  srgba(197,130,222,1)
3,10: (50629,44975,60909,65535)  #C5AFEDFF  srgba(197,175,237,1)
4,10: (50629,48573,59367,65535)  #C5BDE7FF  srgba(197,189,231,1)
5,10: (50886,50629,61937,65535)  #C6C5F1FF  srgba(198,197,241,1)
6,10: (51657,21845,50372,65535)  #C955C4FF  srgba(201,85,196,1)
7,10: (51657,28784,54484,65535)  #C970D4FF  srgba(201,112,212,1)
8,10: (51914,49601,61423,65535)  #CAC1EFFF  srgba(202,193,239,1)
9,10: (52171,30840,56540,65535)  #CB78DCFF  srgba(203,120,220,1)
10,10: (52171,42662,57825,65535)  #CBA6E1FF  srgba(203,166,225,1)
11,10: (52171,44975,60909,65535)  #CBAFEDFF  srgba(203,175,237,1)
12,10: (52171,52171,62194,65535)  #CBCBF2FF  srgba(203,203,242,1)
13,10: (52428,18761,38550,65535)  #CC4996FF  srgba(204,73,150,1)
14,10: (52428,47288,56540,65535)  #CCB8DCFF  srgba(204,184,220,1)
15,10: (52428,47288,59367,65535)  #CCB8E7FF  srgba(204,184,231,1)
0,11: (52685,27242,56283,65535)  #CD6ADBFF  srgba(205,106,219,1)
1,11: (52685,34695,57568,65535)  #CD87E0FF  srgba(205,135,224,1)
2,11: (52685,35980,59110,65535)  #CD8CE6FF  srgba(205,140,230,1)
3,11: (52685,41377,59367,65535)  #CDA1E7FF  srgba(205,161,231,1)
4,11: (52685,49344,57825,65535)  #CDC0E1FF  srgba(205,192,225,1)
5,11: (53199,45232,56283,65535)  #CFB0DBFF  srgba(207,176,219,1)
6,11: (53199,50372,59624,65535)  #CFC4E8FF  srgba(207,196,232,1)
7,11: (53970,22359,39321,65535)  #D25799FF  srgba(210,87,153,1)
8,11: (53970,47031,57568,65535)  #D2B7E0FF  srgba(210,183,224,1)
9,11: (53970,49087,61423,65535)  #D2BFEFFF  srgba(210,191,239,1)
10,11: (53970,52171,61680,65535)  #D2CBF0FF  srgba(210,203,240,1)
11,11: (54227,39064,60909,65535)  #D398EDFF  srgba(211,152,237,1)
12,11: (54227,43947,61166,65535)  #D3ABEEFF  srgba(211,171,238,1)
13,11: (54484,33667,56540,65535)  #D483DCFF  srgba(212,131,220,1)
14,11: (54484,47545,59367,65535)  #D4B9E7FF  srgba(212,185,231,1)
15,11: (54741,35723,57825,65535)  #D58BE1FF  srgba(213,139,225,1)
0,12: (54741,40863,59624,65535)  #D59FE8FF  srgba(213,159,232,1)
1,12: (55255,23130,56026,65535)  #D75ADAFF  srgba(215,90,218,1)
2,12: (55255,37265,59367,65535)  #D791E7FF  srgba(215,145,231,1)
3,12: (55769,21588,54227,65535)  #D954D3FF  srgba(217,84,211,1)
4,12: (55769,43176,57825,65535)  #D9A8E1FF  srgba(217,168,225,1)
5,12: (55769,52171,59881,65535)  #D9CBE9FF  srgba(217,203,233,1)
6,12: (56026,48059,59624,65535)  #DABBE8FF  srgba(218,187,232,1)
7,12: (56540,49858,59624,65535)  #DCC2E8FF  srgba(220,194,232,1)
8,12: (56797,25443,0,65535)  #DD6300FF  srgba(221,99,0,1)
9,12: (57054,41634,61423,65535)  #DEA2EFFF  srgba(222,162,239,1)
10,12: (57054,51914,61937,65535)  #DECAF1FF  srgba(222,202,241,1)
11,12: (57054,53713,62194,65535)  #DED1F2FF  srgba(222,209,242,1)
12,12: (57311,23644,23901,65535)  #DF5C5DFF  srgba(223,92,93,1)
13,12: (57311,50115,57825,65535)  #DFC3E1FF  srgba(223,195,225,1)
14,12: (57568,23901,54484,65535)  #E05DD4FF  srgba(224,93,212,1)
15,12: (57568,24672,56283,65535)  #E060DBFF  srgba(224,96,219,1)
0,13: (57568,25700,1285,65535)  #E06405FF  srgba(224,100,5,1)
1,13: (57568,26471,51914,65535)  #E067CAFF  srgba(224,103,202,1)
2,13: (57568,40606,59624,65535)  #E09EE8FF  srgba(224,158,232,1)
3,13: (57825,48316,62708,65535)  #E1BCF4FF  srgba(225,188,244,1)
4,13: (58082,44718,62451,65535)  #E2AEF3FF  srgba(226,174,243,1)
5,13: (58596,48573,56540,65535)  #E4BDDCFF  srgba(228,189,220,1)
6,13: (58853,41891,56283,65535)  #E5A3DBFF  srgba(229,163,219,1)
7,13: (59110,24672,39578,65535)  #E6609AFF  srgba(230,96,154,1)
8,13: (59367,25957,50115,65535)  #E765C3FF  srgba(231,101,195,1)
9,13: (59881,27499,52942,65535)  #E96BCEFF  srgba(233,107,206,1)
10,13: (59881,48830,63736,65535)  #E9BEF8FF  srgba(233,190,248,1)
11,13: (60395,54484,59624,65535)  #EBD4E8FF  srgba(235,212,232,1)
12,13: (61423,41377,41891,65535)  #EFA1A3FF  srgba(239,161,163,1)
13,13: (61937,26985,56283,65535)  #F169DBFF  srgba(241,105,219,1)
14,13: (61937,28270,54484,65535)  #F16ED4FF  srgba(241,110,212,1)
15,13: (61937,45489,53199,65535)  #F1B1CFFF  srgba(241,177,207,1)
0,14: (62194,48316,63222,65535)  #F2BCF6FF  srgba(242,188,246,1)
1,14: (62194,52685,65278,65535)  #F2CDFEFF  srgba(242,205,254,1)
2,14: (62451,46003,62451,65535)  #F3B3F3FF  srgba(243,179,243,1)
3,14: (62451,50115,63736,65535)  #F3C3F8FF  srgba(243,195,248,1)
4,14: (62708,30326,56540,65535)  #F476DCFF  srgba(244,118,220,1)
5,14: (62708,42919,54998,65535)  #F4A7D6FF  srgba(244,167,214,1)
6,14: (62708,53970,42662,65535)  #F4D2A6FF  srgba(244,210,166,1)
7,14: (62708,55512,64250,65535)  #F4D8FAFF  srgba(244,216,250,1)
8,14: (62965,33667,54998,65535)  #F583D6FF  srgba(245,131,214,1)
9,14: (62965,35209,53456,65535)  #F589D0FF  srgba(245,137,208,1)
10,14: (63222,40349,13107,65535)  #F69D33FF  srgba(246,157,51,1)
11,14: (63222,52685,63479,65535)  #F6CDF7FF  srgba(246,205,247,1)
12,14: (63222,55512,65278,65535)  #F6D8FEFF  srgba(246,216,254,1)
13,14: (63479,32896,53456,65535)  #F780D0FF  srgba(247,128,208,1)
14,14: (63736,40092,0,65535)  #F89C00FF  srgba(248,156,0,1)
15,14: (63736,56283,65278,65535)  #F8DBFEFF  srgba(248,219,254,1)
0,15: (64250,56283,63993,65535)  #FADBF9FF  srgba(250,219,249,1)
1,15: (64507,35466,57311,65535)  #FB8ADFFF  srgba(251,138,223,1)
2,15: (64507,36237,54998,65535)  #FB8DD6FF  srgba(251,141,214,1)
3,15: (64507,56540,64250,65535)  #FBDCFAFF  srgba(251,220,250,1)
4,15: (64507,56797,63736,65535)  #FBDDF8FF  srgba(251,221,248,1)
5,15: (65021,35723,56283,65535)  #FD8BDBFF  srgba(253,139,219,1)
6,15: (65021,42919,59110,65535)  #FDA7E6FF  srgba(253,167,230,1)
7,15: (65278,46517,59367,65535)  #FEB5E7FF  srgba(254,181,231,1)
8,15: (65278,51143,0,65535)  #FEC700FF  srgba(254,199,0,1)
9,15: (65278,54998,0,65535)  #FED600FF  srgba(254,214,0,1)
10,15: (65278,55769,13107,65535)  #FED933FF  srgba(254,217,51,1)
11,15: (65278,55769,63222,65535)  #FED9F6FF  srgba(254,217,246,1)
12,15: (65535,40349,56540,65535)  #FF9DDCFF  srgba(255,157,220,1)
13,15: (65535,40863,56540,65535)  #FF9FDCFF  srgba(255,159,220,1)
14,15: (65535,42148,57568,65535)  #FFA4E0FF  srgba(255,164,224,1)
15,15: (0,65535,0,0)  #00FF0000  srgba(0,255,0,0)
