# ImageMagick pixel enumeration: 16,16,65535,srgba
0,0: (9509,40606,8481,65535)  #259E21FF  srgba(37,158,33,1)
1,0: (9766,42405,6682,65535)  #26A51AFF  srgba(38,165,26,1)
2,0: (9766,42919,3598,65535)  #26A70EFF  srgba(38,167,14,1)
3,0: (10023,43690,1542,65535)  #27AA06FF  srgba(39,170,6,1)
4,0: (11051,41891,7967,65535)  #2BA31FFF  srgba(43,163,31,1)
5,0: (11051,43176,3598,65535)  #2BA80EFF  srgba(43,168,14,1)
6,0: (11051,43690,1028,65535)  #2BAA04FF  srgba(43,170,4,1)
7,0: (11308,44975,0,65535)  #2CAF00FF  srgba(44,175,0,1)
8,0: (11565,43690,3341,65535)  #2DAA0DFF  srgba(45,170,13,1)
9,0: (12079,23901,34952,65535)  #2F5D88FF  srgba(47,93,136,1)
10,0: (12336,37265,19789,65535)  #30914DFF  srgba(48,145,77,1)
11,0: (12336,44461,5654,65535)  #30AD16FF  srgba(48,173,22,1)
12,0: (12336,44975,2056,65535)  #30AF08FF  srgba(48,175,8,1)
13,0: (13107,33924,27242,65535)  #33846AFF  srgba(51,132,106,1)
14,0: (13107,39578,15420,65535)  #339A3CFF  srgba(51,154,60,1)
15,0: (13107,40863,14392,65535)  #339F38FF  srgba(51,159,56,1)
0,1: (13621,22359,41120,65535)  #3557A0FF  srgba(53,87,160,1)
1,1: (13621,37779,20817,65535)  #359351FF  srgba(53,147,81,1)
2,1: (13621,44718,6682,65535)  #35AE1AFF  srgba(53,174,26,1)
3,1: (13621,45232,2056,65535)  #35B008FF  srgba(53,176,8,1)
4,1: (13878,41377,10023,65535)  #36A127FF  srgba(54,161,39,1)
5,1: (13878,43690,7967,65535)  #36AA1FFF  srgba(54,170,31,1)
6,1: (14135,42919,8995,65535)  #37A723FF  srgba(55,167,35,1)
7,1: (14135,46260,2570,65535)  #37B40AFF  srgba(55,180,10,1)
8,1: (14649,35980,26214,65535)  #398C66FF  srgba(57,140,102,1)
9,1: (14649,37779,21845,65535)  #399355FF  srgba(57,147,85,1)
10,1: (14649,40092,19018,65535)  #399C4AFF  srgba(57,156,74,1)
11,1: (14906,39064,21331,65535)  #3A9853FF  srgba(58,152,83,1)
12,1: (14906,45232,5911,65535)  #3AB017FF  srgba(58,176,23,1)
13,1: (15163,36237,26728,65535)  #3B8D68FF  srgba(59,141,104,1)
14,1: (15163,40606,15420,65535)  #3B9E3CFF  srgba(59,158,60,1)
15,1: (15420,23130,44204,65535)  #3C5AACFF  srgba(60,90,172,1)
0,2: (15677,46003,3341,65535)  #3DB30DFF  srgba(61,179,13,1)
1,2: (16191,35466,29555,65535)  #3F8A73FF  srgba(63,138,115,1)
2,2: (16191,37522,26214,65535)  #3F9266FF  srgba(63,146,102,1)
3,2: (16448,45232,7453,65535)  #40B01DFF  srgba(64,176,29,1)
4,2: (16705,24415,46260,65535)  #415FB4FF  srgba(65,95,180,1)
5,2: (16705,28784,42662,65535)  #4170A6FF  srgba(65,112,166,1)
6,2: (16705,40863,23130,65535)  #419F5AFF  srgba(65,159,90,1)
7,2: (16962,24672,49601,65535)  #4260C1FF  srgba(66,96,193,1)
8,2: (16962,25186,48830,65535)  #4262BEFF  srgba(66,98,190,1)
9,2: (17219,25443,47802,65535)  #4363BAFF  srgba(67,99,186,1)
10,2: (17219,46774,8738,65535)  #43B622FF  srgba(67,182,34,1)
11,2: (17476,23901,50629,65535)  #445DC5FF  srgba(68,93,197,1)
12,2: (17476,39064,24415,65535)  #44985FFF  srgba(68,152,95,1)
13,2: (17733,25443,50629,65535)  #4563C5FF  srgba(69,99,197,1)
14,2: (17990,26728,48830,65535)  #4668BEFF  srgba(70,104,190,1)
15,2: (17990,27756,47802,65535)  #466CBAFF  srgba(70,108,186,1)
0,3: (17990,31354,40092,65535)  #467A9CFF  srgba(70,122,156,1)
1,3: (18247,22102,52942,65535)  #4756CEFF  srgba(71,86,206,1)
2,3: (18247,24158,51657,65535)  #475EC9FF  srgba(71,94,201,1)
3,3: (18247,26214,49601,65535)  #4766C1FF  srgba(71,102,193,1)
4,3: (18247,26214,50372,65535)  #4766C4FF  srgba(71,102,196,1)
5,3: (18247,28013,47802,65535)  #476DBAFF  srgba(71,109,186,1)
6,3: (18247,31611,35723,65535)  #477B8BFF  srgba(71,123,139,1)
7,3: (18247,38036,24415,65535)  #47945FFF  srgba(71,148,95,1)
8,3: (18247,45489,13878,65535)  #47B136FF  srgba(71,177,54,1)
9,3: (18504,22616,52685,65535)  #4858CDFF  srgba(72,88,205,1)
10,3: (18504,23387,52171,65535)  #485BCBFF  srgba(72,91,203,1)
11,3: (18504,24929,51657,65535)  #4861C9FF  srgba(72,97,201,1)
12,3: (18504,28013,48573,65535)  #486DBDFF  srgba(72,109,189,1)
13,3: (18504,37522,27756,65535)  #48926CFF  srgba(72,146,108,1)
14,3: (18761,35980,30583,65535)  #498C77FF  srgba(73,140,119,1)
15,3: (19018,28013,49087,65535)  #4A6DBFFF  srgba(74,109,191,1)
0,4: (19018,34181,34438,65535)  #4A8586FF  srgba(74,133,134,1)
1,4: (19275,23901,52685,65535)  #4B5DCDFF  srgba(75,93,205,1)
2,4: (19532,25443,51914,65535)  #4C63CAFF  srgba(76,99,202,1)
3,4: (19789,31354,40863,65535)  #4D7A9FFF  srgba(77,122,159,1)
4,4: (20046,32639,40092,65535)  #4E7F9CFF  srgba(78,127,156,1)
5,4: (20303,25186,52428,65535)  #4F62CCFF  srgba(79,98,204,1)
6,4: (20303,25957,51143,65535)  #4F65C7FF  srgba(79,101,199,1)
7,4: (20303,28270,49858,65535)  #4F6EC2FF  srgba(79,110,194,1)
8,4: (20303,28527,48059,65535)  #4F6FBBFF  srgba(79,111,187,1)
9,4: (20817,24415,53713,65535)  #515FD1FF  srgba(81,95,209,1)
10,4: (20817,34181,40092,65535)  #51859CFF  srgba(81,133,156,1)
11,4: (21074,25700,52171,65535)  #5264CBFF  srgba(82,100,203,1)
12,4: (21074,28270,51914,65535)  #526ECAFF  srgba(82,110,202,1)
13,4: (21074,28527,50629,65535)  #526FC5FF  srgba(82,111,197,1)
14,4: (21074,33410,39835,65535)  #52829BFF  srgba(82,130,155,1)
15,4: (21074,43176,24672,65535)  #52A860FF  srgba(82,168,96,1)
0,5: (21588,25700,52942,65535)  #5464CEFF  srgba(84,100,206,1)
1,5: (21588,26214,51657,65535)  #5466C9FF  srgba(84,102,201,1)
2,5: (21588,30583,49601,65535)  #5477C1FF  srgba(84,119,193,1)
3,5: (21588,39064,31611,65535)  #54987BFF  srgba(84,152,123,1)
4,5: (21845,25957,53713,65535)  #5565D1FF  srgba(85,101,209,1)
5,5: (22102,26471,51143,65535)  #5667C7FF  srgba(86,103,199,1)
6,5: (22102,26471,52942,65535)  #5667CEFF  srgba(86,103,206,1)
7,5: (22102,35980,35466,65535)  #568C8AFF  srgba(86,140,138,1)
8,5: (22102,48830,15420,65535)  #56BE3CFF  srgba(86,190,60,1)
9,5: (22616,26471,52942,65535)  #5867CEFF  srgba(88,103,206,1)
10,5: (22873,29298,52428,65535)  #5972CCFF  srgba(89,114,204,1)
11,5: (23130,26214,52942,65535)  #5A66CEFF  srgba(90,102,206,1)
12,5: (23130,26214,54227,65535)  #5A66D3FF  srgba(90,102,211,1)
13,5: (23130,26471,51657,65535)  #5A67C9FF  srgba(90,103,201,1)
14,5: (23130,31354,50115,65535)  #5A7AC3FF  srgba(90,122,195,1)
15,5: (23130,32639,47288,65535)  #5A7FB8FF  srgba(90,127,184,1)
0,6: (23387,41120,32896,65535)  #5BA080FF  srgba(91,160,128,1)
1,6: (23644,36751,41634,65535)  #5C8FA2FF  srgba(92,143,162,1)
2,6: (23901,25957,51400,65535)  #5D65C8FF  srgba(93,101,200,1)
3,6: (23901,26214,52942,65535)  #5D66CEFF  srgba(93,102,206,1)
4,6: (23901,32382,50629,65535)  #5D7EC5FF  srgba(93,126,197,1)
5,6: (24415,30069,52428,65535)  #5F75CCFF  srgba(95,117,204,1)
6,6: (24415,49344,20560,65535)  #5FC050FF  srgba(95,192,80,1)
7,6: (24672,31354,52428,65535)  #607ACCFF  srgba(96,122,204,1)
8,6: (24672,32639,50629,65535)  #607FC5FF  srgba(96,127,197,1)
9,6: (24672,33410,49858,65535)  #6082C2FF  srgba(96,130,194,1)
10,6: (24672,34438,46517,65535)  #6086B5FF  srgba(96,134,181,1)
11,6: (24929,29298,53970,65535)  #6172D2FF  srgba(97,114,210,1)
12,6: (25186,32896,51914,65535)  #6280CAFF  srgba(98,128,202,1)
13,6: (25443,21588,46517,65535)  #6354B5FF  srgba(99,84,181,1)
14,6: (26728,31611,53199,65535)  #687BCFFF  srgba(104,123,207,1)
15,6: (26728,39578,36494,65535)  #689A8EFF  srgba(104,154,142,1)
0,7: (26985,22873,52942,65535)  #6959CEFF  srgba(105,89,206,1)
1,7: (26985,25186,56026,65535)  #6962DAFF  srgba(105,98,218,1)
2,7: (26985,34181,51914,65535)  #6985CAFF  srgba(105,133,202,1)
3,7: (27242,48573,20817,65535)  #6ABD51FF  srgba(106,189,81,1)
4,7: (27499,33924,52942,65535)  #6B84CEFF  srgba(107,132,206,1)
5,7: (27756,31868,54484,65535)  #6C7CD4FF  srgba(108,124,212,1)
6,7: (27756,38550,42148,65535)  #6C96A4FF  srgba(108,150,164,1)
7,7: (27756,42919,35209,65535)  #6CA789FF  srgba(108,167,137,1)
8,7: (28270,22102,57568,65535)  #6E56E0FF  srgba(110,86,224,1)
9,7: (28527,35466,51914,65535)  #6F8ACAFF  srgba(111,138,202,1)
10,7: (28784,20303,51400,65535)  #704FC8FF  srgba(112,79,200,1)
11,7: (28784,32125,55255,65535)  #707DD7FF  srgba(112,125,215,1)
12,7: (28784,34695,53199,65535)  #7087CFFF  srgba(112,135,207,1)
13,7: (29041,51914,23130,65535)  #71CA5AFF  srgba(113,202,90,1)
14,7: (29298,32639,56283,65535)  #727FDBFF  srgba(114,127,219,1)
15,7: (29298,34952,53456,65535)  #7288D0FF  srgba(114,136,208,1)
0,8: (29298,36494,52171,65535)  #728ECBFF  srgba(114,142,203,1)
1,8: (30069,34181,55255,65535)  #7585D7FF  srgba(117,133,215,1)
2,8: (30069,35209,53456,65535)  #7589D0FF  srgba(117,137,208,1)
3,8: (30069,35209,54998,65535)  #7589D6FF  srgba(117,137,214,1)
4,8: (30069,37008,53199,65535)  #7590CFFF  srgba(117,144,207,1)
5,8: (30326,20303,59881,65535)  #764FE9FF  srgba(118,79,233,1)
6,8: (30326,50372,30326,65535)  #76C476FF  srgba(118,196,118,1)
7,8: (30583,35723,53456,65535)  #778BD0FF  srgba(119,139,208,1)
8,8: (30583,36751,54998,65535)  #778FD6FF  srgba(119,143,214,1)
9,8: (30583,37779,51914,65535)  #7793CAFF  srgba(119,147,202,1)
10,8: (30840,40606,43176,65535)  #789EA8FF  srgba(120,158,168,1)
11,8: (31097,37779,53199,65535)  #7993CFFF  srgba(121,147,207,1)
12,8: (31354,10794,61166,65535)  #7A2AEEFF  srgba(122,42,238,1)
13,8: (31354,35209,53456,65535)  #7A89D0FF  srgba(122,137,208,1)
14,8: (31354,42148,42662,65535)  #7AA4A6FF  srgba(122,164,166,1)
15,8: (31611,17990,61423,65535)  #7B46EFFF  srgba(123,70,239,1)
0,9: (31868,35209,56797,65535)  #7C89DDFF  srgba(124,137,221,1)
1,9: (32125,38807,53199,65535)  #7D97CFFF  srgba(125,151,207,1)
2,9: (32382,35723,54998,65535)  #7E8BD6FF  srgba(126,139,214,1)
3,9: (32382,37522,21074,65535)  #7E9252FF  srgba(126,146,82,1)
4,9: (32639,37265,55512,65535)  #7F91D8FF  srgba(127,145,216,1)
5,9: (32896,34695,50629,65535)  #8087C5FF  srgba(128,135,197,1)
6,9: (32896,41377,50372,65535)  #80A1C4FF  srgba(128,161,196,1)
7,9: (33153,35466,57054,65535)  #818ADEFF  srgba(129,138,222,1)
8,9: (33153,38807,55769,65535)  #8197D9FF  srgba(129,151,217,1)
9,9: (33153,39064,53456,65535)  #8198D0FF  srgba(129,152,208,1)
10,9: (33667,44975,21845,65535)  #83AF55FF  srgba(131,175,85,1)
11,9: (33924,45232,43433,65535)  #84B0A9FF  srgba(132,176,169,1)
12,9: (34438,35723,34952,65535)  #868B88FF  srgba(134,139,136,1)
13,9: (34695,33667,53456,65535)  #8783D0FF  srgba(135,131,208,1)
14,9: (34952,34181,43690,65535)  #8885AAFF  srgba(136,133,170,1)
15,9: (34952,35209,56283,65535)  #8889DBFF  srgba(136,137,219,1)
0,10: (34952,37779,57054,65535)  #8893DEFF  srgba(136,147,222,1)
1,10: (35209,40349,57311,65535)  #899DDFFF  srgba(137,157,223,1)
2,10: (35466,17476,65278,65535)  #8A44FEFF  srgba(138,68,254,1)
3,10: (36237,16962,62708,65535)  #8D42F4FF  srgba(141,66,244,1)
4,10: (36237,22616,60909,65535)  #8D58EDFF  srgba(141,88,237,1)
5,10: (36237,41634,53456,65535)  #8DA2D0FF  srgba(141,162,208,1)
6,10: (37008,51657,32125,65535)  #90C97DFF  srgba(144,201,125,1)
7,10: (37265,40092,58339,65535)  #919CE3FF  srgba(145,156,227,1)
8,10: (37522,32382,58853,65535)  #927EE5FF  srgba(146,126,229,1)
9,10: (37779,43176,49601,65535)  #93A8C1FF  srgba(147,168,193,1)
10,10: (38036,47031,49087,65535)  #94B7BFFF  srgba(148,183,191,1)
11,10: (38550,44204,60395,65535)  #96ACEBFF  srgba(150,172,235,1)
12,10: (39321,9766,63479,65535)  #9926F7FF  srgba(153,38,247,1)
13,10: (40092,43947,32382,65535)  #9CAB7EFF  srgba(156,171,126,1)
14,10: (40349,8738,65278,65535)  #9D22FEFF  srgba(157,34,254,1)
15,10: (40349,40349,59110,65535)  #9D9DE6FF  srgba(157,157,230,1)
0,11: (40863,4112,62708,65535)  #9F10F4FF  srgba(159,16,244,1)
1,11: (41120,16962,65278,65535)  #A042FEFF  srgba(160,66,254,1)
2,11: (41634,46260,62194,65535)  #A2B4F2FF  srgba(162,180,242,1)
3,11: (42919,20817,47802,65535)  #A751BAFF  srgba(167,81,186,1)
4,11: (42919,35980,28784,65535)  #A78C70FF  srgba(167,140,112,1)
5,11: (43176,17219,52942,65535)  #A843CEFF  srgba(168,67,206,1)
6,11: (43690,23387,61937,65535)  #AA5BF1FF  srgba(170,91,241,1)
7,11: (44461,16448,62194,65535)  #AD40F2FF  srgba(173,64,242,1)
8,11: (44975,24415,33924,65535)  #AF5F84FF  srgba(175,95,132,1)
9,11: (45489,36237,30840,65535)  #B18D78FF  srgba(177,141,120,1)
10,11: (46003,9509,65278,65535)  #B325FEFF  srgba(179,37,254,1)
11,11: (46260,17990,65278,65535)  #B446FEFF  srgba(180,70,254,1)
12,11: (46517,6168,65278,65535)  #B518FEFF  srgba(181,24,254,1)
13,11: (46517,31354,61423,65535)  #B57AEFFF  srgba(181,122,239,1)
14,11: (46774,17990,51400,65535)  #B646C8FF  srgba(182,70,200,1)
15,11: (46774,33924,34952,65535)  #B68488FF  srgba(182,132,136,1)
0,12: (47031,31354,41377,65535)  #B77AA1FF  srgba(183,122,161,1)
1,12: (48573,5654,63736,65535)  #BD16F8FF  srgba(189,22,248,1)
2,12: (50115,8481,65278,65535)  #C321FEFF  srgba(195,33,254,1)
3,12: (50629,6168,65278,65535)  #C518FEFF  srgba(197,24,254,1)
4,12: (50629,32125,41634,65535)  #C57DA2FF  srgba(197,125,162,1)
5,12: (50629,50629,62708,65535)  #C5C5F4FF  srgba(197,197,244,1)
6,12: (51400,34181,34181,65535)  #C88585FF  srgba(200,133,133,1)
7,12: (51400,36751,32896,65535)  #C88F80FF  srgba(200,143,128,1)
8,12: (51400,40863,49858,65535)  #C89FC2FF  srgba(200,159,194,1)
9,12: (51657,6425,65278,65535)  #C919FEFF  srgba(201,25,254,1)
10,12: (51914,30583,49601,65535)  #CA77C1FF  srgba(202,119,193,1)
11,12: (51914,38807,32382,65535)  #CA977EFF  srgba(202,151,126,1)
12,12: (52171,33410,37008,65535)  #CB8290FF  srgba(203,130,144,1)
13,12: (53199,6425,65278,65535)  #CF19FEFF  srgba(207,25,254,1)
14,12: (53199,43176,33410,65535)  #CFA882FF  srgba(207,168,130,1)
15,12: (53199,50886,49344,65535)  #CFC6C0FF  srgba(207,198,192,1)
0,13: (53456,6682,65278,65535)  #D01AFEFF  srgba(208,26,254,1)
1,13: (53456,8481,65278,65535)  #D021FEFF  srgba(208,33,254,1)
2,13: (53456,39064,61937,65535)  #D098F1FF  srgba(208,152,241,1)
3,13: (53456,44718,62451,65535)  #D0AEF3FF  srgba(208,174,243,1)
4,13: (54484,5911,63993,65535)  #D417F9FF  srgba(212,23,249,1)
5,13: (54741,6425,65278,65535)  #D519FEFF  srgba(213,25,254,1)
6,13: (54741,29555,53199,65535)  #D573CFFF  srgba(213,115,207,1)
7,13: (54998,6682,65021,65535)  #D61AFDFF  srgba(214,26,253,1)
8,13: (55512,6682,65535,65535)  #D81AFFFF  srgba(216,26,255,1)
9,13: (55512,9509,65278,65535)  #D825FEFF  srgba(216,37,254,1)
10,13: (55512,30326,60652,65535)  #D876ECFF  srgba(216,118,236,1)
11,13: (55769,7196,65278,65535)  #D91CFEFF  srgba(217,28,254,1)
12,13: (56283,9509,64764,65535)  #DB25FCFF  srgba(219,37,252,1)
13,13: (56540,8738,65021,65535)  #DC22FDFF  srgba(220,34,253,1)
14,13: (56797,11308,62194,65535)  #DD2CF2FF  srgba(221,44,242,1)
15,13: (56797,22873,61166,65535)  #DD59EEFF  srgba(221,89,238,1)
0,14: (57054,6682,65278,65535)  #DE1AFEFF  srgba(222,26,254,1)
1,14: (57054,35723,41377,65535)  #DE8BA1FF  srgba(222,139,161,1)
2,14: (58339,43947,40863,65535)  #E3AB9FFF  srgba(227,171,159,1)
3,14: (59110,7710,65278,65535)  #E61EFEFF  srgba(230,30,254,1)
4,14: (59624,6939,65278,65535)  #E81BFEFF  srgba(232,27,254,1)
5,14: (60138,7196,64764,65535)  #EA1CFCFF  srgba(234,28,252,1)
6,14: (61423,49858,43690,65535)  #EFC2AAFF  srgba(239,194,170,1)
7,14: (61680,10023,65278,65535)  #F027FEFF  srgba(240,39,254,1)
8,14: (62194,22616,62708,65535)  #F258F4FF  srgba(242,88,244,1)
9,14: (62708,30840,62965,65535)  #F478F5FF  srgba(244,120,245,1)
10,14: (63479,7967,65278,65535)  #F71FFEFF  srgba(247,31,254,1)
11,14: (63479,15677,65278,65535)  #F73DFEFF  srgba(247,61,254,1)
12,14: (63993,11565,64507,65535)  #F92DFBFF  srgba(249,45,251,1)
13,14: (64250,22616,64250,65535)  #FA58FAFF  srgba(250,88,250,1)
14,14: (64250,45489,43176,65535)  #FAB1A8FF  srgba(250,177,168,1)
15,14: (64507,23387,65278,65535)  #FB5BFEFF  srgba(251,91,254,1)
0,15: (64764,38807,64250,65535)  #FC97FAFF  srgba(252,151,250,1)
1,15: (64764,49601,53199,65535)  #FCC1CFFF  srgba(252,193,207,1)
2,15: (65021,22873,64764,65535)  #FD59FCFF  srgba(253,89,252,1)
3,15: (65021,29812,65021,65535)  #FD74FDFF  srgba(253,116,253,1)
4,15: (65021,48316,58853,65535)  #FDBCE5FF  srgba(253,188,229,1)
5,15: (65021,49087,49344,65535)  #FDBFC0FF  srgba(253,191,192,1)
6,15: (65278,10537,65278,65535)  #FE29FEFF  srgba(254,41,254,1)
7,15: (65278,15934,65278,65535)  #FE3EFEFF  srgba(254,62,254,1)
8,15: (65278,24929,65278,65535)  #FE61FEFF  srgba(254,97,254,1)
9,15: (65278,30326,65278,65535)  #FE76FEFF  srgba(254,118,254,1)
10,15: (65278,48059,45232,65535)  #FEBBB0FF  srgba(254,187,176,1)
11,15: (65278,49344,50115,65535)  #FEC0C3FF  srgba(254,192,195,1)
12,15: (65278,51914,59367,65535)  #FECAE7FF  srgba(254,202,231,1)
13,15: (65535,17733,65278,65535)  #FF45FEFF  srgba(255,69,254,1)
14,15: (65535,23644,65278,65535)  #FF5CFEFF  srgba(255,92,254,1)
15,15: (0,65535,0,0)  #00FF0000  srgba(0,255,0,0)
