# ImageMagick pixel enumeration: 16,16,65535,srgba
0,0: (0,0,0,65535)  #000000FF  black
1,0: (0,0,37265,65535)  #000091FF  srgba(0,0,145,1)
2,0: (0,0,39578,65535)  #00009AFF  srgba(0,0,154,1)
3,0: (0,0,40092,65535)  #00009CFF  srgba(0,0,156,1)
4,0: (0,0,41120,65535)  #0000A0FF  srgba(0,0,160,1)
5,0: (0,0,60138,65535)  #0000EAFF  srgba(0,0,234,1)
6,0: (0,1542,35209,65535)  #000689FF  srgba(0,6,137,1)
7,0: (0,2056,27756,65535)  #00086CFF  srgba(0,8,108,1)
8,0: (0,7710,26985,65535)  #001E69FF  srgba(0,30,105,1)
9,0: (0,8481,35723,65535)  #00218BFF  srgba(0,33,139,1)
10,0: (0,14906,26728,65535)  #003A68FF  srgba(0,58,104,1)
11,0: (0,16191,40092,65535)  #003F9CFF  srgba(0,63,156,1)
12,0: (0,23901,38550,65535)  #005D96FF  srgba(0,93,150,1)
13,0: (0,25700,43433,65535)  #0064A9FF  srgba(0,100,169,1)
14,0: (0,25957,25957,65535)  #006565FF  srgba(0,101,101,1)
15,0: (0,25957,37779,65535)  #006593FF  srgba(0,101,147,1)
0,1: (0,26471,47288,65535)  #0067B8FF  srgba(0,103,184,1)
1,1: (0,26728,40349,65535)  #00689DFF  srgba(0,104,157,1)
2,1: (0,26728,54484,65535)  #0068D4FF  srgba(0,104,212,1)
3,1: (0,28784,37008,65535)  #007090FF  srgba(0,112,144,1)
4,1: (0,29555,33153,65535)  #007381FF  srgba(0,115,129,1)
5,1: (0,29812,36237,65535)  #00748DFF  srgba(0,116,141,1)
6,1: (0,31097,38550,65535)  #007996FF  srgba(0,121,150,1)
7,1: (0,32125,37779,65535)  #007D93FF  srgba(0,125,147,1)
8,1: (0,32382,35209,65535)  #007E89FF  srgba(0,126,137,1)
9,1: (0,34438,36751,65535)  #00868FFF  srgba(0,134,143,1)
10,1: (0,35209,35980,65535)  #00898CFF  srgba(0,137,140,1)
11,1: (0,36494,40092,65535)  #008E9CFF  srgba(0,142,156,1)
12,1: (0,36751,48830,65535)  #008FBEFF  srgba(0,143,190,1)
13,1: (0,37008,37522,65535)  #009092FF  srgba(0,144,146,1)
14,1: (0,37008,38550,65535)  #009096FF  srgba(0,144,150,1)
15,1: (0,38293,34695,65535)  #009587FF  srgba(0,149,135,1)
0,2: (0,38807,36751,65535)  #00978FFF  srgba(0,151,143,1)
1,2: (0,39064,35980,65535)  #00988CFF  srgba(0,152,140,1)
2,2: (0,39321,37522,65535)  #009992FF  srgba(0,153,146,1)
3,2: (0,39321,38807,65535)  #009997FF  srgba(0,153,151,1)
4,2: (0,40349,33667,65535)  #009D83FF  srgba(0,157,131,1)
5,2: (0,40349,47031,65535)  #009DB7FF  srgba(0,157,183,1)
6,2: (0,40606,39064,65535)  #009E98FF  srgba(0,158,152,1)
7,2: (0,50372,50886,65535)  #00C4C6FF  srgba(0,196,198,1)
8,2: (0,50886,42919,65535)  #00C6A7FF  srgba(0,198,167,1)
9,2: (0,51657,39578,65535)  #00C99AFF  srgba(0,201,154,1)
10,2: (257,0,0,65535)  #010000FF  srgba(1,0,0,1)
11,2: (257,1542,40092,65535)  #01069CFF  srgba(1,6,156,1)
12,2: (257,2056,28013,65535)  #01086DFF  srgba(1,8,109,1)
13,2: (257,8224,40863,65535)  #01209FFF  srgba(1,32,159,1)
14,2: (257,15934,36751,65535)  #013E8FFF  srgba(1,62,143,1)
15,2: (514,0,16448,65535)  #020040FF  srgba(2,0,64,1)
0,3: (514,0,38807,65535)  #020097FF  srgba(2,0,151,1)
1,3: (514,0,41377,65535)  #0200A1FF  srgba(2,0,161,1)
2,3: (514,11051,27242,65535)  #022B6AFF  srgba(2,43,106,1)
3,3: (771,0,2827,65535)  #03000BFF  srgba(3,0,11,1)
4,3: (771,0,28527,65535)  #03006FFF  srgba(3,0,111,1)
5,3: (771,0,32382,65535)  #03007EFF  srgba(3,0,126,1)
6,3: (771,1028,514,65535)  #030402FF  srgba(3,4,2,1)
7,3: (771,4369,63736,65535)  #0311F8FF  srgba(3,17,248,1)
8,3: (771,13621,63993,65535)  #0335F9FF  srgba(3,53,249,1)
9,3: (1028,5140,35209,65535)  #041489FF  srgba(4,20,137,1)
10,3: (1285,3341,16705,65535)  #050D41FF  srgba(5,13,65,1)
11,3: (1285,6425,53199,65535)  #0519CFFF  srgba(5,25,207,1)
12,3: (1542,0,35209,65535)  #060089FF  srgba(6,0,137,1)
13,3: (1542,5654,46517,65535)  #0616B5FF  srgba(6,22,181,1)
14,3: (1542,15934,46774,65535)  #063EB6FF  srgba(6,62,182,1)
15,3: (1799,15677,53456,65535)  #073DD0FF  srgba(7,61,208,1)
0,4: (2313,0,48316,65535)  #0900BCFF  srgba(9,0,188,1)
1,4: (2313,0,55255,65535)  #0900D7FF  srgba(9,0,215,1)
2,4: (2570,13107,17219,65535)  #0A3343FF  srgba(10,51,67,1)
3,4: (2570,15677,40606,65535)  #0A3D9EFF  srgba(10,61,158,1)
4,4: (2570,26214,28270,65535)  #0A666EFF  srgba(10,102,110,1)
5,4: (2827,39321,43690,65535)  #0B99AAFF  srgba(11,153,170,1)
6,4: (3084,34695,30326,65535)  #0C8776FF  srgba(12,135,118,1)
7,4: (3084,40349,31354,65535)  #0C9D7AFF  srgba(12,157,122,1)
8,4: (3341,2313,27499,65535)  #0D096BFF  srgba(13,9,107,1)
9,4: (3341,12336,27499,65535)  #0D306BFF  srgba(13,48,107,1)
10,4: (3341,27242,35723,65535)  #0D6A8BFF  srgba(13,106,139,1)
11,4: (3341,39064,38293,65535)  #0D9895FF  srgba(13,152,149,1)
12,4: (3341,40606,38807,65535)  #0D9E97FF  srgba(13,158,151,1)
13,4: (3341,50886,39064,65535)  #0DC698FF  srgba(13,198,152,1)
14,4: (3598,23387,38293,65535)  #0E5B95FF  srgba(14,91,149,1)
15,4: (3598,23387,43433,65535)  #0E5BA9FF  srgba(14,91,169,1)
0,5: (3598,35466,38293,65535)  #0E8A95FF  srgba(14,138,149,1)
1,5: (3598,37522,35980,65535)  #0E928CFF  srgba(14,146,140,1)
2,5: (3855,0,39578,65535)  #0F009AFF  srgba(15,0,154,1)
3,5: (3855,30069,38293,65535)  #0F7595FF  srgba(15,117,149,1)
4,5: (3855,31611,43433,65535)  #0F7BA9FF  srgba(15,123,169,1)
5,5: (3855,37265,36751,65535)  #0F918FFF  srgba(15,145,143,1)
6,5: (4112,7453,41120,65535)  #101DA0FF  srgba(16,29,160,1)
7,5: (4112,27242,37008,65535)  #106A90FF  srgba(16,106,144,1)
8,5: (4369,3341,4883,65535)  #110D13FF  srgba(17,13,19,1)
9,5: (4883,0,61937,65535)  #1300F1FF  srgba(19,0,241,1)
10,5: (5140,514,39835,65535)  #14029BFF  srgba(20,2,155,1)
11,5: (5140,16448,37265,65535)  #144091FF  srgba(20,64,145,1)
12,5: (5397,0,41377,65535)  #1500A1FF  srgba(21,0,161,1)
13,5: (5654,0,37522,65535)  #160092FF  srgba(22,0,146,1)
14,5: (5911,47545,44204,65535)  #17B9ACFF  srgba(23,185,172,1)
15,5: (5911,53713,43433,65535)  #17D1A9FF  srgba(23,209,169,1)
0,6: (6168,12079,9766,65535)  #182F26FF  srgba(24,47,38,1)
1,6: (6168,52171,49087,65535)  #18CBBFFF  srgba(24,203,191,1)
2,6: (6425,0,38807,65535)  #190097FF  srgba(25,0,151,1)
3,6: (6425,3598,63736,65535)  #190EF8FF  srgba(25,14,248,1)
4,6: (6682,46517,49858,65535)  #1AB5C2FF  srgba(26,181,194,1)
5,6: (6682,46517,58853,65535)  #1AB5E5FF  srgba(26,181,229,1)
6,6: (6939,51914,57054,65535)  #1BCADEFF  srgba(27,202,222,1)
7,6: (7196,23387,60909,65535)  #1C5BEDFF  srgba(28,91,237,1)
8,6: (7453,39064,51143,65535)  #1D98C7FF  srgba(29,152,199,1)
9,6: (7710,6939,36494,65535)  #1E1B8EFF  srgba(30,27,142,1)
10,6: (7710,23387,48830,65535)  #1E5BBEFF  srgba(30,91,190,1)
11,6: (7710,32896,36751,65535)  #1E808FFF  srgba(30,128,143,1)
12,6: (7967,24415,52428,65535)  #1F5FCCFF  srgba(31,95,204,1)
13,6: (7967,24672,36494,65535)  #1F608EFF  srgba(31,96,142,1)
14,6: (7967,25186,38293,65535)  #1F6295FF  srgba(31,98,149,1)
15,6: (7967,31611,55255,65535)  #1F7BD7FF  srgba(31,123,215,1)
0,7: (7967,39064,37265,65535)  #1F9891FF  srgba(31,152,145,1)
1,7: (7967,39321,58339,65535)  #1F99E3FF  srgba(31,153,227,1)
2,7: (8224,30583,48830,65535)  #2077BEFF  srgba(32,119,190,1)
3,7: (8481,771,36751,65535)  #21038FFF  srgba(33,3,143,1)
4,7: (8738,0,38550,65535)  #220096FF  srgba(34,0,150,1)
5,7: (8738,16448,37265,65535)  #224091FF  srgba(34,64,145,1)
6,7: (9509,6682,47545,65535)  #251AB9FF  srgba(37,26,185,1)
7,7: (9509,15934,40863,65535)  #253E9FFF  srgba(37,62,159,1)
8,7: (9766,6939,54484,65535)  #261BD4FF  srgba(38,27,212,1)
9,7: (10023,13878,63993,65535)  #2736F9FF  srgba(39,54,249,1)
10,7: (10023,28270,37522,65535)  #276E92FF  srgba(39,110,146,1)
11,7: (10023,38807,43947,65535)  #2797ABFF  srgba(39,151,171,1)
12,7: (10280,0,37779,65535)  #280093FF  srgba(40,0,147,1)
13,7: (10280,8224,41120,65535)  #2820A0FF  srgba(40,32,160,1)
14,7: (10280,15420,53713,65535)  #283CD1FF  srgba(40,60,209,1)
15,7: (10537,1285,40606,65535)  #29059EFF  srgba(41,5,158,1)
0,8: (10537,27242,39064,65535)  #296A98FF  srgba(41,106,152,1)
1,8: (10537,29041,30583,65535)  #297177FF  srgba(41,113,119,1)
2,8: (10794,39321,37265,65535)  #2A9991FF  srgba(42,153,145,1)
3,8: (11308,16191,47031,65535)  #2C3FB7FF  srgba(44,63,183,1)
4,8: (11565,31097,43433,65535)  #2D79A9FF  srgba(45,121,169,1)
5,8: (11822,23644,43433,65535)  #2E5CA9FF  srgba(46,92,169,1)
6,8: (12079,0,40349,65535)  #2F009DFF  srgba(47,0,157,1)
7,8: (12079,4112,63736,65535)  #2F10F8FF  srgba(47,16,248,1)
8,8: (12850,0,63222,65535)  #3200F6FF  srgba(50,0,246,1)
9,8: (13364,0,48316,65535)  #3400BCFF  srgba(52,0,188,1)
10,8: (13364,0,55255,65535)  #3400D7FF  srgba(52,0,215,1)
11,8: (13621,0,37779,65535)  #350093FF  srgba(53,0,147,1)
12,8: (14135,35209,38293,65535)  #378995FF  srgba(55,137,149,1)
13,8: (14649,28270,23901,65535)  #396E5DFF  srgba(57,110,93,1)
14,8: (14649,33924,35209,65535)  #398489FF  srgba(57,132,137,1)
15,8: (14649,40606,37265,65535)  #399E91FF  srgba(57,158,145,1)
0,9: (15934,24415,48573,65535)  #3E5FBDFF  srgba(62,95,189,1)
1,9: (15934,32125,48059,65535)  #3E7DBBFF  srgba(62,125,187,1)
2,9: (16448,12850,58853,65535)  #4032E5FF  srgba(64,50,229,1)
3,9: (16705,27242,56026,65535)  #416ADAFF  srgba(65,106,218,1)
4,9: (16962,33924,55769,65535)  #4284D9FF  srgba(66,132,217,1)
5,9: (16962,38036,48830,65535)  #4294BEFF  srgba(66,148,190,1)
6,9: (17219,51143,45489,65535)  #43C7B1FF  srgba(67,199,177,1)
7,9: (17476,8224,8481,65535)  #442021FF  srgba(68,32,33,1)
8,9: (17476,40863,45489,65535)  #449FB1FF  srgba(68,159,177,1)
9,9: (17733,16191,47802,65535)  #453FBAFF  srgba(69,63,186,1)
10,9: (17990,12336,19018,65535)  #46304AFF  srgba(70,48,74,1)
11,9: (17990,50372,57825,65535)  #46C4E1FF  srgba(70,196,225,1)
12,9: (18247,0,37779,65535)  #470093FF  srgba(71,0,147,1)
13,9: (18247,0,63736,65535)  #4700F8FF  srgba(71,0,248,1)
14,9: (18247,0,65278,65535)  #4700FEFF  srgba(71,0,254,1)
15,9: (18247,41377,57311,65535)  #47A1DFFF  srgba(71,161,223,1)
0,10: (18504,2570,37779,65535)  #480A93FF  srgba(72,10,147,1)
1,10: (18504,38036,57054,65535)  #4894DEFF  srgba(72,148,222,1)
2,10: (18761,5140,65278,65535)  #4914FEFF  srgba(73,20,254,1)
3,10: (19018,2056,44461,65535)  #4A08ADFF  srgba(74,8,173,1)
4,10: (19018,8481,46517,65535)  #4A21B5FF  srgba(74,33,181,1)
5,10: (19275,0,38293,65535)  #4B0095FF  srgba(75,0,149,1)
6,10: (19275,13364,64250,65535)  #4B34FAFF  srgba(75,52,250,1)
7,10: (19532,2313,58853,65535)  #4C09E5FF  srgba(76,9,229,1)
8,10: (19789,0,56026,65535)  #4D00DAFF  srgba(77,0,218,1)
9,10: (20046,0,40092,65535)  #4E009CFF  srgba(78,0,156,1)
10,10: (20046,0,46260,65535)  #4E00B4FF  srgba(78,0,180,1)
11,10: (20560,5654,64250,65535)  #5016FAFF  srgba(80,22,250,1)
12,10: (20560,12593,59881,65535)  #5031E9FF  srgba(80,49,233,1)
13,10: (20560,13621,65278,65535)  #5035FEFF  srgba(80,53,254,1)
14,10: (20560,35209,33153,65535)  #508981FF  srgba(80,137,129,1)
15,10: (21074,4626,33410,65535)  #521282FF  srgba(82,18,130,1)
0,11: (22873,0,33153,65535)  #590081FF  srgba(89,0,129,1)
1,11: (23130,0,37008,65535)  #5A0090FF  srgba(90,0,144,1)
2,11: (24415,0,65278,65535)  #5F00FEFF  srgba(95,0,254,1)
3,11: (24672,4883,65278,65535)  #6013FEFF  srgba(96,19,254,1)
4,11: (24929,0,63993,65535)  #6100F9FF  srgba(97,0,249,1)
5,11: (25186,47802,50372,65535)  #62BAC4FF  srgba(98,186,196,1)
6,11: (26728,38293,54227,65535)  #6895D3FF  srgba(104,149,211,1)
7,11: (27499,3084,37522,65535)  #6B0C92FF  srgba(107,12,146,1)
8,11: (27756,0,37522,65535)  #6C0092FF  srgba(108,0,146,1)
9,11: (28527,13107,64250,65535)  #6F33FAFF  srgba(111,51,250,1)
10,11: (29041,0,65278,65535)  #7100FEFF  srgba(113,0,254,1)
11,11: (29041,26471,51914,65535)  #7167CAFF  srgba(113,103,202,1)
12,11: (29298,12593,59110,65535)  #7231E6FF  srgba(114,49,230,1)
13,11: (29555,13107,65278,65535)  #7333FEFF  srgba(115,51,254,1)
14,11: (29555,23387,30840,65535)  #735B78FF  srgba(115,91,120,1)
15,11: (29555,28784,65021,65535)  #7370FDFF  srgba(115,112,253,1)
0,12: (29812,2570,58853,65535)  #740AE5FF  srgba(116,10,229,1)
1,12: (30069,0,38293,65535)  #750095FF  srgba(117,0,149,1)
2,12: (30326,5654,64250,65535)  #7616FAFF  srgba(118,22,250,1)
3,12: (30583,5140,65278,65535)  #7714FEFF  srgba(119,20,254,1)
4,12: (31097,0,42148,65535)  #7900A4FF  srgba(121,0,164,1)
5,12: (31097,48316,62194,65535)  #79BCF2FF  srgba(121,188,242,1)
6,12: (31354,2056,44461,65535)  #7A08ADFF  srgba(122,8,173,1)
7,12: (31354,8481,45232,65535)  #7A21B0FF  srgba(122,33,176,1)
8,12: (31611,0,55512,65535)  #7B00D8FF  srgba(123,0,216,1)
9,12: (31868,22616,19275,65535)  #7C584BFF  srgba(124,88,75,1)
10,12: (32896,9252,33924,65535)  #802484FF  srgba(128,36,132,1)
11,12: (33667,16448,18504,65535)  #834048FF  srgba(131,64,72,1)
12,12: (33667,31611,31868,65535)  #837B7CFF  srgba(131,123,124,1)
13,12: (34181,50629,65278,65535)  #85C5FEFF  srgba(133,197,254,1)
14,12: (34438,0,63993,65535)  #8600F9FF  srgba(134,0,249,1)
15,12: (34438,27499,61937,65535)  #866BF1FF  srgba(134,107,241,1)
0,13: (34438,37522,64507,65535)  #8692FBFF  srgba(134,146,251,1)
1,13: (35209,0,65278,65535)  #8900FEFF  srgba(137,0,254,1)
2,13: (37008,3855,37779,65535)  #900F93FF  srgba(144,15,147,1)
3,13: (37265,12336,65278,65535)  #9130FEFF  srgba(145,48,254,1)
4,13: (39321,2570,65278,65535)  #990AFEFF  srgba(153,10,254,1)
5,13: (39578,29041,64764,65535)  #9A71FCFF  srgba(154,113,252,1)
6,13: (40092,1799,59110,65535)  #9C07E6FF  srgba(156,7,230,1)
7,13: (40092,11308,64250,65535)  #9C2CFAFF  srgba(156,44,250,1)
8,13: (40349,0,54741,65535)  #9D00D5FF  srgba(157,0,213,1)
9,13: (40349,9509,60652,65535)  #9D25ECFF  srgba(157,37,236,1)
10,13: (40606,0,41377,65535)  #9E00A1FF  srgba(158,0,161,1)
11,13: (40606,0,64507,65535)  #9E00FBFF  srgba(158,0,251,1)
12,13: (40606,4112,44461,65535)  #9E10ADFF  srgba(158,16,173,1)
13,13: (40863,4112,64250,65535)  #9F10FAFF  srgba(159,16,250,1)
14,13: (41634,0,65278,65535)  #A200FEFF  srgba(162,0,254,1)
15,13: (41634,7967,65278,65535)  #A21FFEFF  srgba(162,31,254,1)
0,14: (43947,12336,65278,65535)  #AB30FEFF  srgba(171,48,254,1)
1,14: (45489,0,64764,65535)  #B100FCFF  srgba(177,0,252,1)
2,14: (46003,2827,65278,65535)  #B30BFEFF  srgba(179,11,254,1)
3,14: (46260,0,65278,65535)  #B400FEFF  srgba(180,0,254,1)
4,14: (47031,29298,65021,65535)  #B772FDFF  srgba(183,114,253,1)
5,14: (47802,0,44975,65535)  #BA00AFFF  srgba(186,0,175,1)
6,14: (47802,29555,62965,65535)  #BA73F5FF  srgba(186,115,245,1)
7,14: (48573,3598,45489,65535)  #BD0EB1FF  srgba(189,14,177,1)
8,14: (49601,0,65278,65535)  #C100FEFF  srgba(193,0,254,1)
9,14: (49858,0,55769,65535)  #C200D9FF  srgba(194,0,217,1)
10,14: (50372,38036,63479,65535)  #C494F7FF  srgba(196,148,247,1)
11,14: (50629,9252,64250,65535)  #C524FAFF  srgba(197,36,250,1)
12,14: (50886,3084,64250,65535)  #C60CFAFF  srgba(198,12,250,1)
13,14: (51143,0,64764,65535)  #C700FCFF  srgba(199,0,252,1)
14,14: (51657,1799,65278,65535)  #C907FEFF  srgba(201,7,254,1)
15,14: (51657,51143,65021,65535)  #C9C7FDFF  srgba(201,199,253,1)
0,15: (52685,2570,60395,65535)  #CD0AEBFF  srgba(205,10,235,1)
1,15: (52685,9252,61680,65535)  #CD24F0FF  srgba(205,36,240,1)
2,15: (53199,39321,65278,65535)  #CF99FEFF  srgba(207,153,254,1)
3,15: (53456,0,65278,65535)  #D000FEFF  srgba(208,0,254,1)
4,15: (53456,5140,65278,65535)  #D014FEFF  srgba(208,20,254,1)
5,15: (53456,9509,65278,65535)  #D025FEFF  srgba(208,37,254,1)
6,15: (57054,0,65278,65535)  #DE00FEFF  srgba(222,0,254,1)
7,15: (57054,27499,65278,65535)  #DE6BFEFF  srgba(222,107,254,1)
8,15: (57311,1799,65278,65535)  #DF07FEFF  srgba(223,7,254,1)
9,15: (60138,0,64764,65535)  #EA00FCFF  srgba(234,0,252,1)
10,15: (60138,2827,64507,65535)  #EA0BFBFF  srgba(234,11,251,1)
11,15: (60395,8224,64250,65535)  #EB20FAFF  srgba(235,32,250,1)
12,15: (61937,0,65278,65535)  #F100FEFF  srgba(241,0,254,1)
13,15: (61937,6682,65278,65535)  #F11AFEFF  srgba(241,26,254,1)
14,15: (62708,1799,65278,65535)  #F407FEFF  srgba(244,7,254,1)
15,15: (0,65535,0,0)  #00FF0000  srgba(0,255,0,0)
