# ImageMagick pixel enumeration: 16,16,65535,srgba
0,0: (0,0,0,65535)  #000000FF  black
1,0: (0,0,1285,65535)  #000005FF  srgba(0,0,5,1)
2,0: (0,0,3598,65535)  #00000EFF  srgba(0,0,14,1)
3,0: (0,0,7967,65535)  #00001FFF  srgba(0,0,31,1)
4,0: (0,0,8995,65535)  #000023FF  srgba(0,0,35,1)
5,0: (0,0,12336,65535)  #000030FF  srgba(0,0,48,1)
6,0: (0,0,15677,65535)  #00003DFF  srgba(0,0,61,1)
7,0: (0,0,15934,65535)  #00003EFF  srgba(0,0,62,1)
8,0: (0,0,16191,65535)  #00003FFF  srgba(0,0,63,1)
9,0: (0,0,18504,65535)  #000048FF  srgba(0,0,72,1)
10,0: (0,0,19789,65535)  #00004DFF  srgba(0,0,77,1)
11,0: (0,0,21074,65535)  #000052FF  srgba(0,0,82,1)
12,0: (0,0,22359,65535)  #000057FF  srgba(0,0,87,1)
13,0: (0,0,23387,65535)  #00005BFF  srgba(0,0,91,1)
14,0: (0,0,24929,65535)  #000061FF  srgba(0,0,97,1)
15,0: (0,0,26471,65535)  #000067FF  srgba(0,0,103,1)
0,1: (0,0,27242,65535)  #00006AFF  srgba(0,0,106,1)
1,1: (0,0,28013,65535)  #00006DFF  srgba(0,0,109,1)
2,1: (0,257,32382,65535)  #00017EFF  srgba(0,1,126,1)
3,1: (0,514,29298,65535)  #000272FF  srgba(0,2,114,1)
4,1: (0,1028,30583,65535)  #000477FF  srgba(0,4,119,1)
5,1: (0,1799,0,65535)  #000700FF  srgba(0,7,0,1)
6,1: (0,2313,0,65535)  #000900FF  srgba(0,9,0,1)
7,1: (0,2570,4112,65535)  #000A10FF  srgba(0,10,16,1)
8,1: (0,2827,17219,65535)  #000B43FF  srgba(0,11,67,1)
9,1: (0,5397,17990,65535)  #001546FF  srgba(0,21,70,1)
10,1: (0,5397,27499,65535)  #00156BFF  srgba(0,21,107,1)
11,1: (0,5397,31868,65535)  #00157CFF  srgba(0,21,124,1)
12,1: (0,7967,2313,65535)  #001F09FF  srgba(0,31,9,1)
13,1: (0,7967,25957,65535)  #001F65FF  srgba(0,31,101,1)
14,1: (0,8224,0,65535)  #002000FF  srgba(0,32,0,1)
15,1: (0,9252,0,65535)  #002400FF  srgba(0,36,0,1)
0,2: (0,9509,9509,65535)  #002525FF  srgba(0,37,37,1)
1,2: (0,9509,17476,65535)  #002544FF  srgba(0,37,68,1)
2,2: (0,9766,2570,65535)  #00260AFF  srgba(0,38,10,1)
3,2: (0,10537,0,65535)  #002900FF  srgba(0,41,0,1)
4,2: (0,10794,18247,65535)  #002A47FF  srgba(0,42,71,1)
5,2: (0,16705,0,65535)  #004100FF  srgba(0,65,0,1)
6,2: (0,18247,21588,65535)  #004754FF  srgba(0,71,84,1)
7,2: (0,18504,14649,65535)  #004839FF  srgba(0,72,57,1)
8,2: (0,18504,28527,65535)  #00486FFF  srgba(0,72,111,1)
9,2: (0,19018,6939,65535)  #004A1BFF  srgba(0,74,27,1)
10,2: (0,19789,0,65535)  #004D00FF  srgba(0,77,0,1)
11,2: (0,22359,0,65535)  #005700FF  srgba(0,87,0,1)
12,2: (0,27499,0,65535)  #006B00FF  srgba(0,107,0,1)
13,2: (0,28270,0,65535)  #006E00FF  srgba(0,110,0,1)
14,2: (0,30069,9509,65535)  #007525FF  srgba(0,117,37,1)
15,2: (0,30326,15677,65535)  #00763DFF  srgba(0,118,61,1)
0,3: (0,30326,28270,65535)  #00766EFF  srgba(0,118,110,1)
1,3: (0,30583,20817,65535)  #007751FF  srgba(0,119,81,1)
2,3: (0,30583,27756,65535)  #00776CFF  srgba(0,119,108,1)
3,3: (0,32125,0,65535)  #007D00FF  srgba(0,125,0,1)
4,3: (0,32382,0,65535)  #007E00FF  srgba(0,126,0,1)
5,3: (0,32639,24672,65535)  #007F60FF  srgba(0,127,96,1)
6,3: (0,33924,9252,65535)  #008424FF  srgba(0,132,36,1)
7,3: (0,35723,514,65535)  #008B02FF  srgba(0,139,2,1)
8,3: (257,0,771,65535)  #010003FF  srgba(1,0,3,1)
9,3: (257,2056,1028,65535)  #010804FF  srgba(1,8,4,1)
10,3: (257,20303,257,65535)  #014F01FF  srgba(1,79,1,1)
11,3: (257,46774,771,65535)  #01B603FF  srgba(1,182,3,1)
12,3: (514,19018,25700,65535)  #024A64FF  srgba(2,74,100,1)
13,3: (514,28013,257,65535)  #026D01FF  srgba(2,109,1,1)
14,3: (771,0,10023,65535)  #030027FF  srgba(3,0,39,1)
15,3: (771,0,17219,65535)  #030043FF  srgba(3,0,67,1)
0,4: (1028,32125,257,65535)  #047D01FF  srgba(4,125,1,1)
1,4: (1028,47031,65278,65535)  #04B7FEFF  srgba(4,183,254,1)
2,4: (1285,0,1028,65535)  #050004FF  srgba(5,0,4,1)
3,4: (1285,0,26985,65535)  #050069FF  srgba(5,0,105,1)
4,4: (1799,0,1542,65535)  #070006FF  srgba(7,0,6,1)
5,4: (1799,6939,1799,65535)  #071B07FF  srgba(7,27,7,1)
6,4: (1799,19275,1028,65535)  #074B04FF  srgba(7,75,4,1)
7,4: (1799,19789,9509,65535)  #074D25FF  srgba(7,77,37,1)
8,4: (2056,3341,28784,65535)  #080D70FF  srgba(8,13,112,1)
9,4: (2313,0,31354,65535)  #09007AFF  srgba(9,0,122,1)
10,4: (2570,3084,24672,65535)  #0A0C60FF  srgba(10,12,96,1)
11,4: (2570,3598,17733,65535)  #0A0E45FF  srgba(10,14,69,1)
12,4: (2570,3855,9766,65535)  #0A0F26FF  srgba(10,15,38,1)
13,4: (3341,29298,13364,65535)  #0D7234FF  srgba(13,114,52,1)
14,4: (3855,0,22359,65535)  #0F0057FF  srgba(15,0,87,1)
15,4: (4112,44461,1028,65535)  #10AD04FF  srgba(16,173,4,1)
0,5: (4112,60909,0,65535)  #10ED00FF  srgba(16,237,0,1)
1,5: (4369,32896,42405,65535)  #1180A5FF  srgba(17,128,165,1)
2,5: (4369,42148,10280,65535)  #11A428FF  srgba(17,164,40,1)
3,5: (4626,43690,6168,65535)  #12AA18FF  srgba(18,170,24,1)
4,5: (5140,47288,64764,65535)  #14B8FCFF  srgba(20,184,252,1)
5,5: (5911,0,771,65535)  #170003FF  srgba(23,0,3,1)
6,5: (6168,5654,34438,65535)  #181686FF  srgba(24,22,134,1)
7,5: (6425,3341,30840,65535)  #190D78FF  srgba(25,13,120,1)
8,5: (6425,35209,9509,65535)  #198925FF  srgba(25,137,37,1)
9,5: (6682,30840,60138,65535)  #1A78EAFF  srgba(26,120,234,1)
10,5: (7196,19275,25443,65535)  #1C4B63FF  srgba(28,75,99,1)
11,5: (7967,42148,23130,65535)  #1FA45AFF  srgba(31,164,90,1)
12,5: (8481,30326,28270,65535)  #21766EFF  srgba(33,118,110,1)
13,5: (8481,56540,5397,65535)  #21DC15FF  srgba(33,220,21,1)
14,5: (8738,33924,26728,65535)  #228468FF  srgba(34,132,104,1)
15,5: (8995,58082,65278,65535)  #23E2FEFF  srgba(35,226,254,1)
0,6: (9509,38807,63222,65535)  #2597F6FF  srgba(37,151,246,1)
1,6: (9509,48059,65278,65535)  #25BBFEFF  srgba(37,187,254,1)
2,6: (9766,19275,10794,65535)  #264B2AFF  srgba(38,75,42,1)
3,6: (9766,59110,65021,65535)  #26E6FDFF  srgba(38,230,253,1)
4,6: (10023,46260,47031,65535)  #27B4B7FF  srgba(39,180,183,1)
5,6: (10280,8481,1799,65535)  #282107FF  srgba(40,33,7,1)
6,6: (10280,19789,42148,65535)  #284DA4FF  srgba(40,77,164,1)
7,6: (10537,2570,28784,65535)  #290A70FF  srgba(41,10,112,1)
8,6: (10794,1542,1285,65535)  #2A0605FF  srgba(42,6,5,1)
9,6: (11051,0,514,65535)  #2B0002FF  srgba(43,0,2,1)
10,6: (11051,28270,257,65535)  #2B6E01FF  srgba(43,110,1,1)
11,6: (11565,2570,24158,65535)  #2D0A5EFF  srgba(45,10,94,1)
12,6: (11822,4626,9766,65535)  #2E1226FF  srgba(46,18,38,1)
13,6: (11822,56283,21588,65535)  #2EDB54FF  srgba(46,219,84,1)
14,6: (12079,3598,17733,65535)  #2F0E45FF  srgba(47,14,69,1)
15,6: (12336,0,29298,65535)  #300072FF  srgba(48,0,114,1)
0,7: (12593,0,771,65535)  #310003FF  srgba(49,0,3,1)
1,7: (12850,32125,257,65535)  #327D01FF  srgba(50,125,1,1)
2,7: (12850,47288,61680,65535)  #32B8F0FF  srgba(50,184,240,1)
3,7: (12850,63993,514,65535)  #32F902FF  srgba(50,249,2,1)
4,7: (13107,0,23387,65535)  #33005BFF  srgba(51,0,91,1)
5,7: (13364,59624,64507,65535)  #34E8FBFF  srgba(52,232,251,1)
6,7: (13621,0,17476,65535)  #350044FF  srgba(53,0,68,1)
7,7: (13878,57568,10537,65535)  #36E029FF  srgba(54,224,41,1)
8,7: (14135,43176,771,65535)  #37A803FF  srgba(55,168,3,1)
9,7: (14135,57568,57825,65535)  #37E0E1FF  srgba(55,224,225,1)
10,7: (14392,0,10280,65535)  #380028FF  srgba(56,0,40,1)
11,7: (14392,19275,514,65535)  #384B02FF  srgba(56,75,2,1)
12,7: (15420,29812,14649,65535)  #3C7439FF  srgba(60,116,57,1)
13,7: (15420,32896,44975,65535)  #3C80AFFF  srgba(60,128,175,1)
14,7: (15677,59881,63736,65535)  #3DE9F8FF  srgba(61,233,248,1)
15,7: (17476,18504,24672,65535)  #444860FF  srgba(68,72,96,1)
0,8: (17733,62708,65021,65535)  #45F4FDFF  srgba(69,244,253,1)
1,8: (17990,62451,65278,65535)  #46F3FEFF  srgba(70,243,254,1)
2,8: (17990,65021,65278,65535)  #46FDFEFF  srgba(70,253,254,1)
3,8: (18504,18761,11308,65535)  #48492CFF  srgba(72,73,44,1)
4,8: (18504,29555,60909,65535)  #4873EDFF  srgba(72,115,237,1)
5,8: (18761,65021,64764,65535)  #49FDFCFF  srgba(73,253,252,1)
6,8: (20046,0,771,65535)  #4E0003FF  srgba(78,0,3,1)
7,8: (20560,64250,5911,65535)  #50FA17FF  srgba(80,250,23,1)
8,8: (21588,5911,1285,65535)  #541705FF  srgba(84,23,5,1)
9,8: (22102,0,771,65535)  #560003FF  srgba(86,0,3,1)
10,8: (22616,0,29298,65535)  #580072FF  srgba(88,0,114,1)
11,8: (23130,0,23387,65535)  #5A005BFF  srgba(90,0,91,1)
12,8: (23387,3598,22102,65535)  #5B0E56FF  srgba(91,14,86,1)
13,8: (23387,4112,26985,65535)  #5B1069FF  srgba(91,16,105,1)
14,8: (23644,4626,32125,65535)  #5C127DFF  srgba(92,18,125,1)
15,8: (23901,257,13107,65535)  #5D0133FF  srgba(93,1,51,1)
0,9: (24158,0,9766,65535)  #5E0026FF  srgba(94,0,38,1)
1,9: (24415,0,16705,65535)  #5F0041FF  srgba(95,0,65,1)
2,9: (24415,7710,13107,65535)  #5F1E33FF  srgba(95,30,51,1)
3,9: (25186,63993,9252,65535)  #62F924FF  srgba(98,249,36,1)
4,9: (25700,0,771,65535)  #640003FF  srgba(100,0,3,1)
5,9: (26214,64764,64764,65535)  #66FCFCFF  srgba(102,252,252,1)
6,9: (27499,19532,6682,65535)  #6B4C1AFF  srgba(107,76,26,1)
7,9: (27499,47802,63736,65535)  #6BBAF8FF  srgba(107,186,248,1)
8,9: (28013,20303,0,65535)  #6D4F00FF  srgba(109,79,0,1)
9,9: (28013,58596,64507,65535)  #6DE4FBFF  srgba(109,228,251,1)
10,9: (29041,34695,62194,65535)  #7187F2FF  srgba(113,135,242,1)
11,9: (29298,22102,37522,65535)  #725692FF  srgba(114,86,146,1)
12,9: (29298,26985,27756,65535)  #72696CFF  srgba(114,105,108,1)
13,9: (29555,6939,1799,65535)  #731B07FF  srgba(115,27,7,1)
14,9: (29555,24672,59367,65535)  #7360E7FF  srgba(115,96,231,1)
15,9: (29812,65021,20817,65535)  #74FD51FF  srgba(116,253,81,1)
0,10: (30326,27242,24672,65535)  #766A60FF  srgba(118,106,96,1)
1,10: (30840,20560,18247,65535)  #785047FF  srgba(120,80,71,1)
2,10: (31097,0,771,65535)  #790003FF  srgba(121,0,3,1)
3,10: (31097,31097,18761,65535)  #797949FF  srgba(121,121,73,1)
4,10: (31354,38550,2570,65535)  #7A960AFF  srgba(122,150,10,1)
5,10: (31611,0,26728,65535)  #7B0068FF  srgba(123,0,104,1)
6,10: (31868,0,257,65535)  #7C0001FF  srgba(124,0,1,1)
7,10: (32125,0,6425,65535)  #7D0019FF  srgba(125,0,25,1)
8,10: (32125,0,18761,65535)  #7D0049FF  srgba(125,0,73,1)
9,10: (32382,0,12850,65535)  #7E0032FF  srgba(126,0,50,1)
10,10: (32639,50886,19275,65535)  #7FC64BFF  srgba(127,198,75,1)
11,10: (32896,34952,20303,65535)  #80884FFF  srgba(128,136,79,1)
12,10: (33410,1799,13364,65535)  #820734FF  srgba(130,7,52,1)
13,10: (34181,29555,1799,65535)  #857307FF  srgba(133,115,7,1)
14,10: (34181,32639,1028,65535)  #857F04FF  srgba(133,127,4,1)
15,10: (34695,41634,34438,65535)  #87A286FF  srgba(135,162,134,1)
0,11: (35980,20560,4112,65535)  #8C5010FF  srgba(140,80,16,1)
1,11: (35980,21331,0,65535)  #8C5300FF  srgba(140,83,0,1)
2,11: (36237,2570,21845,65535)  #8D0A55FF  srgba(141,10,85,1)
3,11: (36237,5140,30583,65535)  #8D1477FF  srgba(141,20,119,1)
4,11: (36237,65021,25443,65535)  #8DFD63FF  srgba(141,253,99,1)
5,11: (36494,0,1028,65535)  #8E0004FF  srgba(142,0,4,1)
6,11: (36751,3341,25443,65535)  #8F0D63FF  srgba(143,13,99,1)
7,11: (37008,0,257,65535)  #900001FF  srgba(144,0,1,1)
8,11: (37008,6939,771,65535)  #901B03FF  srgba(144,27,3,1)
9,11: (37265,62451,8224,65535)  #91F320FF  srgba(145,243,32,1)
10,11: (37779,0,10023,65535)  #930027FF  srgba(147,0,39,1)
11,11: (38293,64764,65278,65535)  #95FCFEFF  srgba(149,252,254,1)
12,11: (38807,0,26728,65535)  #970068FF  srgba(151,0,104,1)
13,11: (40349,0,0,65535)  #9D0000FF  srgba(157,0,0,1)
14,11: (40606,0,18504,65535)  #9E0048FF  srgba(158,0,72,1)
15,11: (40606,64764,62965,65535)  #9EFCF5FF  srgba(158,252,245,1)
0,12: (40863,25700,19275,65535)  #9F644BFF  srgba(159,100,75,1)
1,12: (41120,28013,26471,65535)  #A06D67FF  srgba(160,109,103,1)
2,12: (41377,1542,257,65535)  #A10601FF  srgba(161,6,1,1)
3,12: (41634,2570,13107,65535)  #A20A33FF  srgba(162,10,51,1)
4,12: (42919,0,11051,65535)  #A7002BFF  srgba(167,0,43,1)
5,12: (43176,31611,514,65535)  #A87B02FF  srgba(168,123,2,1)
6,12: (43176,47288,62965,65535)  #A8B8F5FF  srgba(168,184,245,1)
7,12: (43690,22616,3084,65535)  #AA580CFF  srgba(170,88,12,1)
8,12: (44204,24158,60138,65535)  #AC5EEAFF  srgba(172,94,234,1)
9,12: (44204,33924,63479,65535)  #AC84F7FF  srgba(172,132,247,1)
10,12: (44975,23130,36494,65535)  #AF5A8EFF  srgba(175,90,142,1)
11,12: (45232,0,0,65535)  #B00000FF  srgba(176,0,0,1)
12,12: (45232,5397,771,65535)  #B01503FF  srgba(176,21,3,1)
13,12: (47031,64764,39064,65535)  #B7FC98FF  srgba(183,252,152,1)
14,12: (48316,35209,3084,65535)  #BC890CFF  srgba(188,137,12,1)
15,12: (49858,58596,62194,65535)  #C2E4F2FF  srgba(194,228,242,1)
0,13: (50886,44718,4112,65535)  #C6AE10FF  srgba(198,174,16,1)
1,13: (52942,64764,26985,65535)  #CEFC69FF  srgba(206,252,105,1)
2,13: (57311,44204,19789,65535)  #DFAC4DFF  srgba(223,172,77,1)
3,13: (57311,63222,62965,65535)  #DFF6F5FF  srgba(223,246,245,1)
4,13: (57568,20046,4369,65535)  #E04E11FF  srgba(224,78,17,1)
5,13: (57568,49858,38036,65535)  #E0C294FF  srgba(224,194,148,1)
6,13: (59367,29298,3855,65535)  #E7720FFF  srgba(231,114,15,1)
7,13: (59881,59881,59881,65535)  #E9E9E9FF  srgba(233,233,233,1)
8,13: (60909,62451,60652,65535)  #EDF3ECFF  srgba(237,243,236,1)
9,13: (61423,43947,4883,65535)  #EFAB13FF  srgba(239,171,19,1)
10,13: (61423,48059,64764,65535)  #EFBBFCFF  srgba(239,187,252,1)
11,13: (61680,63222,51400,65535)  #F0F6C8FF  srgba(240,246,200,1)
12,13: (61937,25700,18504,65535)  #F16448FF  srgba(241,100,72,1)
13,13: (61937,60652,59367,65535)  #F1ECE7FF  srgba(241,236,231,1)
14,13: (62194,29041,60395,65535)  #F271EBFF  srgba(242,113,235,1)
15,13: (62194,50115,57311,65535)  #F2C3DFFF  srgba(242,195,223,1)
0,14: (62194,63993,39835,65535)  #F2F99BFF  srgba(242,249,155,1)
1,14: (62708,25957,34695,65535)  #F46587FF  srgba(244,101,135,1)
2,14: (62965,57825,8995,65535)  #F5E123FF  srgba(245,225,35,1)
3,14: (63222,38550,62194,65535)  #F696F2FF  srgba(246,150,242,1)
4,14: (63479,47545,35980,65535)  #F7B98CFF  srgba(247,185,140,1)
5,14: (63479,59624,38293,65535)  #F7E895FF  srgba(247,232,149,1)
6,14: (63736,52171,18761,65535)  #F8CB49FF  srgba(248,203,73,1)
7,14: (63993,40863,3341,65535)  #F99F0DFF  srgba(249,159,13,1)
8,14: (63993,50115,5911,65535)  #F9C317FF  srgba(249,195,23,1)
9,14: (63993,63736,37008,65535)  #F9F890FF  srgba(249,248,144,1)
10,14: (64250,64250,23130,65535)  #FAFA5AFF  srgba(250,250,90,1)
11,14: (64507,58596,10280,65535)  #FBE428FF  srgba(251,228,40,1)
12,14: (64764,60909,11822,65535)  #FCED2EFF  srgba(252,237,46,1)
13,14: (64764,63736,14135,65535)  #FCF837FF  srgba(252,248,55,1)
14,14: (65021,26985,4112,65535)  #FD6910FF  srgba(253,105,16,1)
15,14: (65021,46517,3855,65535)  #FDB50FFF  srgba(253,181,15,1)
0,15: (65021,61166,12079,65535)  #FDEE2FFF  srgba(253,238,47,1)
1,15: (65278,32639,3084,65535)  #FE7F0CFF  srgba(254,127,12,1)
2,15: (65278,38036,3084,65535)  #FE940CFF  srgba(254,148,12,1)
3,15: (65278,42919,38807,65535)  #FEA797FF  srgba(254,167,151,1)
4,15: (65278,44204,24929,65535)  #FEAC61FF  srgba(254,172,97,1)
5,15: (65278,49858,7196,65535)  #FEC21CFF  srgba(254,194,28,1)
6,15: (65278,52428,16191,65535)  #FECC3FFF  srgba(254,204,63,1)
7,15: (65278,59110,11051,65535)  #FEE62BFF  srgba(254,230,43,1)
8,15: (65278,59367,30840,65535)  #FEE778FF  srgba(254,231,120,1)
9,15: (65278,61423,14649,65535)  #FEEF39FF  srgba(254,239,57,1)
10,15: (65278,62708,12850,65535)  #FEF432FF  srgba(254,244,50,1)
11,15: (65278,63479,29298,65535)  #FEF772FF  srgba(254,247,114,1)
12,15: (65278,63736,13878,65535)  #FEF836FF  srgba(254,248,54,1)
13,15: (65278,63993,15934,65535)  #FEF93EFF  srgba(254,249,62,1)
14,15: (65278,64250,14392,65535)  #FEFA38FF  srgba(254,250,56,1)
15,15: (0,65535,0,0)  #00FF0000  srgba(0,255,0,0)
