# ImageMagick pixel enumeration: 16,16,65535,srgba
0,0: (257,0,514,65535)  #010002FF  srgba(1,0,2,1)
1,0: (771,0,1028,65535)  #030004FF  srgba(3,0,4,1)
2,0: (1542,257,1542,65535)  #060106FF  srgba(6,1,6,1)
3,0: (3341,1799,3341,65535)  #0D070DFF  srgba(13,7,13,1)
4,0: (3855,61937,0,65535)  #0FF100FF  srgba(15,241,0,1)
5,0: (3855,62965,0,65535)  #0FF500FF  srgba(15,245,0,1)
6,0: (3855,63993,0,65535)  #0FF900FF  srgba(15,249,0,1)
7,0: (4626,60652,0,65535)  #12EC00FF  srgba(18,236,0,1)
8,0: (4626,64507,257,65535)  #12FB01FF  srgba(18,251,1,1)
9,0: (5397,8481,5140,65535)  #152114FF  srgba(21,33,20,1)
10,0: (5911,65021,0,65535)  #17FD00FF  srgba(23,253,0,1)
11,0: (6682,63736,2056,65535)  #1AF808FF  srgba(26,248,8,1)
12,0: (6939,50115,62194,65535)  #1BC3F2FF  srgba(27,195,242,1)
13,0: (6939,54741,43947,65535)  #1BD5ABFF  srgba(27,213,171,1)
14,0: (6939,64250,0,65535)  #1BFA00FF  srgba(27,250,0,1)
15,0: (7196,54741,52942,65535)  #1CD5CEFF  srgba(28,213,206,1)
0,1: (7710,31868,0,65535)  #1E7C00FF  srgba(30,124,0,1)
1,1: (7967,63479,12850,65535)  #1FF732FF  srgba(31,247,50,1)
2,1: (8481,65021,0,65535)  #21FD00FF  srgba(33,253,0,1)
3,1: (8738,57825,61937,65535)  #22E1F1FF  srgba(34,225,241,1)
4,1: (9252,63993,257,65535)  #24F901FF  srgba(36,249,1,1)
5,1: (9509,33410,5654,65535)  #258216FF  srgba(37,130,22,1)
6,1: (9766,23130,6425,65535)  #265A19FF  srgba(38,90,25,1)
7,1: (9766,63736,28527,65535)  #26F86FFF  srgba(38,248,111,1)
8,1: (10280,8738,20560,65535)  #282250FF  srgba(40,34,80,1)
9,1: (10537,10023,31354,65535)  #29277AFF  srgba(41,39,122,1)
10,1: (10537,49601,12593,65535)  #29C131FF  srgba(41,193,49,1)
11,1: (10794,48316,2313,65535)  #2ABC09FF  srgba(42,188,9,1)
12,1: (11051,36494,40606,65535)  #2B8E9EFF  srgba(43,142,158,1)
13,1: (11308,41891,58339,65535)  #2CA3E3FF  srgba(44,163,227,1)
14,1: (11565,23387,40092,65535)  #2D5B9CFF  srgba(45,91,156,1)
15,1: (11822,23901,29041,65535)  #2E5D71FF  srgba(46,93,113,1)
0,2: (11822,24415,55512,65535)  #2E5FD8FF  srgba(46,95,216,1)
1,2: (12079,771,30840,65535)  #2F0378FF  srgba(47,3,120,1)
2,2: (12079,54484,28784,65535)  #2FD470FF  srgba(47,212,112,1)
3,2: (12336,34181,57568,65535)  #3085E0FF  srgba(48,133,224,1)
4,2: (12593,4883,49858,65535)  #3113C2FF  srgba(49,19,194,1)
5,2: (12593,33410,30069,65535)  #318275FF  srgba(49,130,117,1)
6,2: (12850,257,20560,65535)  #320150FF  srgba(50,1,80,1)
7,2: (12850,9509,38807,65535)  #322597FF  srgba(50,37,151,1)
8,2: (12850,44204,30583,65535)  #32AC77FF  srgba(50,172,119,1)
9,2: (13107,64764,46003,65535)  #33FCB3FF  srgba(51,252,179,1)
10,2: (13621,11565,6682,65535)  #352D1AFF  srgba(53,45,26,1)
11,2: (13878,771,46260,65535)  #3603B4FF  srgba(54,3,180,1)
12,2: (14135,0,20303,65535)  #37004FFF  srgba(55,0,79,1)
13,2: (14135,0,20303,65535)  #37004FFF  srgba(55,0,79,1)
14,2: (14135,0,30840,65535)  #370078FF  srgba(55,0,120,1)
15,2: (14135,0,30840,65535)  #370078FF  srgba(55,0,120,1)
0,3: (14135,257,39578,65535)  #37019AFF  srgba(55,1,154,1)
1,3: (14392,0,44204,65535)  #3800ACFF  srgba(56,0,172,1)
2,3: (14392,257,42919,65535)  #3801A7FF  srgba(56,1,167,1)
3,3: (14392,257,45232,65535)  #3801B0FF  srgba(56,1,176,1)
4,3: (14392,1028,9252,65535)  #380424FF  srgba(56,4,36,1)
5,3: (14392,64764,56540,65535)  #38FCDCFF  srgba(56,252,220,1)
6,3: (14649,0,40092,65535)  #39009CFF  srgba(57,0,156,1)
7,3: (14649,0,40092,65535)  #39009CFF  srgba(57,0,156,1)
8,3: (14906,0,10537,65535)  #3A0029FF  srgba(58,0,41,1)
9,3: (15420,51400,0,65535)  #3CC800FF  srgba(60,200,0,1)
10,3: (15934,62965,2570,65535)  #3EF50AFF  srgba(62,245,10,1)
11,3: (16191,59624,0,65535)  #3FE800FF  srgba(63,232,0,1)
12,3: (17219,65021,64507,65535)  #43FDFBFF  srgba(67,253,251,1)
13,3: (17476,63222,13107,65535)  #44F633FF  srgba(68,246,51,1)
14,3: (17990,65021,58853,65535)  #46FDE5FF  srgba(70,253,229,1)
15,3: (18761,53199,52685,65535)  #49CFCDFF  srgba(73,207,205,1)
0,4: (18761,57825,62194,65535)  #49E1F2FF  srgba(73,225,242,1)
1,4: (18761,63479,28784,65535)  #49F770FF  srgba(73,247,112,1)
2,4: (18761,64764,48830,65535)  #49FCBEFF  srgba(73,252,190,1)
3,4: (19018,22359,7453,65535)  #4A571DFF  srgba(74,87,29,1)
4,4: (19018,32896,6939,65535)  #4A801BFF  srgba(74,128,27,1)
5,4: (19018,52942,43433,65535)  #4ACEA9FF  srgba(74,206,169,1)
6,4: (19275,49344,62194,65535)  #4BC0F2FF  srgba(75,192,242,1)
7,4: (19532,0,31354,65535)  #4C007AFF  srgba(76,0,122,1)
8,4: (19532,31611,0,65535)  #4C7B00FF  srgba(76,123,0,1)
9,4: (20046,0,42148,65535)  #4E00A4FF  srgba(78,0,164,1)
10,4: (20303,23130,40606,65535)  #4F5A9EFF  srgba(79,90,158,1)
11,4: (20560,0,20046,65535)  #50004EFF  srgba(80,0,78,1)
12,4: (20560,0,39064,65535)  #500098FF  srgba(80,0,152,1)
13,4: (20560,0,40092,65535)  #50009CFF  srgba(80,0,156,1)
14,4: (20817,37008,41634,65535)  #5190A2FF  srgba(81,144,162,1)
15,4: (20817,49858,2570,65535)  #51C20AFF  srgba(81,194,10,1)
0,5: (20817,49858,13107,65535)  #51C233FF  srgba(81,194,51,1)
1,5: (21074,23387,30069,65535)  #525B75FF  srgba(82,91,117,1)
2,5: (21074,33667,29812,65535)  #528374FF  srgba(82,131,116,1)
3,5: (21588,11822,31868,65535)  #542E7CFF  srgba(84,46,124,1)
4,5: (21588,41634,58082,65535)  #54A2E2FF  srgba(84,162,226,1)
5,5: (21588,43690,29555,65535)  #54AA73FF  srgba(84,170,115,1)
6,5: (21588,54227,28270,65535)  #54D36EFF  srgba(84,211,110,1)
7,5: (22359,29812,57825,65535)  #5774E1FF  srgba(87,116,225,1)
8,5: (23644,0,41891,65535)  #5C00A3FF  srgba(92,0,163,1)
9,5: (24158,0,43947,65535)  #5E00ABFF  srgba(94,0,171,1)
10,5: (24672,0,20046,65535)  #60004EFF  srgba(96,0,78,1)
11,5: (24929,0,43176,65535)  #6100A8FF  srgba(97,0,168,1)
12,5: (24929,2056,31611,65535)  #61087BFF  srgba(97,8,123,1)
13,5: (25186,1542,44461,65535)  #6206ADFF  srgba(98,6,173,1)
14,5: (25186,2827,38550,65535)  #620B96FF  srgba(98,11,150,1)
15,5: (25186,3855,20560,65535)  #620F50FF  srgba(98,15,80,1)
0,6: (25186,12593,20817,65535)  #623151FF  srgba(98,49,81,1)
1,6: (25700,1285,45489,65535)  #6405B1FF  srgba(100,5,177,1)
2,6: (25700,6425,42405,65535)  #6419A5FF  srgba(100,25,165,1)
3,6: (25700,11822,38293,65535)  #642E95FF  srgba(100,46,149,1)
4,6: (25957,4112,47545,65535)  #6510B9FF  srgba(101,16,185,1)
5,6: (25957,8995,52685,65535)  #6523CDFF  srgba(101,35,205,1)
6,6: (26214,1542,8481,65535)  #660621FF  srgba(102,6,33,1)
7,6: (26214,11308,9766,65535)  #662C26FF  srgba(102,44,38,1)
8,6: (26471,0,13364,65535)  #670034FF  srgba(103,0,52,1)
9,6: (26728,0,8224,65535)  #680020FF  srgba(104,0,32,1)
10,6: (26985,12079,2313,65535)  #692F09FF  srgba(105,47,9,1)
11,6: (28527,0,31611,65535)  #6F007BFF  srgba(111,0,123,1)
12,6: (28784,0,38807,65535)  #700097FF  srgba(112,0,151,1)
13,6: (29041,0,19789,65535)  #71004DFF  srgba(113,0,77,1)
14,6: (29041,0,42148,65535)  #7100A4FF  srgba(113,0,164,1)
15,6: (29298,58853,3084,65535)  #72E50CFF  srgba(114,229,12,1)
0,7: (29555,0,40092,65535)  #73009CFF  srgba(115,0,156,1)
1,7: (30069,11822,31868,65535)  #752E7CFF  srgba(117,46,124,1)
2,7: (30069,56797,27242,65535)  #75DD6AFF  srgba(117,221,106,1)
3,7: (30583,22873,3855,65535)  #77590FFF  srgba(119,89,15,1)
4,7: (30583,34181,3084,65535)  #77850CFF  srgba(119,133,12,1)
5,7: (30583,47031,8738,65535)  #77B722FF  srgba(119,183,34,1)
6,7: (30583,47802,514,65535)  #77BA02FF  srgba(119,186,2,1)
7,7: (30583,61937,61166,65535)  #77F1EEFF  srgba(119,241,238,1)
8,7: (30840,45489,24672,65535)  #78B160FF  srgba(120,177,96,1)
9,7: (31097,34695,59367,65535)  #7987E7FF  srgba(121,135,231,1)
10,7: (31354,24672,40092,65535)  #7A609CFF  srgba(122,96,156,1)
11,7: (31354,59624,46003,65535)  #7AE8B3FF  srgba(122,232,179,1)
12,7: (31611,44718,32125,65535)  #7BAE7DFF  srgba(123,174,125,1)
13,7: (31868,51143,61423,65535)  #7CC7EFFF  srgba(124,199,239,1)
14,7: (32125,23387,19532,65535)  #7D5B4CFF  srgba(125,91,76,1)
15,7: (32382,48059,45489,65535)  #7EBBB1FF  srgba(126,187,177,1)
0,8: (32639,33924,19532,65535)  #7F844CFF  srgba(127,132,76,1)
1,8: (32639,42405,60652,65535)  #7FA5ECFF  srgba(127,165,236,1)
2,8: (33153,41120,50629,65535)  #81A0C5FF  srgba(129,160,197,1)
3,8: (33410,24158,32125,65535)  #825E7DFF  srgba(130,94,125,1)
4,8: (33410,34952,31868,65535)  #82887CFF  srgba(130,136,124,1)
5,8: (33410,41377,40863,65535)  #82A19FFF  srgba(130,161,159,1)
6,8: (33924,27756,60138,65535)  #846CEAFF  srgba(132,108,234,1)
7,8: (34438,26471,50372,65535)  #8667C4FF  srgba(134,103,196,1)
8,8: (35466,34181,41120,65535)  #8A85A0FF  srgba(138,133,160,1)
9,8: (35466,34438,48316,65535)  #8A86BCFF  srgba(138,134,188,1)
10,8: (37522,0,35723,65535)  #92008BFF  srgba(146,0,139,1)
11,8: (37779,0,20817,65535)  #930051FF  srgba(147,0,81,1)
12,8: (37779,34181,58339,65535)  #9385E3FF  srgba(147,133,227,1)
13,8: (38036,0,41120,65535)  #9400A0FF  srgba(148,0,160,1)
14,8: (38036,4369,35209,65535)  #941189FF  srgba(148,17,137,1)
15,8: (38807,13878,34952,65535)  #973688FF  srgba(151,54,136,1)
0,9: (38807,26471,40349,65535)  #97679DFF  srgba(151,103,157,1)
1,9: (39321,57825,3855,65535)  #99E10FFF  srgba(153,225,15,1)
2,9: (40349,56540,27242,65535)  #9DDC6AFF  srgba(157,220,106,1)
3,9: (40606,46260,8995,65535)  #9EB423FF  srgba(158,180,35,1)
4,9: (40606,47288,514,65535)  #9EB802FF  srgba(158,184,2,1)
5,9: (40863,0,7196,65535)  #9F001CFF  srgba(159,0,28,1)
6,9: (41120,11308,8738,65535)  #A02C22FF  srgba(160,44,34,1)
7,9: (41120,44975,29041,65535)  #A0AF71FF  srgba(160,175,113,1)
8,9: (41377,257,21331,65535)  #A10153FF  srgba(161,1,83,1)
9,9: (41377,1028,8481,65535)  #A10421FF  srgba(161,4,33,1)
10,9: (41377,5654,22359,65535)  #A11657FF  srgba(161,22,87,1)
11,9: (41377,8995,50372,65535)  #A123C4FF  srgba(161,35,196,1)
12,9: (41377,12079,1799,65535)  #A12F07FF  srgba(161,47,7,1)
13,9: (41377,13621,22359,65535)  #A13557FF  srgba(161,53,87,1)
14,9: (41634,0,41377,65535)  #A200A1FF  srgba(162,0,161,1)
15,9: (41634,0,41377,65535)  #A200A1FF  srgba(162,0,161,1)
0,10: (41634,0,43176,65535)  #A200A8FF  srgba(162,0,168,1)
1,10: (41891,0,12593,65535)  #A30031FF  srgba(163,0,49,1)
2,10: (41891,0,43690,65535)  #A300AAFF  srgba(163,0,170,1)
3,10: (41891,2056,43433,65535)  #A308A9FF  srgba(163,8,169,1)
4,10: (41891,7710,40863,65535)  #A31E9FFF  srgba(163,30,159,1)
5,10: (42148,1542,44975,65535)  #A406AFFF  srgba(164,6,175,1)
6,10: (42148,23387,3341,65535)  #A45B0DFF  srgba(164,91,13,1)
7,10: (42148,32639,43176,65535)  #A47FA8FF  srgba(164,127,168,1)
8,10: (42148,34695,3084,65535)  #A4870CFF  srgba(164,135,12,1)
9,10: (42405,0,44975,65535)  #A500AFFF  srgba(165,0,175,1)
10,10: (42662,1285,46260,65535)  #A605B4FF  srgba(166,5,180,1)
11,10: (42919,0,48830,65535)  #A700BEFF  srgba(167,0,190,1)
12,10: (42919,29041,56283,65535)  #A771DBFF  srgba(167,113,219,1)
13,10: (42919,35980,43947,65535)  #A78CABFF  srgba(167,140,171,1)
14,10: (42919,52171,58082,65535)  #A7CBE2FF  srgba(167,203,226,1)
15,10: (43176,24158,20560,65535)  #A85E50FF  srgba(168,94,80,1)
0,11: (43176,24929,40349,65535)  #A8619DFF  srgba(168,97,157,1)
1,11: (43176,28270,48830,65535)  #A86EBEFF  srgba(168,110,190,1)
2,11: (43176,32896,55255,65535)  #A880D7FF  srgba(168,128,215,1)
3,11: (43176,34181,20303,65535)  #A8854FFF  srgba(168,133,79,1)
4,11: (43433,30326,42405,65535)  #A976A5FF  srgba(169,118,165,1)
5,11: (43690,33667,32125,65535)  #AA837DFF  srgba(170,131,125,1)
6,11: (43947,23644,32639,65535)  #AB5C7FFF  srgba(171,92,127,1)
7,11: (44461,52171,42662,65535)  #ADCBA6FF  srgba(173,203,166,1)
8,11: (44718,0,35466,65535)  #AE008AFF  srgba(174,0,138,1)
9,11: (44975,0,40863,65535)  #AF009FFF  srgba(175,0,159,1)
10,11: (44975,4626,35466,65535)  #AF128AFF  srgba(175,18,138,1)
11,11: (45232,0,20817,65535)  #B00051FF  srgba(176,0,81,1)
12,11: (45489,14135,35209,65535)  #B13789FF  srgba(177,55,137,1)
13,11: (45489,41377,56540,65535)  #B1A1DCFF  srgba(177,161,220,1)
14,11: (46260,36237,57054,65535)  #B48DDEFF  srgba(180,141,222,1)
15,11: (46774,29555,42662,65535)  #B673A6FF  srgba(182,115,166,1)
0,12: (47031,28784,51914,65535)  #B770CAFF  srgba(183,112,202,1)
1,12: (47288,24158,40863,65535)  #B85E9FFF  srgba(184,94,159,1)
2,12: (47545,32896,42148,65535)  #B980A4FF  srgba(185,128,164,1)
3,12: (48316,41377,42405,65535)  #BCA1A5FF  srgba(188,161,165,1)
4,12: (48830,32639,55512,65535)  #BE7FD8FF  srgba(190,127,216,1)
5,12: (49087,47545,514,65535)  #BFB902FF  srgba(191,185,2,1)
6,12: (50372,44975,30069,65535)  #C4AF75FF  srgba(196,175,117,1)
7,12: (50629,35980,42919,65535)  #C58CA7FF  srgba(197,140,167,1)
8,12: (50886,27756,49601,65535)  #C66CC1FF  srgba(198,108,193,1)
9,12: (50886,29041,54998,65535)  #C671D6FF  srgba(198,113,214,1)
10,12: (51143,23387,33153,65535)  #C75B81FF  srgba(199,91,129,1)
11,12: (51143,24158,22873,65535)  #C75E59FF  srgba(199,94,89,1)
12,12: (51143,24672,2827,65535)  #C7600BFF  srgba(199,96,11,1)
13,12: (51143,25443,40863,65535)  #C7639FFF  srgba(199,99,159,1)
14,12: (51143,56283,27499,65535)  #C7DB6BFF  srgba(199,219,107,1)
15,12: (51400,34438,22616,65535)  #C88658FF  srgba(200,134,88,1)
0,13: (51657,0,11822,65535)  #C9002EFF  srgba(201,0,46,1)
1,13: (51657,10794,5140,65535)  #C92A14FF  srgba(201,42,20,1)
2,13: (51657,13621,34695,65535)  #C93587FF  srgba(201,53,135,1)
3,13: (51657,33667,32639,65535)  #C9837FFF  srgba(201,131,127,1)
4,13: (51914,3598,35209,65535)  #CA0E89FF  srgba(202,14,137,1)
5,13: (51914,53713,57054,65535)  #CAD1DEFF  srgba(202,209,222,1)
6,13: (52428,0,21588,65535)  #CC0054FF  srgba(204,0,84,1)
7,13: (52428,0,34695,65535)  #CC0087FF  srgba(204,0,135,1)
8,13: (53713,46517,6939,65535)  #D1B51BFF  srgba(209,181,27,1)
9,13: (53970,47545,19532,65535)  #D2B94CFF  srgba(210,185,76,1)
10,13: (53970,58853,5140,65535)  #D2E514FF  srgba(210,229,20,1)
11,13: (54227,1285,22359,65535)  #D30557FF  srgba(211,5,87,1)
12,13: (54741,0,41634,65535)  #D500A2FF  srgba(213,0,162,1)
13,13: (54998,0,44204,65535)  #D600ACFF  srgba(214,0,172,1)
14,13: (54998,514,9766,65535)  #D60226FF  srgba(214,2,38,1)
15,13: (54998,35209,2313,65535)  #D68909FF  srgba(214,137,9,1)
0,14: (54998,52942,42405,65535)  #D6CEA5FF  srgba(214,206,165,1)
1,14: (55512,11565,22873,65535)  #D82D59FF  srgba(216,45,89,1)
2,14: (55769,0,22102,65535)  #D90056FF  srgba(217,0,86,1)
3,14: (55769,7196,41120,65535)  #D91CA0FF  srgba(217,28,160,1)
4,14: (56283,771,49344,65535)  #DB03C0FF  srgba(219,3,192,1)
5,14: (56283,57568,20303,65535)  #DBE04FFF  srgba(219,224,79,1)
6,14: (56797,46517,514,65535)  #DDB502FF  srgba(221,181,2,1)
7,14: (57054,257,41634,65535)  #DE01A2FF  srgba(222,1,162,1)
8,14: (57311,257,47031,65535)  #DF01B7FF  srgba(223,1,183,1)
9,14: (57311,24672,39578,65535)  #DF609AFF  srgba(223,96,154,1)
10,14: (57825,0,45746,65535)  #E100B2FF  srgba(225,0,178,1)
11,14: (58082,0,41891,65535)  #E200A3FF  srgba(226,0,163,1)
12,14: (58082,771,44204,65535)  #E203ACFF  srgba(226,3,172,1)
13,14: (58082,57054,23644,65535)  #E2DE5CFF  srgba(226,222,92,1)
14,14: (58339,24929,2827,65535)  #E3610BFF  srgba(227,97,11,1)
15,14: (58596,0,12336,65535)  #E40030FF  srgba(228,0,48,1)
0,15: (58596,0,41891,65535)  #E400A3FF  srgba(228,0,163,1)
1,15: (58596,10794,5397,65535)  #E42A15FF  srgba(228,42,21,1)
2,15: (58596,56026,25700,65535)  #E4DA64FF  srgba(228,218,100,1)
3,15: (59110,0,22102,65535)  #E60056FF  srgba(230,0,86,1)
4,15: (59367,44718,29041,65535)  #E7AE71FF  srgba(231,174,113,1)
5,15: (59624,0,44204,65535)  #E800ACFF  srgba(232,0,172,1)
6,15: (59624,23387,32896,65535)  #E85B80FF  srgba(232,91,128,1)
7,15: (59624,34952,23901,65535)  #E8885DFF  srgba(232,136,93,1)
8,15: (59881,3855,35980,65535)  #E90F8CFF  srgba(233,15,140,1)
9,15: (59881,13878,34695,65535)  #E93687FF  srgba(233,54,135,1)
10,15: (59881,23901,22873,65535)  #E95D59FF  srgba(233,93,89,1)
11,15: (59881,33924,32125,65535)  #E9847DFF  srgba(233,132,125,1)
12,15: (60395,0,34952,65535)  #EB0088FF  srgba(235,0,136,1)
13,15: (61680,0,42148,65535)  #F000A4FF  srgba(240,0,164,1)
14,15: (62194,0,44204,65535)  #F200ACFF  srgba(242,0,172,1)
15,15: (0,65535,0,0)  #00FF0000  srgba(0,255,0,0)
