# ImageMagick pixel enumeration: 16,16,65535,srgba
0,0: (0,0,0,65535)  #000000FF  black
1,0: (257,257,0,65535)  #010100FF  srgba(1,1,0,1)
2,0: (514,0,0,65535)  #020000FF  srgba(2,0,0,1)
3,0: (771,0,1028,65535)  #030004FF  srgba(3,0,4,1)
4,0: (771,1028,1285,65535)  #030405FF  srgba(3,4,5,1)
5,0: (771,1799,4626,65535)  #030712FF  srgba(3,7,18,1)
6,0: (1028,1285,0,65535)  #040500FF  srgba(4,5,0,1)
7,0: (1285,3598,10537,65535)  #050E29FF  srgba(5,14,41,1)
8,0: (1285,8481,16448,65535)  #052140FF  srgba(5,33,64,1)
9,0: (1542,0,5140,65535)  #060014FF  srgba(6,0,20,1)
10,0: (1542,0,10794,65535)  #06002AFF  srgba(6,0,42,1)
11,0: (1542,5654,5654,65535)  #061616FF  srgba(6,22,22,1)
12,0: (1542,10537,11051,65535)  #06292BFF  srgba(6,41,43,1)
13,0: (1542,16448,17476,65535)  #064044FF  srgba(6,64,68,1)
14,0: (1542,17476,23130,65535)  #06445AFF  srgba(6,68,90,1)
15,0: (1799,21074,28270,65535)  #07526EFF  srgba(7,82,110,1)
0,1: (2056,0,16962,65535)  #080042FF  srgba(8,0,66,1)
1,1: (2056,0,28270,65535)  #08006EFF  srgba(8,0,110,1)
2,1: (2056,23387,32125,65535)  #085B7DFF  srgba(8,91,125,1)
3,1: (2313,0,23130,65535)  #09005AFF  srgba(9,0,90,1)
4,1: (2313,26471,38807,65535)  #096797FF  srgba(9,103,151,1)
5,1: (2570,257,32382,65535)  #0A017EFF  srgba(10,1,126,1)
6,1: (2827,1799,37008,65535)  #0B0790FF  srgba(11,7,144,1)
7,1: (6425,257,771,65535)  #190103FF  srgba(25,1,3,1)
8,1: (6425,4112,771,65535)  #191003FF  srgba(25,16,3,1)
9,1: (6939,0,7453,65535)  #1B001DFF  srgba(27,0,29,1)
10,1: (6939,7967,8481,65535)  #1B1F21FF  srgba(27,31,33,1)
11,1: (7453,0,15420,65535)  #1D003CFF  srgba(29,0,60,1)
12,1: (7453,7710,22102,65535)  #1D1E56FF  srgba(29,30,86,1)
13,1: (7453,9766,12593,65535)  #1D2631FF  srgba(29,38,49,1)
14,1: (7710,0,22873,65535)  #1E0059FF  srgba(30,0,89,1)
15,1: (7710,18247,24672,65535)  #1E4760FF  srgba(30,71,96,1)
0,2: (7967,257,28784,65535)  #1F0170FF  srgba(31,1,112,1)
1,2: (7967,15934,15677,65535)  #1F3E3DFF  srgba(31,62,61,1)
2,2: (7967,25957,27242,65535)  #1F656AFF  srgba(31,101,106,1)
3,2: (8481,7196,1028,65535)  #211C04FF  srgba(33,28,4,1)
4,2: (8738,43690,62708,65535)  #22AAF4FF  srgba(34,170,244,1)
5,2: (10023,1542,34695,65535)  #270687FF  srgba(39,6,135,1)
6,2: (10023,17733,38807,65535)  #274597FF  srgba(39,69,151,1)
7,2: (10537,2827,40092,65535)  #290B9CFF  srgba(41,11,156,1)
8,2: (11308,39578,65278,65535)  #2C9AFEFF  srgba(44,154,254,1)
9,2: (11822,44461,54484,65535)  #2EADD4FF  srgba(46,173,212,1)
10,2: (12593,4626,1799,65535)  #311207FF  srgba(49,18,7,1)
11,2: (12850,29555,34438,65535)  #327386FF  srgba(50,115,134,1)
12,2: (13107,1028,12850,65535)  #330432FF  srgba(51,4,50,1)
13,2: (13107,9766,2056,65535)  #332608FF  srgba(51,38,8,1)
14,2: (13364,4112,47031,65535)  #3410B7FF  srgba(52,16,183,1)
15,2: (13364,15163,15677,65535)  #343B3DFF  srgba(52,59,61,1)
0,3: (13364,29812,42405,65535)  #3474A5FF  srgba(52,116,165,1)
1,3: (13364,38036,44975,65535)  #3494AFFF  srgba(52,148,175,1)
2,3: (13621,257,21588,65535)  #350154FF  srgba(53,1,84,1)
3,3: (13621,16705,22102,65535)  #354156FF  srgba(53,65,86,1)
4,3: (13878,514,28784,65535)  #360270FF  srgba(54,2,112,1)
5,3: (13878,26471,28784,65535)  #366770FF  srgba(54,103,112,1)
6,3: (13878,38036,39321,65535)  #369499FF  srgba(54,148,153,1)
7,3: (14135,23130,21845,65535)  #375A55FF  srgba(55,90,85,1)
8,3: (14135,44975,46260,65535)  #37AFB4FF  srgba(55,175,180,1)
9,3: (14392,28527,64764,65535)  #386FFCFF  srgba(56,111,252,1)
10,3: (14649,11565,2827,65535)  #392D0BFF  srgba(57,45,11,1)
11,3: (14649,15420,5911,65535)  #393C17FF  srgba(57,60,23,1)
12,3: (14649,53970,56283,65535)  #39D2DBFF  srgba(57,210,219,1)
13,3: (15420,5397,53199,65535)  #3C15CFFF  srgba(60,21,207,1)
14,3: (15420,36751,35466,65535)  #3C8F8AFF  srgba(60,143,138,1)
15,3: (15677,18761,64764,65535)  #3D49FCFF  srgba(61,73,252,1)
0,4: (15677,37522,63222,65535)  #3D92F6FF  srgba(61,146,246,1)
1,4: (15934,26471,60395,65535)  #3E67EBFF  srgba(62,103,235,1)
2,4: (16191,7710,59367,65535)  #3F1EE7FF  srgba(63,30,231,1)
3,4: (16191,49087,62451,65535)  #3FBFF3FF  srgba(63,191,243,1)
4,4: (16448,14906,50372,65535)  #403AC4FF  srgba(64,58,196,1)
5,4: (16962,15420,41377,65535)  #423CA1FF  srgba(66,60,161,1)
6,4: (17219,1028,35723,65535)  #43048BFF  srgba(67,4,139,1)
7,4: (17219,2056,41120,65535)  #4308A0FF  srgba(67,8,160,1)
8,4: (17219,19018,59367,65535)  #434AE7FF  srgba(67,74,231,1)
9,4: (17476,13621,58853,65535)  #4435E5FF  srgba(68,53,229,1)
10,4: (17733,57311,65278,65535)  #45DFFEFF  srgba(69,223,254,1)
11,4: (17733,57825,62708,65535)  #45E1F4FF  srgba(69,225,244,1)
12,4: (18761,2570,47545,65535)  #490AB9FF  srgba(73,10,185,1)
13,4: (18761,8224,4112,65535)  #492010FF  srgba(73,32,16,1)
14,4: (18761,37779,65278,65535)  #4993FEFF  srgba(73,147,254,1)
15,4: (19018,27499,65021,65535)  #4A6BFDFF  srgba(74,107,253,1)
0,5: (19018,65021,65278,65535)  #4AFDFEFF  srgba(74,253,254,1)
1,5: (19275,14392,4626,65535)  #4B3812FF  srgba(75,56,18,1)
2,5: (19532,257,28270,65535)  #4C016EFF  srgba(76,1,110,1)
3,5: (19532,1799,18247,65535)  #4C0747FF  srgba(76,7,71,1)
4,5: (19532,17990,64764,65535)  #4C46FCFF  srgba(76,70,252,1)
5,5: (19532,20817,16448,65535)  #4C5140FF  srgba(76,81,64,1)
6,5: (19532,21331,24158,65535)  #4C535EFF  srgba(76,83,94,1)
7,5: (19532,44204,54227,65535)  #4CACD3FF  srgba(76,172,211,1)
8,5: (19789,3855,54227,65535)  #4D0FD3FF  srgba(77,15,211,1)
9,5: (19789,6939,60652,65535)  #4D1BECFF  srgba(77,27,236,1)
10,5: (19789,28270,27756,65535)  #4D6E6CFF  srgba(77,110,108,1)
11,5: (19789,64764,65278,65535)  #4DFCFEFF  srgba(77,252,254,1)
12,5: (20303,19789,4626,65535)  #4F4D12FF  srgba(79,77,18,1)
13,5: (20560,54741,56540,65535)  #50D5DCFF  srgba(80,213,220,1)
14,5: (20560,64507,63993,65535)  #50FBF9FF  srgba(80,251,249,1)
15,5: (20817,63993,65278,65535)  #51F9FEFF  srgba(81,249,254,1)
0,6: (21331,38036,21845,65535)  #539455FF  srgba(83,148,85,1)
1,6: (22102,36751,32382,65535)  #568F7EFF  srgba(86,143,126,1)
2,6: (22359,18761,54484,65535)  #5749D4FF  srgba(87,73,212,1)
3,6: (22359,65278,65278,65535)  #57FEFEFF  srgba(87,254,254,1)
4,6: (22616,771,39321,65535)  #580399FF  srgba(88,3,153,1)
5,6: (22616,2313,50115,65535)  #5809C3FF  srgba(88,9,195,1)
6,6: (22616,3341,58339,65535)  #580DE3FF  srgba(88,13,227,1)
7,6: (22616,10537,61680,65535)  #5829F0FF  srgba(88,41,240,1)
8,6: (22616,19018,60395,65535)  #584AEBFF  srgba(88,74,235,1)
9,6: (22616,20817,63993,65535)  #5851F9FF  srgba(88,81,249,1)
10,6: (22616,25700,65278,65535)  #5864FEFF  srgba(88,100,254,1)
11,6: (22616,26471,39064,65535)  #586798FF  srgba(88,103,152,1)
12,6: (22873,18761,65278,65535)  #5949FEFF  srgba(89,73,254,1)
13,6: (24415,0,27499,65535)  #5F006BFF  srgba(95,0,107,1)
14,6: (24929,9509,24929,65535)  #612561FF  srgba(97,37,97,1)
15,6: (25186,14906,6168,65535)  #623A18FF  srgba(98,58,24,1)
0,7: (25186,24929,21588,65535)  #626154FF  srgba(98,97,84,1)
1,7: (25443,28270,29041,65535)  #636E71FF  srgba(99,110,113,1)
2,7: (25700,2056,57054,65535)  #6408DEFF  srgba(100,8,222,1)
3,7: (25700,10023,61937,65535)  #6427F1FF  srgba(100,39,241,1)
4,7: (25700,19275,60652,65535)  #644BECFF  srgba(100,75,236,1)
5,7: (25700,20046,63993,65535)  #644EF9FF  srgba(100,78,249,1)
6,7: (25700,21074,65278,65535)  #6452FEFF  srgba(100,82,254,1)
7,7: (25700,21588,51400,65535)  #6454C8FF  srgba(100,84,200,1)
8,7: (25700,24158,7196,65535)  #645E1CFF  srgba(100,94,28,1)
9,7: (25957,257,39578,65535)  #65019AFF  srgba(101,1,154,1)
10,7: (25957,771,48059,65535)  #6503BBFF  srgba(101,3,187,1)
11,7: (25957,28784,35466,65535)  #65708AFF  srgba(101,112,138,1)
12,7: (26214,40092,44718,65535)  #669CAEFF  srgba(102,156,174,1)
13,7: (26728,65278,65278,65535)  #68FEFEFF  srgba(104,254,254,1)
14,7: (27242,48059,46260,65535)  #6ABBB4FF  srgba(106,187,180,1)
15,7: (27499,58082,57054,65535)  #6BE2DEFF  srgba(107,226,222,1)
0,8: (27756,39835,39064,65535)  #6C9B98FF  srgba(108,155,152,1)
1,8: (27756,55255,62451,65535)  #6CD7F3FF  srgba(108,215,243,1)
2,8: (28013,0,41377,65535)  #6D00A1FF  srgba(109,0,161,1)
3,8: (28013,18504,63993,65535)  #6D48F9FF  srgba(109,72,249,1)
4,8: (28013,45232,62194,65535)  #6DB0F2FF  srgba(109,176,242,1)
5,8: (28013,59881,62708,65535)  #6DE9F4FF  srgba(109,233,244,1)
6,8: (28270,2056,54227,65535)  #6E08D3FF  srgba(110,8,211,1)
7,8: (28270,18504,59881,65535)  #6E48E9FF  srgba(110,72,233,1)
8,8: (28270,20046,65278,65535)  #6E4EFEFF  srgba(110,78,254,1)
9,8: (28270,26728,40606,65535)  #6E689EFF  srgba(110,104,158,1)
10,8: (28270,37522,35466,65535)  #6E928AFF  srgba(110,146,138,1)
11,8: (28270,46260,65278,65535)  #6EB4FEFF  srgba(110,180,254,1)
12,8: (28270,65021,63479,65535)  #6EFDF7FF  srgba(110,253,247,1)
13,8: (28527,63736,63222,65535)  #6FF8F6FF  srgba(111,248,246,1)
14,8: (29041,43176,54484,65535)  #71A8D4FF  srgba(113,168,212,1)
15,8: (29041,61937,65278,65535)  #71F1FEFF  srgba(113,241,254,1)
0,9: (29298,64764,65278,65535)  #72FCFEFF  srgba(114,252,254,1)
1,9: (29812,40092,19275,65535)  #749C4BFF  srgba(116,156,75,1)
2,9: (29812,51143,54484,65535)  #74C7D4FF  srgba(116,199,212,1)
3,9: (29812,63993,65278,65535)  #74F9FEFF  srgba(116,249,254,1)
4,9: (30069,257,45489,65535)  #7501B1FF  srgba(117,1,177,1)
5,9: (30069,4112,56540,65535)  #7510DCFF  srgba(117,16,220,1)
6,9: (30069,20303,61423,65535)  #754FEFFF  srgba(117,79,239,1)
7,9: (30069,20560,65278,65535)  #7550FEFF  srgba(117,80,254,1)
8,9: (30326,27499,40349,65535)  #766B9DFF  srgba(118,107,157,1)
9,9: (31611,19018,4112,65535)  #7B4A10FF  srgba(123,74,16,1)
10,9: (31611,19018,20560,65535)  #7B4A50FF  srgba(123,74,80,1)
11,9: (31611,29041,28013,65535)  #7B716DFF  srgba(123,113,109,1)
12,9: (32125,65278,65278,65535)  #7DFEFEFF  srgba(125,254,254,1)
13,9: (32382,6682,44718,65535)  #7E1AAEFF  srgba(126,26,174,1)
14,9: (32382,27499,8995,65535)  #7E6B23FF  srgba(126,107,35,1)
15,9: (33410,17990,62965,65535)  #8246F5FF  srgba(130,70,245,1)
0,10: (34181,58082,65278,65535)  #85E2FEFF  srgba(133,226,254,1)
1,10: (34438,59624,56540,65535)  #86E8DCFF  srgba(134,232,220,1)
2,10: (34695,30840,35980,65535)  #87788CFF  srgba(135,120,140,1)
3,10: (34695,30840,52942,65535)  #8778CEFF  srgba(135,120,206,1)
4,10: (35980,42662,44975,65535)  #8CA6AFFF  srgba(140,166,175,1)
5,10: (37779,37779,37779,65535)  #939393FF  srgba(147,147,147,1)
6,10: (38036,64764,65278,65535)  #94FCFEFF  srgba(148,252,254,1)
7,10: (38293,65278,65278,65535)  #95FEFEFF  srgba(149,254,254,1)
8,10: (39064,47288,65278,65535)  #98B8FEFF  srgba(152,184,254,1)
9,10: (39321,44204,38550,65535)  #99AC96FF  srgba(153,172,150,1)
10,10: (39321,65021,63222,65535)  #99FDF6FF  srgba(153,253,246,1)
11,10: (39578,24415,6168,65535)  #9A5F18FF  srgba(154,95,24,1)
12,10: (39835,22873,39321,65535)  #9B5999FF  srgba(155,89,153,1)
13,10: (39835,64507,62965,65535)  #9BFBF5FF  srgba(155,251,245,1)
14,10: (40349,38550,26985,65535)  #9D9669FF  srgba(157,150,105,1)
15,10: (40606,24415,22359,65535)  #9E5F57FF  srgba(158,95,87,1)
0,11: (40606,49601,47031,65535)  #9EC1B7FF  srgba(158,193,183,1)
1,11: (40863,62965,57054,65535)  #9FF5DEFF  srgba(159,245,222,1)
2,11: (41634,62194,65278,65535)  #A2F2FEFF  srgba(162,242,254,1)
3,11: (41891,36237,10023,65535)  #A38D27FF  srgba(163,141,39,1)
4,11: (42148,47802,12850,65535)  #A4BA32FF  srgba(164,186,50,1)
5,11: (42148,53456,62194,65535)  #A4D0F2FF  srgba(164,208,242,1)
6,11: (42405,44975,53713,65535)  #A5AFD1FF  srgba(165,175,209,1)
7,11: (42405,56540,27242,65535)  #A5DC6AFF  srgba(165,220,106,1)
8,11: (42405,60395,62194,65535)  #A5EBF2FF  srgba(165,235,242,1)
9,11: (42662,51914,53713,65535)  #A6CAD1FF  srgba(166,202,209,1)
10,11: (42662,59367,37522,65535)  #A6E792FF  srgba(166,231,146,1)
11,11: (42662,62965,62451,65535)  #A6F5F3FF  srgba(166,245,243,1)
12,11: (42662,63993,65021,65535)  #A6F9FDFF  srgba(166,249,253,1)
13,11: (42919,31097,6939,65535)  #A7791BFF  srgba(167,121,27,1)
14,11: (42919,42662,45489,65535)  #A7A6B1FF  srgba(167,166,177,1)
15,11: (42919,60652,46517,65535)  #A7ECB5FF  srgba(167,236,181,1)
0,12: (43176,56283,55769,65535)  #A8DBD9FF  srgba(168,219,217,1)
1,12: (43947,31097,22873,65535)  #AB7959FF  srgba(171,121,89,1)
2,12: (44204,64764,65278,65535)  #ACFCFEFF  srgba(172,252,254,1)
3,12: (44975,65278,65021,65535)  #AFFEFDFF  srgba(175,254,253,1)
4,12: (45489,65021,63222,65535)  #B1FDF6FF  srgba(177,253,246,1)
5,12: (46003,63222,56797,65535)  #B3F6DDFF  srgba(179,246,221,1)
6,12: (46260,31097,42662,65535)  #B479A6FF  srgba(180,121,166,1)
7,12: (46260,64250,62965,65535)  #B4FAF5FF  srgba(180,250,245,1)
8,12: (49601,64764,63993,65535)  #C1FCF9FF  srgba(193,252,249,1)
9,12: (51914,42662,48316,65535)  #CAA6BCFF  srgba(202,166,188,1)
10,12: (51914,63993,59881,65535)  #CAF9E9FF  srgba(202,249,233,1)
11,12: (52171,64764,63993,65535)  #CBFCF9FF  srgba(203,252,249,1)
12,12: (52685,54484,51400,65535)  #CDD4C8FF  srgba(205,212,200,1)
13,12: (52942,57054,58853,65535)  #CEDEE5FF  srgba(206,222,229,1)
14,12: (52942,61680,54741,65535)  #CEF0D5FF  srgba(206,240,213,1)
15,12: (52942,61937,50115,65535)  #CEF1C3FF  srgba(206,241,195,1)
0,13: (52942,62708,44204,65535)  #CEF4ACFF  srgba(206,244,172,1)
1,13: (53199,40349,7196,65535)  #CF9D1CFF  srgba(207,157,28,1)
2,13: (53713,50372,50629,65535)  #D1C4C5FF  srgba(209,196,197,1)
3,13: (53713,62708,63479,65535)  #D1F4F7FF  srgba(209,244,247,1)
4,13: (53970,59624,63736,65535)  #D2E8F8FF  srgba(210,232,248,1)
5,13: (54227,63736,34695,65535)  #D3F887FF  srgba(211,248,135,1)
6,13: (54741,64507,63479,65535)  #D5FBF7FF  srgba(213,251,247,1)
7,13: (54998,40863,16962,65535)  #D69F42FF  srgba(214,159,66,1)
8,13: (55255,59881,59367,65535)  #D7E9E7FF  srgba(215,233,231,1)
9,13: (55512,41120,34438,65535)  #D8A086FF  srgba(216,160,134,1)
10,13: (55769,55512,63736,65535)  #D9D8F8FF  srgba(217,216,248,1)
11,13: (56026,41120,24415,65535)  #DAA05FFF  srgba(218,160,95,1)
12,13: (56797,63222,60138,65535)  #DDF6EAFF  srgba(221,246,234,1)
13,13: (56797,63736,24929,65535)  #DDF861FF  srgba(221,248,97,1)
14,13: (57311,61680,62965,65535)  #DFF0F5FF  srgba(223,240,245,1)
15,13: (57825,63993,62965,65535)  #E1F9F5FF  srgba(225,249,245,1)
0,14: (58339,48830,8481,65535)  #E3BE21FF  srgba(227,190,33,1)
1,14: (58339,62708,62708,65535)  #E3F4F4FF  srgba(227,244,244,1)
2,14: (58596,53199,58853,65535)  #E4CFE5FF  srgba(228,207,229,1)
3,14: (59624,47802,58853,65535)  #E8BAE5FF  srgba(232,186,229,1)
4,14: (59881,49344,34438,65535)  #E9C086FF  srgba(233,192,134,1)
5,14: (59881,61423,60652,65535)  #E9EFECFF  srgba(233,239,236,1)
6,14: (60138,49601,16962,65535)  #EAC142FF  srgba(234,193,66,1)
7,14: (60652,49087,24672,65535)  #ECBF60FF  srgba(236,191,96,1)
8,14: (60652,54998,34695,65535)  #ECD687FF  srgba(236,214,135,1)
9,14: (60652,62451,60395,65535)  #ECF3EBFF  srgba(236,243,235,1)
10,14: (60909,60395,60138,65535)  #EDEBEAFF  srgba(237,235,234,1)
11,14: (60909,61166,54741,65535)  #EDEED5FF  srgba(237,238,213,1)
12,14: (60909,62451,62194,65535)  #EDF3F2FF  srgba(237,243,242,1)
13,14: (61166,44204,49858,65535)  #EEACC2FF  srgba(238,172,194,1)
14,14: (61166,56797,59110,65535)  #EEDDE6FF  srgba(238,221,230,1)
15,14: (61423,54484,53713,65535)  #EFD4D1FF  srgba(239,212,209,1)
0,15: (61423,61166,46774,65535)  #EFEEB6FF  srgba(239,238,182,1)
1,15: (61423,61423,61680,65535)  #EFEFF0FF  srgba(239,239,240,1)
2,15: (61680,52171,63736,65535)  #F0CBF8FF  srgba(240,203,248,1)
3,15: (61680,59367,63736,65535)  #F0E7F8FF  srgba(240,231,248,1)
4,15: (61937,47031,63993,65535)  #F1B7F9FF  srgba(241,183,249,1)
5,15: (61937,54484,46003,65535)  #F1D4B3FF  srgba(241,212,179,1)
6,15: (62451,55255,24672,65535)  #F3D760FF  srgba(243,215,96,1)
7,15: (62708,62451,34181,65535)  #F4F385FF  srgba(244,243,133,1)
8,15: (62965,50372,49858,65535)  #F5C4C2FF  srgba(245,196,194,1)
9,15: (62965,62708,17476,65535)  #F5F444FF  srgba(245,244,68,1)
10,15: (63222,56283,11565,65535)  #F6DB2DFF  srgba(246,219,45,1)
11,15: (63479,56540,17733,65535)  #F7DC45FF  srgba(247,220,69,1)
12,15: (64250,55255,64250,65535)  #FAD7FAFF  srgba(250,215,250,1)
13,15: (64250,62194,12850,65535)  #FAF232FF  srgba(250,242,50,1)
14,15: (64507,61937,24158,65535)  #FBF15EFF  srgba(251,241,94,1)
15,15: (0,65535,0,0)  #00FF0000  srgba(0,255,0,0)
