# ImageMagick pixel enumeration: 16,16,65535,srgba
0,0: (0,27756,12593,65535)  #006C31FF  srgba(0,108,49,1)
1,0: (0,30583,21588,65535)  #007754FF  srgba(0,119,84,1)
2,0: (0,33410,13878,65535)  #008236FF  srgba(0,130,54,1)
3,0: (0,36237,23644,65535)  #008D5CFF  srgba(0,141,92,1)
4,0: (0,38036,29812,65535)  #009474FF  srgba(0,148,116,1)
5,0: (0,39578,35466,65535)  #009A8AFF  srgba(0,154,138,1)
6,0: (0,40092,33153,65535)  #009C81FF  srgba(0,156,129,1)
7,0: (0,42662,33153,65535)  #00A681FF  srgba(0,166,129,1)
8,0: (0,45746,36494,65535)  #00B28EFF  srgba(0,178,142,1)
9,0: (0,46003,31611,65535)  #00B37BFF  srgba(0,179,123,1)
10,0: (0,46774,39578,65535)  #00B69AFF  srgba(0,182,154,1)
11,0: (0,52942,42919,65535)  #00CEA7FF  srgba(0,206,167,1)
12,0: (0,55512,48316,65535)  #00D8BCFF  srgba(0,216,188,1)
13,0: (0,56797,53970,65535)  #00DDD2FF  srgba(0,221,210,1)
14,0: (0,61166,51657,65535)  #00EEC9FF  srgba(0,238,201,1)
15,0: (0,61423,58596,65535)  #00EFE4FF  srgba(0,239,228,1)
0,1: (0,62451,54741,65535)  #00F3D5FF  srgba(0,243,213,1)
1,1: (0,62965,61937,65535)  #00F5F1FF  srgba(0,245,241,1)
2,1: (257,40092,33153,65535)  #019C81FF  srgba(1,156,129,1)
3,1: (257,44718,34695,65535)  #01AE87FF  srgba(1,174,135,1)
4,1: (514,23644,6168,65535)  #025C18FF  srgba(2,92,24,1)
5,1: (514,23644,20817,65535)  #025C51FF  srgba(2,92,81,1)
6,1: (514,23901,13878,65535)  #025D36FF  srgba(2,93,54,1)
7,1: (514,47288,40092,65535)  #02B89CFF  srgba(2,184,156,1)
8,1: (514,53713,43433,65535)  #02D1A9FF  srgba(2,209,169,1)
9,1: (771,0,257,65535)  #030001FF  srgba(3,0,1,1)
10,1: (771,37779,29555,65535)  #039373FF  srgba(3,147,115,1)
11,1: (1028,45232,32382,65535)  #04B07EFF  srgba(4,176,126,1)
12,1: (1285,10537,1028,65535)  #052904FF  srgba(5,41,4,1)
13,1: (1285,17476,2827,65535)  #05440BFF  srgba(5,68,11,1)
14,1: (1285,36751,23644,65535)  #058F5CFF  srgba(5,143,92,1)
15,1: (1285,61680,54484,65535)  #05F0D4FF  srgba(5,240,212,1)
0,2: (1542,3855,257,65535)  #060F01FF  srgba(6,15,1,1)
1,2: (1542,18247,8738,65535)  #064722FF  srgba(6,71,34,1)
2,2: (1542,18247,14135,65535)  #064737FF  srgba(6,71,55,1)
3,2: (1542,30840,22102,65535)  #067856FF  srgba(6,120,86,1)
4,2: (1542,59110,53970,65535)  #06E6D2FF  srgba(6,230,210,1)
5,2: (1799,0,0,65535)  #070000FF  srgba(7,0,0,1)
6,2: (1799,0,514,65535)  #070002FF  srgba(7,0,2,1)
7,2: (1799,62451,62965,65535)  #07F3F5FF  srgba(7,243,245,1)
8,2: (2056,0,0,65535)  #080000FF  srgba(8,0,0,1)
9,2: (2056,31354,12850,65535)  #087A32FF  srgba(8,122,50,1)
10,2: (2056,53456,51143,65535)  #08D0C7FF  srgba(8,208,199,1)
11,2: (2570,11822,10794,65535)  #0A2E2AFF  srgba(10,46,42,1)
12,2: (2827,11051,5654,65535)  #0B2B16FF  srgba(11,43,22,1)
13,2: (3341,27756,31354,65535)  #0D6C7AFF  srgba(13,108,122,1)
14,2: (3341,44718,32896,65535)  #0DAE80FF  srgba(13,174,128,1)
15,2: (3598,4112,3855,65535)  #0E100FFF  srgba(14,16,15,1)
0,3: (3598,48316,42405,65535)  #0EBCA5FF  srgba(14,188,165,1)
1,3: (3855,37779,42148,65535)  #0F93A4FF  srgba(15,147,164,1)
2,3: (4112,0,2313,65535)  #100009FF  srgba(16,0,9,1)
3,3: (5140,0,257,65535)  #140001FF  srgba(20,0,1,1)
4,3: (5140,3855,11308,65535)  #140F2CFF  srgba(20,15,44,1)
5,3: (5140,36751,29555,65535)  #148F73FF  srgba(20,143,115,1)
6,3: (5397,0,0,65535)  #150000FF  srgba(21,0,0,1)
7,3: (6168,514,9509,65535)  #180225FF  srgba(24,2,37,1)
8,3: (6425,0,1285,65535)  #190005FF  srgba(25,0,5,1)
9,3: (6425,61937,60909,65535)  #19F1EDFF  srgba(25,241,237,1)
10,3: (7196,32382,22616,65535)  #1C7E58FF  srgba(28,126,88,1)
11,3: (7710,514,5911,65535)  #1E0217FF  srgba(30,2,23,1)
12,3: (7710,9766,21588,65535)  #1E2654FF  srgba(30,38,84,1)
13,3: (7710,23387,11051,65535)  #1E5B2BFF  srgba(30,91,43,1)
14,3: (7710,51914,49601,65535)  #1ECAC1FF  srgba(30,202,193,1)
15,3: (8224,0,771,65535)  #200003FF  srgba(32,0,3,1)
0,4: (8224,257,4112,65535)  #200110FF  srgba(32,1,16,1)
1,4: (8224,38036,33153,65535)  #209481FF  srgba(32,148,129,1)
2,4: (8224,54484,57054,65535)  #20D4DEFF  srgba(32,212,222,1)
3,4: (8481,0,0,65535)  #210000FF  srgba(33,0,0,1)
4,4: (8738,3598,257,65535)  #220E01FF  srgba(34,14,1,1)
5,4: (8995,0,0,65535)  #230000FF  srgba(35,0,0,1)
6,4: (10023,3598,4112,65535)  #270E10FF  srgba(39,14,16,1)
7,4: (10023,23130,21331,65535)  #275A53FF  srgba(39,90,83,1)
8,4: (10280,4626,11308,65535)  #28122CFF  srgba(40,18,44,1)
9,4: (10537,37779,35980,65535)  #29938CFF  srgba(41,147,140,1)
10,4: (11051,0,0,65535)  #2B0000FF  srgba(43,0,0,1)
11,4: (11051,10280,1285,65535)  #2B2805FF  srgba(43,40,5,1)
12,4: (11565,17476,4112,65535)  #2D4410FF  srgba(45,68,16,1)
13,4: (11565,18247,12593,65535)  #2D4731FF  srgba(45,71,49,1)
14,4: (11822,31354,14392,65535)  #2E7A38FF  srgba(46,122,56,1)
15,4: (12336,10794,5911,65535)  #302A17FF  srgba(48,42,23,1)
0,5: (12593,0,257,65535)  #310001FF  srgba(49,0,1,1)
1,5: (12850,10023,13364,65535)  #322734FF  srgba(50,39,52,1)
2,5: (13107,0,0,65535)  #330000FF  srgba(51,0,0,1)
3,5: (13364,27242,13364,65535)  #346A34FF  srgba(52,106,52,1)
4,5: (13878,15677,29555,65535)  #363D73FF  srgba(54,61,115,1)
5,5: (14135,0,0,65535)  #370000FF  srgba(55,0,0,1)
6,5: (14135,514,2313,65535)  #370209FF  srgba(55,2,9,1)
7,5: (14392,25957,33410,65535)  #386582FF  srgba(56,101,130,1)
8,5: (14392,31611,22616,65535)  #387B58FF  srgba(56,123,88,1)
9,5: (14392,44204,34181,65535)  #38AC85FF  srgba(56,172,133,1)
10,5: (14392,62194,63736,65535)  #38F2F8FF  srgba(56,242,248,1)
11,5: (14906,11308,21845,65535)  #3A2C55FF  srgba(58,44,85,1)
12,5: (14906,18247,34181,65535)  #3A4785FF  srgba(58,71,133,1)
13,5: (15163,0,514,65535)  #3B0002FF  srgba(59,0,2,1)
14,5: (15163,44718,41634,65535)  #3BAEA2FF  srgba(59,174,162,1)
15,5: (15677,0,0,65535)  #3D0000FF  srgba(61,0,0,1)
0,6: (15677,5140,11051,65535)  #3D142BFF  srgba(61,20,43,1)
1,6: (15677,61166,56026,65535)  #3DEEDAFF  srgba(61,238,218,1)
2,6: (15934,257,1028,65535)  #3E0104FF  srgba(62,1,4,1)
3,6: (15934,3341,514,65535)  #3E0D02FF  srgba(62,13,2,1)
4,6: (15934,3598,4883,65535)  #3E0E13FF  srgba(62,14,19,1)
5,6: (15934,50629,43433,65535)  #3EC5A9FF  srgba(62,197,169,1)
6,6: (16448,36237,29555,65535)  #408D73FF  srgba(64,141,115,1)
7,6: (17219,0,0,65535)  #430000FF  srgba(67,0,0,1)
8,6: (17476,0,257,65535)  #440001FF  srgba(68,0,1,1)
9,6: (17990,53456,57054,65535)  #46D0DEFF  srgba(70,208,222,1)
10,6: (18247,51143,49344,65535)  #47C7C0FF  srgba(71,199,192,1)
11,6: (18504,25957,44461,65535)  #4865ADFF  srgba(72,101,173,1)
12,6: (18761,10280,3084,65535)  #49280CFF  srgba(73,40,12,1)
13,6: (19018,23387,12336,65535)  #4A5B30FF  srgba(74,91,48,1)
14,6: (19275,36494,44718,65535)  #4B8EAEFF  srgba(75,142,174,1)
15,6: (19532,9509,15677,65535)  #4C253DFF  srgba(76,37,61,1)
0,7: (19789,10280,10280,65535)  #4D2828FF  srgba(77,40,40,1)
1,7: (20817,0,0,65535)  #510000FF  srgba(81,0,0,1)
2,7: (20817,0,0,65535)  #510000FF  srgba(81,0,0,1)
3,7: (20817,0,257,65535)  #510001FF  srgba(81,0,1,1)
4,7: (20817,0,514,65535)  #510002FF  srgba(81,0,2,1)
5,7: (20817,17219,5397,65535)  #514315FF  srgba(81,67,21,1)
6,7: (21331,3084,257,65535)  #530C01FF  srgba(83,12,1,1)
7,7: (21331,17990,12850,65535)  #534632FF  srgba(83,70,50,1)
8,7: (21588,10023,20303,65535)  #54274FFF  srgba(84,39,79,1)
9,7: (21845,12850,21845,65535)  #553255FF  srgba(85,50,85,1)
10,7: (21845,31611,22873,65535)  #557B59FF  srgba(85,123,89,1)
11,7: (22359,20560,22873,65535)  #575059FF  srgba(87,80,89,1)
12,7: (22616,5397,10280,65535)  #581528FF  srgba(88,21,40,1)
13,7: (22616,14906,23644,65535)  #583A5CFF  srgba(88,58,92,1)
14,7: (22873,4369,5654,65535)  #591116FF  srgba(89,17,22,1)
15,7: (22873,17990,31097,65535)  #594679FF  srgba(89,70,121,1)
0,8: (23130,0,0,65535)  #5A0000FF  srgba(90,0,0,1)
1,8: (23130,514,2313,65535)  #5A0209FF  srgba(90,2,9,1)
2,8: (23387,257,1028,65535)  #5B0104FF  srgba(91,1,4,1)
3,8: (23387,3598,2570,65535)  #5B0E0AFF  srgba(91,14,10,1)
4,8: (23644,23644,34695,65535)  #5C5C87FF  srgba(92,92,135,1)
5,8: (24158,9766,3084,65535)  #5E260CFF  srgba(94,38,12,1)
6,8: (24158,27499,45232,65535)  #5E6BB0FF  srgba(94,107,176,1)
7,8: (24672,10023,12850,65535)  #602732FF  srgba(96,39,50,1)
8,8: (24929,3084,257,65535)  #610C01FF  srgba(97,12,1,1)
9,8: (25700,257,0,65535)  #640100FF  srgba(100,1,0,1)
10,8: (25700,257,257,65535)  #640101FF  srgba(100,1,1,1)
11,8: (26214,257,514,65535)  #660102FF  srgba(102,1,2,1)
12,8: (27756,257,0,65535)  #6C0100FF  srgba(108,1,0,1)
13,8: (28784,7453,10794,65535)  #701D2AFF  srgba(112,29,42,1)
14,8: (29298,4112,1799,65535)  #721007FF  srgba(114,16,7,1)
15,8: (29298,8224,3341,65535)  #72200DFF  srgba(114,32,13,1)
0,9: (29555,2056,1285,65535)  #730805FF  srgba(115,8,5,1)
1,9: (29555,6168,3084,65535)  #73180CFF  srgba(115,24,12,1)
2,9: (29555,11051,12850,65535)  #732B32FF  srgba(115,43,50,1)
3,9: (29555,15934,12593,65535)  #733E31FF  srgba(115,62,49,1)
4,9: (30069,2056,0,65535)  #750800FF  srgba(117,8,0,1)
5,9: (30326,53970,47802,65535)  #76D2BAFF  srgba(118,210,186,1)
6,9: (30583,257,0,65535)  #770100FF  srgba(119,1,0,1)
7,9: (30840,12593,20046,65535)  #78314EFF  srgba(120,49,78,1)
8,9: (31097,23901,36237,65535)  #795D8DFF  srgba(121,93,141,1)
9,9: (31354,257,257,65535)  #7A0101FF  srgba(122,1,1,1)
10,9: (31354,20046,32125,65535)  #7A4E7DFF  srgba(122,78,125,1)
11,9: (31611,257,0,65535)  #7B0100FF  srgba(123,1,0,1)
12,9: (31611,14392,4112,65535)  #7B3810FF  srgba(123,56,16,1)
13,9: (31611,18247,27242,65535)  #7B476AFF  srgba(123,71,106,1)
14,9: (31868,10537,3341,65535)  #7C290DFF  srgba(124,41,13,1)
15,9: (32125,17476,21845,65535)  #7D4455FF  srgba(125,68,85,1)
0,10: (32896,771,514,65535)  #800302FF  srgba(128,3,2,1)
1,10: (32896,26728,41377,65535)  #8068A1FF  srgba(128,104,161,1)
2,10: (32896,58853,60909,65535)  #80E5EDFF  srgba(128,229,237,1)
3,10: (33410,514,0,65535)  #820200FF  srgba(130,2,0,1)
4,10: (33410,32125,49601,65535)  #827DC1FF  srgba(130,125,193,1)
5,10: (33667,771,771,65535)  #830303FF  srgba(131,3,3,1)
6,10: (33924,7967,10280,65535)  #841F28FF  srgba(132,31,40,1)
7,10: (33924,44461,46260,65535)  #84ADB4FF  srgba(132,173,180,1)
8,10: (34181,771,1799,65535)  #850307FF  srgba(133,3,7,1)
9,10: (34181,30840,45746,65535)  #8578B2FF  srgba(133,120,178,1)
10,10: (34181,37779,28784,65535)  #859370FF  srgba(133,147,112,1)
11,10: (34438,11308,12593,65535)  #862C31FF  srgba(134,44,49,1)
12,10: (34438,23901,17476,65535)  #865D44FF  srgba(134,93,68,1)
13,10: (34438,44461,37008,65535)  #86AD90FF  srgba(134,173,144,1)
14,10: (34695,15677,13107,65535)  #873D33FF  srgba(135,61,51,1)
15,10: (34952,514,0,65535)  #880200FF  srgba(136,2,0,1)
0,11: (34952,4112,1542,65535)  #881006FF  srgba(136,16,6,1)
1,11: (34952,6168,3084,65535)  #88180CFF  srgba(136,24,12,1)
2,11: (34952,8224,3598,65535)  #88200EFF  srgba(136,32,14,1)
3,11: (35209,30326,25957,65535)  #897665FF  srgba(137,118,101,1)
4,11: (35466,2056,514,65535)  #8A0802FF  srgba(138,8,2,1)
5,11: (35466,26728,23387,65535)  #8A685BFF  srgba(138,104,91,1)
6,11: (35466,30840,42148,65535)  #8A78A4FF  srgba(138,120,164,1)
7,11: (35723,771,1028,65535)  #8B0304FF  srgba(139,3,4,1)
8,11: (36751,771,0,65535)  #8F0300FF  srgba(143,3,0,1)
9,11: (37265,23644,26728,65535)  #915C68FF  srgba(145,92,104,1)
10,11: (37265,23644,30840,65535)  #915C78FF  srgba(145,92,120,1)
11,11: (37265,26985,37522,65535)  #916992FF  srgba(145,105,146,1)
12,11: (37522,38036,53713,65535)  #9294D1FF  srgba(146,148,209,1)
13,11: (38036,26728,33153,65535)  #946881FF  srgba(148,104,129,1)
14,11: (38036,29555,37265,65535)  #947391FF  srgba(148,115,145,1)
15,11: (38293,771,0,65535)  #950300FF  srgba(149,3,0,1)
0,12: (38293,32639,37522,65535)  #957F92FF  srgba(149,127,146,1)
1,12: (38550,771,257,65535)  #960301FF  srgba(150,3,1,1)
2,12: (38807,24158,35209,65535)  #975E89FF  srgba(151,94,137,1)
3,12: (39064,20560,30583,65535)  #985077FF  srgba(152,80,119,1)
4,12: (39064,37265,46517,65535)  #9891B5FF  srgba(152,145,181,1)
5,12: (39321,18761,25700,65535)  #994964FF  srgba(153,73,100,1)
6,12: (39578,1028,514,65535)  #9A0402FF  srgba(154,4,2,1)
7,12: (40092,16448,20046,65535)  #9C404EFF  srgba(156,64,78,1)
8,12: (40349,9252,10280,65535)  #9D2428FF  srgba(157,36,40,1)
9,12: (40606,1799,0,65535)  #9E0700FF  srgba(158,7,0,1)
10,12: (40606,5654,2570,65535)  #9E160AFF  srgba(158,22,10,1)
11,12: (40606,8995,4112,65535)  #9E2310FF  srgba(158,35,16,1)
12,12: (40863,3598,514,65535)  #9F0E02FF  srgba(159,14,2,1)
13,12: (40863,12336,12850,65535)  #9F3032FF  srgba(159,48,50,1)
14,12: (40863,16191,13364,65535)  #9F3F34FF  srgba(159,63,52,1)
15,12: (41120,54484,47031,65535)  #A0D4B7FF  srgba(160,212,183,1)
0,13: (42405,1028,0,65535)  #A50400FF  srgba(165,4,0,1)
1,13: (43433,30840,41634,65535)  #A978A2FF  srgba(169,120,162,1)
2,13: (43433,32896,47031,65535)  #A980B7FF  srgba(169,128,183,1)
3,13: (43947,43947,58853,65535)  #ABABE5FF  srgba(171,171,229,1)
4,13: (45232,2056,0,65535)  #B00800FF  srgba(176,8,0,1)
5,13: (45232,6425,2570,65535)  #B0190AFF  srgba(176,25,10,1)
6,13: (45489,3855,514,65535)  #B10F02FF  srgba(177,15,2,1)
7,13: (45746,17219,20303,65535)  #B2434FFF  srgba(178,67,79,1)
8,13: (46003,11822,11565,65535)  #B32E2DFF  srgba(179,46,45,1)
9,13: (46003,25186,33410,65535)  #B36282FF  srgba(179,98,130,1)
10,13: (46517,10280,4883,65535)  #B52813FF  srgba(181,40,19,1)
11,13: (47031,19275,24929,65535)  #B74B61FF  srgba(183,75,97,1)
12,13: (47288,20560,29298,65535)  #B85072FF  srgba(184,80,114,1)
13,13: (47288,42919,50372,65535)  #B8A7C4FF  srgba(184,167,196,1)
14,13: (47545,53970,62451,65535)  #B9D2F3FF  srgba(185,210,243,1)
15,13: (47802,24415,26985,65535)  #BA5F69FF  srgba(186,95,105,1)
0,14: (47802,38550,53456,65535)  #BA96D0FF  srgba(186,150,208,1)
1,14: (48059,1799,0,65535)  #BB0700FF  srgba(187,7,0,1)
2,14: (48059,37522,46517,65535)  #BB92B5FF  srgba(187,146,181,1)
3,14: (49344,17476,13364,65535)  #C04434FF  srgba(192,68,52,1)
4,14: (51143,3598,257,65535)  #C70E01FF  srgba(199,14,1,1)
5,14: (51143,6425,1542,65535)  #C71906FF  srgba(199,25,6,1)
6,14: (51143,29555,37265,65535)  #C77391FF  srgba(199,115,145,1)
7,14: (51400,24158,19532,65535)  #C85E4CFF  srgba(200,94,76,1)
8,14: (52171,12850,10537,65535)  #CB3229FF  srgba(203,50,41,1)
9,14: (52428,25700,33410,65535)  #CC6482FF  srgba(204,100,130,1)
10,14: (52428,33153,45746,65535)  #CC81B2FF  srgba(204,129,178,1)
11,14: (52942,18761,19789,65535)  #CE494DFF  srgba(206,73,77,1)
12,14: (53199,31611,41120,65535)  #CF7BA0FF  srgba(207,123,160,1)
13,14: (53713,32639,37265,65535)  #D17F91FF  srgba(209,127,145,1)
14,14: (54484,11051,4626,65535)  #D42B12FF  srgba(212,43,18,1)
15,14: (54484,29555,31611,65535)  #D4737BFF  srgba(212,115,123,1)
0,15: (54998,38036,45489,65535)  #D694B1FF  srgba(214,148,177,1)
1,15: (57311,40092,53456,65535)  #DF9CD0FF  srgba(223,156,208,1)
2,15: (57568,25443,26214,65535)  #E06366FF  srgba(224,99,102,1)
3,15: (58596,37522,37522,65535)  #E49292FF  srgba(228,146,146,1)
4,15: (58596,50886,63479,65535)  #E4C6F7FF  srgba(228,198,247,1)
5,15: (58853,18247,12593,65535)  #E54731FF  srgba(229,71,49,1)
6,15: (59367,29298,25186,65535)  #E77262FF  srgba(231,114,98,1)
7,15: (59367,34695,33410,65535)  #E78782FF  srgba(231,135,130,1)
8,15: (59624,44975,53970,65535)  #E8AFD2FF  srgba(232,175,210,1)
9,15: (59624,51657,59110,65535)  #E8C9E6FF  srgba(232,201,230,1)
10,15: (60395,33924,28527,65535)  #EB846FFF  srgba(235,132,111,1)
11,15: (60652,53199,51143,65535)  #ECCFC7FF  srgba(236,207,199,1)
12,15: (61423,59881,65021,65535)  #EFE9FDFF  srgba(239,233,253,1)
13,15: (62708,24672,19789,65535)  #F4604DFF  srgba(244,96,77,1)
14,15: (63222,38807,44204,65535)  #F697ACFF  srgba(246,151,172,1)
15,15: (0,65535,0,0)  #00FF0000  srgba(0,255,0,0)
