# ImageMagick pixel enumeration: 16,16,65535,srgba
0,0: (0,0,0,65535)  #000000FF  black
1,0: (0,0,514,65535)  #000002FF  srgba(0,0,2,1)
2,0: (0,0,771,65535)  #000003FF  srgba(0,0,3,1)
3,0: (0,0,1028,65535)  #000004FF  srgba(0,0,4,1)
4,0: (0,0,2056,65535)  #000008FF  srgba(0,0,8,1)
5,0: (0,257,0,65535)  #000100FF  srgba(0,1,0,1)
6,0: (257,0,0,65535)  #010000FF  srgba(1,0,0,1)
7,0: (257,257,257,65535)  #010101FF  srgba(1,1,1,1)
8,0: (257,514,257,65535)  #010201FF  srgba(1,2,1,1)
9,0: (514,0,0,65535)  #020000FF  srgba(2,0,0,1)
10,0: (514,0,514,65535)  #020002FF  srgba(2,0,2,1)
11,0: (514,0,2056,65535)  #020008FF  srgba(2,0,8,1)
12,0: (771,0,0,65535)  #030000FF  srgba(3,0,0,1)
13,0: (771,0,1028,65535)  #030004FF  srgba(3,0,4,1)
14,0: (1028,0,257,65535)  #040001FF  srgba(4,0,1,1)
15,0: (1028,771,2313,65535)  #040309FF  srgba(4,3,9,1)
0,1: (1285,1028,3855,65535)  #05040FFF  srgba(5,4,15,1)
1,1: (1542,0,0,65535)  #060000FF  srgba(6,0,0,1)
2,1: (1542,0,0,65535)  #060000FF  srgba(6,0,0,1)
3,1: (1542,514,771,65535)  #060203FF  srgba(6,2,3,1)
4,1: (1799,0,514,65535)  #070002FF  srgba(7,0,2,1)
5,1: (1799,2570,7196,65535)  #070A1CFF  srgba(7,10,28,1)
6,1: (2313,0,0,65535)  #090000FF  srgba(9,0,0,1)
7,1: (2570,0,514,65535)  #0A0002FF  srgba(10,0,2,1)
8,1: (2570,514,257,65535)  #0A0201FF  srgba(10,2,1,1)
9,1: (2570,1542,4369,65535)  #0A0611FF  srgba(10,6,17,1)
10,1: (2827,0,0,65535)  #0B0000FF  srgba(11,0,0,1)
11,1: (2827,2313,3598,65535)  #0B090EFF  srgba(11,9,14,1)
12,1: (2827,2570,5140,65535)  #0B0A14FF  srgba(11,10,20,1)
13,1: (3084,1285,2313,65535)  #0C0509FF  srgba(12,5,9,1)
14,1: (3084,4626,10280,65535)  #0C1228FF  srgba(12,18,40,1)
15,1: (3598,1285,771,65535)  #0E0503FF  srgba(14,5,3,1)
0,2: (3855,0,0,65535)  #0F0000FF  srgba(15,0,0,1)
1,2: (3855,514,0,65535)  #0F0200FF  srgba(15,2,0,1)
2,2: (4112,3598,6682,65535)  #100E1AFF  srgba(16,14,26,1)
3,2: (4112,4369,7453,65535)  #10111DFF  srgba(16,17,29,1)
4,2: (4369,2570,2313,65535)  #110A09FF  srgba(17,10,9,1)
5,2: (4369,2827,4369,65535)  #110B11FF  srgba(17,11,17,1)
6,2: (4369,3598,4626,65535)  #110E12FF  srgba(17,14,18,1)
7,2: (4883,0,0,65535)  #130000FF  srgba(19,0,0,1)
8,2: (4883,6168,12336,65535)  #131830FF  srgba(19,24,48,1)
9,2: (5140,1285,257,65535)  #140501FF  srgba(20,5,1,1)
10,2: (5140,2056,514,65535)  #140802FF  srgba(20,8,2,1)
11,2: (5140,2313,514,65535)  #140902FF  srgba(20,9,2,1)
12,2: (5397,4626,7453,65535)  #15121DFF  srgba(21,18,29,1)
13,2: (5654,8224,15420,65535)  #16203CFF  srgba(22,32,60,1)
14,2: (5911,0,0,65535)  #170000FF  srgba(23,0,0,1)
15,2: (6168,771,0,65535)  #180300FF  srgba(24,3,0,1)
0,3: (6168,3084,2827,65535)  #180C0BFF  srgba(24,12,11,1)
1,3: (6168,4626,4883,65535)  #181213FF  srgba(24,18,19,1)
2,3: (6168,5397,7710,65535)  #18151EFF  srgba(24,21,30,1)
3,3: (6425,1542,0,65535)  #190600FF  srgba(25,6,0,1)
4,3: (6425,4112,3084,65535)  #19100CFF  srgba(25,16,12,1)
5,3: (6425,6168,8481,65535)  #191821FF  srgba(25,24,33,1)
6,3: (6682,3341,771,65535)  #1A0D03FF  srgba(26,13,3,1)
7,3: (6939,2056,0,65535)  #1B0800FF  srgba(27,8,0,1)
8,3: (6939,2570,514,65535)  #1B0A02FF  srgba(27,10,2,1)
9,3: (6939,6425,10280,65535)  #1B1928FF  srgba(27,25,40,1)
10,3: (7453,5397,7453,65535)  #1D151DFF  srgba(29,21,29,1)
11,3: (7453,8224,12593,65535)  #1D2031FF  srgba(29,32,49,1)
12,3: (7710,3855,2827,65535)  #1E0F0BFF  srgba(30,15,11,1)
13,3: (7710,6682,8224,65535)  #1E1A20FF  srgba(30,26,32,1)
14,3: (7710,7710,10537,65535)  #1E1E29FF  srgba(30,30,41,1)
15,3: (7710,9509,15677,65535)  #1E253DFF  srgba(30,37,61,1)
0,4: (7967,5140,3855,65535)  #1F140FFF  srgba(31,20,15,1)
1,4: (7967,5654,4626,65535)  #1F1612FF  srgba(31,22,18,1)
2,4: (8224,0,0,65535)  #200000FF  srgba(32,0,0,1)
3,4: (8481,1028,0,65535)  #210400FF  srgba(33,4,0,1)
4,4: (8481,2056,0,65535)  #210800FF  srgba(33,8,0,1)
5,4: (8481,2827,257,65535)  #210B01FF  srgba(33,11,1,1)
6,4: (8481,3855,514,65535)  #210F02FF  srgba(33,15,2,1)
7,4: (8995,6939,7453,65535)  #231B1DFF  srgba(35,27,29,1)
8,4: (9252,7967,8224,65535)  #241F20FF  srgba(36,31,32,1)
9,4: (9509,8224,10794,65535)  #25202AFF  srgba(37,32,42,1)
10,4: (9766,4112,257,65535)  #261001FF  srgba(38,16,1,1)
11,4: (9766,4112,2570,65535)  #26100AFF  srgba(38,16,10,1)
12,4: (9766,5140,3084,65535)  #26140CFF  srgba(38,20,12,1)
13,4: (9766,5654,3341,65535)  #26160DFF  srgba(38,22,13,1)
14,4: (9766,6682,4369,65535)  #261A11FF  srgba(38,26,17,1)
15,4: (9766,11308,16962,65535)  #262C42FF  srgba(38,44,66,1)
0,5: (9766,12079,19018,65535)  #262F4AFF  srgba(38,47,74,1)
1,5: (10023,9509,12850,65535)  #272532FF  srgba(39,37,50,1)
2,5: (10280,1799,0,65535)  #280700FF  srgba(40,7,0,1)
3,5: (10280,2827,0,65535)  #280B00FF  srgba(40,11,0,1)
4,5: (10280,5140,257,65535)  #281401FF  srgba(40,20,1,1)
5,5: (10280,7453,4626,65535)  #281D12FF  srgba(40,29,18,1)
6,5: (10537,9509,10794,65535)  #29252AFF  srgba(41,37,42,1)
7,5: (10537,10537,13107,65535)  #292933FF  srgba(41,41,51,1)
8,5: (10794,5911,514,65535)  #2A1702FF  srgba(42,23,2,1)
9,5: (11308,4112,0,65535)  #2C1000FF  srgba(44,16,0,1)
10,5: (11308,8224,8224,65535)  #2C2020FF  srgba(44,32,32,1)
11,5: (11308,11565,15163,65535)  #2C2D3BFF  srgba(44,45,59,1)
12,5: (11565,7967,6425,65535)  #2D1F19FF  srgba(45,31,25,1)
13,5: (11565,11051,13364,65535)  #2D2B34FF  srgba(45,43,52,1)
14,5: (12079,1799,0,65535)  #2F0700FF  srgba(47,7,0,1)
15,5: (12079,6939,4112,65535)  #2F1B10FF  srgba(47,27,16,1)
0,6: (12079,9252,7710,65535)  #2F241EFF  srgba(47,36,30,1)
1,6: (12336,2827,0,65535)  #300B00FF  srgba(48,11,0,1)
2,6: (12336,5140,0,65535)  #301400FF  srgba(48,20,0,1)
3,6: (12336,6939,2056,65535)  #301B08FF  srgba(48,27,8,1)
4,6: (12593,7196,771,65535)  #311C03FF  srgba(49,28,3,1)
5,6: (12593,7967,3598,65535)  #311F0EFF  srgba(49,31,14,1)
6,6: (12593,10794,12079,65535)  #312A2FFF  srgba(49,42,47,1)
7,6: (12850,4112,0,65535)  #321000FF  srgba(50,16,0,1)
8,6: (12850,6168,257,65535)  #321801FF  srgba(50,24,1,1)
9,6: (12850,8995,4369,65535)  #322311FF  srgba(50,35,17,1)
10,6: (12850,10280,8224,65535)  #322820FF  srgba(50,40,32,1)
11,6: (12850,12079,13107,65535)  #322F33FF  srgba(50,47,51,1)
12,6: (12850,13107,16962,65535)  #323342FF  srgba(50,51,66,1)
13,6: (12850,14392,19532,65535)  #32384CFF  srgba(50,56,76,1)
14,6: (13364,12593,15420,65535)  #34313CFF  srgba(52,49,60,1)
15,6: (14392,6168,257,65535)  #381801FF  srgba(56,24,1,1)
0,7: (14392,7710,771,65535)  #381E03FF  srgba(56,30,3,1)
1,7: (14649,3341,0,65535)  #390D00FF  srgba(57,13,0,1)
2,7: (14649,4369,0,65535)  #391100FF  srgba(57,17,0,1)
3,7: (14649,10023,7710,65535)  #39271EFF  srgba(57,39,30,1)
4,7: (14649,12850,14906,65535)  #39323AFF  srgba(57,50,58,1)
5,7: (14906,8224,3598,65535)  #3A200EFF  srgba(58,32,14,1)
6,7: (14906,8995,3855,65535)  #3A230FFF  srgba(58,35,15,1)
7,7: (14906,9766,4369,65535)  #3A2611FF  srgba(58,38,17,1)
8,7: (14906,11051,8481,65535)  #3A2B21FF  srgba(58,43,33,1)
9,7: (15163,14649,17219,65535)  #3B3943FF  srgba(59,57,67,1)
10,7: (15420,8995,1285,65535)  #3C2305FF  srgba(60,35,5,1)
11,7: (15420,12850,11565,65535)  #3C322DFF  srgba(60,50,45,1)
12,7: (15420,14392,15163,65535)  #3C383BFF  srgba(60,56,59,1)
13,7: (15420,15163,18761,65535)  #3C3B49FF  srgba(60,59,73,1)
14,7: (15677,5911,257,65535)  #3D1701FF  srgba(61,23,1,1)
15,7: (15677,7710,514,65535)  #3D1E02FF  srgba(61,30,2,1)
0,8: (15677,12336,8995,65535)  #3D3023FF  srgba(61,48,35,1)
1,8: (15934,4626,0,65535)  #3E1200FF  srgba(62,18,0,1)
2,8: (15934,10794,4626,65535)  #3E2A12FF  srgba(62,42,18,1)
3,8: (16962,10023,3855,65535)  #42270FFF  srgba(66,39,15,1)
4,8: (17219,5140,0,65535)  #431400FF  srgba(67,20,0,1)
5,8: (17219,10023,1542,65535)  #432706FF  srgba(67,39,6,1)
6,8: (17219,11822,4626,65535)  #432E12FF  srgba(67,46,18,1)
7,8: (17219,16705,19275,65535)  #43414BFF  srgba(67,65,75,1)
8,8: (17476,5911,0,65535)  #441700FF  srgba(68,23,0,1)
9,8: (17476,7710,0,65535)  #441E00FF  srgba(68,30,0,1)
10,8: (17476,8995,514,65535)  #442302FF  srgba(68,35,2,1)
11,8: (17476,13621,11051,65535)  #44352BFF  srgba(68,53,43,1)
12,8: (17476,14906,14392,65535)  #443A38FF  srgba(68,58,56,1)
13,8: (17476,15420,17476,65535)  #443C44FF  srgba(68,60,68,1)
14,8: (17733,10794,3598,65535)  #452A0EFF  srgba(69,42,14,1)
15,8: (17733,17733,21588,65535)  #454554FF  srgba(69,69,84,1)
0,9: (17990,10537,1028,65535)  #462904FF  srgba(70,41,4,1)
1,9: (17990,12079,7196,65535)  #462F1CFF  srgba(70,47,28,1)
2,9: (18504,11308,1285,65535)  #482C05FF  srgba(72,44,5,1)
3,9: (18761,12079,4369,65535)  #492F11FF  srgba(73,47,17,1)
4,9: (19018,6425,0,65535)  #4A1900FF  srgba(74,25,0,1)
5,9: (19018,7710,0,65535)  #4A1E00FF  srgba(74,30,0,1)
6,9: (19018,8995,257,65535)  #4A2301FF  srgba(74,35,1,1)
7,9: (19018,10023,514,65535)  #4A2702FF  srgba(74,39,2,1)
8,9: (19018,13878,7710,65535)  #4A361EFF  srgba(74,54,30,1)
9,9: (19018,14392,10794,65535)  #4A382AFF  srgba(74,56,42,1)
10,9: (19018,15677,14906,65535)  #4A3D3AFF  srgba(74,61,58,1)
11,9: (19275,17219,17733,65535)  #4B4345FF  srgba(75,67,69,1)
12,9: (19532,19532,22102,65535)  #4C4C56FF  srgba(76,76,86,1)
13,9: (20046,7710,0,65535)  #4E1E00FF  srgba(78,30,0,1)
14,9: (20303,11565,3598,65535)  #4F2D0EFF  srgba(79,45,14,1)
15,9: (20303,12593,4112,65535)  #4F3110FF  srgba(79,49,16,1)
0,10: (20560,9252,0,65535)  #502400FF  srgba(80,36,0,1)
1,10: (20560,10023,0,65535)  #502700FF  srgba(80,39,0,1)
2,10: (20560,11308,1028,65535)  #502C04FF  srgba(80,44,4,1)
3,10: (20560,13621,4626,65535)  #503512FF  srgba(80,53,18,1)
4,10: (21074,15677,12593,65535)  #523D31FF  srgba(82,61,49,1)
5,10: (21331,7710,0,65535)  #531E00FF  srgba(83,30,0,1)
6,10: (21331,14392,7453,65535)  #53381DFF  srgba(83,56,29,1)
7,10: (21331,17476,13107,65535)  #534433FF  srgba(83,68,51,1)
8,10: (21331,17733,16962,65535)  #534542FF  srgba(83,69,66,1)
9,10: (21331,19018,18504,65535)  #534A48FF  srgba(83,74,72,1)
10,10: (21588,15420,10023,65535)  #543C27FF  srgba(84,60,39,1)
11,10: (21845,9252,0,65535)  #552400FF  srgba(85,36,0,1)
12,10: (21845,11051,257,65535)  #552B01FF  srgba(85,43,1,1)
13,10: (22102,13878,4626,65535)  #563612FF  srgba(86,54,18,1)
14,10: (22359,20560,22359,65535)  #575057FF  srgba(87,80,87,1)
15,10: (22616,11822,514,65535)  #582E02FF  srgba(88,46,2,1)
0,11: (22616,16962,8995,65535)  #584223FF  srgba(88,66,35,1)
1,11: (22873,10023,0,65535)  #592700FF  srgba(89,39,0,1)
2,11: (23130,13107,1285,65535)  #5A3305FF  srgba(90,51,5,1)
3,11: (23130,13364,3598,65535)  #5A340EFF  srgba(90,52,14,1)
4,11: (23130,22616,25443,65535)  #5A5863FF  srgba(90,88,99,1)
5,11: (23387,14649,4626,65535)  #5B3912FF  srgba(91,57,18,1)
6,11: (23901,15420,6939,65535)  #5D3C1BFF  srgba(93,60,27,1)
7,11: (23901,18504,12850,65535)  #5D4832FF  srgba(93,72,50,1)
8,11: (24158,19532,16962,65535)  #5E4C42FF  srgba(94,76,66,1)
9,11: (24158,24158,27756,65535)  #5E5E6CFF  srgba(94,94,108,1)
10,11: (24415,10794,0,65535)  #5F2A00FF  srgba(95,42,0,1)
11,11: (24415,17219,8224,65535)  #5F4320FF  srgba(95,67,32,1)
12,11: (24672,13878,1285,65535)  #603605FF  srgba(96,54,5,1)
13,11: (24672,21331,18504,65535)  #605348FF  srgba(96,83,72,1)
14,11: (24672,22616,22873,65535)  #605859FF  srgba(96,88,89,1)
15,11: (25186,12593,257,65535)  #623101FF  srgba(98,49,1,1)
0,12: (25186,14392,3855,65535)  #62380FFF  srgba(98,56,15,1)
1,12: (25700,15677,4626,65535)  #643D12FF  srgba(100,61,18,1)
2,12: (25700,18247,10794,65535)  #64472AFF  srgba(100,71,42,1)
3,12: (25957,17219,7196,65535)  #65431CFF  srgba(101,67,28,1)
4,12: (26214,20303,12593,65535)  #664F31FF  srgba(102,79,49,1)
5,12: (26471,21845,17476,65535)  #675544FF  srgba(103,85,68,1)
6,12: (26728,14649,1028,65535)  #683904FF  srgba(104,57,4,1)
7,12: (27756,23901,22102,65535)  #6C5D56FF  srgba(108,93,86,1)
8,12: (27756,25700,27242,65535)  #6C646AFF  srgba(108,100,106,1)
9,12: (28013,17219,5654,65535)  #6D4316FF  srgba(109,67,22,1)
10,12: (28013,22359,16962,65535)  #6D5742FF  srgba(109,87,66,1)
11,12: (28270,19275,9252,65535)  #6E4B24FF  srgba(110,75,36,1)
12,12: (28270,20817,12850,65535)  #6E5132FF  srgba(110,81,50,1)
13,12: (29298,25443,22873,65535)  #726359FF  srgba(114,99,89,1)
14,12: (29555,24415,19275,65535)  #735F4BFF  srgba(115,95,75,1)
15,12: (30069,22102,13878,65535)  #755636FF  srgba(117,86,54,1)
0,13: (30583,18504,5911,65535)  #774817FF  srgba(119,72,23,1)
1,13: (30583,20560,9766,65535)  #775026FF  srgba(119,80,38,1)
2,13: (30583,27499,28270,65535)  #776B6EFF  srgba(119,107,110,1)
3,13: (30840,24672,16962,65535)  #786042FF  srgba(120,96,66,1)
4,13: (30840,27242,25700,65535)  #786A64FF  srgba(120,106,100,1)
5,13: (31354,24158,14392,65535)  #7A5E38FF  srgba(122,94,56,1)
6,13: (31354,26214,19532,65535)  #7A664CFF  srgba(122,102,76,1)
7,13: (31354,26728,22616,65535)  #7A6858FF  srgba(122,104,88,1)
8,13: (32382,28270,22873,65535)  #7E6E59FF  srgba(126,110,89,1)
9,13: (32382,29298,27756,65535)  #7E726CFF  srgba(126,114,108,1)
10,13: (32382,29812,30326,65535)  #7E7476FF  srgba(126,116,118,1)
11,13: (32639,22359,12850,65535)  #7F5732FF  srgba(127,87,50,1)
12,13: (32639,30583,32382,65535)  #7F777EFF  srgba(127,119,126,1)
13,13: (33410,21074,8481,65535)  #825221FF  srgba(130,82,33,1)
14,13: (34438,25186,15677,65535)  #86623DFF  srgba(134,98,61,1)
15,13: (34438,26728,18504,65535)  #866848FF  srgba(134,104,72,1)
0,14: (34695,28527,23130,65535)  #876F5AFF  srgba(135,111,90,1)
1,14: (34695,31097,29298,65535)  #877972FF  srgba(135,121,114,1)
2,14: (34695,32125,32896,65535)  #877D80FF  srgba(135,125,128,1)
3,14: (35209,30583,24929,65535)  #897761FF  srgba(137,119,97,1)
4,14: (35466,28784,19275,65535)  #8A704BFF  srgba(138,112,75,1)
5,14: (35723,24415,11822,65535)  #8B5F2EFF  srgba(139,95,46,1)
6,14: (35723,25186,13878,65535)  #8B6236FF  srgba(139,98,54,1)
7,14: (37008,27242,15934,65535)  #906A3EFF  srgba(144,106,62,1)
8,14: (37008,33667,33924,65535)  #908384FF  srgba(144,131,132,1)
9,14: (37779,32896,29298,65535)  #938072FF  srgba(147,128,114,1)
10,14: (38293,30583,23130,65535)  #95775AFF  srgba(149,119,90,1)
11,14: (38293,32639,25700,65535)  #957F64FF  srgba(149,127,100,1)
12,14: (39578,29812,19018,65535)  #9A744AFF  srgba(154,116,74,1)
13,14: (39578,36751,35980,65535)  #9A8F8CFF  srgba(154,143,140,1)
14,14: (39835,35980,32382,65535)  #9B8C7EFF  srgba(155,140,126,1)
15,14: (40349,35466,29041,65535)  #9D8A71FF  srgba(157,138,113,1)
0,15: (41377,33410,24415,65535)  #A1825FFF  srgba(161,130,95,1)
1,15: (41634,39321,41120,65535)  #A299A0FF  srgba(162,153,160,1)
2,15: (43176,37008,29812,65535)  #A89074FF  srgba(168,144,116,1)
3,15: (43176,39064,35723,65535)  #A8988BFF  srgba(168,152,139,1)
4,15: (44975,41634,41891,65535)  #AFA2A3FF  srgba(175,162,163,1)
5,15: (46260,39321,31611,65535)  #B4997BFF  srgba(180,153,123,1)
6,15: (46774,43947,42148,65535)  #B6ABA4FF  srgba(182,171,164,1)
7,15: (47031,42148,37008,65535)  #B7A490FF  srgba(183,164,144,1)
8,15: (47031,44461,46260,65535)  #B7ADB4FF  srgba(183,173,180,1)
9,15: (50115,47031,48059,65535)  #C3B7BBFF  srgba(195,183,187,1)
10,15: (50372,46003,42662,65535)  #C4B3A6FF  srgba(196,179,166,1)
11,15: (53713,50115,48059,65535)  #D1C3BBFF  srgba(209,195,187,1)
12,15: (54741,51914,52685,65535)  #D5CACDFF  srgba(213,202,205,1)
13,15: (60909,57825,55512,65535)  #EDE1D8FF  srgba(237,225,216,1)
14,15: (63736,61937,61423,65535)  #F8F1EFFF  srgba(248,241,239,1)
15,15: (0,65535,0,0)  #00FF0000  srgba(0,255,0,0)
