# ImageMagick pixel enumeration: 16,16,65535,srgba
0,0: (0,0,0,65535)  #000000FF  black
1,0: (0,257,0,65535)  #000100FF  srgba(0,1,0,1)
2,0: (0,2056,0,65535)  #000800FF  srgba(0,8,0,1)
3,0: (0,2313,0,65535)  #000900FF  srgba(0,9,0,1)
4,0: (0,2827,0,65535)  #000B00FF  srgba(0,11,0,1)
5,0: (0,3341,0,65535)  #000D00FF  srgba(0,13,0,1)
6,0: (0,3598,0,65535)  #000E00FF  srgba(0,14,0,1)
7,0: (0,4112,0,65535)  #001000FF  srgba(0,16,0,1)
8,0: (0,5654,0,65535)  #001600FF  srgba(0,22,0,1)
9,0: (0,8481,0,65535)  #002100FF  srgba(0,33,0,1)
10,0: (257,11565,0,65535)  #012D00FF  srgba(1,45,0,1)
11,0: (1285,0,0,65535)  #050000FF  srgba(5,0,0,1)
12,0: (1799,0,0,65535)  #070000FF  srgba(7,0,0,1)
13,0: (2827,0,0,65535)  #0B0000FF  srgba(11,0,0,1)
14,0: (2827,14135,0,65535)  #0B3700FF  srgba(11,55,0,1)
15,0: (3341,13621,0,65535)  #0D3500FF  srgba(13,53,0,1)
0,1: (3598,0,0,65535)  #0E0000FF  srgba(14,0,0,1)
1,1: (4112,0,0,65535)  #100000FF  srgba(16,0,0,1)
2,1: (4369,0,0,65535)  #110000FF  srgba(17,0,0,1)
3,1: (4883,0,0,65535)  #130000FF  srgba(19,0,0,1)
4,1: (5397,257,0,65535)  #150100FF  srgba(21,1,0,1)
5,1: (5911,13107,2313,65535)  #173309FF  srgba(23,51,9,1)
6,1: (5911,16191,771,65535)  #173F03FF  srgba(23,63,3,1)
7,1: (6168,16705,2313,65535)  #184109FF  srgba(24,65,9,1)
8,1: (6425,0,0,65535)  #190000FF  srgba(25,0,0,1)
9,1: (6425,514,0,65535)  #190200FF  srgba(25,2,0,1)
10,1: (6682,12593,514,65535)  #1A3102FF  srgba(26,49,2,1)
11,1: (7967,514,0,65535)  #1F0200FF  srgba(31,2,0,1)
12,1: (7967,1028,0,65535)  #1F0400FF  srgba(31,4,0,1)
13,1: (7967,18247,3084,65535)  #1F470CFF  srgba(31,71,12,1)
14,1: (8481,1542,0,65535)  #210600FF  srgba(33,6,0,1)
15,1: (8995,514,0,65535)  #230200FF  srgba(35,2,0,1)
0,2: (10023,10280,0,65535)  #272800FF  srgba(39,40,0,1)
1,2: (10537,2313,0,65535)  #290900FF  srgba(41,9,0,1)
2,2: (10794,0,0,65535)  #2A0000FF  srgba(42,0,0,1)
3,2: (11051,771,0,65535)  #2B0300FF  srgba(43,3,0,1)
4,2: (11308,20303,6425,65535)  #2C4F19FF  srgba(44,79,25,1)
5,2: (11822,5397,0,65535)  #2E1500FF  srgba(46,21,0,1)
6,2: (12593,14649,2056,65535)  #313908FF  srgba(49,57,8,1)
7,2: (13107,18761,3855,65535)  #33490FFF  srgba(51,73,15,1)
8,2: (13878,9766,4626,65535)  #362612FF  srgba(54,38,18,1)
9,2: (14135,257,0,65535)  #370100FF  srgba(55,1,0,1)
10,2: (14906,2570,0,65535)  #3A0A00FF  srgba(58,10,0,1)
11,2: (14906,2827,771,65535)  #3A0B03FF  srgba(58,11,3,1)
12,2: (14906,6682,771,65535)  #3A1A03FF  srgba(58,26,3,1)
13,2: (14906,7196,0,65535)  #3A1C00FF  srgba(58,28,0,1)
14,2: (14906,20817,6939,65535)  #3A511BFF  srgba(58,81,27,1)
15,2: (15163,257,0,65535)  #3B0100FF  srgba(59,1,0,1)
0,3: (15163,5397,2313,65535)  #3B1509FF  srgba(59,21,9,1)
1,3: (15934,771,0,65535)  #3E0300FF  srgba(62,3,0,1)
2,3: (15934,771,0,65535)  #3E0300FF  srgba(62,3,0,1)
3,3: (15934,1028,0,65535)  #3E0400FF  srgba(62,4,0,1)
4,3: (16705,1799,0,65535)  #410700FF  srgba(65,7,0,1)
5,3: (16962,7453,771,65535)  #421D03FF  srgba(66,29,3,1)
6,3: (16962,8481,0,65535)  #422100FF  srgba(66,33,0,1)
7,3: (17219,257,0,65535)  #430100FF  srgba(67,1,0,1)
8,3: (17219,1285,0,65535)  #430500FF  srgba(67,5,0,1)
9,3: (17219,7710,4883,65535)  #431E13FF  srgba(67,30,19,1)
10,3: (17476,1028,0,65535)  #440400FF  srgba(68,4,0,1)
11,3: (17476,9766,0,65535)  #442600FF  srgba(68,38,0,1)
12,3: (17476,10794,0,65535)  #442A00FF  srgba(68,42,0,1)
13,3: (17733,1028,0,65535)  #450400FF  srgba(69,4,0,1)
14,3: (17733,1028,0,65535)  #450400FF  srgba(69,4,0,1)
15,3: (17733,1799,0,65535)  #450700FF  srgba(69,7,0,1)
0,4: (17733,3598,0,65535)  #450E00FF  srgba(69,14,0,1)
1,4: (17990,1028,0,65535)  #460400FF  srgba(70,4,0,1)
2,4: (17990,1542,0,65535)  #460600FF  srgba(70,6,0,1)
3,4: (18247,1285,0,65535)  #470500FF  srgba(71,5,0,1)
4,4: (18247,1799,0,65535)  #470700FF  srgba(71,7,0,1)
5,4: (18247,8224,5397,65535)  #472015FF  srgba(71,32,21,1)
6,4: (18247,10537,0,65535)  #472900FF  srgba(71,41,0,1)
7,4: (18247,18247,4112,65535)  #474710FF  srgba(71,71,16,1)
8,4: (18504,1285,0,65535)  #480500FF  srgba(72,5,0,1)
9,4: (18504,1542,0,65535)  #480600FF  srgba(72,6,0,1)
10,4: (18504,1799,0,65535)  #480700FF  srgba(72,7,0,1)
11,4: (18504,3084,0,65535)  #480C00FF  srgba(72,12,0,1)
12,4: (18504,7710,1028,65535)  #481E04FF  srgba(72,30,4,1)
13,4: (18504,9252,0,65535)  #482400FF  srgba(72,36,0,1)
14,4: (18504,11565,0,65535)  #482D00FF  srgba(72,45,0,1)
15,4: (18504,20560,7710,65535)  #48501EFF  srgba(72,80,30,1)
0,5: (18761,514,0,65535)  #490200FF  srgba(73,2,0,1)
1,5: (18761,9509,0,65535)  #492500FF  srgba(73,37,0,1)
2,5: (18761,10537,0,65535)  #492900FF  srgba(73,41,0,1)
3,5: (18761,11051,0,65535)  #492B00FF  srgba(73,43,0,1)
4,5: (19018,1285,0,65535)  #4A0500FF  srgba(74,5,0,1)
5,5: (19018,2570,0,65535)  #4A0A00FF  srgba(74,10,0,1)
6,5: (19018,11822,0,65535)  #4A2E00FF  srgba(74,46,0,1)
7,5: (19275,1028,0,65535)  #4B0400FF  srgba(75,4,0,1)
8,5: (19275,7196,0,65535)  #4B1C00FF  srgba(75,28,0,1)
9,5: (19275,9509,2827,65535)  #4B250BFF  srgba(75,37,11,1)
10,5: (19275,9766,0,65535)  #4B2600FF  srgba(75,38,0,1)
11,5: (19275,9766,0,65535)  #4B2600FF  srgba(75,38,0,1)
12,5: (19275,10023,0,65535)  #4B2700FF  srgba(75,39,0,1)
13,5: (19275,10280,0,65535)  #4B2800FF  srgba(75,40,0,1)
14,5: (19275,10794,0,65535)  #4B2A00FF  srgba(75,42,0,1)
15,5: (19275,12593,0,65535)  #4B3100FF  srgba(75,49,0,1)
0,6: (19532,1285,0,65535)  #4C0500FF  srgba(76,5,0,1)
1,6: (19532,3084,0,65535)  #4C0C00FF  srgba(76,12,0,1)
2,6: (19532,9766,0,65535)  #4C2600FF  srgba(76,38,0,1)
3,6: (19532,10023,0,65535)  #4C2700FF  srgba(76,39,0,1)
4,6: (19532,11565,0,65535)  #4C2D00FF  srgba(76,45,0,1)
5,6: (19532,12336,0,65535)  #4C3000FF  srgba(76,48,0,1)
6,6: (19789,1028,0,65535)  #4D0400FF  srgba(77,4,0,1)
7,6: (19789,3598,0,65535)  #4D0E00FF  srgba(77,14,0,1)
8,6: (20046,514,0,65535)  #4E0200FF  srgba(78,2,0,1)
9,6: (20046,1028,0,65535)  #4E0400FF  srgba(78,4,0,1)
10,6: (20046,2313,0,65535)  #4E0900FF  srgba(78,9,0,1)
11,6: (20046,11565,0,65535)  #4E2D00FF  srgba(78,45,0,1)
12,6: (20046,18761,6168,65535)  #4E4918FF  srgba(78,73,24,1)
13,6: (20303,3084,0,65535)  #4F0C00FF  srgba(79,12,0,1)
14,6: (20303,9252,0,65535)  #4F2400FF  srgba(79,36,0,1)
15,6: (20303,11051,0,65535)  #4F2B00FF  srgba(79,43,0,1)
0,7: (20303,11822,0,65535)  #4F2E00FF  srgba(79,46,0,1)
1,7: (20303,12850,0,65535)  #4F3200FF  srgba(79,50,0,1)
2,7: (20560,13621,0,65535)  #503500FF  srgba(80,53,0,1)
3,7: (20817,1028,0,65535)  #510400FF  srgba(81,4,0,1)
4,7: (20817,3341,0,65535)  #510D00FF  srgba(81,13,0,1)
5,7: (20817,4112,0,65535)  #511000FF  srgba(81,16,0,1)
6,7: (20817,8738,0,65535)  #512200FF  srgba(81,34,0,1)
7,7: (21074,3341,0,65535)  #520D00FF  srgba(82,13,0,1)
8,7: (21074,6939,771,65535)  #521B03FF  srgba(82,27,3,1)
9,7: (21074,7967,0,65535)  #521F00FF  srgba(82,31,0,1)
10,7: (21074,14906,0,65535)  #523A00FF  srgba(82,58,0,1)
11,7: (21331,5654,0,65535)  #531600FF  srgba(83,22,0,1)
12,7: (21331,5911,0,65535)  #531700FF  srgba(83,23,0,1)
13,7: (21331,7710,0,65535)  #531E00FF  srgba(83,30,0,1)
14,7: (21331,10794,6168,65535)  #532A18FF  srgba(83,42,24,1)
15,7: (21588,1028,0,65535)  #540400FF  srgba(84,4,0,1)
0,8: (21588,5911,0,65535)  #541700FF  srgba(84,23,0,1)
1,8: (21588,14906,0,65535)  #543A00FF  srgba(84,58,0,1)
2,8: (21588,15163,0,65535)  #543B00FF  srgba(84,59,0,1)
3,8: (21588,17733,2827,65535)  #54450BFF  srgba(84,69,11,1)
4,8: (21845,15163,771,65535)  #553B03FF  srgba(85,59,3,1)
5,8: (22102,11308,1799,65535)  #562C07FF  srgba(86,44,7,1)
6,8: (22102,12079,9509,65535)  #562F25FF  srgba(86,47,37,1)
7,8: (22359,16448,0,65535)  #574000FF  srgba(87,64,0,1)
8,8: (22616,2827,0,65535)  #580B00FF  srgba(88,11,0,1)
9,8: (22616,16705,0,65535)  #584100FF  srgba(88,65,0,1)
10,8: (23130,14135,2827,65535)  #5A370BFF  srgba(90,55,11,1)
11,8: (23130,14135,3598,65535)  #5A370EFF  srgba(90,55,14,1)
12,8: (23130,15420,4112,65535)  #5A3C10FF  srgba(90,60,16,1)
13,8: (23387,2313,0,65535)  #5B0900FF  srgba(91,9,0,1)
14,8: (23387,17733,0,65535)  #5B4500FF  srgba(91,69,0,1)
15,8: (23387,18247,4626,65535)  #5B4712FF  srgba(91,71,18,1)
0,9: (23644,18247,771,65535)  #5C4703FF  srgba(92,71,3,1)
1,9: (23901,3855,771,65535)  #5D0F03FF  srgba(93,15,3,1)
2,9: (23901,16962,257,65535)  #5D4201FF  srgba(93,66,1,1)
3,9: (24158,3341,0,65535)  #5E0D00FF  srgba(94,13,0,1)
4,9: (24158,13878,9509,65535)  #5E3625FF  srgba(94,54,37,1)
5,9: (24415,10537,7453,65535)  #5F291DFF  srgba(95,41,29,1)
6,9: (24415,14135,2570,65535)  #5F370AFF  srgba(95,55,10,1)
7,9: (24672,16191,1028,65535)  #603F04FF  srgba(96,63,4,1)
8,9: (24672,18247,771,65535)  #604703FF  srgba(96,71,3,1)
9,9: (24929,14135,3855,65535)  #61370FFF  srgba(97,55,15,1)
10,9: (24929,14135,4369,65535)  #613711FF  srgba(97,55,17,1)
11,9: (24929,17990,4883,65535)  #614613FF  srgba(97,70,19,1)
12,9: (24929,18504,2827,65535)  #61480BFF  srgba(97,72,11,1)
13,9: (25186,5911,514,65535)  #621702FF  srgba(98,23,2,1)
14,9: (25186,11565,3084,65535)  #622D0CFF  srgba(98,45,12,1)
15,9: (25186,14392,7453,65535)  #62381DFF  srgba(98,56,29,1)
0,10: (25186,15163,11051,65535)  #623B2BFF  srgba(98,59,43,1)
1,10: (25186,15420,7453,65535)  #623C1DFF  srgba(98,60,29,1)
2,10: (25186,15677,3084,65535)  #623D0CFF  srgba(98,61,12,1)
3,10: (25186,16191,8738,65535)  #623F22FF  srgba(98,63,34,1)
4,10: (25186,16962,4626,65535)  #624212FF  srgba(98,66,18,1)
5,10: (25443,5654,1542,65535)  #631606FF  srgba(99,22,6,1)
6,10: (25443,7967,1799,65535)  #631F07FF  srgba(99,31,7,1)
7,10: (25443,10023,1542,65535)  #632706FF  srgba(99,39,6,1)
8,10: (25443,15934,3598,65535)  #633E0EFF  srgba(99,62,14,1)
9,10: (25443,16191,3855,65535)  #633F0FFF  srgba(99,63,15,1)
10,10: (25443,16191,4369,65535)  #633F11FF  srgba(99,63,17,1)
11,10: (25443,16962,6425,65535)  #634219FF  srgba(99,66,25,1)
12,10: (25443,17733,3341,65535)  #63450DFF  srgba(99,69,13,1)
13,10: (25443,18247,3598,65535)  #63470EFF  srgba(99,71,14,1)
14,10: (25700,16448,5397,65535)  #644015FF  srgba(100,64,21,1)
15,10: (25700,17476,4883,65535)  #644413FF  srgba(100,68,19,1)
0,11: (25700,17476,5397,65535)  #644415FF  srgba(100,68,21,1)
1,11: (25700,18247,5397,65535)  #644715FF  srgba(100,71,21,1)
2,11: (25700,18761,3084,65535)  #64490CFF  srgba(100,73,12,1)
3,11: (25957,7710,1285,65535)  #651E05FF  srgba(101,30,5,1)
4,11: (25957,10537,2570,65535)  #65290AFF  srgba(101,41,10,1)
5,11: (25957,13621,3598,65535)  #65350EFF  srgba(101,53,14,1)
6,11: (25957,16191,6939,65535)  #653F1BFF  srgba(101,63,27,1)
7,11: (25957,16962,3855,65535)  #65420FFF  srgba(101,66,15,1)
8,11: (25957,16962,4626,65535)  #654212FF  srgba(101,66,18,1)
9,11: (25957,16962,5140,65535)  #654214FF  srgba(101,66,20,1)
10,11: (26214,14392,4369,65535)  #663811FF  srgba(102,56,17,1)
11,11: (26214,14649,3341,65535)  #66390DFF  srgba(102,57,13,1)
12,11: (26214,15934,4112,65535)  #663E10FF  srgba(102,62,16,1)
13,11: (26214,16962,5911,65535)  #664217FF  srgba(102,66,23,1)
14,11: (26214,17219,4369,65535)  #664311FF  srgba(102,67,17,1)
15,11: (26214,17219,4883,65535)  #664313FF  srgba(102,67,19,1)
0,12: (26214,17219,5397,65535)  #664315FF  srgba(102,67,21,1)
1,12: (26214,17219,12079,65535)  #66432FFF  srgba(102,67,47,1)
2,12: (26471,6939,1285,65535)  #671B05FF  srgba(103,27,5,1)
3,12: (26471,7453,1285,65535)  #671D05FF  srgba(103,29,5,1)
4,12: (26471,10280,2570,65535)  #67280AFF  srgba(103,40,10,1)
5,12: (26471,16191,3855,65535)  #673F0FFF  srgba(103,63,15,1)
6,12: (26471,16191,4112,65535)  #673F10FF  srgba(103,63,16,1)
7,12: (26471,16962,4369,65535)  #674211FF  srgba(103,66,17,1)
8,12: (26471,16962,4883,65535)  #674213FF  srgba(103,66,19,1)
9,12: (26471,16962,5911,65535)  #674217FF  srgba(103,66,23,1)
10,12: (26471,17476,4369,65535)  #674411FF  srgba(103,68,17,1)
11,12: (26471,17476,5140,65535)  #674414FF  srgba(103,68,20,1)
12,12: (26471,17476,5654,65535)  #674416FF  srgba(103,68,22,1)
13,12: (26471,17990,4626,65535)  #674612FF  srgba(103,70,18,1)
14,12: (26728,7196,2313,65535)  #681C09FF  srgba(104,28,9,1)
15,12: (26728,7710,2313,65535)  #681E09FF  srgba(104,30,9,1)
0,13: (26728,7967,1285,65535)  #681F05FF  srgba(104,31,5,1)
1,13: (26728,13107,3598,65535)  #68330EFF  srgba(104,51,14,1)
2,13: (26728,16962,5397,65535)  #684215FF  srgba(104,66,21,1)
3,13: (26728,17219,4883,65535)  #684313FF  srgba(104,67,19,1)
4,13: (26728,17476,4883,65535)  #684413FF  srgba(104,68,19,1)
5,13: (26728,17733,5654,65535)  #684516FF  srgba(104,69,22,1)
6,13: (26985,14135,4883,65535)  #693713FF  srgba(105,55,19,1)
7,13: (26985,16448,5397,65535)  #694015FF  srgba(105,64,21,1)
8,13: (26985,16705,4626,65535)  #694112FF  srgba(105,65,18,1)
9,13: (26985,16705,4883,65535)  #694113FF  srgba(105,65,19,1)
10,13: (26985,17476,1542,65535)  #694406FF  srgba(105,68,6,1)
11,13: (26985,17476,4883,65535)  #694413FF  srgba(105,68,19,1)
12,13: (26985,17476,5397,65535)  #694415FF  srgba(105,68,21,1)
13,13: (26985,17476,5654,65535)  #694416FF  srgba(105,68,22,1)
14,13: (27242,8224,2570,65535)  #6A200AFF  srgba(106,32,10,1)
15,13: (27242,16191,6168,65535)  #6A3F18FF  srgba(106,63,24,1)
0,14: (27242,16705,5911,65535)  #6A4117FF  srgba(106,65,23,1)
1,14: (27242,16962,4883,65535)  #6A4213FF  srgba(106,66,19,1)
2,14: (27242,16962,5140,65535)  #6A4214FF  srgba(106,66,20,1)
3,14: (27242,17733,5911,65535)  #6A4517FF  srgba(106,69,23,1)
4,14: (27242,17990,6939,65535)  #6A461BFF  srgba(106,70,27,1)
5,14: (27499,13107,6168,65535)  #6B3318FF  srgba(107,51,24,1)
6,14: (27499,16191,5397,65535)  #6B3F15FF  srgba(107,63,21,1)
7,14: (27499,16191,7196,65535)  #6B3F1CFF  srgba(107,63,28,1)
8,14: (27499,16448,6939,65535)  #6B401BFF  srgba(107,64,27,1)
9,14: (27499,16705,5911,65535)  #6B4117FF  srgba(107,65,23,1)
10,14: (27499,16705,6425,65535)  #6B4119FF  srgba(107,65,25,1)
11,14: (27499,16962,6168,65535)  #6B4218FF  srgba(107,66,24,1)
12,14: (27499,17219,5140,65535)  #6B4314FF  srgba(107,67,20,1)
13,14: (27499,17219,5654,65535)  #6B4316FF  srgba(107,67,22,1)
14,14: (27756,16191,6168,65535)  #6C3F18FF  srgba(108,63,24,1)
15,14: (27756,16705,6682,65535)  #6C411AFF  srgba(108,65,26,1)
0,15: (27756,16962,6168,65535)  #6C4218FF  srgba(108,66,24,1)
1,15: (27756,16962,6682,65535)  #6C421AFF  srgba(108,66,26,1)
2,15: (27756,17219,5397,65535)  #6C4315FF  srgba(108,67,21,1)
3,15: (27756,17219,6425,65535)  #6C4319FF  srgba(108,67,25,1)
4,15: (27756,17476,5911,65535)  #6C4417FF  srgba(108,68,23,1)
5,15: (28013,16448,5911,65535)  #6D4017FF  srgba(109,64,23,1)
6,15: (28013,16448,5911,65535)  #6D4017FF  srgba(109,64,23,1)
7,15: (28013,16448,6425,65535)  #6D4019FF  srgba(109,64,25,1)
8,15: (28270,16705,6168,65535)  #6E4118FF  srgba(110,65,24,1)
9,15: (28270,16705,6682,65535)  #6E411AFF  srgba(110,65,26,1)
10,15: (28270,16705,6939,65535)  #6E411BFF  srgba(110,65,27,1)
11,15: (28527,16705,6425,65535)  #6F4119FF  srgba(111,65,25,1)
12,15: (28527,17219,5911,65535)  #6F4317FF  srgba(111,67,23,1)
13,15: (29298,22102,10794,65535)  #72562AFF  srgba(114,86,42,1)
14,15: (32125,26214,15420,65535)  #7D663CFF  srgba(125,102,60,1)
15,15: (0,65535,0,0)  #00FF0000  srgba(0,255,0,0)
