# ImageMagick pixel enumeration: 16,16,65535,srgba
0,0: (0,0,0,65535)  #000000FF  black
1,0: (0,0,257,65535)  #000001FF  srgba(0,0,1,1)
2,0: (0,257,0,65535)  #000100FF  srgba(0,1,0,1)
3,0: (771,0,257,65535)  #030001FF  srgba(3,0,1,1)
4,0: (2056,3598,514,65535)  #080E02FF  srgba(8,14,2,1)
5,0: (2313,0,0,65535)  #090000FF  srgba(9,0,0,1)
6,0: (2827,0,257,65535)  #0B0001FF  srgba(11,0,1,1)
7,0: (3341,37265,27499,65535)  #0D916BFF  srgba(13,145,107,1)
8,0: (4369,257,257,65535)  #110101FF  srgba(17,1,1,1)
9,0: (4883,23130,10280,65535)  #135A28FF  srgba(19,90,40,1)
10,0: (5397,771,514,65535)  #150302FF  srgba(21,3,2,1)
11,0: (7710,20817,8481,65535)  #1E5121FF  srgba(30,81,33,1)
12,0: (8224,17476,6682,65535)  #20441AFF  srgba(32,68,26,1)
13,0: (10023,36494,27499,65535)  #278E6BFF  srgba(39,142,107,1)
14,0: (10280,0,0,65535)  #280000FF  srgba(40,0,0,1)
15,0: (10537,34695,22102,65535)  #298756FF  srgba(41,135,86,1)
0,1: (10537,35466,25700,65535)  #298A64FF  srgba(41,138,100,1)
1,1: (12850,1028,514,65535)  #320402FF  srgba(50,4,2,1)
2,1: (14906,0,0,65535)  #3A0000FF  srgba(58,0,0,1)
3,1: (16448,34181,23901,65535)  #40855DFF  srgba(64,133,93,1)
4,1: (16705,20560,8224,65535)  #415020FF  srgba(65,80,32,1)
5,1: (17476,21331,10537,65535)  #445329FF  srgba(68,83,41,1)
6,1: (17733,37008,27756,65535)  #45906CFF  srgba(69,144,108,1)
7,1: (17990,17990,5654,65535)  #464616FF  srgba(70,70,22,1)
8,1: (18247,0,0,65535)  #470000FF  srgba(71,0,0,1)
9,1: (18247,35209,26985,65535)  #478969FF  srgba(71,137,105,1)
10,1: (19789,24415,12850,65535)  #4D5F32FF  srgba(77,95,50,1)
11,1: (20303,34181,25186,65535)  #4F8562FF  srgba(79,133,98,1)
12,1: (20560,18247,17990,65535)  #504746FF  srgba(80,71,70,1)
13,1: (20560,32896,22102,65535)  #508056FF  srgba(80,128,86,1)
14,1: (20817,20046,16962,65535)  #514E42FF  srgba(81,78,66,1)
15,1: (23130,771,514,65535)  #5A0302FF  srgba(90,3,2,1)
0,2: (24415,18247,6425,65535)  #5F4719FF  srgba(95,71,25,1)
1,2: (25957,33410,22873,65535)  #658259FF  srgba(101,130,89,1)
2,2: (25957,33410,24672,65535)  #658260FF  srgba(101,130,96,1)
3,2: (25957,34181,26214,65535)  #658566FF  srgba(101,133,102,1)
4,2: (25957,35980,26471,65535)  #658C67FF  srgba(101,140,103,1)
5,2: (25957,37008,28013,65535)  #65906DFF  srgba(101,144,109,1)
6,2: (26471,31097,20046,65535)  #67794EFF  srgba(103,121,78,1)
7,2: (26471,31097,22359,65535)  #677957FF  srgba(103,121,87,1)
8,2: (26728,31611,21588,65535)  #687B54FF  srgba(104,123,84,1)
9,2: (27499,11565,4112,65535)  #6B2D10FF  srgba(107,45,16,1)
10,2: (28013,15420,4369,65535)  #6D3C11FF  srgba(109,60,17,1)
11,2: (28013,24929,15163,65535)  #6D613BFF  srgba(109,97,59,1)
12,2: (28527,20303,10794,65535)  #6F4F2AFF  srgba(111,79,42,1)
13,2: (29812,21331,13364,65535)  #745334FF  srgba(116,83,52,1)
14,2: (30069,19018,7710,65535)  #754A1EFF  srgba(117,74,30,1)
15,2: (30583,16705,5397,65535)  #774115FF  srgba(119,65,21,1)
0,3: (31354,23387,13878,65535)  #7A5B36FF  srgba(122,91,54,1)
1,3: (31868,27242,19532,65535)  #7C6A4CFF  srgba(124,106,76,1)
2,3: (32125,30326,22359,65535)  #7D7657FF  srgba(125,118,87,1)
3,3: (32125,32896,22873,65535)  #7D8059FF  srgba(125,128,89,1)
4,3: (32125,32896,24415,65535)  #7D805FFF  srgba(125,128,95,1)
5,3: (32125,33924,26214,65535)  #7D8466FF  srgba(125,132,102,1)
6,3: (32639,36751,27499,65535)  #7F8F6BFF  srgba(127,143,107,1)
7,3: (33924,29812,21588,65535)  #847454FF  srgba(132,116,84,1)
8,3: (34181,30326,19275,65535)  #85764BFF  srgba(133,118,75,1)
9,3: (34181,30840,20817,65535)  #857851FF  srgba(133,120,81,1)
10,3: (34181,32125,21588,65535)  #857D54FF  srgba(133,125,84,1)
11,3: (35466,15163,5654,65535)  #8A3B16FF  srgba(138,59,22,1)
12,3: (35723,14392,6168,65535)  #8B3818FF  srgba(139,56,24,1)
13,3: (35723,19018,7967,65535)  #8B4A1FFF  srgba(139,74,31,1)
14,3: (35980,22102,13107,65535)  #8C5633FF  srgba(140,86,51,1)
15,3: (36237,22873,18761,65535)  #8D5949FF  srgba(141,89,73,1)
0,4: (36237,28013,18761,65535)  #8D6D49FF  srgba(141,109,73,1)
1,4: (36494,7710,3855,65535)  #8E1E0FFF  srgba(142,30,15,1)
2,4: (36494,16705,6425,65535)  #8E4119FF  srgba(142,65,25,1)
3,4: (36494,28013,23387,65535)  #8E6D5BFF  srgba(142,109,91,1)
4,4: (36751,19275,12079,65535)  #8F4B2FFF  srgba(143,75,47,1)
5,4: (36751,30326,22616,65535)  #8F7658FF  srgba(143,118,88,1)
6,4: (36751,32896,24415,65535)  #8F805FFF  srgba(143,128,95,1)
7,4: (36751,33153,22873,65535)  #8F8159FF  srgba(143,129,89,1)
8,4: (37008,33667,26728,65535)  #908368FF  srgba(144,131,104,1)
9,4: (37008,36494,28013,65535)  #908E6DFF  srgba(144,142,109,1)
10,4: (40863,33924,24158,65535)  #9F845EFF  srgba(159,132,94,1)
11,4: (41377,28527,21588,65535)  #A16F54FF  srgba(161,111,84,1)
12,4: (41377,30583,22616,65535)  #A17758FF  srgba(161,119,88,1)
13,4: (41377,31868,21588,65535)  #A17C54FF  srgba(161,124,84,1)
14,4: (41634,35209,27242,65535)  #A2896AFF  srgba(162,137,106,1)
15,4: (41634,35209,28784,65535)  #A28970FF  srgba(162,137,112,1)
0,5: (42148,20046,12079,65535)  #A44E2FFF  srgba(164,78,47,1)
1,5: (42662,26728,20303,65535)  #A6684FFF  srgba(166,104,79,1)
2,5: (42662,29812,19275,65535)  #A6744BFF  srgba(166,116,75,1)
3,5: (42919,9509,6425,65535)  #A72519FF  srgba(167,37,25,1)
4,5: (42919,20560,15163,65535)  #A7503BFF  srgba(167,80,59,1)
5,5: (42919,24929,14906,65535)  #A7613AFF  srgba(167,97,58,1)
6,5: (42919,30069,20560,65535)  #A77550FF  srgba(167,117,80,1)
7,5: (43176,30326,23644,65535)  #A8765CFF  srgba(168,118,92,1)
8,5: (43433,14906,6939,65535)  #A93A1BFF  srgba(169,58,27,1)
9,5: (43433,20817,20560,65535)  #A95150FF  srgba(169,81,80,1)
10,5: (43433,26728,19018,65535)  #A9684AFF  srgba(169,104,74,1)
11,5: (43690,16962,6682,65535)  #AA421AFF  srgba(170,66,26,1)
12,5: (43947,23130,23644,65535)  #AB5A5CFF  srgba(171,90,92,1)
13,5: (43947,28013,26985,65535)  #AB6D69FF  srgba(171,109,105,1)
14,5: (43947,28270,24158,65535)  #AB6E5EFF  srgba(171,110,94,1)
15,5: (44204,15163,11308,65535)  #AC3B2CFF  srgba(172,59,44,1)
0,6: (44204,17733,8995,65535)  #AC4523FF  srgba(172,69,35,1)
1,6: (44204,18504,10794,65535)  #AC482AFF  srgba(172,72,42,1)
2,6: (44204,18761,14392,65535)  #AC4938FF  srgba(172,73,56,1)
3,6: (44204,30069,26471,65535)  #AC7567FF  srgba(172,117,103,1)
4,6: (44461,13878,7453,65535)  #AD361DFF  srgba(173,54,29,1)
5,6: (44461,33667,24158,65535)  #AD835EFF  srgba(173,131,94,1)
6,6: (44718,26471,25443,65535)  #AE6763FF  srgba(174,103,99,1)
7,6: (45489,31611,21588,65535)  #B17B54FF  srgba(177,123,84,1)
8,6: (45489,34181,26985,65535)  #B18569FF  srgba(177,133,105,1)
9,6: (45746,28013,21588,65535)  #B26D54FF  srgba(178,109,84,1)
10,6: (45746,30840,22616,65535)  #B27858FF  srgba(178,120,88,1)
11,6: (46003,35723,33667,65535)  #B38B83FF  srgba(179,139,131,1)
12,6: (47288,26728,20303,65535)  #B8684FFF  srgba(184,104,79,1)
13,6: (47802,33410,24158,65535)  #BA825EFF  srgba(186,130,94,1)
14,6: (49087,36494,34438,65535)  #BF8E86FF  srgba(191,142,134,1)
15,6: (49344,18504,11051,65535)  #C0482BFF  srgba(192,72,43,1)
0,7: (49344,33667,26728,65535)  #C08368FF  srgba(192,131,104,1)
1,7: (49601,20303,13621,65535)  #C14F35FF  srgba(193,79,53,1)
2,7: (49858,20817,20303,65535)  #C2514FFF  srgba(194,81,79,1)
3,7: (50372,20560,17990,65535)  #C45046FF  srgba(196,80,70,1)
4,7: (50372,29555,21588,65535)  #C47354FF  srgba(196,115,84,1)
5,7: (50372,30069,19275,65535)  #C4754BFF  srgba(196,117,75,1)
6,7: (50372,30326,20560,65535)  #C47650FF  srgba(196,118,80,1)
7,7: (50629,24672,15420,65535)  #C5603CFF  srgba(197,96,60,1)
8,7: (50629,25186,23644,65535)  #C5625CFF  srgba(197,98,92,1)
9,7: (50629,30326,27242,65535)  #C5766AFF  srgba(197,118,106,1)
10,7: (50886,15163,10537,65535)  #C63B29FF  srgba(198,59,41,1)
11,7: (50886,25443,19018,65535)  #C6634AFF  srgba(198,99,74,1)
12,7: (50886,27756,27242,65535)  #C66C6AFF  srgba(198,108,106,1)
13,7: (50886,31354,21588,65535)  #C67A54FF  srgba(198,122,84,1)
14,7: (51143,13107,6682,65535)  #C7331AFF  srgba(199,51,26,1)
15,7: (51143,14906,7453,65535)  #C73A1DFF  srgba(199,58,29,1)
0,8: (51143,26214,20303,65535)  #C7664FFF  srgba(199,102,79,1)
1,8: (51143,26214,21588,65535)  #C76654FF  srgba(199,102,84,1)
2,8: (51143,30583,22616,65535)  #C77758FF  srgba(199,119,88,1)
3,8: (51400,15163,14392,65535)  #C83B38FF  srgba(200,59,56,1)
4,8: (51400,17219,8481,65535)  #C84321FF  srgba(200,67,33,1)
5,8: (51400,18504,18247,65535)  #C84847FF  srgba(200,72,71,1)
6,8: (51400,28270,24158,65535)  #C86E5EFF  srgba(200,110,94,1)
7,8: (51400,30326,24415,65535)  #C8765FFF  srgba(200,118,95,1)
8,8: (51657,33153,24158,65535)  #C9815EFF  srgba(201,129,94,1)
9,8: (52171,33667,29812,65535)  #CB8374FF  srgba(203,131,116,1)
10,8: (53199,34181,31097,65535)  #CF8579FF  srgba(207,133,121,1)
11,8: (56283,27756,27499,65535)  #DB6C6BFF  srgba(219,108,107,1)
12,8: (56283,28013,25186,65535)  #DB6D62FF  srgba(219,109,98,1)
13,8: (56283,30583,20817,65535)  #DB7751FF  srgba(219,119,81,1)
14,8: (56283,30583,24672,65535)  #DB7760FF  srgba(219,119,96,1)
15,8: (56283,31611,23387,65535)  #DB7B5BFF  srgba(219,123,91,1)
0,9: (56540,29041,23387,65535)  #DC715BFF  srgba(220,113,91,1)
1,9: (56540,30840,22102,65535)  #DC7856FF  srgba(220,120,86,1)
2,9: (56797,28270,19789,65535)  #DD6E4DFF  srgba(221,110,77,1)
3,9: (57054,11308,5397,65535)  #DE2C15FF  srgba(222,44,21,1)
4,9: (57054,21331,18247,65535)  #DE5347FF  srgba(222,83,71,1)
5,9: (57054,24158,18761,65535)  #DE5E49FF  srgba(222,94,73,1)
6,9: (57054,28527,21845,65535)  #DE6F55FF  srgba(222,111,85,1)
7,9: (57568,13621,6425,65535)  #E03519FF  srgba(224,53,25,1)
8,9: (57568,23644,20817,65535)  #E05C51FF  srgba(224,92,81,1)
9,9: (58082,11565,7453,65535)  #E22D1DFF  srgba(226,45,29,1)
10,9: (58082,18761,17219,65535)  #E24943FF  srgba(226,73,67,1)
11,9: (58082,33153,29041,65535)  #E28171FF  srgba(226,129,113,1)
12,9: (58339,14135,7967,65535)  #E3371FFF  srgba(227,55,31,1)
13,9: (58339,24929,23644,65535)  #E3615CFF  srgba(227,97,92,1)
14,9: (58853,13364,10537,65535)  #E53429FF  srgba(229,52,41,1)
15,9: (58853,14649,9766,65535)  #E53926FF  srgba(229,57,38,1)
0,10: (58853,15420,17219,65535)  #E53C43FF  srgba(229,60,67,1)
1,10: (58853,15677,7967,65535)  #E53D1FFF  srgba(229,61,31,1)
2,10: (58853,16191,8224,65535)  #E53F20FF  srgba(229,63,32,1)
3,10: (58853,17219,8481,65535)  #E54321FF  srgba(229,67,33,1)
4,10: (59110,16705,8224,65535)  #E64120FF  srgba(230,65,32,1)
5,10: (59110,29555,27242,65535)  #E6736AFF  srgba(230,115,106,1)
6,10: (59367,15677,9509,65535)  #E73D25FF  srgba(231,61,37,1)
7,10: (59624,11051,10280,65535)  #E82B28FF  srgba(232,43,40,1)
8,10: (59624,16962,17476,65535)  #E84244FF  srgba(232,66,68,1)
9,10: (59624,17733,19532,65535)  #E8454CFF  srgba(232,69,76,1)
10,10: (59624,23644,21845,65535)  #E85C55FF  srgba(232,92,85,1)
11,10: (59881,30840,25957,65535)  #E97865FF  srgba(233,120,101,1)
12,10: (60138,16191,9766,65535)  #EA3F26FF  srgba(234,63,38,1)
13,10: (60138,16705,10023,65535)  #EA4127FF  srgba(234,65,39,1)
14,10: (60138,17476,11308,65535)  #EA442CFF  srgba(234,68,44,1)
15,10: (60138,19275,11308,65535)  #EA4B2CFF  srgba(234,75,44,1)
0,11: (60395,14649,10023,65535)  #EB3927FF  srgba(235,57,39,1)
1,11: (60652,16191,7967,65535)  #EC3F1FFF  srgba(236,63,31,1)
2,11: (60652,22359,12850,65535)  #EC5732FF  srgba(236,87,50,1)
3,11: (60909,15420,7453,65535)  #ED3C1DFF  srgba(237,60,29,1)
4,11: (60909,21845,18504,65535)  #ED5548FF  srgba(237,85,72,1)
5,11: (61166,15420,10537,65535)  #EE3C29FF  srgba(238,60,41,1)
6,11: (61166,30326,24929,65535)  #EE7661FF  srgba(238,118,97,1)
7,11: (61423,14906,7196,65535)  #EF3A1CFF  srgba(239,58,28,1)
8,11: (61423,17219,21588,65535)  #EF4354FF  srgba(239,67,84,1)
9,11: (61423,18761,17733,65535)  #EF4945FF  srgba(239,73,69,1)
10,11: (61423,27756,27499,65535)  #EF6C6BFF  srgba(239,108,107,1)
11,11: (61423,28013,25186,65535)  #EF6D62FF  srgba(239,109,98,1)
12,11: (61423,28527,23387,65535)  #EF6F5BFF  srgba(239,111,91,1)
13,11: (61423,30069,21588,65535)  #EF7554FF  srgba(239,117,84,1)
14,11: (61423,30326,23130,65535)  #EF765AFF  srgba(239,118,90,1)
15,11: (61680,14906,16962,65535)  #F03A42FF  srgba(240,58,66,1)
0,12: (61680,22359,20817,65535)  #F05751FF  srgba(240,87,81,1)
1,12: (61680,28013,19789,65535)  #F06D4DFF  srgba(240,109,77,1)
2,12: (61937,12593,6425,65535)  #F13119FF  srgba(241,49,25,1)
3,12: (61937,14649,11822,65535)  #F1392EFF  srgba(241,57,46,1)
4,12: (61937,17733,19789,65535)  #F1454DFF  srgba(241,69,77,1)
5,12: (61937,28270,21845,65535)  #F16E55FF  srgba(241,110,85,1)
6,12: (62194,11308,12079,65535)  #F22C2FFF  srgba(242,44,47,1)
7,12: (62194,13621,12336,65535)  #F23530FF  srgba(242,53,48,1)
8,12: (62451,11822,4369,65535)  #F32E11FF  srgba(243,46,17,1)
9,12: (62451,21588,18761,65535)  #F35449FF  srgba(243,84,73,1)
10,12: (62708,9252,3855,65535)  #F4240FFF  srgba(244,36,15,1)
11,12: (62708,24415,18761,65535)  #F45F49FF  srgba(244,95,73,1)
12,12: (62965,23130,20817,65535)  #F55A51FF  srgba(245,90,81,1)
13,12: (62965,23130,23387,65535)  #F55A5BFF  srgba(245,90,91,1)
14,12: (63222,17476,22359,65535)  #F64457FF  srgba(246,68,87,1)
15,12: (63222,23130,21845,65535)  #F65A55FF  srgba(246,90,85,1)
0,13: (64507,11565,5654,65535)  #FB2D16FF  srgba(251,45,22,1)
1,13: (64507,13364,12079,65535)  #FB342FFF  srgba(251,52,47,1)
2,13: (64507,16705,22616,65535)  #FB4158FF  srgba(251,65,88,1)
3,13: (64764,13621,16191,65535)  #FC353FFF  srgba(252,53,63,1)
4,13: (64764,14906,11565,65535)  #FC3A2DFF  srgba(252,58,45,1)
5,13: (64764,20560,22616,65535)  #FC5058FF  srgba(252,80,88,1)
6,13: (64764,22873,22359,65535)  #FC5957FF  srgba(252,89,87,1)
7,13: (65021,13878,6425,65535)  #FD3619FF  srgba(253,54,25,1)
8,13: (65021,14392,6682,65535)  #FD381AFF  srgba(253,56,26,1)
9,13: (65021,14906,6425,65535)  #FD3A19FF  srgba(253,58,25,1)
10,13: (65021,15163,16448,65535)  #FD3B40FF  srgba(253,59,64,1)
11,13: (65021,17219,25443,65535)  #FD4363FF  srgba(253,67,99,1)
12,13: (65021,20560,20303,65535)  #FD504FFF  srgba(253,80,79,1)
13,13: (65021,23644,20303,65535)  #FD5C4FFF  srgba(253,92,79,1)
14,13: (65021,25186,22102,65535)  #FD6256FF  srgba(253,98,86,1)
15,13: (65021,27242,21588,65535)  #FD6A54FF  srgba(253,106,84,1)
0,14: (65278,14135,7967,65535)  #FE371FFF  srgba(254,55,31,1)
1,14: (65278,14392,7196,65535)  #FE381CFF  srgba(254,56,28,1)
2,14: (65278,16705,7710,65535)  #FE411EFF  srgba(254,65,30,1)
3,14: (65278,17990,14392,65535)  #FE4638FF  srgba(254,70,56,1)
4,14: (65278,17990,17733,65535)  #FE4645FF  srgba(254,70,69,1)
5,14: (65278,19018,10280,65535)  #FE4A28FF  srgba(254,74,40,1)
6,14: (65278,20560,26214,65535)  #FE5066FF  srgba(254,80,102,1)
7,14: (65278,21331,17990,65535)  #FE5346FF  srgba(254,83,70,1)
8,14: (65278,21845,13878,65535)  #FE5536FF  srgba(254,85,54,1)
9,14: (65278,22616,24929,65535)  #FE5861FF  srgba(254,88,97,1)
10,14: (65278,22873,27499,65535)  #FE596BFF  srgba(254,89,107,1)
11,14: (65278,24415,15163,65535)  #FE5F3BFF  srgba(254,95,59,1)
12,14: (65278,25186,24929,65535)  #FE6261FF  srgba(254,98,97,1)
13,14: (65278,25443,16962,65535)  #FE6342FF  srgba(254,99,66,1)
14,14: (65278,25443,20303,65535)  #FE634FFF  srgba(254,99,79,1)
15,14: (65278,25443,27756,65535)  #FE636CFF  srgba(254,99,108,1)
0,15: (65278,25700,19275,65535)  #FE644BFF  srgba(254,100,75,1)
1,15: (65278,25957,18247,65535)  #FE6547FF  srgba(254,101,71,1)
2,15: (65278,26728,20303,65535)  #FE684FFF  srgba(254,104,79,1)
3,15: (65278,27242,22616,65535)  #FE6A58FF  srgba(254,106,88,1)
4,15: (65278,27242,24415,65535)  #FE6A5FFF  srgba(254,106,95,1)
5,15: (65278,27242,26728,65535)  #FE6A68FF  srgba(254,106,104,1)
6,15: (65278,27242,28527,65535)  #FE6A6FFF  srgba(254,106,111,1)
7,15: (65278,27499,19275,65535)  #FE6B4BFF  srgba(254,107,75,1)
8,15: (65278,28013,20303,65535)  #FE6D4FFF  srgba(254,109,79,1)
9,15: (65278,28270,21588,65535)  #FE6E54FF  srgba(254,110,84,1)
10,15: (65278,28527,25186,65535)  #FE6F62FF  srgba(254,111,98,1)
11,15: (65278,28527,27242,65535)  #FE6F6AFF  srgba(254,111,106,1)
12,15: (65278,28784,23901,65535)  #FE705DFF  srgba(254,112,93,1)
13,15: (65278,29041,22873,65535)  #FE7159FF  srgba(254,113,89,1)
14,15: (65278,29298,21845,65535)  #FE7255FF  srgba(254,114,85,1)
15,15: (0,65535,0,0)  #00FF0000  srgba(0,255,0,0)
