# ImageMagick pixel enumeration: 16,16,65535,srgba
0,0: (0,0,0,65535)  #000000FF  black
1,0: (0,0,257,65535)  #000001FF  srgba(0,0,1,1)
2,0: (0,7196,5654,65535)  #001C16FF  srgba(0,28,22,1)
3,0: (0,35466,29298,65535)  #008A72FF  srgba(0,138,114,1)
4,0: (0,42148,30583,65535)  #00A477FF  srgba(0,164,119,1)
5,0: (0,49344,32382,65535)  #00C07EFF  srgba(0,192,126,1)
6,0: (0,55769,56283,65535)  #00D9DBFF  srgba(0,217,219,1)
7,0: (0,59110,58853,65535)  #00E6E5FF  srgba(0,230,229,1)
8,0: (0,59624,52428,65535)  #00E8CCFF  srgba(0,232,204,1)
9,0: (0,64250,50886,65535)  #00FAC6FF  srgba(0,250,198,1)
10,0: (257,56026,56283,65535)  #01DADBFF  srgba(1,218,219,1)
11,0: (257,59367,57054,65535)  #01E7DEFF  srgba(1,231,222,1)
12,0: (257,62451,59367,65535)  #01F3E7FF  srgba(1,243,231,1)
13,0: (257,62965,55255,65535)  #01F5D7FF  srgba(1,245,215,1)
14,0: (257,64250,56026,65535)  #01FADAFF  srgba(1,250,218,1)
15,0: (514,29555,30326,65535)  #027376FF  srgba(2,115,118,1)
0,1: (514,40863,31097,65535)  #029F79FF  srgba(2,159,121,1)
1,1: (514,64250,53713,65535)  #02FAD1FF  srgba(2,250,209,1)
2,1: (771,48316,32896,65535)  #03BC80FF  srgba(3,188,128,1)
3,1: (771,62451,50372,65535)  #03F3C4FF  srgba(3,243,196,1)
4,1: (771,63479,46260,65535)  #03F7B4FF  srgba(3,247,180,1)
5,1: (771,64250,50115,65535)  #03FAC3FF  srgba(3,250,195,1)
6,1: (1028,28270,27756,65535)  #046E6CFF  srgba(4,110,108,1)
7,1: (1285,25957,19532,65535)  #05654CFF  srgba(5,101,76,1)
8,1: (1285,35466,30583,65535)  #058A77FF  srgba(5,138,119,1)
9,1: (1285,56026,41377,65535)  #05DAA1FF  srgba(5,218,161,1)
10,1: (1542,0,257,65535)  #060001FF  srgba(6,0,1,1)
11,1: (1542,49344,40349,65535)  #06C09DFF  srgba(6,192,157,1)
12,1: (1799,41120,39578,65535)  #07A09AFF  srgba(7,160,154,1)
13,1: (2056,2056,2056,65535)  #080808FF  grey3
14,1: (2313,25957,23644,65535)  #09655CFF  srgba(9,101,92,1)
15,1: (2570,17733,19018,65535)  #0A454AFF  srgba(10,69,74,1)
0,2: (2570,26471,25700,65535)  #0A6764FF  srgba(10,103,100,1)
1,2: (2570,64250,58853,65535)  #0AFAE5FF  srgba(10,250,229,1)
2,2: (3341,26985,27242,65535)  #0D696AFF  srgba(13,105,106,1)
3,2: (3598,27756,30583,65535)  #0E6C77FF  srgba(14,108,119,1)
4,2: (3598,44461,32896,65535)  #0EAD80FF  srgba(14,173,128,1)
5,2: (4112,63222,45489,65535)  #10F6B1FF  srgba(16,246,177,1)
6,2: (4626,56026,54227,65535)  #12DAD3FF  srgba(18,218,211,1)
7,2: (4626,59110,53970,65535)  #12E6D2FF  srgba(18,230,210,1)
8,2: (5654,10794,14392,65535)  #162A38FF  srgba(22,42,56,1)
9,2: (5654,13878,18247,65535)  #163647FF  srgba(22,54,71,1)
10,2: (5654,35466,29812,65535)  #168A74FF  srgba(22,138,116,1)
11,2: (5654,65021,50372,65535)  #16FDC4FF  srgba(22,253,196,1)
12,2: (6168,19275,28784,65535)  #184B70FF  srgba(24,75,112,1)
13,2: (6425,23901,24158,65535)  #195D5EFF  srgba(25,93,94,1)
14,2: (6425,64250,49601,65535)  #19FAC1FF  srgba(25,250,193,1)
15,2: (6682,4883,9252,65535)  #1A1324FF  srgba(26,19,36,1)
0,3: (6682,8995,8481,65535)  #1A2321FF  srgba(26,35,33,1)
1,3: (6682,50629,52171,65535)  #1AC5CBFF  srgba(26,197,203,1)
2,3: (6939,9252,16962,65535)  #1B2442FF  srgba(27,36,66,1)
3,3: (6939,19275,24415,65535)  #1B4B5FFF  srgba(27,75,95,1)
4,3: (7710,15420,27499,65535)  #1E3C6BFF  srgba(30,60,107,1)
5,3: (7710,17733,20817,65535)  #1E4551FF  srgba(30,69,81,1)
6,3: (7967,63222,49601,65535)  #1FF6C1FF  srgba(31,246,193,1)
7,3: (8481,62965,46517,65535)  #21F5B5FF  srgba(33,245,181,1)
8,3: (8995,54998,42919,65535)  #23D6A7FF  srgba(35,214,167,1)
9,3: (8995,65021,60395,65535)  #23FDEBFF  srgba(35,253,235,1)
10,3: (9509,26214,33667,65535)  #256683FF  srgba(37,102,131,1)
11,3: (9509,26471,27499,65535)  #25676BFF  srgba(37,103,107,1)
12,3: (10023,42662,41634,65535)  #27A6A2FF  srgba(39,166,162,1)
13,3: (10023,43947,32639,65535)  #27AB7FFF  srgba(39,171,127,1)
14,3: (10023,63222,59624,65535)  #27F6E8FF  srgba(39,246,232,1)
15,3: (10280,24158,23901,65535)  #285E5DFF  srgba(40,94,93,1)
0,4: (11051,62965,53713,65535)  #2BF5D1FF  srgba(43,245,209,1)
1,4: (11565,14649,28527,65535)  #2D396FFF  srgba(45,57,111,1)
2,4: (11822,15420,24672,65535)  #2E3C60FF  srgba(46,60,96,1)
3,4: (12079,64250,50115,65535)  #2FFAC3FF  srgba(47,250,195,1)
4,4: (12593,6682,17733,65535)  #311A45FF  srgba(49,26,69,1)
5,4: (12593,15677,20303,65535)  #313D4FFF  srgba(49,61,79,1)
6,4: (13107,64250,59367,65535)  #33FAE7FF  srgba(51,250,231,1)
7,4: (13364,6939,13107,65535)  #341B33FF  srgba(52,27,51,1)
8,4: (13621,1285,12079,65535)  #35052FFF  srgba(53,5,47,1)
9,4: (13878,63222,50115,65535)  #36F6C3FF  srgba(54,246,195,1)
10,4: (14649,59367,54741,65535)  #39E7D5FF  srgba(57,231,213,1)
11,4: (16448,64250,52942,65535)  #40FACEFF  srgba(64,250,206,1)
12,4: (17476,4883,17733,65535)  #441345FF  srgba(68,19,69,1)
13,4: (17733,64250,50629,65535)  #45FAC5FF  srgba(69,250,197,1)
14,4: (18247,62708,46517,65535)  #47F4B5FF  srgba(71,244,181,1)
15,4: (18504,56026,53970,65535)  #48DAD2FF  srgba(72,218,210,1)
0,5: (18504,65021,51914,65535)  #48FDCAFF  srgba(72,253,202,1)
1,5: (18761,11822,24158,65535)  #492E5EFF  srgba(73,46,94,1)
2,5: (18761,13107,26985,65535)  #493369FF  srgba(73,51,105,1)
3,5: (18761,64250,57825,65535)  #49FAE1FF  srgba(73,250,225,1)
4,5: (19018,35466,30326,65535)  #4A8A76FF  srgba(74,138,118,1)
5,5: (19532,17476,24158,65535)  #4C445EFF  srgba(76,68,94,1)
6,5: (19789,25443,25186,65535)  #4D6362FF  srgba(77,99,98,1)
7,5: (20046,65278,61423,65535)  #4EFEEFFF  srgba(78,254,239,1)
8,5: (20303,24415,20817,65535)  #4F5F51FF  srgba(79,95,81,1)
9,5: (20303,49601,52685,65535)  #4FC1CDFF  srgba(79,193,205,1)
10,5: (20560,1542,10794,65535)  #50062AFF  srgba(80,6,42,1)
11,5: (20560,18504,27756,65535)  #50486CFF  srgba(80,72,108,1)
12,5: (20560,43176,33153,65535)  #50A881FF  srgba(80,168,129,1)
13,5: (20817,26471,28013,65535)  #51676DFF  srgba(81,103,109,1)
14,5: (20817,27499,33410,65535)  #516B82FF  srgba(81,107,130,1)
15,5: (20817,54741,43690,65535)  #51D5AAFF  srgba(81,213,170,1)
0,6: (21588,15677,19789,65535)  #543D4DFF  srgba(84,61,77,1)
1,6: (22102,63222,51143,65535)  #56F6C7FF  srgba(86,246,199,1)
2,6: (22359,42662,41120,65535)  #57A6A0FF  srgba(87,166,160,1)
3,6: (22873,63222,53970,65535)  #59F6D2FF  srgba(89,246,210,1)
4,6: (23130,9766,12336,65535)  #5A2630FF  srgba(90,38,48,1)
5,6: (23387,62965,60138,65535)  #5BF5EAFF  srgba(91,245,234,1)
6,6: (23644,3598,12079,65535)  #5C0E2FFF  srgba(92,14,47,1)
7,6: (23644,59367,54484,65535)  #5CE7D4FF  srgba(92,231,212,1)
8,6: (23901,5911,17733,65535)  #5D1745FF  srgba(93,23,69,1)
9,6: (24158,64250,52428,65535)  #5EFACCFF  srgba(94,250,204,1)
10,6: (24672,64250,55512,65535)  #60FAD8FF  srgba(96,250,216,1)
11,6: (25443,64507,60138,65535)  #63FBEAFF  srgba(99,251,234,1)
12,6: (29298,65278,62965,65535)  #72FEF5FF  srgba(114,254,245,1)
13,6: (31097,14649,24929,65535)  #793961FF  srgba(121,57,97,1)
14,6: (31611,65021,52942,65535)  #7BFDCEFF  srgba(123,253,206,1)
15,6: (31868,65021,57054,65535)  #7CFDDEFF  srgba(124,253,222,1)
0,7: (33410,62965,58339,65535)  #82F5E3FF  srgba(130,245,227,1)
1,7: (33410,64250,55769,65535)  #82FAD9FF  srgba(130,250,217,1)
2,7: (33667,4883,14649,65535)  #831339FF  srgba(131,19,57,1)
3,7: (33667,64507,55769,65535)  #83FBD9FF  srgba(131,251,217,1)
4,7: (34181,30069,27499,65535)  #85756BFF  srgba(133,117,107,1)
5,7: (34181,64250,61423,65535)  #85FAEFFF  srgba(133,250,239,1)
6,7: (34952,3855,8481,65535)  #880F21FF  srgba(136,15,33,1)
7,7: (35209,64507,61937,65535)  #89FBF1FF  srgba(137,251,241,1)
8,7: (35980,65021,62965,65535)  #8CFDF5FF  srgba(140,253,245,1)
9,7: (36237,54227,56026,65535)  #8DD3DAFF  srgba(141,211,218,1)
10,7: (36237,63479,51657,65535)  #8DF7C9FF  srgba(141,247,201,1)
11,7: (36494,17476,17476,65535)  #8E4444FF  srgba(142,68,68,1)
12,7: (36494,21331,28270,65535)  #8E536EFF  srgba(142,83,110,1)
13,7: (36751,35723,36494,65535)  #8F8B8EFF  srgba(143,139,142,1)
14,7: (36751,64507,51657,65535)  #8FFBC9FF  srgba(143,251,201,1)
15,7: (37265,58596,51400,65535)  #91E4C8FF  srgba(145,228,200,1)
0,8: (37522,63479,48573,65535)  #92F7BDFF  srgba(146,247,189,1)
1,8: (38036,49601,39321,65535)  #94C199FF  srgba(148,193,153,1)
2,8: (38036,57054,48059,65535)  #94DEBBFF  srgba(148,222,187,1)
3,8: (38550,21074,23130,65535)  #96525AFF  srgba(150,82,90,1)
4,8: (38550,54227,44204,65535)  #96D3ACFF  srgba(150,211,172,1)
5,8: (38807,59367,56797,65535)  #97E7DDFF  srgba(151,231,221,1)
6,8: (39064,10280,15420,65535)  #98283CFF  srgba(152,40,60,1)
7,8: (39321,42919,38036,65535)  #99A794FF  srgba(153,167,148,1)
8,8: (40092,14906,23387,65535)  #9C3A5BFF  srgba(156,58,91,1)
9,8: (40863,64250,59110,65535)  #9FFAE6FF  srgba(159,250,230,1)
10,8: (41634,64507,57054,65535)  #A2FBDEFF  srgba(162,251,222,1)
11,8: (41891,47545,47031,65535)  #A3B9B7FF  srgba(163,185,183,1)
12,8: (42662,65021,63993,65535)  #A6FDF9FF  srgba(166,253,249,1)
13,8: (42919,65021,54998,65535)  #A7FDD6FF  srgba(167,253,214,1)
14,8: (43433,62965,58082,65535)  #A9F5E2FF  srgba(169,245,226,1)
15,8: (43947,5654,14906,65535)  #AB163AFF  srgba(171,22,58,1)
0,9: (43947,44975,44718,65535)  #ABAFAEFF  srgba(171,175,174,1)
1,9: (43947,64507,63479,65535)  #ABFBF7FF  srgba(171,251,247,1)
2,9: (45232,5140,7710,65535)  #B0141EFF  srgba(176,20,30,1)
3,9: (45232,65021,60138,65535)  #B0FDEAFF  srgba(176,253,234,1)
4,9: (45489,29812,27756,65535)  #B1746CFF  srgba(177,116,108,1)
5,9: (46517,34181,35723,65535)  #B5858BFF  srgba(181,133,139,1)
6,9: (47031,64507,57825,65535)  #B7FBE1FF  srgba(183,251,225,1)
7,9: (47545,64250,56797,65535)  #B9FADDFF  srgba(185,250,221,1)
8,9: (47802,64250,63222,65535)  #BAFAF6FF  srgba(186,250,246,1)
9,9: (50629,65021,64507,65535)  #C5FDFBFF  srgba(197,253,251,1)
10,9: (50886,16705,17476,65535)  #C64144FF  srgba(198,65,68,1)
11,9: (51400,65021,55769,65535)  #C8FDD9FF  srgba(200,253,217,1)
12,9: (52171,65021,60138,65535)  #CBFDEAFF  srgba(203,253,234,1)
13,9: (52685,62965,58339,65535)  #CDF5E3FF  srgba(205,245,227,1)
14,9: (52685,64507,64250,65535)  #CDFBFAFF  srgba(205,251,250,1)
15,9: (52942,64507,58339,65535)  #CEFBE3FF  srgba(206,251,227,1)
0,10: (53713,49087,49858,65535)  #D1BFC2FF  srgba(209,191,194,1)
1,10: (54484,6168,7967,65535)  #D4181FFF  srgba(212,24,31,1)
2,10: (54741,6425,13878,65535)  #D51936FF  srgba(213,25,54,1)
3,10: (54741,10023,15677,65535)  #D5273DFF  srgba(213,39,61,1)
4,10: (55512,56797,56026,65535)  #D8DDDAFF  srgba(216,221,218,1)
5,10: (56540,48830,47031,65535)  #DCBEB7FF  srgba(220,190,183,1)
6,10: (56540,63479,50629,65535)  #DCF7C5FF  srgba(220,247,197,1)
7,10: (56797,43690,40349,65535)  #DDAA9DFF  srgba(221,170,157,1)
8,10: (56797,51143,42662,65535)  #DDC7A6FF  srgba(221,199,166,1)
9,10: (56797,64250,63222,65535)  #DDFAF6FF  srgba(221,250,246,1)
10,10: (57054,61680,47288,65535)  #DEF0B8FF  srgba(222,240,184,1)
11,10: (57311,18761,22873,65535)  #DF4959FF  srgba(223,73,89,1)
12,10: (57568,34695,32382,65535)  #E0877EFF  srgba(224,135,126,1)
13,10: (57825,54998,50629,65535)  #E1D6C5FF  srgba(225,214,197,1)
14,10: (58082,27499,29812,65535)  #E26B74FF  srgba(226,107,116,1)
15,10: (58339,64250,57311,65535)  #E3FADFFF  srgba(227,250,223,1)
0,11: (58596,10794,22616,65535)  #E42A58FF  srgba(228,42,88,1)
1,11: (58596,16962,26728,65535)  #E44268FF  srgba(228,66,104,1)
2,11: (59110,19275,31868,65535)  #E64B7CFF  srgba(230,75,124,1)
3,11: (59110,34952,38293,65535)  #E68895FF  srgba(230,136,149,1)
4,11: (59367,64507,57825,65535)  #E7FBE1FF  srgba(231,251,225,1)
5,11: (59367,64507,63736,65535)  #E7FBF8FF  srgba(231,251,248,1)
6,11: (59624,65021,58853,65535)  #E8FDE5FF  srgba(232,253,229,1)
7,11: (59624,65021,64250,65535)  #E8FDFAFF  srgba(232,253,250,1)
8,11: (59881,62708,58339,65535)  #E9F4E3FF  srgba(233,244,227,1)
9,11: (60909,36494,44461,65535)  #ED8EADFF  srgba(237,142,173,1)
10,11: (61937,12079,16191,65535)  #F12F3FFF  srgba(241,47,63,1)
11,11: (61937,56797,55769,65535)  #F1DDD9FF  srgba(241,221,217,1)
12,11: (62451,7196,9766,65535)  #F31C26FF  srgba(243,28,38,1)
13,11: (62451,8738,13878,65535)  #F32236FF  srgba(243,34,54,1)
14,11: (62451,65021,54741,65535)  #F3FDD5FF  srgba(243,253,213,1)
15,11: (62708,65021,50115,65535)  #F4FDC3FF  srgba(244,253,195,1)
0,12: (63222,7453,14392,65535)  #F61D38FF  srgba(246,29,56,1)
1,12: (63479,62708,59367,65535)  #F7F4E7FF  srgba(247,244,231,1)
2,12: (63479,65021,58853,65535)  #F7FDE5FF  srgba(247,253,229,1)
3,12: (63479,65278,63736,65535)  #F7FEF8FF  srgba(247,254,248,1)
4,12: (63736,48059,43690,65535)  #F8BBAAFF  srgba(248,187,170,1)
5,12: (63993,50886,48316,65535)  #F9C6BCFF  srgba(249,198,188,1)
6,12: (63993,51143,46517,65535)  #F9C7B5FF  srgba(249,199,181,1)
7,12: (63993,54227,51143,65535)  #F9D3C7FF  srgba(249,211,199,1)
8,12: (63993,64507,60395,65535)  #F9FBEBFF  srgba(249,251,235,1)
9,12: (64250,46260,51143,65535)  #FAB4C7FF  srgba(250,180,199,1)
10,12: (64250,63479,50115,65535)  #FAF7C3FF  srgba(250,247,195,1)
11,12: (64250,64250,63222,65535)  #FAFAF6FF  srgba(250,250,246,1)
12,12: (64250,64507,54998,65535)  #FAFBD6FF  srgba(250,251,214,1)
13,12: (64250,65021,52171,65535)  #FAFDCBFF  srgba(250,253,203,1)
14,12: (64250,65021,55769,65535)  #FAFDD9FF  srgba(250,253,217,1)
15,12: (64250,65021,58853,65535)  #FAFDE5FF  srgba(250,253,229,1)
0,13: (64250,65021,62965,65535)  #FAFDF5FF  srgba(250,253,245,1)
1,13: (64507,64250,56540,65535)  #FBFADCFF  srgba(251,250,220,1)
2,13: (64507,65021,64250,65535)  #FBFDFAFF  srgba(251,253,250,1)
3,13: (64764,58082,55769,65535)  #FCE2D9FF  srgba(252,226,217,1)
4,13: (64764,64507,58082,65535)  #FCFBE2FF  srgba(252,251,226,1)
5,13: (64764,64764,53456,65535)  #FCFCD0FF  srgba(252,252,208,1)
6,13: (64764,65021,59367,65535)  #FCFDE7FF  srgba(252,253,231,1)
7,13: (64764,65021,61423,65535)  #FCFDEFFF  srgba(252,253,239,1)
8,13: (64764,65021,63736,65535)  #FCFDF8FF  srgba(252,253,248,1)
9,13: (65021,8481,14649,65535)  #FD2139FF  srgba(253,33,57,1)
10,13: (65021,10280,16191,65535)  #FD283FFF  srgba(253,40,63,1)
11,13: (65021,10280,22102,65535)  #FD2856FF  srgba(253,40,86,1)
12,13: (65021,12079,24929,65535)  #FD2F61FF  srgba(253,47,97,1)
13,13: (65021,16191,28013,65535)  #FD3F6DFF  srgba(253,63,109,1)
14,13: (65021,20046,34438,65535)  #FD4E86FF  srgba(253,78,134,1)
15,13: (65021,38550,49344,65535)  #FD96C0FF  srgba(253,150,192,1)
0,14: (65021,47802,53713,65535)  #FDBAD1FF  srgba(253,186,209,1)
1,14: (65021,64507,55769,65535)  #FDFBD9FF  srgba(253,251,217,1)
2,14: (65021,64507,62708,65535)  #FDFBF4FF  srgba(253,251,244,1)
3,14: (65021,65021,56283,65535)  #FDFDDBFF  srgba(253,253,219,1)
4,14: (65021,65021,59110,65535)  #FDFDE6FF  srgba(253,253,230,1)
5,14: (65278,29298,31097,65535)  #FE7279FF  srgba(254,114,121,1)
6,14: (65278,33153,36751,65535)  #FE818FFF  srgba(254,129,143,1)
7,14: (65278,34695,42405,65535)  #FE87A5FF  srgba(254,135,165,1)
8,14: (65278,43947,50115,65535)  #FEABC3FF  srgba(254,171,195,1)
9,14: (65278,44204,51914,65535)  #FEACCAFF  srgba(254,172,202,1)
10,14: (65278,46260,44718,65535)  #FEB4AEFF  srgba(254,180,174,1)
11,14: (65278,47802,47802,65535)  #FEBABAFF  srgba(254,186,186,1)
12,14: (65278,50115,51914,65535)  #FEC3CAFF  srgba(254,195,202,1)
13,14: (65278,50629,50115,65535)  #FEC5C3FF  srgba(254,197,195,1)
14,14: (65278,59110,51657,65535)  #FEE6C9FF  srgba(254,230,201,1)
15,14: (65278,59624,47545,65535)  #FEE8B9FF  srgba(254,232,185,1)
0,15: (65278,60652,49087,65535)  #FEECBFFF  srgba(254,236,191,1)
1,15: (65278,60909,50115,65535)  #FEEDC3FF  srgba(254,237,195,1)
2,15: (65278,62451,55255,65535)  #FEF3D7FF  srgba(254,243,215,1)
3,15: (65278,62708,60395,65535)  #FEF4EBFF  srgba(254,244,235,1)
4,15: (65278,64250,56026,65535)  #FEFADAFF  srgba(254,250,218,1)
5,15: (65278,64250,60138,65535)  #FEFAEAFF  srgba(254,250,234,1)
6,15: (65278,64507,51914,65535)  #FEFBCAFF  srgba(254,251,202,1)
7,15: (65278,65021,50886,65535)  #FEFDC6FF  srgba(254,253,198,1)
8,15: (65278,65278,63222,65535)  #FEFEF6FF  srgba(254,254,246,1)
9,15: (65278,65278,65278,65535)  #FEFEFEFF  srgba(254,254,254,1)
10,15: (65535,46774,53970,65535)  #FFB6D2FF  srgba(255,182,210,1)
11,15: (65535,53970,54998,65535)  #FFD2D6FF  srgba(255,210,214,1)
12,15: (65535,58339,54484,65535)  #FFE3D4FF  srgba(255,227,212,1)
13,15: (65535,58596,59624,65535)  #FFE4E8FF  srgba(255,228,232,1)
14,15: (65535,65535,64764,65535)  #FFFFFCFF  srgba(255,255,252,1)
15,15: (0,65535,0,0)  #00FF0000  srgba(0,255,0,0)
