# ImageMagick pixel enumeration: 16,16,65535,srgba
0,0: (0,0,0,65535)  #000000FF  black
1,0: (0,0,771,65535)  #000003FF  srgba(0,0,3,1)
2,0: (0,0,2313,65535)  #000009FF  srgba(0,0,9,1)
3,0: (0,0,3598,65535)  #00000EFF  srgba(0,0,14,1)
4,0: (0,0,5654,65535)  #000016FF  srgba(0,0,22,1)
5,0: (0,0,6168,65535)  #000018FF  srgba(0,0,24,1)
6,0: (0,0,6168,65535)  #000018FF  srgba(0,0,24,1)
7,0: (0,0,12593,65535)  #000031FF  srgba(0,0,49,1)
8,0: (0,257,257,65535)  #000101FF  srgba(0,1,1,1)
9,0: (0,771,14906,65535)  #00033AFF  srgba(0,3,58,1)
10,0: (0,1028,17733,65535)  #000445FF  srgba(0,4,69,1)
11,0: (0,1542,21074,65535)  #000652FF  srgba(0,6,82,1)
12,0: (0,2827,24415,65535)  #000B5FFF  srgba(0,11,95,1)
13,0: (0,3341,30069,65535)  #000D75FF  srgba(0,13,117,1)
14,0: (0,3598,4369,65535)  #000E11FF  srgba(0,14,17,1)
15,0: (0,3598,15163,65535)  #000E3BFF  srgba(0,14,59,1)
0,1: (0,3855,257,65535)  #000F01FF  srgba(0,15,1,1)
1,1: (0,4626,34952,65535)  #001288FF  srgba(0,18,136,1)
2,1: (0,4626,39835,65535)  #00129BFF  srgba(0,18,155,1)
3,1: (0,8481,771,65535)  #002103FF  srgba(0,33,3,1)
4,1: (0,10537,2570,65535)  #00290AFF  srgba(0,41,10,1)
5,1: (0,13364,2570,65535)  #00340AFF  srgba(0,52,10,1)
6,1: (0,16962,5397,65535)  #004215FF  srgba(0,66,21,1)
7,1: (0,17476,2827,65535)  #00440BFF  srgba(0,68,11,1)
8,1: (0,19275,16962,65535)  #004B42FF  srgba(0,75,66,1)
9,1: (0,21588,6168,65535)  #005418FF  srgba(0,84,24,1)
10,1: (0,24929,35466,65535)  #00618AFF  srgba(0,97,138,1)
11,1: (0,26214,5397,65535)  #006615FF  srgba(0,102,21,1)
12,1: (0,27242,10280,65535)  #006A28FF  srgba(0,106,40,1)
13,1: (0,27756,6682,65535)  #006C1AFF  srgba(0,108,26,1)
14,1: (0,27756,16962,65535)  #006C42FF  srgba(0,108,66,1)
15,1: (0,30069,26985,65535)  #007569FF  srgba(0,117,105,1)
0,2: (0,32125,23387,65535)  #007D5BFF  srgba(0,125,91,1)
1,2: (0,32896,17733,65535)  #008045FF  srgba(0,128,69,1)
2,2: (0,34438,7196,65535)  #00861CFF  srgba(0,134,28,1)
3,2: (0,36237,9766,65535)  #008D26FF  srgba(0,141,38,1)
4,2: (0,39321,26985,65535)  #009969FF  srgba(0,153,105,1)
5,2: (0,40092,18247,65535)  #009C47FF  srgba(0,156,71,1)
6,2: (0,44204,9509,65535)  #00AC25FF  srgba(0,172,37,1)
7,2: (0,45232,11565,65535)  #00B02DFF  srgba(0,176,45,1)
8,2: (0,47031,24929,65535)  #00B761FF  srgba(0,183,97,1)
9,2: (0,47545,29298,65535)  #00B972FF  srgba(0,185,114,1)
10,2: (0,47802,17990,65535)  #00BA46FF  srgba(0,186,70,1)
11,2: (0,47802,34695,65535)  #00BA87FF  srgba(0,186,135,1)
12,2: (0,50115,11565,65535)  #00C32DFF  srgba(0,195,45,1)
13,2: (0,54484,12336,65535)  #00D430FF  srgba(0,212,48,1)
14,2: (0,54998,18504,65535)  #00D648FF  srgba(0,214,72,1)
15,2: (0,55255,29041,65535)  #00D771FF  srgba(0,215,113,1)
0,3: (0,59881,17476,65535)  #00E944FF  srgba(0,233,68,1)
1,3: (0,60909,34952,65535)  #00ED88FF  srgba(0,237,136,1)
2,3: (0,61166,13621,65535)  #00EE35FF  srgba(0,238,53,1)
3,3: (0,61680,29812,65535)  #00F074FF  srgba(0,240,116,1)
4,3: (0,61937,40606,65535)  #00F19EFF  srgba(0,241,158,1)
5,3: (0,63479,16705,65535)  #00F741FF  srgba(0,247,65,1)
6,3: (0,63993,14135,65535)  #00F937FF  srgba(0,249,55,1)
7,3: (0,63993,15420,65535)  #00F93CFF  srgba(0,249,60,1)
8,3: (0,63993,20303,65535)  #00F94FFF  srgba(0,249,79,1)
9,3: (0,63993,25700,65535)  #00F964FF  srgba(0,249,100,1)
10,3: (0,63993,30840,65535)  #00F978FF  srgba(0,249,120,1)
11,3: (0,63993,35723,65535)  #00F98BFF  srgba(0,249,139,1)
12,3: (0,63993,41377,65535)  #00F9A1FF  srgba(0,249,161,1)
13,3: (257,0,1028,65535)  #010004FF  srgba(1,0,4,1)
14,3: (257,0,4883,65535)  #010013FF  srgba(1,0,19,1)
15,3: (257,0,10537,65535)  #010029FF  srgba(1,0,41,1)
0,4: (257,771,514,65535)  #010302FF  srgba(1,3,2,1)
1,4: (257,1028,17219,65535)  #010443FF  srgba(1,4,67,1)
2,4: (257,2056,18504,65535)  #010848FF  srgba(1,8,72,1)
3,4: (514,0,4883,65535)  #020013FF  srgba(2,0,19,1)
4,4: (514,771,10023,65535)  #020327FF  srgba(2,3,39,1)
5,4: (514,2570,24929,65535)  #020A61FF  srgba(2,10,97,1)
6,4: (514,4112,1028,65535)  #021004FF  srgba(2,16,4,1)
7,4: (514,4112,35723,65535)  #02108BFF  srgba(2,16,139,1)
8,4: (514,7196,6939,65535)  #021C1BFF  srgba(2,28,27,1)
9,4: (514,8481,1799,65535)  #022107FF  srgba(2,33,7,1)
10,4: (771,63479,23387,65535)  #03F75BFF  srgba(3,247,91,1)
11,4: (1028,0,1028,65535)  #040004FF  srgba(4,0,4,1)
12,4: (1028,0,7710,65535)  #04001EFF  srgba(4,0,30,1)
13,4: (1028,14906,3598,65535)  #043A0EFF  srgba(4,58,14,1)
14,4: (1028,29041,7196,65535)  #04711CFF  srgba(4,113,28,1)
15,4: (1028,38293,9252,65535)  #049524FF  srgba(4,149,36,1)
0,5: (1028,53713,27499,65535)  #04D16BFF  srgba(4,209,107,1)
1,5: (1028,54227,21074,65535)  #04D352FF  srgba(4,211,82,1)
2,5: (1028,55255,32896,65535)  #04D780FF  srgba(4,215,128,1)
3,5: (1028,63222,15163,65535)  #04F63BFF  srgba(4,246,59,1)
4,5: (1028,63222,33667,65535)  #04F683FF  srgba(4,246,131,1)
5,5: (1285,17990,5140,65535)  #054614FF  srgba(5,70,20,1)
6,5: (1285,18247,8995,65535)  #054723FF  srgba(5,71,35,1)
7,5: (1285,23644,6425,65535)  #055C19FF  srgba(5,92,25,1)
8,5: (1285,26985,11822,65535)  #05692EFF  srgba(5,105,46,1)
9,5: (1285,32896,10537,65535)  #058029FF  srgba(5,128,41,1)
10,5: (1285,39835,12336,65535)  #059B30FF  srgba(5,155,48,1)
11,5: (1285,47802,12593,65535)  #05BA31FF  srgba(5,186,49,1)
12,5: (1285,56026,14135,65535)  #05DA37FF  srgba(5,218,55,1)
13,5: (1542,2313,1028,65535)  #060904FF  srgba(6,9,4,1)
14,5: (1799,2313,4626,65535)  #070912FF  srgba(7,9,18,1)
15,5: (1799,8481,3341,65535)  #07210DFF  srgba(7,33,13,1)
0,6: (2827,0,4112,65535)  #0B0010FF  srgba(11,0,16,1)
1,6: (3084,37008,20046,65535)  #0C904EFF  srgba(12,144,78,1)
2,6: (3084,37779,24929,65535)  #0C9361FF  srgba(12,147,97,1)
3,6: (3341,4369,34695,65535)  #0D1187FF  srgba(13,17,135,1)
4,6: (3341,29812,20046,65535)  #0D744EFF  srgba(13,116,78,1)
5,6: (3341,45232,24415,65535)  #0DB05FFF  srgba(13,176,95,1)
6,6: (3598,1799,14906,65535)  #0E073AFF  srgba(14,7,58,1)
7,6: (3598,3855,26985,65535)  #0E0F69FF  srgba(14,15,105,1)
8,6: (3598,7967,14649,65535)  #0E1F39FF  srgba(14,31,57,1)
9,6: (3598,31611,24415,65535)  #0E7B5FFF  srgba(14,123,95,1)
10,6: (3598,43947,29041,65535)  #0EAB71FF  srgba(14,171,113,1)
11,6: (3598,44204,20046,65535)  #0EAC4EFF  srgba(14,172,78,1)
12,6: (3855,37522,28784,65535)  #0F9270FF  srgba(15,146,112,1)
13,6: (4112,3084,21588,65535)  #100C54FF  srgba(16,12,84,1)
14,6: (4112,42405,10794,65535)  #10A52AFF  srgba(16,165,42,1)
15,6: (4112,54998,15934,65535)  #10D63EFF  srgba(16,214,62,1)
0,7: (4112,54998,50886,65535)  #10D6C6FF  srgba(16,214,198,1)
1,7: (4112,63993,39578,65535)  #10F99AFF  srgba(16,249,154,1)
2,7: (4369,514,14392,65535)  #110238FF  srgba(17,2,56,1)
3,7: (4369,29555,38807,65535)  #117397FF  srgba(17,115,151,1)
4,7: (4369,52685,12850,65535)  #11CD32FF  srgba(17,205,50,1)
5,7: (4626,15163,3855,65535)  #123B0FFF  srgba(18,59,15,1)
6,7: (4626,25443,10537,65535)  #126329FF  srgba(18,99,41,1)
7,7: (4626,59110,39064,65535)  #12E698FF  srgba(18,230,152,1)
8,7: (4626,63479,48573,65535)  #12F7BDFF  srgba(18,247,189,1)
9,7: (4883,32125,7710,65535)  #137D1EFF  srgba(19,125,30,1)
10,7: (4883,33410,12850,65535)  #138232FF  srgba(19,130,50,1)
11,7: (4883,43176,14906,65535)  #13A83AFF  srgba(19,168,58,1)
12,7: (5140,44718,31868,65535)  #14AE7CFF  srgba(20,174,124,1)
13,7: (5140,44718,40863,65535)  #14AE9FFF  srgba(20,174,159,1)
14,7: (5140,61937,43947,65535)  #14F1ABFF  srgba(20,241,171,1)
15,7: (5397,22359,5397,65535)  #155715FF  srgba(21,87,21,1)
0,8: (5397,63222,15420,65535)  #15F63CFF  srgba(21,246,60,1)
1,8: (5654,53970,27242,65535)  #16D26AFF  srgba(22,210,106,1)
2,8: (5654,54227,20817,65535)  #16D351FF  srgba(22,211,81,1)
3,8: (5911,0,5397,65535)  #170015FF  srgba(23,0,21,1)
4,8: (5911,62965,20046,65535)  #17F54EFF  srgba(23,245,78,1)
5,8: (6682,7453,3855,65535)  #1A1D0FFF  srgba(26,29,15,1)
6,8: (6682,62965,25957,65535)  #1AF565FF  srgba(26,245,101,1)
7,8: (6939,13878,14392,65535)  #1B3638FF  srgba(27,54,56,1)
8,8: (7196,63222,33924,65535)  #1CF684FF  srgba(28,246,132,1)
9,8: (7453,257,4369,65535)  #1D0111FF  srgba(29,1,17,1)
10,8: (7453,24929,29041,65535)  #1D6171FF  srgba(29,97,113,1)
11,8: (7453,54998,33153,65535)  #1DD681FF  srgba(29,214,129,1)
12,8: (7967,1285,4626,65535)  #1F0512FF  srgba(31,5,18,1)
13,8: (9252,20303,20817,65535)  #244F51FF  srgba(36,79,81,1)
14,8: (10537,20560,23387,65535)  #29505BFF  srgba(41,80,91,1)
15,8: (10794,14906,29555,65535)  #2A3A73FF  srgba(42,58,115,1)
0,9: (10794,15163,33924,65535)  #2A3B84FF  srgba(42,59,132,1)
1,9: (11051,16962,20046,65535)  #2B424EFF  srgba(43,66,78,1)
2,9: (11565,16448,24158,65535)  #2D405EFF  srgba(45,64,94,1)
3,9: (12079,0,5911,65535)  #2F0017FF  srgba(47,0,23,1)
4,9: (12850,2056,14392,65535)  #320838FF  srgba(50,8,56,1)
5,9: (13107,19275,13107,65535)  #334B33FF  srgba(51,75,51,1)
6,9: (13107,20303,4883,65535)  #334F13FF  srgba(51,79,19,1)
7,9: (13364,2827,21588,65535)  #340B54FF  srgba(52,11,84,1)
8,9: (13621,54998,14906,65535)  #35D63AFF  srgba(53,214,58,1)
9,9: (14649,4883,32896,65535)  #391380FF  srgba(57,19,128,1)
10,9: (14906,63993,15934,65535)  #3AF93EFF  srgba(58,249,62,1)
11,9: (15163,29812,10794,65535)  #3B742AFF  srgba(59,116,42,1)
12,9: (15163,39321,13621,65535)  #3B9935FF  srgba(59,153,53,1)
13,9: (15420,4369,26728,65535)  #3C1168FF  srgba(60,17,104,1)
14,9: (16705,17219,21845,65535)  #414355FF  srgba(65,67,85,1)
15,9: (16962,771,5397,65535)  #420315FF  srgba(66,3,21,1)
0,10: (17219,53199,25700,65535)  #43CF64FF  srgba(67,207,100,1)
1,10: (17476,53970,33667,65535)  #44D283FF  srgba(68,210,131,1)
2,10: (18247,39578,20817,65535)  #479A51FF  srgba(71,154,81,1)
3,10: (18761,16191,31097,65535)  #493F79FF  srgba(73,63,121,1)
4,10: (19018,2827,5911,65535)  #4A0B17FF  srgba(74,11,23,1)
5,10: (19275,2570,14649,65535)  #4B0A39FF  srgba(75,10,57,1)
6,10: (19789,4369,21588,65535)  #4D1154FF  srgba(77,17,84,1)
7,10: (20303,15934,26471,65535)  #4F3E67FF  srgba(79,62,103,1)
8,10: (20560,26471,20817,65535)  #506751FF  srgba(80,103,81,1)
9,10: (20560,63222,31354,65535)  #50F67AFF  srgba(80,246,122,1)
10,10: (20560,63479,38550,65535)  #50F796FF  srgba(80,247,150,1)
11,10: (20817,63479,20817,65535)  #51F751FF  srgba(81,247,81,1)
12,10: (21331,64250,46517,65535)  #53FAB5FF  srgba(83,250,181,1)
13,10: (21845,19789,8481,65535)  #554D21FF  srgba(85,77,33,1)
14,10: (21845,42405,33410,65535)  #55A582FF  srgba(85,165,130,1)
15,10: (22102,33153,26471,65535)  #568167FF  srgba(86,129,103,1)
0,11: (22616,55255,37522,65535)  #58D792FF  srgba(88,215,146,1)
1,11: (22873,41891,27499,65535)  #59A36BFF  srgba(89,163,107,1)
2,11: (23130,55255,44461,65535)  #5AD7ADFF  srgba(90,215,173,1)
3,11: (23644,30583,33410,65535)  #5C7782FF  srgba(92,119,130,1)
4,11: (23901,19532,15163,65535)  #5D4C3BFF  srgba(93,76,59,1)
5,11: (24415,30583,13107,65535)  #5F7733FF  srgba(95,119,51,1)
6,11: (24929,54227,15163,65535)  #61D33BFF  srgba(97,211,59,1)
7,11: (26471,55769,26471,65535)  #67D967FF  srgba(103,217,103,1)
8,11: (26471,63993,15934,65535)  #67F93EFF  srgba(103,249,62,1)
9,11: (26728,39321,14906,65535)  #68993AFF  srgba(104,153,58,1)
10,11: (26728,54227,33667,65535)  #68D383FF  srgba(104,211,131,1)
11,11: (26985,48573,25957,65535)  #69BD65FF  srgba(105,189,101,1)
12,11: (27242,3084,5140,65535)  #6A0C14FF  srgba(106,12,20,1)
13,11: (27242,3598,16705,65535)  #6A0E41FF  srgba(106,14,65,1)
14,11: (27499,3341,9509,65535)  #6B0D25FF  srgba(107,13,37,1)
15,11: (28013,4112,22616,65535)  #6D1058FF  srgba(109,16,88,1)
0,12: (28013,39835,20817,65535)  #6D9B51FF  srgba(109,155,81,1)
1,12: (31611,5911,30840,65535)  #7B1778FF  srgba(123,23,120,1)
2,12: (32639,4883,26214,65535)  #7F1366FF  srgba(127,19,102,1)
3,12: (33153,63993,21331,65535)  #81F953FF  srgba(129,249,83,1)
4,12: (34181,63736,31611,65535)  #85F87BFF  srgba(133,248,123,1)
5,12: (34438,63736,38807,65535)  #86F897FF  srgba(134,248,151,1)
6,12: (34695,64250,46517,65535)  #87FAB5FF  srgba(135,250,181,1)
7,12: (35466,4112,6168,65535)  #8A1018FF  srgba(138,16,24,1)
8,12: (35723,4369,9766,65535)  #8B1126FF  srgba(139,17,38,1)
9,12: (35980,63736,15677,65535)  #8CF83DFF  srgba(140,248,61,1)
10,12: (36237,44975,23901,65535)  #8DAF5DFF  srgba(141,175,93,1)
11,12: (36494,4369,16962,65535)  #8E1142FF  srgba(142,17,66,1)
12,12: (36494,44718,30840,65535)  #8EAE78FF  srgba(142,174,120,1)
13,12: (37008,37522,14906,65535)  #90923AFF  srgba(144,146,58,1)
14,12: (37265,4883,22616,65535)  #911358FF  srgba(145,19,88,1)
15,12: (37265,31611,23130,65535)  #917B5AFF  srgba(145,123,90,1)
0,13: (38036,25957,33667,65535)  #946583FF  srgba(148,101,131,1)
1,13: (38036,50886,14649,65535)  #94C639FF  srgba(148,198,57,1)
2,13: (38293,56026,33667,65535)  #95DA83FF  srgba(149,218,131,1)
3,13: (39064,53713,26985,65535)  #98D169FF  srgba(152,209,105,1)
4,13: (39321,25957,14135,65535)  #996537FF  srgba(153,101,55,1)
5,13: (40092,15934,12079,65535)  #9C3E2FFF  srgba(156,62,47,1)
6,13: (40349,56540,41891,65535)  #9DDCA3FF  srgba(157,220,163,1)
7,13: (43947,63736,15677,65535)  #ABF83DFF  srgba(171,248,61,1)
8,13: (44204,5397,6425,65535)  #AC1519FF  srgba(172,21,25,1)
9,13: (44204,5397,10280,65535)  #AC1528FF  srgba(172,21,40,1)
10,13: (44461,45232,24158,65535)  #ADB05EFF  srgba(173,176,94,1)
11,13: (44718,31354,43176,65535)  #AE7AA8FF  srgba(174,122,168,1)
12,13: (44975,5397,17990,65535)  #AF1546FF  srgba(175,21,70,1)
13,13: (45489,64250,44975,65535)  #B1FAAFFF  srgba(177,250,175,1)
14,13: (45746,5911,23901,65535)  #B2175DFF  srgba(178,23,93,1)
15,13: (46260,43176,43690,65535)  #B4A8AAFF  srgba(180,168,170,1)
0,14: (46517,6682,28527,65535)  #B51A6FFF  srgba(181,26,111,1)
1,14: (47802,63993,38807,65535)  #BAF997FF  srgba(186,249,151,1)
2,14: (48059,63993,24158,65535)  #BBF95EFF  srgba(187,249,94,1)
3,14: (48573,63736,33667,65535)  #BDF883FF  srgba(189,248,131,1)
4,14: (48830,55255,27756,65535)  #BED76CFF  srgba(190,215,108,1)
5,14: (50886,44718,31354,65535)  #C6AE7AFF  srgba(198,174,122,1)
6,14: (51143,63993,15934,65535)  #C7F93EFF  srgba(199,249,62,1)
7,14: (51657,6168,17990,65535)  #C91846FF  srgba(201,24,70,1)
8,14: (51657,39321,14649,65535)  #C99939FF  srgba(201,153,57,1)
9,14: (52171,6168,8224,65535)  #CB1820FF  srgba(203,24,32,1)
10,14: (52685,24929,22359,65535)  #CD6157FF  srgba(205,97,87,1)
11,14: (52685,56797,33667,65535)  #CDDD83FF  srgba(205,221,131,1)
12,14: (53713,23644,33924,65535)  #D15C84FF  srgba(209,92,132,1)
13,14: (53970,53199,14649,65535)  #D2CF39FF  srgba(210,207,57,1)
14,14: (54741,37008,23130,65535)  #D5905AFF  srgba(213,144,90,1)
15,14: (55769,15163,11051,65535)  #D93B2BFF  srgba(217,59,43,1)
0,15: (56026,24415,13621,65535)  #DA5F35FF  srgba(218,95,53,1)
1,15: (56540,7196,24158,65535)  #DC1C5EFF  srgba(220,28,94,1)
2,15: (56797,7453,28270,65535)  #DD1D6EFF  srgba(221,29,110,1)
3,15: (57311,6939,18504,65535)  #DF1B48FF  srgba(223,27,72,1)
4,15: (57825,64250,44204,65535)  #E1FAACFF  srgba(225,250,172,1)
5,15: (59110,7196,8224,65535)  #E61C20FF  srgba(230,28,32,1)
6,15: (59367,44975,23901,65535)  #E7AF5DFF  srgba(231,175,93,1)
7,15: (59367,55255,45489,65535)  #E7D7B1FF  srgba(231,215,177,1)
8,15: (59881,63993,15934,65535)  #E9F93EFF  srgba(233,249,62,1)
9,15: (60395,44204,47545,65535)  #EBACB9FF  srgba(235,172,185,1)
10,15: (60395,55769,26728,65535)  #EBD968FF  srgba(235,217,104,1)
11,15: (61166,63993,32639,65535)  #EEF97FFF  srgba(238,249,127,1)
12,15: (61423,64507,38807,65535)  #EFFB97FF  srgba(239,251,151,1)
13,15: (61680,27242,47031,65535)  #F06AB7FF  srgba(240,106,183,1)
14,15: (62194,63993,24672,65535)  #F2F960FF  srgba(242,249,96,1)
15,15: (0,65535,0,0)  #00FF0000  srgba(0,255,0,0)
