# ImageMagick pixel enumeration: 16,16,65535,srgba
0,0: (0,0,0,65535)  #000000FF  black
1,0: (257,0,0,65535)  #010000FF  srgba(1,0,0,1)
2,0: (1542,2827,514,65535)  #060B02FF  srgba(6,11,2,1)
3,0: (4883,6425,771,65535)  #131903FF  srgba(19,25,3,1)
4,0: (5397,7453,4626,65535)  #151D12FF  srgba(21,29,18,1)
5,0: (7710,11565,6682,65535)  #1E2D1AFF  srgba(30,45,26,1)
6,0: (9766,12079,771,65535)  #262F03FF  srgba(38,47,3,1)
7,0: (11565,13621,4883,65535)  #2D3513FF  srgba(45,53,19,1)
8,0: (12079,14135,10794,65535)  #2F372AFF  srgba(47,55,42,1)
9,0: (13107,17219,5654,65535)  #334316FF  srgba(51,67,22,1)
10,0: (15420,18247,4369,65535)  #3C4711FF  srgba(60,71,17,1)
11,0: (15420,18761,14649,65535)  #3C4939FF  srgba(60,73,57,1)
12,0: (17219,19275,4883,65535)  #434B13FF  srgba(67,75,19,1)
13,0: (17476,23130,16962,65535)  #445A42FF  srgba(68,90,66,1)
14,0: (18247,21588,5397,65535)  #475415FF  srgba(71,84,21,1)
15,0: (21331,24158,10023,65535)  #535E27FF  srgba(83,94,39,1)
0,1: (21588,23901,2313,65535)  #545D09FF  srgba(84,93,9,1)
1,1: (21845,24158,18247,65535)  #555E47FF  srgba(85,94,71,1)
2,1: (23130,27756,23644,65535)  #5A6C5CFF  srgba(90,108,92,1)
3,1: (24672,29298,18504,65535)  #607248FF  srgba(96,114,72,1)
4,1: (25186,28013,3855,65535)  #626D0FFF  srgba(98,109,15,1)
5,1: (25186,28527,10023,65535)  #626F27FF  srgba(98,111,39,1)
6,1: (25700,43947,45232,65535)  #64ABB0FF  srgba(100,171,176,1)
7,1: (25957,33153,27242,65535)  #65816AFF  srgba(101,129,106,1)
8,1: (26214,46003,49858,65535)  #66B3C2FF  srgba(102,179,194,1)
9,1: (26985,32896,23901,65535)  #69805DFF  srgba(105,128,93,1)
10,1: (27499,38036,32382,65535)  #6B947EFF  srgba(107,148,126,1)
11,1: (28013,48059,51143,65535)  #6DBBC7FF  srgba(109,187,199,1)
12,1: (28270,46260,47288,65535)  #6EB4B8FF  srgba(110,180,184,1)
13,1: (28784,49858,54484,65535)  #70C2D4FF  srgba(112,194,212,1)
14,1: (29555,45489,42919,65535)  #73B1A7FF  srgba(115,177,167,1)
15,1: (29812,43947,39064,65535)  #74AB98FF  srgba(116,171,152,1)
0,2: (30583,32896,5911,65535)  #778017FF  srgba(119,128,23,1)
1,2: (30583,48059,46003,65535)  #77BBB3FF  srgba(119,187,179,1)
2,2: (30583,51914,56540,65535)  #77CADCFF  srgba(119,202,220,1)
3,2: (30840,50372,51657,65535)  #78C4C9FF  srgba(120,196,201,1)
4,2: (31097,51143,53713,65535)  #79C7D1FF  srgba(121,199,209,1)
5,2: (31354,37779,28270,65535)  #7A936EFF  srgba(122,147,110,1)
6,2: (31354,39835,32896,65535)  #7A9B80FF  srgba(122,155,128,1)
7,2: (31611,33924,10280,65535)  #7B8428FF  srgba(123,132,40,1)
8,2: (31611,43176,34181,65535)  #7BA885FF  srgba(123,168,133,1)
9,2: (31868,31868,17990,65535)  #7C7C46FF  srgba(124,124,70,1)
10,2: (32125,49858,48059,65535)  #7DC2BBFF  srgba(125,194,187,1)
11,2: (32125,54484,60395,65535)  #7DD4EBFF  srgba(125,212,235,1)
12,2: (32382,53713,57054,65535)  #7ED1DEFF  srgba(126,209,222,1)
13,2: (33153,56540,61937,65535)  #81DCF1FF  srgba(129,220,241,1)
14,2: (33410,33667,17219,65535)  #828343FF  srgba(130,131,67,1)
15,2: (33667,47288,39578,65535)  #83B89AFF  srgba(131,184,154,1)
0,3: (34181,33410,14906,65535)  #85823AFF  srgba(133,130,58,1)
1,3: (34438,34695,17219,65535)  #868743FF  srgba(134,135,67,1)
2,3: (34438,37008,23901,65535)  #86905DFF  srgba(134,144,93,1)
3,3: (34695,53970,54227,65535)  #87D2D3FF  srgba(135,210,211,1)
4,3: (34952,56283,58082,65535)  #88DBE2FF  srgba(136,219,226,1)
5,3: (34952,58082,62965,65535)  #88E2F5FF  srgba(136,226,245,1)
6,3: (35466,33667,15677,65535)  #8A833DFF  srgba(138,131,61,1)
7,3: (35466,33924,15934,65535)  #8A843EFF  srgba(138,132,62,1)
8,3: (35723,33667,15934,65535)  #8B833EFF  srgba(139,131,62,1)
9,3: (35723,42919,33153,65535)  #8BA781FF  srgba(139,167,129,1)
10,3: (35723,50115,43947,65535)  #8BC3ABFF  srgba(139,195,171,1)
11,3: (35980,39835,28013,65535)  #8C9B6DFF  srgba(140,155,109,1)
12,3: (35980,46260,34952,65535)  #8CB488FF  srgba(140,180,136,1)
13,3: (36237,33924,16191,65535)  #8D843FFF  srgba(141,132,63,1)
14,3: (36237,44975,33924,65535)  #8DAF84FF  srgba(141,175,132,1)
15,3: (36494,58339,61166,65535)  #8EE3EEFF  srgba(142,227,238,1)
0,4: (37008,34952,16448,65535)  #908840FF  srgba(144,136,64,1)
1,4: (37008,39835,10280,65535)  #909B28FF  srgba(144,155,40,1)
2,4: (37008,48059,35723,65535)  #90BB8BFF  srgba(144,187,139,1)
3,4: (37008,61680,65021,65535)  #90F0FDFF  srgba(144,240,253,1)
4,4: (37265,49601,39321,65535)  #91C199FF  srgba(145,193,153,1)
5,4: (37265,52942,46003,65535)  #91CEB3FF  srgba(145,206,179,1)
6,4: (37522,35209,17219,65535)  #928943FF  srgba(146,137,67,1)
7,4: (37522,35466,16962,65535)  #928A42FF  srgba(146,138,66,1)
8,4: (37779,56026,52942,65535)  #93DACEFF  srgba(147,218,206,1)
9,4: (38036,36237,17476,65535)  #948D44FF  srgba(148,141,68,1)
10,4: (38036,42662,28527,65535)  #94A66FFF  srgba(148,166,111,1)
11,4: (38550,58853,58853,65535)  #96E5E5FF  srgba(150,229,229,1)
12,4: (38807,36751,17990,65535)  #978F46FF  srgba(151,143,70,1)
13,4: (38807,40606,14392,65535)  #979E38FF  srgba(151,158,56,1)
14,4: (39064,61166,61680,65535)  #98EEF0FF  srgba(152,238,240,1)
15,4: (39064,63736,65021,65535)  #98F8FDFF  srgba(152,248,253,1)
0,5: (39321,37522,18247,65535)  #999247FF  srgba(153,146,71,1)
1,5: (39578,37779,18247,65535)  #9A9347FF  srgba(154,147,71,1)
2,5: (39578,39064,17476,65535)  #9A9844FF  srgba(154,152,68,1)
3,5: (39835,37522,18247,65535)  #9B9247FF  srgba(155,146,71,1)
4,5: (39835,41634,23901,65535)  #9BA25DFF  srgba(155,162,93,1)
5,5: (40092,37779,18504,65535)  #9C9348FF  srgba(156,147,72,1)
6,5: (40092,37779,18761,65535)  #9C9349FF  srgba(156,147,73,1)
7,5: (40092,38036,18504,65535)  #9C9448FF  srgba(156,148,72,1)
8,5: (40092,44461,28784,65535)  #9CAD70FF  srgba(156,173,112,1)
9,5: (40092,49344,37779,65535)  #9CC093FF  srgba(156,192,147,1)
10,5: (40092,53199,43947,65535)  #9CCFABFF  srgba(156,207,171,1)
11,5: (40349,38807,19275,65535)  #9D974BFF  srgba(157,151,75,1)
12,5: (40606,64507,65278,65535)  #9EFBFEFF  srgba(158,251,254,1)
13,5: (40863,38807,18761,65535)  #9F9749FF  srgba(159,151,73,1)
14,5: (40863,39064,19275,65535)  #9F984BFF  srgba(159,152,75,1)
15,5: (40863,46260,31097,65535)  #9FB479FF  srgba(159,180,121,1)
0,6: (40863,48573,33410,65535)  #9FBD82FF  srgba(159,189,130,1)
1,6: (40863,52685,39321,65535)  #9FCD99FF  srgba(159,205,153,1)
2,6: (40863,56540,46260,65535)  #9FDCB4FF  srgba(159,220,180,1)
3,6: (41377,39064,19532,65535)  #A1984CFF  srgba(161,152,76,1)
4,6: (41634,58082,52171,65535)  #A2E2CBFF  srgba(162,226,203,1)
5,6: (41634,63222,61166,65535)  #A2F6EEFF  srgba(162,246,238,1)
6,6: (41891,39835,19275,65535)  #A39B4BFF  srgba(163,155,75,1)
7,6: (42662,40606,19789,65535)  #A69E4DFF  srgba(166,158,77,1)
8,6: (42662,61937,56026,65535)  #A6F1DAFF  srgba(166,241,218,1)
9,6: (42919,40863,20303,65535)  #A79F4FFF  srgba(167,159,79,1)
10,6: (42919,53970,43433,65535)  #A7D2A9FF  srgba(167,210,169,1)
11,6: (43176,57311,45746,65535)  #A8DFB2FF  srgba(168,223,178,1)
12,6: (43176,65021,65021,65535)  #A8FDFDFF  srgba(168,253,253,1)
13,6: (43433,41377,20817,65535)  #A9A151FF  srgba(169,161,81,1)
14,6: (43690,42405,20303,65535)  #AAA54FFF  srgba(170,165,79,1)
15,6: (43947,42148,21074,65535)  #ABA452FF  srgba(171,164,82,1)
0,7: (43947,43433,23387,65535)  #ABA95BFF  srgba(171,169,91,1)
1,7: (44461,42148,21074,65535)  #ADA452FF  srgba(173,164,82,1)
2,7: (44461,46260,15677,65535)  #ADB43DFF  srgba(173,180,61,1)
3,7: (44461,48059,31097,65535)  #ADBB79FF  srgba(173,187,121,1)
4,7: (44461,63993,60395,65535)  #ADF9EBFF  srgba(173,249,235,1)
5,7: (44718,42405,21588,65535)  #AEA554FF  srgba(174,165,84,1)
6,7: (44718,42919,21331,65535)  #AEA753FF  srgba(174,167,83,1)
7,7: (44975,42919,21845,65535)  #AFA755FF  srgba(175,167,85,1)
8,7: (45232,43176,22359,65535)  #B0A857FF  srgba(176,168,87,1)
9,7: (45232,43690,21588,65535)  #B0AA54FF  srgba(176,170,84,1)
10,7: (45232,46517,26728,65535)  #B0B568FF  srgba(176,181,104,1)
11,7: (45232,62194,51400,65535)  #B0F2C8FF  srgba(176,242,200,1)
12,7: (45232,65021,60909,65535)  #B0FDEDFF  srgba(176,253,237,1)
13,7: (45489,43690,22102,65535)  #B1AA56FF  srgba(177,170,86,1)
14,7: (45489,46003,18761,65535)  #B1B349FF  srgba(177,179,73,1)
15,7: (45489,52171,37265,65535)  #B1CB91FF  srgba(177,203,145,1)
0,8: (45746,47545,28270,65535)  #B2B96EFF  srgba(178,185,110,1)
1,8: (45746,58339,46517,65535)  #B2E3B5FF  srgba(178,227,181,1)
2,8: (45746,61166,47545,65535)  #B2EEB9FF  srgba(178,238,185,1)
3,8: (46003,43947,22359,65535)  #B3AB57FF  srgba(179,171,87,1)
4,8: (46003,63993,55769,65535)  #B3F9D9FF  srgba(179,249,217,1)
5,8: (46260,44461,21845,65535)  #B4AD55FF  srgba(180,173,85,1)
6,8: (46260,46517,25700,65535)  #B4B564FF  srgba(180,181,100,1)
7,8: (46517,45489,23130,65535)  #B5B15AFF  srgba(181,177,90,1)
8,8: (46774,44718,22873,65535)  #B6AE59FF  srgba(182,174,89,1)
9,8: (46774,47031,20303,65535)  #B6B74FFF  srgba(182,183,79,1)
10,8: (46774,51657,33410,65535)  #B6C982FF  srgba(182,201,130,1)
11,8: (47031,45489,22873,65535)  #B7B159FF  srgba(183,177,89,1)
12,8: (47031,56283,39835,65535)  #B7DB9BFF  srgba(183,219,155,1)
13,8: (47031,57825,42919,65535)  #B7E1A7FF  srgba(183,225,167,1)
14,8: (47545,46003,23130,65535)  #B9B35AFF  srgba(185,179,90,1)
15,8: (48059,65021,60652,65535)  #BBFDECFF  srgba(187,253,236,1)
0,9: (48316,46517,23387,65535)  #BCB55BFF  srgba(188,181,91,1)
1,9: (48316,64764,56026,65535)  #BCFCDAFF  srgba(188,252,218,1)
2,9: (48573,49601,28013,65535)  #BDC16DFF  srgba(189,193,109,1)
3,9: (48573,55255,35980,65535)  #BDD78CFF  srgba(189,215,140,1)
4,9: (48573,62451,48316,65535)  #BDF3BCFF  srgba(189,243,188,1)
5,9: (48573,64250,52428,65535)  #BDFACCFF  srgba(189,250,204,1)
6,9: (48830,47288,23901,65535)  #BEB85DFF  srgba(190,184,93,1)
7,9: (48830,50372,28784,65535)  #BEC470FF  srgba(190,196,112,1)
8,9: (49087,48573,26471,65535)  #BFBD67FF  srgba(191,189,103,1)
9,9: (49601,48059,24672,65535)  #C1BB60FF  srgba(193,187,96,1)
10,9: (49601,52171,29812,65535)  #C1CB74FF  srgba(193,203,116,1)
11,9: (49858,48316,25700,65535)  #C2BC64FF  srgba(194,188,100,1)
12,9: (49858,48830,25700,65535)  #C2BE64FF  srgba(194,190,100,1)
13,9: (49858,64764,49087,65535)  #C2FCBFFF  srgba(194,252,191,1)
14,9: (50372,65021,56540,65535)  #C4FDDCFF  srgba(196,253,220,1)
15,9: (50629,49087,25700,65535)  #C5BF64FF  srgba(197,191,100,1)
0,10: (50629,49344,24929,65535)  #C5C061FF  srgba(197,192,97,1)
1,10: (50629,49344,25700,65535)  #C5C064FF  srgba(197,192,100,1)
2,10: (50629,62708,45489,65535)  #C5F4B1FF  srgba(197,244,177,1)
3,10: (50886,64764,51657,65535)  #C6FCC9FF  srgba(198,252,201,1)
4,10: (51400,61680,41891,65535)  #C8F0A3FF  srgba(200,240,163,1)
5,10: (51657,50372,25700,65535)  #C9C464FF  srgba(201,196,100,1)
6,10: (52428,51143,26214,65535)  #CCC766FF  srgba(204,199,102,1)
7,10: (52685,51400,26985,65535)  #CDC869FF  srgba(205,200,105,1)
8,10: (52685,64507,48573,65535)  #CDFBBDFF  srgba(205,251,189,1)
9,10: (52942,58339,39321,65535)  #CEE399FF  srgba(206,227,153,1)
10,10: (53199,52942,28784,65535)  #CFCE70FF  srgba(207,206,112,1)
11,10: (53456,53970,30069,65535)  #D0D275FF  srgba(208,210,117,1)
12,10: (53713,52428,27242,65535)  #D1CC6AFF  srgba(209,204,106,1)
13,10: (53970,56540,33924,65535)  #D2DC84FF  srgba(210,220,132,1)
14,10: (54227,52942,27499,65535)  #D3CE6BFF  srgba(211,206,107,1)
15,10: (54227,55769,31868,65535)  #D3D97CFF  srgba(211,217,124,1)
0,11: (54227,57825,35723,65535)  #D3E18BFF  srgba(211,225,139,1)
1,11: (54227,65021,55512,65535)  #D3FDD8FF  srgba(211,253,216,1)
2,11: (54741,55255,30840,65535)  #D5D778FF  srgba(213,215,120,1)
3,11: (54998,53713,27242,65535)  #D6D16AFF  srgba(214,209,106,1)
4,11: (54998,61423,35723,65535)  #D6EF8BFF  srgba(214,239,139,1)
5,11: (54998,62451,40092,65535)  #D6F39CFF  srgba(214,243,156,1)
6,11: (54998,64250,44718,65535)  #D6FAAEFF  srgba(214,250,174,1)
7,11: (55512,65021,51657,65535)  #D8FDC9FF  srgba(216,253,201,1)
8,11: (55769,54484,28013,65535)  #D9D46DFF  srgba(217,212,109,1)
9,11: (55769,54998,28784,65535)  #D9D670FF  srgba(217,214,112,1)
10,11: (56540,55512,28013,65535)  #DCD86DFF  srgba(220,216,109,1)
11,11: (56540,55512,28527,65535)  #DCD86FFF  srgba(220,216,111,1)
12,11: (57054,56026,28784,65535)  #DEDA70FF  srgba(222,218,112,1)
13,11: (57568,56540,28784,65535)  #E0DC70FF  srgba(224,220,112,1)
14,11: (57568,57054,30069,65535)  #E0DE75FF  srgba(224,222,117,1)
15,11: (57568,58853,33667,65535)  #E0E583FF  srgba(224,229,131,1)
0,12: (57568,65021,48316,65535)  #E0FDBCFF  srgba(224,253,188,1)
1,12: (58082,57054,29041,65535)  #E2DE71FF  srgba(226,222,113,1)
2,12: (58082,58339,30069,65535)  #E2E375FF  srgba(226,227,117,1)
3,12: (58082,61423,35466,65535)  #E2EF8AFF  srgba(226,239,138,1)
4,12: (58339,62965,38807,65535)  #E3F597FF  srgba(227,245,151,1)
5,12: (58596,58596,31868,65535)  #E4E47CFF  srgba(228,228,124,1)
6,12: (59110,58082,29555,65535)  #E6E273FF  srgba(230,226,115,1)
7,12: (59110,61423,34695,65535)  #E6EF87FF  srgba(230,239,135,1)
8,12: (59110,64507,43690,65535)  #E6FBAAFF  srgba(230,251,170,1)
9,12: (59367,58339,30069,65535)  #E7E375FF  srgba(231,227,117,1)
10,12: (59367,58339,30069,65535)  #E7E375FF  srgba(231,227,117,1)
11,12: (59367,65278,43947,65535)  #E7FEABFF  srgba(231,254,171,1)
12,12: (59624,58596,30583,65535)  #E8E477FF  srgba(232,228,119,1)
13,12: (59624,58853,30069,65535)  #E8E575FF  srgba(232,229,117,1)
14,12: (59881,59110,30840,65535)  #E9E678FF  srgba(233,230,120,1)
15,12: (60138,65021,39578,65535)  #EAFD9AFF  srgba(234,253,154,1)
0,13: (60395,59110,30326,65535)  #EBE676FF  srgba(235,230,118,1)
1,13: (60395,60652,32125,65535)  #EBEC7DFF  srgba(235,236,125,1)
2,13: (60395,62451,34952,65535)  #EBF388FF  srgba(235,243,136,1)
3,13: (60652,59110,30840,65535)  #ECE678FF  srgba(236,230,120,1)
4,13: (61166,59624,30840,65535)  #EEE878FF  srgba(238,232,120,1)
5,13: (61166,60138,31354,65535)  #EEEA7AFF  srgba(238,234,122,1)
6,13: (61166,60395,30583,65535)  #EEEB77FF  srgba(238,235,119,1)
7,13: (61166,62451,34181,65535)  #EEF385FF  srgba(238,243,133,1)
8,13: (61423,60652,31868,65535)  #EFEC7CFF  srgba(239,236,124,1)
9,13: (61680,60909,30840,65535)  #F0ED78FF  srgba(240,237,120,1)
10,13: (61937,61166,31354,65535)  #F1EE7AFF  srgba(241,238,122,1)
11,13: (62194,61423,31097,65535)  #F2EF79FF  srgba(242,239,121,1)
12,13: (62194,61680,31611,65535)  #F2F07BFF  srgba(242,240,123,1)
13,13: (62194,62965,33667,65535)  #F2F583FF  srgba(242,245,131,1)
14,13: (63222,62451,31354,65535)  #F6F37AFF  srgba(246,243,122,1)
15,13: (63222,62451,31868,65535)  #F6F37CFF  srgba(246,243,124,1)
0,14: (63222,62965,31611,65535)  #F6F57BFF  srgba(246,245,123,1)
1,14: (63736,63222,32382,65535)  #F8F67EFF  srgba(248,246,126,1)
2,14: (63736,64507,34438,65535)  #F8FB86FF  srgba(248,251,134,1)
3,14: (63993,65021,48573,65535)  #F9FDBDFF  srgba(249,253,189,1)
4,14: (64250,63993,32382,65535)  #FAF97EFF  srgba(250,249,126,1)
5,14: (64764,64764,32639,65535)  #FCFC7FFF  srgba(252,252,127,1)
6,14: (64764,64764,34181,65535)  #FCFC85FF  srgba(252,252,133,1)
7,14: (64764,64764,38293,65535)  #FCFC95FF  srgba(252,252,149,1)
8,14: (64764,65278,42919,65535)  #FCFEA7FF  srgba(252,254,167,1)
9,14: (65021,64507,32125,65535)  #FDFB7DFF  srgba(253,251,125,1)
10,14: (65021,64764,35723,65535)  #FDFC8BFF  srgba(253,252,139,1)
11,14: (65021,64764,36751,65535)  #FDFC8FFF  srgba(253,252,143,1)
12,14: (65021,65021,33410,65535)  #FDFD82FF  srgba(253,253,130,1)
13,14: (65021,65021,36494,65535)  #FDFD8EFF  srgba(253,253,142,1)
14,14: (65021,65021,37522,65535)  #FDFD92FF  srgba(253,253,146,1)
15,14: (65021,65021,45232,65535)  #FDFDB0FF  srgba(253,253,176,1)
0,15: (65021,65021,45746,65535)  #FDFDB2FF  srgba(253,253,178,1)
1,15: (65278,64764,35209,65535)  #FEFC89FF  srgba(254,252,137,1)
2,15: (65278,65021,34181,65535)  #FEFD85FF  srgba(254,253,133,1)
3,15: (65278,65021,34695,65535)  #FEFD87FF  srgba(254,253,135,1)
4,15: (65278,65021,42919,65535)  #FEFDA7FF  srgba(254,253,167,1)
5,15: (65278,65021,43690,65535)  #FEFDAAFF  srgba(254,253,170,1)
6,15: (65278,65278,38036,65535)  #FEFE94FF  srgba(254,254,148,1)
7,15: (65278,65278,44975,65535)  #FEFEAFFF  srgba(254,254,175,1)
8,15: (65535,64764,41634,65535)  #FFFCA2FF  srgba(255,252,162,1)
9,15: (65535,65021,38807,65535)  #FFFD97FF  srgba(255,253,151,1)
10,15: (65535,65021,40863,65535)  #FFFD9FFF  srgba(255,253,159,1)
11,15: (65535,65021,42405,65535)  #FFFDA5FF  srgba(255,253,165,1)
12,15: (65535,65021,43176,65535)  #FFFDA8FF  srgba(255,253,168,1)
13,15: (65535,65278,39578,65535)  #FFFE9AFF  srgba(255,254,154,1)
14,15: (65535,65278,40092,65535)  #FFFE9CFF  srgba(255,254,156,1)
15,15: (0,65535,0,0)  #00FF0000  srgba(0,255,0,0)
