# ImageMagick pixel enumeration: 16,16,65535,srgba
0,0: (0,0,0,65535)  #000000FF  black
1,0: (0,0,514,65535)  #000002FF  srgba(0,0,2,1)
2,0: (0,514,0,65535)  #000200FF  srgba(0,2,0,1)
3,0: (0,771,0,65535)  #000300FF  srgba(0,3,0,1)
4,0: (257,257,257,65535)  #010101FF  srgba(1,1,1,1)
5,0: (514,0,257,65535)  #020001FF  srgba(2,0,1,1)
6,0: (771,0,771,65535)  #030003FF  srgba(3,0,3,1)
7,0: (1028,0,0,65535)  #040000FF  srgba(4,0,0,1)
8,0: (1285,1542,1285,65535)  #050605FF  srgba(5,6,5,1)
9,0: (1542,2827,3598,65535)  #060B0EFF  srgba(6,11,14,1)
10,0: (1542,6682,5911,65535)  #061A17FF  srgba(6,26,23,1)
11,0: (2313,0,0,65535)  #090000FF  srgba(9,0,0,1)
12,0: (2570,0,257,65535)  #0A0001FF  srgba(10,0,1,1)
13,0: (2827,0,0,65535)  #0B0000FF  srgba(11,0,0,1)
14,0: (3084,9252,9766,65535)  #0C2426FF  srgba(12,36,38,1)
15,0: (4112,0,771,65535)  #100003FF  srgba(16,0,3,1)
0,1: (4112,0,1799,65535)  #100007FF  srgba(16,0,7,1)
1,1: (4369,1028,771,65535)  #110403FF  srgba(17,4,3,1)
2,1: (4369,13878,12336,65535)  #113630FF  srgba(17,54,48,1)
3,1: (4883,2570,5140,65535)  #130A14FF  srgba(19,10,20,1)
4,1: (5140,0,0,65535)  #140000FF  srgba(20,0,0,1)
5,1: (5140,6682,6425,65535)  #141A19FF  srgba(20,26,25,1)
6,1: (5397,1028,0,65535)  #150400FF  srgba(21,4,0,1)
7,1: (6168,0,0,65535)  #180000FF  srgba(24,0,0,1)
8,1: (6168,0,257,65535)  #180001FF  srgba(24,0,1,1)
9,1: (7453,1028,257,65535)  #1D0401FF  srgba(29,4,1,1)
10,1: (7453,9252,10537,65535)  #1D2429FF  srgba(29,36,41,1)
11,1: (7967,0,0,65535)  #1F0000FF  srgba(31,0,0,1)
12,1: (9252,2056,2313,65535)  #240809FF  srgba(36,8,9,1)
13,1: (10280,1542,1285,65535)  #280605FF  srgba(40,6,5,1)
14,1: (10280,15677,16191,65535)  #283D3FFF  srgba(40,61,63,1)
15,1: (10537,0,0,65535)  #290000FF  srgba(41,0,0,1)
0,2: (10794,0,257,65535)  #2A0001FF  srgba(42,0,1,1)
1,2: (10794,3084,5140,65535)  #2A0C14FF  srgba(42,12,20,1)
2,2: (11051,0,0,65535)  #2B0000FF  srgba(43,0,0,1)
3,2: (12079,9509,11822,65535)  #2F252EFF  srgba(47,37,46,1)
4,2: (12850,1285,771,65535)  #320503FF  srgba(50,5,3,1)
5,2: (13107,0,771,65535)  #330003FF  srgba(51,0,3,1)
6,2: (13107,257,1542,65535)  #330106FF  srgba(51,1,6,1)
7,2: (13364,1028,0,65535)  #340400FF  srgba(52,4,0,1)
8,2: (15163,0,0,65535)  #3B0000FF  srgba(59,0,0,1)
9,2: (15677,0,0,65535)  #3D0000FF  srgba(61,0,0,1)
10,2: (15934,0,257,65535)  #3E0001FF  srgba(62,0,1,1)
11,2: (15934,1542,1285,65535)  #3E0605FF  srgba(62,6,5,1)
12,2: (15934,2313,2313,65535)  #3E0909FF  srgba(62,9,9,1)
13,2: (16705,5911,4369,65535)  #411711FF  srgba(65,23,17,1)
14,2: (17990,9509,5654,65535)  #462516FF  srgba(70,37,22,1)
15,2: (18761,771,257,65535)  #490301FF  srgba(73,3,1,1)
0,3: (19789,0,257,65535)  #4D0001FF  srgba(77,0,1,1)
1,3: (19789,1799,257,65535)  #4D0701FF  srgba(77,7,1,1)
2,3: (20560,0,0,65535)  #500000FF  srgba(80,0,0,1)
3,3: (20560,1285,0,65535)  #500500FF  srgba(80,5,0,1)
4,3: (20560,1542,514,65535)  #500602FF  srgba(80,6,2,1)
5,3: (21074,0,1028,65535)  #520004FF  srgba(82,0,4,1)
6,3: (21074,2570,2570,65535)  #520A0AFF  srgba(82,10,10,1)
7,3: (21331,0,514,65535)  #530002FF  srgba(83,0,2,1)
8,3: (22102,16448,11565,65535)  #56402DFF  srgba(86,64,45,1)
9,3: (22616,1028,1542,65535)  #580406FF  srgba(88,4,6,1)
10,3: (22873,2056,1542,65535)  #590806FF  srgba(89,8,6,1)
11,3: (23644,3598,1542,65535)  #5C0E06FF  srgba(92,14,6,1)
12,3: (23644,17990,17219,65535)  #5C4643FF  srgba(92,70,67,1)
13,3: (24158,257,1542,65535)  #5E0106FF  srgba(94,1,6,1)
14,3: (24415,0,0,65535)  #5F0000FF  srgba(95,0,0,1)
15,3: (25443,1542,0,65535)  #630600FF  srgba(99,6,0,1)
0,4: (26214,257,0,65535)  #660100FF  srgba(102,1,0,1)
1,4: (26985,0,514,65535)  #690002FF  srgba(105,0,2,1)
2,4: (27242,257,1028,65535)  #6A0104FF  srgba(106,1,4,1)
3,4: (27499,0,0,65535)  #6B0000FF  srgba(107,0,0,1)
4,4: (27499,2313,771,65535)  #6B0903FF  srgba(107,9,3,1)
5,4: (27499,6168,3598,65535)  #6B180EFF  srgba(107,24,14,1)
6,4: (27756,1028,514,65535)  #6C0402FF  srgba(108,4,2,1)
7,4: (28270,10537,10537,65535)  #6E2929FF  srgba(110,41,41,1)
8,4: (28527,0,0,65535)  #6F0000FF  srgba(111,0,0,1)
9,4: (28784,2056,257,65535)  #700801FF  srgba(112,8,1,1)
10,4: (28784,2056,1285,65535)  #700805FF  srgba(112,8,5,1)
11,4: (28784,3084,3084,65535)  #700C0CFF  srgba(112,12,12,1)
12,4: (29298,771,257,65535)  #720301FF  srgba(114,3,1,1)
13,4: (29555,2570,2056,65535)  #730A08FF  srgba(115,10,8,1)
14,4: (30326,2313,0,65535)  #760900FF  srgba(118,9,0,1)
15,4: (30583,1028,1285,65535)  #770405FF  srgba(119,4,5,1)
0,5: (31097,771,0,65535)  #790300FF  srgba(121,3,0,1)
1,5: (31611,0,0,65535)  #7B0000FF  srgba(123,0,0,1)
2,5: (32125,771,514,65535)  #7D0302FF  srgba(125,3,2,1)
3,5: (32125,8995,4369,65535)  #7D2311FF  srgba(125,35,17,1)
4,5: (32382,24415,20817,65535)  #7E5F51FF  srgba(126,95,81,1)
5,5: (32639,0,0,65535)  #7F0000FF  srgba(127,0,0,1)
6,5: (32896,3341,1285,65535)  #800D05FF  srgba(128,13,5,1)
7,5: (32896,6168,3084,65535)  #80180CFF  srgba(128,24,12,1)
8,5: (32896,12593,5654,65535)  #803116FF  srgba(128,49,22,1)
9,5: (33153,257,257,65535)  #810101FF  srgba(129,1,1,1)
10,5: (33153,16448,11051,65535)  #81402BFF  srgba(129,64,43,1)
11,5: (33153,18504,17733,65535)  #814845FF  srgba(129,72,69,1)
12,5: (33410,257,1028,65535)  #820104FF  srgba(130,1,4,1)
13,5: (33410,5911,1285,65535)  #821705FF  srgba(130,23,5,1)
14,5: (33410,28784,29298,65535)  #827072FF  srgba(130,112,114,1)
15,5: (33924,257,0,65535)  #840100FF  srgba(132,1,0,1)
0,6: (33924,1285,0,65535)  #840500FF  srgba(132,5,0,1)
1,6: (33924,2827,514,65535)  #840B02FF  srgba(132,11,2,1)
2,6: (34181,257,514,65535)  #850102FF  srgba(133,1,2,1)
3,6: (34181,1028,1028,65535)  #850404FF  srgba(133,4,4,1)
4,6: (34181,1285,257,65535)  #850501FF  srgba(133,5,1,1)
5,6: (34438,39064,39578,65535)  #86989AFF  srgba(134,152,154,1)
6,6: (34695,1542,514,65535)  #870602FF  srgba(135,6,2,1)
7,6: (34695,2056,1285,65535)  #870805FF  srgba(135,8,5,1)
8,6: (34952,257,0,65535)  #880100FF  srgba(136,1,0,1)
9,6: (35209,514,0,65535)  #890200FF  srgba(137,2,0,1)
10,6: (35209,771,514,65535)  #890302FF  srgba(137,3,2,1)
11,6: (35466,257,257,65535)  #8A0101FF  srgba(138,1,1,1)
12,6: (35466,514,0,65535)  #8A0200FF  srgba(138,2,0,1)
13,6: (35466,50629,55769,65535)  #8AC5D9FF  srgba(138,197,217,1)
14,6: (35723,1028,0,65535)  #8B0400FF  srgba(139,4,0,1)
15,6: (35980,257,0,65535)  #8C0100FF  srgba(140,1,0,1)
0,7: (35980,2313,0,65535)  #8C0900FF  srgba(140,9,0,1)
1,7: (36237,514,0,65535)  #8D0200FF  srgba(141,2,0,1)
2,7: (36237,1285,0,65535)  #8D0500FF  srgba(141,5,0,1)
3,7: (36494,0,0,65535)  #8E0000FF  srgba(142,0,0,1)
4,7: (36494,771,0,65535)  #8E0300FF  srgba(142,3,0,1)
5,7: (36494,1028,0,65535)  #8E0400FF  srgba(142,4,0,1)
6,7: (37008,514,0,65535)  #900200FF  srgba(144,2,0,1)
7,7: (37008,514,0,65535)  #900200FF  srgba(144,2,0,1)
8,7: (37522,257,0,65535)  #920100FF  srgba(146,1,0,1)
9,7: (37522,771,0,65535)  #920300FF  srgba(146,3,0,1)
10,7: (37522,1285,514,65535)  #920502FF  srgba(146,5,2,1)
11,7: (37522,1799,0,65535)  #920700FF  srgba(146,7,0,1)
12,7: (37779,1028,257,65535)  #930401FF  srgba(147,4,1,1)
13,7: (37779,1285,0,65535)  #930500FF  srgba(147,5,0,1)
14,7: (38293,1542,0,65535)  #950600FF  srgba(149,6,0,1)
15,7: (38293,1542,514,65535)  #950602FF  srgba(149,6,2,1)
0,8: (38807,2570,0,65535)  #970A00FF  srgba(151,10,0,1)
1,8: (39578,2827,514,65535)  #9A0B02FF  srgba(154,11,2,1)
2,8: (39835,3598,0,65535)  #9B0E00FF  srgba(155,14,0,1)
3,8: (40092,5140,1542,65535)  #9C1406FF  srgba(156,20,6,1)
4,8: (41120,8995,2313,65535)  #A02309FF  srgba(160,35,9,1)
5,8: (41377,5140,0,65535)  #A11400FF  srgba(161,20,0,1)
6,8: (41634,6682,514,65535)  #A21A02FF  srgba(162,26,2,1)
7,8: (41891,10537,4369,65535)  #A32911FF  srgba(163,41,17,1)
8,8: (42405,11822,5911,65535)  #A52E17FF  srgba(165,46,23,1)
9,8: (43176,15677,9766,65535)  #A83D26FF  srgba(168,61,38,1)
10,8: (43433,17476,10537,65535)  #A94429FF  srgba(169,68,41,1)
11,8: (43433,21845,17219,65535)  #A95543FF  srgba(169,85,67,1)
12,8: (43433,57054,60909,65535)  #A9DEEDFF  srgba(169,222,237,1)
13,8: (43690,8224,2056,65535)  #AA2008FF  srgba(170,32,8,1)
14,8: (43690,20303,14392,65535)  #AA4F38FF  srgba(170,79,56,1)
15,8: (44204,13364,8224,65535)  #AC3420FF  srgba(172,52,32,1)
0,9: (44204,19532,11822,65535)  #AC4C2EFF  srgba(172,76,46,1)
1,9: (44204,24415,19018,65535)  #AC5F4AFF  srgba(172,95,74,1)
2,9: (44461,12850,6939,65535)  #AD321BFF  srgba(173,50,27,1)
3,9: (44718,10537,2570,65535)  #AE290AFF  srgba(174,41,10,1)
4,9: (45746,15163,6939,65535)  #B23B1BFF  srgba(178,59,27,1)
5,9: (46003,12079,4369,65535)  #B32F11FF  srgba(179,47,17,1)
6,9: (46003,26471,21074,65535)  #B36752FF  srgba(179,103,82,1)
7,9: (46260,28270,22102,65535)  #B46E56FF  srgba(180,110,86,1)
8,9: (46774,13107,5911,65535)  #B63317FF  srgba(182,51,23,1)
9,9: (47031,15934,9766,65535)  #B73E26FF  srgba(183,62,38,1)
10,9: (47031,33410,28784,65535)  #B78270FF  srgba(183,130,112,1)
11,9: (47288,50629,53199,65535)  #B8C5CFFF  srgba(184,197,207,1)
12,9: (47545,17476,10280,65535)  #B94428FF  srgba(185,68,40,1)
13,9: (47545,21331,15934,65535)  #B9533EFF  srgba(185,83,62,1)
14,9: (47545,34952,32896,65535)  #B98880FF  srgba(185,136,128,1)
15,9: (47802,19532,11822,65535)  #BA4C2EFF  srgba(186,76,46,1)
0,10: (47802,24672,19018,65535)  #BA604AFF  srgba(186,96,74,1)
1,10: (47802,28013,24929,65535)  #BA6D61FF  srgba(186,109,97,1)
2,10: (47802,54741,54227,65535)  #BAD5D3FF  srgba(186,213,211,1)
3,10: (48059,29555,27499,65535)  #BB736BFF  srgba(187,115,107,1)
4,10: (48059,65021,65278,65535)  #BBFDFEFF  srgba(187,253,254,1)
5,10: (48316,38550,34952,65535)  #BC9688FF  srgba(188,150,136,1)
6,10: (48316,62708,63993,65535)  #BCF4F9FF  srgba(188,244,249,1)
7,10: (48573,30326,25186,65535)  #BD7662FF  srgba(189,118,98,1)
8,10: (48573,31354,28013,65535)  #BD7A6DFF  srgba(189,122,109,1)
9,10: (48573,61166,61937,65535)  #BDEEF1FF  srgba(189,238,241,1)
10,10: (49087,64250,64507,65535)  #BFFAFBFF  srgba(191,250,251,1)
11,10: (49087,64250,65278,65535)  #BFFAFEFF  srgba(191,250,254,1)
12,10: (49344,64507,64764,65535)  #C0FBFCFF  srgba(192,251,252,1)
13,10: (49601,39835,39064,65535)  #C19B98FF  srgba(193,155,152,1)
14,10: (49601,65021,65278,65535)  #C1FDFEFF  srgba(193,253,254,1)
15,10: (50115,17219,8995,65535)  #C34323FF  srgba(195,67,35,1)
0,11: (50115,25186,19789,65535)  #C3624DFF  srgba(195,98,77,1)
1,11: (50115,49344,47288,65535)  #C3C0B8FF  srgba(195,192,184,1)
2,11: (50115,57054,60138,65535)  #C3DEEAFF  srgba(195,222,234,1)
3,11: (50629,24158,15934,65535)  #C55E3EFF  srgba(197,94,62,1)
4,11: (50629,33410,28784,65535)  #C58270FF  srgba(197,130,112,1)
5,11: (50629,35209,32639,65535)  #C5897FFF  srgba(197,137,127,1)
6,11: (50629,42919,43947,65535)  #C5A7ABFF  srgba(197,167,171,1)
7,11: (50629,43176,40606,65535)  #C5A89EFF  srgba(197,168,158,1)
8,11: (50886,46517,48059,65535)  #C6B5BBFF  srgba(198,181,187,1)
9,11: (50886,65021,65278,65535)  #C6FDFEFF  srgba(198,253,254,1)
10,11: (51143,19789,12079,65535)  #C74D2FFF  srgba(199,77,47,1)
11,11: (51143,28784,21845,65535)  #C77055FF  srgba(199,112,85,1)
12,11: (51400,21331,14906,65535)  #C8533AFF  srgba(200,83,58,1)
13,11: (51657,44718,44461,65535)  #C9AEADFF  srgba(201,174,173,1)
14,11: (51657,46260,44718,65535)  #C9B4AEFF  srgba(201,180,174,1)
15,11: (51914,38293,34952,65535)  #CA9588FF  srgba(202,149,136,1)
0,12: (51914,64507,65278,65535)  #CAFBFEFF  srgba(202,251,254,1)
1,12: (52685,25443,19532,65535)  #CD634CFF  srgba(205,99,76,1)
2,12: (52942,30326,25700,65535)  #CE7664FF  srgba(206,118,100,1)
3,12: (52942,35209,32639,65535)  #CE897FFF  srgba(206,137,127,1)
4,12: (53199,33924,29555,65535)  #CF8473FF  srgba(207,132,115,1)
5,12: (53199,54741,53970,65535)  #CFD5D2FF  srgba(207,213,210,1)
6,12: (53199,65021,65278,65535)  #CFFDFEFF  srgba(207,253,254,1)
7,12: (53713,33667,26728,65535)  #D18368FF  srgba(209,131,104,1)
8,12: (53713,50629,52685,65535)  #D1C5CDFF  srgba(209,197,205,1)
9,12: (53970,40349,39064,65535)  #D29D98FF  srgba(210,157,152,1)
10,12: (54227,57054,60138,65535)  #D3DEEAFF  srgba(211,222,234,1)
11,12: (54484,38807,34438,65535)  #D49786FF  srgba(212,151,134,1)
12,12: (54484,43433,40349,65535)  #D4A99DFF  srgba(212,169,157,1)
13,12: (54484,63993,65021,65535)  #D4F9FDFF  srgba(212,249,253,1)
14,12: (54741,23901,15934,65535)  #D55D3EFF  srgba(213,93,62,1)
15,12: (54741,49087,47802,65535)  #D5BFBAFF  srgba(213,191,186,1)
0,13: (54998,64250,65278,65535)  #D6FAFEFF  srgba(214,250,254,1)
1,13: (55255,29041,21845,65535)  #D77155FF  srgba(215,113,85,1)
2,13: (55255,61166,61680,65535)  #D7EEF0FF  srgba(215,238,240,1)
3,13: (55255,62965,63993,65535)  #D7F5F9FF  srgba(215,245,249,1)
4,13: (55769,45746,45232,65535)  #D9B2B0FF  srgba(217,178,176,1)
5,13: (56026,25700,19018,65535)  #DA644AFF  srgba(218,100,74,1)
6,13: (56283,54484,54227,65535)  #DBD4D3FF  srgba(219,212,211,1)
7,13: (56283,65021,65278,65535)  #DBFDFEFF  srgba(219,253,254,1)
8,13: (56540,49344,47802,65535)  #DCC0BAFF  srgba(220,192,186,1)
9,13: (56540,50886,51914,65535)  #DCC6CAFF  srgba(220,198,202,1)
10,13: (57054,42148,39578,65535)  #DEA49AFF  srgba(222,164,154,1)
11,13: (57311,35466,32382,65535)  #DF8A7EFF  srgba(223,138,126,1)
12,13: (57825,30840,25443,65535)  #E17863FF  srgba(225,120,99,1)
13,13: (58596,34695,29298,65535)  #E48772FF  srgba(228,135,114,1)
14,13: (58596,57311,59624,65535)  #E4DFE8FF  srgba(228,223,232,1)
15,13: (58853,29298,21845,65535)  #E57255FF  srgba(229,114,85,1)
0,14: (59110,38550,34952,65535)  #E69688FF  srgba(230,150,136,1)
1,14: (59110,54484,54227,65535)  #E6D4D3FF  srgba(230,212,211,1)
2,14: (59367,65021,65535,65535)  #E7FDFFFF  srgba(231,253,255,1)
3,14: (59624,40349,35209,65535)  #E89D89FF  srgba(232,157,137,1)
4,14: (59624,63479,65021,65535)  #E8F7FDFF  srgba(232,247,253,1)
5,14: (60138,49087,45746,65535)  #EABFB2FF  srgba(234,191,178,1)
6,14: (60395,33924,26728,65535)  #EB8468FF  srgba(235,132,104,1)
7,14: (60395,38036,31354,65535)  #EB947AFF  srgba(235,148,122,1)
8,14: (60395,44461,40349,65535)  #EBAD9DFF  srgba(235,173,157,1)
9,14: (60395,51400,52685,65535)  #EBC8CDFF  srgba(235,200,205,1)
10,14: (60652,42405,35980,65535)  #ECA58CFF  srgba(236,165,140,1)
11,14: (60652,49087,48316,65535)  #ECBFBCFF  srgba(236,191,188,1)
12,14: (60652,61680,62965,65535)  #ECF0F5FF  srgba(236,240,245,1)
13,14: (60909,45232,43947,65535)  #EDB0ABFF  srgba(237,176,171,1)
14,14: (60909,46260,41120,65535)  #EDB4A0FF  srgba(237,180,160,1)
15,14: (60909,47288,44461,65535)  #EDB8ADFF  srgba(237,184,173,1)
0,15: (60909,50886,50372,65535)  #EDC6C4FF  srgba(237,198,196,1)
1,15: (61423,42148,39321,65535)  #EFA499FF  srgba(239,164,153,1)
2,15: (61680,65021,64764,65535)  #F0FDFCFF  srgba(240,253,252,1)
3,15: (61937,51400,48573,65535)  #F1C8BDFF  srgba(241,200,189,1)
4,15: (62194,65021,65535,65535)  #F2FDFFFF  srgba(242,253,255,1)
5,15: (62708,58082,59624,65535)  #F4E2E8FF  srgba(244,226,232,1)
6,15: (62965,65021,65535,65535)  #F5FDFFFF  srgba(245,253,255,1)
7,15: (63222,57054,56797,65535)  #F6DEDDFF  srgba(246,222,221,1)
8,15: (63479,53970,51143,65535)  #F7D2C7FF  srgba(247,210,199,1)
9,15: (63479,55769,54484,65535)  #F7D9D4FF  srgba(247,217,212,1)
10,15: (63479,61423,61166,65535)  #F7EFEEFF  srgba(247,239,238,1)
11,15: (63736,49601,45746,65535)  #F8C1B2FF  srgba(248,193,178,1)
12,15: (63993,60652,59110,65535)  #F9ECE6FF  srgba(249,236,230,1)
13,15: (64250,63993,64764,65535)  #FAF9FCFF  srgba(250,249,252,1)
14,15: (65021,62965,62965,65535)  #FDF5F5FF  srgba(253,245,245,1)
15,15: (0,65535,0,0)  #00FF0000  srgba(0,255,0,0)
