# ImageMagick pixel enumeration: 16,16,65535,srgba
0,0: (0,0,0,65535)  #000000FF  black
1,0: (0,0,514,65535)  #000002FF  srgba(0,0,2,1)
2,0: (0,771,257,65535)  #000301FF  srgba(0,3,1,1)
3,0: (0,1285,514,65535)  #000502FF  srgba(0,5,2,1)
4,0: (0,3855,2056,65535)  #000F08FF  srgba(0,15,8,1)
5,0: (0,4369,2313,65535)  #001109FF  srgba(0,17,9,1)
6,0: (0,6939,4112,65535)  #001B10FF  srgba(0,27,16,1)
7,0: (0,7196,4369,65535)  #001C11FF  srgba(0,28,17,1)
8,0: (0,8481,6168,65535)  #002118FF  srgba(0,33,24,1)
9,0: (0,11051,7710,65535)  #002B1EFF  srgba(0,43,30,1)
10,0: (0,11308,7967,65535)  #002C1FFF  srgba(0,44,31,1)
11,0: (0,13107,10023,65535)  #003327FF  srgba(0,51,39,1)
12,0: (0,15677,10537,65535)  #003D29FF  srgba(0,61,41,1)
13,0: (0,15934,12336,65535)  #003E30FF  srgba(0,62,48,1)
14,0: (0,48316,34952,65535)  #00BC88FF  srgba(0,188,136,1)
15,0: (0,49601,37265,65535)  #00C191FF  srgba(0,193,145,1)
0,1: (0,51657,39578,65535)  #00C99AFF  srgba(0,201,154,1)
1,1: (257,257,257,65535)  #010101FF  srgba(1,1,1,1)
2,1: (257,771,257,65535)  #010301FF  srgba(1,3,1,1)
3,1: (257,13878,11308,65535)  #01362CFF  srgba(1,54,44,1)
4,1: (257,54227,41891,65535)  #01D3A3FF  srgba(1,211,163,1)
5,1: (514,0,257,65535)  #020001FF  srgba(2,0,1,1)
6,1: (514,0,257,65535)  #020001FF  srgba(2,0,1,1)
7,1: (514,11308,7967,65535)  #022C1FFF  srgba(2,44,31,1)
8,1: (771,16705,13621,65535)  #034135FF  srgba(3,65,53,1)
9,1: (771,22102,14392,65535)  #035638FF  srgba(3,86,56,1)
10,1: (771,48830,36751,65535)  #03BE8FFF  srgba(3,190,143,1)
11,1: (1028,6682,4112,65535)  #041A10FF  srgba(4,26,16,1)
12,1: (1028,15163,10794,65535)  #043B2AFF  srgba(4,59,42,1)
13,1: (1285,1542,1285,65535)  #050605FF  srgba(5,6,5,1)
14,1: (1285,3855,2827,65535)  #050F0BFF  srgba(5,15,11,1)
15,1: (1285,43947,33153,65535)  #05AB81FF  srgba(5,171,129,1)
0,2: (1542,12850,10023,65535)  #063227FF  srgba(6,50,39,1)
1,2: (1542,22359,17733,65535)  #065745FF  srgba(6,87,69,1)
2,2: (1542,26728,19018,65535)  #06684AFF  srgba(6,104,74,1)
3,2: (1542,37522,29298,65535)  #069272FF  srgba(6,146,114,1)
4,2: (1799,22102,16705,65535)  #075641FF  srgba(7,86,65,1)
5,2: (2056,7967,6939,65535)  #081F1BFF  srgba(8,31,27,1)
6,2: (2056,11308,9766,65535)  #082C26FF  srgba(8,44,38,1)
7,2: (2056,33667,22616,65535)  #088358FF  srgba(8,131,88,1)
8,2: (2056,40349,31611,65535)  #089D7BFF  srgba(8,157,123,1)
9,2: (2056,44461,35209,65535)  #08AD89FF  srgba(8,173,137,1)
10,2: (2056,51143,39835,65535)  #08C79BFF  srgba(8,199,155,1)
11,2: (2313,0,514,65535)  #090002FF  srgba(9,0,2,1)
12,2: (2313,11051,8224,65535)  #092B20FF  srgba(9,43,32,1)
13,2: (2570,15677,12336,65535)  #0A3D30FF  srgba(10,61,48,1)
14,2: (2570,17990,15163,65535)  #0A463BFF  srgba(10,70,59,1)
15,2: (2827,50886,42662,65535)  #0BC6A6FF  srgba(11,198,166,1)
0,3: (3084,22873,19018,65535)  #0C594AFF  srgba(12,89,74,1)
1,3: (3084,30069,22359,65535)  #0C7557FF  srgba(12,117,87,1)
2,3: (3341,16448,13621,65535)  #0D4035FF  srgba(13,64,53,1)
3,3: (3341,35209,25957,65535)  #0D8965FF  srgba(13,137,101,1)
4,3: (3341,35980,27242,65535)  #0D8C6AFF  srgba(13,140,106,1)
5,3: (3598,13364,11308,65535)  #0E342CFF  srgba(14,52,44,1)
6,3: (3598,24415,20560,65535)  #0E5F50FF  srgba(14,95,80,1)
7,3: (3598,26728,21074,65535)  #0E6852FF  srgba(14,104,82,1)
8,3: (3598,33667,24929,65535)  #0E8361FF  srgba(14,131,97,1)
9,3: (3598,35466,28784,65535)  #0E8A70FF  srgba(14,138,112,1)
10,3: (3598,48316,39578,65535)  #0EBC9AFF  srgba(14,188,154,1)
11,3: (3855,55512,43947,65535)  #0FD8ABFF  srgba(15,216,171,1)
12,3: (4369,50629,41120,65535)  #11C5A0FF  srgba(17,197,160,1)
13,3: (4883,27499,23644,65535)  #136B5CFF  srgba(19,107,92,1)
14,3: (4883,44461,36494,65535)  #13AD8EFF  srgba(19,173,142,1)
15,3: (5140,47031,36751,65535)  #14B78FFF  srgba(20,183,143,1)
0,4: (5397,13364,12336,65535)  #153430FF  srgba(21,52,48,1)
1,4: (5397,26728,22359,65535)  #156857FF  srgba(21,104,87,1)
2,4: (5911,17219,15163,65535)  #17433BFF  srgba(23,67,59,1)
3,4: (5911,19018,16705,65535)  #174A41FF  srgba(23,74,65,1)
4,4: (5911,21588,17990,65535)  #175446FF  srgba(23,84,70,1)
5,4: (5911,44975,38293,65535)  #17AF95FF  srgba(23,175,149,1)
6,4: (5911,53456,44461,65535)  #17D0ADFF  srgba(23,208,173,1)
7,4: (6168,8224,8224,65535)  #182020FF  srgba(24,32,32,1)
8,4: (6168,12079,11565,65535)  #182F2DFF  srgba(24,47,45,1)
9,4: (6168,32382,26214,65535)  #187E66FF  srgba(24,126,102,1)
10,4: (6168,47802,38036,65535)  #18BA94FF  srgba(24,186,148,1)
11,4: (6425,30326,24672,65535)  #197660FF  srgba(25,118,96,1)
12,4: (6682,19789,17990,65535)  #1A4D46FF  srgba(26,77,70,1)
13,4: (6682,32896,27242,65535)  #1A806AFF  srgba(26,128,106,1)
14,4: (6682,43176,35209,65535)  #1AA889FF  srgba(26,168,137,1)
15,4: (6939,23644,20817,65535)  #1B5C51FF  srgba(27,92,81,1)
0,5: (6939,53199,42405,65535)  #1BCFA5FF  srgba(27,207,165,1)
1,5: (7196,10537,10280,65535)  #1C2928FF  srgba(28,41,40,1)
2,5: (7196,38036,32125,65535)  #1C947DFF  srgba(28,148,125,1)
3,5: (7196,50629,40092,65535)  #1CC59CFF  srgba(28,197,156,1)
4,5: (7196,50886,42919,65535)  #1CC6A7FF  srgba(28,198,167,1)
5,5: (7453,15420,13878,65535)  #1D3C36FF  srgba(29,60,54,1)
6,5: (7453,55769,45746,65535)  #1DD9B2FF  srgba(29,217,178,1)
7,5: (7710,5140,7196,65535)  #1E141CFF  srgba(30,20,28,1)
8,5: (7710,37265,30069,65535)  #1E9175FF  srgba(30,145,117,1)
9,5: (8224,21845,19018,65535)  #20554AFF  srgba(32,85,74,1)
10,5: (8224,41377,33410,65535)  #20A182FF  srgba(32,161,130,1)
11,5: (8481,34181,29298,65535)  #218572FF  srgba(33,133,114,1)
12,5: (8738,11565,12336,65535)  #222D30FF  srgba(34,45,48,1)
13,5: (8738,13107,13364,65535)  #223334FF  srgba(34,51,52,1)
14,5: (8738,30583,26471,65535)  #227767FF  srgba(34,119,103,1)
15,5: (8995,8481,10023,65535)  #232127FF  srgba(35,33,39,1)
0,6: (8995,10280,11308,65535)  #23282CFF  srgba(35,40,44,1)
1,6: (8995,39578,32896,65535)  #239A80FF  srgba(35,154,128,1)
2,6: (9252,35466,29041,65535)  #248A71FF  srgba(36,138,113,1)
3,6: (9252,35466,30840,65535)  #248A78FF  srgba(36,138,120,1)
4,6: (9509,16191,15420,65535)  #253F3CFF  srgba(37,63,60,1)
5,6: (9509,32639,28784,65535)  #257F70FF  srgba(37,127,112,1)
6,6: (9766,48059,39578,65535)  #26BB9AFF  srgba(38,187,154,1)
7,6: (10023,13621,14392,65535)  #273538FF  srgba(39,53,56,1)
8,6: (10023,27499,24158,65535)  #276B5EFF  srgba(39,107,94,1)
9,6: (10280,22359,20303,65535)  #28574FFF  srgba(40,87,79,1)
10,6: (10280,24158,22102,65535)  #285E56FF  srgba(40,94,86,1)
11,6: (10537,18504,17733,65535)  #294845FF  srgba(41,72,69,1)
12,6: (10537,41891,35466,65535)  #29A38AFF  srgba(41,163,138,1)
13,6: (10537,43690,37522,65535)  #29AA92FF  srgba(41,170,146,1)
14,6: (10794,37779,32639,65535)  #2A937FFF  srgba(42,147,127,1)
15,6: (10794,50372,42405,65535)  #2AC4A5FF  srgba(42,196,165,1)
0,7: (11308,53456,44461,65535)  #2CD0ADFF  srgba(44,208,173,1)
1,7: (13107,20817,19789,65535)  #33514DFF  srgba(51,81,77,1)
2,7: (13107,41891,35723,65535)  #33A38BFF  srgba(51,163,139,1)
3,7: (13364,51914,42919,65535)  #34CAA7FF  srgba(52,202,167,1)
4,7: (13364,52685,44718,65535)  #34CDAEFF  srgba(52,205,174,1)
5,7: (13621,11565,13364,65535)  #352D34FF  srgba(53,45,52,1)
6,7: (13621,53713,45232,65535)  #35D1B0FF  srgba(53,209,176,1)
7,7: (13878,13364,14392,65535)  #363438FF  srgba(54,52,56,1)
8,7: (13878,15934,15677,65535)  #363E3DFF  srgba(54,62,61,1)
9,7: (13878,25186,23130,65535)  #36625AFF  srgba(54,98,90,1)
10,7: (13878,31611,28270,65535)  #367B6EFF  srgba(54,123,110,1)
11,7: (13878,55255,46003,65535)  #36D7B3FF  srgba(54,215,179,1)
12,7: (14392,6682,9766,65535)  #381A26FF  srgba(56,26,38,1)
13,7: (14392,35723,32382,65535)  #388B7EFF  srgba(56,139,126,1)
14,7: (14392,37008,31611,65535)  #38907BFF  srgba(56,144,123,1)
15,7: (14392,39578,33153,65535)  #389A81FF  srgba(56,154,129,1)
0,8: (14649,16448,16705,65535)  #394041FF  srgba(57,64,65,1)
1,8: (14649,19532,18247,65535)  #394C47FF  srgba(57,76,71,1)
2,8: (14649,29812,25700,65535)  #397464FF  srgba(57,116,100,1)
3,8: (14649,32896,29812,65535)  #398074FF  srgba(57,128,116,1)
4,8: (14649,34952,29555,65535)  #398873FF  srgba(57,136,115,1)
5,8: (14906,17733,18247,65535)  #3A4547FF  srgba(58,69,71,1)
6,8: (14906,38293,32896,65535)  #3A9580FF  srgba(58,149,128,1)
7,8: (14906,45746,38550,65535)  #3AB296FF  srgba(58,178,150,1)
8,8: (15163,16448,17733,65535)  #3B4045FF  srgba(59,64,69,1)
9,8: (15163,26985,25443,65535)  #3B6963FF  srgba(59,105,99,1)
10,8: (15163,30326,26985,65535)  #3B7669FF  srgba(59,118,105,1)
11,8: (15163,35209,31097,65535)  #3B8979FF  srgba(59,137,121,1)
12,8: (15163,49087,41891,65535)  #3BBFA3FF  srgba(59,191,163,1)
13,8: (15163,49858,44975,65535)  #3BC2AFFF  srgba(59,194,175,1)
14,8: (15420,7710,11051,65535)  #3C1E2BFF  srgba(60,30,43,1)
15,8: (15420,38807,34952,65535)  #3C9788FF  srgba(60,151,136,1)
0,9: (15420,39835,34952,65535)  #3C9B88FF  srgba(60,155,136,1)
1,9: (15420,46517,40863,65535)  #3CB59FFF  srgba(60,181,159,1)
2,9: (15420,56797,48316,65535)  #3CDDBCFF  srgba(60,221,188,1)
3,9: (15677,3084,7710,65535)  #3D0C1EFF  srgba(61,12,30,1)
4,9: (15677,22359,21588,65535)  #3D5754FF  srgba(61,87,84,1)
5,9: (15677,37265,33153,65535)  #3D9181FF  srgba(61,145,129,1)
6,9: (15677,42662,37522,65535)  #3DA692FF  srgba(61,166,146,1)
7,9: (16191,19275,19789,65535)  #3F4B4DFF  srgba(63,75,77,1)
8,9: (16448,9509,12850,65535)  #402532FF  srgba(64,37,50,1)
9,9: (16448,40092,36494,65535)  #409C8EFF  srgba(64,156,142,1)
10,9: (16448,41891,35980,65535)  #40A38CFF  srgba(64,163,140,1)
11,9: (16448,43433,39321,65535)  #40A999FF  srgba(64,169,153,1)
12,9: (16705,20817,20046,65535)  #41514EFF  srgba(65,81,78,1)
13,9: (16705,37265,34952,65535)  #419188FF  srgba(65,145,136,1)
14,9: (17219,13878,16191,65535)  #43363FFF  srgba(67,54,63,1)
15,9: (17476,20560,21074,65535)  #445052FF  srgba(68,80,82,1)
0,10: (17476,30840,28270,65535)  #44786EFF  srgba(68,120,110,1)
1,10: (17733,11565,14392,65535)  #452D38FF  srgba(69,45,56,1)
2,10: (17733,24415,22873,65535)  #455F59FF  srgba(69,95,89,1)
3,10: (17733,32382,30069,65535)  #457E75FF  srgba(69,126,117,1)
4,10: (17733,35466,32639,65535)  #458A7FFF  srgba(69,138,127,1)
5,10: (17990,7710,12079,65535)  #461E2FFF  srgba(70,30,47,1)
6,10: (17990,17990,19532,65535)  #46464CFF  srgba(70,70,76,1)
7,10: (17990,27242,26471,65535)  #466A67FF  srgba(70,106,103,1)
8,10: (18247,4626,10023,65535)  #471227FF  srgba(71,18,39,1)
9,10: (18247,20817,22102,65535)  #475156FF  srgba(71,81,86,1)
10,10: (18247,24929,24158,65535)  #47615EFF  srgba(71,97,94,1)
11,10: (18504,22616,23130,65535)  #48585AFF  srgba(72,88,90,1)
12,10: (18504,27756,27499,65535)  #486C6BFF  srgba(72,108,107,1)
13,10: (19018,25957,25443,65535)  #4A6563FF  srgba(74,101,99,1)
14,10: (19275,15677,17990,65535)  #4B3D46FF  srgba(75,61,70,1)
15,10: (20817,36494,32896,65535)  #518E80FF  srgba(81,142,128,1)
0,11: (21074,30326,28527,65535)  #52766FFF  srgba(82,118,111,1)
1,11: (21331,31611,30840,65535)  #537B78FF  srgba(83,123,120,1)
2,11: (21331,33924,31868,65535)  #53847CFF  srgba(83,132,124,1)
3,11: (21331,39321,35466,65535)  #53998AFF  srgba(83,153,138,1)
4,11: (21331,43947,38807,65535)  #53AB97FF  srgba(83,171,151,1)
5,11: (21588,41377,37779,65535)  #54A193FF  srgba(84,161,147,1)
6,11: (21588,49087,43433,65535)  #54BFA9FF  srgba(84,191,169,1)
7,11: (21588,58596,50886,65535)  #54E4C6FF  srgba(84,228,198,1)
8,11: (21845,26471,25957,65535)  #556765FF  srgba(85,103,101,1)
9,11: (21845,52685,47031,65535)  #55CDB7FF  srgba(85,205,183,1)
10,11: (22102,36237,34695,65535)  #568D87FF  srgba(86,141,135,1)
11,11: (22102,44975,41891,65535)  #56AFA3FF  srgba(86,175,163,1)
12,11: (22359,39578,37779,65535)  #579A93FF  srgba(87,154,147,1)
13,11: (22616,37008,36237,65535)  #58908DFF  srgba(88,144,141,1)
14,11: (22873,8738,13878,65535)  #592236FF  srgba(89,34,54,1)
15,11: (22873,17219,19275,65535)  #59434BFF  srgba(89,67,75,1)
0,12: (22873,20303,21588,65535)  #594F54FF  srgba(89,79,84,1)
1,12: (22873,22616,23387,65535)  #59585BFF  srgba(89,88,91,1)
2,12: (23387,5911,12336,65535)  #5B1730FF  srgba(91,23,48,1)
3,12: (23387,14906,18504,65535)  #5B3A48FF  srgba(91,58,72,1)
4,12: (23387,24415,25443,65535)  #5B5F63FF  srgba(91,95,99,1)
5,12: (23644,12850,17219,65535)  #5C3243FF  srgba(92,50,67,1)
6,12: (24158,17733,21074,65535)  #5E4552FF  srgba(94,69,82,1)
7,12: (24158,20560,23130,65535)  #5E505AFF  srgba(94,80,90,1)
8,12: (24158,27499,28270,65535)  #5E6B6EFF  srgba(94,107,110,1)
9,12: (24415,26214,26214,65535)  #5F6666FF  srgba(95,102,102,1)
10,12: (24672,22873,24929,65535)  #605961FF  srgba(96,89,97,1)
11,12: (24672,30583,30069,65535)  #607775FF  srgba(96,119,117,1)
12,12: (24672,34181,32639,65535)  #60857FFF  srgba(96,133,127,1)
13,12: (24929,10537,16191,65535)  #61293FFF  srgba(97,41,63,1)
14,12: (26985,37779,36494,65535)  #69938EFF  srgba(105,147,142,1)
15,12: (26985,40863,38550,65535)  #699F96FF  srgba(105,159,150,1)
0,13: (26985,48316,43690,65535)  #69BCAAFF  srgba(105,188,170,1)
1,13: (27242,43690,41891,65535)  #6AAAA3FF  srgba(106,170,163,1)
2,13: (27242,54741,49601,65535)  #6AD5C1FF  srgba(106,213,193,1)
3,13: (27499,30583,30840,65535)  #6B7778FF  srgba(107,119,120,1)
4,13: (27499,33667,32639,65535)  #6B837FFF  srgba(107,131,127,1)
5,13: (27499,35209,35466,65535)  #6B898AFF  srgba(107,137,138,1)
6,13: (29041,6425,14392,65535)  #711938FF  srgba(113,25,56,1)
7,13: (29041,9766,16448,65535)  #712640FF  srgba(113,38,64,1)
8,13: (29041,16448,20817,65535)  #714051FF  srgba(113,64,81,1)
9,13: (29041,20046,23644,65535)  #714E5CFF  srgba(113,78,92,1)
10,13: (29298,12079,18504,65535)  #722F48FF  srgba(114,47,72,1)
11,13: (29298,26471,28013,65535)  #72676DFF  srgba(114,103,109,1)
12,13: (30069,31354,31868,65535)  #757A7CFF  srgba(117,122,124,1)
13,13: (30583,24158,27242,65535)  #775E6AFF  srgba(119,94,106,1)
14,13: (30840,36237,36494,65535)  #788D8EFF  srgba(120,141,142,1)
15,13: (31097,41891,40092,65535)  #79A39CFF  srgba(121,163,156,1)
0,14: (31097,50372,46260,65535)  #79C4B4FF  srgba(121,196,180,1)
1,14: (31354,21588,25700,65535)  #7A5464FF  srgba(122,84,100,1)
2,14: (31354,27499,30069,65535)  #7A6B75FF  srgba(122,107,117,1)
3,14: (31354,45489,43690,65535)  #7AB1AAFF  srgba(122,177,170,1)
4,14: (31354,56797,52171,65535)  #7ADDCBFF  srgba(122,221,203,1)
5,14: (32382,30840,32382,65535)  #7E787EFF  srgba(126,120,126,1)
6,14: (33153,11051,19018,65535)  #812B4AFF  srgba(129,43,74,1)
7,14: (33153,17476,22873,65535)  #814459FF  srgba(129,68,89,1)
8,14: (33667,35466,36751,65535)  #838A8FFF  srgba(131,138,143,1)
9,14: (35209,43176,41891,65535)  #89A8A3FF  srgba(137,168,163,1)
10,14: (35466,47802,46260,65535)  #8ABAB4FF  srgba(138,186,180,1)
11,14: (35466,55255,51657,65535)  #8AD7C9FF  srgba(138,215,201,1)
12,14: (35980,30326,32896,65535)  #8C7680FF  srgba(140,118,128,1)
13,14: (36237,34952,36751,65535)  #8D888FFF  srgba(141,136,143,1)
14,14: (36494,11051,20046,65535)  #8E2B4EFF  srgba(142,43,78,1)
15,14: (37522,24415,28784,65535)  #925F70FF  srgba(146,95,112,1)
0,15: (38293,16448,23644,65535)  #95405CFF  srgba(149,64,92,1)
1,15: (38293,21331,27499,65535)  #95536BFF  srgba(149,83,107,1)
2,15: (38293,26728,31354,65535)  #95687AFF  srgba(149,104,122,1)
3,15: (39064,10794,20560,65535)  #982A50FF  srgba(152,42,80,1)
4,15: (39064,17990,25700,65535)  #984664FF  srgba(152,70,100,1)
5,15: (40349,34181,37008,65535)  #9D8590FF  srgba(157,133,144,1)
6,15: (40349,55512,53199,65535)  #9DD8CFFF  srgba(157,216,207,1)
7,15: (40606,45746,45232,65535)  #9EB2B0FF  srgba(158,178,176,1)
8,15: (43176,23387,30326,65535)  #A85B76FF  srgba(168,91,118,1)
9,15: (43690,18247,27242,65535)  #AA476AFF  srgba(170,71,106,1)
10,15: (45232,10537,22359,65535)  #B02957FF  srgba(176,41,87,1)
11,15: (47288,22102,30326,65535)  #B85676FF  srgba(184,86,118,1)
12,15: (48059,18504,28270,65535)  #BB486EFF  srgba(187,72,110,1)
13,15: (48059,53199,52942,65535)  #BBCFCEFF  srgba(187,207,206,1)
14,15: (51143,62194,60652,65535)  #C7F2ECFF  srgba(199,242,236,1)
15,15: (0,65535,0,0)  #00FF0000  srgba(0,255,0,0)
