# ImageMagick pixel enumeration: 16,16,65535,srgba
0,0: (0,0,0,65535)  #000000FF  black
1,0: (0,0,0,65535)  #000000FF  black
2,0: (0,0,771,65535)  #000003FF  srgba(0,0,3,1)
3,0: (0,1028,0,65535)  #000400FF  srgba(0,4,0,1)
4,0: (257,0,514,65535)  #010002FF  srgba(1,0,2,1)
5,0: (257,771,257,65535)  #010301FF  srgba(1,3,1,1)
6,0: (514,0,771,65535)  #020003FF  srgba(2,0,3,1)
7,0: (514,3341,257,65535)  #020D01FF  srgba(2,13,1,1)
8,0: (771,1028,514,65535)  #030402FF  srgba(3,4,2,1)
9,0: (771,5654,257,65535)  #031601FF  srgba(3,22,1,1)
10,0: (1542,257,7967,65535)  #06011FFF  srgba(6,1,31,1)
11,0: (1542,1542,1285,65535)  #060605FF  srgba(6,6,5,1)
12,0: (2056,0,1285,65535)  #080005FF  srgba(8,0,5,1)
13,0: (2827,771,13107,65535)  #0B0333FF  srgba(11,3,51,1)
14,0: (2827,4112,1799,65535)  #0B1007FF  srgba(11,16,7,1)
15,0: (2827,6682,771,65535)  #0B1A03FF  srgba(11,26,3,1)
0,1: (3598,1799,2056,65535)  #0E0708FF  srgba(14,7,8,1)
1,1: (3855,9252,1028,65535)  #0F2404FF  srgba(15,36,4,1)
2,1: (4112,5911,2313,65535)  #101709FF  srgba(16,23,9,1)
3,1: (4626,5140,7710,65535)  #12141EFF  srgba(18,20,30,1)
4,1: (4626,12079,771,65535)  #122F03FF  srgba(18,47,3,1)
5,1: (5397,6425,3084,65535)  #15190CFF  srgba(21,25,12,1)
6,1: (5654,5654,13107,65535)  #161633FF  srgba(22,22,51,1)
7,1: (6682,11822,2313,65535)  #1A2E09FF  srgba(26,46,9,1)
8,1: (7196,4883,17990,65535)  #1C1346FF  srgba(28,19,70,1)
9,1: (7196,6168,7710,65535)  #1C181EFF  srgba(28,24,30,1)
10,1: (7453,16191,1285,65535)  #1D3F05FF  srgba(29,63,5,1)
11,1: (8224,12593,3341,65535)  #20310DFF  srgba(32,49,13,1)
12,1: (8481,5140,23901,65535)  #21145DFF  srgba(33,20,93,1)
13,1: (8481,6168,3084,65535)  #21180CFF  srgba(33,24,12,1)
14,1: (9509,12850,3598,65535)  #25320EFF  srgba(37,50,14,1)
15,1: (9766,15163,7453,65535)  #263B1DFF  srgba(38,59,29,1)
0,2: (10023,10794,7967,65535)  #272A1FFF  srgba(39,42,31,1)
1,2: (10023,18761,2313,65535)  #274909FF  srgba(39,73,9,1)
2,2: (10280,16448,3084,65535)  #28400CFF  srgba(40,64,12,1)
3,2: (10794,6168,8224,65535)  #2A1820FF  srgba(42,24,32,1)
4,2: (10794,21845,2056,65535)  #2A5508FF  srgba(42,85,8,1)
5,2: (11051,5654,13364,65535)  #2B1634FF  srgba(43,22,52,1)
6,2: (11565,14906,12336,65535)  #2D3A30FF  srgba(45,58,48,1)
7,2: (11822,10280,13107,65535)  #2E2833FF  srgba(46,40,51,1)
8,2: (12079,17476,7967,65535)  #2F441FFF  srgba(47,68,31,1)
9,2: (13364,12593,3598,65535)  #34310EFF  srgba(52,49,14,1)
10,2: (13364,21331,3341,65535)  #34530DFF  srgba(52,83,13,1)
11,2: (13621,15677,16448,65535)  #353D40FF  srgba(53,61,64,1)
12,2: (13878,15163,23644,65535)  #363B5CFF  srgba(54,59,92,1)
13,2: (13878,16962,12336,65535)  #364230FF  srgba(54,66,48,1)
14,2: (14135,8224,19532,65535)  #37204CFF  srgba(55,32,76,1)
15,2: (14649,7196,27242,65535)  #391C6AFF  srgba(57,28,106,1)
0,3: (14649,17990,8481,65535)  #394621FF  srgba(57,70,33,1)
1,3: (14649,26471,2827,65535)  #39670BFF  srgba(57,103,11,1)
2,3: (15163,22359,8224,65535)  #3B5720FF  srgba(59,87,32,1)
3,3: (15420,22102,3598,65535)  #3C560EFF  srgba(60,86,14,1)
4,3: (16191,19532,12593,65535)  #3F4C31FF  srgba(63,76,49,1)
5,3: (16191,25957,8738,65535)  #3F6522FF  srgba(63,101,34,1)
6,3: (16705,18247,16705,65535)  #414741FF  srgba(65,71,65,1)
7,3: (16962,16705,23901,65535)  #42415DFF  srgba(66,65,93,1)
8,3: (17219,30583,3084,65535)  #43770CFF  srgba(67,119,12,1)
9,3: (18247,8224,35209,65535)  #472089FF  srgba(71,32,137,1)
10,3: (18247,8481,44461,65535)  #4721ADFF  srgba(71,33,173,1)
11,3: (18247,26728,10280,65535)  #476828FF  srgba(71,104,40,1)
12,3: (18761,15677,36494,65535)  #493D8EFF  srgba(73,61,142,1)
13,3: (19275,26728,3341,65535)  #4B680DFF  srgba(75,104,13,1)
14,3: (19789,31097,10023,65535)  #4D7927FF  srgba(77,121,39,1)
15,3: (20303,22359,14392,65535)  #4F5738FF  srgba(79,87,56,1)
0,4: (20303,26471,17219,65535)  #4F6743FF  srgba(79,103,67,1)
1,4: (20560,11565,11822,65535)  #502D2EFF  srgba(80,45,46,1)
2,4: (20560,22359,10023,65535)  #505727FF  srgba(80,87,39,1)
3,4: (20817,11308,18761,65535)  #512C49FF  srgba(81,44,73,1)
4,4: (20817,18504,12336,65535)  #514830FF  srgba(81,72,48,1)
5,4: (20817,18504,19018,65535)  #51484AFF  srgba(81,72,74,1)
6,4: (21074,6682,57311,65535)  #521ADFFF  srgba(82,26,223,1)
7,4: (21074,15420,15420,65535)  #523C3CFF  srgba(82,60,60,1)
8,4: (21074,16191,24158,65535)  #523F5EFF  srgba(82,63,94,1)
9,4: (21074,22102,18761,65535)  #525649FF  srgba(82,86,73,1)
10,4: (21331,8224,44204,65535)  #5320ACFF  srgba(83,32,172,1)
11,4: (21331,12850,27242,65535)  #53326AFF  srgba(83,50,106,1)
12,4: (21331,26214,24672,65535)  #536660FF  srgba(83,102,96,1)
13,4: (21331,27499,9509,65535)  #536B25FF  srgba(83,107,37,1)
14,4: (21588,8738,27756,65535)  #54226CFF  srgba(84,34,108,1)
15,4: (21588,15934,29555,65535)  #543E73FF  srgba(84,62,115,1)
0,5: (21588,21074,3084,65535)  #54520CFF  srgba(84,82,12,1)
1,5: (21588,27242,13364,65535)  #546A34FF  srgba(84,106,52,1)
2,5: (21845,21074,23387,65535)  #55525BFF  srgba(85,82,91,1)
3,5: (22359,16191,36494,65535)  #573F8EFF  srgba(87,63,142,1)
4,5: (22359,20817,28527,65535)  #57516FFF  srgba(87,81,111,1)
5,5: (22616,33410,3855,65535)  #58820FFF  srgba(88,130,15,1)
6,5: (22873,16191,46003,65535)  #593FB3FF  srgba(89,63,179,1)
7,5: (23130,34438,11308,65535)  #5A862CFF  srgba(90,134,44,1)
8,5: (23387,7196,46260,65535)  #5B1CB4FF  srgba(91,28,180,1)
9,5: (23387,8995,37522,65535)  #5B2392FF  srgba(91,35,146,1)
10,5: (23387,31611,11822,65535)  #5B7B2EFF  srgba(91,123,46,1)
11,5: (23644,30840,16962,65535)  #5C7842FF  srgba(92,120,66,1)
12,5: (23901,26471,24929,65535)  #5D6761FF  srgba(93,103,97,1)
13,5: (24158,16448,52171,65535)  #5E40CBFF  srgba(94,64,203,1)
14,5: (24158,23901,35209,65535)  #5E5D89FF  srgba(94,93,137,1)
15,5: (24158,26985,18247,65535)  #5E6947FF  srgba(94,105,71,1)
0,6: (24672,37779,11308,65535)  #60932CFF  srgba(96,147,44,1)
1,6: (24929,4369,61423,65535)  #6111EFFF  srgba(97,17,239,1)
2,6: (24929,4883,54227,65535)  #6113D3FF  srgba(97,19,211,1)
3,6: (24929,16191,39578,65535)  #613F9AFF  srgba(97,63,154,1)
4,6: (24929,16191,58339,65535)  #613FE3FF  srgba(97,63,227,1)
5,6: (24929,16962,34438,65535)  #614286FF  srgba(97,66,134,1)
6,6: (24929,30840,20817,65535)  #617851FF  srgba(97,120,81,1)
7,6: (25186,30840,25957,65535)  #627865FF  srgba(98,120,101,1)
8,6: (25186,35723,16191,65535)  #628B3FFF  srgba(98,139,63,1)
9,6: (25700,34952,23901,65535)  #64885DFF  srgba(100,136,93,1)
10,6: (25700,35209,19018,65535)  #64894AFF  srgba(100,137,74,1)
11,6: (25957,5911,38807,65535)  #651797FF  srgba(101,23,151,1)
12,6: (25957,8995,47288,65535)  #6523B8FF  srgba(101,35,184,1)
13,6: (25957,10280,38293,65535)  #652895FF  srgba(101,40,149,1)
14,6: (25957,26728,25957,65535)  #656865FF  srgba(101,104,101,1)
15,6: (26214,4112,48059,65535)  #6610BBFF  srgba(102,16,187,1)
0,7: (26728,21074,13621,65535)  #685235FF  srgba(104,82,53,1)
1,7: (26728,21074,21845,65535)  #685255FF  srgba(104,82,85,1)
2,7: (26728,21074,28784,65535)  #685270FF  srgba(104,82,112,1)
3,7: (26985,14392,28784,65535)  #693870FF  srgba(105,56,112,1)
4,7: (26985,23387,41634,65535)  #695BA2FF  srgba(105,91,162,1)
5,7: (27242,4369,53970,65535)  #6A11D2FF  srgba(106,17,210,1)
6,7: (27499,3341,60652,65535)  #6B0DECFF  srgba(107,13,236,1)
7,7: (27499,8481,29041,65535)  #6B2171FF  srgba(107,33,113,1)
8,7: (28013,16191,46003,65535)  #6D3FB3FF  srgba(109,63,179,1)
9,7: (28013,24158,35209,65535)  #6D5E89FF  srgba(109,94,137,1)
10,7: (28270,30326,13621,65535)  #6E7635FF  srgba(110,118,53,1)
11,7: (28270,31097,23387,65535)  #6E795BFF  srgba(110,121,91,1)
12,7: (28270,31354,19532,65535)  #6E7A4CFF  srgba(110,122,76,1)
13,7: (28270,37522,15420,65535)  #6E923CFF  srgba(110,146,60,1)
14,7: (28527,15677,14649,65535)  #6F3D39FF  srgba(111,61,57,1)
15,7: (28527,41377,14906,65535)  #6FA13AFF  srgba(111,161,58,1)
0,8: (28784,38550,20560,65535)  #709650FF  srgba(112,150,80,1)
1,8: (29041,10794,15420,65535)  #712A3CFF  srgba(113,42,60,1)
2,8: (29041,15163,35466,65535)  #713B8AFF  srgba(113,59,138,1)
3,8: (29041,27242,29041,65535)  #716A71FF  srgba(113,106,113,1)
4,8: (29298,19275,35466,65535)  #724B8AFF  srgba(114,75,138,1)
5,8: (29298,32382,28527,65535)  #727E6FFF  srgba(114,126,111,1)
6,8: (29555,257,61423,65535)  #7301EFFF  srgba(115,1,239,1)
7,8: (29555,1542,54998,65535)  #7306D6FF  srgba(115,6,214,1)
8,8: (29555,5140,60909,65535)  #7314EDFF  srgba(115,20,237,1)
9,8: (29555,6939,54484,65535)  #731BD4FF  srgba(115,27,212,1)
10,8: (29555,16191,59624,65535)  #733FE8FF  srgba(115,63,232,1)
11,8: (29555,16448,52428,65535)  #7340CCFF  srgba(115,64,204,1)
12,8: (29555,16962,40606,65535)  #73429EFF  srgba(115,66,158,1)
13,8: (29555,23130,47288,65535)  #735AB8FF  srgba(115,90,184,1)
14,8: (29812,8738,48573,65535)  #7422BDFF  srgba(116,34,189,1)
15,8: (29812,8995,42405,65535)  #7423A5FF  srgba(116,35,165,1)
0,9: (29812,9509,36237,65535)  #74258DFF  srgba(116,37,141,1)
1,9: (29812,15420,22359,65535)  #743C57FF  srgba(116,60,87,1)
2,9: (29812,22616,54741,65535)  #7458D5FF  srgba(116,88,213,1)
3,9: (30069,2313,48830,65535)  #7509BEFF  srgba(117,9,190,1)
4,9: (30069,3341,42662,65535)  #750DA6FF  srgba(117,13,166,1)
5,9: (30069,8995,22616,65535)  #752358FF  srgba(117,35,88,1)
6,9: (30069,28270,41634,65535)  #756EA2FF  srgba(117,110,162,1)
7,9: (30069,29812,35466,65535)  #75748AFF  srgba(117,116,138,1)
8,9: (30326,4369,36494,65535)  #76118EFF  srgba(118,17,142,1)
9,9: (30326,27756,54227,65535)  #766CD3FF  srgba(118,108,211,1)
10,9: (30326,29041,47031,65535)  #7671B7FF  srgba(118,113,183,1)
11,9: (30583,33667,35466,65535)  #77838AFF  srgba(119,131,138,1)
12,9: (30583,40863,17733,65535)  #779F45FF  srgba(119,159,69,1)
13,9: (30840,24929,35723,65535)  #78618BFF  srgba(120,97,139,1)
14,9: (30840,29298,13878,65535)  #787236FF  srgba(120,114,54,1)
15,9: (30840,30069,19789,65535)  #78754DFF  srgba(120,117,77,1)
0,10: (30840,33153,41377,65535)  #7881A1FF  srgba(120,129,161,1)
1,10: (30840,37008,27242,65535)  #78906AFF  srgba(120,144,106,1)
2,10: (30840,39835,22102,65535)  #789B56FF  srgba(120,155,86,1)
3,10: (31097,16962,46517,65535)  #7942B5FF  srgba(121,66,181,1)
4,10: (31097,20817,28784,65535)  #795170FF  srgba(121,81,112,1)
5,10: (31097,31354,23901,65535)  #797A5DFF  srgba(121,122,93,1)
6,10: (31354,37779,34952,65535)  #7A9388FF  srgba(122,147,136,1)
7,10: (31354,40863,26985,65535)  #7A9F69FF  srgba(122,159,105,1)
8,10: (31611,771,57054,65535)  #7B03DEFF  srgba(123,3,222,1)
9,10: (31611,5397,56540,65535)  #7B15DCFF  srgba(123,21,220,1)
10,10: (31611,21074,15934,65535)  #7B523EFF  srgba(123,82,62,1)
11,10: (31611,23901,41891,65535)  #7B5DA3FF  srgba(123,93,163,1)
12,10: (31868,771,63222,65535)  #7C03F6FF  srgba(124,3,246,1)
13,10: (31868,6939,63222,65535)  #7C1BF6FF  srgba(124,27,246,1)
14,10: (31868,10023,56283,65535)  #7C27DBFF  srgba(124,39,219,1)
15,10: (31868,15934,59367,65535)  #7C3EE7FF  srgba(124,62,231,1)
0,11: (31868,16448,52685,65535)  #7C40CDFF  srgba(124,64,205,1)
1,11: (32125,0,63993,65535)  #7D00F9FF  srgba(125,0,249,1)
2,11: (32125,28784,29555,65535)  #7D7073FF  srgba(125,112,115,1)
3,11: (32382,6425,29041,65535)  #7E1971FF  srgba(126,25,113,1)
4,11: (32382,33667,29298,65535)  #7E8372FF  srgba(126,131,114,1)
5,11: (33153,21074,22616,65535)  #815258FF  srgba(129,82,88,1)
6,11: (33153,40863,22616,65535)  #819F58FF  srgba(129,159,88,1)
7,11: (33153,41120,19018,65535)  #81A04AFF  srgba(129,160,74,1)
8,11: (33667,0,65021,65535)  #8300FDFF  srgba(131,0,253,1)
9,11: (33667,9766,55769,65535)  #8326D9FF  srgba(131,38,217,1)
10,11: (33667,13621,28784,65535)  #833570FF  srgba(131,53,112,1)
11,11: (33667,29041,37008,65535)  #837190FF  srgba(131,113,144,1)
12,11: (33667,39321,27499,65535)  #83996BFF  srgba(131,153,107,1)
13,11: (33924,0,61937,65535)  #8400F1FF  srgba(132,0,241,1)
14,11: (33924,1028,55512,65535)  #8404D8FF  srgba(132,4,216,1)
15,11: (33924,3598,65021,65535)  #840EFDFF  srgba(132,14,253,1)
0,12: (33924,3855,61680,65535)  #840FF0FF  srgba(132,15,240,1)
1,12: (33924,4626,48830,65535)  #8412BEFF  srgba(132,18,190,1)
2,12: (33924,9766,60909,65535)  #8426EDFF  srgba(132,38,237,1)
3,12: (33924,16448,49087,65535)  #8440BFFF  srgba(132,64,191,1)
4,12: (33924,20303,37522,65535)  #844F92FF  srgba(132,79,146,1)
5,12: (33924,20560,43433,65535)  #8450A9FF  srgba(132,80,169,1)
6,12: (33924,33924,35723,65535)  #84848BFF  srgba(132,132,139,1)
7,12: (33924,38036,35723,65535)  #84948BFF  srgba(132,148,139,1)
8,12: (34181,0,65278,65535)  #8500FEFF  srgba(133,0,254,1)
9,12: (34181,2827,39578,65535)  #850B9AFF  srgba(133,11,154,1)
10,12: (34181,21845,48316,65535)  #8555BCFF  srgba(133,85,188,1)
11,12: (34438,15163,54227,65535)  #863BD3FF  srgba(134,59,211,1)
12,12: (34438,25957,55255,65535)  #8665D7FF  srgba(134,101,215,1)
13,12: (34438,26985,43176,65535)  #8669A8FF  srgba(134,105,168,1)
14,12: (34438,29298,47802,65535)  #8672BAFF  srgba(134,114,186,1)
15,12: (34438,30583,54741,65535)  #8677D5FF  srgba(134,119,213,1)
0,13: (34438,32896,43176,65535)  #8680A8FF  srgba(134,128,168,1)
1,13: (34695,14649,60395,65535)  #8739EBFF  srgba(135,57,235,1)
2,13: (34695,20046,60909,65535)  #874EEDFF  srgba(135,78,237,1)
3,13: (34695,20560,53970,65535)  #8750D2FF  srgba(135,80,210,1)
4,13: (34695,31097,29812,65535)  #877974FF  srgba(135,121,116,1)
5,13: (34952,29041,17990,65535)  #887146FF  srgba(136,113,70,1)
6,13: (35466,0,65021,65535)  #8A00FDFF  srgba(138,0,253,1)
7,13: (35466,1028,55512,65535)  #8A04D8FF  srgba(138,4,216,1)
8,13: (35466,9766,39064,65535)  #8A2698FF  srgba(138,38,152,1)
9,13: (35466,9766,55769,65535)  #8A26D9FF  srgba(138,38,217,1)
10,13: (35466,29298,37522,65535)  #8A7292FF  srgba(138,114,146,1)
11,13: (35723,1028,61937,65535)  #8B04F1FF  srgba(139,4,241,1)
12,13: (35723,3598,65021,65535)  #8B0EFDFF  srgba(139,14,253,1)
13,13: (35723,8481,61423,65535)  #8B21EFFF  srgba(139,33,239,1)
14,13: (35723,35723,35980,65535)  #8B8B8CFF  srgba(139,139,140,1)
15,13: (35723,41120,28013,65535)  #8BA06DFF  srgba(139,160,109,1)
0,14: (35980,2570,48830,65535)  #8C0ABEFF  srgba(140,10,190,1)
1,14: (35980,37265,29041,65535)  #8C9171FF  srgba(140,145,113,1)
2,14: (36237,19789,48573,65535)  #8D4DBDFF  srgba(141,77,189,1)
3,14: (36237,20303,42662,65535)  #8D4FA6FF  srgba(141,79,166,1)
4,14: (36494,19532,36237,65535)  #8E4C8DFF  srgba(142,76,141,1)
5,14: (36494,29555,23901,65535)  #8E735DFF  srgba(142,115,93,1)
6,14: (36751,20817,28527,65535)  #8F516FFF  srgba(143,81,111,1)
7,14: (37265,6168,61680,65535)  #9118F0FF  srgba(145,24,240,1)
8,14: (37265,26214,53970,65535)  #9166D2FF  srgba(145,102,210,1)
9,14: (37265,30840,52942,65535)  #9178CEFF  srgba(145,120,206,1)
10,14: (37522,3598,65021,65535)  #920EFDFF  srgba(146,14,253,1)
11,14: (37522,10537,48830,65535)  #9229BEFF  srgba(146,41,190,1)
12,14: (38036,7967,55769,65535)  #941FD9FF  srgba(148,31,217,1)
13,14: (38036,17219,62451,65535)  #9443F3FF  srgba(148,67,243,1)
14,14: (38036,18504,55255,65535)  #9448D7FF  srgba(148,72,215,1)
15,14: (38550,19275,38807,65535)  #964B97FF  srgba(150,75,151,1)
0,15: (38550,27242,44461,65535)  #966AADFF  srgba(150,106,173,1)
1,15: (38550,32896,43947,65535)  #9680ABFF  srgba(150,128,171,1)
2,15: (38550,35980,36494,65535)  #968C8EFF  srgba(150,140,142,1)
3,15: (39578,28784,37008,65535)  #9A7090FF  srgba(154,112,144,1)
4,15: (39578,29298,29041,65535)  #9A7271FF  srgba(154,114,113,1)
5,15: (39835,19789,48830,65535)  #9B4DBEFF  srgba(155,77,190,1)
6,15: (40349,8995,61937,65535)  #9D23F1FF  srgba(157,35,241,1)
7,15: (40863,17219,63736,65535)  #9F43F8FF  srgba(159,67,248,1)
8,15: (40863,18247,56540,65535)  #9F47DCFF  srgba(159,71,220,1)
9,15: (41120,8481,65021,65535)  #A021FDFF  srgba(160,33,253,1)
10,15: (41377,30583,53970,65535)  #A177D2FF  srgba(161,119,210,1)
11,15: (41634,20046,38807,65535)  #A24E97FF  srgba(162,78,151,1)
12,15: (41891,26214,56026,65535)  #A366DAFF  srgba(163,102,218,1)
13,15: (42919,18247,61423,65535)  #A747EFFF  srgba(167,71,239,1)
14,15: (46003,18504,62965,65535)  #B348F5FF  srgba(179,72,245,1)
15,15: (0,65535,0,0)  #00FF0000  srgba(0,255,0,0)
