# ImageMagick pixel enumeration: 16,16,65535,srgba
0,0: (0,0,0,65535)  #000000FF  black
1,0: (257,257,0,65535)  #010100FF  srgba(1,1,0,1)
2,0: (257,257,257,65535)  #010101FF  srgba(1,1,1,1)
3,0: (1285,1028,0,65535)  #050400FF  srgba(5,4,0,1)
4,0: (1542,1028,1285,65535)  #060405FF  srgba(6,4,5,1)
5,0: (1799,1542,514,65535)  #070602FF  srgba(7,6,2,1)
6,0: (2056,2056,771,65535)  #080803FF  srgba(8,8,3,1)
7,0: (2056,2570,1285,65535)  #080A05FF  srgba(8,10,5,1)
8,0: (2313,771,3084,65535)  #09030CFF  srgba(9,3,12,1)
9,0: (2827,514,22359,65535)  #0B0257FF  srgba(11,2,87,1)
10,0: (2827,2827,1542,65535)  #0B0B06FF  srgba(11,11,6,1)
11,0: (3598,3598,2313,65535)  #0E0E09FF  srgba(14,14,9,1)
12,0: (3598,8481,1542,65535)  #0E2106FF  srgba(14,33,6,1)
13,0: (3598,14135,514,65535)  #0E3702FF  srgba(14,55,2,1)
14,0: (3855,6939,3084,65535)  #0F1B0CFF  srgba(15,27,12,1)
15,0: (4112,0,13621,65535)  #100035FF  srgba(16,0,53,1)
0,1: (4112,4112,3084,65535)  #10100CFF  srgba(16,16,12,1)
1,1: (4112,4883,3598,65535)  #10130EFF  srgba(16,19,14,1)
2,1: (4112,6168,3598,65535)  #10180EFF  srgba(16,24,14,1)
3,1: (4626,4626,3341,65535)  #12120DFF  srgba(18,18,13,1)
4,1: (4883,0,9509,65535)  #130025FF  srgba(19,0,37,1)
5,1: (4883,5397,4112,65535)  #131510FF  srgba(19,21,16,1)
6,1: (5140,4626,13364,65535)  #141234FF  srgba(20,18,52,1)
7,1: (5140,4883,3598,65535)  #14130EFF  srgba(20,19,14,1)
8,1: (5140,5397,4626,65535)  #141512FF  srgba(20,21,18,1)
9,1: (5397,5654,3855,65535)  #15160FFF  srgba(21,22,15,1)
10,1: (5654,4626,5397,65535)  #161215FF  srgba(22,18,21,1)
11,1: (5654,4626,7453,65535)  #16121DFF  srgba(22,18,29,1)
12,1: (5654,5654,4369,65535)  #161611FF  srgba(22,22,17,1)
13,1: (5654,5654,4369,65535)  #161611FF  srgba(22,22,17,1)
14,1: (5654,7196,4369,65535)  #161C11FF  srgba(22,28,17,1)
15,1: (5654,8481,3855,65535)  #16210FFF  srgba(22,33,15,1)
0,2: (5654,14906,1285,65535)  #163A05FF  srgba(22,58,5,1)
1,2: (5911,5140,4883,65535)  #171413FF  srgba(23,20,19,1)
2,2: (5911,5911,4883,65535)  #171713FF  srgba(23,23,19,1)
3,2: (5911,6425,5140,65535)  #171914FF  srgba(23,25,20,1)
4,2: (6168,6168,4883,65535)  #181813FF  srgba(24,24,19,1)
5,2: (6425,5911,8738,65535)  #191722FF  srgba(25,23,34,1)
6,2: (6682,6682,5397,65535)  #1A1A15FF  srgba(26,26,21,1)
7,2: (6682,7196,5911,65535)  #1A1C17FF  srgba(26,28,23,1)
8,2: (6682,7710,5140,65535)  #1A1E14FF  srgba(26,30,20,1)
9,2: (6682,13107,2827,65535)  #1A330BFF  srgba(26,51,11,1)
10,2: (6939,3598,4626,65535)  #1B0E12FF  srgba(27,14,18,1)
11,2: (7453,7196,5911,65535)  #1D1C17FF  srgba(29,28,23,1)
12,2: (7453,7453,6682,65535)  #1D1D1AFF  srgba(29,29,26,1)
13,2: (7453,8481,6682,65535)  #1D211AFF  srgba(29,33,26,1)
14,2: (7710,0,29555,65535)  #1E0073FF  srgba(30,0,115,1)
15,2: (7710,7710,6168,65535)  #1E1E18FF  srgba(30,30,24,1)
0,3: (7710,8481,7453,65535)  #1E211DFF  srgba(30,33,29,1)
1,3: (7967,2056,22102,65535)  #1F0856FF  srgba(31,8,86,1)
2,3: (7967,6939,7710,65535)  #1F1B1EFF  srgba(31,27,30,1)
3,3: (7967,8995,5140,65535)  #1F2314FF  srgba(31,35,20,1)
4,3: (8224,5397,6682,65535)  #20151AFF  srgba(32,21,26,1)
5,3: (8224,8224,6939,65535)  #20201BFF  srgba(32,32,27,1)
6,3: (8224,8224,6939,65535)  #20201BFF  srgba(32,32,27,1)
7,3: (8224,16448,2827,65535)  #20400BFF  srgba(32,64,11,1)
8,3: (8481,3341,4626,65535)  #210D12FF  srgba(33,13,18,1)
9,3: (8738,8481,7453,65535)  #22211DFF  srgba(34,33,29,1)
10,3: (8995,9252,8224,65535)  #232420FF  srgba(35,36,32,1)
11,3: (9252,8995,7710,65535)  #24231EFF  srgba(36,35,30,1)
12,3: (9252,9509,8738,65535)  #242522FF  srgba(36,37,34,1)
13,3: (9509,514,9766,65535)  #250226FF  srgba(37,2,38,1)
14,3: (9509,6682,7196,65535)  #251A1CFF  srgba(37,26,28,1)
15,3: (9509,9509,7710,65535)  #25251EFF  srgba(37,37,30,1)
0,4: (9509,9509,8224,65535)  #252520FF  srgba(37,37,32,1)
1,4: (9509,9766,8224,65535)  #252620FF  srgba(37,38,32,1)
2,4: (9766,6425,9252,65535)  #261924FF  srgba(38,25,36,1)
3,4: (10280,1285,14135,65535)  #280537FF  srgba(40,5,55,1)
4,4: (10280,10537,8995,65535)  #282923FF  srgba(40,41,35,1)
5,4: (10537,10537,10280,65535)  #292928FF  srgba(41,41,40,1)
6,4: (10537,12850,10280,65535)  #293228FF  srgba(41,50,40,1)
7,4: (10537,14649,9766,65535)  #293926FF  srgba(41,57,38,1)
8,4: (11051,11051,9766,65535)  #2B2B26FF  srgba(43,43,38,1)
9,4: (11051,18761,9252,65535)  #2B4924FF  srgba(43,73,36,1)
10,4: (11308,10537,9252,65535)  #2C2924FF  srgba(44,41,36,1)
11,4: (11565,11565,10280,65535)  #2D2D28FF  srgba(45,45,40,1)
12,4: (11565,12079,10794,65535)  #2D2F2AFF  srgba(45,47,42,1)
13,4: (12079,12079,11308,65535)  #2F2F2CFF  srgba(47,47,44,1)
14,4: (12336,1542,4883,65535)  #300613FF  srgba(48,6,19,1)
15,4: (12336,3341,17990,65535)  #300D46FF  srgba(48,13,70,1)
0,5: (12336,12336,11051,65535)  #30302BFF  srgba(48,48,43,1)
1,5: (12336,12850,4883,65535)  #303213FF  srgba(48,50,19,1)
2,5: (12593,257,30583,65535)  #310177FF  srgba(49,1,119,1)
3,5: (12593,771,21845,65535)  #310355FF  srgba(49,3,85,1)
4,5: (12850,2056,14135,65535)  #320837FF  srgba(50,8,55,1)
5,5: (12850,2056,18504,65535)  #320848FF  srgba(50,8,72,1)
6,5: (12850,6425,7710,65535)  #32191EFF  srgba(50,25,30,1)
7,5: (12850,10280,10794,65535)  #32282AFF  srgba(50,40,42,1)
8,5: (13364,13364,12079,65535)  #34342FFF  srgba(52,52,47,1)
9,5: (13364,20817,4112,65535)  #345110FF  srgba(52,81,16,1)
10,5: (13621,12079,12079,65535)  #352F2FFF  srgba(53,47,47,1)
11,5: (13878,13878,12593,65535)  #363631FF  srgba(54,54,49,1)
12,5: (14135,0,30069,65535)  #370075FF  srgba(55,0,117,1)
13,5: (14135,0,35980,65535)  #37008CFF  srgba(55,0,140,1)
14,5: (14135,14649,12593,65535)  #373931FF  srgba(55,57,49,1)
15,5: (14392,18247,11051,65535)  #38472BFF  srgba(56,71,43,1)
0,6: (14906,5140,30326,65535)  #3A1476FF  srgba(58,20,118,1)
1,6: (14906,14906,13621,65535)  #3A3A35FF  srgba(58,58,53,1)
2,6: (14906,22873,9252,65535)  #3A5924FF  srgba(58,89,36,1)
3,6: (15163,8738,8481,65535)  #3B2221FF  srgba(59,34,33,1)
4,6: (15163,11822,13107,65535)  #3B2E33FF  srgba(59,46,51,1)
5,6: (15163,13878,21331,65535)  #3B3653FF  srgba(59,54,83,1)
6,6: (15420,5911,37265,65535)  #3C1791FF  srgba(60,23,145,1)
7,6: (15420,8995,12593,65535)  #3C2331FF  srgba(60,35,49,1)
8,6: (15420,15420,14649,65535)  #3C3C39FF  srgba(60,60,57,1)
9,6: (15420,19532,11565,65535)  #3C4C2DFF  srgba(60,76,45,1)
10,6: (15677,16962,14135,65535)  #3D4237FF  srgba(61,66,55,1)
11,6: (15677,23130,14649,65535)  #3D5A39FF  srgba(61,90,57,1)
12,6: (15934,1028,13878,65535)  #3E0436FF  srgba(62,4,54,1)
13,6: (15934,3341,7967,65535)  #3E0D1FFF  srgba(62,13,31,1)
14,6: (15934,11308,9509,65535)  #3E2C25FF  srgba(62,44,37,1)
15,6: (16191,0,36494,65535)  #3F008EFF  srgba(63,0,142,1)
0,7: (16191,514,37008,65535)  #3F0290FF  srgba(63,2,144,1)
1,7: (16191,18247,15163,65535)  #3F473BFF  srgba(63,71,59,1)
2,7: (16448,0,23387,65535)  #40005BFF  srgba(64,0,91,1)
3,7: (16962,1285,23387,65535)  #42055BFF  srgba(66,5,91,1)
4,7: (16962,16962,15677,65535)  #42423DFF  srgba(66,66,61,1)
5,7: (16962,19532,16448,65535)  #424C40FF  srgba(66,76,64,1)
6,7: (17219,17476,16191,65535)  #43443FFF  srgba(67,68,63,1)
7,7: (17219,18247,16705,65535)  #434741FF  srgba(67,71,65,1)
8,7: (17476,17990,17733,65535)  #444645FF  srgba(68,70,69,1)
9,7: (17733,17733,18504,65535)  #454548FF  srgba(69,69,72,1)
10,7: (17990,12593,29555,65535)  #463173FF  srgba(70,49,115,1)
11,7: (17990,16705,21074,65535)  #464152FF  srgba(70,65,82,1)
12,7: (18247,0,29555,65535)  #470073FF  srgba(71,0,115,1)
13,7: (18247,18247,16962,65535)  #474742FF  srgba(71,71,66,1)
14,7: (18247,18761,17733,65535)  #474945FF  srgba(71,73,69,1)
15,7: (18247,19018,16962,65535)  #474A42FF  srgba(71,74,66,1)
0,8: (18247,19789,17990,65535)  #474D46FF  srgba(71,77,70,1)
1,8: (18247,20560,15420,65535)  #47503CFF  srgba(71,80,60,1)
2,8: (18504,0,37265,65535)  #480091FF  srgba(72,0,145,1)
3,8: (18504,257,29812,65535)  #480174FF  srgba(72,1,116,1)
4,8: (18504,18247,17733,65535)  #484745FF  srgba(72,71,69,1)
5,8: (18504,18504,17219,65535)  #484843FF  srgba(72,72,67,1)
6,8: (18761,19018,17990,65535)  #494A46FF  srgba(73,74,70,1)
7,8: (18761,19275,17990,65535)  #494B46FF  srgba(73,75,70,1)
8,8: (18761,19275,18504,65535)  #494B48FF  srgba(73,75,72,1)
9,8: (19018,17990,17990,65535)  #4A4646FF  srgba(74,70,70,1)
10,8: (19018,19018,17733,65535)  #4A4A45FF  srgba(74,74,69,1)
11,8: (19018,19532,16962,65535)  #4A4C42FF  srgba(74,76,66,1)
12,8: (19018,20303,19532,65535)  #4A4F4CFF  srgba(74,79,76,1)
13,8: (19275,17733,20560,65535)  #4B4550FF  srgba(75,69,80,1)
14,8: (19275,18761,17990,65535)  #4B4946FF  srgba(75,73,70,1)
15,8: (19275,19275,17990,65535)  #4B4B46FF  srgba(75,75,70,1)
0,9: (19275,19275,18504,65535)  #4B4B48FF  srgba(75,75,72,1)
1,9: (19275,19532,18504,65535)  #4B4C48FF  srgba(75,76,72,1)
2,9: (19275,20046,18504,65535)  #4B4E48FF  srgba(75,78,72,1)
3,9: (19532,4369,9252,65535)  #4C1124FF  srgba(76,17,36,1)
4,9: (19532,19018,18247,65535)  #4C4A47FF  srgba(76,74,71,1)
5,9: (19532,19532,18247,65535)  #4C4C47FF  srgba(76,76,71,1)
6,9: (19532,20046,16705,65535)  #4C4E41FF  srgba(76,78,65,1)
7,9: (19789,12593,11308,65535)  #4D312CFF  srgba(77,49,44,1)
8,9: (19789,15677,17990,65535)  #4D3D46FF  srgba(77,61,70,1)
9,9: (19789,16448,15420,65535)  #4D403CFF  srgba(77,64,60,1)
10,9: (20046,5140,13878,65535)  #4E1436FF  srgba(78,20,54,1)
11,9: (20046,16448,23901,65535)  #4E405DFF  srgba(78,64,93,1)
12,9: (20046,19789,19018,65535)  #4E4D4AFF  srgba(78,77,74,1)
13,9: (20046,20046,18761,65535)  #4E4E49FF  srgba(78,78,73,1)
14,9: (20046,20046,18761,65535)  #4E4E49FF  srgba(78,78,73,1)
15,9: (20817,21074,19789,65535)  #51524DFF  srgba(81,82,77,1)
0,10: (20817,22359,14135,65535)  #515737FF  srgba(81,87,55,1)
1,10: (21074,16962,21331,65535)  #524253FF  srgba(82,66,83,1)
2,10: (21331,12593,31611,65535)  #53317BFF  srgba(83,49,123,1)
3,10: (21331,15420,10023,65535)  #533C27FF  srgba(83,60,39,1)
4,10: (21588,0,29555,65535)  #540073FF  srgba(84,0,115,1)
5,10: (21845,0,31611,65535)  #55007BFF  srgba(85,0,123,1)
6,10: (21845,0,37265,65535)  #550091FF  srgba(85,0,145,1)
7,10: (21845,257,33924,65535)  #550184FF  srgba(85,1,132,1)
8,10: (21845,1285,26471,65535)  #550567FF  srgba(85,5,103,1)
9,10: (22102,0,22873,65535)  #560059FF  srgba(86,0,89,1)
10,10: (22102,0,33410,65535)  #560082FF  srgba(86,0,130,1)
11,10: (22102,0,36494,65535)  #56008EFF  srgba(86,0,142,1)
12,10: (22102,0,37265,65535)  #560091FF  srgba(86,0,145,1)
13,10: (22102,0,37779,65535)  #560093FF  srgba(86,0,147,1)
14,10: (22102,12850,12079,65535)  #56322FFF  srgba(86,50,47,1)
15,10: (22359,0,13621,65535)  #570035FF  srgba(87,0,53,1)
0,11: (22359,0,37522,65535)  #570092FF  srgba(87,0,146,1)
1,11: (22359,8481,13364,65535)  #572134FF  srgba(87,33,52,1)
2,11: (22616,0,36751,65535)  #58008FFF  srgba(88,0,143,1)
3,11: (22873,0,37265,65535)  #590091FF  srgba(89,0,145,1)
4,11: (22873,0,37779,65535)  #590093FF  srgba(89,0,147,1)
5,11: (22873,0,37779,65535)  #590093FF  srgba(89,0,147,1)
6,11: (23130,0,37522,65535)  #5A0092FF  srgba(90,0,146,1)
7,11: (23387,11822,33410,65535)  #5B2E82FF  srgba(91,46,130,1)
8,11: (23387,13364,23130,65535)  #5B345AFF  srgba(91,52,90,1)
9,11: (23644,0,14392,65535)  #5C0038FF  srgba(92,0,56,1)
10,11: (23644,0,37522,65535)  #5C0092FF  srgba(92,0,146,1)
11,11: (23644,0,38550,65535)  #5C0096FF  srgba(92,0,150,1)
12,11: (23644,10794,13364,65535)  #5C2A34FF  srgba(92,42,52,1)
13,11: (24158,0,38293,65535)  #5E0095FF  srgba(94,0,149,1)
14,11: (24415,0,37779,65535)  #5F0093FF  srgba(95,0,147,1)
15,11: (24415,0,38036,65535)  #5F0094FF  srgba(95,0,148,1)
0,12: (24672,0,37779,65535)  #600093FF  srgba(96,0,147,1)
1,12: (24672,514,30840,65535)  #600278FF  srgba(96,2,120,1)
2,12: (24672,16191,12850,65535)  #603F32FF  srgba(96,63,50,1)
3,12: (24929,0,23901,65535)  #61005DFF  srgba(97,0,93,1)
4,12: (24929,0,34181,65535)  #610085FF  srgba(97,0,133,1)
5,12: (24929,0,38293,65535)  #610095FF  srgba(97,0,149,1)
6,12: (24929,5397,14649,65535)  #611539FF  srgba(97,21,57,1)
7,12: (24929,7196,43690,65535)  #611CAAFF  srgba(97,28,170,1)
8,12: (25443,0,35980,65535)  #63008CFF  srgba(99,0,140,1)
9,12: (25443,0,38550,65535)  #630096FF  srgba(99,0,150,1)
10,12: (25443,11051,32896,65535)  #632B80FF  srgba(99,43,128,1)
11,12: (25443,11822,20817,65535)  #632E51FF  srgba(99,46,81,1)
12,12: (25443,19789,11822,65535)  #634D2EFF  srgba(99,77,46,1)
13,12: (25700,0,27756,65535)  #64006CFF  srgba(100,0,108,1)
14,12: (25700,0,38550,65535)  #640096FF  srgba(100,0,150,1)
15,12: (25700,0,39835,65535)  #64009BFF  srgba(100,0,155,1)
0,13: (25957,1542,44204,65535)  #6506ACFF  srgba(101,6,172,1)
1,13: (26214,0,40349,65535)  #66009DFF  srgba(102,0,157,1)
2,13: (26471,0,39321,65535)  #670099FF  srgba(103,0,153,1)
3,13: (26471,771,33924,65535)  #670384FF  srgba(103,3,132,1)
4,13: (26728,771,23387,65535)  #68035BFF  srgba(104,3,91,1)
5,13: (26985,0,40349,65535)  #69009DFF  srgba(105,0,157,1)
6,13: (26985,0,40863,65535)  #69009FFF  srgba(105,0,159,1)
7,13: (26985,0,40863,65535)  #69009FFF  srgba(105,0,159,1)
8,13: (26985,0,43176,65535)  #6900A8FF  srgba(105,0,168,1)
9,13: (27242,0,39835,65535)  #6A009BFF  srgba(106,0,155,1)
10,13: (27242,4626,15163,65535)  #6A123BFF  srgba(106,18,59,1)
11,13: (27756,0,38807,65535)  #6C0097FF  srgba(108,0,151,1)
12,13: (27756,0,40863,65535)  #6C009FFF  srgba(108,0,159,1)
13,13: (28013,12079,20817,65535)  #6D2F51FF  srgba(109,47,81,1)
14,13: (28270,0,43176,65535)  #6E00A8FF  srgba(110,0,168,1)
15,13: (28270,0,44718,65535)  #6E00AEFF  srgba(110,0,174,1)
0,14: (28527,0,41377,65535)  #6F00A1FF  srgba(111,0,161,1)
1,14: (28784,0,41891,65535)  #7000A3FF  srgba(112,0,163,1)
2,14: (29041,10537,32125,65535)  #71297DFF  srgba(113,41,125,1)
3,14: (29298,0,41377,65535)  #7200A1FF  srgba(114,0,161,1)
4,14: (29555,0,31611,65535)  #73007BFF  srgba(115,0,123,1)
5,14: (30069,0,42662,65535)  #7500A6FF  srgba(117,0,166,1)
6,14: (30326,0,28270,65535)  #76006EFF  srgba(118,0,110,1)
7,14: (30840,0,34695,65535)  #780087FF  srgba(120,0,135,1)
8,14: (31097,1285,26728,65535)  #790568FF  srgba(121,5,104,1)
9,14: (31354,257,34695,65535)  #7A0187FF  srgba(122,1,135,1)
10,14: (31868,0,43433,65535)  #7C00A9FF  srgba(124,0,169,1)
11,14: (31868,0,43947,65535)  #7C00ABFF  srgba(124,0,171,1)
12,14: (32382,0,44461,65535)  #7E00ADFF  srgba(126,0,173,1)
13,14: (32639,0,44975,65535)  #7F00AFFF  srgba(127,0,175,1)
14,14: (33410,0,44975,65535)  #8200AFFF  srgba(130,0,175,1)
15,14: (34438,0,46260,65535)  #8600B4FF  srgba(134,0,180,1)
0,15: (34438,0,46774,65535)  #8600B6FF  srgba(134,0,182,1)
1,15: (34695,514,47031,65535)  #8702B7FF  srgba(135,2,183,1)
2,15: (35209,0,47802,65535)  #8900BAFF  srgba(137,0,186,1)
3,15: (35209,0,48059,65535)  #8900BBFF  srgba(137,0,187,1)
4,15: (35466,0,47288,65535)  #8A00B8FF  srgba(138,0,184,1)
5,15: (36237,0,48830,65535)  #8D00BEFF  srgba(141,0,190,1)
6,15: (36494,0,47288,65535)  #8E00B8FF  srgba(142,0,184,1)
7,15: (37265,5911,49601,65535)  #9117C1FF  srgba(145,23,193,1)
8,15: (37522,0,52171,65535)  #9200CBFF  srgba(146,0,203,1)
9,15: (37779,0,49858,65535)  #9300C2FF  srgba(147,0,194,1)
10,15: (37779,0,50629,65535)  #9300C5FF  srgba(147,0,197,1)
11,15: (38036,0,50372,65535)  #9400C4FF  srgba(148,0,196,1)
12,15: (38036,0,50886,65535)  #9400C6FF  srgba(148,0,198,1)
13,15: (38807,0,51400,65535)  #9700C8FF  srgba(151,0,200,1)
14,15: (39064,0,43176,65535)  #9800A8FF  srgba(152,0,168,1)
15,15: (0,65535,0,0)  #00FF0000  srgba(0,255,0,0)
