# ImageMagick pixel enumeration: 16,16,65535,srgba
0,0: (0,0,0,65535)  #000000FF  black
1,0: (0,8481,14135,65535)  #002137FF  srgba(0,33,55,1)
2,0: (0,8481,30326,65535)  #002176FF  srgba(0,33,118,1)
3,0: (0,8481,42148,65535)  #0021A4FF  srgba(0,33,164,1)
4,0: (0,8995,47031,65535)  #0023B7FF  srgba(0,35,183,1)
5,0: (0,10023,40863,65535)  #00279FFF  srgba(0,39,159,1)
6,0: (0,10537,44718,65535)  #0029AEFF  srgba(0,41,174,1)
7,0: (0,10794,12593,65535)  #002A31FF  srgba(0,42,49,1)
8,0: (0,12079,26728,65535)  #002F68FF  srgba(0,47,104,1)
9,0: (0,12336,47288,65535)  #0030B8FF  srgba(0,48,184,1)
10,0: (0,16448,46260,65535)  #0040B4FF  srgba(0,64,180,1)
11,0: (0,22616,43947,65535)  #0058ABFF  srgba(0,88,171,1)
12,0: (0,32639,27499,65535)  #007F6BFF  srgba(0,127,107,1)
13,0: (0,34438,26471,65535)  #008667FF  srgba(0,134,103,1)
14,0: (257,0,257,65535)  #010001FF  srgba(1,0,1,1)
15,0: (257,3855,5911,65535)  #010F17FF  srgba(1,15,23,1)
0,1: (257,9252,19789,65535)  #01244DFF  srgba(1,36,77,1)
1,1: (257,12336,32639,65535)  #01307FFF  srgba(1,48,127,1)
2,1: (257,16448,48316,65535)  #0140BCFF  srgba(1,64,188,1)
3,1: (257,16962,42662,65535)  #0142A6FF  srgba(1,66,166,1)
4,1: (257,20046,31354,65535)  #014E7AFF  srgba(1,78,122,1)
5,1: (257,20303,24415,65535)  #014F5FFF  srgba(1,79,95,1)
6,1: (257,32125,23644,65535)  #017D5CFF  srgba(1,125,92,1)
7,1: (257,33924,19789,65535)  #01844DFF  srgba(1,132,77,1)
8,1: (257,34952,26471,65535)  #018867FF  srgba(1,136,103,1)
9,1: (257,35209,19018,65535)  #01894AFF  srgba(1,137,74,1)
10,1: (514,10280,42148,65535)  #0228A4FF  srgba(2,40,164,1)
11,1: (514,33667,17733,65535)  #028345FF  srgba(2,131,69,1)
12,1: (771,13878,19532,65535)  #03364CFF  srgba(3,54,76,1)
13,1: (771,17219,19789,65535)  #03434DFF  srgba(3,67,77,1)
14,1: (771,18247,14392,65535)  #034738FF  srgba(3,71,56,1)
15,1: (771,26471,11565,65535)  #03672DFF  srgba(3,103,45,1)
0,2: (771,34695,22873,65535)  #038759FF  srgba(3,135,89,1)
1,2: (1028,20046,17219,65535)  #044E43FF  srgba(4,78,67,1)
2,2: (1028,28270,20046,65535)  #046E4EFF  srgba(4,110,78,1)
3,2: (1285,10794,47288,65535)  #052AB8FF  srgba(5,42,184,1)
4,2: (1799,32896,43433,65535)  #0780A9FF  srgba(7,128,169,1)
5,2: (1799,35209,56283,65535)  #0789DBFF  srgba(7,137,219,1)
6,2: (2827,2313,4626,65535)  #0B0912FF  srgba(11,9,18,1)
7,2: (2827,8224,42148,65535)  #0B20A4FF  srgba(11,32,164,1)
8,2: (3084,8224,30069,65535)  #0C2075FF  srgba(12,32,117,1)
9,2: (3084,10280,10794,65535)  #0C282AFF  srgba(12,40,42,1)
10,2: (3084,11308,14649,65535)  #0C2C39FF  srgba(12,44,57,1)
11,2: (3084,23387,42919,65535)  #0C5BA7FF  srgba(12,91,167,1)
12,2: (3855,12850,29298,65535)  #0F3272FF  srgba(15,50,114,1)
13,2: (3855,16448,48316,65535)  #0F40BCFF  srgba(15,64,188,1)
14,2: (4112,8481,19789,65535)  #10214DFF  srgba(16,33,77,1)
15,2: (4112,30840,55255,65535)  #1078D7FF  srgba(16,120,215,1)
0,3: (4369,12079,42148,65535)  #112FA4FF  srgba(17,47,164,1)
1,3: (4369,16448,43433,65535)  #1140A9FF  srgba(17,64,169,1)
2,3: (4626,7453,13621,65535)  #121D35FF  srgba(18,29,53,1)
3,3: (5397,35466,27499,65535)  #158A6BFF  srgba(21,138,107,1)
4,3: (5911,31354,28527,65535)  #177A6FFF  srgba(23,122,111,1)
5,3: (6682,13878,19532,65535)  #1A364CFF  srgba(26,54,76,1)
6,3: (7453,20560,24415,65535)  #1D505FFF  srgba(29,80,95,1)
7,3: (7453,20560,31354,65535)  #1D507AFF  srgba(29,80,122,1)
8,3: (7453,31354,23644,65535)  #1D7A5CFF  srgba(29,122,92,1)
9,3: (8481,5654,8224,65535)  #211620FF  srgba(33,22,32,1)
10,3: (8481,8481,47031,65535)  #2121B7FF  srgba(33,33,183,1)
11,3: (8738,17476,19275,65535)  #22444BFF  srgba(34,68,75,1)
12,3: (8738,20560,14649,65535)  #225039FF  srgba(34,80,57,1)
13,3: (8995,13878,47545,65535)  #2336B9FF  srgba(35,54,185,1)
14,3: (8995,33667,19789,65535)  #23834DFF  srgba(35,131,77,1)
15,3: (9252,25957,19532,65535)  #24654CFF  srgba(36,101,76,1)
0,4: (9252,33667,16705,65535)  #248341FF  srgba(36,131,65,1)
1,4: (10023,7710,42148,65535)  #271EA4FF  srgba(39,30,164,1)
2,4: (10280,7710,29812,65535)  #281E74FF  srgba(40,30,116,1)
3,4: (10280,10537,10794,65535)  #28292AFF  srgba(40,41,42,1)
4,4: (10537,12079,14649,65535)  #292F39FF  srgba(41,47,57,1)
5,4: (10537,12850,42405,65535)  #2932A5FF  srgba(41,50,165,1)
6,4: (11051,7967,19789,65535)  #2B1F4DFF  srgba(43,31,77,1)
7,4: (11051,13364,29041,65535)  #2B3471FF  srgba(43,52,113,1)
8,4: (11565,7453,13621,65535)  #2D1D35FF  srgba(45,29,53,1)
9,4: (11565,16191,48316,65535)  #2D3FBCFF  srgba(45,63,188,1)
10,4: (12079,13621,19532,65535)  #2F354CFF  srgba(47,53,76,1)
11,4: (12079,34695,57311,65535)  #2F87DFFF  srgba(47,135,223,1)
12,4: (12593,34181,43176,65535)  #3185A8FF  srgba(49,133,168,1)
13,4: (12850,16448,43176,65535)  #3240A8FF  srgba(50,64,168,1)
14,4: (13107,29812,43176,65535)  #3374A8FF  srgba(51,116,168,1)
15,4: (14392,24415,41634,65535)  #385FA2FF  srgba(56,95,162,1)
0,5: (14906,30583,55769,65535)  #3A77D9FF  srgba(58,119,217,1)
1,5: (16448,7453,41377,65535)  #401DA1FF  srgba(64,29,161,1)
2,5: (17219,12079,41377,65535)  #432FA1FF  srgba(67,47,161,1)
3,5: (17476,14135,19789,65535)  #44374DFF  srgba(68,55,77,1)
4,5: (17990,11308,47802,65535)  #462CBAFF  srgba(70,44,186,1)
5,5: (17990,17990,19275,65535)  #46464BFF  srgba(70,70,75,1)
6,5: (17990,20560,12593,65535)  #465031FF  srgba(70,80,49,1)
7,5: (17990,21588,16448,65535)  #465440FF  srgba(70,84,64,1)
8,5: (17990,33667,20046,65535)  #46834EFF  srgba(70,131,78,1)
9,5: (18247,11308,45489,65535)  #472CB1FF  srgba(71,44,177,1)
10,5: (18247,27756,19532,65535)  #476C4CFF  srgba(71,108,76,1)
11,5: (18247,33153,16705,65535)  #478141FF  srgba(71,129,65,1)
12,5: (19018,19275,25443,65535)  #4A4B63FF  srgba(74,75,99,1)
13,5: (19275,28270,27242,65535)  #4B6E6AFF  srgba(75,110,106,1)
14,5: (19532,19532,32382,65535)  #4C4C7EFF  srgba(76,76,126,1)
15,5: (19789,33667,23387,65535)  #4D835BFF  srgba(77,131,91,1)
0,6: (19789,33924,28270,65535)  #4D846EFF  srgba(77,132,110,1)
1,6: (20046,6939,20046,65535)  #4E1B4EFF  srgba(78,27,78,1)
2,6: (20046,6939,29812,65535)  #4E1B74FF  srgba(78,27,116,1)
3,6: (20046,10280,29298,65535)  #4E2872FF  srgba(78,40,114,1)
4,6: (20303,10537,20046,65535)  #4F294EFF  srgba(79,41,78,1)
5,6: (20560,6939,10023,65535)  #501B27FF  srgba(80,27,39,1)
6,6: (20560,11308,11308,65535)  #502C2CFF  srgba(80,44,44,1)
7,6: (20560,14135,26985,65535)  #503769FF  srgba(80,55,105,1)
8,6: (20817,7196,14135,65535)  #511C37FF  srgba(81,28,55,1)
9,6: (20817,12593,14906,65535)  #51313AFF  srgba(81,49,58,1)
10,6: (21074,14135,32639,65535)  #52377FFF  srgba(82,55,127,1)
11,6: (22616,7453,41377,65535)  #581DA1FF  srgba(88,29,161,1)
12,6: (23130,12850,41120,65535)  #5A32A0FF  srgba(90,50,160,1)
13,6: (23387,14135,19789,65535)  #5B374DFF  srgba(91,55,77,1)
14,6: (23901,17733,39321,65535)  #5D4599FF  srgba(93,69,153,1)
15,6: (25186,17219,48316,65535)  #6243BCFF  srgba(98,67,188,1)
0,7: (25700,22616,40092,65535)  #64589CFF  srgba(100,88,156,1)
1,7: (25700,33153,59110,65535)  #6481E6FF  srgba(100,129,230,1)
2,7: (25957,17219,44461,65535)  #6543ADFF  srgba(101,67,173,1)
3,7: (25957,19532,25957,65535)  #654C65FF  srgba(101,76,101,1)
4,7: (25957,19789,32896,65535)  #654D80FF  srgba(101,77,128,1)
5,7: (25957,33153,51657,65535)  #6581C9FF  srgba(101,129,201,1)
6,7: (26214,28527,54484,65535)  #666FD4FF  srgba(102,111,212,1)
7,7: (26471,31354,41377,65535)  #677AA1FF  srgba(103,122,161,1)
8,7: (27242,13621,45232,65535)  #6A35B0FF  srgba(106,53,176,1)
9,7: (27242,28013,27756,65535)  #6A6D6CFF  srgba(106,109,108,1)
10,7: (27499,10280,46517,65535)  #6B28B5FF  srgba(107,40,181,1)
11,7: (27499,11822,48573,65535)  #6B2EBDFF  srgba(107,46,189,1)
12,7: (27756,8481,45232,65535)  #6C21B0FF  srgba(108,33,176,1)
13,7: (27756,25957,47545,65535)  #6C65B9FF  srgba(108,101,185,1)
14,7: (27756,26471,41120,65535)  #6C67A0FF  srgba(108,103,160,1)
15,7: (28527,12850,40863,65535)  #6F329FFF  srgba(111,50,159,1)
0,8: (28527,18247,16705,65535)  #6F4741FF  srgba(111,71,65,1)
1,8: (28784,18761,19789,65535)  #70494DFF  srgba(112,73,77,1)
2,8: (28784,32639,19789,65535)  #707F4DFF  srgba(112,127,77,1)
3,8: (29041,20817,12336,65535)  #715130FF  srgba(113,81,48,1)
4,8: (29041,27756,19789,65535)  #716C4DFF  srgba(113,108,77,1)
5,8: (29041,28270,16705,65535)  #716E41FF  srgba(113,110,65,1)
6,8: (29041,32639,16448,65535)  #717F40FF  srgba(113,127,64,1)
7,8: (29298,18247,39321,65535)  #724799FF  srgba(114,71,153,1)
8,8: (29555,13878,32639,65535)  #73367FFF  srgba(115,54,127,1)
9,8: (29812,13878,26728,65535)  #743668FF  srgba(116,54,104,1)
10,8: (29812,32639,25957,65535)  #747F65FF  srgba(116,127,101,1)
11,8: (30069,13878,19789,65535)  #75364DFF  srgba(117,54,77,1)
12,8: (30069,22873,40863,65535)  #75599FFF  srgba(117,89,159,1)
13,8: (30326,7196,12336,65535)  #761C30FF  srgba(118,28,48,1)
14,8: (30326,8481,32125,65535)  #76217DFF  srgba(118,33,125,1)
15,8: (30326,12336,12850,65535)  #763032FF  srgba(118,48,50,1)
0,9: (30583,8224,20046,65535)  #77204EFF  srgba(119,32,78,1)
1,9: (30583,8481,26471,65535)  #772167FF  srgba(119,33,103,1)
2,9: (30583,20046,25700,65535)  #774E64FF  srgba(119,78,100,1)
3,9: (30583,20560,32639,65535)  #77507FFF  srgba(119,80,127,1)
4,9: (31097,7453,40863,65535)  #791D9FFF  srgba(121,29,159,1)
5,9: (31611,27499,31868,65535)  #7B6B7CFF  srgba(123,107,124,1)
6,9: (31611,28784,24672,65535)  #7B7060FF  srgba(123,112,96,1)
7,9: (33153,12336,40606,65535)  #81309EFF  srgba(129,48,158,1)
8,9: (33667,24158,39064,65535)  #835E98FF  srgba(131,94,152,1)
9,9: (33924,7453,29298,65535)  #841D72FF  srgba(132,29,114,1)
10,9: (33924,12593,29555,65535)  #843173FF  srgba(132,49,115,1)
11,9: (33924,16191,19532,65535)  #843F4CFF  srgba(132,63,76,1)
12,9: (33924,24158,44204,65535)  #845EACFF  srgba(132,94,172,1)
13,9: (34181,17476,40349,65535)  #85449DFF  srgba(133,68,157,1)
14,9: (34181,21331,48059,65535)  #8553BBFF  srgba(133,83,187,1)
15,9: (34438,7196,20046,65535)  #861C4EFF  srgba(134,28,78,1)
0,10: (34438,7453,12336,65535)  #861D30FF  srgba(134,29,48,1)
1,10: (34438,22102,32639,65535)  #86567FFF  srgba(134,86,127,1)
2,10: (34438,27242,48830,65535)  #866ABEFF  srgba(134,106,190,1)
3,10: (34695,10794,20303,65535)  #872A4FFF  srgba(135,42,79,1)
4,10: (34695,13364,12079,65535)  #87342FFF  srgba(135,52,47,1)
5,10: (34695,14392,15163,65535)  #87383BFF  srgba(135,56,59,1)
6,10: (34695,22102,26728,65535)  #875668FF  srgba(135,86,104,1)
7,10: (34695,28270,38807,65535)  #876E97FF  srgba(135,110,151,1)
8,10: (34695,28270,43690,65535)  #876EAAFF  srgba(135,110,170,1)
9,10: (34695,28527,21845,65535)  #876F55FF  srgba(135,111,85,1)
10,10: (34695,30069,40863,65535)  #87759FFF  srgba(135,117,159,1)
11,10: (34695,30583,49858,65535)  #8777C2FF  srgba(135,119,194,1)
12,10: (34695,31097,56797,65535)  #8779DDFF  srgba(135,121,221,1)
13,10: (34952,11565,40092,65535)  #882D9CFF  srgba(136,45,156,1)
14,10: (34952,16705,44461,65535)  #8841ADFF  srgba(136,65,173,1)
15,10: (34952,26214,54227,65535)  #8866D3FF  srgba(136,102,211,1)
0,11: (34952,29298,31097,65535)  #887279FF  srgba(136,114,121,1)
1,11: (34952,29555,25443,65535)  #887363FF  srgba(136,115,99,1)
2,11: (34952,29812,17219,65535)  #887443FF  srgba(136,116,67,1)
3,11: (34952,31611,16191,65535)  #887B3FFF  srgba(136,123,63,1)
4,11: (34952,32125,41377,65535)  #887DA1FF  srgba(136,125,161,1)
5,11: (35209,7196,41120,65535)  #891CA0FF  srgba(137,28,160,1)
6,11: (35209,9766,47288,65535)  #8926B8FF  srgba(137,38,184,1)
7,11: (35209,10537,45232,65535)  #8929B0FF  srgba(137,41,176,1)
8,11: (35209,12079,43690,65535)  #892FAAFF  srgba(137,47,170,1)
9,11: (35209,30840,29555,65535)  #897873FF  srgba(137,120,115,1)
10,11: (35209,31354,21845,65535)  #897A55FF  srgba(137,122,85,1)
11,11: (35209,31354,25443,65535)  #897A63FF  srgba(137,122,99,1)
12,11: (35209,32639,30069,65535)  #897F75FF  srgba(137,127,117,1)
13,11: (35466,26985,57054,65535)  #8A69DEFF  srgba(138,105,222,1)
14,11: (35466,31354,18761,65535)  #8A7A49FF  srgba(138,122,73,1)
15,11: (35723,7967,30583,65535)  #8B1F77FF  srgba(139,31,119,1)
0,12: (35980,29041,22359,65535)  #8C7157FF  srgba(140,113,87,1)
1,12: (35980,29555,31354,65535)  #8C737AFF  srgba(140,115,122,1)
2,12: (35980,30069,25700,65535)  #8C7564FF  srgba(140,117,100,1)
3,12: (35980,32125,16191,65535)  #8C7D3FFF  srgba(140,125,63,1)
4,12: (36237,7967,42405,65535)  #8D1FA5FF  srgba(141,31,165,1)
5,12: (36237,11822,46774,65535)  #8D2EB6FF  srgba(141,46,182,1)
6,12: (36237,13107,42919,65535)  #8D33A7FF  srgba(141,51,167,1)
7,12: (36237,16448,19789,65535)  #8D404DFF  srgba(141,64,77,1)
8,12: (36237,17990,42662,65535)  #8D46A6FF  srgba(141,70,166,1)
9,12: (36237,18247,47288,65535)  #8D47B8FF  srgba(141,71,184,1)
10,12: (36237,22873,26985,65535)  #8D5969FF  srgba(141,89,105,1)
11,12: (36237,27499,56797,65535)  #8D6BDDFF  srgba(141,107,221,1)
12,12: (36237,27756,39578,65535)  #8D6C9AFF  srgba(141,108,154,1)
13,12: (36237,29555,30326,65535)  #8D7376FF  srgba(141,115,118,1)
14,12: (36237,31097,24672,65535)  #8D7960FF  srgba(141,121,96,1)
15,12: (36237,31354,21845,65535)  #8D7A55FF  srgba(141,122,85,1)
0,13: (36237,31868,29041,65535)  #8D7C71FF  srgba(141,124,113,1)
1,13: (36494,13621,29812,65535)  #8E3574FF  srgba(142,53,116,1)
2,13: (36494,22616,32639,65535)  #8E587FFF  srgba(142,88,127,1)
3,13: (36494,27242,44975,65535)  #8E6AAFFF  srgba(142,106,175,1)
4,13: (36494,27756,50115,65535)  #8E6CC3FF  srgba(142,108,195,1)
5,13: (36494,28527,56797,65535)  #8E6FDDFF  srgba(142,111,221,1)
6,13: (36494,29812,39064,65535)  #8E7498FF  srgba(142,116,152,1)
7,13: (36494,29812,44975,65535)  #8E74AFFF  srgba(142,116,175,1)
8,13: (36494,30069,57311,65535)  #8E75DFFF  srgba(142,117,223,1)
9,13: (36494,31611,22616,65535)  #8E7B58FF  srgba(142,123,88,1)
10,13: (36494,31868,57568,65535)  #8E7CE0FF  srgba(142,124,224,1)
11,13: (36494,32125,45489,65535)  #8E7DB1FF  srgba(142,125,177,1)
12,13: (36494,32125,51400,65535)  #8E7DC8FF  srgba(142,125,200,1)
13,13: (36494,32382,39578,65535)  #8E7E9AFF  srgba(142,126,154,1)
14,13: (36751,27242,56540,65535)  #8F6ADCFF  srgba(143,106,220,1)
15,13: (36751,27756,57054,65535)  #8F6CDEFF  srgba(143,108,222,1)
0,14: (36751,30069,51657,65535)  #8F75C9FF  srgba(143,117,201,1)
1,14: (36751,32125,28784,65535)  #8F7D70FF  srgba(143,125,112,1)
2,14: (37008,32125,22873,65535)  #907D59FF  srgba(144,125,89,1)
3,14: (37008,32125,29298,65535)  #907D72FF  srgba(144,125,114,1)
4,14: (37265,19275,41377,65535)  #914BA1FF  srgba(145,75,161,1)
5,14: (37265,21588,56797,65535)  #9154DDFF  srgba(145,84,221,1)
6,14: (37265,26214,56540,65535)  #9166DCFF  srgba(145,102,220,1)
7,14: (37265,30840,57568,65535)  #9178E0FF  srgba(145,120,224,1)
8,14: (37522,27242,42662,65535)  #926AA6FF  srgba(146,106,166,1)
9,14: (37522,27499,49858,65535)  #926BC2FF  srgba(146,107,194,1)
10,14: (37522,28527,57568,65535)  #926FE0FF  srgba(146,111,224,1)
11,14: (37522,29555,31097,65535)  #927379FF  srgba(146,115,121,1)
12,14: (37522,32382,28270,65535)  #927E6EFF  srgba(146,126,110,1)
13,14: (37779,19532,47545,65535)  #934CB9FF  srgba(147,76,185,1)
14,14: (37779,30583,58082,65535)  #9377E2FF  srgba(147,119,226,1)
15,14: (37779,31097,52428,65535)  #9379CCFF  srgba(147,121,204,1)
0,15: (37779,31354,40606,65535)  #937A9EFF  srgba(147,122,158,1)
1,15: (37779,31354,47031,65535)  #937AB7FF  srgba(147,122,183,1)
2,15: (38036,22102,30840,65535)  #945678FF  srgba(148,86,120,1)
3,15: (38550,31097,52171,65535)  #9679CBFF  srgba(150,121,203,1)
4,15: (38550,31354,44718,65535)  #967AAEFF  srgba(150,122,174,1)
5,15: (39064,31097,57568,65535)  #9879E0FF  srgba(152,121,224,1)
6,15: (39064,32382,29812,65535)  #987E74FF  srgba(152,126,116,1)
7,15: (39835,31354,44204,65535)  #9B7AACFF  srgba(155,122,172,1)
8,15: (39835,31354,51657,65535)  #9B7AC9FF  srgba(155,122,201,1)
9,15: (40606,26985,49344,65535)  #9E69C0FF  srgba(158,105,192,1)
10,15: (40863,20560,40349,65535)  #9F509DFF  srgba(159,80,157,1)
11,15: (40863,26728,41634,65535)  #9F68A2FF  srgba(159,104,162,1)
12,15: (41377,22102,31097,65535)  #A15679FF  srgba(161,86,121,1)
13,15: (41891,31354,51400,65535)  #A37AC8FF  srgba(163,122,200,1)
14,15: (42148,31354,43433,65535)  #A47AA9FF  srgba(164,122,169,1)
15,15: (0,65535,0,0)  #00FF0000  srgba(0,255,0,0)
