# ImageMagick pixel enumeration: 16,16,65535,srgba
0,0: (0,0,0,65535)  #000000FF  black
1,0: (0,0,7196,65535)  #00001CFF  srgba(0,0,28,1)
2,0: (0,1285,11822,65535)  #00052EFF  srgba(0,5,46,1)
3,0: (0,3855,20303,65535)  #000F4FFF  srgba(0,15,79,1)
4,0: (0,4112,24415,65535)  #00105FFF  srgba(0,16,95,1)
5,0: (0,4626,27756,65535)  #00126CFF  srgba(0,18,108,1)
6,0: (0,6682,23901,65535)  #001A5DFF  srgba(0,26,93,1)
7,0: (0,7967,27499,65535)  #001F6BFF  srgba(0,31,107,1)
8,0: (0,8224,32382,65535)  #00207EFF  srgba(0,32,126,1)
9,0: (0,13364,42405,65535)  #0034A5FF  srgba(0,52,165,1)
10,0: (0,13878,43690,65535)  #0036AAFF  srgba(0,54,170,1)
11,0: (0,15420,46517,65535)  #003CB5FF  srgba(0,60,181,1)
12,0: (0,18504,50115,65535)  #0048C3FF  srgba(0,72,195,1)
13,0: (0,28527,65021,65535)  #006FFDFF  srgba(0,111,253,1)
14,0: (257,0,1799,65535)  #010007FF  srgba(1,0,7,1)
15,0: (257,4112,16191,65535)  #01103FFF  srgba(1,16,63,1)
0,1: (257,20046,52685,65535)  #014ECDFF  srgba(1,78,205,1)
1,1: (514,0,1028,65535)  #020004FF  srgba(2,0,4,1)
2,1: (514,8481,24672,65535)  #022160FF  srgba(2,33,96,1)
3,1: (514,9766,27756,65535)  #02266CFF  srgba(2,38,108,1)
4,1: (514,12593,38036,65535)  #023194FF  srgba(2,49,148,1)
5,1: (514,23387,58339,65535)  #025BE3FF  srgba(2,91,227,1)
6,1: (771,6168,20560,65535)  #031850FF  srgba(3,24,80,1)
7,1: (1028,5140,16191,65535)  #04143FFF  srgba(4,20,63,1)
8,1: (1028,12593,33667,65535)  #043183FF  srgba(4,49,131,1)
9,1: (1028,21588,54741,65535)  #0454D5FF  srgba(4,84,213,1)
10,1: (1285,2313,7453,65535)  #05091DFF  srgba(5,9,29,1)
11,1: (1285,18504,45489,65535)  #0548B1FF  srgba(5,72,177,1)
12,1: (1542,1028,3341,65535)  #06040DFF  srgba(6,4,13,1)
13,1: (1542,4369,12850,65535)  #061132FF  srgba(6,17,50,1)
14,1: (1542,15420,42148,65535)  #063CA4FF  srgba(6,60,164,1)
15,1: (1542,33153,65278,65535)  #0681FEFF  srgba(6,129,254,1)
0,2: (1799,6168,17476,65535)  #071844FF  srgba(7,24,68,1)
1,2: (1799,33153,65021,65535)  #0781FDFF  srgba(7,129,253,1)
2,2: (2313,6168,15934,65535)  #09183EFF  srgba(9,24,62,1)
3,2: (2570,7453,19275,65535)  #0A1D4BFF  srgba(10,29,75,1)
4,2: (2570,11565,28527,65535)  #0A2D6FFF  srgba(10,45,111,1)
5,2: (2827,8224,20046,65535)  #0B204EFF  srgba(11,32,78,1)
6,2: (3598,11051,24929,65535)  #0E2B61FF  srgba(14,43,97,1)
7,2: (3598,13878,33153,65535)  #0E3681FF  srgba(14,54,129,1)
8,2: (3598,29555,64507,65535)  #0E73FBFF  srgba(14,115,251,1)
9,2: (4112,1028,1799,65535)  #100407FF  srgba(16,4,7,1)
10,2: (4112,7196,16448,65535)  #101C40FF  srgba(16,28,64,1)
11,2: (4112,15934,37779,65535)  #103E93FF  srgba(16,62,147,1)
12,2: (4369,3341,7967,65535)  #110D1FFF  srgba(17,13,31,1)
13,2: (4369,5911,12850,65535)  #111732FF  srgba(17,23,50,1)
14,2: (4369,7967,16962,65535)  #111F42FF  srgba(17,31,66,1)
15,2: (4369,22616,50115,65535)  #1158C3FF  srgba(17,88,195,1)
0,3: (4369,37008,65278,65535)  #1190FEFF  srgba(17,144,254,1)
1,3: (4883,8995,19532,65535)  #13234CFF  srgba(19,35,76,1)
2,3: (4883,19532,44461,65535)  #134CADFF  srgba(19,76,173,1)
3,3: (4883,27499,59624,65535)  #136BE8FF  srgba(19,107,232,1)
4,3: (5140,17990,40606,65535)  #14469EFF  srgba(20,70,158,1)
5,3: (5397,10023,20303,65535)  #15274FFF  srgba(21,39,79,1)
6,3: (6168,7967,15163,65535)  #181F3BFF  srgba(24,31,59,1)
7,3: (6425,24415,52428,65535)  #195FCCFF  srgba(25,95,204,1)
8,3: (6682,6168,10280,65535)  #1A1828FF  srgba(26,24,40,1)
9,3: (6939,9509,16448,65535)  #1B2540FF  srgba(27,37,64,1)
10,3: (6939,13621,27756,65535)  #1B356CFF  srgba(27,53,108,1)
11,3: (7196,17733,36751,65535)  #1C458FFF  srgba(28,69,143,1)
12,3: (7453,11308,20817,65535)  #1D2C51FF  srgba(29,44,81,1)
13,3: (7453,15420,32382,65535)  #1D3C7EFF  srgba(29,60,126,1)
14,3: (7453,22359,46260,65535)  #1D57B4FF  srgba(29,87,180,1)
15,3: (7710,3598,2313,65535)  #1E0E09FF  srgba(30,14,9,1)
0,4: (7710,26214,53970,65535)  #1E66D2FF  srgba(30,102,210,1)
1,4: (7967,20046,42405,65535)  #1F4EA5FF  srgba(31,78,165,1)
2,4: (8224,23644,49087,65535)  #205CBFFF  srgba(32,92,191,1)
3,4: (8481,33924,65278,65535)  #2184FEFF  srgba(33,132,254,1)
4,4: (8738,19532,39835,65535)  #224C9BFF  srgba(34,76,155,1)
5,4: (8738,41634,65278,65535)  #22A2FEFF  srgba(34,162,254,1)
6,4: (8995,514,257,65535)  #230201FF  srgba(35,2,1,1)
7,4: (8995,24929,50372,65535)  #2361C4FF  srgba(35,97,196,1)
8,4: (9252,8995,14906,65535)  #24233AFF  srgba(36,35,58,1)
9,4: (9252,22616,45489,65535)  #2458B1FF  srgba(36,88,177,1)
10,4: (9509,7967,10280,65535)  #251F28FF  srgba(37,31,40,1)
11,4: (9509,11051,16191,65535)  #252B3FFF  srgba(37,43,63,1)
12,4: (9766,12336,20303,65535)  #26304FFF  srgba(38,48,79,1)
13,4: (9766,18247,34695,65535)  #264787FF  srgba(38,71,135,1)
14,4: (10023,15934,28013,65535)  #273E6DFF  srgba(39,62,109,1)
15,4: (10023,27242,54227,65535)  #276AD3FF  srgba(39,106,211,1)
0,5: (10280,33924,64764,65535)  #2884FCFF  srgba(40,132,252,1)
1,5: (10537,13878,22359,65535)  #293657FF  srgba(41,54,87,1)
2,5: (11051,22359,43176,65535)  #2B57A8FF  srgba(43,87,168,1)
3,5: (11051,37265,65278,65535)  #2B91FEFF  srgba(43,145,254,1)
4,5: (11308,15163,23901,65535)  #2C3B5DFF  srgba(44,59,93,1)
5,5: (11308,24158,46260,65535)  #2C5EB4FF  srgba(44,94,180,1)
6,5: (11822,7196,2827,65535)  #2E1C0BFF  srgba(46,28,11,1)
7,5: (11822,17990,31097,65535)  #2E4679FF  srgba(46,70,121,1)
8,5: (11822,19532,34438,65535)  #2E4C86FF  srgba(46,76,134,1)
9,5: (12079,25957,49601,65535)  #2F65C1FF  srgba(47,101,193,1)
10,5: (12336,16448,27242,65535)  #30406AFF  srgba(48,64,106,1)
11,5: (12593,10023,10280,65535)  #312728FF  srgba(49,39,40,1)
12,5: (12593,15420,23644,65535)  #313C5CFF  srgba(49,60,92,1)
13,5: (12593,41891,65278,65535)  #31A3FEFF  srgba(49,163,254,1)
14,5: (12850,17733,28784,65535)  #324570FF  srgba(50,69,112,1)
15,5: (13364,12850,15420,65535)  #34323CFF  srgba(52,50,60,1)
0,6: (13364,16191,24158,65535)  #343F5EFF  srgba(52,63,94,1)
1,6: (13364,17219,26728,65535)  #344368FF  srgba(52,67,104,1)
2,6: (13364,18761,30583,65535)  #344977FF  srgba(52,73,119,1)
3,6: (13621,20046,32896,65535)  #354E80FF  srgba(53,78,128,1)
4,6: (13621,23130,42148,65535)  #355AA4FF  srgba(53,90,164,1)
5,6: (13621,28270,53456,65535)  #356ED0FF  srgba(53,110,208,1)
6,6: (13621,32639,61166,65535)  #357FEEFF  srgba(53,127,238,1)
7,6: (13878,25186,46003,65535)  #3662B3FF  srgba(54,98,179,1)
8,6: (14392,28013,51657,65535)  #386DC9FF  srgba(56,109,201,1)
9,6: (14906,16191,22102,65535)  #3A3F56FF  srgba(58,63,86,1)
10,6: (14906,18761,28527,65535)  #3A496FFF  srgba(58,73,111,1)
11,6: (14906,27242,49601,65535)  #3A6AC1FF  srgba(58,106,193,1)
12,6: (15934,20560,31868,65535)  #3E507CFF  srgba(62,80,124,1)
13,6: (15934,30583,55769,65535)  #3E77D9FF  srgba(62,119,217,1)
14,6: (16191,38550,65278,65535)  #3F96FEFF  srgba(63,150,254,1)
15,6: (16448,45746,65278,65535)  #40B2FEFF  srgba(64,178,254,1)
0,7: (16705,41377,65278,65535)  #41A1FEFF  srgba(65,161,254,1)
1,7: (16962,19018,24672,65535)  #424A60FF  srgba(66,74,96,1)
2,7: (16962,24672,41120,65535)  #4260A0FF  srgba(66,96,160,1)
3,7: (16962,26214,44975,65535)  #4266AFFF  srgba(66,102,175,1)
4,7: (17219,12336,8995,65535)  #433023FF  srgba(67,48,35,1)
5,7: (17219,27242,46260,65535)  #436AB4FF  srgba(67,106,180,1)
6,7: (17476,15163,14649,65535)  #443B39FF  srgba(68,59,57,1)
7,7: (17476,18504,22873,65535)  #444859FF  srgba(68,72,89,1)
8,7: (17476,29041,49858,65535)  #4471C2FF  srgba(68,113,194,1)
9,7: (17733,17990,21331,65535)  #454653FF  srgba(69,70,83,1)
10,7: (17733,19789,26471,65535)  #454D67FF  srgba(69,77,103,1)
11,7: (17733,22616,33924,65535)  #455884FF  srgba(69,88,132,1)
12,7: (17990,30326,53199,65535)  #4676CFFF  srgba(70,118,207,1)
13,7: (18504,4626,257,65535)  #481201FF  srgba(72,18,1,1)
14,7: (18761,21331,28784,65535)  #495370FF  srgba(73,83,112,1)
15,7: (18761,33924,59881,65535)  #4984E9FF  srgba(73,132,233,1)
0,8: (19018,30583,51914,65535)  #4A77CAFF  srgba(74,119,202,1)
1,8: (19275,8224,514,65535)  #4B2002FF  srgba(75,32,2,1)
2,8: (19532,23901,34695,65535)  #4C5D87FF  srgba(76,93,135,1)
3,8: (19532,26214,40863,65535)  #4C669FFF  srgba(76,102,159,1)
4,8: (19789,31868,53456,65535)  #4D7CD0FF  srgba(77,124,208,1)
5,8: (20303,11051,2056,65535)  #4F2B08FF  srgba(79,43,8,1)
6,8: (20303,29041,46260,65535)  #4F71B4FF  srgba(79,113,180,1)
7,8: (20560,39578,65278,65535)  #509AFEFF  srgba(80,154,254,1)
8,8: (20817,25443,35980,65535)  #51638CFF  srgba(81,99,140,1)
9,8: (20817,30326,49601,65535)  #5176C1FF  srgba(81,118,193,1)
10,8: (20817,45746,65021,65535)  #51B2FDFF  srgba(81,178,253,1)
11,8: (21074,18247,16705,65535)  #524741FF  srgba(82,71,65,1)
12,8: (21074,27499,42405,65535)  #526BA5FF  srgba(82,107,165,1)
13,8: (21074,42919,65535,65535)  #52A7FFFF  srgba(82,167,255,1)
14,8: (21074,46003,65278,65535)  #52B3FEFF  srgba(82,179,254,1)
15,8: (21074,47288,65535,65535)  #52B8FFFF  srgba(82,184,255,1)
0,9: (21588,37265,62708,65535)  #5491F4FF  srgba(84,145,244,1)
1,9: (22102,32125,51657,65535)  #567DC9FF  srgba(86,125,201,1)
2,9: (22102,32896,53713,65535)  #5680D1FF  srgba(86,128,209,1)
3,9: (22102,34181,56540,65535)  #5685DCFF  srgba(86,133,220,1)
4,9: (22359,29812,45232,65535)  #5774B0FF  srgba(87,116,176,1)
5,9: (22616,15420,8995,65535)  #583C23FF  srgba(88,60,35,1)
6,9: (23901,28527,39835,65535)  #5D6F9BFF  srgba(93,111,155,1)
7,9: (24158,23644,26214,65535)  #5E5C66FF  srgba(94,92,102,1)
8,9: (24158,30069,43433,65535)  #5E75A9FF  srgba(94,117,169,1)
9,9: (24158,31611,47288,65535)  #5E7BB8FF  srgba(94,123,184,1)
10,9: (24158,34181,54227,65535)  #5E85D3FF  srgba(94,133,211,1)
11,9: (24929,38550,62965,65535)  #6196F5FF  srgba(97,150,245,1)
12,9: (25186,33667,51143,65535)  #6283C7FF  srgba(98,131,199,1)
13,9: (25443,35723,56283,65535)  #638BDBFF  srgba(99,139,219,1)
14,9: (25443,40863,65021,65535)  #639FFDFF  srgba(99,159,253,1)
15,9: (25443,43690,65278,65535)  #63AAFEFF  srgba(99,170,254,1)
0,10: (25957,30326,40606,65535)  #65769EFF  srgba(101,118,158,1)
1,10: (25957,31868,46260,65535)  #657CB4FF  srgba(101,124,180,1)
2,10: (25957,46774,65278,65535)  #65B6FEFF  srgba(101,182,254,1)
3,10: (26214,24672,24929,65535)  #666061FF  srgba(102,96,97,1)
4,10: (26214,36494,57054,65535)  #668EDEFF  srgba(102,142,222,1)
5,10: (26471,35466,53456,65535)  #678AD0FF  srgba(103,138,208,1)
6,10: (26471,37779,59367,65535)  #6793E7FF  srgba(103,147,231,1)
7,10: (26728,10023,257,65535)  #682701FF  srgba(104,39,1,1)
8,10: (26985,19275,11565,65535)  #694B2DFF  srgba(105,75,45,1)
9,10: (26985,50886,65278,65535)  #69C6FEFF  srgba(105,198,254,1)
10,10: (27499,14392,1542,65535)  #6B3806FF  srgba(107,56,6,1)
11,10: (27499,34181,48573,65535)  #6B85BDFF  srgba(107,133,189,1)
12,10: (27756,33924,47031,65535)  #6C84B7FF  srgba(108,132,183,1)
13,10: (28270,40863,63993,65535)  #6E9FF9FF  srgba(110,159,249,1)
14,10: (28527,35980,51657,65535)  #6F8CC9FF  srgba(111,140,201,1)
15,10: (28527,37008,54998,65535)  #6F90D6FF  srgba(111,144,214,1)
0,11: (28784,30583,36494,65535)  #70778EFF  srgba(112,119,142,1)
1,11: (28784,37779,56026,65535)  #7093DAFF  srgba(112,147,218,1)
2,11: (29041,27499,27756,65535)  #716B6CFF  srgba(113,107,108,1)
3,11: (29041,38807,58853,65535)  #7197E5FF  srgba(113,151,229,1)
4,11: (29041,53713,65278,65535)  #71D1FEFF  srgba(113,209,254,1)
5,11: (29298,43690,65278,65535)  #72AAFEFF  srgba(114,170,254,1)
6,11: (29555,47288,65278,65535)  #73B8FEFF  srgba(115,184,254,1)
7,11: (30069,22873,15420,65535)  #75593CFF  srgba(117,89,60,1)
8,11: (30326,41377,63479,65535)  #76A1F7FF  srgba(118,161,247,1)
9,11: (30583,25700,21588,65535)  #776454FF  srgba(119,100,84,1)
10,11: (30583,34952,44718,65535)  #7788AEFF  srgba(119,136,174,1)
11,11: (30583,38036,54227,65535)  #7794D3FF  srgba(119,148,211,1)
12,11: (31097,39835,57568,65535)  #799BE0FF  srgba(121,155,224,1)
13,11: (31354,18247,3341,65535)  #7A470DFF  srgba(122,71,13,1)
14,11: (31868,13621,257,65535)  #7C3501FF  srgba(124,53,1,1)
15,11: (32639,43947,64764,65535)  #7FABFCFF  srgba(127,171,252,1)
0,12: (33153,47288,65278,65535)  #81B8FEFF  srgba(129,184,254,1)
1,12: (33410,40863,57054,65535)  #829FDEFF  srgba(130,159,222,1)
2,12: (33410,50629,65278,65535)  #82C5FEFF  srgba(130,197,254,1)
3,12: (33410,55255,65278,65535)  #82D7FEFF  srgba(130,215,254,1)
4,12: (33667,30326,28784,65535)  #837670FF  srgba(131,118,112,1)
5,12: (34181,22359,7710,65535)  #85571EFF  srgba(133,87,30,1)
6,12: (34695,34952,38293,65535)  #878895FF  srgba(135,136,149,1)
7,12: (35209,25957,15934,65535)  #89653EFF  srgba(137,101,62,1)
8,12: (35980,42405,57568,65535)  #8CA5E0FF  srgba(140,165,224,1)
9,12: (36237,14649,0,65535)  #8D3900FF  srgba(141,57,0,1)
10,12: (36751,19532,1285,65535)  #8F4C05FF  srgba(143,76,5,1)
11,12: (36751,46003,64507,65535)  #8FB3FBFF  srgba(143,179,251,1)
12,12: (37265,23130,3855,65535)  #915A0FFF  srgba(145,90,15,1)
13,12: (37265,47802,65278,65535)  #91BAFEFF  srgba(145,186,254,1)
14,12: (37522,19018,0,65535)  #924A00FF  srgba(146,74,0,1)
15,12: (37522,33924,30583,65535)  #928477FF  srgba(146,132,119,1)
0,13: (37522,50115,65278,65535)  #92C3FEFF  srgba(146,195,254,1)
1,13: (38036,29812,21074,65535)  #947452FF  srgba(148,116,82,1)
2,13: (38036,52685,65278,65535)  #94CDFEFF  srgba(148,205,254,1)
3,13: (38036,58596,65278,65535)  #94E4FEFF  srgba(148,228,254,1)
4,13: (38293,55255,65278,65535)  #95D7FEFF  srgba(149,215,254,1)
5,13: (40092,45746,57568,65535)  #9CB2E0FF  srgba(156,178,224,1)
6,13: (40349,24158,2313,65535)  #9D5E09FF  srgba(157,94,9,1)
7,13: (40606,27756,12336,65535)  #9E6C30FF  srgba(158,108,48,1)
8,13: (41634,51143,65021,65535)  #A2C7FDFF  srgba(162,199,253,1)
9,13: (42148,53970,65278,65535)  #A4D2FEFF  srgba(164,210,254,1)
10,13: (42405,56283,65278,65535)  #A5DBFEFF  srgba(165,219,254,1)
11,13: (42405,60138,65278,65535)  #A5EAFEFF  srgba(165,234,254,1)
12,13: (43176,42405,44204,65535)  #A8A5ACFF  srgba(168,165,172,1)
13,13: (43947,39064,34695,65535)  #AB9887FF  srgba(171,152,135,1)
14,13: (44204,30326,12593,65535)  #AC7631FF  srgba(172,118,49,1)
15,13: (45232,23644,0,65535)  #B05C00FF  srgba(176,92,0,1)
0,14: (45232,29555,6168,65535)  #B07318FF  srgba(176,115,24,1)
1,14: (45232,55769,65278,65535)  #B0D9FEFF  srgba(176,217,254,1)
2,14: (45489,60652,65278,65535)  #B1ECFEFF  srgba(177,236,254,1)
3,14: (46517,35980,23901,65535)  #B58C5DFF  srgba(181,140,93,1)
4,14: (47288,60395,65278,65535)  #B8EBFEFF  srgba(184,235,254,1)
5,14: (48059,34181,14392,65535)  #BB8538FF  srgba(187,133,56,1)
6,14: (48316,49601,54741,65535)  #BCC1D5FF  srgba(188,193,213,1)
7,14: (48830,46774,44718,65535)  #BEB6AEFF  srgba(190,182,174,1)
8,14: (49087,62194,65278,65535)  #BFF2FEFF  srgba(191,242,254,1)
9,14: (49344,33153,7967,65535)  #C0811FFF  srgba(192,129,31,1)
10,14: (49858,25700,0,65535)  #C26400FF  srgba(194,100,0,1)
11,14: (50629,42662,34181,65535)  #C5A685FF  srgba(197,166,133,1)
12,14: (51400,28270,2313,65535)  #C86E09FF  srgba(200,110,9,1)
13,14: (52428,26985,0,65535)  #CC6900FF  srgba(204,105,0,1)
14,14: (53456,35209,7196,65535)  #D0891CFF  srgba(208,137,28,1)
15,14: (54227,65021,65278,65535)  #D3FDFEFF  srgba(211,253,254,1)
0,15: (54741,38293,12850,65535)  #D59532FF  srgba(213,149,50,1)
1,15: (54998,61166,64764,65535)  #D6EEFCFF  srgba(214,238,252,1)
2,15: (55512,28527,0,65535)  #D86F00FF  srgba(216,111,0,1)
3,15: (55512,41891,23387,65535)  #D8A35BFF  srgba(216,163,91,1)
4,15: (56283,47802,38550,65535)  #DBBA96FF  srgba(219,186,150,1)
5,15: (59367,34438,514,65535)  #E78602FF  srgba(231,134,2,1)
6,15: (60138,40863,11051,65535)  #EA9F2BFF  srgba(234,159,43,1)
7,15: (61423,60138,56026,65535)  #EFEADAFF  srgba(239,234,218,1)
8,15: (62451,48830,25443,65535)  #F3BE63FF  srgba(243,190,99,1)
9,15: (64507,55769,36751,65535)  #FBD98FFF  srgba(251,217,143,1)
10,15: (64764,45232,12850,65535)  #FCB032FF  srgba(252,176,50,1)
11,15: (65021,39321,257,65535)  #FD9901FF  srgba(253,153,1,1)
12,15: (65278,42919,514,65535)  #FEA702FF  srgba(254,167,2,1)
13,15: (65278,53199,25443,65535)  #FECF63FF  srgba(254,207,99,1)
14,15: (65278,60395,40606,65535)  #FEEB9EFF  srgba(254,235,158,1)
15,15: (0,65535,0,0)  #00FF0000  srgba(0,255,0,0)
