# ImageMagick pixel enumeration: 16,16,65535,srgba
0,0: (0,0,0,65535)  #000000FF  black
1,0: (0,0,257,65535)  #000001FF  srgba(0,0,1,1)
2,0: (0,0,4112,65535)  #000010FF  srgba(0,0,16,1)
3,0: (0,1285,16962,65535)  #000542FF  srgba(0,5,66,1)
4,0: (0,15163,51143,65535)  #003BC7FF  srgba(0,59,199,1)
5,0: (0,15163,59110,65535)  #003BE6FF  srgba(0,59,230,1)
6,0: (0,17219,51914,65535)  #0043CAFF  srgba(0,67,202,1)
7,0: (0,17219,59624,65535)  #0043E8FF  srgba(0,67,232,1)
8,0: (0,19018,64507,65535)  #004AFBFF  srgba(0,74,251,1)
9,0: (0,19018,64507,65535)  #004AFBFF  srgba(0,74,251,1)
10,0: (0,19532,51914,65535)  #004CCAFF  srgba(0,76,202,1)
11,0: (0,19532,59624,65535)  #004CE8FF  srgba(0,76,232,1)
12,0: (0,21845,65021,65535)  #0055FDFF  srgba(0,85,253,1)
13,0: (0,22359,65021,65535)  #0057FDFF  srgba(0,87,253,1)
14,0: (0,24415,64764,65535)  #005FFCFF  srgba(0,95,252,1)
15,0: (0,24672,64764,65535)  #0060FCFF  srgba(0,96,252,1)
0,1: (0,28013,65021,65535)  #006DFDFF  srgba(0,109,253,1)
1,1: (0,28527,65021,65535)  #006FFDFF  srgba(0,111,253,1)
2,1: (257,20817,64764,65535)  #0151FCFF  srgba(1,81,252,1)
3,1: (257,23644,56540,65535)  #015CDCFF  srgba(1,92,220,1)
4,1: (257,24158,60138,65535)  #015EEAFF  srgba(1,94,234,1)
5,1: (257,27242,65021,65535)  #016AFDFF  srgba(1,106,253,1)
6,1: (771,22873,51914,65535)  #0359CAFF  srgba(3,89,202,1)
7,1: (771,26214,64764,65535)  #0366FCFF  srgba(3,102,252,1)
8,1: (1285,16448,41377,65535)  #0540A1FF  srgba(5,64,161,1)
9,1: (1285,31097,65021,65535)  #0579FDFF  srgba(5,121,253,1)
10,1: (2056,42662,65021,65535)  #08A6FDFF  srgba(8,166,253,1)
11,1: (2056,48316,65021,65535)  #08BCFDFF  srgba(8,188,253,1)
12,1: (2827,34181,65278,65535)  #0B85FEFF  srgba(11,133,254,1)
13,1: (3341,30583,64764,65535)  #0D77FCFF  srgba(13,119,252,1)
14,1: (5397,21588,48573,65535)  #1554BDFF  srgba(21,84,189,1)
15,1: (5397,39064,65021,65535)  #1598FDFF  srgba(21,152,253,1)
0,2: (5654,1542,0,65535)  #160600FF  srgba(22,6,0,1)
1,2: (5654,25443,54227,65535)  #1663D3FF  srgba(22,99,211,1)
2,2: (6425,23901,49858,65535)  #195DC2FF  srgba(25,93,194,1)
3,2: (6939,29298,59624,65535)  #1B72E8FF  srgba(27,114,232,1)
4,2: (7196,31097,64250,65535)  #1C79FAFF  srgba(28,121,250,1)
5,2: (8224,25186,49087,65535)  #2062BFFF  srgba(32,98,191,1)
6,2: (8224,28013,54227,65535)  #206DD3FF  srgba(32,109,211,1)
7,2: (8738,22359,40606,65535)  #22579EFF  srgba(34,87,158,1)
8,2: (8738,34695,65021,65535)  #2287FDFF  srgba(34,135,253,1)
9,2: (9509,17733,35980,65535)  #25458CFF  srgba(37,69,140,1)
10,2: (9766,58339,65021,65535)  #26E3FDFF  srgba(38,227,253,1)
11,2: (10280,11308,15934,65535)  #282C3EFF  srgba(40,44,62,1)
12,2: (10280,20560,37522,65535)  #285092FF  srgba(40,80,146,1)
13,2: (12336,24672,41377,65535)  #3060A1FF  srgba(48,96,161,1)
14,2: (12593,48830,65021,65535)  #31BEFDFF  srgba(49,190,253,1)
15,2: (12850,26985,49858,65535)  #3269C2FF  srgba(50,105,194,1)
0,3: (13107,35209,64507,65535)  #3389FBFF  srgba(51,137,251,1)
1,3: (13107,38807,65278,65535)  #3397FEFF  srgba(51,151,254,1)
2,3: (13621,31354,58082,65535)  #357AE2FF  srgba(53,122,226,1)
3,3: (13878,42405,65021,65535)  #36A5FDFF  srgba(54,165,253,1)
4,3: (15677,30583,52685,65535)  #3D77CDFF  srgba(61,119,205,1)
5,3: (16191,22616,34181,65535)  #3F5885FF  srgba(63,88,133,1)
6,3: (16705,25957,40863,65535)  #41659FFF  srgba(65,101,159,1)
7,3: (16705,35980,63993,65535)  #418CF9FF  srgba(65,140,249,1)
8,3: (16705,61937,65021,65535)  #41F1FDFF  srgba(65,241,253,1)
9,3: (16962,33410,57054,65535)  #4282DEFF  srgba(66,130,222,1)
10,3: (16962,39064,65278,65535)  #4298FEFF  srgba(66,152,254,1)
11,3: (17219,28013,48316,65535)  #436DBCFF  srgba(67,109,188,1)
12,3: (19532,31097,50886,65535)  #4C79C6FF  srgba(76,121,198,1)
13,3: (19532,41634,65278,65535)  #4CA2FEFF  srgba(76,162,254,1)
14,3: (19789,25957,35980,65535)  #4D658CFF  srgba(77,101,140,1)
15,3: (19789,27756,42662,65535)  #4D6CA6FF  srgba(77,108,166,1)
0,4: (19789,36494,62708,65535)  #4D8EF4FF  srgba(77,142,244,1)
1,4: (21074,33924,54741,65535)  #5284D5FF  srgba(82,132,213,1)
2,4: (21331,16962,14649,65535)  #534239FF  srgba(83,66,57,1)
3,4: (21588,51400,65021,65535)  #54C8FDFF  srgba(84,200,253,1)
4,4: (21588,63993,65021,65535)  #54F9FDFF  srgba(84,249,253,1)
5,4: (21845,39321,64764,65535)  #5599FCFF  srgba(85,153,252,1)
6,4: (22102,24158,26471,65535)  #565E67FF  srgba(86,94,103,1)
7,4: (22359,65021,65278,65535)  #57FDFEFF  srgba(87,253,254,1)
8,4: (22873,42405,65278,65535)  #59A5FEFF  srgba(89,165,254,1)
9,4: (23130,31354,48059,65535)  #5A7ABBFF  srgba(90,122,187,1)
10,4: (23130,36751,57054,65535)  #5A8FDEFF  srgba(90,143,222,1)
11,4: (23644,23130,19789,65535)  #5C5A4DFF  srgba(92,90,77,1)
12,4: (24415,25186,32896,65535)  #5F6280FF  srgba(95,98,128,1)
13,4: (24415,29041,39321,65535)  #5F7199FF  srgba(95,113,153,1)
14,4: (24929,27756,35209,65535)  #616C89FF  srgba(97,108,137,1)
15,4: (24929,34438,52171,65535)  #6186CBFF  srgba(97,134,203,1)
0,5: (26471,31097,40606,65535)  #67799EFF  srgba(103,121,158,1)
1,5: (26728,39835,62965,65535)  #689BF5FF  srgba(104,155,245,1)
2,5: (26985,37265,54998,65535)  #6991D6FF  srgba(105,145,214,1)
3,5: (27242,64764,65278,65535)  #6AFCFEFF  srgba(106,252,254,1)
4,5: (27499,33924,46517,65535)  #6B84B5FF  srgba(107,132,181,1)
5,5: (27499,41634,64507,65535)  #6BA2FBFF  srgba(107,162,251,1)
6,5: (28013,42919,64764,65535)  #6DA7FCFF  srgba(109,167,252,1)
7,5: (28527,63479,65021,65535)  #6FF7FDFF  srgba(111,247,253,1)
8,5: (28784,29041,31611,65535)  #70717BFF  srgba(112,113,123,1)
9,5: (29041,53970,65021,65535)  #71D2FDFF  srgba(113,210,253,1)
10,5: (29298,46260,65278,65535)  #72B4FEFF  srgba(114,180,254,1)
11,5: (29298,65021,65278,65535)  #72FDFEFF  srgba(114,253,254,1)
12,5: (29812,37008,50372,65535)  #7490C4FF  srgba(116,144,196,1)
13,5: (30326,39835,56026,65535)  #769BDAFF  srgba(118,155,218,1)
14,5: (30583,23130,18247,65535)  #775A47FF  srgba(119,90,71,1)
15,5: (31097,25186,19275,65535)  #79624BFF  srgba(121,98,75,1)
0,6: (31611,31097,32125,65535)  #7B797DFF  srgba(123,121,125,1)
1,6: (31611,34695,40606,65535)  #7B879EFF  srgba(123,135,158,1)
2,6: (32639,19275,4112,65535)  #7F4B10FF  srgba(127,75,16,1)
3,6: (32896,21845,6939,65535)  #80551BFF  srgba(128,85,27,1)
4,6: (32896,29298,26214,65535)  #807266FF  srgba(128,114,102,1)
5,6: (33667,28270,22359,65535)  #836E57FF  srgba(131,110,87,1)
6,6: (33667,38293,47802,65535)  #8395BAFF  srgba(131,149,186,1)
7,6: (33667,40863,55512,65535)  #839FD8FF  srgba(131,159,216,1)
8,6: (33924,46774,64250,65535)  #84B6FAFF  srgba(132,182,250,1)
9,6: (34438,24158,11051,65535)  #865E2BFF  srgba(134,94,43,1)
10,6: (34438,27242,17733,65535)  #866A45FF  srgba(134,106,69,1)
11,6: (35466,34438,34695,65535)  #8A8687FF  srgba(138,134,135,1)
12,6: (35466,65021,65278,65535)  #8AFDFEFF  srgba(138,253,254,1)
13,6: (36751,33667,29555,65535)  #8F8373FF  srgba(143,131,115,1)
14,6: (37522,43690,55769,65535)  #92AAD9FF  srgba(146,170,217,1)
15,6: (37779,41634,51657,65535)  #93A2C9FF  srgba(147,162,201,1)
0,7: (38036,48059,63993,65535)  #94BBF9FF  srgba(148,187,249,1)
1,7: (38550,24929,7710,65535)  #96611EFF  srgba(150,97,30,1)
2,7: (38550,26728,14135,65535)  #966837FF  srgba(150,104,55,1)
3,7: (38807,51914,65021,65535)  #97CAFDFF  srgba(151,202,253,1)
4,7: (39064,38807,40092,65535)  #98979CFF  srgba(152,151,156,1)
5,7: (39064,40606,46003,65535)  #989EB3FF  srgba(152,158,179,1)
6,7: (39321,30840,25957,65535)  #997865FF  srgba(153,120,101,1)
7,7: (39578,58853,65021,65535)  #9AE5FDFF  srgba(154,229,253,1)
8,7: (40092,30583,21845,65535)  #9C7755FF  srgba(156,119,85,1)
9,7: (40863,36751,32639,65535)  #9F8F7FFF  srgba(159,143,127,1)
10,7: (41120,30069,19018,65535)  #A0754AFF  srgba(160,117,74,1)
11,7: (41120,34181,25700,65535)  #A08564FF  srgba(160,133,100,1)
12,7: (41120,45746,54227,65535)  #A0B2D3FF  srgba(160,178,211,1)
13,7: (41891,65021,65278,65535)  #A3FDFEFF  srgba(163,253,254,1)
14,7: (42405,28270,14135,65535)  #A56E37FF  srgba(165,110,55,1)
15,7: (42662,44204,49087,65535)  #A6ACBFFF  srgba(166,172,191,1)
0,8: (42919,24929,1028,65535)  #A76104FF  srgba(167,97,4,1)
1,8: (42919,25186,5911,65535)  #A76217FF  srgba(167,98,23,1)
2,8: (44461,28527,6682,65535)  #AD6F1AFF  srgba(173,111,26,1)
3,8: (44461,30840,14392,65535)  #AD7838FF  srgba(173,120,56,1)
4,8: (44718,27242,1285,65535)  #AE6A05FF  srgba(174,106,5,1)
5,8: (44975,23644,0,65535)  #AF5C00FF  srgba(175,92,0,1)
6,8: (44975,39064,33924,65535)  #AF9884FF  srgba(175,152,132,1)
7,8: (45232,19532,0,65535)  #B04C00FF  srgba(176,76,0,1)
8,8: (45746,48316,52942,65535)  #B2BCCEFF  srgba(178,188,206,1)
9,8: (46003,35209,23387,65535)  #B3895BFF  srgba(179,137,91,1)
10,8: (46003,37522,28527,65535)  #B3926FFF  srgba(179,146,111,1)
11,8: (46003,41634,37265,65535)  #B3A291FF  srgba(179,162,145,1)
12,8: (46260,22359,0,65535)  #B45700FF  srgba(180,87,0,1)
13,8: (46260,45746,47288,65535)  #B4B2B8FF  srgba(180,178,184,1)
14,8: (46517,30583,7710,65535)  #B5771EFF  srgba(181,119,30,1)
15,8: (47031,44204,40606,65535)  #B7AC9EFF  srgba(183,172,158,1)
0,9: (47288,21074,0,65535)  #B85200FF  srgba(184,82,0,1)
1,9: (47288,21331,0,65535)  #B85300FF  srgba(184,83,0,1)
2,9: (47545,33924,15420,65535)  #B9843CFF  srgba(185,132,60,1)
3,9: (47802,26728,0,65535)  #BA6800FF  srgba(186,104,0,1)
4,9: (47802,57311,64764,65535)  #BADFFCFF  srgba(186,223,252,1)
5,9: (48316,21074,771,65535)  #BC5203FF  srgba(188,82,3,1)
6,9: (48573,22616,0,65535)  #BD5800FF  srgba(189,88,0,1)
7,9: (48573,65021,65278,65535)  #BDFDFEFF  srgba(189,253,254,1)
8,9: (48830,23130,771,65535)  #BE5A03FF  srgba(190,90,3,1)
9,9: (49087,24158,0,65535)  #BF5E00FF  srgba(191,94,0,1)
10,9: (49858,30326,1542,65535)  #C27606FF  srgba(194,118,6,1)
11,9: (50372,31354,5140,65535)  #C47A14FF  srgba(196,122,20,1)
12,9: (51400,46517,42405,65535)  #C8B5A5FF  srgba(200,181,165,1)
13,9: (51657,33410,7967,65535)  #C9821FFF  srgba(201,130,31,1)
14,9: (51914,27499,0,65535)  #CA6B00FF  srgba(202,107,0,1)
15,9: (51914,38036,20817,65535)  #CA9451FF  srgba(202,148,81,1)
0,10: (52171,49858,49344,65535)  #CBC2C0FF  srgba(203,194,192,1)
1,10: (52428,41634,30069,65535)  #CCA275FF  srgba(204,162,117,1)
2,10: (52685,26985,0,65535)  #CD6900FF  srgba(205,105,0,1)
3,10: (52942,23644,0,65535)  #CE5C00FF  srgba(206,92,0,1)
4,10: (53456,30326,0,65535)  #D07600FF  srgba(208,118,0,1)
5,10: (53456,45489,37265,65535)  #D0B191FF  srgba(208,177,145,1)
6,10: (53713,24672,514,65535)  #D16002FF  srgba(209,96,2,1)
7,10: (53713,27499,514,65535)  #D16B02FF  srgba(209,107,2,1)
8,10: (53713,37265,14392,65535)  #D19138FF  srgba(209,145,56,1)
9,10: (53970,35209,8481,65535)  #D28921FF  srgba(210,137,33,1)
10,10: (54227,30583,0,65535)  #D37700FF  srgba(211,119,0,1)
11,10: (54484,33410,2827,65535)  #D4820BFF  srgba(212,130,11,1)
12,10: (54741,40863,22102,65535)  #D59F56FF  srgba(213,159,86,1)
13,10: (54998,30840,771,65535)  #D67803FF  srgba(214,120,3,1)
14,10: (54998,59624,64507,65535)  #D6E8FBFF  srgba(214,232,251,1)
15,10: (55255,36751,10023,65535)  #D78F27FF  srgba(215,143,39,1)
0,11: (55512,49601,41891,65535)  #D8C1A3FF  srgba(216,193,163,1)
1,11: (56026,54741,53713,65535)  #DAD5D1FF  srgba(218,213,209,1)
2,11: (56283,65021,65278,65535)  #DBFDFEFF  srgba(219,253,254,1)
3,11: (56797,45489,31611,65535)  #DDB17BFF  srgba(221,177,123,1)
4,11: (57311,26985,0,65535)  #DF6900FF  srgba(223,105,0,1)
5,11: (57568,21331,0,65535)  #E05300FF  srgba(224,83,0,1)
6,11: (57568,21588,0,65535)  #E05400FF  srgba(224,84,0,1)
7,11: (57568,22616,0,65535)  #E05800FF  srgba(224,88,0,1)
8,11: (57568,33410,0,65535)  #E08200FF  srgba(224,130,0,1)
9,11: (57825,35209,1799,65535)  #E18907FF  srgba(225,137,7,1)
10,11: (57825,40863,15934,65535)  #E19F3EFF  srgba(225,159,62,1)
11,11: (57825,43176,21845,65535)  #E1A855FF  srgba(225,168,85,1)
12,11: (58082,30583,0,65535)  #E27700FF  srgba(226,119,0,1)
13,11: (58082,38807,8995,65535)  #E29723FF  srgba(226,151,35,1)
14,11: (58339,23901,0,65535)  #E35D00FF  srgba(227,93,0,1)
15,11: (58339,30840,0,65535)  #E37800FF  srgba(227,120,0,1)
0,12: (58339,36751,4112,65535)  #E38F10FF  srgba(227,143,16,1)
1,12: (58596,23901,0,65535)  #E45D00FF  srgba(228,93,0,1)
2,12: (59367,27499,0,65535)  #E76B00FF  srgba(231,107,0,1)
3,12: (60909,23130,514,65535)  #ED5A02FF  srgba(237,90,2,1)
4,12: (61166,26728,0,65535)  #EE6800FF  srgba(238,104,0,1)
5,12: (61166,30583,0,65535)  #EE7700FF  srgba(238,119,0,1)
6,12: (61423,22616,0,65535)  #EF5800FF  srgba(239,88,0,1)
7,12: (61423,30326,0,65535)  #EF7600FF  srgba(239,118,0,1)
8,12: (61423,33924,0,65535)  #EF8400FF  srgba(239,132,0,1)
9,12: (61680,23130,0,65535)  #F05A00FF  srgba(240,90,0,1)
10,12: (62194,43176,17219,65535)  #F2A843FF  srgba(242,168,67,1)
11,12: (62451,27499,514,65535)  #F36B02FF  srgba(243,107,2,1)
12,12: (62451,37522,1285,65535)  #F39205FF  srgba(243,146,5,1)
13,12: (62451,41634,11565,65535)  #F3A22DFF  srgba(243,162,45,1)
14,12: (62708,48316,29041,65535)  #F4BC71FF  srgba(244,188,113,1)
15,12: (62965,39835,6168,65535)  #F59B18FF  srgba(245,155,24,1)
0,13: (62965,53199,42662,65535)  #F5CFA6FF  srgba(245,207,166,1)
1,13: (63222,30583,514,65535)  #F67702FF  srgba(246,119,2,1)
2,13: (63222,51400,34952,65535)  #F6C888FF  srgba(246,200,136,1)
3,13: (63479,45232,19275,65535)  #F7B04BFF  srgba(247,176,75,1)
4,13: (63993,27242,0,65535)  #F96A00FF  srgba(249,106,0,1)
5,13: (63993,27499,0,65535)  #F96B00FF  srgba(249,107,0,1)
6,13: (63993,34181,0,65535)  #F98500FF  srgba(249,133,0,1)
7,13: (63993,48059,23901,65535)  #F9BB5DFF  srgba(249,187,93,1)
8,13: (63993,57825,48830,65535)  #F9E1BEFF  srgba(249,225,190,1)
9,13: (63993,63736,61680,65535)  #F9F8F0FF  srgba(249,248,240,1)
10,13: (63993,65021,62708,65535)  #F9FDF4FF  srgba(249,253,244,1)
11,13: (64250,31611,0,65535)  #FA7B00FF  srgba(250,123,0,1)
12,13: (64507,29812,0,65535)  #FB7400FF  srgba(251,116,0,1)
13,13: (64764,44204,12079,65535)  #FCAC2FFF  srgba(252,172,47,1)
14,13: (64764,48059,20046,65535)  #FCBB4EFF  srgba(252,187,78,1)
15,13: (64764,65278,63993,65535)  #FCFEF9FF  srgba(252,254,249,1)
0,14: (65021,31097,0,65535)  #FD7900FF  srgba(253,121,0,1)
1,14: (65021,37522,257,65535)  #FD9201FF  srgba(253,146,1,1)
2,14: (65021,42662,771,65535)  #FDA603FF  srgba(253,166,3,1)
3,14: (65021,43176,6939,65535)  #FDA81BFF  srgba(253,168,27,1)
4,14: (65021,52428,8481,65535)  #FDCC21FF  srgba(253,204,33,1)
5,14: (65021,52942,15420,65535)  #FDCE3CFF  srgba(253,206,60,1)
6,14: (65021,53713,1799,65535)  #FDD107FF  srgba(253,209,7,1)
7,14: (65021,55255,22102,65535)  #FDD756FF  srgba(253,215,86,1)
8,14: (65021,55255,29555,65535)  #FDD773FF  srgba(253,215,115,1)
9,14: (65021,57825,37008,65535)  #FDE190FF  srgba(253,225,144,1)
10,14: (65021,62708,9252,65535)  #FDF424FF  srgba(253,244,36,1)
11,14: (65021,62708,22616,65535)  #FDF458FF  srgba(253,244,88,1)
12,14: (65021,63479,31354,65535)  #FDF77AFF  srgba(253,247,122,1)
13,14: (65021,63479,37522,65535)  #FDF792FF  srgba(253,247,146,1)
14,14: (65021,63479,48316,65535)  #FDF7BCFF  srgba(253,247,188,1)
15,14: (65021,64250,54741,65535)  #FDFAD5FF  srgba(253,250,213,1)
0,15: (65021,65021,29041,65535)  #FDFD71FF  srgba(253,253,113,1)
1,15: (65021,65535,61680,65535)  #FDFFF0FF  srgba(253,255,240,1)
2,15: (65278,34438,0,65535)  #FE8600FF  srgba(254,134,0,1)
3,15: (65278,37779,0,65535)  #FE9300FF  srgba(254,147,0,1)
4,15: (65278,40349,771,65535)  #FE9D03FF  srgba(254,157,3,1)
5,15: (65278,45232,1285,65535)  #FEB005FF  srgba(254,176,5,1)
6,15: (65278,47288,8224,65535)  #FEB820FF  srgba(254,184,32,1)
7,15: (65278,47545,1542,65535)  #FEB906FF  srgba(254,185,6,1)
8,15: (65278,47545,14906,65535)  #FEB93AFF  srgba(254,185,58,1)
9,15: (65278,63479,15934,65535)  #FEF73EFF  srgba(254,247,62,1)
10,15: (65278,65021,22873,65535)  #FEFD59FF  srgba(254,253,89,1)
11,15: (65278,65021,35980,65535)  #FEFD8CFF  srgba(254,253,140,1)
12,15: (65278,65021,42919,65535)  #FEFDA7FF  srgba(254,253,167,1)
13,15: (65278,65021,50372,65535)  #FEFDC4FF  srgba(254,253,196,1)
14,15: (65535,65535,65535,65535)  #FFFFFFFF  white
15,15: (0,65535,0,0)  #00FF0000  srgba(0,255,0,0)
