# ImageMagick pixel enumeration: 16,16,65535,srgba
0,0: (257,771,771,65535)  #010303FF  srgba(1,3,3,1)
1,0: (2313,58082,3084,65535)  #09E20CFF  srgba(9,226,12,1)
2,0: (5140,57825,4883,65535)  #14E113FF  srgba(20,225,19,1)
3,0: (6939,10023,8995,65535)  #1B2723FF  srgba(27,39,35,1)
4,0: (6939,13107,8995,65535)  #1B3323FF  srgba(27,51,35,1)
5,0: (7196,6425,8995,65535)  #1C1923FF  srgba(28,25,35,1)
6,0: (7453,20560,1799,65535)  #1D5007FF  srgba(29,80,7,1)
7,0: (7967,39578,2056,65535)  #1F9A08FF  srgba(31,154,8,1)
8,0: (8224,57311,5654,65535)  #20DF16FF  srgba(32,223,22,1)
9,0: (8481,11565,5911,65535)  #212D17FF  srgba(33,45,23,1)
10,0: (8738,51400,62965,65535)  #22C8F5FF  srgba(34,200,245,1)
11,0: (9252,51400,3598,65535)  #24C80EFF  srgba(36,200,14,1)
12,0: (9252,52942,4626,65535)  #24CE12FF  srgba(36,206,18,1)
13,0: (9766,58082,2827,65535)  #26E20BFF  srgba(38,226,11,1)
14,0: (10537,7710,64507,65535)  #291EFBFF  srgba(41,30,251,1)
15,0: (10794,4369,6168,65535)  #2A1118FF  srgba(42,17,24,1)
0,1: (10794,12850,12336,65535)  #2A3230FF  srgba(42,50,48,1)
1,1: (11051,1285,9766,65535)  #2B0526FF  srgba(43,5,38,1)
2,1: (11308,2056,64764,65535)  #2C08FCFF  srgba(44,8,252,1)
3,1: (11308,57311,6682,65535)  #2CDF1AFF  srgba(44,223,26,1)
4,1: (11565,1799,8738,65535)  #2D0722FF  srgba(45,7,34,1)
5,1: (12850,15677,47288,65535)  #323DB8FF  srgba(50,61,184,1)
6,1: (13107,12593,62965,65535)  #3331F5FF  srgba(51,49,245,1)
7,1: (13364,58596,10794,65535)  #34E42AFF  srgba(52,228,42,1)
8,1: (14649,45746,18504,65535)  #39B248FF  srgba(57,178,72,1)
9,1: (14649,58596,4883,65535)  #39E413FF  srgba(57,228,19,1)
10,1: (15163,57825,31354,65535)  #3BE17AFF  srgba(59,225,122,1)
11,1: (16705,15163,9509,65535)  #413B25FF  srgba(65,59,37,1)
12,1: (16705,17733,19275,65535)  #41454BFF  srgba(65,69,75,1)
13,1: (17219,58339,5654,65535)  #43E316FF  srgba(67,227,22,1)
14,1: (17733,1028,12850,65535)  #450432FF  srgba(69,4,50,1)
15,1: (17990,49344,49601,65535)  #46C0C1FF  srgba(70,192,193,1)
0,2: (18247,11051,5140,65535)  #472B14FF  srgba(71,43,20,1)
1,2: (18247,19789,2056,65535)  #474D08FF  srgba(71,77,8,1)
2,2: (18247,56540,3341,65535)  #47DC0DFF  srgba(71,220,13,1)
3,2: (18504,57311,59881,65535)  #48DFE9FF  srgba(72,223,233,1)
4,2: (19018,514,39064,65535)  #4A0298FF  srgba(74,2,152,1)
5,2: (19018,3084,5654,65535)  #4A0C16FF  srgba(74,12,22,1)
6,2: (19018,48316,32382,65535)  #4ABC7EFF  srgba(74,188,126,1)
7,2: (19275,57568,17990,65535)  #4BE046FF  srgba(75,224,70,1)
8,2: (19275,60395,3598,65535)  #4BEB0EFF  srgba(75,235,14,1)
9,2: (19532,41120,61680,65535)  #4CA0F0FF  srgba(76,160,240,1)
10,2: (19789,58853,4883,65535)  #4DE513FF  srgba(77,229,19,1)
11,2: (20560,32639,9252,65535)  #507F24FF  srgba(80,127,36,1)
12,2: (20817,51143,62965,65535)  #51C7F5FF  srgba(81,199,245,1)
13,2: (21074,771,8481,65535)  #520321FF  srgba(82,3,33,1)
14,2: (21074,771,9766,65535)  #520326FF  srgba(82,3,38,1)
15,2: (21074,10023,8995,65535)  #522723FF  srgba(82,39,35,1)
0,3: (21331,52428,4626,65535)  #53CC12FF  srgba(83,204,18,1)
1,3: (21588,53199,4626,65535)  #54CF12FF  srgba(84,207,18,1)
2,3: (21845,6425,8995,65535)  #551923FF  srgba(85,25,35,1)
3,3: (21845,20303,28013,65535)  #554F6DFF  srgba(85,79,109,1)
4,3: (21845,43433,2827,65535)  #55A90BFF  srgba(85,169,11,1)
5,3: (21845,51400,8995,65535)  #55C823FF  srgba(85,200,35,1)
6,3: (22359,58853,6682,65535)  #57E51AFF  srgba(87,229,26,1)
7,3: (22616,58339,5397,65535)  #58E315FF  srgba(88,227,21,1)
8,3: (23130,13107,8995,65535)  #5A3323FF  srgba(90,51,35,1)
9,3: (23644,58853,10794,65535)  #5CE52AFF  srgba(92,229,42,1)
10,3: (23901,257,22873,65535)  #5D0159FF  srgba(93,1,89,1)
11,3: (24415,44975,19018,65535)  #5FAF4AFF  srgba(95,175,74,1)
12,3: (24672,58082,31611,65535)  #60E27BFF  srgba(96,226,123,1)
13,3: (24929,58853,4626,65535)  #61E512FF  srgba(97,229,18,1)
14,3: (25186,57311,3598,65535)  #62DF0EFF  srgba(98,223,14,1)
15,3: (25186,60395,3855,65535)  #62EB0FFF  srgba(98,235,15,1)
0,4: (25443,13107,12336,65535)  #633330FF  srgba(99,51,48,1)
1,4: (25700,1799,5654,65535)  #640716FF  srgba(100,7,22,1)
2,4: (26214,57825,60652,65535)  #66E1ECFF  srgba(102,225,236,1)
3,4: (27242,18504,20303,65535)  #6A484FFF  srgba(106,72,79,1)
4,4: (27756,1285,64507,65535)  #6C05FBFF  srgba(108,5,251,1)
5,4: (28270,21588,1028,65535)  #6E5404FF  srgba(110,84,4,1)
6,4: (28270,51143,63222,65535)  #6EC7F6FF  srgba(110,199,246,1)
7,4: (28527,8738,4626,65535)  #6F2212FF  srgba(111,34,18,1)
8,4: (28527,13621,3855,65535)  #6F350FFF  srgba(111,53,15,1)
9,4: (28527,58853,4883,65535)  #6FE513FF  srgba(111,229,19,1)
10,4: (29298,514,8738,65535)  #720222FF  srgba(114,2,34,1)
11,4: (29555,53199,4112,65535)  #73CF10FF  srgba(115,207,16,1)
12,4: (29812,59367,7710,65535)  #74E71EFF  srgba(116,231,30,1)
13,4: (30069,40606,2570,65535)  #759E0AFF  srgba(117,158,10,1)
14,4: (30583,20817,34695,65535)  #775187FF  srgba(119,81,135,1)
15,4: (30583,52428,3598,65535)  #77CC0EFF  srgba(119,204,14,1)
0,5: (30840,257,9766,65535)  #780126FF  srgba(120,1,38,1)
1,5: (30840,257,40092,65535)  #78019CFF  srgba(120,1,156,1)
2,5: (30840,514,12336,65535)  #780230FF  srgba(120,2,48,1)
3,5: (30840,54998,3598,65535)  #78D60EFF  srgba(120,214,14,1)
4,5: (30840,60138,3598,65535)  #78EA0EFF  srgba(120,234,14,1)
5,5: (31097,44718,30583,65535)  #79AE77FF  srgba(121,174,119,1)
6,5: (31097,47288,19532,65535)  #79B84CFF  srgba(121,184,76,1)
7,5: (31097,48830,44718,65535)  #79BEAEFF  srgba(121,190,174,1)
8,5: (31354,57825,3598,65535)  #7AE10EFF  srgba(122,225,14,1)
9,5: (31354,58339,4883,65535)  #7AE313FF  srgba(122,227,19,1)
10,5: (31611,2056,5140,65535)  #7B0814FF  srgba(123,8,20,1)
11,5: (31611,51914,3598,65535)  #7BCA0EFF  srgba(123,202,14,1)
12,5: (32125,58082,19275,65535)  #7DE24BFF  srgba(125,226,75,1)
13,5: (32639,49601,62965,65535)  #7FC1F5FF  srgba(127,193,245,1)
14,5: (33924,58596,4883,65535)  #84E413FF  srgba(132,228,19,1)
15,5: (34181,7453,63479,65535)  #851DF7FF  srgba(133,29,247,1)
0,6: (34181,56797,60395,65535)  #85DDEBFF  srgba(133,221,235,1)
1,6: (34695,59881,8224,65535)  #87E920FF  srgba(135,233,32,1)
2,6: (35209,55769,3341,65535)  #89D90DFF  srgba(137,217,13,1)
3,6: (35466,33924,62451,65535)  #8A84F3FF  srgba(138,132,243,1)
4,6: (36494,771,8738,65535)  #8E0322FF  srgba(142,3,34,1)
5,6: (36751,59624,30583,65535)  #8FE877FF  srgba(143,232,119,1)
6,6: (37008,1542,4369,65535)  #900611FF  srgba(144,6,17,1)
7,6: (37008,59881,40349,65535)  #90E99DFF  srgba(144,233,157,1)
8,6: (37008,60138,3084,65535)  #90EA0CFF  srgba(144,234,12,1)
9,6: (37265,11051,4369,65535)  #912B11FF  srgba(145,43,17,1)
10,6: (37522,257,12336,65535)  #920130FF  srgba(146,1,48,1)
11,6: (38550,37008,1799,65535)  #969007FF  srgba(150,144,7,1)
12,6: (38550,55512,3084,65535)  #96D80CFF  srgba(150,216,12,1)
13,6: (38807,514,35466,65535)  #97028AFF  srgba(151,2,138,1)
14,6: (38807,52171,3084,65535)  #97CB0CFF  srgba(151,203,12,1)
15,6: (38807,58339,4883,65535)  #97E313FF  srgba(151,227,19,1)
0,7: (39064,52942,3341,65535)  #98CE0DFF  srgba(152,206,13,1)
1,7: (39321,1028,64507,65535)  #9904FBFF  srgba(153,4,251,1)
2,7: (39578,55512,61680,65535)  #9AD8F0FF  srgba(154,216,240,1)
3,7: (40092,59881,19789,65535)  #9CE94DFF  srgba(156,233,77,1)
4,7: (40349,1028,8738,65535)  #9D0422FF  srgba(157,4,34,1)
5,7: (40349,11051,10280,65535)  #9D2B28FF  srgba(157,43,40,1)
6,7: (41120,42148,31611,65535)  #A0A47BFF  srgba(160,164,123,1)
7,7: (41120,50629,31097,65535)  #A0C579FF  srgba(160,197,121,1)
8,7: (41377,9509,7967,65535)  #A1251FFF  srgba(161,37,31,1)
9,7: (41377,10280,14392,65535)  #A12838FF  srgba(161,40,56,1)
10,7: (41891,13107,4883,65535)  #A33313FF  srgba(163,51,19,1)
11,7: (42148,21588,12079,65535)  #A4542FFF  srgba(164,84,47,1)
12,7: (42148,52171,61166,65535)  #A4CBEEFF  srgba(164,203,238,1)
13,7: (42148,59881,2313,65535)  #A4E909FF  srgba(164,233,9,1)
14,7: (42405,51143,2827,65535)  #A5C70BFF  srgba(165,199,11,1)
15,7: (42405,54741,2570,65535)  #A5D50AFF  srgba(165,213,10,1)
0,8: (42405,59367,8995,65535)  #A5E723FF  srgba(165,231,35,1)
1,8: (42662,25957,29555,65535)  #A66573FF  srgba(166,101,115,1)
2,8: (42662,51400,14649,65535)  #A6C839FF  srgba(166,200,57,1)
3,8: (42919,46260,61166,65535)  #A7B4EEFF  srgba(167,180,238,1)
4,8: (43176,34952,44461,65535)  #A888ADFF  srgba(168,136,173,1)
5,8: (43176,46260,42662,65535)  #A8B4A6FF  srgba(168,180,166,1)
6,8: (43176,49344,61937,65535)  #A8C0F1FF  srgba(168,192,241,1)
7,8: (43176,55769,61937,65535)  #A8D9F1FF  srgba(168,217,241,1)
8,8: (43433,11565,61937,65535)  #A92DF1FF  srgba(169,45,241,1)
9,8: (43690,41120,16448,65535)  #AAA040FF  srgba(170,160,64,1)
10,8: (43690,49601,62194,65535)  #AAC1F2FF  srgba(170,193,242,1)
11,8: (43690,56283,59624,65535)  #AADBE8FF  srgba(170,219,232,1)
12,8: (44461,257,12336,65535)  #AD0130FF  srgba(173,1,48,1)
13,8: (44718,5140,5654,65535)  #AE1416FF  srgba(174,20,22,1)
14,8: (44718,20303,48573,65535)  #AE4FBDFF  srgba(174,79,189,1)
15,8: (45489,47031,50629,65535)  #B1B7C5FF  srgba(177,183,197,1)
0,9: (46003,9252,28270,65535)  #B3246EFF  srgba(179,36,110,1)
1,9: (46003,56797,2056,65535)  #B3DD08FF  srgba(179,221,8,1)
2,9: (46517,2056,8481,65535)  #B50821FF  srgba(181,8,33,1)
3,9: (47802,52171,2056,65535)  #BACB08FF  srgba(186,203,8,1)
4,9: (48059,56026,61423,65535)  #BBDAEFFF  srgba(187,218,239,1)
5,9: (48316,771,52685,65535)  #BC03CDFF  srgba(188,3,205,1)
6,9: (48316,56283,59881,65535)  #BCDBE9FF  srgba(188,219,233,1)
7,9: (48316,58339,55769,65535)  #BCE3D9FF  srgba(188,227,217,1)
8,9: (48316,59881,20817,65535)  #BCE951FF  srgba(188,233,81,1)
9,9: (48573,56026,60395,65535)  #BDDAEBFF  srgba(189,218,235,1)
10,9: (48830,39064,2056,65535)  #BE9808FF  srgba(190,152,8,1)
11,9: (48830,52942,2056,65535)  #BECE08FF  srgba(190,206,8,1)
12,9: (49858,49087,60652,65535)  #C2BFECFF  srgba(194,191,236,1)
13,9: (49858,54741,1799,65535)  #C2D507FF  srgba(194,213,7,1)
14,9: (50115,14392,4112,65535)  #C33810FF  srgba(195,56,16,1)
15,9: (50372,60138,1542,65535)  #C4EA06FF  srgba(196,234,6,1)
0,10: (50629,61166,33153,65535)  #C5EE81FF  srgba(197,238,129,1)
1,10: (51400,51143,60652,65535)  #C8C7ECFF  srgba(200,199,236,1)
2,10: (51657,0,64764,65535)  #C900FCFF  srgba(201,0,252,1)
3,10: (51657,9509,47031,65535)  #C925B7FF  srgba(201,37,183,1)
4,10: (51914,3084,64507,65535)  #CA0CFBFF  srgba(202,12,251,1)
5,10: (51914,12850,64250,65535)  #CA32FAFF  srgba(202,50,250,1)
6,10: (51914,31354,62708,65535)  #CA7AF4FF  srgba(202,122,244,1)
7,10: (52171,61423,42405,65535)  #CBEFA5FF  srgba(203,239,165,1)
8,10: (52428,1542,39578,65535)  #CC069AFF  srgba(204,6,154,1)
9,10: (53970,48830,52685,65535)  #D2BECDFF  srgba(210,190,205,1)
10,10: (54741,59624,52685,65535)  #D5E8CDFF  srgba(213,232,205,1)
11,10: (54998,55769,61423,65535)  #D6D9EFFF  srgba(214,217,239,1)
12,10: (54998,56540,60395,65535)  #D6DCEBFF  srgba(214,220,235,1)
13,10: (55255,58596,61423,65535)  #D7E4EFFF  srgba(215,228,239,1)
14,10: (55512,56283,59624,65535)  #D8DBE8FF  srgba(216,219,232,1)
15,10: (55512,58082,57825,65535)  #D8E2E1FF  srgba(216,226,225,1)
0,11: (56797,0,64250,65535)  #DD00FAFF  srgba(221,0,250,1)
1,11: (56797,14135,63736,65535)  #DD37F8FF  srgba(221,55,248,1)
2,11: (57054,20817,48059,65535)  #DE51BBFF  srgba(222,81,187,1)
3,11: (57311,0,64764,65535)  #DF00FCFF  srgba(223,0,252,1)
4,11: (57568,0,65021,65535)  #E000FDFF  srgba(224,0,253,1)
5,11: (57568,26728,64507,65535)  #E068FBFF  srgba(224,104,251,1)
6,11: (57568,44204,61423,65535)  #E0ACEFFF  srgba(224,172,239,1)
7,11: (58596,51657,59624,65535)  #E4C9E8FF  srgba(228,201,232,1)
8,11: (58853,2313,51657,65535)  #E509C9FF  srgba(229,9,201,1)
9,11: (59110,8995,46774,65535)  #E623B6FF  srgba(230,35,182,1)
10,11: (59110,49858,59624,65535)  #E6C2E8FF  srgba(230,194,232,1)
11,11: (59110,57311,55512,65535)  #E6DFD8FF  srgba(230,223,216,1)
12,11: (59110,57311,59110,65535)  #E6DFE6FF  srgba(230,223,230,1)
13,11: (59110,57825,58596,65535)  #E6E1E4FF  srgba(230,225,228,1)
14,11: (59367,55512,60138,65535)  #E7D8EAFF  srgba(231,216,234,1)
15,11: (59367,56026,58082,65535)  #E7DAE2FF  srgba(231,218,226,1)
0,12: (59367,56797,59110,65535)  #E7DDE6FF  srgba(231,221,230,1)
1,12: (59367,57825,43690,65535)  #E7E1AAFF  srgba(231,225,170,1)
2,12: (59367,58596,59624,65535)  #E7E4E8FF  srgba(231,228,232,1)
3,12: (59367,58596,60138,65535)  #E7E4EAFF  srgba(231,228,234,1)
4,12: (59367,58853,59110,65535)  #E7E5E6FF  srgba(231,229,230,1)
5,12: (59624,26471,63222,65535)  #E867F6FF  srgba(232,103,246,1)
6,12: (59624,49344,58853,65535)  #E8C0E5FF  srgba(232,192,229,1)
7,12: (59624,49344,59367,65535)  #E8C0E7FF  srgba(232,192,231,1)
8,12: (59624,49858,60138,65535)  #E8C2EAFF  srgba(232,194,234,1)
9,12: (59624,50372,59624,65535)  #E8C4E8FF  srgba(232,196,232,1)
10,12: (59624,50886,59881,65535)  #E8C6E9FF  srgba(232,198,233,1)
11,12: (59624,56283,59624,65535)  #E8DBE8FF  srgba(232,219,232,1)
12,12: (59624,57311,59367,65535)  #E8DFE7FF  srgba(232,223,231,1)
13,12: (59881,0,64764,65535)  #E900FCFF  srgba(233,0,252,1)
14,12: (59881,0,65278,65535)  #E900FEFF  srgba(233,0,254,1)
15,12: (59881,50372,60138,65535)  #E9C4EAFF  srgba(233,196,234,1)
0,13: (59881,52685,59881,65535)  #E9CDE9FF  srgba(233,205,233,1)
1,13: (59881,55512,60395,65535)  #E9D8EBFF  srgba(233,216,235,1)
2,13: (60138,49087,59367,65535)  #EABFE7FF  srgba(234,191,231,1)
3,13: (60138,49601,60395,65535)  #EAC1EBFF  srgba(234,193,235,1)
4,13: (60138,49858,59367,65535)  #EAC2E7FF  srgba(234,194,231,1)
5,13: (60138,49858,59881,65535)  #EAC2E9FF  srgba(234,194,233,1)
6,13: (60138,50629,59624,65535)  #EAC5E8FF  srgba(234,197,232,1)
7,13: (60138,50886,59881,65535)  #EAC6E9FF  srgba(234,198,233,1)
8,13: (60138,51657,60395,65535)  #EAC9EBFF  srgba(234,201,235,1)
9,13: (60138,54741,59881,65535)  #EAD5E9FF  srgba(234,213,233,1)
10,13: (60395,49858,60138,65535)  #EBC2EAFF  srgba(235,194,234,1)
11,13: (60395,50115,59624,65535)  #EBC3E8FF  srgba(235,195,232,1)
12,13: (60395,50629,59367,65535)  #EBC5E7FF  srgba(235,197,231,1)
13,13: (60395,50886,60138,65535)  #EBC6EAFF  srgba(235,198,234,1)
14,13: (60395,51400,60652,65535)  #EBC8ECFF  srgba(235,200,236,1)
15,13: (60652,7710,47802,65535)  #EC1EBAFF  srgba(236,30,186,1)
0,14: (60652,49601,59367,65535)  #ECC1E7FF  srgba(236,193,231,1)
1,14: (60652,49601,59881,65535)  #ECC1E9FF  srgba(236,193,233,1)
2,14: (60652,50115,59624,65535)  #ECC3E8FF  srgba(236,195,232,1)
3,14: (60909,49858,59624,65535)  #EDC2E8FF  srgba(237,194,232,1)
4,14: (61166,1285,53456,65535)  #EE05D0FF  srgba(238,5,208,1)
5,14: (61166,24415,41377,65535)  #EE5FA1FF  srgba(238,95,161,1)
6,14: (61166,49344,58596,65535)  #EEC0E4FF  srgba(238,192,228,1)
7,14: (61423,55255,62451,65535)  #EFD7F3FF  srgba(239,215,243,1)
8,14: (61680,0,57568,65535)  #F000E0FF  srgba(240,0,224,1)
9,14: (61680,0,64507,65535)  #F000FBFF  srgba(240,0,251,1)
10,14: (61680,21331,47545,65535)  #F053B9FF  srgba(240,83,185,1)
11,14: (61937,0,59367,65535)  #F100E7FF  srgba(241,0,231,1)
12,14: (62194,0,59881,65535)  #F200E9FF  srgba(242,0,233,1)
13,14: (62194,0,65021,65535)  #F200FDFF  srgba(242,0,253,1)
14,14: (62194,1028,59624,65535)  #F204E8FF  srgba(242,4,232,1)
15,14: (62194,7710,57054,65535)  #F21EDEFF  srgba(242,30,222,1)
0,15: (62451,30069,64507,65535)  #F375FBFF  srgba(243,117,251,1)
1,15: (62708,51914,62194,65535)  #F4CAF2FF  srgba(244,202,242,1)
2,15: (62965,7710,62965,65535)  #F51EF5FF  srgba(245,30,245,1)
3,15: (62965,24929,49601,65535)  #F561C1FF  srgba(245,97,193,1)
4,15: (63222,21074,52428,65535)  #F652CCFF  srgba(246,82,204,1)
5,15: (63222,49344,59367,65535)  #F6C0E7FF  srgba(246,192,231,1)
6,15: (63222,49858,59624,65535)  #F6C2E8FF  srgba(246,194,232,1)
7,15: (63736,38293,59881,65535)  #F895E9FF  srgba(248,149,233,1)
8,15: (63736,40092,64507,65535)  #F89CFBFF  srgba(248,156,251,1)
9,15: (63993,35466,53713,65535)  #F98AD1FF  srgba(249,138,209,1)
10,15: (64250,34695,59367,65535)  #FA87E7FF  srgba(250,135,231,1)
11,15: (64250,47545,62965,65535)  #FAB9F5FF  srgba(250,185,245,1)
12,15: (64507,42662,59624,65535)  #FBA6E8FF  srgba(251,166,232,1)
13,15: (64764,37522,56797,65535)  #FC92DDFF  srgba(252,146,221,1)
14,15: (64764,49601,59881,65535)  #FCC1E9FF  srgba(252,193,233,1)
15,15: (0,65535,0,0)  #00FF0000  srgba(0,255,0,0)
