# ImageMagick pixel enumeration: 16,16,65535,srgba
0,0: (0,0,2570,65535)  #00000AFF  srgba(0,0,10,1)
1,0: (0,257,514,65535)  #000102FF  srgba(0,1,2,1)
2,0: (0,514,0,65535)  #000200FF  srgba(0,2,0,1)
3,0: (0,514,8995,65535)  #000223FF  srgba(0,2,35,1)
4,0: (0,1542,14392,65535)  #000638FF  srgba(0,6,56,1)
5,0: (0,1542,18504,65535)  #000648FF  srgba(0,6,72,1)
6,0: (0,2056,0,65535)  #000800FF  srgba(0,8,0,1)
7,0: (0,3341,2570,65535)  #000D0AFF  srgba(0,13,10,1)
8,0: (0,4112,0,65535)  #001000FF  srgba(0,16,0,1)
9,0: (0,4883,24415,65535)  #00135FFF  srgba(0,19,95,1)
10,0: (0,9252,257,65535)  #002401FF  srgba(0,36,1,1)
11,0: (0,9766,0,65535)  #002600FF  srgba(0,38,0,1)
12,0: (0,9766,8995,65535)  #002623FF  srgba(0,38,35,1)
13,0: (0,10794,0,65535)  #002A00FF  srgba(0,42,0,1)
14,0: (0,11308,0,65535)  #002C00FF  srgba(0,44,0,1)
15,0: (0,11308,257,65535)  #002C01FF  srgba(0,44,1,1)
0,1: (0,11565,0,65535)  #002D00FF  srgba(0,45,0,1)
1,1: (0,12336,0,65535)  #003000FF  srgba(0,48,0,1)
2,1: (0,12593,2056,65535)  #003108FF  srgba(0,49,8,1)
3,1: (0,12593,22873,65535)  #003159FF  srgba(0,49,89,1)
4,1: (0,13107,0,65535)  #003300FF  srgba(0,51,0,1)
5,1: (0,13878,15677,65535)  #00363DFF  srgba(0,54,61,1)
6,1: (0,14392,0,65535)  #003800FF  srgba(0,56,0,1)
7,1: (0,14392,514,65535)  #003802FF  srgba(0,56,2,1)
8,1: (0,15420,0,65535)  #003C00FF  srgba(0,60,0,1)
9,1: (0,15420,8738,65535)  #003C22FF  srgba(0,60,34,1)
10,1: (0,18247,2056,65535)  #004708FF  srgba(0,71,8,1)
11,1: (0,19018,0,65535)  #004A00FF  srgba(0,74,0,1)
12,1: (0,19789,514,65535)  #004D02FF  srgba(0,77,2,1)
13,1: (0,22102,0,65535)  #005600FF  srgba(0,86,0,1)
14,1: (0,26214,0,65535)  #006600FF  srgba(0,102,0,1)
15,1: (0,26214,0,65535)  #006600FF  srgba(0,102,0,1)
0,2: (0,27242,514,65535)  #006A02FF  srgba(0,106,2,1)
1,2: (0,29812,0,65535)  #007400FF  srgba(0,116,0,1)
2,2: (0,29812,1028,65535)  #007404FF  srgba(0,116,4,1)
3,2: (0,30326,0,65535)  #007600FF  srgba(0,118,0,1)
4,2: (0,30583,0,65535)  #007700FF  srgba(0,119,0,1)
5,2: (0,32125,3341,65535)  #007D0DFF  srgba(0,125,13,1)
6,2: (0,32639,0,65535)  #007F00FF  srgba(0,127,0,1)
7,2: (0,34438,514,65535)  #008602FF  srgba(0,134,2,1)
8,2: (0,35209,8995,65535)  #008923FF  srgba(0,137,35,1)
9,2: (0,35466,0,65535)  #008A00FF  srgba(0,138,0,1)
10,2: (0,35723,0,65535)  #008B00FF  srgba(0,139,0,1)
11,2: (0,39064,16191,65535)  #00983FFF  srgba(0,152,63,1)
12,2: (0,39835,0,65535)  #009B00FF  srgba(0,155,0,1)
13,2: (0,40349,0,65535)  #009D00FF  srgba(0,157,0,1)
14,2: (0,40606,1028,65535)  #009E04FF  srgba(0,158,4,1)
15,2: (0,43433,0,65535)  #00A900FF  srgba(0,169,0,1)
0,3: (0,46517,514,65535)  #00B502FF  srgba(0,181,2,1)
1,3: (0,48573,0,65535)  #00BD00FF  srgba(0,189,0,1)
2,3: (0,51143,0,65535)  #00C700FF  srgba(0,199,0,1)
3,3: (0,51143,257,65535)  #00C701FF  srgba(0,199,1,1)
4,3: (0,52171,1028,65535)  #00CB04FF  srgba(0,203,4,1)
5,3: (0,52428,3855,65535)  #00CC0FFF  srgba(0,204,15,1)
6,3: (0,52685,11565,65535)  #00CD2DFF  srgba(0,205,45,1)
7,3: (0,53199,0,65535)  #00CF00FF  srgba(0,207,0,1)
8,3: (0,53713,257,65535)  #00D101FF  srgba(0,209,1,1)
9,3: (0,53713,514,65535)  #00D102FF  srgba(0,209,2,1)
10,3: (0,54484,0,65535)  #00D400FF  srgba(0,212,0,1)
11,3: (0,55769,0,65535)  #00D900FF  srgba(0,217,0,1)
12,3: (0,55769,0,65535)  #00D900FF  srgba(0,217,0,1)
13,3: (0,55769,0,65535)  #00D900FF  srgba(0,217,0,1)
14,3: (0,56283,1542,65535)  #00DB06FF  srgba(0,219,6,1)
15,3: (257,11051,0,65535)  #012B00FF  srgba(1,43,0,1)
0,4: (257,12336,0,65535)  #013000FF  srgba(1,48,0,1)
1,4: (257,12336,514,65535)  #013002FF  srgba(1,48,2,1)
2,4: (257,55769,0,65535)  #01D900FF  srgba(1,217,0,1)
3,4: (514,10023,0,65535)  #022700FF  srgba(2,39,0,1)
4,4: (514,55255,771,65535)  #02D703FF  srgba(2,215,3,1)
5,4: (514,55769,514,65535)  #02D902FF  srgba(2,217,2,1)
6,4: (771,54998,0,65535)  #03D600FF  srgba(3,214,0,1)
7,4: (1028,10280,0,65535)  #042800FF  srgba(4,40,0,1)
8,4: (1028,26985,771,65535)  #046903FF  srgba(4,105,3,1)
9,4: (1028,27499,0,65535)  #046B00FF  srgba(4,107,0,1)
10,4: (1028,32639,1028,65535)  #047F04FF  srgba(4,127,4,1)
11,4: (1028,50886,257,65535)  #04C601FF  srgba(4,198,1,1)
12,4: (1285,10537,0,65535)  #052900FF  srgba(5,41,0,1)
13,4: (1285,11308,0,65535)  #052C00FF  srgba(5,44,0,1)
14,4: (1285,13878,0,65535)  #053600FF  srgba(5,54,0,1)
15,4: (1285,17733,1028,65535)  #054504FF  srgba(5,69,4,1)
0,5: (1285,33667,0,65535)  #058300FF  srgba(5,131,0,1)
1,5: (1285,37008,771,65535)  #059003FF  srgba(5,144,3,1)
2,5: (1285,38293,0,65535)  #059500FF  srgba(5,149,0,1)
3,5: (1285,50115,771,65535)  #05C303FF  srgba(5,195,3,1)
4,5: (1285,52428,0,65535)  #05CC00FF  srgba(5,204,0,1)
5,5: (1285,53199,8481,65535)  #05CF21FF  srgba(5,207,33,1)
6,5: (1542,8738,0,65535)  #062200FF  srgba(6,34,0,1)
7,5: (1542,10023,0,65535)  #062700FF  srgba(6,39,0,1)
8,5: (1542,11308,0,65535)  #062C00FF  srgba(6,44,0,1)
9,5: (1542,12079,0,65535)  #062F00FF  srgba(6,47,0,1)
10,5: (1542,29812,1542,65535)  #067406FF  srgba(6,116,6,1)
11,5: (1542,42405,1028,65535)  #06A504FF  srgba(6,165,4,1)
12,5: (1542,42919,0,65535)  #06A700FF  srgba(6,167,0,1)
13,5: (1542,47802,0,65535)  #06BA00FF  srgba(6,186,0,1)
14,5: (1542,50115,1285,65535)  #06C305FF  srgba(6,195,5,1)
15,5: (1542,52685,17476,65535)  #06CD44FF  srgba(6,205,68,1)
0,6: (1799,1028,14906,65535)  #07043AFF  srgba(7,4,58,1)
1,6: (1799,6168,0,65535)  #071800FF  srgba(7,24,0,1)
2,6: (1799,6168,5911,65535)  #071817FF  srgba(7,24,23,1)
3,6: (1799,7453,1028,65535)  #071D04FF  srgba(7,29,4,1)
4,6: (1799,10794,0,65535)  #072A00FF  srgba(7,42,0,1)
5,6: (1799,10794,514,65535)  #072A02FF  srgba(7,42,2,1)
6,6: (1799,11565,14906,65535)  #072D3AFF  srgba(7,45,58,1)
7,6: (1799,12336,771,65535)  #073003FF  srgba(7,48,3,1)
8,6: (1799,12593,26214,65535)  #073166FF  srgba(7,49,102,1)
9,6: (1799,13621,514,65535)  #073502FF  srgba(7,53,2,1)
10,6: (1799,14906,0,65535)  #073A00FF  srgba(7,58,0,1)
11,6: (1799,18247,3598,65535)  #07470EFF  srgba(7,71,14,1)
12,6: (1799,29812,2313,65535)  #077409FF  srgba(7,116,9,1)
13,6: (1799,33924,6425,65535)  #078419FF  srgba(7,132,25,1)
14,6: (1799,36237,15163,65535)  #078D3BFF  srgba(7,141,59,1)
15,6: (1799,39578,1542,65535)  #079A06FF  srgba(7,154,6,1)
0,7: (1799,49858,2570,65535)  #07C20AFF  srgba(7,194,10,1)
1,7: (2056,1542,257,65535)  #080601FF  srgba(8,6,1,1)
2,7: (2056,11822,257,65535)  #082E01FF  srgba(8,46,1,1)
3,7: (2056,12336,0,65535)  #083000FF  srgba(8,48,0,1)
4,7: (2056,12593,0,65535)  #083100FF  srgba(8,49,0,1)
5,7: (2056,39578,2313,65535)  #089A09FF  srgba(8,154,9,1)
6,7: (2313,3084,24158,65535)  #090C5EFF  srgba(9,12,94,1)
7,7: (2313,34695,3084,65535)  #09870CFF  srgba(9,135,12,1)
8,7: (4883,11565,0,65535)  #132D00FF  srgba(19,45,0,1)
9,7: (5140,10023,0,65535)  #142700FF  srgba(20,39,0,1)
10,7: (5397,17990,0,65535)  #154600FF  srgba(21,70,0,1)
11,7: (5654,4369,0,65535)  #161100FF  srgba(22,17,0,1)
12,7: (5654,10537,0,65535)  #162900FF  srgba(22,41,0,1)
13,7: (5911,44204,0,65535)  #17AC00FF  srgba(23,172,0,1)
14,7: (6168,17733,2056,65535)  #184508FF  srgba(24,69,8,1)
15,7: (6168,38807,0,65535)  #189700FF  srgba(24,151,0,1)
0,8: (6168,46260,1028,65535)  #18B404FF  srgba(24,180,4,1)
1,8: (6425,8738,2056,65535)  #192208FF  srgba(25,34,8,1)
2,8: (6425,35723,1028,65535)  #198B04FF  srgba(25,139,4,1)
3,8: (6425,40863,1028,65535)  #199F04FF  srgba(25,159,4,1)
4,8: (6682,33153,0,65535)  #1A8100FF  srgba(26,129,0,1)
5,8: (6939,28784,1028,65535)  #1B7004FF  srgba(27,112,4,1)
6,8: (6939,28784,2570,65535)  #1B700AFF  srgba(27,112,10,1)
7,8: (6939,35723,2570,65535)  #1B8B0AFF  srgba(27,139,10,1)
8,8: (6939,40349,2570,65535)  #1B9D0AFF  srgba(27,157,10,1)
9,8: (6939,48830,0,65535)  #1BBE00FF  srgba(27,190,0,1)
10,8: (7196,26728,0,65535)  #1C6800FF  srgba(28,104,0,1)
11,8: (7196,46774,2570,65535)  #1CB60AFF  srgba(28,182,10,1)
12,8: (7453,2313,16705,65535)  #1D0941FF  srgba(29,9,65,1)
13,8: (7710,12593,0,65535)  #1E3100FF  srgba(30,49,0,1)
14,8: (7710,32896,4883,65535)  #1E8013FF  srgba(30,128,19,1)
15,8: (7710,33153,14135,65535)  #1E8137FF  srgba(30,129,55,1)
0,9: (7710,50886,19532,65535)  #1EC64CFF  srgba(30,198,76,1)
1,9: (7967,2056,21331,65535)  #1F0853FF  srgba(31,8,83,1)
2,9: (7967,42662,6939,65535)  #1FA61BFF  srgba(31,166,27,1)
3,9: (7967,53199,8738,65535)  #1FCF22FF  srgba(31,207,34,1)
4,9: (7967,54998,0,65535)  #1FD600FF  srgba(31,214,0,1)
5,9: (8224,12850,28527,65535)  #20326FFF  srgba(32,50,111,1)
6,9: (8224,32382,8481,65535)  #207E21FF  srgba(32,126,33,1)
7,9: (8224,32896,24929,65535)  #208061FF  srgba(32,128,97,1)
8,9: (8224,54484,771,65535)  #20D403FF  srgba(32,212,3,1)
9,9: (8481,3855,10280,65535)  #210F28FF  srgba(33,15,40,1)
10,9: (8481,11051,17476,65535)  #212B44FF  srgba(33,43,68,1)
11,9: (8995,15934,17476,65535)  #233E44FF  srgba(35,62,68,1)
12,9: (8995,51657,28270,65535)  #23C96EFF  srgba(35,201,110,1)
13,9: (8995,53456,0,65535)  #23D000FF  srgba(35,208,0,1)
14,9: (9252,11565,0,65535)  #242D00FF  srgba(36,45,0,1)
15,9: (9766,2056,25443,65535)  #260863FF  srgba(38,8,99,1)
0,10: (9766,11051,2570,65535)  #262B0AFF  srgba(38,43,10,1)
1,10: (10023,12079,2313,65535)  #272F09FF  srgba(39,47,9,1)
2,10: (10280,11565,35209,65535)  #282D89FF  srgba(40,45,137,1)
3,10: (10794,10280,0,65535)  #2A2800FF  srgba(42,40,0,1)
4,10: (10794,12850,7967,65535)  #2A321FFF  srgba(42,50,31,1)
5,10: (10794,18247,0,65535)  #2A4700FF  srgba(42,71,0,1)
6,10: (11051,2056,31097,65535)  #2B0879FF  srgba(43,8,121,1)
7,10: (11565,8481,3084,65535)  #2D210CFF  srgba(45,33,12,1)
8,10: (11822,6168,0,65535)  #2E1800FF  srgba(46,24,0,1)
9,10: (12079,9509,0,65535)  #2F2500FF  srgba(47,37,0,1)
10,10: (12336,15420,2313,65535)  #303C09FF  srgba(48,60,9,1)
11,10: (14649,54227,514,65535)  #39D302FF  srgba(57,211,2,1)
12,10: (14906,29555,514,65535)  #3A7302FF  srgba(58,115,2,1)
13,10: (14906,41891,771,65535)  #3AA303FF  srgba(58,163,3,1)
14,10: (14906,51914,257,65535)  #3ACA01FF  srgba(58,202,1,1)
15,10: (16448,12593,2827,65535)  #40310BFF  srgba(64,49,11,1)
0,11: (16448,16705,2313,65535)  #404109FF  srgba(64,65,9,1)
1,11: (16705,11051,2827,65535)  #412B0BFF  srgba(65,43,11,1)
2,11: (16705,30069,6939,65535)  #41751BFF  srgba(65,117,27,1)
3,11: (16705,38807,6425,65535)  #419719FF  srgba(65,151,25,1)
4,11: (16705,51657,23387,65535)  #41C95BFF  srgba(65,201,91,1)
5,11: (16962,7967,771,65535)  #421F03FF  srgba(66,31,3,1)
6,11: (17219,10023,2313,65535)  #432709FF  srgba(67,39,9,1)
7,11: (17990,257,30069,65535)  #460175FF  srgba(70,1,117,1)
8,11: (18247,5397,29298,65535)  #471572FF  srgba(71,21,114,1)
9,11: (18247,51657,34181,65535)  #47C985FF  srgba(71,201,133,1)
10,11: (18504,13364,28527,65535)  #48346FFF  srgba(72,52,111,1)
11,11: (18504,49858,5140,65535)  #48C214FF  srgba(72,194,20,1)
12,11: (18504,53970,4626,65535)  #48D212FF  srgba(72,210,18,1)
13,11: (18761,12593,40606,65535)  #49319EFF  srgba(73,49,158,1)
14,11: (19018,34181,21588,65535)  #4A8554FF  srgba(74,133,84,1)
15,11: (19018,35723,15163,65535)  #4A8B3BFF  srgba(74,139,59,1)
0,12: (19275,2056,36237,65535)  #4B088DFF  srgba(75,8,141,1)
1,12: (19532,13878,13107,65535)  #4C3633FF  srgba(76,54,51,1)
2,12: (19789,4369,16705,65535)  #4D1141FF  srgba(77,17,65,1)
3,12: (20046,5140,41891,65535)  #4E14A3FF  srgba(78,20,163,1)
4,12: (20046,8738,514,65535)  #4E2202FF  srgba(78,34,2,1)
5,12: (20303,10280,1285,65535)  #4F2805FF  srgba(79,40,5,1)
6,12: (20303,13878,2056,65535)  #4F3608FF  srgba(79,54,8,1)
7,12: (20303,53199,771,65535)  #4FCF03FF  srgba(79,207,3,1)
8,12: (20560,9252,10794,65535)  #50242AFF  srgba(80,36,42,1)
9,12: (20817,33924,771,65535)  #518403FF  srgba(81,132,3,1)
10,12: (21074,10794,11565,65535)  #522A2DFF  srgba(82,42,45,1)
11,12: (21074,48830,257,65535)  #52BE01FF  srgba(82,190,1,1)
12,12: (22359,9509,13878,65535)  #572536FF  srgba(87,37,54,1)
13,12: (23644,32639,39321,65535)  #5C7F99FF  srgba(92,127,153,1)
14,12: (23644,32896,7196,65535)  #5C801CFF  srgba(92,128,28,1)
15,12: (23644,33410,28784,65535)  #5C8270FF  srgba(92,130,112,1)
0,13: (23644,44975,6939,65535)  #5CAF1BFF  srgba(92,175,27,1)
1,13: (23644,52685,6682,65535)  #5CCD1AFF  srgba(92,205,26,1)
2,13: (24415,12593,1542,65535)  #5F3106FF  srgba(95,49,6,1)
3,13: (24929,8224,1285,65535)  #612005FF  srgba(97,32,5,1)
4,13: (25957,52428,14649,65535)  #65CC39FF  srgba(101,204,57,1)
5,13: (26471,37008,771,65535)  #679003FF  srgba(103,144,3,1)
6,13: (26985,10023,14906,65535)  #69273AFF  srgba(105,39,58,1)
7,13: (26985,52428,0,65535)  #69CC00FF  srgba(105,204,0,1)
8,13: (27756,49601,257,65535)  #6CC101FF  srgba(108,193,1,1)
9,13: (28270,31611,6682,65535)  #6E7B1AFF  srgba(110,123,26,1)
10,13: (28270,44975,7967,65535)  #6EAF1FFF  srgba(110,175,31,1)
11,13: (30069,52428,9509,65535)  #75CC25FF  srgba(117,204,37,1)
12,13: (30583,35209,15420,65535)  #77893CFF  srgba(119,137,60,1)
13,13: (31868,14906,41891,65535)  #7C3AA3FF  srgba(124,58,163,1)
14,13: (32896,10023,1799,65535)  #802707FF  srgba(128,39,7,1)
15,13: (33153,6425,39321,65535)  #811999FF  srgba(129,25,153,1)
0,14: (33667,33924,21588,65535)  #838454FF  srgba(131,132,84,1)
1,14: (34181,50372,21588,65535)  #85C454FF  srgba(133,196,84,1)
2,14: (34181,52171,0,65535)  #85CB00FF  srgba(133,203,0,1)
3,14: (34438,9766,19018,65535)  #86264AFF  srgba(134,38,74,1)
4,14: (34438,35466,7710,65535)  #868A1EFF  srgba(134,138,30,1)
5,14: (36494,51400,15934,65535)  #8EC83EFF  srgba(142,200,62,1)
6,14: (39578,12336,26471,65535)  #9A3067FF  srgba(154,48,103,1)
7,14: (39835,11565,20046,65535)  #9B2D4EFF  srgba(155,45,78,1)
8,14: (40092,38036,514,65535)  #9C9402FF  srgba(156,148,2,1)
9,14: (40092,48059,257,65535)  #9CBB01FF  srgba(156,187,1,1)
10,14: (41891,7710,26985,65535)  #A31E69FF  srgba(163,30,105,1)
11,14: (42405,49858,20817,65535)  #A5C251FF  srgba(165,194,81,1)
12,14: (43690,9766,30840,65535)  #AA2678FF  srgba(170,38,120,1)
13,14: (44204,32382,21074,65535)  #AC7E52FF  srgba(172,126,82,1)
14,14: (44975,9766,2570,65535)  #AF260AFF  srgba(175,38,10,1)
15,14: (46003,51914,257,65535)  #B3CA01FF  srgba(179,202,1,1)
0,15: (48573,48573,23130,65535)  #BDBD5AFF  srgba(189,189,90,1)
1,15: (48830,45746,29555,65535)  #BEB273FF  srgba(190,178,115,1)
2,15: (49601,20560,17476,65535)  #C15044FF  srgba(193,80,68,1)
3,15: (50115,30840,7710,65535)  #C3781EFF  srgba(195,120,30,1)
4,15: (50372,45746,7196,65535)  #C4B21CFF  srgba(196,178,28,1)
5,15: (51143,9252,17476,65535)  #C72444FF  srgba(199,36,68,1)
6,15: (51400,11565,30840,65535)  #C82D78FF  srgba(200,45,120,1)
7,15: (51914,6425,32125,65535)  #CA197DFF  srgba(202,25,125,1)
8,15: (54741,32125,22102,65535)  #D57D56FF  srgba(213,125,86,1)
9,15: (55255,7453,37265,65535)  #D71D91FF  srgba(215,29,145,1)
10,15: (55255,8224,2313,65535)  #D72009FF  srgba(215,32,9,1)
11,15: (55512,33153,29041,65535)  #D88171FF  srgba(216,129,113,1)
12,15: (56283,43176,257,65535)  #DBA801FF  srgba(219,168,1,1)
13,15: (57568,43947,32896,65535)  #E0AB80FF  srgba(224,171,128,1)
14,15: (59367,33153,36751,65535)  #E7818FFF  srgba(231,129,143,1)
15,15: (0,65535,0,0)  #00FF0000  srgba(0,255,0,0)
