# ImageMagick pixel enumeration: 16,16,65535,srgba
0,0: (3341,5140,5397,65535)  #0D1415FF  srgba(13,20,21,1)
1,0: (8224,771,8738,65535)  #200322FF  srgba(32,3,34,1)
2,0: (8481,15420,19018,65535)  #213C4AFF  srgba(33,60,74,1)
3,0: (18504,514,15677,65535)  #48023DFF  srgba(72,2,61,1)
4,0: (21845,20046,22359,65535)  #554E57FF  srgba(85,78,87,1)
5,0: (29298,6939,39321,65535)  #721B99FF  srgba(114,27,153,1)
6,0: (29298,32125,48059,65535)  #727DBBFF  srgba(114,125,187,1)
7,0: (30069,2827,17990,65535)  #750B46FF  srgba(117,11,70,1)
8,0: (32382,24415,31868,65535)  #7E5F7CFF  srgba(126,95,124,1)
9,0: (33410,19789,59367,65535)  #824DE7FF  srgba(130,77,231,1)
10,0: (33667,31611,61166,65535)  #837BEEFF  srgba(131,123,238,1)
11,0: (34952,43690,57054,65535)  #88AADEFF  srgba(136,170,222,1)
12,0: (35723,20560,13878,65535)  #8B5036FF  srgba(139,80,54,1)
13,0: (37779,46517,63222,65535)  #93B5F6FF  srgba(147,181,246,1)
14,0: (37779,55255,58082,65535)  #93D7E2FF  srgba(147,215,226,1)
15,0: (38036,23901,63736,65535)  #945DF8FF  srgba(148,93,248,1)
0,1: (40863,53970,64250,65535)  #9FD2FAFF  srgba(159,210,250,1)
1,1: (41634,65278,65021,65535)  #A2FEFDFF  srgba(162,254,253,1)
2,1: (41891,64764,65535,65535)  #A3FCFFFF  srgba(163,252,255,1)
3,1: (42148,32639,46260,65535)  #A47FB4FF  srgba(164,127,180,1)
4,1: (42148,49344,64764,65535)  #A4C0FCFF  srgba(164,192,252,1)
5,1: (42148,62451,63479,65535)  #A4F3F7FF  srgba(164,243,247,1)
6,1: (42405,40606,64764,65535)  #A59EFCFF  srgba(165,158,252,1)
7,1: (42405,41634,65278,65535)  #A5A2FEFF  srgba(165,162,254,1)
8,1: (42405,53199,65278,65535)  #A5CFFEFF  srgba(165,207,254,1)
9,1: (42662,30069,61423,65535)  #A675EFFF  srgba(166,117,239,1)
10,1: (42662,50372,65021,65535)  #A6C4FDFF  srgba(166,196,253,1)
11,1: (42662,62451,64764,65535)  #A6F3FCFF  srgba(166,243,252,1)
12,1: (42662,63736,65278,65535)  #A6F8FEFF  srgba(166,248,254,1)
13,1: (42662,65021,65535,65535)  #A6FDFFFF  srgba(166,253,255,1)
14,1: (42919,41377,65021,65535)  #A7A1FDFF  srgba(167,161,253,1)
15,1: (42919,60395,29812,65535)  #A7EB74FF  srgba(167,235,116,1)
0,2: (43176,43433,64250,65535)  #A8A9FAFF  srgba(168,169,250,1)
1,2: (43176,64507,64764,65535)  #A8FBFCFF  srgba(168,251,252,1)
2,2: (43433,11308,45232,65535)  #A92CB0FF  srgba(169,44,176,1)
3,2: (43433,28013,65278,65535)  #A96DFEFF  srgba(169,109,254,1)
4,2: (43433,64250,64250,65535)  #A9FAFAFF  srgba(169,250,250,1)
5,2: (43433,65021,64764,65535)  #A9FDFCFF  srgba(169,253,252,1)
6,2: (43433,65021,65021,65535)  #A9FDFDFF  srgba(169,253,253,1)
7,2: (43690,63736,65021,65535)  #AAF8FDFF  srgba(170,248,253,1)
8,2: (44204,46517,63479,65535)  #ACB5F7FF  srgba(172,181,247,1)
9,2: (44461,59110,65021,65535)  #ADE6FDFF  srgba(173,230,253,1)
10,2: (44975,9766,57568,65535)  #AF26E0FF  srgba(175,38,224,1)
11,2: (45489,13621,65278,65535)  #B135FEFF  srgba(177,53,254,1)
12,2: (45489,36494,64507,65535)  #B18EFBFF  srgba(177,142,251,1)
13,2: (45746,36751,64764,65535)  #B28FFCFF  srgba(178,143,252,1)
14,2: (45746,36751,65278,65535)  #B28FFEFF  srgba(178,143,254,1)
15,2: (47288,64250,65278,65535)  #B8FAFEFF  srgba(184,250,254,1)
0,3: (47545,36751,65278,65535)  #B98FFEFF  srgba(185,143,254,1)
1,3: (47545,59110,54484,65535)  #B9E6D4FF  srgba(185,230,212,1)
2,3: (47802,10794,64764,65535)  #BA2AFCFF  srgba(186,42,252,1)
3,3: (47802,55512,64250,65535)  #BAD8FAFF  srgba(186,216,250,1)
4,3: (48059,41377,65535,65535)  #BBA1FFFF  srgba(187,161,255,1)
5,3: (48059,44718,54484,65535)  #BBAED4FF  srgba(187,174,212,1)
6,3: (48573,12079,64250,65535)  #BD2FFAFF  srgba(189,47,250,1)
7,3: (48573,33153,64764,65535)  #BD81FCFF  srgba(189,129,252,1)
8,3: (48573,58082,65278,65535)  #BDE2FEFF  srgba(189,226,254,1)
9,3: (48830,33667,65278,65535)  #BE83FEFF  srgba(190,131,254,1)
10,3: (48830,36751,64764,65535)  #BE8FFCFF  srgba(190,143,252,1)
11,3: (49087,48830,65278,65535)  #BFBEFEFF  srgba(191,190,254,1)
12,3: (49601,65021,65021,65535)  #C1FDFDFF  srgba(193,253,253,1)
13,3: (50115,41634,65021,65535)  #C3A2FDFF  srgba(195,162,253,1)
14,3: (50372,8995,65278,65535)  #C423FEFF  srgba(196,35,254,1)
15,3: (50372,58596,65021,65535)  #C4E4FDFF  srgba(196,228,253,1)
0,4: (50629,36494,65278,65535)  #C58EFEFF  srgba(197,142,254,1)
1,4: (50629,50629,65021,65535)  #C5C5FDFF  srgba(197,197,253,1)
2,4: (50629,63993,64764,65535)  #C5F9FCFF  srgba(197,249,252,1)
3,4: (51400,54484,64764,65535)  #C8D4FCFF  srgba(200,212,252,1)
4,4: (51400,63993,65021,65535)  #C8F9FDFF  srgba(200,249,253,1)
5,4: (51914,42662,64764,65535)  #CAA6FCFF  srgba(202,166,252,1)
6,4: (52171,64250,65278,65535)  #CBFAFEFF  srgba(203,250,254,1)
7,4: (52428,24672,63736,65535)  #CC60F8FF  srgba(204,96,248,1)
8,4: (52685,34952,65278,65535)  #CD88FEFF  srgba(205,136,254,1)
9,4: (52942,15934,65278,65535)  #CE3EFEFF  srgba(206,62,254,1)
10,4: (53199,57825,29041,65535)  #CFE171FF  srgba(207,225,113,1)
11,4: (53456,31611,65278,65535)  #D07BFEFF  srgba(208,123,254,1)
12,4: (53713,57311,65278,65535)  #D1DFFEFF  srgba(209,223,254,1)
13,4: (54998,33924,64764,65535)  #D684FCFF  srgba(214,132,252,1)
14,4: (56026,7710,64764,65535)  #DA1EFCFF  srgba(218,30,252,1)
15,4: (56283,36494,64764,65535)  #DB8EFCFF  srgba(219,142,252,1)
0,5: (56797,57568,63479,65535)  #DDE0F7FF  srgba(221,224,247,1)
1,5: (57054,25186,59110,65535)  #DE62E6FF  srgba(222,98,230,1)
2,5: (57054,36237,65278,65535)  #DE8DFEFF  srgba(222,141,254,1)
3,5: (57568,13107,64764,65535)  #E033FCFF  srgba(224,51,252,1)
4,5: (57568,62194,64507,65535)  #E0F2FBFF  srgba(224,242,251,1)
5,5: (57568,64250,65278,65535)  #E0FAFEFF  srgba(224,250,254,1)
6,5: (57825,35466,63993,65535)  #E18AF9FF  srgba(225,138,249,1)
7,5: (58339,19275,61937,65535)  #E34BF1FF  srgba(227,75,241,1)
8,5: (58339,31868,61937,65535)  #E37CF1FF  srgba(227,124,241,1)
9,5: (59110,43176,64250,65535)  #E6A8FAFF  srgba(230,168,250,1)
10,5: (59110,48573,63222,65535)  #E6BDF6FF  srgba(230,189,246,1)
11,5: (59367,48573,65278,65535)  #E7BDFEFF  srgba(231,189,254,1)
12,5: (59624,34438,65278,65535)  #E886FEFF  srgba(232,134,254,1)
13,5: (59624,42662,63222,65535)  #E8A6F6FF  srgba(232,166,246,1)
14,5: (59881,29812,40092,65535)  #E9749CFF  srgba(233,116,156,1)
15,5: (60138,41120,65278,65535)  #EAA0FEFF  srgba(234,160,254,1)
0,6: (60138,52685,64250,65535)  #EACDFAFF  srgba(234,205,250,1)
1,6: (60395,57568,65278,65535)  #EBE0FEFF  srgba(235,224,254,1)
2,6: (60652,33667,64764,65535)  #EC83FCFF  srgba(236,131,252,1)
3,6: (60652,42662,60652,65535)  #ECA6ECFF  srgba(236,166,236,1)
4,6: (60652,51914,59367,65535)  #ECCAE7FF  srgba(236,202,231,1)
5,6: (60909,25186,63736,65535)  #ED62F8FF  srgba(237,98,248,1)
6,6: (60909,63736,65021,65535)  #EDF8FDFF  srgba(237,248,253,1)
7,6: (61166,14135,63993,65535)  #EE37F9FF  srgba(238,55,249,1)
8,6: (61166,63222,64764,65535)  #EEF6FCFF  srgba(238,246,252,1)
9,6: (61937,22359,65278,65535)  #F157FEFF  srgba(241,87,254,1)
10,6: (61937,41891,64764,65535)  #F1A3FCFF  srgba(241,163,252,1)
11,6: (61937,64250,65278,65535)  #F1FAFEFF  srgba(241,250,254,1)
12,6: (62194,13107,30840,65535)  #F23378FF  srgba(242,51,120,1)
13,6: (62451,21845,8738,65535)  #F35522FF  srgba(243,85,34,1)
14,6: (62708,13107,65278,65535)  #F433FEFF  srgba(244,51,254,1)
15,6: (63222,7710,65278,65535)  #F61EFEFF  srgba(246,30,254,1)
0,7: (63222,52942,64764,65535)  #F6CEFCFF  srgba(246,206,252,1)
1,7: (63479,10794,15677,65535)  #F72A3DFF  srgba(247,42,61,1)
2,7: (63479,43176,65021,65535)  #F7A8FDFF  srgba(247,168,253,1)
3,7: (63479,43947,64250,65535)  #F7ABFAFF  srgba(247,171,250,1)
4,7: (63736,11565,13621,65535)  #F82D35FF  srgba(248,45,53,1)
5,7: (63993,34181,65278,65535)  #F985FEFF  srgba(249,133,254,1)
6,7: (63993,42405,64764,65535)  #F9A5FCFF  srgba(249,165,252,1)
7,7: (63993,45489,63479,65535)  #F9B1F7FF  srgba(249,177,247,1)
8,7: (63993,48830,5140,65535)  #F9BE14FF  srgba(249,190,20,1)
9,7: (63993,49858,28270,65535)  #F9C26EFF  srgba(249,194,110,1)
10,7: (63993,52942,65021,65535)  #F9CEFDFF  srgba(249,206,253,1)
11,7: (64250,14135,62451,65535)  #FA37F3FF  srgba(250,55,243,1)
12,7: (64250,36494,64507,65535)  #FA8EFBFF  srgba(250,142,251,1)
13,7: (64250,36751,65278,65535)  #FA8FFEFF  srgba(250,143,254,1)
14,7: (64250,56797,63479,65535)  #FADDF7FF  srgba(250,221,247,1)
15,7: (64507,7710,64764,65535)  #FB1EFCFF  srgba(251,30,252,1)
0,8: (64507,10280,23387,65535)  #FB285BFF  srgba(251,40,91,1)
1,8: (64507,11565,16191,65535)  #FB2D3FFF  srgba(251,45,63,1)
2,8: (64507,12336,64250,65535)  #FB30FAFF  srgba(251,48,250,1)
3,8: (64507,12593,44204,65535)  #FB31ACFF  srgba(251,49,172,1)
4,8: (64507,14649,14392,65535)  #FB3938FF  srgba(251,57,56,1)
5,8: (64507,15677,7967,65535)  #FB3D1FFF  srgba(251,61,31,1)
6,8: (64507,17990,64507,65535)  #FB46FBFF  srgba(251,70,251,1)
7,8: (64507,21845,24672,65535)  #FB5560FF  srgba(251,85,96,1)
8,8: (64507,25957,13364,65535)  #FB6534FF  srgba(251,101,52,1)
9,8: (64507,30326,64764,65535)  #FB76FCFF  srgba(251,118,252,1)
10,8: (64507,32896,10537,65535)  #FB8029FF  srgba(251,128,41,1)
11,8: (64507,33153,3598,65535)  #FB810EFF  srgba(251,129,14,1)
12,8: (64507,33924,57311,65535)  #FB84DFFF  srgba(251,132,223,1)
13,8: (64507,34438,64250,65535)  #FB86FAFF  srgba(251,134,250,1)
14,8: (64507,34952,64764,65535)  #FB88FCFF  srgba(251,136,252,1)
15,8: (64507,51143,3084,65535)  #FBC70CFF  srgba(251,199,12,1)
0,9: (64507,51657,16705,65535)  #FBC941FF  srgba(251,201,65,1)
1,9: (64507,53713,32896,65535)  #FBD180FF  srgba(251,209,128,1)
2,9: (64507,61166,65021,65535)  #FBEEFDFF  srgba(251,238,253,1)
3,9: (64507,63736,65535,65535)  #FBF8FFFF  srgba(251,248,255,1)
4,9: (64764,42662,65535,65535)  #FCA6FFFF  srgba(252,166,255,1)
5,9: (64764,44975,64250,65535)  #FCAFFAFF  srgba(252,175,250,1)
6,9: (64764,49087,59110,65535)  #FCBFE6FF  srgba(252,191,230,1)
7,9: (64764,51143,65535,65535)  #FCC7FFFF  srgba(252,199,255,1)
8,9: (64764,54227,64507,65535)  #FCD3FBFF  srgba(252,211,251,1)
9,9: (64764,60138,65278,65535)  #FCEAFEFF  srgba(252,234,254,1)
10,9: (64764,62708,63479,65535)  #FCF4F7FF  srgba(252,244,247,1)
11,9: (64764,63222,65021,65535)  #FCF6FDFF  srgba(252,246,253,1)
12,9: (65021,6168,64507,65535)  #FD18FBFF  srgba(253,24,251,1)
13,9: (65021,6168,65278,65535)  #FD18FEFF  srgba(253,24,254,1)
14,9: (65021,6425,65021,65535)  #FD19FDFF  srgba(253,25,253,1)
15,9: (65021,10280,65278,65535)  #FD28FEFF  srgba(253,40,254,1)
0,10: (65021,11308,37522,65535)  #FD2C92FF  srgba(253,44,146,1)
1,10: (65021,11308,64507,65535)  #FD2CFBFF  srgba(253,44,251,1)
2,10: (65021,12850,60395,65535)  #FD32EBFF  srgba(253,50,235,1)
3,10: (65021,13364,13621,65535)  #FD3435FF  srgba(253,52,53,1)
4,10: (65021,14392,17476,65535)  #FD3844FF  srgba(253,56,68,1)
5,10: (65021,15163,10537,65535)  #FD3B29FF  srgba(253,59,41,1)
6,10: (65021,15420,20560,65535)  #FD3C50FF  srgba(253,60,80,1)
7,10: (65021,27499,12850,65535)  #FD6B32FF  srgba(253,107,50,1)
8,10: (65021,28527,65278,65535)  #FD6FFEFF  srgba(253,111,254,1)
9,10: (65021,29298,6682,65535)  #FD721AFF  srgba(253,114,26,1)
10,10: (65021,30069,64507,65535)  #FD75FBFF  srgba(253,117,251,1)
11,10: (65021,31868,38036,65535)  #FD7C94FF  srgba(253,124,148,1)
12,10: (65021,33410,64764,65535)  #FD82FCFF  srgba(253,130,252,1)
13,10: (65021,33410,65278,65535)  #FD82FEFF  srgba(253,130,254,1)
14,10: (65021,33667,65535,65535)  #FD83FFFF  srgba(253,131,255,1)
15,10: (65021,33924,65021,65535)  #FD84FDFF  srgba(253,132,253,1)
0,11: (65021,34695,4112,65535)  #FD8710FF  srgba(253,135,16,1)
1,11: (65021,35466,60395,65535)  #FD8AEBFF  srgba(253,138,235,1)
2,11: (65021,35466,64507,65535)  #FD8AFBFF  srgba(253,138,251,1)
3,11: (65021,35980,65021,65535)  #FD8CFDFF  srgba(253,140,253,1)
4,11: (65021,42919,2056,65535)  #FDA708FF  srgba(253,167,8,1)
5,11: (65021,43947,64764,65535)  #FDABFCFF  srgba(253,171,252,1)
6,11: (65021,48830,46517,65535)  #FDBEB5FF  srgba(253,190,181,1)
7,11: (65021,52942,64764,65535)  #FDCEFCFF  srgba(253,206,252,1)
8,11: (65021,53456,14392,65535)  #FDD038FF  srgba(253,208,56,1)
9,11: (65021,55512,32125,65535)  #FDD87DFF  srgba(253,216,125,1)
10,11: (65021,59624,2570,65535)  #FDE80AFF  srgba(253,232,10,1)
11,11: (65021,60909,64764,65535)  #FDEDFCFF  srgba(253,237,252,1)
12,11: (65021,61937,58596,65535)  #FDF1E4FF  srgba(253,241,228,1)
13,11: (65021,61937,64507,65535)  #FDF1FBFF  srgba(253,241,251,1)
14,11: (65021,62708,64764,65535)  #FDF4FCFF  srgba(253,244,252,1)
15,11: (65278,6682,64764,65535)  #FE1AFCFF  srgba(254,26,252,1)
0,12: (65278,6939,65021,65535)  #FE1BFDFF  srgba(254,27,253,1)
1,12: (65278,6939,65278,65535)  #FE1BFEFF  srgba(254,27,254,1)
2,12: (65278,7196,65278,65535)  #FE1CFEFF  srgba(254,28,254,1)
3,12: (65278,7967,65021,65535)  #FE1FFDFF  srgba(254,31,253,1)
4,12: (65278,9766,65278,65535)  #FE26FEFF  srgba(254,38,254,1)
5,12: (65278,11308,22873,65535)  #FE2C59FF  srgba(254,44,89,1)
6,12: (65278,12079,17990,65535)  #FE2F46FF  srgba(254,47,70,1)
7,12: (65278,12079,57825,65535)  #FE2FE1FF  srgba(254,47,225,1)
8,12: (65278,12850,41634,65535)  #FE32A2FF  srgba(254,50,162,1)
9,12: (65278,12850,64507,65535)  #FE32FBFF  srgba(254,50,251,1)
10,12: (65278,13107,13878,65535)  #FE3336FF  srgba(254,51,54,1)
11,12: (65278,13878,65278,65535)  #FE36FEFF  srgba(254,54,254,1)
12,12: (65278,15420,14906,65535)  #FE3C3AFF  srgba(254,60,58,1)
13,12: (65278,15934,8738,65535)  #FE3E22FF  srgba(254,62,34,1)
14,12: (65278,19018,23901,65535)  #FE4A5DFF  srgba(254,74,93,1)
15,12: (65278,21074,65278,65535)  #FE52FEFF  srgba(254,82,254,1)
0,13: (65278,22616,65021,65535)  #FE58FDFF  srgba(254,88,253,1)
1,13: (65278,23901,64764,65535)  #FE5DFCFF  srgba(254,93,252,1)
2,13: (65278,24158,5397,65535)  #FE5E15FF  srgba(254,94,21,1)
3,13: (65278,25957,10537,65535)  #FE6529FF  srgba(254,101,41,1)
4,13: (65278,26471,15677,65535)  #FE673DFF  srgba(254,103,61,1)
5,13: (65278,31611,65278,65535)  #FE7BFEFF  srgba(254,123,254,1)
6,13: (65278,33153,64507,65535)  #FE81FBFF  srgba(254,129,251,1)
7,13: (65278,33153,65021,65535)  #FE81FDFF  srgba(254,129,253,1)
8,13: (65278,33153,65278,65535)  #FE81FEFF  srgba(254,129,254,1)
9,13: (65278,33667,11822,65535)  #FE832EFF  srgba(254,131,46,1)
10,13: (65278,33667,65021,65535)  #FE83FDFF  srgba(254,131,253,1)
11,13: (65278,33924,7453,65535)  #FE841DFF  srgba(254,132,29,1)
12,13: (65278,33924,65278,65535)  #FE84FEFF  srgba(254,132,254,1)
13,13: (65278,34181,25443,65535)  #FE8563FF  srgba(254,133,99,1)
14,13: (65278,34181,64764,65535)  #FE85FCFF  srgba(254,133,252,1)
15,13: (65278,34438,5654,65535)  #FE8616FF  srgba(254,134,22,1)
0,14: (65278,34438,65278,65535)  #FE86FEFF  srgba(254,134,254,1)
1,14: (65278,34695,42662,65535)  #FE87A6FF  srgba(254,135,166,1)
2,14: (65278,34695,58596,65535)  #FE87E4FF  srgba(254,135,228,1)
3,14: (65278,35209,3341,65535)  #FE890DFF  srgba(254,137,13,1)
4,14: (65278,35209,65278,65535)  #FE89FEFF  srgba(254,137,254,1)
5,14: (65278,35466,64764,65535)  #FE8AFCFF  srgba(254,138,252,1)
6,14: (65278,35723,64507,65535)  #FE8BFBFF  srgba(254,139,251,1)
7,14: (65278,41377,65535,65535)  #FEA1FFFF  srgba(254,161,255,1)
8,14: (65278,42662,2827,65535)  #FEA60BFF  srgba(254,166,11,1)
9,14: (65278,42662,65021,65535)  #FEA6FDFF  srgba(254,166,253,1)
10,14: (65278,45489,14906,65535)  #FEB13AFF  srgba(254,177,58,1)
11,14: (65278,45746,31354,65535)  #FEB27AFF  srgba(254,178,122,1)
12,14: (65278,46260,65278,65535)  #FEB4FEFF  srgba(254,180,254,1)
13,14: (65278,50372,65021,65535)  #FEC4FDFF  srgba(254,196,253,1)
14,14: (65278,51400,65535,65535)  #FEC8FFFF  srgba(254,200,255,1)
15,14: (65278,56540,65535,65535)  #FEDCFFFF  srgba(254,220,255,1)
0,15: (65278,57054,65021,65535)  #FEDEFDFF  srgba(254,222,253,1)
1,15: (65278,58853,3341,65535)  #FEE50DFF  srgba(254,229,13,1)
2,15: (65278,60138,15163,65535)  #FEEA3BFF  srgba(254,234,59,1)
3,15: (65278,60138,65535,65535)  #FEEAFFFF  srgba(254,234,255,1)
4,15: (65278,61680,65021,65535)  #FEF0FDFF  srgba(254,240,253,1)
5,15: (65278,62194,32125,65535)  #FEF27DFF  srgba(254,242,125,1)
6,15: (65278,62708,47031,65535)  #FEF4B7FF  srgba(254,244,183,1)
7,15: (65278,62965,65535,65535)  #FEF5FFFF  srgba(254,245,255,1)
8,15: (65278,63222,65535,65535)  #FEF6FFFF  srgba(254,246,255,1)
9,15: (65278,63479,65021,65535)  #FEF7FDFF  srgba(254,247,253,1)
10,15: (65535,33410,65021,65535)  #FF82FDFF  srgba(255,130,253,1)
11,15: (65535,33924,65278,65535)  #FF84FEFF  srgba(255,132,254,1)
12,15: (65535,34695,65278,65535)  #FF87FEFF  srgba(255,135,254,1)
13,15: (65535,35466,65021,65535)  #FF8AFDFF  srgba(255,138,253,1)
14,15: (65535,62451,65278,65535)  #FFF3FEFF  srgba(255,243,254,1)
15,15: (0,65535,0,0)  #00FF0000  srgba(0,255,0,0)
