# ImageMagick pixel enumeration: 16,16,65535,srgba
0,0: (0,0,1799,65535)  #000007FF  srgba(0,0,7,1)
1,0: (0,0,2313,65535)  #000009FF  srgba(0,0,9,1)
2,0: (0,0,2827,65535)  #00000BFF  srgba(0,0,11,1)
3,0: (0,0,5397,65535)  #000015FF  srgba(0,0,21,1)
4,0: (0,0,6939,65535)  #00001BFF  srgba(0,0,27,1)
5,0: (0,0,8995,65535)  #000023FF  srgba(0,0,35,1)
6,0: (0,0,9509,65535)  #000025FF  srgba(0,0,37,1)
7,0: (0,0,9766,65535)  #000026FF  srgba(0,0,38,1)
8,0: (0,0,12593,65535)  #000031FF  srgba(0,0,49,1)
9,0: (0,0,16191,65535)  #00003FFF  srgba(0,0,63,1)
10,0: (0,0,16448,65535)  #000040FF  srgba(0,0,64,1)
11,0: (0,0,16962,65535)  #000042FF  srgba(0,0,66,1)
12,0: (0,0,18504,65535)  #000048FF  srgba(0,0,72,1)
13,0: (0,0,24415,65535)  #00005FFF  srgba(0,0,95,1)
14,0: (0,0,24929,65535)  #000061FF  srgba(0,0,97,1)
15,0: (0,0,29555,65535)  #000073FF  srgba(0,0,115,1)
0,1: (0,0,34952,65535)  #000088FF  srgba(0,0,136,1)
1,1: (0,0,44204,65535)  #0000ACFF  srgba(0,0,172,1)
2,1: (0,0,52942,65535)  #0000CEFF  srgba(0,0,206,1)
3,1: (0,0,65021,65535)  #0000FDFF  srgba(0,0,253,1)
4,1: (0,1028,62965,65535)  #0004F5FF  srgba(0,4,245,1)
5,1: (257,0,57311,65535)  #0100DFFF  srgba(1,0,223,1)
6,1: (257,15163,65535,65535)  #013BFFFF  srgba(1,59,255,1)
7,1: (257,19018,64764,65535)  #014AFCFF  srgba(1,74,252,1)
8,1: (514,0,9252,65535)  #020024FF  srgba(2,0,36,1)
9,1: (514,0,32125,65535)  #02007DFF  srgba(2,0,125,1)
10,1: (514,0,41120,65535)  #0200A0FF  srgba(2,0,160,1)
11,1: (514,0,51657,65535)  #0200C9FF  srgba(2,0,201,1)
12,1: (514,14906,63993,65535)  #023AF9FF  srgba(2,58,249,1)
13,1: (771,0,2313,65535)  #030009FF  srgba(3,0,9,1)
14,1: (1028,0,65021,65535)  #0400FDFF  srgba(4,0,253,1)
15,1: (1028,19018,16962,65535)  #044A42FF  srgba(4,74,66,1)
0,2: (1285,18247,27242,65535)  #05476AFF  srgba(5,71,106,1)
1,2: (2056,257,22102,65535)  #080156FF  srgba(8,1,86,1)
2,2: (2313,0,57311,65535)  #0900DFFF  srgba(9,0,223,1)
3,2: (2570,0,31354,65535)  #0A007AFF  srgba(10,0,122,1)
4,2: (2570,0,51914,65535)  #0A00CAFF  srgba(10,0,202,1)
5,2: (2570,23387,12850,65535)  #0A5B32FF  srgba(10,91,50,1)
6,2: (2570,24158,64250,65535)  #0A5EFAFF  srgba(10,94,250,1)
7,2: (2827,0,40863,65535)  #0B009FFF  srgba(11,0,159,1)
8,2: (2827,0,64250,65535)  #0B00FAFF  srgba(11,0,250,1)
9,2: (2827,24929,17733,65535)  #0B6145FF  srgba(11,97,69,1)
10,2: (3084,0,63479,65535)  #0C00F7FF  srgba(12,0,247,1)
11,2: (3084,18504,11565,65535)  #0C482DFF  srgba(12,72,45,1)
12,2: (3084,25700,29812,65535)  #0C6474FF  srgba(12,100,116,1)
13,2: (3341,28527,63479,65535)  #0D6FF7FF  srgba(13,111,247,1)
14,2: (3598,18761,39835,65535)  #0E499BFF  srgba(14,73,155,1)
15,2: (3598,25700,40349,65535)  #0E649DFF  srgba(14,100,157,1)
0,3: (3855,25700,49601,65535)  #0F64C1FF  srgba(15,100,193,1)
1,3: (4112,30326,44718,65535)  #1076AEFF  srgba(16,118,174,1)
2,3: (4112,32896,63222,65535)  #1080F6FF  srgba(16,128,246,1)
3,3: (4626,15163,65278,65535)  #123BFEFF  srgba(18,59,254,1)
4,3: (4626,18247,50629,65535)  #1247C5FF  srgba(18,71,197,1)
5,3: (4883,29298,13107,65535)  #137233FF  srgba(19,114,51,1)
6,3: (5140,33153,47288,65535)  #1481B8FF  srgba(20,129,184,1)
7,3: (5397,0,54227,65535)  #1500D3FF  srgba(21,0,211,1)
8,3: (5397,257,44975,65535)  #1501AFFF  srgba(21,1,175,1)
9,3: (5397,29555,25957,65535)  #157365FF  srgba(21,115,101,1)
10,3: (5654,771,37008,65535)  #160390FF  srgba(22,3,144,1)
11,3: (5911,771,23130,65535)  #17035AFF  srgba(23,3,90,1)
12,3: (6939,15163,63993,65535)  #1B3BF9FF  srgba(27,59,249,1)
13,3: (6939,15163,65535,65535)  #1B3BFFFF  srgba(27,59,255,1)
14,3: (6939,19018,64764,65535)  #1B4AFCFF  srgba(27,74,252,1)
15,3: (7453,1285,2313,65535)  #1D0509FF  srgba(29,5,9,1)
0,4: (7710,257,64507,65535)  #1E01FBFF  srgba(30,1,251,1)
1,4: (8481,33924,24929,65535)  #218461FF  srgba(33,132,97,1)
2,4: (11565,771,52942,65535)  #2D03CEFF  srgba(45,3,206,1)
3,4: (11565,1542,38293,65535)  #2D0695FF  srgba(45,6,149,1)
4,4: (11565,1799,22873,65535)  #2D0759FF  srgba(45,7,89,1)
5,4: (12336,1285,64507,65535)  #3005FBFF  srgba(48,5,251,1)
6,4: (12850,15420,65021,65535)  #323CFDFF  srgba(50,60,253,1)
7,4: (13107,17990,19275,65535)  #33464BFF  srgba(51,70,75,1)
8,4: (13621,4112,1542,65535)  #351006FF  srgba(53,16,6,1)
9,4: (13621,16962,29041,65535)  #354271FF  srgba(53,66,113,1)
10,4: (15163,28784,63736,65535)  #3B70F8FF  srgba(59,112,248,1)
11,4: (15420,23901,64250,65535)  #3C5DFAFF  srgba(60,93,250,1)
12,4: (15420,33410,63736,65535)  #3C82F8FF  srgba(60,130,248,1)
13,4: (15934,18761,65535,65535)  #3E49FFFF  srgba(62,73,255,1)
14,4: (15934,19018,63993,65535)  #3E4AF9FF  srgba(62,74,249,1)
15,4: (16191,17733,51143,65535)  #3F45C7FF  srgba(63,69,199,1)
0,5: (16448,17733,41120,65535)  #4045A0FF  srgba(64,69,160,1)
1,5: (17476,2313,64507,65535)  #4409FBFF  srgba(68,9,251,1)
2,5: (17476,2570,38036,65535)  #440A94FF  srgba(68,10,148,1)
3,5: (17476,3855,22616,65535)  #440F58FF  srgba(68,15,88,1)
4,5: (17733,2056,53456,65535)  #4508D0FF  srgba(69,8,208,1)
5,5: (17733,30583,43947,65535)  #4577ABFF  srgba(69,119,171,1)
6,5: (18247,15163,65021,65535)  #473BFDFF  srgba(71,59,253,1)
7,5: (18247,25700,49601,65535)  #4764C1FF  srgba(71,100,193,1)
8,5: (18504,34438,44718,65535)  #4886AEFF  srgba(72,134,174,1)
9,5: (18761,5911,1799,65535)  #491707FF  srgba(73,23,7,1)
10,5: (18761,25700,40092,65535)  #49649CFF  srgba(73,100,156,1)
11,5: (19018,11565,4883,65535)  #4A2D13FF  srgba(74,45,19,1)
12,5: (19018,25443,19275,65535)  #4A634BFF  srgba(74,99,75,1)
13,5: (19789,25700,30069,65535)  #4D6475FF  srgba(77,100,117,1)
14,5: (20046,29555,25957,65535)  #4E7365FF  srgba(78,115,101,1)
15,5: (20817,34438,26728,65535)  #518668FF  srgba(81,134,104,1)
0,6: (22873,3598,64507,65535)  #590EFBFF  srgba(89,14,251,1)
1,6: (23387,19018,64764,65535)  #5B4AFCFF  srgba(91,74,252,1)
2,6: (24158,4883,25700,65535)  #5E1364FF  srgba(94,19,100,1)
3,6: (24158,10794,2570,65535)  #5E2A0AFF  srgba(94,42,10,1)
4,6: (24415,14392,65535,65535)  #5F38FFFF  srgba(95,56,255,1)
5,6: (24672,14392,63993,65535)  #6038F9FF  srgba(96,56,249,1)
6,6: (24929,30069,11822,65535)  #61752EFF  srgba(97,117,46,1)
7,6: (26214,24415,64250,65535)  #665FFAFF  srgba(102,95,250,1)
8,6: (26471,30069,63993,65535)  #6775F9FF  srgba(103,117,249,1)
9,6: (26728,3855,40349,65535)  #680F9DFF  srgba(104,15,157,1)
10,6: (26728,4112,53199,65535)  #6810CFFF  srgba(104,16,207,1)
11,6: (26728,17733,20046,65535)  #68454EFF  srgba(104,69,78,1)
12,6: (26985,16962,30069,65535)  #694275FF  srgba(105,66,117,1)
13,6: (27242,23644,10794,65535)  #6A5C2AFF  srgba(106,92,42,1)
14,6: (27499,16448,50372,65535)  #6B40C4FF  srgba(107,64,196,1)
15,6: (27499,16962,39578,65535)  #6B429AFF  srgba(107,66,154,1)
0,7: (28527,19018,64764,65535)  #6F4AFCFF  srgba(111,74,252,1)
1,7: (30326,4626,64764,65535)  #7612FCFF  srgba(118,18,252,1)
2,7: (30326,13621,63479,65535)  #7635F7FF  srgba(118,53,247,1)
3,7: (30326,13878,65278,65535)  #7636FEFF  srgba(118,54,254,1)
4,7: (31097,15163,0,65535)  #793B00FF  srgba(121,59,0,1)
5,7: (31097,15163,1028,65535)  #793B04FF  srgba(121,59,4,1)
6,7: (31354,17219,10537,65535)  #7A4329FF  srgba(122,67,41,1)
7,7: (31354,33667,64250,65535)  #7A83FAFF  srgba(122,131,250,1)
8,7: (32896,37522,64507,65535)  #8092FBFF  srgba(128,146,251,1)
9,7: (33153,29812,20817,65535)  #817451FF  srgba(129,116,81,1)
10,7: (33667,19018,64250,65535)  #834AFAFF  srgba(131,74,250,1)
11,7: (33924,29812,28527,65535)  #84746FFF  srgba(132,116,111,1)
12,7: (33924,30326,35980,65535)  #84768CFF  srgba(132,118,140,1)
13,7: (33924,33153,25700,65535)  #848164FF  srgba(132,129,100,1)
14,7: (34438,33667,41120,65535)  #8683A0FF  srgba(134,131,160,1)
15,7: (34695,25700,35980,65535)  #87648CFF  srgba(135,100,140,1)
0,8: (34695,25700,46003,65535)  #8764B3FF  srgba(135,100,179,1)
1,8: (34695,30326,46260,65535)  #8776B4FF  srgba(135,118,180,1)
2,8: (34695,38036,26214,65535)  #879466FF  srgba(135,148,102,1)
3,8: (34952,25186,19018,65535)  #88624AFF  srgba(136,98,74,1)
4,8: (34952,25186,27756,65535)  #88626CFF  srgba(136,98,108,1)
5,8: (35209,37779,40349,65535)  #89939DFF  srgba(137,147,157,1)
6,8: (36494,30069,64250,65535)  #8E75FAFF  srgba(142,117,250,1)
7,8: (36751,24415,64250,65535)  #8F5FFAFF  srgba(143,95,250,1)
8,8: (37008,19275,10023,65535)  #904B27FF  srgba(144,75,39,1)
9,8: (37522,13878,61937,65535)  #9236F1FF  srgba(146,54,241,1)
10,8: (37522,16191,30583,65535)  #923F77FF  srgba(146,63,119,1)
11,8: (37522,19532,514,65535)  #924C02FF  srgba(146,76,2,1)
12,8: (37779,12336,65278,65535)  #9330FEFF  srgba(147,48,254,1)
13,8: (37779,14135,49858,65535)  #9337C2FF  srgba(147,55,194,1)
14,8: (37779,14392,65021,65535)  #9338FDFF  srgba(147,56,253,1)
15,8: (37779,14906,39835,65535)  #933A9BFF  srgba(147,58,155,1)
0,9: (37779,16191,65278,65535)  #933FFEFF  srgba(147,63,254,1)
1,9: (37779,19275,49344,65535)  #934BC0FF  srgba(147,75,192,1)
2,9: (37779,19532,19789,65535)  #934C4DFF  srgba(147,76,77,1)
3,9: (37779,19789,0,65535)  #934D00FF  srgba(147,77,0,1)
4,9: (37779,26214,8224,65535)  #936620FF  srgba(147,102,32,1)
5,9: (38036,20046,39578,65535)  #944E9AFF  srgba(148,78,154,1)
6,9: (38036,20560,30069,65535)  #945075FF  srgba(148,80,117,1)
7,9: (38550,22873,4112,65535)  #965910FF  srgba(150,89,16,1)
8,9: (39321,19275,64250,65535)  #994BFAFF  srgba(153,75,250,1)
9,9: (39578,22102,771,65535)  #9A5603FF  srgba(154,86,3,1)
10,9: (40092,21331,257,65535)  #9C5301FF  srgba(156,83,1,1)
11,9: (40349,20303,7196,65535)  #9D4F1CFF  srgba(157,79,28,1)
12,9: (40349,21331,0,65535)  #9D5300FF  srgba(157,83,0,1)
13,9: (40606,22359,514,65535)  #9E5702FF  srgba(158,87,2,1)
14,9: (41377,22102,0,65535)  #A15600FF  srgba(161,86,0,1)
15,9: (41377,23130,771,65535)  #A15A03FF  srgba(161,90,3,1)
0,10: (42662,23130,0,65535)  #A65A00FF  srgba(166,90,0,1)
1,10: (43690,21588,6939,65535)  #AA541BFF  srgba(170,84,27,1)
2,10: (43947,21331,16448,65535)  #AB5340FF  srgba(171,83,64,1)
3,10: (44204,16962,42148,65535)  #AC42A4FF  srgba(172,66,164,1)
4,10: (44461,19018,29555,65535)  #AD4A73FF  srgba(173,74,115,1)
5,10: (44718,14649,65278,65535)  #AE39FEFF  srgba(174,57,254,1)
6,10: (44718,15163,52171,65535)  #AE3BCBFF  srgba(174,59,203,1)
7,10: (44718,24158,257,65535)  #AE5E01FF  srgba(174,94,1,1)
8,10: (44975,19275,65278,65535)  #AF4BFEFF  srgba(175,75,254,1)
9,10: (44975,21845,40606,65535)  #AF559EFF  srgba(175,85,158,1)
10,10: (44975,25186,15934,65535)  #AF623EFF  srgba(175,98,62,1)
11,10: (45232,19789,51914,65535)  #B04DCAFF  srgba(176,77,202,1)
12,10: (45489,21588,28527,65535)  #B1546FFF  srgba(177,84,111,1)
13,10: (45489,24929,7453,65535)  #B1611DFF  srgba(177,97,29,1)
14,10: (46003,15420,60652,65535)  #B33CECFF  srgba(179,60,236,1)
15,10: (46003,26985,40349,65535)  #B3699DFF  srgba(179,105,157,1)
0,11: (46260,25186,24415,65535)  #B4625FFF  srgba(180,98,95,1)
1,11: (46517,25186,31611,65535)  #B5627BFF  srgba(181,98,123,1)
2,11: (47545,31611,30840,65535)  #B97B78FF  srgba(185,123,120,1)
3,11: (47802,26985,65021,65535)  #BA69FDFF  srgba(186,105,253,1)
4,11: (48059,19018,60395,65535)  #BB4AEBFF  srgba(187,74,235,1)
5,11: (48573,26728,53456,65535)  #BD68D0FF  srgba(189,104,208,1)
6,11: (49087,31097,20560,65535)  #BF7950FF  srgba(191,121,80,1)
7,11: (49344,26728,257,65535)  #C06801FF  srgba(192,104,1,1)
8,11: (49344,38293,32639,65535)  #C0957FFF  srgba(192,149,127,1)
9,11: (49601,21074,41891,65535)  #C152A3FF  srgba(193,82,163,1)
10,11: (49858,19275,52942,65535)  #C24BCEFF  srgba(194,75,206,1)
11,11: (49858,32125,48573,65535)  #C27DBDFF  srgba(194,125,189,1)
12,11: (50115,32125,64764,65535)  #C37DFCFF  srgba(195,125,252,1)
13,11: (50372,19018,65278,65535)  #C44AFEFF  srgba(196,74,254,1)
14,11: (50372,32125,38807,65535)  #C47D97FF  srgba(196,125,151,1)
15,11: (50372,34952,62451,65535)  #C488F3FF  srgba(196,136,243,1)
0,12: (50629,37779,24158,65535)  #C5935EFF  srgba(197,147,94,1)
1,12: (51400,30326,5397,65535)  #C87615FF  srgba(200,118,21,1)
2,12: (51657,27499,5911,65535)  #C96B17FF  srgba(201,107,23,1)
3,12: (52171,29812,0,65535)  #CB7400FF  srgba(203,116,0,1)
4,12: (52428,26728,40349,65535)  #CC689DFF  srgba(204,104,157,1)
5,12: (53199,19275,60909,65535)  #CF4BEDFF  srgba(207,75,237,1)
6,12: (53199,26985,28527,65535)  #CF696FFF  srgba(207,105,111,1)
7,12: (53713,23130,10537,65535)  #D15A29FF  srgba(209,90,41,1)
8,12: (53713,27499,15677,65535)  #D16B3DFF  srgba(209,107,61,1)
9,12: (53713,34952,40863,65535)  #D1889FFF  srgba(209,136,159,1)
10,12: (54227,21331,28013,65535)  #D3536DFF  srgba(211,83,109,1)
11,12: (54227,21845,41634,65535)  #D355A2FF  srgba(211,85,162,1)
12,12: (54227,24415,29041,65535)  #D35F71FF  srgba(211,95,113,1)
13,12: (54741,21331,53199,65535)  #D553CFFF  srgba(213,83,207,1)
14,12: (54741,22873,18247,65535)  #D55947FF  srgba(213,89,71,1)
15,12: (55255,30840,2056,65535)  #D77808FF  srgba(215,120,8,1)
0,13: (55512,42148,41634,65535)  #D8A4A2FF  srgba(216,164,162,1)
1,13: (56026,37008,63222,65535)  #DA90F6FF  srgba(218,144,246,1)
2,13: (56283,19789,65278,65535)  #DB4DFEFF  srgba(219,77,254,1)
3,13: (56283,31354,30840,65535)  #DB7A78FF  srgba(219,122,120,1)
4,13: (56540,26985,65021,65535)  #DC69FDFF  srgba(220,105,253,1)
5,13: (56797,22359,61166,65535)  #DD57EEFF  srgba(221,87,238,1)
6,13: (56797,26471,53199,65535)  #DD67CFFF  srgba(221,103,207,1)
7,13: (57311,31097,19532,65535)  #DF794CFF  srgba(223,121,76,1)
8,13: (58339,27499,29298,65535)  #E36B72FF  srgba(227,107,114,1)
9,13: (58339,36751,41120,65535)  #E38FA0FF  srgba(227,143,160,1)
10,13: (58339,41377,63222,65535)  #E3A1F6FF  srgba(227,161,246,1)
11,13: (58853,23130,65278,65535)  #E55AFEFF  srgba(229,90,254,1)
12,13: (58853,32896,0,65535)  #E58000FF  srgba(229,128,0,1)
13,13: (59110,39835,41377,65535)  #E69BA1FF  srgba(230,155,161,1)
14,13: (59367,27756,40863,65535)  #E76C9FFF  srgba(231,108,159,1)
15,13: (59624,32639,2056,65535)  #E87F08FF  srgba(232,127,8,1)
0,14: (59881,32125,9252,65535)  #E97D24FF  srgba(233,125,36,1)
1,14: (59881,38550,62708,65535)  #E996F4FF  srgba(233,150,244,1)
2,14: (60138,37522,32639,65535)  #EA927FFF  srgba(234,146,127,1)
3,14: (60909,38293,40863,65535)  #ED959FFF  srgba(237,149,159,1)
4,14: (61423,31868,42919,65535)  #EF7CA7FF  srgba(239,124,167,1)
5,14: (61423,37265,22873,65535)  #EF9159FF  srgba(239,145,89,1)
6,14: (61680,35980,1285,65535)  #F08C05FF  srgba(240,140,5,1)
7,14: (62194,32125,64507,65535)  #F27DFBFF  srgba(242,125,251,1)
8,14: (62451,28270,51657,65535)  #F36EC9FF  srgba(243,110,201,1)
9,14: (62451,32639,18247,65535)  #F37F47FF  srgba(243,127,71,1)
10,14: (62965,27242,60138,65535)  #F56AEAFF  srgba(245,106,234,1)
11,14: (62965,32382,26214,65535)  #F57E66FF  srgba(245,126,102,1)
12,14: (63479,32639,32382,65535)  #F77F7EFF  srgba(247,127,126,1)
13,14: (63479,34952,61680,65535)  #F788F0FF  srgba(247,136,240,1)
14,14: (63736,27499,65021,65535)  #F86BFDFF  srgba(248,107,253,1)
15,14: (64250,34952,39578,65535)  #FA889AFF  srgba(250,136,154,1)
0,15: (64764,38036,23901,65535)  #FC945DFF  srgba(252,148,93,1)
1,15: (64764,38807,1542,65535)  #FC9706FF  srgba(252,151,6,1)
2,15: (65021,32896,39064,65535)  #FD8098FF  srgba(253,128,152,1)
3,15: (65021,37522,32639,65535)  #FD927FFF  srgba(253,146,127,1)
4,15: (65278,32125,49858,65535)  #FE7DC2FF  srgba(254,125,194,1)
5,15: (65278,32125,64250,65535)  #FE7DFAFF  srgba(254,125,250,1)
6,15: (65278,34952,61423,65535)  #FE88EFFF  srgba(254,136,239,1)
7,15: (65278,35209,39321,65535)  #FE8999FF  srgba(254,137,153,1)
8,15: (65278,36751,24672,65535)  #FE8F60FF  srgba(254,143,96,1)
9,15: (65278,36751,40092,65535)  #FE8F9CFF  srgba(254,143,156,1)
10,15: (65278,37008,62194,65535)  #FE90F2FF  srgba(254,144,242,1)
11,15: (65278,37522,32639,65535)  #FE927FFF  srgba(254,146,127,1)
12,15: (65278,38036,2570,65535)  #FE940AFF  srgba(254,148,10,1)
13,15: (65278,39835,24929,65535)  #FE9B61FF  srgba(254,155,97,1)
14,15: (65278,41891,1028,65535)  #FEA304FF  srgba(254,163,4,1)
15,15: (0,65535,0,0)  #00FF0000  srgba(0,255,0,0)
