# ImageMagick pixel enumeration: 16,16,65535,srgba
0,0: (0,0,0,65535)  #000000FF  black
1,0: (0,0,771,65535)  #000003FF  srgba(0,0,3,1)
2,0: (0,0,2313,65535)  #000009FF  srgba(0,0,9,1)
3,0: (0,0,3855,65535)  #00000FFF  srgba(0,0,15,1)
4,0: (0,0,5654,65535)  #000016FF  srgba(0,0,22,1)
5,0: (0,0,17733,65535)  #000045FF  srgba(0,0,69,1)
6,0: (0,257,3084,65535)  #00010CFF  srgba(0,1,12,1)
7,0: (0,257,5654,65535)  #000116FF  srgba(0,1,22,1)
8,0: (0,257,7196,65535)  #00011CFF  srgba(0,1,28,1)
9,0: (0,257,7710,65535)  #00011EFF  srgba(0,1,30,1)
10,0: (0,257,11051,65535)  #00012BFF  srgba(0,1,43,1)
11,0: (0,257,12336,65535)  #000130FF  srgba(0,1,48,1)
12,0: (0,257,16191,65535)  #00013FFF  srgba(0,1,63,1)
13,0: (0,514,0,65535)  #000200FF  srgba(0,2,0,1)
14,0: (0,514,0,65535)  #000200FF  srgba(0,2,0,1)
15,0: (0,514,8995,65535)  #000223FF  srgba(0,2,35,1)
0,1: (0,514,10794,65535)  #00022AFF  srgba(0,2,42,1)
1,1: (0,514,13621,65535)  #000235FF  srgba(0,2,53,1)
2,1: (0,514,14906,65535)  #00023AFF  srgba(0,2,58,1)
3,1: (0,771,15420,65535)  #00033CFF  srgba(0,3,60,1)
4,1: (0,771,20046,65535)  #00034EFF  srgba(0,3,78,1)
5,1: (0,1285,17733,65535)  #000545FF  srgba(0,5,69,1)
6,1: (0,1285,18247,65535)  #000547FF  srgba(0,5,71,1)
7,1: (0,1285,22616,65535)  #000558FF  srgba(0,5,88,1)
8,1: (0,1542,20303,65535)  #00064FFF  srgba(0,6,79,1)
9,1: (0,1799,257,65535)  #000701FF  srgba(0,7,1,1)
10,1: (0,2056,24415,65535)  #00085FFF  srgba(0,8,95,1)
11,1: (0,2313,25957,65535)  #000965FF  srgba(0,9,101,1)
12,1: (0,2570,28527,65535)  #000A6FFF  srgba(0,10,111,1)
13,1: (0,3341,0,65535)  #000D00FF  srgba(0,13,0,1)
14,1: (0,3855,3855,65535)  #000F0FFF  srgba(0,15,15,1)
15,1: (0,4112,13107,65535)  #001033FF  srgba(0,16,51,1)
0,2: (0,4369,0,65535)  #001100FF  srgba(0,17,0,1)
1,2: (0,4369,4112,65535)  #001110FF  srgba(0,17,16,1)
2,2: (0,4369,8481,65535)  #001121FF  srgba(0,17,33,1)
3,2: (0,4626,1028,65535)  #001204FF  srgba(0,18,4,1)
4,2: (0,5654,771,65535)  #001603FF  srgba(0,22,3,1)
5,2: (0,6425,0,65535)  #001900FF  srgba(0,25,0,1)
6,2: (0,6425,3855,65535)  #00190FFF  srgba(0,25,15,1)
7,2: (0,6939,13107,65535)  #001B33FF  srgba(0,27,51,1)
8,2: (0,6939,40092,65535)  #001B9CFF  srgba(0,27,156,1)
9,2: (0,8481,8481,65535)  #002121FF  srgba(0,33,33,1)
10,2: (0,9252,257,65535)  #002401FF  srgba(0,36,1,1)
11,2: (0,9252,514,65535)  #002402FF  srgba(0,36,2,1)
12,2: (0,9252,49087,65535)  #0024BFFF  srgba(0,36,191,1)
13,2: (0,9509,3598,65535)  #00250EFF  srgba(0,37,14,1)
14,2: (0,10023,1542,65535)  #002706FF  srgba(0,39,6,1)
15,2: (0,10023,2570,65535)  #00270AFF  srgba(0,39,10,1)
0,3: (0,10023,13107,65535)  #002733FF  srgba(0,39,51,1)
1,3: (0,12079,1542,65535)  #002F06FF  srgba(0,47,6,1)
2,3: (0,12079,2056,65535)  #002F08FF  srgba(0,47,8,1)
3,3: (0,14392,1542,65535)  #003806FF  srgba(0,56,6,1)
4,3: (0,16705,2827,65535)  #00410BFF  srgba(0,65,11,1)
5,3: (0,16962,34181,65535)  #004285FF  srgba(0,66,133,1)
6,3: (0,16962,39321,65535)  #004299FF  srgba(0,66,153,1)
7,3: (0,24158,39321,65535)  #005E99FF  srgba(0,94,153,1)
8,3: (0,24415,32382,65535)  #005F7EFF  srgba(0,95,126,1)
9,3: (0,24415,35723,65535)  #005F8BFF  srgba(0,95,139,1)
10,3: (0,27242,4626,65535)  #006A12FF  srgba(0,106,18,1)
11,3: (0,27756,44975,65535)  #006CAFFF  srgba(0,108,175,1)
12,3: (0,28784,42405,65535)  #0070A5FF  srgba(0,112,165,1)
13,3: (0,32639,35723,65535)  #007F8BFF  srgba(0,127,139,1)
14,3: (0,32639,39064,65535)  #007F98FF  srgba(0,127,152,1)
15,3: (0,32896,32125,65535)  #00807DFF  srgba(0,128,125,1)
0,4: (0,33410,9509,65535)  #008225FF  srgba(0,130,37,1)
1,4: (0,33410,13878,65535)  #008236FF  srgba(0,130,54,1)
2,4: (0,33667,18504,65535)  #008348FF  srgba(0,131,72,1)
3,4: (0,41377,12336,65535)  #00A130FF  srgba(0,161,48,1)
4,4: (0,41377,26471,65535)  #00A167FF  srgba(0,161,103,1)
5,4: (0,41634,18761,65535)  #00A249FF  srgba(0,162,73,1)
6,4: (0,44461,26214,65535)  #00AD66FF  srgba(0,173,102,1)
7,4: (0,49858,13107,65535)  #00C233FF  srgba(0,194,51,1)
8,4: (0,49858,18504,65535)  #00C248FF  srgba(0,194,72,1)
9,4: (257,0,2570,65535)  #01000AFF  srgba(1,0,10,1)
10,4: (257,514,7710,65535)  #01021EFF  srgba(1,2,30,1)
11,4: (257,771,10023,65535)  #010327FF  srgba(1,3,39,1)
12,4: (257,1285,14135,65535)  #010537FF  srgba(1,5,55,1)
13,4: (257,1542,17476,65535)  #010644FF  srgba(1,6,68,1)
14,4: (257,3855,17219,65535)  #010F43FF  srgba(1,15,67,1)
15,4: (257,6168,18504,65535)  #011848FF  srgba(1,24,72,1)
0,5: (257,6168,33667,65535)  #011883FF  srgba(1,24,131,1)
1,5: (257,6682,44718,65535)  #011AAEFF  srgba(1,26,174,1)
2,5: (257,9509,19789,65535)  #01254DFF  srgba(1,37,77,1)
3,5: (257,9766,16962,65535)  #012642FF  srgba(1,38,66,1)
4,5: (257,13621,15934,65535)  #01353EFF  srgba(1,53,62,1)
5,5: (257,13878,2827,65535)  #01360BFF  srgba(1,54,11,1)
6,5: (257,15677,26985,65535)  #013D69FF  srgba(1,61,105,1)
7,5: (257,16962,23387,65535)  #01425BFF  srgba(1,66,91,1)
8,5: (257,17476,30326,65535)  #014476FF  srgba(1,68,118,1)
9,5: (257,21845,4112,65535)  #015510FF  srgba(1,85,16,1)
10,5: (257,26985,11051,65535)  #01692BFF  srgba(1,105,43,1)
11,5: (257,36237,23901,65535)  #018D5DFF  srgba(1,141,93,1)
12,5: (257,36237,28527,65535)  #018D6FFF  srgba(1,141,111,1)
13,5: (257,39578,32382,65535)  #019A7EFF  srgba(1,154,126,1)
14,5: (257,41634,16191,65535)  #01A23FFF  srgba(1,162,63,1)
15,5: (257,49344,25443,65535)  #01C063FF  srgba(1,192,99,1)
0,6: (257,54227,16705,65535)  #01D341FF  srgba(1,211,65,1)
1,6: (514,257,4112,65535)  #020110FF  srgba(2,1,16,1)
2,6: (514,1028,514,65535)  #020402FF  srgba(2,4,2,1)
3,6: (514,2056,22102,65535)  #020856FF  srgba(2,8,86,1)
4,6: (514,3341,26728,65535)  #020D68FF  srgba(2,13,104,1)
5,6: (514,6939,26985,65535)  #021B69FF  srgba(2,27,105,1)
6,6: (514,11308,30069,65535)  #022C75FF  srgba(2,44,117,1)
7,6: (514,11565,39064,65535)  #022D98FF  srgba(2,45,152,1)
8,6: (514,12079,23387,65535)  #022F5BFF  srgba(2,47,91,1)
9,6: (514,13621,8224,65535)  #023520FF  srgba(2,53,32,1)
10,6: (514,13878,12079,65535)  #02362FFF  srgba(2,54,47,1)
11,6: (514,13878,19532,65535)  #02364CFF  srgba(2,54,76,1)
12,6: (514,15163,44718,65535)  #023BAEFF  srgba(2,59,174,1)
13,6: (514,18247,12079,65535)  #02472FFF  srgba(2,71,47,1)
14,6: (514,18247,19532,65535)  #02474CFF  srgba(2,71,76,1)
15,6: (514,18504,15677,65535)  #02483DFF  srgba(2,72,61,1)
0,7: (514,22873,10794,65535)  #02592AFF  srgba(2,89,42,1)
1,7: (514,23130,17990,65535)  #025A46FF  srgba(2,90,70,1)
2,7: (514,23130,28013,65535)  #025A6DFF  srgba(2,90,109,1)
3,7: (514,27242,18247,65535)  #026A47FF  srgba(2,106,71,1)
4,7: (514,29555,28270,65535)  #02736EFF  srgba(2,115,110,1)
5,7: (514,39321,36751,65535)  #02998FFF  srgba(2,153,143,1)
6,7: (514,42919,32382,65535)  #02A77EFF  srgba(2,167,126,1)
7,7: (514,48059,16448,65535)  #02BB40FF  srgba(2,187,64,1)
8,7: (771,514,4369,65535)  #030211FF  srgba(3,2,17,1)
9,7: (771,1028,8995,65535)  #030423FF  srgba(3,4,35,1)
10,7: (771,3598,20303,65535)  #030E4FFF  srgba(3,14,79,1)
11,7: (771,4112,8995,65535)  #031023FF  srgba(3,16,35,1)
12,7: (771,4369,1028,65535)  #031104FF  srgba(3,17,4,1)
13,7: (771,4883,3341,65535)  #03130DFF  srgba(3,19,13,1)
14,7: (771,6425,23387,65535)  #03195BFF  srgba(3,25,91,1)
15,7: (771,8224,8481,65535)  #032021FF  srgba(3,32,33,1)
0,8: (771,8224,13107,65535)  #032033FF  srgba(3,32,51,1)
1,8: (771,9509,2827,65535)  #03250BFF  srgba(3,37,11,1)
2,8: (771,19275,4369,65535)  #034B11FF  srgba(3,75,17,1)
3,8: (771,23130,23387,65535)  #035A5BFF  srgba(3,90,91,1)
4,8: (771,29555,23644,65535)  #03735CFF  srgba(3,115,92,1)
5,8: (1028,2313,17733,65535)  #040945FF  srgba(4,9,69,1)
6,8: (1028,2313,20046,65535)  #04094EFF  srgba(4,9,78,1)
7,8: (1028,3598,23387,65535)  #040E5BFF  srgba(4,14,91,1)
8,8: (1028,3855,13878,65535)  #040F36FF  srgba(4,15,54,1)
9,8: (1028,4369,30069,65535)  #041175FF  srgba(4,17,117,1)
10,8: (1028,18504,7967,65535)  #04481FFF  srgba(4,72,31,1)
11,8: (1285,1542,9766,65535)  #050626FF  srgba(5,6,38,1)
12,8: (1285,1799,13878,65535)  #050736FF  srgba(5,7,54,1)
13,8: (1285,33410,12593,65535)  #058231FF  srgba(5,130,49,1)
14,8: (1285,33667,19018,65535)  #05834AFF  srgba(5,131,74,1)
15,8: (1285,42919,43690,65535)  #05A7AAFF  srgba(5,167,170,1)
0,9: (1285,44975,36751,65535)  #05AF8FFF  srgba(5,175,143,1)
1,9: (1285,46774,32125,65535)  #05B67DFF  srgba(5,182,125,1)
2,9: (1285,50629,17219,65535)  #05C543FF  srgba(5,197,67,1)
3,9: (1542,41634,16962,65535)  #06A242FF  srgba(6,162,66,1)
4,9: (1542,43433,40606,65535)  #06A99EFF  srgba(6,169,158,1)
5,9: (1799,4883,2827,65535)  #07130BFF  srgba(7,19,11,1)
6,9: (1799,11822,49858,65535)  #072EC2FF  srgba(7,46,194,1)
7,9: (1799,12336,3855,65535)  #07300FFF  srgba(7,48,15,1)
8,9: (1799,44204,47802,65535)  #07ACBAFF  srgba(7,172,186,1)
9,9: (2056,3341,18504,65535)  #080D48FF  srgba(8,13,72,1)
10,9: (2056,3855,14649,65535)  #080F39FF  srgba(8,15,57,1)
11,9: (2056,3855,19275,65535)  #080F4BFF  srgba(8,15,75,1)
12,9: (2056,6682,18761,65535)  #081A49FF  srgba(8,26,73,1)
13,9: (2056,16705,5140,65535)  #084114FF  srgba(8,65,20,1)
14,9: (2313,4883,9509,65535)  #091325FF  srgba(9,19,37,1)
15,9: (2313,8481,13107,65535)  #092133FF  srgba(9,33,51,1)
0,10: (2313,8738,8481,65535)  #092221FF  srgba(9,34,33,1)
1,10: (2570,3598,19018,65535)  #0A0E4AFF  srgba(10,14,74,1)
2,10: (2570,4883,26728,65535)  #0A1368FF  srgba(10,19,104,1)
3,10: (2570,5911,19275,65535)  #0A174BFF  srgba(10,23,75,1)
4,10: (2570,14392,4883,65535)  #0A3813FF  srgba(10,56,19,1)
5,10: (2827,4626,23130,65535)  #0B125AFF  srgba(11,18,90,1)
6,10: (2827,5911,3855,65535)  #0B170FFF  srgba(11,23,15,1)
7,10: (2827,7453,33410,65535)  #0B1D82FF  srgba(11,29,130,1)
8,10: (2827,7710,26985,65535)  #0B1E69FF  srgba(11,30,105,1)
9,10: (2827,14392,26985,65535)  #0B3869FF  srgba(11,56,105,1)
10,10: (2827,29298,40606,65535)  #0B729EFF  srgba(11,114,158,1)
11,10: (2827,29298,44461,65535)  #0B72ADFF  srgba(11,114,173,1)
12,10: (2827,32896,36494,65535)  #0B808EFF  srgba(11,128,142,1)
13,10: (3084,24415,36494,65535)  #0C5F8EFF  srgba(12,95,142,1)
14,10: (3084,42148,26471,65535)  #0CA467FF  srgba(12,164,103,1)
15,10: (3084,49087,25957,65535)  #0CBF65FF  srgba(12,191,101,1)
0,11: (3341,5140,19789,65535)  #0D144DFF  srgba(13,20,77,1)
1,11: (3341,6168,23644,65535)  #0D185CFF  srgba(13,24,92,1)
2,11: (3341,6939,10537,65535)  #0D1B29FF  srgba(13,27,41,1)
3,11: (3341,9509,4626,65535)  #0D2512FF  srgba(13,37,18,1)
4,11: (3341,28270,50115,65535)  #0D6EC3FF  srgba(13,110,195,1)
5,11: (3598,10280,10794,65535)  #0E282AFF  srgba(14,40,42,1)
6,11: (3598,11822,23387,65535)  #0E2E5BFF  srgba(14,46,91,1)
7,11: (3598,13107,30069,65535)  #0E3375FF  srgba(14,51,117,1)
8,11: (3598,16448,23387,65535)  #0E405BFF  srgba(14,64,91,1)
9,11: (4112,10023,18504,65535)  #102748FF  srgba(16,39,72,1)
10,11: (4112,13364,19018,65535)  #10344AFF  srgba(16,52,74,1)
11,11: (4112,14392,8224,65535)  #103820FF  srgba(16,56,32,1)
12,11: (4112,16191,13621,65535)  #103F35FF  srgba(16,63,53,1)
13,11: (4112,18247,18761,65535)  #104749FF  srgba(16,71,73,1)
14,11: (4112,19275,7967,65535)  #104B1FFF  srgba(16,75,31,1)
15,11: (4369,9766,10280,65535)  #112628FF  srgba(17,38,40,1)
0,12: (4369,24929,19018,65535)  #11614AFF  srgba(17,97,74,1)
1,12: (4369,49601,18247,65535)  #11C147FF  srgba(17,193,71,1)
2,12: (4626,13107,26985,65535)  #123369FF  srgba(18,51,105,1)
3,12: (4626,23644,8995,65535)  #125C23FF  srgba(18,92,35,1)
4,12: (4626,24929,13107,65535)  #126133FF  srgba(18,97,51,1)
5,12: (4626,32639,32125,65535)  #127F7DFF  srgba(18,127,125,1)
6,12: (4883,13878,38550,65535)  #133696FF  srgba(19,54,150,1)
7,12: (4883,23644,32125,65535)  #135C7DFF  srgba(19,92,125,1)
8,12: (5140,16705,33924,65535)  #144184FF  srgba(20,65,132,1)
9,12: (5140,33410,19275,65535)  #14824BFF  srgba(20,130,75,1)
10,12: (5397,32125,12850,65535)  #157D32FF  srgba(21,125,50,1)
11,12: (5397,35980,24158,65535)  #158C5EFF  srgba(21,140,94,1)
12,12: (5654,36494,28270,65535)  #168E6EFF  srgba(22,142,110,1)
13,12: (5654,41120,17990,65535)  #16A046FF  srgba(22,160,70,1)
14,12: (5911,10280,9509,65535)  #172825FF  srgba(23,40,37,1)
15,12: (5911,13878,9252,65535)  #173624FF  srgba(23,54,36,1)
0,13: (5911,14392,17476,65535)  #173844FF  srgba(23,56,68,1)
1,13: (5911,18504,9252,65535)  #174824FF  srgba(23,72,36,1)
2,13: (5911,44204,47031,65535)  #17ACB7FF  srgba(23,172,183,1)
3,13: (6168,18504,16962,65535)  #184842FF  srgba(24,72,66,1)
4,13: (6425,28270,27756,65535)  #196E6CFF  srgba(25,110,108,1)
5,13: (6425,28527,23387,65535)  #196F5BFF  srgba(25,111,91,1)
6,13: (6425,30326,48573,65535)  #1976BDFF  srgba(25,118,189,1)
7,13: (6682,16191,23387,65535)  #1A3F5BFF  srgba(26,63,91,1)
8,13: (6939,15677,30326,65535)  #1B3D76FF  srgba(27,61,118,1)
9,13: (6939,22102,25443,65535)  #1B5663FF  srgba(27,86,99,1)
10,13: (6939,24672,10537,65535)  #1B6029FF  srgba(27,96,41,1)
11,13: (6939,25186,16448,65535)  #1B6240FF  srgba(27,98,64,1)
12,13: (7196,15934,26985,65535)  #1C3E69FF  srgba(28,62,105,1)
13,13: (7453,16705,10280,65535)  #1D4128FF  srgba(29,65,40,1)
14,13: (7453,17733,17219,65535)  #1D4543FF  srgba(29,69,67,1)
15,13: (7967,48059,26728,65535)  #1FBB68FF  srgba(31,187,104,1)
0,14: (7967,48830,32382,65535)  #1FBE7EFF  srgba(31,190,126,1)
1,14: (8224,43433,32382,65535)  #20A97EFF  srgba(32,169,126,1)
2,14: (8224,43433,40606,65535)  #20A99EFF  srgba(32,169,158,1)
3,14: (8481,24929,15420,65535)  #21613CFF  srgba(33,97,60,1)
4,14: (8481,43690,48316,65535)  #21AABCFF  srgba(33,170,188,1)
5,14: (8738,27499,36237,65535)  #226B8DFF  srgba(34,107,141,1)
6,14: (8738,41377,26985,65535)  #22A169FF  srgba(34,161,105,1)
7,14: (9252,18504,16962,65535)  #244842FF  srgba(36,72,66,1)
8,14: (9766,23901,25700,65535)  #265D64FF  srgba(38,93,100,1)
9,14: (9766,31868,16448,65535)  #267C40FF  srgba(38,124,64,1)
10,14: (9766,38807,32382,65535)  #26977EFF  srgba(38,151,126,1)
11,14: (10280,28527,25957,65535)  #286F65FF  srgba(40,111,101,1)
12,14: (10280,29298,40606,65535)  #28729EFF  srgba(40,114,158,1)
13,14: (10537,28527,31868,65535)  #296F7CFF  srgba(41,111,124,1)
14,14: (10794,25443,18247,65535)  #2A6347FF  srgba(42,99,71,1)
15,14: (10794,45489,36751,65535)  #2AB18FFF  srgba(42,177,143,1)
0,15: (11308,30069,47545,65535)  #2C75B9FF  srgba(44,117,185,1)
1,15: (11565,28784,26214,65535)  #2D7066FF  srgba(45,112,102,1)
2,15: (11565,35466,26728,65535)  #2D8A68FF  srgba(45,138,104,1)
3,15: (12593,39064,36494,65535)  #31988EFF  srgba(49,152,142,1)
4,15: (13107,30069,26214,65535)  #337566FF  srgba(51,117,102,1)
5,15: (13621,31611,36237,65535)  #357B8DFF  srgba(53,123,141,1)
6,15: (13878,33410,32125,65535)  #36827DFF  srgba(54,130,125,1)
7,15: (15163,36494,26728,65535)  #3B8E68FF  srgba(59,142,104,1)
8,15: (15163,43690,48316,65535)  #3BAABCFF  srgba(59,170,188,1)
9,15: (16448,40606,32639,65535)  #409E7FFF  srgba(64,158,127,1)
10,15: (16705,41634,27499,65535)  #41A26BFF  srgba(65,162,107,1)
11,15: (17219,47031,28013,65535)  #43B76DFF  srgba(67,183,109,1)
12,15: (18504,45746,40092,65535)  #48B29CFF  srgba(72,178,156,1)
13,15: (18761,46003,36751,65535)  #49B38FFF  srgba(73,179,143,1)
14,15: (18761,46774,32896,65535)  #49B680FF  srgba(73,182,128,1)
15,15: (0,65535,0,0)  #00FF0000  srgba(0,255,0,0)
