# ImageMagick pixel enumeration: 16,16,65535,srgba
0,0: (257,5911,2056,65535)  #011708FF  srgba(1,23,8,1)
1,0: (257,7967,2313,65535)  #011F09FF  srgba(1,31,9,1)
2,0: (514,11051,4369,65535)  #022B11FF  srgba(2,43,17,1)
3,0: (771,19275,9509,65535)  #034B25FF  srgba(3,75,37,1)
4,0: (1028,17219,8738,65535)  #044322FF  srgba(4,67,34,1)
5,0: (1285,4112,2313,65535)  #051009FF  srgba(5,16,9,1)
6,0: (1285,4883,2827,65535)  #05130BFF  srgba(5,19,11,1)
7,0: (1542,8738,4883,65535)  #062213FF  srgba(6,34,19,1)
8,0: (2056,11308,6425,65535)  #082C19FF  srgba(8,44,25,1)
9,0: (2056,15420,7196,65535)  #083C1CFF  srgba(8,60,28,1)
10,0: (2056,35723,10794,65535)  #088B2AFF  srgba(8,139,42,1)
11,0: (2313,6168,4883,65535)  #091813FF  srgba(9,24,19,1)
12,0: (2313,13621,7453,65535)  #09351DFF  srgba(9,53,29,1)
13,0: (2827,4883,4369,65535)  #0B1311FF  srgba(11,19,17,1)
14,0: (3341,12079,7967,65535)  #0D2F1FFF  srgba(13,47,31,1)
15,0: (3341,21331,10280,65535)  #0D5328FF  srgba(13,83,40,1)
0,1: (3341,28270,13107,65535)  #0D6E33FF  srgba(13,110,51,1)
1,1: (3598,4112,4626,65535)  #0E1012FF  srgba(14,16,18,1)
2,1: (3598,26214,13107,65535)  #0E6633FF  srgba(14,102,51,1)
3,1: (3855,4626,5140,65535)  #0F1214FF  srgba(15,18,20,1)
4,1: (4369,7453,6682,65535)  #111D1AFF  srgba(17,29,26,1)
5,1: (4369,13364,8995,65535)  #113423FF  srgba(17,52,35,1)
6,1: (4369,23901,12850,65535)  #115D32FF  srgba(17,93,50,1)
7,1: (4626,4626,5140,65535)  #121214FF  srgba(18,18,20,1)
8,1: (4883,5911,5911,65535)  #131717FF  srgba(19,23,23,1)
9,1: (4883,11565,8481,65535)  #132D21FF  srgba(19,45,33,1)
10,1: (4883,12336,8995,65535)  #133023FF  srgba(19,48,35,1)
11,1: (5140,4369,3341,65535)  #14110DFF  srgba(20,17,13,1)
12,1: (5140,7967,7710,65535)  #141F1EFF  srgba(20,31,30,1)
13,1: (5140,13621,10023,65535)  #143527FF  srgba(20,53,39,1)
14,1: (5140,19018,9509,65535)  #144A25FF  srgba(20,74,37,1)
15,1: (5140,40092,21845,65535)  #149C55FF  srgba(20,156,85,1)
0,2: (5397,4626,2827,65535)  #15120BFF  srgba(21,18,11,1)
1,2: (5397,5911,6425,65535)  #151719FF  srgba(21,23,25,1)
2,2: (5397,6425,6939,65535)  #15191BFF  srgba(21,25,27,1)
3,2: (5397,16962,8224,65535)  #154220FF  srgba(21,66,32,1)
4,2: (5654,6682,6939,65535)  #161A1BFF  srgba(22,26,27,1)
5,2: (5654,6682,7196,65535)  #161A1CFF  srgba(22,26,28,1)
6,2: (5911,5397,3855,65535)  #17150FFF  srgba(23,21,15,1)
7,2: (5911,5911,4883,65535)  #171713FF  srgba(23,23,19,1)
8,2: (5911,6168,2313,65535)  #171809FF  srgba(23,24,9,1)
9,2: (5911,12079,10023,65535)  #172F27FF  srgba(23,47,39,1)
10,2: (5911,14906,10537,65535)  #173A29FF  srgba(23,58,41,1)
11,2: (6168,7196,7710,65535)  #181C1EFF  srgba(24,28,30,1)
12,2: (6425,10794,7453,65535)  #192A1DFF  srgba(25,42,29,1)
13,2: (6425,21588,14135,65535)  #195437FF  srgba(25,84,55,1)
14,2: (6682,5911,5140,65535)  #1A1714FF  srgba(26,23,20,1)
15,2: (6682,7453,7967,65535)  #1A1D1FFF  srgba(26,29,31,1)
0,3: (6682,28013,17733,65535)  #1A6D45FF  srgba(26,109,69,1)
1,3: (6939,5654,1542,65535)  #1B1606FF  srgba(27,22,6,1)
2,3: (6939,5654,4626,65535)  #1B1612FF  srgba(27,22,18,1)
3,3: (6939,6425,5140,65535)  #1B1914FF  srgba(27,25,20,1)
4,3: (6939,6682,2570,65535)  #1B1A0AFF  srgba(27,26,10,1)
5,3: (6939,6682,6425,65535)  #1B1A19FF  srgba(27,26,25,1)
6,3: (6939,11051,9252,65535)  #1B2B24FF  srgba(27,43,36,1)
7,3: (6939,19275,13621,65535)  #1B4B35FF  srgba(27,75,53,1)
8,3: (7196,7967,8481,65535)  #1C1F21FF  srgba(28,31,33,1)
9,3: (7453,17219,12079,65535)  #1D432FFF  srgba(29,67,47,1)
10,3: (7967,7196,4369,65535)  #1F1C11FF  srgba(31,28,17,1)
11,3: (7967,7967,2827,65535)  #1F1F0BFF  srgba(31,31,11,1)
12,3: (7967,7967,6425,65535)  #1F1F19FF  srgba(31,31,25,1)
13,3: (7967,9252,9509,65535)  #1F2425FF  srgba(31,36,37,1)
14,3: (8224,6939,257,65535)  #201B01FF  srgba(32,27,1,1)
15,3: (8224,7453,6425,65535)  #201D19FF  srgba(32,29,25,1)
0,4: (8224,7967,5654,65535)  #201F16FF  srgba(32,31,22,1)
1,4: (8224,7967,6682,65535)  #201F1AFF  srgba(32,31,26,1)
2,4: (8481,7967,6939,65535)  #211F1BFF  srgba(33,31,27,1)
3,4: (8481,8481,7453,65535)  #21211DFF  srgba(33,33,29,1)
4,4: (8481,11051,10794,65535)  #212B2AFF  srgba(33,43,42,1)
5,4: (8738,10794,2313,65535)  #222A09FF  srgba(34,42,9,1)
6,4: (8738,35209,22359,65535)  #228957FF  srgba(34,137,87,1)
7,4: (8995,15163,12850,65535)  #233B32FF  srgba(35,59,50,1)
8,4: (9252,13364,10023,65535)  #243427FF  srgba(36,52,39,1)
9,4: (9509,8481,6682,65535)  #25211AFF  srgba(37,33,26,1)
10,4: (9509,13878,12593,65535)  #253631FF  srgba(37,54,49,1)
11,4: (9509,33153,21588,65535)  #258154FF  srgba(37,129,84,1)
12,4: (9766,8995,257,65535)  #262301FF  srgba(38,35,1,1)
13,4: (9766,8995,3855,65535)  #26230FFF  srgba(38,35,15,1)
14,4: (9766,8995,7967,65535)  #26231FFF  srgba(38,35,31,1)
15,4: (9766,10280,8738,65535)  #262822FF  srgba(38,40,34,1)
0,5: (10023,9509,8738,65535)  #272522FF  srgba(39,37,34,1)
1,5: (10280,10023,8481,65535)  #282721FF  srgba(40,39,33,1)
2,5: (10280,11051,10537,65535)  #282B29FF  srgba(40,43,41,1)
3,5: (10280,11822,12079,65535)  #282E2FFF  srgba(40,46,47,1)
4,5: (10537,43690,27499,65535)  #29AA6BFF  srgba(41,170,107,1)
5,5: (11051,10537,8738,65535)  #2B2922FF  srgba(43,41,34,1)
6,5: (11308,55255,34181,65535)  #2CD785FF  srgba(44,215,133,1)
7,5: (11565,19789,16962,65535)  #2D4D42FF  srgba(45,77,66,1)
8,5: (11565,26214,19275,65535)  #2D664BFF  srgba(45,102,75,1)
9,5: (11822,16705,14906,65535)  #2E413AFF  srgba(46,65,58,1)
10,5: (12079,11565,0,65535)  #2F2D00FF  srgba(47,45,0,1)
11,5: (12079,11565,2056,65535)  #2F2D08FF  srgba(47,45,8,1)
12,5: (12079,13878,13621,65535)  #2F3635FF  srgba(47,54,53,1)
13,5: (12079,15677,14649,65535)  #2F3D39FF  srgba(47,61,57,1)
14,5: (12336,11308,4883,65535)  #302C13FF  srgba(48,44,19,1)
15,5: (12336,11565,10023,65535)  #302D27FF  srgba(48,45,39,1)
0,6: (12336,37265,25957,65535)  #309165FF  srgba(48,145,101,1)
1,6: (12593,11565,8481,65535)  #312D21FF  srgba(49,45,33,1)
2,6: (12593,12079,10794,65535)  #312F2AFF  srgba(49,47,42,1)
3,6: (12593,12593,12079,65535)  #31312FFF  srgba(49,49,47,1)
4,6: (12593,29041,21845,65535)  #317155FF  srgba(49,113,85,1)
5,6: (12593,44718,31097,65535)  #31AE79FF  srgba(49,174,121,1)
6,6: (13107,15163,13878,65535)  #333B36FF  srgba(51,59,54,1)
7,6: (13621,13364,1285,65535)  #353405FF  srgba(53,52,5,1)
8,6: (13621,13364,9766,65535)  #353426FF  srgba(53,52,38,1)
9,6: (13621,16962,6168,65535)  #354218FF  srgba(53,66,24,1)
10,6: (13878,15163,1799,65535)  #363B07FF  srgba(54,59,7,1)
11,6: (13878,15420,15420,65535)  #363C3CFF  srgba(54,60,60,1)
12,6: (13878,17990,16705,65535)  #364641FF  srgba(54,70,65,1)
13,6: (14135,13621,12336,65535)  #373530FF  srgba(55,53,48,1)
14,6: (14135,14906,13107,65535)  #373A33FF  srgba(55,58,51,1)
15,6: (14392,13621,9252,65535)  #383524FF  srgba(56,53,36,1)
0,7: (14392,13878,1799,65535)  #383607FF  srgba(56,54,7,1)
1,7: (14392,15163,11051,65535)  #383B2BFF  srgba(56,59,43,1)
2,7: (14649,17733,17219,65535)  #394543FF  srgba(57,69,67,1)
3,7: (15677,14906,12593,65535)  #3D3A31FF  srgba(61,58,49,1)
4,7: (15934,14649,8481,65535)  #3E3921FF  srgba(62,57,33,1)
5,7: (15934,15677,771,65535)  #3E3D03FF  srgba(62,61,3,1)
6,7: (15934,36237,26214,65535)  #3E8D66FF  srgba(62,141,102,1)
7,7: (16191,15677,14135,65535)  #3F3D37FF  srgba(63,61,55,1)
8,7: (16448,16191,12336,65535)  #403F30FF  srgba(64,63,48,1)
9,7: (16962,17219,16705,65535)  #424341FF  srgba(66,67,65,1)
10,7: (16962,18761,18504,65535)  #424948FF  srgba(66,73,72,1)
11,7: (17219,16705,14392,65535)  #434138FF  srgba(67,65,56,1)
12,7: (17476,16962,8995,65535)  #444223FF  srgba(68,66,35,1)
13,7: (17476,21074,19789,65535)  #44524DFF  srgba(68,82,77,1)
14,7: (17476,37522,29298,65535)  #449272FF  srgba(68,146,114,1)
15,7: (17476,44718,31611,65535)  #44AE7BFF  srgba(68,174,123,1)
0,8: (17733,17733,514,65535)  #454502FF  srgba(69,69,2,1)
1,8: (18247,23130,22102,65535)  #475A56FF  srgba(71,90,86,1)
2,8: (18504,30583,25700,65535)  #487764FF  srgba(72,119,100,1)
3,8: (18761,17990,14906,65535)  #49463AFF  srgba(73,70,58,1)
4,8: (18761,18761,16705,65535)  #494941FF  srgba(73,73,65,1)
5,8: (18761,59110,39835,65535)  #49E69BFF  srgba(73,230,155,1)
6,8: (19018,17733,11822,65535)  #4A452EFF  srgba(74,69,46,1)
7,8: (19532,40092,31097,65535)  #4C9C79FF  srgba(76,156,121,1)
8,8: (19789,19532,13878,65535)  #4D4C36FF  srgba(77,76,54,1)
9,8: (19789,44975,34952,65535)  #4DAF88FF  srgba(77,175,136,1)
10,8: (20046,32896,29041,65535)  #4E8071FF  srgba(78,128,113,1)
11,8: (20303,20303,9766,65535)  #4F4F26FF  srgba(79,79,38,1)
12,8: (20303,20560,2313,65535)  #4F5009FF  srgba(79,80,9,1)
13,8: (20303,37008,24929,65535)  #4F9061FF  srgba(79,144,97,1)
14,8: (20560,20817,0,65535)  #505100FF  srgba(80,81,0,1)
15,8: (20817,19789,17476,65535)  #514D44FF  srgba(81,77,68,1)
0,9: (21074,34181,24672,65535)  #528560FF  srgba(82,133,96,1)
1,9: (21331,24415,23901,65535)  #535F5DFF  srgba(83,95,93,1)
2,9: (21331,40349,24929,65535)  #539D61FF  srgba(83,157,97,1)
3,9: (21845,20817,14135,65535)  #555137FF  srgba(85,81,55,1)
4,9: (21845,28527,22873,65535)  #556F59FF  srgba(85,111,89,1)
5,9: (22102,21845,20046,65535)  #56554EFF  srgba(86,85,78,1)
6,9: (22359,22359,17733,65535)  #575745FF  srgba(87,87,69,1)
7,9: (22616,23644,8995,65535)  #585C23FF  srgba(88,92,35,1)
8,9: (22873,28270,26728,65535)  #596E68FF  srgba(89,110,104,1)
9,9: (23130,23387,14649,65535)  #5A5B39FF  srgba(90,91,57,1)
10,9: (23130,37008,31354,65535)  #5A907AFF  srgba(90,144,122,1)
11,9: (23387,24158,514,65535)  #5B5E02FF  srgba(91,94,2,1)
12,9: (23901,26728,26214,65535)  #5D6866FF  srgba(93,104,102,1)
13,9: (24672,30069,28784,65535)  #607570FF  srgba(96,117,112,1)
14,9: (24929,24415,15420,65535)  #615F3CFF  srgba(97,95,60,1)
15,9: (24929,24672,10280,65535)  #616028FF  srgba(97,96,40,1)
0,10: (24929,24929,20817,65535)  #616151FF  srgba(97,97,81,1)
1,10: (24929,32382,23130,65535)  #617E5AFF  srgba(97,126,90,1)
2,10: (25700,26728,0,65535)  #646800FF  srgba(100,104,0,1)
3,10: (25957,26728,2827,65535)  #65680BFF  srgba(101,104,11,1)
4,10: (25957,57311,42148,65535)  #65DFA4FF  srgba(101,223,164,1)
5,10: (26214,26214,23387,65535)  #66665BFF  srgba(102,102,91,1)
6,10: (26214,30326,22873,65535)  #667659FF  srgba(102,118,89,1)
7,10: (26471,26214,17476,65535)  #676644FF  srgba(103,102,68,1)
8,10: (26471,26728,12336,65535)  #676830FF  srgba(103,104,48,1)
9,10: (26471,30583,29555,65535)  #677773FF  srgba(103,119,115,1)
10,10: (26728,28527,20817,65535)  #686F51FF  srgba(104,111,81,1)
11,10: (26985,28270,7710,65535)  #696E1EFF  srgba(105,110,30,1)
12,10: (27242,28270,0,65535)  #6A6E00FF  srgba(106,110,0,1)
13,10: (27242,28270,514,65535)  #6A6E02FF  srgba(106,110,2,1)
14,10: (27242,31868,2827,65535)  #6A7C0BFF  srgba(106,124,11,1)
15,10: (27499,63993,50115,65535)  #6BF9C3FF  srgba(107,249,195,1)
0,11: (27756,29298,1799,65535)  #6C7207FF  srgba(108,114,7,1)
1,11: (28013,30069,1542,65535)  #6D7506FF  srgba(109,117,6,1)
2,11: (28270,39064,35209,65535)  #6E9889FF  srgba(110,152,137,1)
3,11: (28527,28270,18504,65535)  #6F6E48FF  srgba(111,110,72,1)
4,11: (29041,28527,24158,65535)  #716F5EFF  srgba(113,111,94,1)
5,11: (29298,35723,21588,65535)  #728B54FF  srgba(114,139,84,1)
6,11: (29555,30326,21845,65535)  #737655FF  srgba(115,118,85,1)
7,11: (30069,33667,33153,65535)  #758381FF  srgba(117,131,129,1)
8,11: (30583,31868,29555,65535)  #777C73FF  srgba(119,124,115,1)
9,11: (30583,32125,0,65535)  #777D00FF  srgba(119,125,0,1)
10,11: (31097,30840,23130,65535)  #79785AFF  srgba(121,120,90,1)
11,11: (31097,40349,37779,65535)  #799D93FF  srgba(121,157,147,1)
12,11: (31354,31611,12336,65535)  #7A7B30FF  srgba(122,123,48,1)
13,11: (31611,32125,22873,65535)  #7B7D59FF  srgba(123,125,89,1)
14,11: (31611,34181,21588,65535)  #7B8554FF  srgba(123,133,84,1)
15,11: (31611,36494,35209,65535)  #7B8E89FF  srgba(123,142,137,1)
0,12: (31868,32896,2056,65535)  #7C8008FF  srgba(124,128,8,1)
1,12: (32639,32382,22616,65535)  #7F7E58FF  srgba(127,126,88,1)
2,12: (32639,33924,5140,65535)  #7F8414FF  srgba(127,132,20,1)
3,12: (33153,33924,24158,65535)  #81845EFF  srgba(129,132,94,1)
4,12: (33667,36237,0,65535)  #838D00FF  srgba(131,141,0,1)
5,12: (35209,35466,22359,65535)  #898A57FF  srgba(137,138,87,1)
6,12: (35466,39835,39064,65535)  #8A9B98FF  srgba(138,155,152,1)
7,12: (35980,36237,32125,65535)  #8C8D7DFF  srgba(140,141,125,1)
8,12: (35980,36494,28013,65535)  #8C8E6DFF  srgba(140,142,109,1)
9,12: (36494,38293,4883,65535)  #8E9513FF  srgba(142,149,19,1)
10,12: (37008,37008,25700,65535)  #909064FF  srgba(144,144,100,1)
11,12: (37008,39321,0,65535)  #909900FF  srgba(144,153,0,1)
12,12: (37779,38807,25186,65535)  #939762FF  srgba(147,151,98,1)
13,12: (38036,40092,21845,65535)  #949C55FF  srgba(148,156,85,1)
14,12: (38293,39064,30840,65535)  #959878FF  srgba(149,152,120,1)
15,12: (38293,41891,17733,65535)  #95A345FF  srgba(149,163,69,1)
0,13: (38550,39835,10023,65535)  #969B27FF  srgba(150,155,39,1)
1,13: (39064,41891,41120,65535)  #98A3A0FF  srgba(152,163,160,1)
2,13: (39578,41634,28784,65535)  #9AA270FF  srgba(154,162,112,1)
3,13: (39835,42919,257,65535)  #9BA701FF  srgba(155,167,1,1)
4,13: (39835,44975,19789,65535)  #9BAF4DFF  srgba(155,175,77,1)
5,13: (40092,40092,33924,65535)  #9C9C84FF  srgba(156,156,132,1)
6,13: (40092,42919,11308,65535)  #9CA72CFF  srgba(156,167,44,1)
7,13: (41634,44975,6168,65535)  #A2AF18FF  srgba(162,175,24,1)
8,13: (41634,44975,14906,65535)  #A2AF3AFF  srgba(162,175,58,1)
9,13: (41891,43690,3084,65535)  #A3AA0CFF  srgba(163,170,12,1)
10,13: (42148,43176,11822,65535)  #A4A82EFF  srgba(164,168,46,1)
11,13: (42148,61423,56540,65535)  #A4EFDCFF  srgba(164,239,220,1)
12,13: (42405,43690,13878,65535)  #A5AA36FF  srgba(165,170,54,1)
13,13: (42405,46003,8995,65535)  #A5B323FF  srgba(165,179,35,1)
14,13: (43433,45232,12079,65535)  #A9B02FFF  srgba(169,176,47,1)
15,13: (43433,45232,41120,65535)  #A9B0A0FF  srgba(169,176,160,1)
0,14: (43433,46774,9252,65535)  #A9B624FF  srgba(169,182,36,1)
1,14: (43690,43947,34181,65535)  #AAAB85FF  srgba(170,171,133,1)
2,14: (43947,45746,20303,65535)  #ABB24FFF  srgba(171,178,79,1)
3,14: (43947,46260,10023,65535)  #ABB427FF  srgba(171,180,39,1)
4,14: (43947,48316,3598,65535)  #ABBC0EFF  srgba(171,188,14,1)
5,14: (44461,48573,46517,65535)  #ADBDB5FF  srgba(173,189,181,1)
6,14: (45746,53713,49087,65535)  #B2D1BFFF  srgba(178,209,191,1)
7,14: (47031,49601,10280,65535)  #B7C128FF  srgba(183,193,40,1)
8,14: (47031,50372,257,65535)  #B7C401FF  srgba(183,196,1,1)
9,14: (47288,50629,3084,65535)  #B8C50CFF  srgba(184,197,12,1)
10,14: (48316,49344,41891,65535)  #BCC0A3FF  srgba(188,192,163,1)
11,14: (50115,56797,54998,65535)  #C3DDD6FF  srgba(195,221,214,1)
12,14: (50372,53713,21588,65535)  #C4D154FF  srgba(196,209,84,1)
13,14: (50886,53199,32382,65535)  #C6CF7EFF  srgba(198,207,126,1)
14,14: (51143,55255,3341,65535)  #C7D70DFF  srgba(199,215,13,1)
15,14: (53713,53456,46774,65535)  #D1D0B6FF  srgba(209,208,182,1)
0,15: (55255,58853,4369,65535)  #D7E511FF  srgba(215,229,17,1)
1,15: (58339,62965,5140,65535)  #E3F514FF  srgba(227,245,20,1)
2,15: (58853,58853,50886,65535)  #E5E5C6FF  srgba(229,229,198,1)
3,15: (59110,60138,54998,65535)  #E6EAD6FF  srgba(230,234,214,1)
4,15: (60138,60652,44461,65535)  #EAECADFF  srgba(234,236,173,1)
5,15: (60138,64250,63222,65535)  #EAFAF6FF  srgba(234,250,246,1)
6,15: (61423,64507,6425,65535)  #EFFB19FF  srgba(239,251,25,1)
7,15: (63222,64250,29041,65535)  #F6FA71FF  srgba(246,250,113,1)
8,15: (63736,64764,19018,65535)  #F8FC4AFF  srgba(248,252,74,1)
9,15: (64507,65021,8481,65535)  #FBFD21FF  srgba(251,253,33,1)
10,15: (65021,64764,57054,65535)  #FDFCDEFF  srgba(253,252,222,1)
11,15: (65021,64764,62708,65535)  #FDFCF4FF  srgba(253,252,244,1)
12,15: (65278,65021,8738,65535)  #FEFD22FF  srgba(254,253,34,1)
13,15: (65278,65278,64250,65535)  #FEFEFAFF  srgba(254,254,250,1)
14,15: (65535,65278,63736,65535)  #FFFEF8FF  srgba(255,254,248,1)
15,15: (0,65535,0,0)  #00FF0000  srgba(0,255,0,0)
