# ImageMagick pixel enumeration: 16,16,65535,srgba
0,0: (8738,8481,0,65535)  #222100FF  srgba(34,33,0,1)
1,0: (9766,10280,0,65535)  #262800FF  srgba(38,40,0,1)
2,0: (11565,11822,0,65535)  #2D2E00FF  srgba(45,46,0,1)
3,0: (14135,16705,14906,65535)  #37413AFF  srgba(55,65,58,1)
4,0: (14392,14906,0,65535)  #383A00FF  srgba(56,58,0,1)
5,0: (14392,15163,30840,65535)  #383B78FF  srgba(56,59,120,1)
6,0: (15677,17476,771,65535)  #3D4403FF  srgba(61,68,3,1)
7,0: (15934,18761,14135,65535)  #3E4937FF  srgba(62,73,55,1)
8,0: (17219,17990,257,65535)  #434601FF  srgba(67,70,1,1)
9,0: (17990,19018,31611,65535)  #464A7BFF  srgba(70,74,123,1)
10,0: (18761,19532,0,65535)  #494C00FF  srgba(73,76,0,1)
11,0: (19018,20303,32382,65535)  #4A4F7EFF  srgba(74,79,126,1)
12,0: (19532,19532,1028,65535)  #4C4C04FF  srgba(76,76,4,1)
13,0: (19789,20560,11051,65535)  #4D502BFF  srgba(77,80,43,1)
14,0: (19789,20817,19018,65535)  #4D514AFF  srgba(77,81,74,1)
15,0: (21331,20560,43690,65535)  #5350AAFF  srgba(83,80,170,1)
0,1: (21331,22102,0,65535)  #535600FF  srgba(83,86,0,1)
1,1: (21331,22359,0,65535)  #535700FF  srgba(83,87,0,1)
2,1: (22359,23130,33153,65535)  #575A81FF  srgba(87,90,129,1)
3,1: (22616,22359,3598,65535)  #58570EFF  srgba(88,87,14,1)
4,1: (23130,24415,0,65535)  #5A5F00FF  srgba(90,95,0,1)
5,1: (23130,24672,514,65535)  #5A6002FF  srgba(90,96,2,1)
6,1: (23644,24929,18247,65535)  #5C6147FF  srgba(92,97,71,1)
7,1: (24672,23644,10023,65535)  #605C27FF  srgba(96,92,39,1)
8,1: (25186,26214,257,65535)  #626601FF  srgba(98,102,1,1)
9,1: (25443,25443,43947,65535)  #6363ABFF  srgba(99,99,171,1)
10,1: (26471,24672,14906,65535)  #67603AFF  srgba(103,96,58,1)
11,1: (26471,26728,29555,65535)  #676873FF  srgba(103,104,115,1)
12,1: (26471,26728,37265,65535)  #676891FF  srgba(103,104,145,1)
13,1: (26471,28527,0,65535)  #676F00FF  srgba(103,111,0,1)
14,1: (26728,28784,771,65535)  #687003FF  srgba(104,112,3,1)
15,1: (27499,26985,45489,65535)  #6B69B1FF  srgba(107,105,177,1)
0,2: (27756,25700,21845,65535)  #6C6455FF  srgba(108,100,85,1)
1,2: (28013,29041,22102,65535)  #6D7156FF  srgba(109,113,86,1)
2,2: (28013,29555,257,65535)  #6D7301FF  srgba(109,115,1,1)
3,2: (28527,29041,44461,65535)  #6F71ADFF  srgba(111,113,173,1)
4,2: (28784,30069,0,65535)  #707500FF  srgba(112,117,0,1)
5,2: (28784,30069,2827,65535)  #70750BFF  srgba(112,117,11,1)
6,2: (29041,27756,26728,65535)  #716C68FF  srgba(113,108,104,1)
7,2: (29041,28013,34695,65535)  #716D87FF  srgba(113,109,135,1)
8,2: (29041,30069,0,65535)  #717500FF  srgba(113,117,0,1)
9,2: (29041,30069,771,65535)  #717503FF  srgba(113,117,3,1)
10,2: (29041,30069,3598,65535)  #71750EFF  srgba(113,117,14,1)
11,2: (29298,29812,26985,65535)  #727469FF  srgba(114,116,105,1)
12,2: (29298,29812,31611,65535)  #72747BFF  srgba(114,116,123,1)
13,2: (29298,30069,4369,65535)  #727511FF  srgba(114,117,17,1)
14,2: (29555,29812,36751,65535)  #73748FFF  srgba(115,116,143,1)
15,2: (29555,30069,6682,65535)  #73751AFF  srgba(115,117,26,1)
0,3: (29555,30326,10280,65535)  #737628FF  srgba(115,118,40,1)
1,3: (29555,30326,14649,65535)  #737639FF  srgba(115,118,57,1)
2,3: (29555,30840,0,65535)  #737800FF  srgba(115,120,0,1)
3,3: (29555,31097,13107,65535)  #737933FF  srgba(115,121,51,1)
4,3: (29812,30069,257,65535)  #747501FF  srgba(116,117,1,1)
5,3: (29812,30583,2313,65535)  #747709FF  srgba(116,119,9,1)
6,3: (29812,31354,22102,65535)  #747A56FF  srgba(116,122,86,1)
7,3: (29812,33924,23644,65535)  #74845CFF  srgba(116,132,92,1)
8,3: (29812,33924,28270,65535)  #74846EFF  srgba(116,132,110,1)
9,3: (30069,29812,47288,65535)  #7574B8FF  srgba(117,116,184,1)
10,3: (30069,30840,8481,65535)  #757821FF  srgba(117,120,33,1)
11,3: (30069,31097,3855,65535)  #75790FFF  srgba(117,121,15,1)
12,3: (30069,31097,5911,65535)  #757917FF  srgba(117,121,23,1)
13,3: (30069,31611,28784,65535)  #757B70FF  srgba(117,123,112,1)
14,3: (30326,30583,11822,65535)  #76772EFF  srgba(118,119,46,1)
15,3: (30326,31097,15934,65535)  #76793EFF  srgba(118,121,62,1)
0,4: (30326,31097,18504,65535)  #767948FF  srgba(118,121,72,1)
1,4: (30326,33667,32896,65535)  #768380FF  srgba(118,131,128,1)
2,4: (30326,34952,19789,65535)  #76884DFF  srgba(118,136,77,1)
3,4: (30583,29812,42405,65535)  #7774A5FF  srgba(119,116,165,1)
4,4: (30583,30069,27242,65535)  #77756AFF  srgba(119,117,106,1)
5,4: (30583,30069,30840,65535)  #777578FF  srgba(119,117,120,1)
6,4: (30583,30583,16705,65535)  #777741FF  srgba(119,119,65,1)
7,4: (30583,31097,10023,65535)  #777927FF  srgba(119,121,39,1)
8,4: (30583,31097,13878,65535)  #777936FF  srgba(119,121,54,1)
9,4: (30583,31354,257,65535)  #777A01FF  srgba(119,122,1,1)
10,4: (30583,35209,11308,65535)  #77892CFF  srgba(119,137,44,1)
11,4: (30840,30326,34695,65535)  #787687FF  srgba(120,118,135,1)
12,4: (30840,30326,37265,65535)  #787691FF  srgba(120,118,145,1)
13,4: (30840,30326,40092,65535)  #78769CFF  srgba(120,118,156,1)
14,4: (30840,30583,20046,65535)  #78774EFF  srgba(120,119,78,1)
15,4: (30840,30583,46260,65535)  #7877B4FF  srgba(120,119,180,1)
0,5: (30840,31097,45232,65535)  #7879B0FF  srgba(120,121,176,1)
1,5: (30840,31354,34181,65535)  #787A85FF  srgba(120,122,133,1)
2,5: (30840,31611,37522,65535)  #787B92FF  srgba(120,123,146,1)
3,5: (30840,31611,39578,65535)  #787B9AFF  srgba(120,123,154,1)
4,5: (30840,33924,29041,65535)  #788471FF  srgba(120,132,113,1)
5,5: (30840,35723,15677,65535)  #788B3DFF  srgba(120,139,61,1)
6,5: (30840,35980,28013,65535)  #788C6DFF  srgba(120,140,109,1)
7,5: (31097,30583,41891,65535)  #7977A3FF  srgba(121,119,163,1)
8,5: (31097,31097,19789,65535)  #79794DFF  srgba(121,121,77,1)
9,5: (31097,31611,23130,65535)  #797B5AFF  srgba(121,123,90,1)
10,5: (31097,32896,0,65535)  #798000FF  srgba(121,128,0,1)
11,5: (31097,35723,23901,65535)  #798B5DFF  srgba(121,139,93,1)
12,5: (31354,31097,41377,65535)  #7A79A1FF  srgba(122,121,161,1)
13,5: (31354,31354,28527,65535)  #7A7A6FFF  srgba(122,122,111,1)
14,5: (31354,31354,41891,65535)  #7A7AA3FF  srgba(122,122,163,1)
15,5: (31354,33924,1285,65535)  #7A8405FF  srgba(122,132,5,1)
0,6: (31354,34181,32896,65535)  #7A8580FF  srgba(122,133,128,1)
1,6: (31611,31611,45232,65535)  #7B7BB0FF  srgba(123,123,176,1)
2,6: (31611,32639,40092,65535)  #7B7F9CFF  srgba(123,127,156,1)
3,6: (31611,32896,38550,65535)  #7B8096FF  srgba(123,128,150,1)
4,6: (31868,31097,40092,65535)  #7C799CFF  srgba(124,121,156,1)
5,6: (31868,31097,41891,65535)  #7C79A3FF  srgba(124,121,163,1)
6,6: (31868,31354,27499,65535)  #7C7A6BFF  srgba(124,122,107,1)
7,6: (31868,31354,30583,65535)  #7C7A77FF  srgba(124,122,119,1)
8,6: (31868,31354,40863,65535)  #7C7A9FFF  srgba(124,122,159,1)
9,6: (31868,31611,22359,65535)  #7C7B57FF  srgba(124,123,87,1)
10,6: (31868,31611,33667,65535)  #7C7B83FF  srgba(124,123,131,1)
11,6: (31868,31611,47031,65535)  #7C7BB7FF  srgba(124,123,183,1)
12,6: (31868,31868,42662,65535)  #7C7CA6FF  srgba(124,124,166,1)
13,6: (31868,31868,43947,65535)  #7C7CABFF  srgba(124,124,171,1)
14,6: (31868,31868,44975,65535)  #7C7CAFFF  srgba(124,124,175,1)
15,6: (31868,31868,46260,65535)  #7C7CB4FF  srgba(124,124,180,1)
0,7: (31868,32382,42919,65535)  #7C7EA7FF  srgba(124,126,167,1)
1,7: (31868,33667,42405,65535)  #7C83A5FF  srgba(124,131,165,1)
2,7: (31868,35723,23644,65535)  #7C8B5CFF  srgba(124,139,92,1)
3,7: (31868,35980,28013,65535)  #7C8C6DFF  srgba(124,140,109,1)
4,7: (32125,31354,13621,65535)  #7D7A35FF  srgba(125,122,53,1)
5,7: (32125,31354,38293,65535)  #7D7A95FF  srgba(125,122,149,1)
6,7: (32125,31611,19275,65535)  #7D7B4BFF  srgba(125,123,75,1)
7,7: (32125,31611,34952,65535)  #7D7B88FF  srgba(125,123,136,1)
8,7: (32125,31611,36494,65535)  #7D7B8EFF  srgba(125,123,142,1)
9,7: (32125,31868,41377,65535)  #7D7CA1FF  srgba(125,124,161,1)
10,7: (32125,31868,47802,65535)  #7D7CBAFF  srgba(125,124,186,1)
11,7: (32125,32125,46003,65535)  #7D7DB3FF  srgba(125,125,179,1)
12,7: (32125,32382,45232,65535)  #7D7EB0FF  srgba(125,126,176,1)
13,7: (32125,32896,44975,65535)  #7D80AFFF  srgba(125,128,175,1)
14,7: (32125,33410,44975,65535)  #7D82AFFF  srgba(125,130,175,1)
15,7: (32382,31354,45746,65535)  #7E7AB2FF  srgba(126,122,178,1)
0,8: (32382,31611,42662,65535)  #7E7BA6FF  srgba(126,123,166,1)
1,8: (32382,31611,44461,65535)  #7E7BADFF  srgba(126,123,173,1)
2,8: (32382,31868,39321,65535)  #7E7C99FF  srgba(126,124,153,1)
3,8: (32382,32639,45232,65535)  #7E7FB0FF  srgba(126,127,176,1)
4,8: (32382,33153,33153,65535)  #7E8181FF  srgba(126,129,129,1)
5,8: (32382,33924,0,65535)  #7E8400FF  srgba(126,132,0,1)
6,8: (32639,31611,43176,65535)  #7F7BA8FF  srgba(127,123,168,1)
7,8: (32639,31868,48059,65535)  #7F7CBBFF  srgba(127,124,187,1)
8,8: (32639,32125,41634,65535)  #7F7DA2FF  srgba(127,125,162,1)
9,8: (32639,32125,42148,65535)  #7F7DA4FF  srgba(127,125,164,1)
10,8: (32639,32382,35723,65535)  #7F7E8BFF  srgba(127,126,139,1)
11,8: (32639,32382,38036,65535)  #7F7E94FF  srgba(127,126,148,1)
12,8: (32639,32382,40092,65535)  #7F7E9CFF  srgba(127,126,156,1)
13,8: (32639,32382,42919,65535)  #7F7EA7FF  srgba(127,126,167,1)
14,8: (32639,32382,46260,65535)  #7F7EB4FF  srgba(127,126,180,1)
15,8: (32639,32382,48059,65535)  #7F7EBBFF  srgba(127,126,187,1)
0,9: (32639,32896,46260,65535)  #7F80B4FF  srgba(127,128,180,1)
1,9: (32639,33153,33153,65535)  #7F8181FF  srgba(127,129,129,1)
2,9: (32639,34438,0,65535)  #7F8600FF  srgba(127,134,0,1)
3,9: (32896,31868,44204,65535)  #807CACFF  srgba(128,124,172,1)
4,9: (32896,31868,46003,65535)  #807CB3FF  srgba(128,124,179,1)
5,9: (32896,31868,46517,65535)  #807CB5FF  srgba(128,124,181,1)
6,9: (32896,32125,38036,65535)  #807D94FF  srgba(128,125,148,1)
7,9: (32896,32382,37008,65535)  #807E90FF  srgba(128,126,144,1)
8,9: (32896,32382,41634,65535)  #807EA2FF  srgba(128,126,162,1)
9,9: (32896,33153,46517,65535)  #8081B5FF  srgba(128,129,181,1)
10,9: (33153,32382,39578,65535)  #817E9AFF  srgba(129,126,154,1)
11,9: (33153,32639,34695,65535)  #817F87FF  srgba(129,127,135,1)
12,9: (33153,32639,38293,65535)  #817F95FF  srgba(129,127,149,1)
13,9: (33153,32639,42405,65535)  #817FA5FF  srgba(129,127,165,1)
14,9: (33153,32896,37265,65535)  #818091FF  srgba(129,128,145,1)
15,9: (33153,32896,48059,65535)  #8180BBFF  srgba(129,128,187,1)
0,10: (33153,33410,33153,65535)  #818281FF  srgba(129,130,129,1)
1,10: (33153,33667,46517,65535)  #8183B5FF  srgba(129,131,181,1)
2,10: (33153,34952,0,65535)  #818800FF  srgba(129,136,0,1)
3,10: (33410,32896,37522,65535)  #828092FF  srgba(130,128,146,1)
4,10: (33410,33410,32382,65535)  #82827EFF  srgba(130,130,126,1)
5,10: (33410,33667,42148,65535)  #8283A4FF  srgba(130,131,164,1)
6,10: (33410,33924,29298,65535)  #828472FF  srgba(130,132,114,1)
7,10: (33667,33410,30326,65535)  #838276FF  srgba(131,130,118,1)
8,10: (33667,33410,36494,65535)  #83828EFF  srgba(131,130,142,1)
9,10: (33667,33667,32639,65535)  #83837FFF  srgba(131,131,127,1)
10,10: (34181,33667,32125,65535)  #85837DFF  srgba(133,131,125,1)
11,10: (34181,33667,37522,65535)  #858392FF  srgba(133,131,146,1)
12,10: (34181,34181,29555,65535)  #858573FF  srgba(133,133,115,1)
13,10: (34181,36237,257,65535)  #858D01FF  srgba(133,141,1,1)
14,10: (34438,34438,35209,65535)  #868689FF  srgba(134,134,137,1)
15,10: (34438,36237,514,65535)  #868D02FF  srgba(134,141,2,1)
0,11: (34438,36494,0,65535)  #868E00FF  srgba(134,142,0,1)
1,11: (34695,36237,1028,65535)  #878D04FF  srgba(135,141,4,1)
2,11: (35466,36494,18504,65535)  #8A8E48FF  srgba(138,142,72,1)
3,11: (35466,37008,0,65535)  #8A9000FF  srgba(138,144,0,1)
4,11: (35723,37522,257,65535)  #8B9201FF  srgba(139,146,1,1)
5,11: (35980,38036,0,65535)  #8C9400FF  srgba(140,148,0,1)
6,11: (36237,36237,37779,65535)  #8D8D93FF  srgba(141,141,147,1)
7,11: (36237,36751,47802,65535)  #8D8FBAFF  srgba(141,143,186,1)
8,11: (36494,36494,52942,65535)  #8E8ECEFF  srgba(142,142,206,1)
9,11: (36494,37008,44975,65535)  #8E90AFFF  srgba(142,144,175,1)
10,11: (36494,38807,10023,65535)  #8E9727FF  srgba(142,151,39,1)
11,11: (36751,37522,23644,65535)  #8F925CFF  srgba(143,146,92,1)
12,11: (37008,37522,33153,65535)  #909281FF  srgba(144,146,129,1)
13,11: (37265,37779,49601,65535)  #9193C1FF  srgba(145,147,193,1)
14,11: (37522,39321,0,65535)  #929900FF  srgba(146,153,0,1)
15,11: (38550,38550,46517,65535)  #9696B5FF  srgba(150,150,181,1)
0,12: (38550,40606,514,65535)  #969E02FF  srgba(150,158,2,1)
1,12: (39064,41120,0,65535)  #98A000FF  srgba(152,160,0,1)
2,12: (39321,41634,0,65535)  #99A200FF  srgba(153,162,0,1)
3,12: (39578,41891,1542,65535)  #9AA306FF  srgba(154,163,6,1)
4,12: (40349,40863,42148,65535)  #9D9FA4FF  srgba(157,159,164,1)
5,12: (40606,40606,51657,65535)  #9E9EC9FF  srgba(158,158,201,1)
6,12: (40606,40863,28013,65535)  #9E9F6DFF  srgba(158,159,109,1)
7,12: (40606,41377,38293,65535)  #9EA195FF  srgba(158,161,149,1)
8,12: (40863,41634,32382,65535)  #9FA27EFF  srgba(159,162,126,1)
9,12: (41120,41377,24415,65535)  #A0A15FFF  srgba(160,161,95,1)
10,12: (41120,41891,24158,65535)  #A0A35EFF  srgba(160,163,94,1)
11,12: (41120,41891,28270,65535)  #A0A36EFF  srgba(160,163,110,1)
12,12: (41120,42148,27756,65535)  #A0A46CFF  srgba(160,164,108,1)
13,12: (41377,41634,28270,65535)  #A1A26EFF  srgba(161,162,110,1)
14,12: (41377,41634,49601,65535)  #A1A2C1FF  srgba(161,162,193,1)
15,12: (41377,43433,0,65535)  #A1A900FF  srgba(161,169,0,1)
0,13: (41377,44975,40349,65535)  #A1AF9DFF  srgba(161,175,157,1)
1,13: (41377,45489,33153,65535)  #A1B181FF  srgba(161,177,129,1)
2,13: (41377,45489,37522,65535)  #A1B192FF  srgba(161,177,146,1)
3,13: (41377,45489,40863,65535)  #A1B19FFF  srgba(161,177,159,1)
4,13: (41634,41891,31868,65535)  #A2A37CFF  srgba(162,163,124,1)
5,13: (41634,41891,48059,65535)  #A2A3BBFF  srgba(162,163,187,1)
6,13: (41634,42148,28784,65535)  #A2A470FF  srgba(162,164,112,1)
7,13: (41634,42148,35209,65535)  #A2A489FF  srgba(162,164,137,1)
8,13: (41634,42148,39835,65535)  #A2A49BFF  srgba(162,164,155,1)
9,13: (41634,42405,41120,65535)  #A2A5A0FF  srgba(162,165,160,1)
10,13: (41634,42662,37779,65535)  #A2A693FF  srgba(162,166,147,1)
11,13: (41634,46260,41120,65535)  #A2B4A0FF  srgba(162,180,160,1)
12,13: (41891,41634,45232,65535)  #A3A2B0FF  srgba(163,162,176,1)
13,13: (41891,42148,46260,65535)  #A3A4B4FF  srgba(163,164,180,1)
14,13: (41891,42405,41634,65535)  #A3A5A2FF  srgba(163,165,162,1)
15,13: (41891,42405,42148,65535)  #A3A5A4FF  srgba(163,165,164,1)
0,14: (41891,42405,44461,65535)  #A3A5ADFF  srgba(163,165,173,1)
1,14: (41891,42662,32896,65535)  #A3A680FF  srgba(163,166,128,1)
2,14: (41891,42662,49087,65535)  #A3A6BFFF  srgba(163,166,191,1)
3,14: (42148,42662,33410,65535)  #A4A682FF  srgba(164,166,130,1)
4,14: (42148,42919,42148,65535)  #A4A7A4FF  srgba(164,167,164,1)
5,14: (42148,46003,41120,65535)  #A4B3A0FF  srgba(164,179,160,1)
6,14: (42405,42662,43690,65535)  #A5A6AAFF  srgba(165,166,170,1)
7,14: (42405,42919,41891,65535)  #A5A7A3FF  srgba(165,167,163,1)
8,14: (42405,43947,0,65535)  #A5AB00FF  srgba(165,171,0,1)
9,14: (42405,46774,41634,65535)  #A5B6A2FF  srgba(165,182,162,1)
10,14: (42662,42405,44975,65535)  #A6A5AFFF  srgba(166,165,175,1)
11,14: (42662,42919,44204,65535)  #A6A7ACFF  srgba(166,167,172,1)
12,14: (42662,44461,0,65535)  #A6AD00FF  srgba(166,173,0,1)
13,14: (42662,44461,514,65535)  #A6AD02FF  srgba(166,173,2,1)
14,14: (42919,42405,46003,65535)  #A7A5B3FF  srgba(167,165,179,1)
15,14: (42919,42405,47031,65535)  #A7A5B7FF  srgba(167,165,183,1)
0,15: (42919,42662,47802,65535)  #A7A6BAFF  srgba(167,166,186,1)
1,15: (42919,42662,49087,65535)  #A7A6BFFF  srgba(167,166,191,1)
2,15: (42919,43176,50372,65535)  #A7A8C4FF  srgba(167,168,196,1)
3,15: (42919,43433,40092,65535)  #A7A99CFF  srgba(167,169,156,1)
4,15: (42919,45746,41891,65535)  #A7B2A3FF  srgba(167,178,163,1)
5,15: (43176,42662,50886,65535)  #A8A6C6FF  srgba(168,166,198,1)
6,15: (43176,43433,38807,65535)  #A8A997FF  srgba(168,169,151,1)
7,15: (43176,43433,49344,65535)  #A8A9C0FF  srgba(168,169,192,1)
8,15: (43176,44204,36751,65535)  #A8AC8FFF  srgba(168,172,143,1)
9,15: (43433,43433,44975,65535)  #A9A9AFFF  srgba(169,169,175,1)
10,15: (43433,43690,41377,65535)  #A9AAA1FF  srgba(169,170,161,1)
11,15: (43433,43690,50886,65535)  #A9AAC6FF  srgba(169,170,198,1)
12,15: (43690,43176,46260,65535)  #AAA8B4FF  srgba(170,168,180,1)
13,15: (43690,43176,46774,65535)  #AAA8B6FF  srgba(170,168,182,1)
14,15: (44461,44975,52171,65535)  #ADAFCBFF  srgba(173,175,203,1)
15,15: (0,65535,0,0)  #00FF0000  srgba(0,255,0,0)
