# ImageMagick pixel enumeration: 16,16,65535,srgba
0,0: (0,0,0,65535)  #000000FF  black
1,0: (0,0,257,65535)  #000001FF  srgba(0,0,1,1)
2,0: (0,0,3855,65535)  #00000FFF  srgba(0,0,15,1)
3,0: (0,0,8224,65535)  #000020FF  srgba(0,0,32,1)
4,0: (0,0,8481,65535)  #000021FF  srgba(0,0,33,1)
5,0: (0,0,13878,65535)  #000036FF  srgba(0,0,54,1)
6,0: (0,0,13878,65535)  #000036FF  srgba(0,0,54,1)
7,0: (0,257,3341,65535)  #00010DFF  srgba(0,1,13,1)
8,0: (0,514,1285,65535)  #000205FF  srgba(0,2,5,1)
9,0: (0,514,2056,65535)  #000208FF  srgba(0,2,8,1)
10,0: (0,771,1542,65535)  #000306FF  srgba(0,3,6,1)
11,0: (0,771,24158,65535)  #00035EFF  srgba(0,3,94,1)
12,0: (0,1028,0,65535)  #000400FF  srgba(0,4,0,1)
13,0: (0,1028,1542,65535)  #000406FF  srgba(0,4,6,1)
14,0: (0,1285,1285,65535)  #000505FF  srgba(0,5,5,1)
15,0: (0,1285,18247,65535)  #000547FF  srgba(0,5,71,1)
0,1: (0,4369,0,65535)  #001100FF  srgba(0,17,0,1)
1,1: (0,4626,3855,65535)  #00120FFF  srgba(0,18,15,1)
2,1: (0,6682,8224,65535)  #001A20FF  srgba(0,26,32,1)
3,1: (0,9509,0,65535)  #002500FF  srgba(0,37,0,1)
4,1: (0,9766,2313,65535)  #002609FF  srgba(0,38,9,1)
5,1: (0,11822,1285,65535)  #002E05FF  srgba(0,46,5,1)
6,1: (0,11822,13621,65535)  #002E35FF  srgba(0,46,53,1)
7,1: (0,12850,0,65535)  #003200FF  srgba(0,50,0,1)
8,1: (0,15420,0,65535)  #003C00FF  srgba(0,60,0,1)
9,1: (0,15677,3855,65535)  #003D0FFF  srgba(0,61,15,1)
10,1: (0,18247,8224,65535)  #004720FF  srgba(0,71,32,1)
11,1: (0,18761,0,65535)  #004900FF  srgba(0,73,0,1)
12,1: (0,25443,3084,65535)  #00630CFF  srgba(0,99,12,1)
13,1: (0,26471,0,65535)  #006700FF  srgba(0,103,0,1)
14,1: (0,29041,9766,65535)  #007126FF  srgba(0,113,38,1)
15,1: (0,29298,0,65535)  #007200FF  srgba(0,114,0,1)
0,2: (0,31097,0,65535)  #007900FF  srgba(0,121,0,1)
1,2: (0,37779,0,65535)  #009300FF  srgba(0,147,0,1)
2,2: (0,38036,3341,65535)  #00940DFF  srgba(0,148,13,1)
3,2: (0,39321,16191,65535)  #00993FFF  srgba(0,153,63,1)
4,2: (0,42662,0,65535)  #00A600FF  srgba(0,166,0,1)
5,2: (0,43433,10023,65535)  #00A927FF  srgba(0,169,39,1)
6,2: (0,44461,22359,65535)  #00AD57FF  srgba(0,173,87,1)
7,2: (0,47802,0,65535)  #00BA00FF  srgba(0,186,0,1)
8,2: (0,49858,2827,65535)  #00C20BFF  srgba(0,194,11,1)
9,2: (0,55255,25700,65535)  #00D764FF  srgba(0,215,100,1)
10,2: (0,57311,0,65535)  #00DF00FF  srgba(0,223,0,1)
11,2: (0,57825,0,65535)  #00E100FF  srgba(0,225,0,1)
12,2: (0,57825,9509,65535)  #00E125FF  srgba(0,225,37,1)
13,2: (0,58339,16191,65535)  #00E33FFF  srgba(0,227,63,1)
14,2: (0,59110,0,65535)  #00E600FF  srgba(0,230,0,1)
15,2: (0,59110,2827,65535)  #00E60BFF  srgba(0,230,11,1)
0,3: (0,59367,0,65535)  #00E700FF  srgba(0,231,0,1)
1,3: (0,59624,0,65535)  #00E800FF  srgba(0,232,0,1)
2,3: (0,59881,0,65535)  #00E900FF  srgba(0,233,0,1)
3,3: (0,60138,0,65535)  #00EA00FF  srgba(0,234,0,1)
4,3: (0,60395,257,65535)  #00EB01FF  srgba(0,235,1,1)
5,3: (257,0,0,65535)  #010000FF  srgba(1,0,0,1)
6,3: (257,1028,0,65535)  #010400FF  srgba(1,4,0,1)
7,3: (257,2827,0,65535)  #010B00FF  srgba(1,11,0,1)
8,3: (257,25186,11822,65535)  #01622EFF  srgba(1,98,46,1)
9,3: (257,33153,4883,65535)  #018113FF  srgba(1,129,19,1)
10,3: (257,57054,0,65535)  #01DE00FF  srgba(1,222,0,1)
11,3: (514,514,514,65535)  #020202FF  srgba(2,2,2,1)
12,3: (514,514,1285,65535)  #020205FF  srgba(2,2,5,1)
13,3: (514,771,2056,65535)  #020308FF  srgba(2,3,8,1)
14,3: (514,24929,0,65535)  #026100FF  srgba(2,97,0,1)
15,3: (514,25186,4626,65535)  #026212FF  srgba(2,98,18,1)
0,4: (514,53199,26985,65535)  #02CF69FF  srgba(2,207,105,1)
1,4: (514,60652,16448,65535)  #02EC40FF  srgba(2,236,64,1)
2,4: (771,1028,2827,65535)  #03040BFF  srgba(3,4,11,1)
3,4: (771,1028,3598,65535)  #03040EFF  srgba(3,4,14,1)
4,4: (771,12850,3598,65535)  #03320EFF  srgba(3,50,14,1)
5,4: (771,23130,16962,65535)  #035A42FF  srgba(3,90,66,1)
6,4: (771,47802,0,65535)  #03BA00FF  srgba(3,186,0,1)
7,4: (771,50629,13878,65535)  #03C536FF  srgba(3,197,54,1)
8,4: (771,55512,4883,65535)  #03D813FF  srgba(3,216,19,1)
9,4: (771,60652,5654,65535)  #03EC16FF  srgba(3,236,22,1)
10,4: (1028,1542,9509,65535)  #040625FF  srgba(4,6,37,1)
11,4: (1028,1799,4626,65535)  #040712FF  srgba(4,7,18,1)
12,4: (1028,8738,771,65535)  #042203FF  srgba(4,34,3,1)
13,4: (1028,58853,21845,65535)  #04E555FF  srgba(4,229,85,1)
14,4: (1028,59110,7196,65535)  #04E61CFF  srgba(4,230,28,1)
15,4: (1028,59881,0,65535)  #04E900FF  srgba(4,233,0,1)
0,5: (1028,60652,0,65535)  #04EC00FF  srgba(4,236,0,1)
1,5: (1028,60652,1285,65535)  #04EC05FF  srgba(4,236,5,1)
2,5: (1028,62708,23644,65535)  #04F45CFF  srgba(4,244,92,1)
3,5: (1285,9509,3341,65535)  #05250DFF  srgba(5,37,13,1)
4,5: (1285,59367,1285,65535)  #05E705FF  srgba(5,231,5,1)
5,5: (1285,60395,514,65535)  #05EB02FF  srgba(5,235,2,1)
6,5: (1285,62451,16448,65535)  #05F340FF  srgba(5,243,64,1)
7,5: (1542,60395,0,65535)  #06EB00FF  srgba(6,235,0,1)
8,5: (1542,60909,0,65535)  #06ED00FF  srgba(6,237,0,1)
9,5: (1542,60909,0,65535)  #06ED00FF  srgba(6,237,0,1)
10,5: (1799,60138,0,65535)  #07EA00FF  srgba(7,234,0,1)
11,5: (1799,60652,0,65535)  #07EC00FF  srgba(7,236,0,1)
12,5: (1799,61166,0,65535)  #07EE00FF  srgba(7,238,0,1)
13,5: (2056,61423,1285,65535)  #08EF05FF  srgba(8,239,5,1)
14,5: (2056,62194,5397,65535)  #08F215FF  srgba(8,242,21,1)
15,5: (2313,62451,10280,65535)  #09F328FF  srgba(9,243,40,1)
0,6: (2570,60652,0,65535)  #0AEC00FF  srgba(10,236,0,1)
1,6: (2827,60652,0,65535)  #0BEC00FF  srgba(11,236,0,1)
2,6: (3084,1285,2313,65535)  #0C0509FF  srgba(12,5,9,1)
3,6: (3084,11308,4112,65535)  #0C2C10FF  srgba(12,44,16,1)
4,6: (3084,59624,0,65535)  #0CE800FF  srgba(12,232,0,1)
5,6: (3084,60395,0,65535)  #0CEB00FF  srgba(12,235,0,1)
6,6: (3341,5397,3855,65535)  #0D150FFF  srgba(13,21,15,1)
7,6: (3598,60652,0,65535)  #0EEC00FF  srgba(14,236,0,1)
8,6: (3855,3084,0,65535)  #0F0C00FF  srgba(15,12,0,1)
9,6: (4112,58596,0,65535)  #10E400FF  srgba(16,228,0,1)
10,6: (4112,58853,14649,65535)  #10E539FF  srgba(16,229,57,1)
11,6: (4369,16705,0,65535)  #114100FF  srgba(17,65,0,1)
12,6: (4626,60652,0,65535)  #12EC00FF  srgba(18,236,0,1)
13,6: (4626,61166,0,65535)  #12EE00FF  srgba(18,238,0,1)
14,6: (4883,31868,0,65535)  #137C00FF  srgba(19,124,0,1)
15,6: (4883,43176,0,65535)  #13A800FF  srgba(19,168,0,1)
0,7: (4883,60652,1028,65535)  #13EC04FF  srgba(19,236,4,1)
1,7: (4883,60909,0,65535)  #13ED00FF  srgba(19,237,0,1)
2,7: (5654,5140,4883,65535)  #161413FF  srgba(22,20,19,1)
3,7: (5654,55255,3598,65535)  #16D70EFF  srgba(22,215,14,1)
4,7: (5654,61166,0,65535)  #16EE00FF  srgba(22,238,0,1)
5,7: (5654,62965,30069,65535)  #16F575FF  srgba(22,245,117,1)
6,7: (5911,8995,5397,65535)  #172315FF  srgba(23,35,21,1)
7,7: (5911,58853,1285,65535)  #17E505FF  srgba(23,229,5,1)
8,7: (6168,15677,4626,65535)  #183D12FF  srgba(24,61,18,1)
9,7: (6168,56283,24415,65535)  #18DB5FFF  srgba(24,219,95,1)
10,7: (6425,32639,15163,65535)  #197F3BFF  srgba(25,127,59,1)
11,7: (6425,60652,0,65535)  #19EC00FF  srgba(25,236,0,1)
12,7: (6682,62451,4883,65535)  #1AF313FF  srgba(26,243,19,1)
13,7: (6939,33667,3084,65535)  #1B830CFF  srgba(27,131,12,1)
14,7: (6939,61423,0,65535)  #1BEF00FF  srgba(27,239,0,1)
15,7: (7196,58339,5397,65535)  #1CE315FF  srgba(28,227,21,1)
0,8: (7453,63479,34181,65535)  #1DF785FF  srgba(29,247,133,1)
1,8: (8224,14649,13107,65535)  #203933FF  srgba(32,57,51,1)
2,8: (8481,46774,3084,65535)  #21B60CFF  srgba(33,182,12,1)
3,8: (8738,58082,0,65535)  #22E200FF  srgba(34,226,0,1)
4,8: (8995,63736,40349,65535)  #23F89DFF  srgba(35,248,157,1)
5,8: (9252,10280,11308,65535)  #24282CFF  srgba(36,40,44,1)
6,8: (9252,37522,0,65535)  #249200FF  srgba(36,146,0,1)
7,8: (9509,38550,24929,65535)  #259661FF  srgba(37,150,97,1)
8,8: (9766,19018,0,65535)  #264A00FF  srgba(38,74,0,1)
9,8: (10023,47545,14135,65535)  #27B937FF  srgba(39,185,55,1)
10,8: (10023,63222,15934,65535)  #27F63EFF  srgba(39,246,62,1)
11,8: (10280,15677,19018,65535)  #283D4AFF  srgba(40,61,74,1)
12,8: (10280,62451,8738,65535)  #28F322FF  srgba(40,243,34,1)
13,8: (10537,18504,27499,65535)  #29486BFF  srgba(41,72,107,1)
14,8: (10537,53970,37779,65535)  #29D293FF  srgba(41,210,147,1)
15,8: (10794,11308,5397,65535)  #2A2C15FF  srgba(42,44,21,1)
0,9: (11308,21331,3855,65535)  #2C530FFF  srgba(44,83,15,1)
1,9: (11565,60652,3855,65535)  #2DEC0FFF  srgba(45,236,15,1)
2,9: (12079,20817,20817,65535)  #2F5151FF  srgba(47,81,81,1)
3,9: (12079,58339,15163,65535)  #2FE33BFF  srgba(47,227,59,1)
4,9: (12336,12336,12336,65535)  #303030FF  grey19
5,9: (12850,20817,24158,65535)  #32515EFF  srgba(50,81,94,1)
6,9: (12850,38293,0,65535)  #329500FF  srgba(50,149,0,1)
7,9: (12850,63736,23644,65535)  #32F85CFF  srgba(50,248,92,1)
8,9: (13107,43176,4626,65535)  #33A812FF  srgba(51,168,18,1)
9,9: (13107,56026,32382,65535)  #33DA7EFF  srgba(51,218,126,1)
10,9: (13107,62194,6168,65535)  #33F218FF  srgba(51,242,24,1)
11,9: (13364,58339,5654,65535)  #34E316FF  srgba(52,227,22,1)
12,9: (13621,31611,4112,65535)  #357B10FF  srgba(53,123,16,1)
13,9: (13621,52171,4626,65535)  #35CB12FF  srgba(53,203,18,1)
14,9: (14649,26471,26214,65535)  #396766FF  srgba(57,103,102,1)
15,9: (14906,31097,14906,65535)  #3A793AFF  srgba(58,121,58,1)
0,10: (16191,54998,24929,65535)  #3FD661FF  srgba(63,214,97,1)
1,10: (16705,21074,5911,65535)  #415217FF  srgba(65,82,23,1)
2,10: (16962,19275,14392,65535)  #424B38FF  srgba(66,75,56,1)
3,10: (17219,16448,39321,65535)  #434099FF  srgba(67,64,153,1)
4,10: (17733,51400,44975,65535)  #45C8AFFF  srgba(69,200,175,1)
5,10: (17990,33924,6168,65535)  #468418FF  srgba(70,132,24,1)
6,10: (17990,56540,6425,65535)  #46DC19FF  srgba(70,220,25,1)
7,10: (18504,46517,5397,65535)  #48B515FF  srgba(72,181,21,1)
8,10: (18761,21331,28013,65535)  #49536DFF  srgba(73,83,109,1)
9,10: (19018,39064,32382,65535)  #4A987EFF  srgba(74,152,126,1)
10,10: (20046,21074,20046,65535)  #4E524EFF  srgba(78,82,78,1)
11,10: (20046,22873,24158,65535)  #4E595EFF  srgba(78,89,94,1)
12,10: (20817,19275,57568,65535)  #514BE0FF  srgba(81,75,224,1)
13,10: (20817,41634,0,65535)  #51A200FF  srgba(81,162,0,1)
14,10: (21074,57825,13621,65535)  #52E135FF  srgba(82,225,53,1)
15,10: (21331,62451,7196,65535)  #53F31CFF  srgba(83,243,28,1)
0,11: (22359,30069,31611,65535)  #57757BFF  srgba(87,117,123,1)
1,11: (22873,31354,15420,65535)  #597A3CFF  srgba(89,122,60,1)
2,11: (23387,31611,40092,65535)  #5B7B9CFF  srgba(91,123,156,1)
3,11: (23644,37008,24929,65535)  #5C9061FF  srgba(92,144,97,1)
4,11: (23644,42919,3855,65535)  #5CA70FFF  srgba(92,167,15,1)
5,11: (24158,48573,14135,65535)  #5EBD37FF  srgba(94,189,55,1)
6,11: (24415,29812,54227,65535)  #5F74D3FF  srgba(95,116,211,1)
7,11: (24415,64250,23901,65535)  #5FFA5DFF  srgba(95,250,93,1)
8,11: (24672,27242,26214,65535)  #606A66FF  srgba(96,106,102,1)
9,11: (24672,44975,38036,65535)  #60AF94FF  srgba(96,175,148,1)
10,11: (25957,53970,6168,65535)  #65D218FF  srgba(101,210,24,1)
11,11: (26471,45746,46774,65535)  #67B2B6FF  srgba(103,178,182,1)
12,11: (26471,64250,34695,65535)  #67FA87FF  srgba(103,250,135,1)
13,11: (29812,64764,50629,65535)  #74FCC5FF  srgba(116,252,197,1)
14,11: (30069,29555,30583,65535)  #757377FF  srgba(117,115,119,1)
15,11: (30326,27756,58339,65535)  #766CE3FF  srgba(118,108,227,1)
0,12: (30326,56026,15677,65535)  #76DA3DFF  srgba(118,218,61,1)
1,12: (30840,35209,54484,65535)  #7889D4FF  srgba(120,137,212,1)
2,12: (31354,64507,26985,65535)  #7AFB69FF  srgba(122,251,105,1)
3,12: (31868,33924,32639,65535)  #7C847FFF  srgba(124,132,127,1)
4,12: (32639,44461,21588,65535)  #7FAD54FF  srgba(127,173,84,1)
5,12: (33153,37008,31611,65535)  #81907BFF  srgba(129,144,123,1)
6,12: (33153,40863,53713,65535)  #819FD1FF  srgba(129,159,209,1)
7,12: (33667,42919,32382,65535)  #83A77EFF  srgba(131,167,126,1)
8,12: (34181,64764,28013,65535)  #85FC6DFF  srgba(133,252,109,1)
9,12: (34438,38036,39321,65535)  #869499FF  srgba(134,148,153,1)
10,12: (35209,42148,42662,65535)  #89A4A6FF  srgba(137,164,166,1)
11,12: (35209,42662,43433,65535)  #89A6A9FF  srgba(137,166,169,1)
12,12: (35209,44204,44718,65535)  #89ACAEFF  srgba(137,172,174,1)
13,12: (35723,46774,51143,65535)  #8BB6C7FF  srgba(139,182,199,1)
14,12: (35980,57311,15420,65535)  #8CDF3CFF  srgba(140,223,60,1)
15,12: (36237,32639,57054,65535)  #8D7FDEFF  srgba(141,127,222,1)
0,13: (36237,52171,46517,65535)  #8DCBB5FF  srgba(141,203,181,1)
1,13: (36237,53970,35723,65535)  #8DD28BFF  srgba(141,210,139,1)
2,13: (36237,64764,35723,65535)  #8DFC8BFF  srgba(141,252,139,1)
3,13: (36494,42405,39578,65535)  #8EA59AFF  srgba(142,165,154,1)
4,13: (38550,41377,53456,65535)  #96A1D0FF  srgba(150,161,208,1)
5,13: (38550,51400,52942,65535)  #96C8CEFF  srgba(150,200,206,1)
6,13: (40606,54484,58853,65535)  #9ED4E5FF  srgba(158,212,229,1)
7,13: (40606,63993,24415,65535)  #9EF95FFF  srgba(158,249,95,1)
8,13: (42148,46517,55512,65535)  #A4B5D8FF  srgba(164,181,216,1)
9,13: (42405,45232,45746,65535)  #A5B0B2FF  srgba(165,176,178,1)
10,13: (42662,41377,55769,65535)  #A6A1D9FF  srgba(166,161,217,1)
11,13: (43176,53713,42662,65535)  #A8D1A6FF  srgba(168,209,166,1)
12,13: (44204,63736,56026,65535)  #ACF8DAFF  srgba(172,248,218,1)
13,13: (46003,55512,59881,65535)  #B3D8E9FF  srgba(179,216,233,1)
14,13: (46774,52685,53456,65535)  #B6CDD0FF  srgba(182,205,208,1)
15,13: (47031,46774,49858,65535)  #B7B6C2FF  srgba(183,182,194,1)
0,14: (48316,26728,59881,65535)  #BC68E9FF  srgba(188,104,233,1)
1,14: (49087,53713,45232,65535)  #BFD1B0FF  srgba(191,209,176,1)
2,14: (49858,56540,60395,65535)  #C2DCEBFF  srgba(194,220,235,1)
3,14: (50629,35723,62708,65535)  #C58BF4FF  srgba(197,139,244,1)
4,14: (51400,65278,65535,65535)  #C8FEFFFF  srgba(200,254,255,1)
5,14: (51914,62194,62708,65535)  #CAF2F4FF  srgba(202,242,244,1)
6,14: (51914,63222,53713,65535)  #CAF6D1FF  srgba(202,246,209,1)
7,14: (52942,63479,64250,65535)  #CEF7FAFF  srgba(206,247,250,1)
8,14: (53456,65278,65535,65535)  #D0FEFFFF  srgba(208,254,255,1)
9,14: (53970,65278,65535,65535)  #D2FEFFFF  srgba(210,254,255,1)
10,14: (54227,46260,64764,65535)  #D3B4FCFF  srgba(211,180,252,1)
11,14: (54227,57054,61937,65535)  #D3DEF1FF  srgba(211,222,241,1)
12,14: (54484,41120,63993,65535)  #D4A0F9FF  srgba(212,160,249,1)
13,14: (54741,65278,65535,65535)  #D5FEFFFF  srgba(213,254,255,1)
14,14: (55769,65535,65535,65535)  #D9FFFFFF  srgba(217,255,255,1)
15,14: (56283,65535,65535,65535)  #DBFFFFFF  srgba(219,255,255,1)
0,15: (57311,65535,65535,65535)  #DFFFFFFF  srgba(223,255,255,1)
1,15: (57825,65278,65535,65535)  #E1FEFFFF  srgba(225,254,255,1)
2,15: (58853,65535,65535,65535)  #E5FFFFFF  srgba(229,255,255,1)
3,15: (59110,65278,65535,65535)  #E6FEFFFF  srgba(230,254,255,1)
4,15: (59367,63222,60652,65535)  #E7F6ECFF  srgba(231,246,236,1)
5,15: (59881,65535,65535,65535)  #E9FFFFFF  srgba(233,255,255,1)
6,15: (60395,65535,65535,65535)  #EBFFFFFF  srgba(235,255,255,1)
7,15: (60652,65021,65535,65535)  #ECFDFFFF  srgba(236,253,255,1)
8,15: (60909,63993,65021,65535)  #EDF9FDFF  srgba(237,249,253,1)
9,15: (60909,65278,65535,65535)  #EDFEFFFF  srgba(237,254,255,1)
10,15: (60909,65535,65535,65535)  #EDFFFFFF  srgba(237,255,255,1)
11,15: (61680,59624,63736,65535)  #F0E8F8FF  srgba(240,232,248,1)
12,15: (62194,54484,65021,65535)  #F2D4FDFF  srgba(242,212,253,1)
13,15: (62194,65278,65535,65535)  #F2FEFFFF  srgba(242,254,255,1)
14,15: (65021,64507,65535,65535)  #FDFBFFFF  srgba(253,251,255,1)
15,15: (0,65535,0,0)  #00FF0000  srgba(0,255,0,0)
