# ImageMagick pixel enumeration: 16,16,65535,srgba
0,0: (0,0,0,65535)  #000000FF  black
1,0: (0,257,771,65535)  #000103FF  srgba(0,1,3,1)
2,0: (0,6939,3855,65535)  #001B0FFF  srgba(0,27,15,1)
3,0: (0,20817,20560,65535)  #005150FF  srgba(0,81,80,1)
4,0: (0,34438,32125,65535)  #00867DFF  srgba(0,134,125,1)
5,0: (0,53970,53199,65535)  #00D2CFFF  srgba(0,210,207,1)
6,0: (0,58082,58339,65535)  #00E2E3FF  srgba(0,226,227,1)
7,0: (0,59624,60909,65535)  #00E8EDFF  srgba(0,232,237,1)
8,0: (0,61166,63993,65535)  #00EEF9FF  srgba(0,238,249,1)
9,0: (0,62708,65535,65535)  #00F4FFFF  srgba(0,244,255,1)
10,0: (0,63222,65535,65535)  #00F6FFFF  srgba(0,246,255,1)
11,0: (0,63479,65535,65535)  #00F7FFFF  srgba(0,247,255,1)
12,0: (0,63736,65535,65535)  #00F8FFFF  srgba(0,248,255,1)
13,0: (0,63993,65535,65535)  #00F9FFFF  srgba(0,249,255,1)
14,0: (0,64250,64250,65535)  #00FAFAFF  srgba(0,250,250,1)
15,0: (0,64250,65535,65535)  #00FAFFFF  srgba(0,250,255,1)
0,1: (0,64507,65535,65535)  #00FBFFFF  srgba(0,251,255,1)
1,1: (0,64764,65535,65535)  #00FCFFFF  srgba(0,252,255,1)
2,1: (257,63736,65535,65535)  #01F8FFFF  srgba(1,248,255,1)
3,1: (257,63993,65535,65535)  #01F9FFFF  srgba(1,249,255,1)
4,1: (257,64250,65535,65535)  #01FAFFFF  srgba(1,250,255,1)
5,1: (514,42405,43176,65535)  #02A5A8FF  srgba(2,165,168,1)
6,1: (514,64250,65535,65535)  #02FAFFFF  srgba(2,250,255,1)
7,1: (514,64764,65535,65535)  #02FCFFFF  srgba(2,252,255,1)
8,1: (771,0,0,65535)  #030000FF  srgba(3,0,0,1)
9,1: (771,64250,65535,65535)  #03FAFFFF  srgba(3,250,255,1)
10,1: (1028,63479,65535,65535)  #04F7FFFF  srgba(4,247,255,1)
11,1: (1028,63993,65535,65535)  #04F9FFFF  srgba(4,249,255,1)
12,1: (1028,64764,65535,65535)  #04FCFFFF  srgba(4,252,255,1)
13,1: (1285,771,1542,65535)  #050306FF  srgba(5,3,6,1)
14,1: (1285,62708,65021,65535)  #05F4FDFF  srgba(5,244,253,1)
15,1: (1285,63736,65535,65535)  #05F8FFFF  srgba(5,248,255,1)
0,2: (1285,64764,65535,65535)  #05FCFFFF  srgba(5,252,255,1)
1,2: (1542,33924,30583,65535)  #068477FF  srgba(6,132,119,1)
2,2: (1799,63736,65278,65535)  #07F8FEFF  srgba(7,248,254,1)
3,2: (1799,64507,65535,65535)  #07FBFFFF  srgba(7,251,255,1)
4,2: (1799,65278,65535,65535)  #07FEFFFF  srgba(7,254,255,1)
5,2: (2056,11822,15677,65535)  #082E3DFF  srgba(8,46,61,1)
6,2: (2056,62451,65535,65535)  #08F3FFFF  srgba(8,243,255,1)
7,2: (2056,62965,65535,65535)  #08F5FFFF  srgba(8,245,255,1)
8,2: (2313,60395,64507,65535)  #09EBFBFF  srgba(9,235,251,1)
9,2: (2313,64764,65535,65535)  #09FCFFFF  srgba(9,252,255,1)
10,2: (2570,59367,60395,65535)  #0AE7EBFF  srgba(10,231,235,1)
11,2: (2570,60395,62965,65535)  #0AEBF5FF  srgba(10,235,245,1)
12,2: (2570,61423,65535,65535)  #0AEFFFFF  srgba(10,239,255,1)
13,2: (2827,64764,65535,65535)  #0BFCFFFF  srgba(11,252,255,1)
14,2: (2827,65021,65535,65535)  #0BFDFFFF  srgba(11,253,255,1)
15,2: (3084,56283,59367,65535)  #0CDBE7FF  srgba(12,219,231,1)
0,3: (3341,63736,65535,65535)  #0DF8FFFF  srgba(13,248,255,1)
1,3: (3341,63993,65535,65535)  #0DF9FFFF  srgba(13,249,255,1)
2,3: (3341,64764,65535,65535)  #0DFCFFFF  srgba(13,252,255,1)
3,3: (3341,65021,65535,65535)  #0DFDFFFF  srgba(13,253,255,1)
4,3: (3341,65278,65535,65535)  #0DFEFFFF  srgba(13,254,255,1)
5,3: (3598,53713,56026,65535)  #0ED1DAFF  srgba(14,209,218,1)
6,3: (3598,64250,65535,65535)  #0EFAFFFF  srgba(14,250,255,1)
7,3: (3598,65021,65535,65535)  #0EFDFFFF  srgba(14,253,255,1)
8,3: (3855,63479,65535,65535)  #0FF7FFFF  srgba(15,247,255,1)
9,3: (3855,65278,65535,65535)  #0FFEFFFF  srgba(15,254,255,1)
10,3: (3855,65278,65535,65535)  #0FFEFFFF  srgba(15,254,255,1)
11,3: (4112,63736,65535,65535)  #10F8FFFF  srgba(16,248,255,1)
12,3: (4112,65021,65535,65535)  #10FDFFFF  srgba(16,253,255,1)
13,3: (4369,65021,65535,65535)  #11FDFFFF  srgba(17,253,255,1)
14,3: (4369,65278,65535,65535)  #11FEFFFF  srgba(17,254,255,1)
15,3: (4883,65021,65535,65535)  #13FDFFFF  srgba(19,253,255,1)
0,4: (5654,65278,65535,65535)  #16FEFFFF  srgba(22,254,255,1)
1,4: (5911,64764,65535,65535)  #17FCFFFF  srgba(23,252,255,1)
2,4: (6168,64764,65535,65535)  #18FCFFFF  srgba(24,252,255,1)
3,4: (6682,63736,65278,65535)  #1AF8FEFF  srgba(26,248,254,1)
4,4: (6939,62708,65278,65535)  #1BF4FEFF  srgba(27,244,254,1)
5,4: (7196,2056,3084,65535)  #1C080CFF  srgba(28,8,12,1)
6,4: (7196,64507,65535,65535)  #1CFBFFFF  srgba(28,251,255,1)
7,4: (7196,65535,65535,65535)  #1CFFFFFF  srgba(28,255,255,1)
8,4: (7453,65278,65535,65535)  #1DFEFFFF  srgba(29,254,255,1)
9,4: (7710,59624,62708,65535)  #1EE8F4FF  srgba(30,232,244,1)
10,4: (7710,60652,65021,65535)  #1EECFDFF  srgba(30,236,253,1)
11,4: (7967,61680,65278,65535)  #1FF0FEFF  srgba(31,240,254,1)
12,4: (8224,58339,60652,65535)  #20E3ECFF  srgba(32,227,236,1)
13,4: (8481,59367,64764,65535)  #21E7FCFF  srgba(33,231,252,1)
14,4: (8481,65021,65021,65535)  #21FDFDFF  srgba(33,253,253,1)
15,4: (8481,65021,65535,65535)  #21FDFFFF  srgba(33,253,255,1)
0,5: (8995,57568,59110,65535)  #23E0E6FF  srgba(35,224,230,1)
1,5: (8995,65535,65535,65535)  #23FFFFFF  srgba(35,255,255,1)
2,5: (9252,65278,65535,65535)  #24FEFFFF  srgba(36,254,255,1)
3,5: (9766,62451,65278,65535)  #26F3FEFF  srgba(38,243,254,1)
4,5: (10023,63479,65278,65535)  #27F7FEFF  srgba(39,247,254,1)
5,5: (10023,64507,65535,65535)  #27FBFFFF  srgba(39,251,255,1)
6,5: (10023,65278,65535,65535)  #27FEFFFF  srgba(39,254,255,1)
7,5: (10280,54998,58082,65535)  #28D6E2FF  srgba(40,214,226,1)
8,5: (10280,65278,65535,65535)  #28FEFFFF  srgba(40,254,255,1)
9,5: (10794,65021,65535,65535)  #2AFDFFFF  srgba(42,253,255,1)
10,5: (10794,65278,65535,65535)  #2AFEFFFF  srgba(42,254,255,1)
11,5: (11051,53713,56540,65535)  #2BD1DCFF  srgba(43,209,220,1)
12,5: (11308,15163,15934,65535)  #2C3B3EFF  srgba(44,59,62,1)
13,5: (11308,56797,56540,65535)  #2CDDDCFF  srgba(44,221,220,1)
14,5: (11308,65278,65535,65535)  #2CFEFFFF  srgba(44,254,255,1)
15,5: (11308,65278,65535,65535)  #2CFEFFFF  srgba(44,254,255,1)
0,6: (11565,26214,29041,65535)  #2D6671FF  srgba(45,102,113,1)
1,6: (11565,65021,65535,65535)  #2DFDFFFF  srgba(45,253,255,1)
2,6: (11822,57054,58082,65535)  #2EDEE2FF  srgba(46,222,226,1)
3,6: (12336,65535,65535,65535)  #30FFFFFF  srgba(48,255,255,1)
4,6: (12593,59367,62451,65535)  #31E7F3FF  srgba(49,231,243,1)
5,6: (12593,60652,65021,65535)  #31ECFDFF  srgba(49,236,253,1)
6,6: (12593,65278,65535,65535)  #31FEFFFF  srgba(49,254,255,1)
7,6: (12850,41891,42405,65535)  #32A3A5FF  srgba(50,163,165,1)
8,6: (12850,59110,64764,65535)  #32E6FCFF  srgba(50,230,252,1)
9,6: (12850,61680,65278,65535)  #32F0FEFF  srgba(50,240,254,1)
10,6: (12850,62708,65278,65535)  #32F4FEFF  srgba(50,244,254,1)
11,6: (13107,63479,65278,65535)  #33F7FEFF  srgba(51,247,254,1)
12,6: (13107,65278,65535,65535)  #33FEFFFF  srgba(51,254,255,1)
13,6: (13364,58082,60652,65535)  #34E2ECFF  srgba(52,226,236,1)
14,6: (13878,65021,65278,65535)  #36FDFEFF  srgba(54,253,254,1)
15,6: (13878,65278,65535,65535)  #36FEFFFF  srgba(54,254,255,1)
0,7: (14392,57311,59110,65535)  #38DFE6FF  srgba(56,223,230,1)
1,7: (14649,52171,53970,65535)  #39CBD2FF  srgba(57,203,210,1)
2,7: (14649,65278,65535,65535)  #39FEFFFF  srgba(57,254,255,1)
3,7: (15163,54998,57825,65535)  #3BD6E1FF  srgba(59,214,225,1)
4,7: (15163,65278,65535,65535)  #3BFEFFFF  srgba(59,254,255,1)
5,7: (15677,52685,56283,65535)  #3DCDDBFF  srgba(61,205,219,1)
6,7: (15934,47031,47802,65535)  #3EB7BAFF  srgba(62,183,186,1)
7,7: (16191,47545,49344,65535)  #3FB9C0FF  srgba(63,185,192,1)
8,7: (16191,65278,65535,65535)  #3FFEFFFF  srgba(63,254,255,1)
9,7: (16191,65278,65535,65535)  #3FFEFFFF  srgba(63,254,255,1)
10,7: (16448,45489,47802,65535)  #40B1BAFF  srgba(64,177,186,1)
11,7: (16705,60652,65021,65535)  #41ECFDFF  srgba(65,236,253,1)
12,7: (16705,63222,65278,65535)  #41F6FEFF  srgba(65,246,254,1)
13,7: (17219,65278,65535,65535)  #43FEFFFF  srgba(67,254,255,1)
14,7: (17476,49858,52171,65535)  #44C2CBFF  srgba(68,194,203,1)
15,7: (17476,59367,62451,65535)  #44E7F3FF  srgba(68,231,243,1)
0,8: (17476,61937,65278,65535)  #44F1FEFF  srgba(68,241,254,1)
1,8: (17733,53456,56797,65535)  #45D0DDFF  srgba(69,208,221,1)
2,8: (17733,65278,65535,65535)  #45FEFFFF  srgba(69,254,255,1)
3,8: (17990,48316,51143,65535)  #46BCC7FF  srgba(70,188,199,1)
4,8: (17990,51143,51914,65535)  #46C7CAFF  srgba(70,199,202,1)
5,8: (18247,51400,52942,65535)  #47C8CEFF  srgba(71,200,206,1)
6,8: (18247,51400,55769,65535)  #47C8D9FF  srgba(71,200,217,1)
7,8: (18247,65278,65535,65535)  #47FEFFFF  srgba(71,254,255,1)
8,8: (18504,58082,60652,65535)  #48E2ECFF  srgba(72,226,236,1)
9,8: (18761,64764,65535,65535)  #49FCFFFF  srgba(73,252,255,1)
10,8: (18761,65278,65535,65535)  #49FEFFFF  srgba(73,254,255,1)
11,8: (19018,65278,65535,65535)  #4AFEFFFF  srgba(74,254,255,1)
12,8: (19275,46260,47802,65535)  #4BB4BAFF  srgba(75,180,186,1)
13,8: (19275,46517,49344,65535)  #4BB5C0FF  srgba(75,181,192,1)
14,8: (19532,52171,55769,65535)  #4CCBD9FF  srgba(76,203,217,1)
15,8: (19532,65278,65535,65535)  #4CFEFFFF  srgba(76,254,255,1)
0,9: (19789,47802,49858,65535)  #4DBAC2FF  srgba(77,186,194,1)
1,9: (19789,54998,59624,65535)  #4DD6E8FF  srgba(77,214,232,1)
2,9: (19789,57825,64764,65535)  #4DE1FCFF  srgba(77,225,252,1)
3,9: (20046,51657,53713,65535)  #4EC9D1FF  srgba(78,201,209,1)
4,9: (20046,59624,65021,65535)  #4EE8FDFF  srgba(78,232,253,1)
5,9: (20046,65278,65535,65535)  #4EFEFFFF  srgba(78,254,255,1)
6,9: (20560,49344,51914,65535)  #50C0CAFF  srgba(80,192,202,1)
7,9: (20560,54741,56540,65535)  #50D5DCFF  srgba(80,213,220,1)
8,9: (20560,64764,65535,65535)  #50FCFFFF  srgba(80,252,255,1)
9,9: (21074,65278,65535,65535)  #52FEFFFF  srgba(82,254,255,1)
10,9: (21331,63479,65278,65535)  #53F7FEFF  srgba(83,247,254,1)
11,9: (21331,65278,65278,65535)  #53FEFEFF  srgba(83,254,254,1)
12,9: (21331,65278,65535,65535)  #53FEFFFF  srgba(83,254,255,1)
13,9: (21588,49601,52171,65535)  #54C1CBFF  srgba(84,193,203,1)
14,9: (21588,57311,59110,65535)  #54DFE6FF  srgba(84,223,230,1)
15,9: (21845,51914,53456,65535)  #55CAD0FF  srgba(85,202,208,1)
0,10: (21845,53713,56540,65535)  #55D1DCFF  srgba(85,209,220,1)
1,10: (21845,56540,57568,65535)  #55DCE0FF  srgba(85,220,224,1)
2,10: (22102,52685,55769,65535)  #56CDD9FF  srgba(86,205,217,1)
3,10: (22102,65278,65535,65535)  #56FEFFFF  srgba(86,254,255,1)
4,10: (22616,58082,62451,65535)  #58E2F3FF  srgba(88,226,243,1)
5,10: (22616,61680,65278,65535)  #58F0FEFF  srgba(88,240,254,1)
6,10: (22873,51914,53970,65535)  #59CAD2FF  srgba(89,202,210,1)
7,10: (22873,58082,60652,65535)  #59E2ECFF  srgba(89,226,236,1)
8,10: (22873,60909,62708,65535)  #59EDF4FF  srgba(89,237,244,1)
9,10: (22873,65278,65535,65535)  #59FEFFFF  srgba(89,254,255,1)
10,10: (23130,24158,25957,65535)  #5A5E65FF  srgba(90,94,101,1)
11,10: (23130,60652,65021,65535)  #5AECFDFF  srgba(90,236,253,1)
12,10: (24158,51914,54227,65535)  #5ECAD3FF  srgba(94,202,211,1)
13,10: (24158,52942,55769,65535)  #5ECED9FF  srgba(94,206,217,1)
14,10: (24158,54741,57311,65535)  #5ED5DFFF  srgba(94,213,223,1)
15,10: (24415,63222,65278,65535)  #5FF6FEFF  srgba(95,246,254,1)
0,11: (24415,65278,65535,65535)  #5FFEFFFF  srgba(95,254,255,1)
1,11: (24672,42919,45746,65535)  #60A7B2FF  srgba(96,167,178,1)
2,11: (24672,49344,52428,65535)  #60C0CCFF  srgba(96,192,204,1)
3,11: (25186,51657,53970,65535)  #62C9D2FF  srgba(98,201,210,1)
4,11: (25700,54227,57054,65535)  #64D3DEFF  srgba(100,211,222,1)
5,11: (25957,65278,65535,65535)  #65FEFFFF  srgba(101,254,255,1)
6,11: (27242,54484,57311,65535)  #6AD4DFFF  srgba(106,212,223,1)
7,11: (27242,65278,65535,65535)  #6AFEFFFF  srgba(106,254,255,1)
8,11: (27499,57054,58596,65535)  #6BDEE4FF  srgba(107,222,228,1)
9,11: (28270,57568,59881,65535)  #6EE0E9FF  srgba(110,224,233,1)
10,11: (28270,58339,61423,65535)  #6EE3EFFF  srgba(110,227,239,1)
11,11: (28270,60395,62194,65535)  #6EEBF2FF  srgba(110,235,242,1)
12,11: (28784,65278,65535,65535)  #70FEFFFF  srgba(112,254,255,1)
13,11: (29041,34952,35723,65535)  #71888BFF  srgba(113,136,139,1)
14,11: (29041,54227,57311,65535)  #71D3DFFF  srgba(113,211,223,1)
15,11: (29041,63222,65278,65535)  #71F6FEFF  srgba(113,246,254,1)
0,12: (29555,59881,64507,65535)  #73E9FBFF  srgba(115,233,251,1)
1,12: (29812,65278,65535,65535)  #74FEFFFF  srgba(116,254,255,1)
2,12: (29812,65535,65535,65535)  #74FFFFFF  srgba(116,255,255,1)
3,12: (30069,64250,65535,65535)  #75FAFFFF  srgba(117,250,255,1)
4,12: (30583,51914,53713,65535)  #77CAD1FF  srgba(119,202,209,1)
5,12: (30583,61937,65021,65535)  #77F1FDFF  srgba(119,241,253,1)
6,12: (30583,65278,65535,65535)  #77FEFFFF  srgba(119,254,255,1)
7,12: (30840,58339,60909,65535)  #78E3EDFF  srgba(120,227,237,1)
8,12: (31097,60395,62708,65535)  #79EBF4FF  srgba(121,235,244,1)
9,12: (31354,61166,64507,65535)  #7AEEFBFF  srgba(122,238,251,1)
10,12: (31354,65278,65535,65535)  #7AFEFFFF  srgba(122,254,255,1)
11,12: (32125,65278,65535,65535)  #7DFEFFFF  srgba(125,254,255,1)
12,12: (32639,63222,65021,65535)  #7FF6FDFF  srgba(127,246,253,1)
13,12: (32896,59881,62194,65535)  #80E9F2FF  srgba(128,233,242,1)
14,12: (33410,65278,65535,65535)  #82FEFFFF  srgba(130,254,255,1)
15,12: (34438,54227,57311,65535)  #86D3DFFF  srgba(134,211,223,1)
0,13: (35209,62451,65021,65535)  #89F3FDFF  srgba(137,243,253,1)
1,13: (35209,65278,65535,65535)  #89FEFFFF  srgba(137,254,255,1)
2,13: (36237,64507,64764,65535)  #8DFBFCFF  srgba(141,251,252,1)
3,13: (36494,59624,61680,65535)  #8EE8F0FF  srgba(142,232,240,1)
4,13: (37008,65278,65535,65535)  #90FEFFFF  srgba(144,254,255,1)
5,13: (38807,65278,65535,65535)  #97FEFFFF  srgba(151,254,255,1)
6,13: (39578,62708,65278,65535)  #9AF4FEFF  srgba(154,244,254,1)
7,13: (40349,65278,65535,65535)  #9DFEFFFF  srgba(157,254,255,1)
8,13: (41377,59881,61680,65535)  #A1E9F0FF  srgba(161,233,240,1)
9,13: (41634,65278,65535,65535)  #A2FEFFFF  srgba(162,254,255,1)
10,13: (42148,65278,65535,65535)  #A4FEFFFF  srgba(164,254,255,1)
11,13: (42662,65535,65535,65535)  #A6FFFFFF  srgba(166,255,255,1)
12,13: (42919,65278,65535,65535)  #A7FEFFFF  srgba(167,254,255,1)
13,13: (42919,65278,65535,65535)  #A7FEFFFF  srgba(167,254,255,1)
14,13: (43176,65278,65535,65535)  #A8FEFFFF  srgba(168,254,255,1)
15,13: (43433,65278,65535,65535)  #A9FEFFFF  srgba(169,254,255,1)
0,14: (43947,65278,65535,65535)  #ABFEFFFF  srgba(171,254,255,1)
1,14: (44461,65278,65535,65535)  #ADFEFFFF  srgba(173,254,255,1)
2,14: (44461,65278,65535,65535)  #ADFEFFFF  srgba(173,254,255,1)
3,14: (45232,65278,65535,65535)  #B0FEFFFF  srgba(176,254,255,1)
4,14: (45489,65278,65278,65535)  #B1FEFEFF  srgba(177,254,254,1)
5,14: (45746,60138,61680,65535)  #B2EAF0FF  srgba(178,234,240,1)
6,14: (46517,65278,65535,65535)  #B5FEFFFF  srgba(181,254,255,1)
7,14: (47031,62708,65278,65535)  #B7F4FEFF  srgba(183,244,254,1)
8,14: (48573,65278,65535,65535)  #BDFEFFFF  srgba(189,254,255,1)
9,14: (49344,65278,65535,65535)  #C0FEFFFF  srgba(192,254,255,1)
10,14: (49858,65278,65535,65535)  #C2FEFFFF  srgba(194,254,255,1)
11,14: (51143,65278,65535,65535)  #C7FEFFFF  srgba(199,254,255,1)
12,14: (51143,65278,65535,65535)  #C7FEFFFF  srgba(199,254,255,1)
13,14: (51143,65278,65535,65535)  #C7FEFFFF  srgba(199,254,255,1)
14,14: (52685,65278,65535,65535)  #CDFEFFFF  srgba(205,254,255,1)
15,14: (53713,60909,61680,65535)  #D1EDF0FF  srgba(209,237,240,1)
0,15: (54227,62965,65278,65535)  #D3F5FEFF  srgba(211,245,254,1)
1,15: (54998,65278,65535,65535)  #D6FEFFFF  srgba(214,254,255,1)
2,15: (56026,65278,65535,65535)  #DAFEFFFF  srgba(218,254,255,1)
3,15: (56283,65278,65535,65535)  #DBFEFFFF  srgba(219,254,255,1)
4,15: (57568,65278,65278,65535)  #E0FEFEFF  srgba(224,254,254,1)
5,15: (57825,65278,65535,65535)  #E1FEFFFF  srgba(225,254,255,1)
6,15: (59881,65278,65535,65535)  #E9FEFFFF  srgba(233,254,255,1)
7,15: (61166,63222,65278,65535)  #EEF6FEFF  srgba(238,246,254,1)
8,15: (61680,65278,65278,65535)  #F0FEFEFF  srgba(240,254,254,1)
9,15: (62708,65278,65535,65535)  #F4FEFFFF  srgba(244,254,255,1)
10,15: (63736,65278,65278,65535)  #F8FEFEFF  srgba(248,254,254,1)
11,15: (65021,65021,65021,65535)  #FDFDFDFF  srgba(253,253,253,1)
12,15: (65021,65278,64507,65535)  #FDFEFBFF  srgba(253,254,251,1)
13,15: (65021,65278,65535,65535)  #FDFEFFFF  srgba(253,254,255,1)
14,15: (65278,65278,64764,65535)  #FEFEFCFF  srgba(254,254,252,1)
15,15: (0,65535,0,0)  #00FF0000  srgba(0,255,0,0)
