# ImageMagick pixel enumeration: 16,16,65535,srgba
0,0: (257,257,0,65535)  #010100FF  srgba(1,1,0,1)
1,0: (514,0,0,65535)  #020000FF  srgba(2,0,0,1)
2,0: (514,0,257,65535)  #020001FF  srgba(2,0,1,1)
3,0: (514,0,771,65535)  #020003FF  srgba(2,0,3,1)
4,0: (3084,0,0,65535)  #0C0000FF  srgba(12,0,0,1)
5,0: (3084,0,257,65535)  #0C0001FF  srgba(12,0,1,1)
6,0: (3855,0,514,65535)  #0F0002FF  srgba(15,0,2,1)
7,0: (3855,0,514,65535)  #0F0002FF  srgba(15,0,2,1)
8,0: (4369,0,0,65535)  #110000FF  srgba(17,0,0,1)
9,0: (4369,0,0,65535)  #110000FF  srgba(17,0,0,1)
10,0: (4369,257,1028,65535)  #110104FF  srgba(17,1,4,1)
11,0: (4626,514,1542,65535)  #120206FF  srgba(18,2,6,1)
12,0: (4883,0,257,65535)  #130001FF  srgba(19,0,1,1)
13,0: (5140,514,0,65535)  #140200FF  srgba(20,2,0,1)
14,0: (5140,1542,3084,65535)  #14060CFF  srgba(20,6,12,1)
15,0: (5397,1028,0,65535)  #150400FF  srgba(21,4,0,1)
0,1: (5654,0,0,65535)  #160000FF  srgba(22,0,0,1)
1,1: (6425,0,0,65535)  #190000FF  srgba(25,0,0,1)
2,1: (7196,0,0,65535)  #1C0000FF  srgba(28,0,0,1)
3,1: (7967,0,0,65535)  #1F0000FF  srgba(31,0,0,1)
4,1: (9509,0,0,65535)  #250000FF  srgba(37,0,0,1)
5,1: (10023,0,0,65535)  #270000FF  srgba(39,0,0,1)
6,1: (10023,257,1028,65535)  #270104FF  srgba(39,1,4,1)
7,1: (10023,1028,2313,65535)  #270409FF  srgba(39,4,9,1)
8,1: (10280,0,514,65535)  #280002FF  srgba(40,0,2,1)
9,1: (10537,514,0,65535)  #290200FF  srgba(41,2,0,1)
10,1: (10794,0,0,65535)  #2A0000FF  srgba(42,0,0,1)
11,1: (10794,8224,3084,65535)  #2A200CFF  srgba(42,32,12,1)
12,1: (11565,10280,8481,65535)  #2D2821FF  srgba(45,40,33,1)
13,1: (13621,0,0,65535)  #350000FF  srgba(53,0,0,1)
14,1: (13878,514,1285,65535)  #360205FF  srgba(54,2,5,1)
15,1: (14392,257,0,65535)  #380100FF  srgba(56,1,0,1)
0,2: (16191,8995,2570,65535)  #3F230AFF  srgba(63,35,10,1)
1,2: (16191,12850,10023,65535)  #3F3227FF  srgba(63,50,39,1)
2,2: (16705,514,0,65535)  #410200FF  srgba(65,2,0,1)
3,2: (17219,1285,1542,65535)  #430506FF  srgba(67,5,6,1)
4,2: (17476,771,0,65535)  #440300FF  srgba(68,3,0,1)
5,2: (18761,17476,10537,65535)  #494429FF  srgba(73,68,41,1)
6,2: (20303,1028,771,65535)  #4F0403FF  srgba(79,4,3,1)
7,2: (20303,1285,0,65535)  #4F0500FF  srgba(79,5,0,1)
8,2: (20817,7196,771,65535)  #511C03FF  srgba(81,28,3,1)
9,2: (20817,10280,5397,65535)  #512815FF  srgba(81,40,21,1)
10,2: (20817,12850,9766,65535)  #513226FF  srgba(81,50,38,1)
11,2: (20817,18761,16705,65535)  #514941FF  srgba(81,73,65,1)
12,2: (21331,10537,1028,65535)  #532904FF  srgba(83,41,4,1)
13,2: (22616,1542,514,65535)  #580602FF  srgba(88,6,2,1)
14,2: (23130,17990,9766,65535)  #5A4626FF  srgba(90,70,38,1)
15,2: (23387,22359,17990,65535)  #5B5746FF  srgba(91,87,70,1)
0,3: (24929,1799,514,65535)  #610702FF  srgba(97,7,2,1)
1,3: (25186,25443,20303,65535)  #62634FFF  srgba(98,99,79,1)
2,3: (25700,10280,257,65535)  #642801FF  srgba(100,40,1,1)
3,3: (25700,11308,4112,65535)  #642C10FF  srgba(100,44,16,1)
4,3: (26728,22616,16191,65535)  #68583FFF  srgba(104,88,63,1)
5,3: (27242,19018,13878,65535)  #6A4A36FF  srgba(106,74,54,1)
6,3: (27756,17733,6425,65535)  #6C4519FF  srgba(108,69,25,1)
7,3: (28013,12850,7196,65535)  #6D321CFF  srgba(109,50,28,1)
8,3: (28013,13878,10280,65535)  #6D3628FF  srgba(109,54,40,1)
9,3: (28013,26214,21074,65535)  #6D6652FF  srgba(109,102,82,1)
10,3: (29041,2056,514,65535)  #710802FF  srgba(113,8,2,1)
11,3: (30583,10280,257,65535)  #772801FF  srgba(119,40,1,1)
12,3: (30583,22616,13364,65535)  #775834FF  srgba(119,88,52,1)
13,3: (30583,28013,24158,65535)  #776D5EFF  srgba(119,109,94,1)
14,3: (30840,12593,4112,65535)  #783110FF  srgba(120,49,16,1)
15,3: (30840,26214,15163,65535)  #78663BFF  srgba(120,102,59,1)
0,4: (31354,14392,257,65535)  #7A3801FF  srgba(122,56,1,1)
1,4: (32896,19275,13621,65535)  #804B35FF  srgba(128,75,53,1)
2,4: (33153,18761,9252,65535)  #814924FF  srgba(129,73,36,1)
3,4: (33410,18247,1028,65535)  #824704FF  srgba(130,71,4,1)
4,4: (33410,18504,5397,65535)  #824815FF  srgba(130,72,21,1)
5,4: (34438,23901,16705,65535)  #865D41FF  srgba(134,93,65,1)
6,4: (34438,28013,22616,65535)  #866D58FF  srgba(134,109,88,1)
7,4: (34695,31868,20560,65535)  #877C50FF  srgba(135,124,80,1)
8,4: (34695,32382,26985,65535)  #877E69FF  srgba(135,126,105,1)
9,4: (34952,23130,8481,65535)  #885A21FF  srgba(136,90,33,1)
10,4: (34952,27499,15163,65535)  #886B3BFF  srgba(136,107,59,1)
11,4: (35466,34181,31354,65535)  #8A857AFF  srgba(138,133,122,1)
12,4: (38293,16962,1542,65535)  #954206FF  srgba(149,66,6,1)
13,4: (38550,17733,8738,65535)  #964522FF  srgba(150,69,34,1)
14,4: (38550,22102,11051,65535)  #96562BFF  srgba(150,86,43,1)
15,4: (38807,21845,4112,65535)  #975510FF  srgba(151,85,16,1)
0,5: (39064,24415,17219,65535)  #985F43FF  srgba(152,95,67,1)
1,5: (39064,25700,6939,65535)  #98641BFF  srgba(152,100,27,1)
2,5: (39064,26471,12593,65535)  #986731FF  srgba(152,103,49,1)
3,5: (39578,31611,24158,65535)  #9A7B5EFF  srgba(154,123,94,1)
4,5: (39835,27756,18504,65535)  #9B6C48FF  srgba(155,108,72,1)
5,5: (40092,37779,33410,65535)  #9C9382FF  srgba(156,147,130,1)
6,5: (40349,30840,18247,65535)  #9D7847FF  srgba(157,120,71,1)
7,5: (40863,35723,25957,65535)  #9F8B65FF  srgba(159,139,101,1)
8,5: (42148,21588,6939,65535)  #A4541BFF  srgba(164,84,27,1)
9,5: (42405,26471,9509,65535)  #A56725FF  srgba(165,103,37,1)
10,5: (43690,29041,18504,65535)  #AA7148FF  srgba(170,113,72,1)
11,5: (43690,30069,10794,65535)  #AA752AFF  srgba(170,117,42,1)
12,5: (44461,32639,20560,65535)  #AD7F50FF  srgba(173,127,80,1)
13,5: (45232,43176,34181,65535)  #B0A885FF  srgba(176,168,133,1)
14,5: (45232,44461,40863,65535)  #B0AD9FFF  srgba(176,173,159,1)
15,5: (45489,37265,31354,65535)  #B1917AFF  srgba(177,145,122,1)
0,6: (45489,40349,33410,65535)  #B19D82FF  srgba(177,157,130,1)
1,6: (45746,35723,20817,65535)  #B28B51FF  srgba(178,139,81,1)
2,6: (45746,36237,25443,65535)  #B28D63FF  srgba(178,141,99,1)
3,6: (46003,22359,7453,65535)  #B3571DFF  srgba(179,87,29,1)
4,6: (46003,26728,8995,65535)  #B36823FF  srgba(179,104,35,1)
5,6: (46003,35466,17733,65535)  #B38A45FF  srgba(179,138,69,1)
6,6: (46260,35209,13621,65535)  #B48935FF  srgba(180,137,53,1)
7,6: (47288,32639,20046,65535)  #B87F4EFF  srgba(184,127,78,1)
8,6: (47545,30840,18761,65535)  #B97849FF  srgba(185,120,73,1)
9,6: (47802,27756,17990,65535)  #BA6C46FF  srgba(186,108,70,1)
10,6: (48830,31097,10794,65535)  #BE792AFF  srgba(190,121,42,1)
11,6: (48830,36494,25186,65535)  #BE8E62FF  srgba(190,142,98,1)
12,6: (49087,44461,33667,65535)  #BFAD83FF  srgba(191,173,131,1)
13,6: (49087,47288,42405,65535)  #BFB8A5FF  srgba(191,184,165,1)
14,6: (49858,40349,27242,65535)  #C29D6AFF  srgba(194,157,106,1)
15,6: (50886,32639,19275,65535)  #C67F4BFF  srgba(198,127,75,1)
0,7: (50886,40863,17990,65535)  #C69F46FF  srgba(198,159,70,1)
1,7: (50886,41120,21845,65535)  #C6A055FF  srgba(198,160,85,1)
2,7: (50886,41377,24158,65535)  #C6A15EFF  srgba(198,161,94,1)
3,7: (51914,43947,27242,65535)  #CAAB6AFF  srgba(202,171,106,1)
4,7: (52428,36751,20303,65535)  #CC8F4FFF  srgba(204,143,79,1)
5,7: (52685,36237,15163,65535)  #CD8D3BFF  srgba(205,141,59,1)
6,7: (52685,40863,30583,65535)  #CD9F77FF  srgba(205,159,119,1)
7,7: (52942,37265,25186,65535)  #CE9162FF  srgba(206,145,98,1)
8,7: (52942,45489,38550,65535)  #CEB196FF  srgba(206,177,150,1)
9,7: (53199,44204,34181,65535)  #CFAC85FF  srgba(207,172,133,1)
10,7: (53199,51143,44461,65535)  #CFC7ADFF  srgba(207,199,173,1)
11,7: (53456,44975,31097,65535)  #D0AF79FF  srgba(208,175,121,1)
12,7: (53456,48573,36751,65535)  #D0BD8FFF  srgba(208,189,143,1)
13,7: (53713,51400,38036,65535)  #D1C894FF  srgba(209,200,148,1)
14,7: (53713,52685,49087,65535)  #D1CDBFFF  srgba(209,205,191,1)
15,7: (57311,41120,21588,65535)  #DFA054FF  srgba(223,160,84,1)
0,8: (57568,43690,31611,65535)  #E0AA7BFF  srgba(224,170,123,1)
1,8: (57825,43176,27242,65535)  #E1A86AFF  srgba(225,168,106,1)
2,8: (58082,46517,32125,65535)  #E2B57DFF  srgba(226,181,125,1)
3,8: (58082,47288,37008,65535)  #E2B890FF  srgba(226,184,144,1)
4,8: (58339,50886,43947,65535)  #E3C6ABFF  srgba(227,198,171,1)
5,8: (58596,45746,21331,65535)  #E4B253FF  srgba(228,178,83,1)
6,8: (58596,50372,40092,65535)  #E4C49CFF  srgba(228,196,156,1)
7,8: (58853,46517,24672,65535)  #E5B560FF  srgba(229,181,96,1)
8,8: (58853,49858,32639,65535)  #E5C27FFF  srgba(229,194,127,1)
9,8: (58853,51143,37265,65535)  #E5C791FF  srgba(229,199,145,1)
10,8: (58853,57568,51914,65535)  #E5E0CAFF  srgba(229,224,202,1)
11,8: (59110,55769,43690,65535)  #E6D9AAFF  srgba(230,217,170,1)
12,8: (59110,56797,48316,65535)  #E6DDBCFF  srgba(230,221,188,1)
13,8: (59367,54741,35466,65535)  #E7D58AFF  srgba(231,213,138,1)
14,8: (59367,55255,39835,65535)  #E7D79BFF  srgba(231,215,155,1)
15,8: (59624,58853,55769,65535)  #E8E5D9FF  srgba(232,229,217,1)
0,9: (59881,48830,27499,65535)  #E9BE6BFF  srgba(233,190,107,1)
1,9: (62451,48573,37008,65535)  #F3BD90FF  srgba(243,189,144,1)
2,9: (62708,47802,31354,65535)  #F4BA7AFF  srgba(244,186,122,1)
3,9: (62708,50886,33153,65535)  #F4C681FF  srgba(244,198,129,1)
4,9: (62708,51143,39835,65535)  #F4C79BFF  srgba(244,199,155,1)
5,9: (62708,53456,42148,65535)  #F4D0A4FF  srgba(244,208,164,1)
6,9: (62708,58082,51914,65535)  #F4E2CAFF  srgba(244,226,202,1)
7,9: (62965,52942,34952,65535)  #F5CE88FF  srgba(245,206,136,1)
8,9: (62965,56026,35723,65535)  #F5DA8BFF  srgba(245,218,139,1)
9,9: (62965,56283,40349,65535)  #F5DB9DFF  srgba(245,219,157,1)
10,9: (62965,56283,44975,65535)  #F5DBAFFF  srgba(245,219,175,1)
11,9: (62965,60138,53199,65535)  #F5EACFFF  srgba(245,234,207,1)
12,9: (63222,59624,47545,65535)  #F6E8B9FF  srgba(246,232,185,1)
13,9: (63222,61423,51657,65535)  #F6EFC9FF  srgba(246,239,201,1)
14,9: (63222,61680,56797,65535)  #F6F0DDFF  srgba(246,240,221,1)
15,9: (63479,60395,37779,65535)  #F7EB93FF  srgba(247,235,147,1)
0,10: (63479,60652,41634,65535)  #F7ECA2FF  srgba(247,236,162,1)
1,10: (63479,61166,44204,65535)  #F7EEACFF  srgba(247,238,172,1)
2,10: (63736,63222,52428,65535)  #F8F6CCFF  srgba(248,246,204,1)
3,10: (63736,63222,58339,65535)  #F8F6E3FF  srgba(248,246,227,1)
4,10: (63993,63479,47545,65535)  #F9F7B9FF  srgba(249,247,185,1)
5,10: (64250,64764,57825,65535)  #FAFCE1FF  srgba(250,252,225,1)
6,10: (64250,64764,63222,65535)  #FAFCF6FF  srgba(250,252,246,1)
7,10: (64507,64764,53199,65535)  #FBFCCFFF  srgba(251,252,207,1)
8,10: (64507,65278,54998,65535)  #FBFED6FF  srgba(251,254,214,1)
9,10: (64507,65278,58853,65535)  #FBFEE5FF  srgba(251,254,229,1)
10,10: (64764,53970,34952,65535)  #FCD288FF  srgba(252,210,136,1)
11,10: (64764,57054,42148,65535)  #FCDEA4FF  srgba(252,222,164,1)
12,10: (64764,62965,46517,65535)  #FCF5B5FF  srgba(252,245,181,1)
13,10: (64764,63736,41377,65535)  #FCF8A1FF  srgba(252,248,161,1)
14,10: (64764,64507,49601,65535)  #FCFBC1FF  srgba(252,251,193,1)
15,10: (64764,64507,51400,65535)  #FCFBC8FF  srgba(252,251,200,1)
0,11: (64764,64764,56797,65535)  #FCFCDDFF  srgba(252,252,221,1)
1,11: (64764,64764,58853,65535)  #FCFCE5FF  srgba(252,252,229,1)
2,11: (64764,64764,62451,65535)  #FCFCF3FF  srgba(252,252,243,1)
3,11: (64764,64764,62965,65535)  #FCFCF5FF  srgba(252,252,245,1)
4,11: (64764,64764,63993,65535)  #FCFCF9FF  srgba(252,252,249,1)
5,11: (64764,64764,65278,65535)  #FCFCFEFF  srgba(252,252,254,1)
6,11: (65021,65021,51914,65535)  #FDFDCAFF  srgba(253,253,202,1)
7,11: (65021,65021,56540,65535)  #FDFDDCFF  srgba(253,253,220,1)
8,11: (65021,65021,61937,65535)  #FDFDF1FF  srgba(253,253,241,1)
9,11: (65021,65021,65021,65535)  #FDFDFDFF  srgba(253,253,253,1)
10,11: (65021,65278,41634,65535)  #FDFEA2FF  srgba(253,254,162,1)
11,11: (65021,65278,45232,65535)  #FDFEB0FF  srgba(253,254,176,1)
12,11: (65021,65278,49087,65535)  #FDFEBFFF  srgba(253,254,191,1)
13,11: (65021,65278,56026,65535)  #FDFEDAFF  srgba(253,254,218,1)
14,11: (65021,65278,58853,65535)  #FDFEE5FF  srgba(253,254,229,1)
15,11: (65021,65278,60138,65535)  #FDFEEAFF  srgba(253,254,234,1)
0,12: (65021,65278,61166,65535)  #FDFEEEFF  srgba(253,254,238,1)
1,12: (65278,49087,28270,65535)  #FEBF6EFF  srgba(254,191,110,1)
2,12: (65278,51400,34438,65535)  #FEC886FF  srgba(254,200,134,1)
3,12: (65278,55255,39064,65535)  #FED798FF  srgba(254,215,152,1)
4,12: (65278,55512,33924,65535)  #FED884FF  srgba(254,216,132,1)
5,12: (65278,57054,42919,65535)  #FEDEA7FF  srgba(254,222,167,1)
6,12: (65278,59367,46260,65535)  #FEE7B4FF  srgba(254,231,180,1)
7,12: (65278,60395,43176,65535)  #FEEBA8FF  srgba(254,235,168,1)
8,12: (65278,60395,49858,65535)  #FEEBC2FF  srgba(254,235,194,1)
9,12: (65278,60909,35209,65535)  #FEED89FF  srgba(254,237,137,1)
10,12: (65278,61166,38550,65535)  #FEEE96FF  srgba(254,238,150,1)
11,12: (65278,61680,40606,65535)  #FEF09EFF  srgba(254,240,158,1)
12,12: (65278,62194,54227,65535)  #FEF2D3FF  srgba(254,242,211,1)
13,12: (65278,62708,46517,65535)  #FEF4B5FF  srgba(254,244,181,1)
14,12: (65278,62708,50372,65535)  #FEF4C4FF  srgba(254,244,196,1)
15,12: (65278,63222,59624,65535)  #FEF6E8FF  srgba(254,246,232,1)
0,13: (65278,63736,43176,65535)  #FEF8A8FF  srgba(254,248,168,1)
1,13: (65278,63736,54741,65535)  #FEF8D5FF  srgba(254,248,213,1)
2,13: (65278,63993,61423,65535)  #FEF9EFFF  srgba(254,249,239,1)
3,13: (65278,64250,50372,65535)  #FEFAC4FF  srgba(254,250,196,1)
4,13: (65278,64250,53456,65535)  #FEFAD0FF  srgba(254,250,208,1)
5,13: (65278,64250,56283,65535)  #FEFADBFF  srgba(254,250,219,1)
6,13: (65278,64250,61423,65535)  #FEFAEFFF  srgba(254,250,239,1)
7,13: (65278,64507,46774,65535)  #FEFBB6FF  srgba(254,251,182,1)
8,13: (65278,64507,58853,65535)  #FEFBE5FF  srgba(254,251,229,1)
9,13: (65278,64507,65535,65535)  #FEFBFFFF  srgba(254,251,255,1)
10,13: (65278,64764,49344,65535)  #FEFCC0FF  srgba(254,252,192,1)
11,13: (65278,64764,51400,65535)  #FEFCC8FF  srgba(254,252,200,1)
12,13: (65278,64764,54227,65535)  #FEFCD3FF  srgba(254,252,211,1)
13,13: (65278,64764,56540,65535)  #FEFCDCFF  srgba(254,252,220,1)
14,13: (65278,64764,62708,65535)  #FEFCF4FF  srgba(254,252,244,1)
15,13: (65278,64764,62965,65535)  #FEFCF5FF  srgba(254,252,245,1)
0,14: (65278,64764,63736,65535)  #FEFCF8FF  srgba(254,252,248,1)
1,14: (65278,64764,64250,65535)  #FEFCFAFF  srgba(254,252,250,1)
2,14: (65278,64764,65021,65535)  #FEFCFDFF  srgba(254,252,253,1)
3,14: (65278,65021,53713,65535)  #FEFDD1FF  srgba(254,253,209,1)
4,14: (65278,65021,57825,65535)  #FEFDE1FF  srgba(254,253,225,1)
5,14: (65278,65021,59624,65535)  #FEFDE8FF  srgba(254,253,232,1)
6,14: (65278,65021,60395,65535)  #FEFDEBFF  srgba(254,253,235,1)
7,14: (65278,65021,61166,65535)  #FEFDEEFF  srgba(254,253,238,1)
8,14: (65278,65021,61423,65535)  #FEFDEFFF  srgba(254,253,239,1)
9,14: (65278,65278,47031,65535)  #FEFEB7FF  srgba(254,254,183,1)
10,14: (65278,65278,51914,65535)  #FEFECAFF  srgba(254,254,202,1)
11,14: (65278,65278,55769,65535)  #FEFED9FF  srgba(254,254,217,1)
12,14: (65278,65278,58853,65535)  #FEFEE5FF  srgba(254,254,229,1)
13,14: (65278,65278,63479,65535)  #FEFEF7FF  srgba(254,254,247,1)
14,14: (65278,65278,63993,65535)  #FEFEF9FF  srgba(254,254,249,1)
15,14: (65278,65278,65278,65535)  #FEFEFEFF  srgba(254,254,254,1)
0,15: (65535,64507,61680,65535)  #FFFBF0FF  srgba(255,251,240,1)
1,15: (65535,64507,62708,65535)  #FFFBF4FF  srgba(255,251,244,1)
2,15: (65535,64507,65278,65535)  #FFFBFEFF  srgba(255,251,254,1)
3,15: (65535,64764,56283,65535)  #FFFCDBFF  srgba(255,252,219,1)
4,15: (65535,64764,58596,65535)  #FFFCE4FF  srgba(255,252,228,1)
5,15: (65535,64764,60138,65535)  #FFFCEAFF  srgba(255,252,234,1)
6,15: (65535,64764,60395,65535)  #FFFCEBFF  srgba(255,252,235,1)
7,15: (65535,64764,65021,65535)  #FFFCFDFF  srgba(255,252,253,1)
8,15: (65535,65021,54484,65535)  #FFFDD4FF  srgba(255,253,212,1)
9,15: (65535,65021,65535,65535)  #FFFDFFFF  srgba(255,253,255,1)
10,15: (65535,65278,62965,65535)  #FFFEF5FF  srgba(255,254,245,1)
11,15: (65535,65278,64507,65535)  #FFFEFBFF  srgba(255,254,251,1)
12,15: (65535,65535,64250,65535)  #FFFFFAFF  srgba(255,255,250,1)
13,15: (65535,65535,64764,65535)  #FFFFFCFF  srgba(255,255,252,1)
14,15: (65535,65535,65535,65535)  #FFFFFFFF  white
15,15: (0,65535,0,0)  #00FF0000  srgba(0,255,0,0)
