# ImageMagick pixel enumeration: 16,16,65535,srgba
0,0: (0,0,0,65535)  #000000FF  black
1,0: (0,0,1285,65535)  #000005FF  srgba(0,0,5,1)
2,0: (0,0,6168,65535)  #000018FF  srgba(0,0,24,1)
3,0: (0,0,7967,65535)  #00001FFF  srgba(0,0,31,1)
4,0: (0,0,8995,65535)  #000023FF  srgba(0,0,35,1)
5,0: (0,0,12079,65535)  #00002FFF  srgba(0,0,47,1)
6,0: (0,0,12336,65535)  #000030FF  srgba(0,0,48,1)
7,0: (0,0,14649,65535)  #000039FF  srgba(0,0,57,1)
8,0: (0,0,16705,65535)  #000041FF  srgba(0,0,65,1)
9,0: (0,0,17990,65535)  #000046FF  srgba(0,0,70,1)
10,0: (0,0,19275,65535)  #00004BFF  srgba(0,0,75,1)
11,0: (0,0,19789,65535)  #00004DFF  srgba(0,0,77,1)
12,0: (0,0,21331,65535)  #000053FF  srgba(0,0,83,1)
13,0: (0,0,24158,65535)  #00005EFF  srgba(0,0,94,1)
14,0: (0,0,24415,65535)  #00005FFF  srgba(0,0,95,1)
15,0: (0,0,26985,65535)  #000069FF  srgba(0,0,105,1)
0,1: (0,0,28527,65535)  #00006FFF  srgba(0,0,111,1)
1,1: (0,0,29812,65535)  #000074FF  srgba(0,0,116,1)
2,1: (0,0,30326,65535)  #000076FF  srgba(0,0,118,1)
3,1: (0,0,31868,65535)  #00007CFF  srgba(0,0,124,1)
4,1: (0,0,33924,65535)  #000084FF  srgba(0,0,132,1)
5,1: (0,0,34181,65535)  #000085FF  srgba(0,0,133,1)
6,1: (0,0,36751,65535)  #00008FFF  srgba(0,0,143,1)
7,1: (0,0,37008,65535)  #000090FF  srgba(0,0,144,1)
8,1: (0,0,38036,65535)  #000094FF  srgba(0,0,148,1)
9,1: (0,0,40863,65535)  #00009FFF  srgba(0,0,159,1)
10,1: (0,0,43176,65535)  #0000A8FF  srgba(0,0,168,1)
11,1: (0,0,43947,65535)  #0000ABFF  srgba(0,0,171,1)
12,1: (0,0,49344,65535)  #0000C0FF  srgba(0,0,192,1)
13,1: (0,0,56283,65535)  #0000DBFF  srgba(0,0,219,1)
14,1: (0,0,57568,65535)  #0000E0FF  srgba(0,0,224,1)
15,1: (0,0,62451,65535)  #0000F3FF  srgba(0,0,243,1)
0,2: (0,0,62965,65535)  #0000F5FF  srgba(0,0,245,1)
1,2: (0,257,47545,65535)  #0001B9FF  srgba(0,1,185,1)
2,2: (0,257,50886,65535)  #0001C6FF  srgba(0,1,198,1)
3,2: (0,514,0,65535)  #000200FF  srgba(0,2,0,1)
4,2: (0,514,3084,65535)  #00020CFF  srgba(0,2,12,1)
5,2: (0,514,11308,65535)  #00022CFF  srgba(0,2,44,1)
6,2: (0,514,20817,65535)  #000251FF  srgba(0,2,81,1)
7,2: (0,514,27242,65535)  #00026AFF  srgba(0,2,106,1)
8,2: (0,514,33667,65535)  #000283FF  srgba(0,2,131,1)
9,2: (0,514,41634,65535)  #0002A2FF  srgba(0,2,162,1)
10,2: (0,514,53970,65535)  #0002D2FF  srgba(0,2,210,1)
11,2: (0,514,56283,65535)  #0002DBFF  srgba(0,2,219,1)
12,2: (0,514,58853,65535)  #0002E5FF  srgba(0,2,229,1)
13,2: (0,771,60909,65535)  #0003EDFF  srgba(0,3,237,1)
14,2: (0,1285,64250,65535)  #0005FAFF  srgba(0,5,250,1)
15,2: (0,2056,65278,65535)  #0008FEFF  srgba(0,8,254,1)
0,3: (0,2570,65278,65535)  #000AFEFF  srgba(0,10,254,1)
1,3: (0,2827,63479,65535)  #000BF7FF  srgba(0,11,247,1)
2,3: (0,3855,65278,65535)  #000FFEFF  srgba(0,15,254,1)
3,3: (0,4369,57311,65535)  #0011DFFF  srgba(0,17,223,1)
4,3: (0,4626,3598,65535)  #00120EFF  srgba(0,18,14,1)
5,3: (0,4883,41634,65535)  #0013A2FF  srgba(0,19,162,1)
6,3: (0,5654,15420,65535)  #00163CFF  srgba(0,22,60,1)
7,3: (0,5654,25700,65535)  #001664FF  srgba(0,22,100,1)
8,3: (0,5911,64764,65535)  #0017FCFF  srgba(0,23,252,1)
9,3: (0,8224,32896,65535)  #002080FF  srgba(0,32,128,1)
10,3: (0,8995,63222,65535)  #0023F6FF  srgba(0,35,246,1)
11,3: (0,10794,57054,65535)  #002ADEFF  srgba(0,42,222,1)
12,3: (0,11565,65278,65535)  #002DFEFF  srgba(0,45,254,1)
13,3: (0,12079,6168,65535)  #002F18FF  srgba(0,47,24,1)
14,3: (0,12079,41120,65535)  #002FA0FF  srgba(0,47,160,1)
15,3: (0,13621,14649,65535)  #003539FF  srgba(0,53,57,1)
0,4: (0,14906,25443,65535)  #003A63FF  srgba(0,58,99,1)
1,4: (0,19018,57568,65535)  #004AE0FF  srgba(0,74,224,1)
2,4: (0,19275,41377,65535)  #004BA1FF  srgba(0,75,161,1)
3,4: (0,19532,13364,65535)  #004C34FF  srgba(0,76,52,1)
4,4: (0,19789,63993,65535)  #004DF9FF  srgba(0,77,249,1)
5,4: (0,21074,5911,65535)  #005217FF  srgba(0,82,23,1)
6,4: (0,21331,15420,65535)  #00533CFF  srgba(0,83,60,1)
7,4: (0,21845,18504,65535)  #005548FF  srgba(0,85,72,1)
8,4: (0,22102,65278,65535)  #0056FEFF  srgba(0,86,254,1)
9,4: (0,23130,25186,65535)  #005A62FF  srgba(0,90,98,1)
10,4: (0,23130,32896,65535)  #005A80FF  srgba(0,90,128,1)
11,4: (0,26728,41377,65535)  #0068A1FF  srgba(0,104,161,1)
12,4: (0,27242,57568,65535)  #006AE0FF  srgba(0,106,224,1)
13,4: (0,27499,19275,65535)  #006B4BFF  srgba(0,107,75,1)
14,4: (0,27756,64250,65535)  #006CFAFF  srgba(0,108,250,1)
15,4: (0,28527,23901,65535)  #006F5DFF  srgba(0,111,93,1)
0,5: (0,29812,65278,65535)  #0074FEFF  srgba(0,116,254,1)
1,5: (0,31868,22616,65535)  #007C58FF  srgba(0,124,88,1)
2,5: (0,32125,17733,65535)  #007D45FF  srgba(0,125,69,1)
3,5: (0,33153,24158,65535)  #00815EFF  srgba(0,129,94,1)
4,5: (0,33924,34438,65535)  #008486FF  srgba(0,132,134,1)
5,5: (0,34181,63736,65535)  #0085F8FF  srgba(0,133,248,1)
6,5: (0,34438,28270,65535)  #00866EFF  srgba(0,134,110,1)
7,5: (0,34952,42148,65535)  #0088A4FF  srgba(0,136,164,1)
8,5: (0,34952,55769,65535)  #0088D9FF  srgba(0,136,217,1)
9,5: (0,37265,65278,65535)  #0091FEFF  srgba(0,145,254,1)
10,5: (0,40092,30583,65535)  #009C77FF  srgba(0,156,119,1)
11,5: (0,40606,34438,65535)  #009E86FF  srgba(0,158,134,1)
12,5: (0,40606,43176,65535)  #009EA8FF  srgba(0,158,168,1)
13,5: (0,41120,63736,65535)  #00A0F8FF  srgba(0,160,248,1)
14,5: (0,41891,28527,65535)  #00A36FFF  srgba(0,163,111,1)
15,5: (0,41891,54998,65535)  #00A3D6FF  srgba(0,163,214,1)
0,6: (0,42148,26728,65535)  #00A468FF  srgba(0,164,104,1)
1,6: (0,42919,21331,65535)  #00A753FF  srgba(0,167,83,1)
2,6: (0,46003,30583,65535)  #00B377FF  srgba(0,179,119,1)
3,6: (0,46003,65278,65535)  #00B3FEFF  srgba(0,179,254,1)
4,6: (0,46260,34181,65535)  #00B485FF  srgba(0,180,133,1)
5,6: (0,46260,42662,65535)  #00B4A6FF  srgba(0,180,166,1)
6,6: (0,48830,52171,65535)  #00BECBFF  srgba(0,190,203,1)
7,6: (0,49344,58596,65535)  #00C0E4FF  srgba(0,192,228,1)
8,6: (0,49344,63993,65535)  #00C0F9FF  srgba(0,192,249,1)
9,6: (0,51914,37008,65535)  #00CA90FF  srgba(0,202,144,1)
10,6: (0,54227,65278,65535)  #00D3FEFF  srgba(0,211,254,1)
11,6: (0,55255,45232,65535)  #00D7B0FF  srgba(0,215,176,1)
12,6: (0,57825,52685,65535)  #00E1CDFF  srgba(0,225,205,1)
13,6: (0,57825,59110,65535)  #00E1E6FF  srgba(0,225,230,1)
14,6: (0,58082,63993,65535)  #00E2F9FF  srgba(0,226,249,1)
15,6: (0,61680,65278,65535)  #00F0FEFF  srgba(0,240,254,1)
0,7: (0,62708,52428,65535)  #00F4CCFF  srgba(0,244,204,1)
1,7: (0,62965,60395,65535)  #00F5EBFF  srgba(0,245,235,1)
2,7: (0,63736,64507,65535)  #00F8FBFF  srgba(0,248,251,1)
3,7: (0,63736,65278,65535)  #00F8FEFF  srgba(0,248,254,1)
4,7: (0,64507,65278,65535)  #00FBFEFF  srgba(0,251,254,1)
5,7: (257,0,1285,65535)  #010005FF  srgba(1,0,5,1)
6,7: (257,0,6425,65535)  #010019FF  srgba(1,0,25,1)
7,7: (257,0,35980,65535)  #01008CFF  srgba(1,0,140,1)
8,7: (257,0,59624,65535)  #0100E8FF  srgba(1,0,232,1)
9,7: (257,257,257,65535)  #010101FF  srgba(1,1,1,1)
10,7: (257,2313,64507,65535)  #0109FBFF  srgba(1,9,251,1)
11,7: (514,0,0,65535)  #020000FF  srgba(2,0,0,1)
12,7: (514,514,514,65535)  #020202FF  srgba(2,2,2,1)
13,7: (514,2056,65278,65535)  #0208FEFF  srgba(2,8,254,1)
14,7: (771,1028,58082,65535)  #0304E2FF  srgba(3,4,226,1)
15,7: (771,24672,12336,65535)  #036030FF  srgba(3,96,48,1)
0,8: (771,25700,20303,65535)  #03644FFF  srgba(3,100,79,1)
1,8: (771,39321,28527,65535)  #03996FFF  srgba(3,153,111,1)
2,8: (771,47031,33667,65535)  #03B783FF  srgba(3,183,131,1)
3,8: (771,56026,44204,65535)  #03DAACFF  srgba(3,218,172,1)
4,8: (1028,771,50115,65535)  #0403C3FF  srgba(4,3,195,1)
5,8: (1028,1028,15677,65535)  #04043DFF  srgba(4,4,61,1)
6,8: (1028,1285,64250,65535)  #0405FAFF  srgba(4,5,250,1)
7,8: (1028,2056,65278,65535)  #0408FEFF  srgba(4,8,254,1)
8,8: (1028,2056,65535,65535)  #0408FFFF  srgba(4,8,255,1)
9,8: (1028,5911,15420,65535)  #04173CFF  srgba(4,23,60,1)
10,8: (1028,15934,15420,65535)  #043E3CFF  srgba(4,62,60,1)
11,8: (1028,26728,29555,65535)  #046873FF  srgba(4,104,115,1)
12,8: (1028,29555,39835,65535)  #04739BFF  srgba(4,115,155,1)
13,8: (1028,29812,51143,65535)  #0474C7FF  srgba(4,116,199,1)
14,8: (1028,37265,33410,65535)  #049182FF  srgba(4,145,130,1)
15,8: (1028,38293,21074,65535)  #049552FF  srgba(4,149,82,1)
0,9: (1028,40863,41120,65535)  #049FA0FF  srgba(4,159,160,1)
1,9: (1028,41377,51400,65535)  #04A1C8FF  srgba(4,161,200,1)
2,9: (1028,48573,42662,65535)  #04BDA6FF  srgba(4,189,166,1)
3,9: (1028,50115,54484,65535)  #04C3D4FF  srgba(4,195,212,1)
4,9: (1028,60138,54484,65535)  #04EAD4FF  srgba(4,234,212,1)
5,9: (1285,771,43690,65535)  #0503AAFF  srgba(5,3,170,1)
6,9: (1285,1028,31611,65535)  #05047BFF  srgba(5,4,123,1)
7,9: (1285,4883,25957,65535)  #051365FF  srgba(5,19,101,1)
8,9: (1285,14649,26214,65535)  #053966FF  srgba(5,57,102,1)
9,9: (1542,2570,64250,65535)  #060AFAFF  srgba(6,10,250,1)
10,9: (1542,14135,37008,65535)  #063790FF  srgba(6,55,144,1)
11,9: (1542,28784,62965,65535)  #0670F5FF  srgba(6,112,245,1)
12,9: (1542,52428,62451,65535)  #06CCF3FF  srgba(6,204,243,1)
13,9: (1542,61423,63222,65535)  #06EFF6FF  srgba(6,239,246,1)
14,9: (1799,1285,57825,65535)  #0705E1FF  srgba(7,5,225,1)
15,9: (1799,4883,4883,65535)  #071313FF  srgba(7,19,19,1)
0,10: (1799,4883,36751,65535)  #07138FFF  srgba(7,19,143,1)
1,10: (1799,6682,52171,65535)  #071ACBFF  srgba(7,26,203,1)
2,10: (1799,6939,63222,65535)  #071BF6FF  srgba(7,27,246,1)
3,10: (1799,15163,51914,65535)  #073BCAFF  srgba(7,59,202,1)
4,10: (1799,16448,62965,65535)  #0740F5FF  srgba(7,64,245,1)
5,10: (1799,42405,62451,65535)  #07A5F3FF  srgba(7,165,243,1)
6,10: (1799,63993,65278,65535)  #07F9FEFF  srgba(7,249,254,1)
7,10: (2056,2827,52685,65535)  #080BCDFF  srgba(8,11,205,1)
8,10: (2056,12336,6425,65535)  #083019FF  srgba(8,48,25,1)
9,10: (2056,48830,65278,65535)  #08BEFEFF  srgba(8,190,254,1)
10,10: (2056,58082,65278,65535)  #08E2FEFF  srgba(8,226,254,1)
11,10: (2313,0,60395,65535)  #0900EBFF  srgba(9,0,235,1)
12,10: (2313,2313,65278,65535)  #0909FEFF  srgba(9,9,254,1)
13,10: (2313,33667,65278,65535)  #0983FEFF  srgba(9,131,254,1)
14,10: (2313,39835,65278,65535)  #099BFEFF  srgba(9,155,254,1)
15,10: (2570,25186,65278,65535)  #0A62FEFF  srgba(10,98,254,1)
0,11: (2827,14906,65278,65535)  #0B3AFEFF  srgba(11,58,254,1)
1,11: (2827,35980,23901,65535)  #0B8C5DFF  srgba(11,140,93,1)
2,11: (3084,6682,65278,65535)  #0C1AFEFF  srgba(12,26,254,1)
3,11: (3084,24672,23130,65535)  #0C605AFF  srgba(12,96,90,1)
4,11: (3084,37265,33153,65535)  #0C9181FF  srgba(12,145,129,1)
5,11: (3084,42662,50115,65535)  #0CA6C3FF  srgba(12,166,195,1)
6,11: (3084,53713,51400,65535)  #0CD1C8FF  srgba(12,209,200,1)
7,11: (3341,5397,25700,65535)  #0D1564FF  srgba(13,21,100,1)
8,11: (3341,5654,16191,65535)  #0D163FFF  srgba(13,22,63,1)
9,11: (3341,14392,26471,65535)  #0D3867FF  srgba(13,56,103,1)
10,11: (3341,25443,36237,65535)  #0D638DFF  srgba(13,99,141,1)
11,11: (3341,25957,49087,65535)  #0D65BFFF  srgba(13,101,191,1)
12,11: (3341,34695,49344,65535)  #0D87C0FF  srgba(13,135,192,1)
13,11: (3341,38550,38293,65535)  #0D9695FF  srgba(13,150,149,1)
14,11: (4112,3598,52942,65535)  #100ECEFF  srgba(16,14,206,1)
15,11: (4112,5911,38807,65535)  #101797FF  srgba(16,23,151,1)
0,12: (4369,11565,52685,65535)  #112DCDFF  srgba(17,45,205,1)
1,12: (4369,14392,15677,65535)  #11383DFF  srgba(17,56,61,1)
2,12: (4369,14906,38036,65535)  #113A94FF  srgba(17,58,148,1)
3,12: (4883,4112,63479,65535)  #1310F7FF  srgba(19,16,247,1)
4,12: (5140,9252,62965,65535)  #1424F5FF  srgba(20,36,245,1)
5,12: (5140,17476,62965,65535)  #1444F5FF  srgba(20,68,245,1)
6,12: (6168,8481,26471,65535)  #182167FF  srgba(24,33,103,1)
7,12: (6425,62451,63736,65535)  #19F3F8FF  srgba(25,243,248,1)
8,12: (6682,11051,52171,65535)  #1A2BCBFF  srgba(26,43,203,1)
9,12: (6682,12850,37779,65535)  #1A3293FF  srgba(26,50,147,1)
10,12: (6682,41891,62708,65535)  #1AA3F4FF  srgba(26,163,244,1)
11,12: (6682,54741,62708,65535)  #1AD5F4FF  srgba(26,213,244,1)
12,12: (6939,29555,62965,65535)  #1B73F5FF  srgba(27,115,245,1)
13,12: (7196,51657,53199,65535)  #1CC9CFFF  srgba(28,201,207,1)
14,12: (7453,7710,65278,65535)  #1D1EFEFF  srgba(29,30,254,1)
15,12: (7453,28784,51657,65535)  #1D70C9FF  srgba(29,112,201,1)
0,13: (7453,39064,51914,65535)  #1D98CAFF  srgba(29,152,202,1)
1,13: (7710,14392,65278,65535)  #1E38FEFF  srgba(30,56,254,1)
2,13: (7710,16191,27242,65535)  #1E3F6AFF  srgba(30,63,106,1)
3,13: (7710,21845,65278,65535)  #1E55FEFF  srgba(30,85,254,1)
4,13: (7967,7710,63222,65535)  #1F1EF6FF  srgba(31,30,246,1)
5,13: (8224,17476,62965,65535)  #2044F5FF  srgba(32,68,245,1)
6,13: (8481,24672,29812,65535)  #216074FF  srgba(33,96,116,1)
7,13: (8481,34952,35723,65535)  #21888BFF  srgba(33,136,139,1)
8,13: (9252,37522,42662,65535)  #2492A6FF  srgba(36,146,166,1)
9,13: (9252,55255,65278,65535)  #24D7FEFF  srgba(36,215,254,1)
10,13: (9252,63993,65278,65535)  #24F9FEFF  srgba(36,249,254,1)
11,13: (9509,42405,65278,65535)  #25A5FEFF  srgba(37,165,254,1)
12,13: (9766,25186,40349,65535)  #26629DFF  srgba(38,98,157,1)
13,13: (9766,31611,65278,65535)  #267BFEFF  srgba(38,123,254,1)
14,13: (10280,15163,37779,65535)  #283B93FF  srgba(40,59,147,1)
15,13: (10794,14392,52171,65535)  #2A38CBFF  srgba(42,56,203,1)
0,14: (11051,11565,65535,65535)  #2B2DFFFF  srgba(43,45,255,1)
1,14: (11051,15677,63479,65535)  #2B3DF7FF  srgba(43,61,247,1)
2,14: (11051,21074,65535,65535)  #2B52FFFF  srgba(43,82,255,1)
3,14: (12079,46260,51914,65535)  #2FB4CAFF  srgba(47,180,202,1)
4,14: (12336,29555,51400,65535)  #3073C8FF  srgba(48,115,200,1)
5,14: (13878,19018,65535,65535)  #364AFFFF  srgba(54,74,255,1)
6,14: (13878,35723,62965,65535)  #368BF5FF  srgba(54,139,245,1)
7,14: (14135,27242,63222,65535)  #376AF6FF  srgba(55,106,246,1)
8,14: (14135,50115,62708,65535)  #37C3F4FF  srgba(55,195,244,1)
9,14: (14135,61937,63479,65535)  #37F1F7FF  srgba(55,241,247,1)
10,14: (14906,18504,63222,65535)  #3A48F6FF  srgba(58,72,246,1)
11,14: (16705,38293,52428,65535)  #4195CCFF  srgba(65,149,204,1)
12,14: (17219,33667,65278,65535)  #4383FEFF  srgba(67,131,254,1)
13,14: (17219,51400,65278,65535)  #43C8FEFF  srgba(67,200,254,1)
14,14: (17219,63736,65278,65535)  #43F8FEFF  srgba(67,248,254,1)
15,14: (18247,21588,65278,65535)  #4754FEFF  srgba(71,84,254,1)
0,15: (20303,34181,62965,65535)  #4F85F5FF  srgba(79,133,245,1)
1,15: (20560,59110,62965,65535)  #50E6F5FF  srgba(80,230,245,1)
2,15: (22873,37265,65278,65535)  #5991FEFF  srgba(89,145,254,1)
3,15: (23130,60652,65278,65535)  #5AECFEFF  srgba(90,236,254,1)
4,15: (24158,33667,53456,65535)  #5E83D0FF  srgba(94,131,208,1)
5,15: (24672,49601,54484,65535)  #60C1D4FF  srgba(96,193,212,1)
6,15: (26214,43690,62965,65535)  #66AAF5FF  srgba(102,170,245,1)
7,15: (27756,40606,65278,65535)  #6C9EFEFF  srgba(108,158,254,1)
8,15: (27756,62965,63222,65535)  #6CF5F6FF  srgba(108,245,246,1)
9,15: (28013,62451,65278,65535)  #6DF3FEFF  srgba(109,243,254,1)
10,15: (34438,59367,62451,65535)  #86E7F3FF  srgba(134,231,243,1)
11,15: (35723,43947,65278,65535)  #8BABFEFF  srgba(139,171,254,1)
12,15: (36237,65021,65278,65535)  #8DFDFEFF  srgba(141,253,254,1)
13,15: (36494,65021,63993,65535)  #8EFDF9FF  srgba(142,253,249,1)
14,15: (38036,60395,65278,65535)  #94EBFEFF  srgba(148,235,254,1)
15,15: (0,65535,0,0)  #00FF0000  srgba(0,255,0,0)
