# ImageMagick pixel enumeration: 16,16,65535,srgba
0,0: (0,0,0,65535)  #000000FF  black
1,0: (0,0,0,65535)  #000000FF  black
2,0: (0,0,514,65535)  #000002FF  srgba(0,0,2,1)
3,0: (0,0,1028,65535)  #000004FF  srgba(0,0,4,1)
4,0: (0,0,1285,65535)  #000005FF  srgba(0,0,5,1)
5,0: (0,0,1285,65535)  #000005FF  srgba(0,0,5,1)
6,0: (0,0,2056,65535)  #000008FF  srgba(0,0,8,1)
7,0: (0,0,2827,65535)  #00000BFF  srgba(0,0,11,1)
8,0: (0,0,4112,65535)  #000010FF  srgba(0,0,16,1)
9,0: (0,0,4626,65535)  #000012FF  srgba(0,0,18,1)
10,0: (0,0,6682,65535)  #00001AFF  srgba(0,0,26,1)
11,0: (0,0,9252,65535)  #000024FF  srgba(0,0,36,1)
12,0: (0,0,9509,65535)  #000025FF  srgba(0,0,37,1)
13,0: (0,0,11565,65535)  #00002DFF  srgba(0,0,45,1)
14,0: (0,0,12850,65535)  #000032FF  srgba(0,0,50,1)
15,0: (0,257,7196,65535)  #00011CFF  srgba(0,1,28,1)
0,1: (0,257,14392,65535)  #000138FF  srgba(0,1,56,1)
1,1: (0,257,16962,65535)  #000142FF  srgba(0,1,66,1)
2,1: (0,771,0,65535)  #000300FF  srgba(0,3,0,1)
3,1: (0,1028,20560,65535)  #000450FF  srgba(0,4,80,1)
4,1: (0,1799,24158,65535)  #00075EFF  srgba(0,7,94,1)
5,1: (0,2313,0,65535)  #000900FF  srgba(0,9,0,1)
6,1: (0,2313,0,65535)  #000900FF  srgba(0,9,0,1)
7,1: (0,2313,0,65535)  #000900FF  srgba(0,9,0,1)
8,1: (0,2570,27499,65535)  #000A6BFF  srgba(0,10,107,1)
9,1: (0,3084,27499,65535)  #000C6BFF  srgba(0,12,107,1)
10,1: (0,3341,514,65535)  #000D02FF  srgba(0,13,2,1)
11,1: (0,3598,32382,65535)  #000E7EFF  srgba(0,14,126,1)
12,1: (0,4369,0,65535)  #001100FF  srgba(0,17,0,1)
13,1: (0,6168,2056,65535)  #001808FF  srgba(0,24,8,1)
14,1: (0,11051,514,65535)  #002B02FF  srgba(0,43,2,1)
15,1: (0,14906,2056,65535)  #003A08FF  srgba(0,58,8,1)
0,2: (0,16705,0,65535)  #004100FF  srgba(0,65,0,1)
1,2: (0,22102,2056,65535)  #005608FF  srgba(0,86,8,1)
2,2: (257,0,514,65535)  #010002FF  srgba(1,0,2,1)
3,2: (257,0,2056,65535)  #010008FF  srgba(1,0,8,1)
4,2: (257,0,2827,65535)  #01000BFF  srgba(1,0,11,1)
5,2: (257,0,3341,65535)  #01000DFF  srgba(1,0,13,1)
6,2: (257,0,6168,65535)  #010018FF  srgba(1,0,24,1)
7,2: (257,0,10537,65535)  #010029FF  srgba(1,0,41,1)
8,2: (257,771,15677,65535)  #01033DFF  srgba(1,3,61,1)
9,2: (257,1542,20303,65535)  #01064FFF  srgba(1,6,79,1)
10,2: (257,2570,25700,65535)  #010A64FF  srgba(1,10,100,1)
11,2: (257,3341,30069,65535)  #010D75FF  srgba(1,13,117,1)
12,2: (257,10280,2056,65535)  #012808FF  srgba(1,40,8,1)
13,2: (257,10794,0,65535)  #012A00FF  srgba(1,42,0,1)
14,2: (514,0,4112,65535)  #020010FF  srgba(2,0,16,1)
15,2: (514,0,4369,65535)  #020011FF  srgba(2,0,17,1)
0,3: (514,0,5911,65535)  #020017FF  srgba(2,0,23,1)
1,3: (514,0,10280,65535)  #020028FF  srgba(2,0,40,1)
2,3: (514,257,6939,65535)  #02011BFF  srgba(2,1,27,1)
3,3: (514,771,1799,65535)  #020307FF  srgba(2,3,7,1)
4,3: (514,1028,8995,65535)  #020423FF  srgba(2,4,35,1)
5,3: (514,1285,11565,65535)  #02052DFF  srgba(2,5,45,1)
6,3: (514,1799,6425,65535)  #020719FF  srgba(2,7,25,1)
7,3: (514,3598,2056,65535)  #020E08FF  srgba(2,14,8,1)
8,3: (514,7453,0,65535)  #021D00FF  srgba(2,29,0,1)
9,3: (514,13878,5140,65535)  #023614FF  srgba(2,54,20,1)
10,3: (514,23387,6168,65535)  #025B18FF  srgba(2,91,24,1)
11,3: (771,0,0,65535)  #030000FF  srgba(3,0,0,1)
12,3: (771,0,257,65535)  #030001FF  srgba(3,0,1,1)
13,3: (771,0,1542,65535)  #030006FF  srgba(3,0,6,1)
14,3: (771,0,2056,65535)  #030008FF  srgba(3,0,8,1)
15,3: (771,257,6425,65535)  #030119FF  srgba(3,1,25,1)
0,4: (771,1285,15677,65535)  #03053DFF  srgba(3,5,61,1)
1,4: (771,1799,0,65535)  #030700FF  srgba(3,7,0,1)
2,4: (771,1799,20303,65535)  #03074FFF  srgba(3,7,79,1)
3,4: (771,2570,24415,65535)  #030A5FFF  srgba(3,10,95,1)
4,4: (771,4369,514,65535)  #031102FF  srgba(3,17,2,1)
5,4: (771,29812,6425,65535)  #037419FF  srgba(3,116,25,1)
6,4: (1028,1799,2056,65535)  #040708FF  srgba(4,7,8,1)
7,4: (1028,2313,3598,65535)  #04090EFF  srgba(4,9,14,1)
8,4: (1028,2570,1799,65535)  #040A07FF  srgba(4,10,7,1)
9,4: (1028,3598,29812,65535)  #040E74FF  srgba(4,14,116,1)
10,4: (1028,8481,4112,65535)  #042110FF  srgba(4,33,16,1)
11,4: (1028,18761,6168,65535)  #044918FF  srgba(4,73,24,1)
12,4: (1285,0,514,65535)  #050002FF  srgba(5,0,2,1)
13,4: (1285,0,5140,65535)  #050014FF  srgba(5,0,20,1)
14,4: (1285,0,10023,65535)  #050027FF  srgba(5,0,39,1)
15,4: (1285,257,6425,65535)  #050119FF  srgba(5,1,25,1)
0,5: (1285,1542,11051,65535)  #05062BFF  srgba(5,6,43,1)
1,5: (1285,1799,14649,65535)  #050739FF  srgba(5,7,57,1)
2,5: (1285,2570,21845,65535)  #050A55FF  srgba(5,10,85,1)
3,5: (1285,3084,22873,65535)  #050C59FF  srgba(5,12,89,1)
4,5: (1285,4626,22359,65535)  #051257FF  srgba(5,18,87,1)
5,5: (1285,27499,9766,65535)  #056B26FF  srgba(5,107,38,1)
6,5: (1542,0,514,65535)  #060002FF  srgba(6,0,2,1)
7,5: (1542,514,0,65535)  #060200FF  srgba(6,2,0,1)
8,5: (1542,1285,514,65535)  #060502FF  srgba(6,5,2,1)
9,5: (1542,1542,10537,65535)  #060629FF  srgba(6,6,41,1)
10,5: (1542,2827,11565,65535)  #060B2DFF  srgba(6,11,45,1)
11,5: (1542,2827,15420,65535)  #060B3CFF  srgba(6,11,60,1)
12,5: (1542,4883,4112,65535)  #061310FF  srgba(6,19,16,1)
13,5: (1542,9766,36494,65535)  #06268EFF  srgba(6,38,142,1)
14,5: (1542,14649,16191,65535)  #06393FFF  srgba(6,57,63,1)
15,5: (1542,38550,11565,65535)  #06962DFF  srgba(6,150,45,1)
0,6: (1799,0,0,65535)  #070000FF  srgba(7,0,0,1)
1,6: (1799,2570,20817,65535)  #070A51FF  srgba(7,10,81,1)
2,6: (1799,3855,29812,65535)  #070F74FF  srgba(7,15,116,1)
3,6: (1799,9766,40606,65535)  #07269EFF  srgba(7,38,158,1)
4,6: (2056,1285,15163,65535)  #08053BFF  srgba(8,5,59,1)
5,6: (2056,1542,10794,65535)  #08062AFF  srgba(8,6,42,1)
6,6: (2056,3084,15677,65535)  #080C3DFF  srgba(8,12,61,1)
7,6: (2056,7453,32639,65535)  #081D7FFF  srgba(8,29,127,1)
8,6: (2056,8481,15677,65535)  #08213DFF  srgba(8,33,61,1)
9,6: (2056,8738,5654,65535)  #082216FF  srgba(8,34,22,1)
10,6: (2056,19532,22616,65535)  #084C58FF  srgba(8,76,88,1)
11,6: (2313,514,514,65535)  #090202FF  srgba(9,2,2,1)
12,6: (2313,3341,16191,65535)  #090D3FFF  srgba(9,13,63,1)
13,6: (2313,4369,16705,65535)  #091141FF  srgba(9,17,65,1)
14,6: (2313,7453,10794,65535)  #091D2AFF  srgba(9,29,42,1)
15,6: (2313,13621,21845,65535)  #093555FF  srgba(9,53,85,1)
0,7: (2313,20560,28270,65535)  #09506EFF  srgba(9,80,110,1)
1,7: (2313,20817,9509,65535)  #095125FF  srgba(9,81,37,1)
2,7: (2570,4369,21074,65535)  #0A1152FF  srgba(10,17,82,1)
3,7: (2570,9509,28270,65535)  #0A256EFF  srgba(10,37,110,1)
4,7: (2570,33667,11051,65535)  #0A832BFF  srgba(10,131,43,1)
5,7: (2827,0,0,65535)  #0B0000FF  srgba(11,0,0,1)
6,7: (2827,0,514,65535)  #0B0002FF  srgba(11,0,2,1)
7,7: (2827,0,1285,65535)  #0B0005FF  srgba(11,0,5,1)
8,7: (2827,3084,15420,65535)  #0B0C3CFF  srgba(11,12,60,1)
9,7: (2827,5911,2313,65535)  #0B1709FF  srgba(11,23,9,1)
10,7: (2827,20303,32896,65535)  #0B4F80FF  srgba(11,79,128,1)
11,7: (3084,2056,22359,65535)  #0C0857FF  srgba(12,8,87,1)
12,7: (3084,5140,4626,65535)  #0C1412FF  srgba(12,20,18,1)
13,7: (3341,0,5140,65535)  #0D0014FF  srgba(13,0,20,1)
14,7: (3341,13364,6682,65535)  #0D341AFF  srgba(13,52,26,1)
15,7: (3598,0,1285,65535)  #0E0005FF  srgba(14,0,5,1)
0,8: (3598,1285,10794,65535)  #0E052AFF  srgba(14,5,42,1)
1,8: (3598,2056,0,65535)  #0E0800FF  srgba(14,8,0,1)
2,8: (3598,3084,15934,65535)  #0E0C3EFF  srgba(14,12,62,1)
3,8: (3598,3855,2313,65535)  #0E0F09FF  srgba(14,15,9,1)
4,8: (3855,0,10537,65535)  #0F0029FF  srgba(15,0,41,1)
5,8: (3855,5654,21588,65535)  #0F1654FF  srgba(15,22,84,1)
6,8: (4112,8738,6168,65535)  #102218FF  srgba(16,34,24,1)
7,8: (4112,13364,9509,65535)  #103425FF  srgba(16,52,37,1)
8,8: (4369,257,4883,65535)  #110113FF  srgba(17,1,19,1)
9,8: (4626,0,514,65535)  #120002FF  srgba(18,0,2,1)
10,8: (4626,771,771,65535)  #120303FF  srgba(18,3,3,1)
11,8: (4626,771,1542,65535)  #120306FF  srgba(18,3,6,1)
12,8: (4626,26985,31611,65535)  #12697BFF  srgba(18,105,123,1)
13,8: (4883,0,0,65535)  #130000FF  srgba(19,0,0,1)
14,8: (4883,4112,4883,65535)  #131013FF  srgba(19,16,19,1)
15,8: (5140,0,1285,65535)  #140005FF  srgba(20,0,5,1)
0,9: (5140,514,15420,65535)  #14023CFF  srgba(20,2,60,1)
1,9: (5140,9766,6939,65535)  #14261BFF  srgba(20,38,27,1)
2,9: (5140,41377,15163,65535)  #14A13BFF  srgba(20,161,59,1)
3,9: (5397,27242,11565,65535)  #156A2DFF  srgba(21,106,45,1)
4,9: (5397,35723,14649,65535)  #158B39FF  srgba(21,139,57,1)
5,9: (5397,39321,11822,65535)  #15992EFF  srgba(21,153,46,1)
6,9: (5911,19789,10537,65535)  #174D29FF  srgba(23,77,41,1)
7,9: (5911,28784,37779,65535)  #177093FF  srgba(23,112,147,1)
8,9: (6168,12850,7453,65535)  #18321DFF  srgba(24,50,29,1)
9,9: (6425,0,0,65535)  #190000FF  srgba(25,0,0,1)
10,9: (6425,257,0,65535)  #190100FF  srgba(25,1,0,1)
11,9: (6425,12079,9509,65535)  #192F25FF  srgba(25,47,37,1)
12,9: (6682,7453,21331,65535)  #1A1D53FF  srgba(26,29,83,1)
13,9: (6682,11308,16191,65535)  #1A2C3FFF  srgba(26,44,63,1)
14,9: (6682,15163,10023,65535)  #1A3B27FF  srgba(26,59,39,1)
15,9: (6939,28527,14649,65535)  #1B6F39FF  srgba(27,111,57,1)
0,10: (7196,771,1542,65535)  #1C0306FF  srgba(28,3,6,1)
1,10: (7453,0,514,65535)  #1D0002FF  srgba(29,0,2,1)
2,10: (7710,15934,22102,65535)  #1E3E56FF  srgba(30,62,86,1)
3,10: (7967,514,771,65535)  #1F0203FF  srgba(31,2,3,1)
4,10: (7967,2313,2313,65535)  #1F0909FF  srgba(31,9,9,1)
5,10: (7967,8995,6682,65535)  #1F231AFF  srgba(31,35,26,1)
6,10: (7967,29812,44975,65535)  #1F74AFFF  srgba(31,116,175,1)
7,10: (8224,257,1285,65535)  #200105FF  srgba(32,1,5,1)
8,10: (8224,15677,10794,65535)  #203D2AFF  srgba(32,61,42,1)
9,10: (8224,17219,28013,65535)  #20436DFF  srgba(32,67,109,1)
10,10: (8224,26985,21845,65535)  #206955FF  srgba(32,105,85,1)
11,10: (8481,0,0,65535)  #210000FF  srgba(33,0,0,1)
12,10: (8481,0,0,65535)  #210000FF  srgba(33,0,0,1)
13,10: (8481,1542,2056,65535)  #210608FF  srgba(33,6,8,1)
14,10: (8481,3855,30069,65535)  #210F75FF  srgba(33,15,117,1)
15,10: (8481,11051,9766,65535)  #212B26FF  srgba(33,43,38,1)
0,11: (8738,19789,14906,65535)  #224D3AFF  srgba(34,77,58,1)
1,11: (8995,3084,4626,65535)  #230C12FF  srgba(35,12,18,1)
2,11: (8995,19018,11822,65535)  #234A2EFF  srgba(35,74,46,1)
3,11: (9252,257,514,65535)  #240102FF  srgba(36,1,2,1)
4,11: (9252,771,1542,65535)  #240306FF  srgba(36,3,6,1)
5,11: (9252,42405,16448,65535)  #24A540FF  srgba(36,165,64,1)
6,11: (9509,0,5140,65535)  #250014FF  srgba(37,0,20,1)
7,11: (9766,0,0,65535)  #260000FF  srgba(38,0,0,1)
8,11: (9766,257,4883,65535)  #260113FF  srgba(38,1,19,1)
9,11: (9766,34952,16448,65535)  #268840FF  srgba(38,136,64,1)
10,11: (10023,1285,10537,65535)  #270529FF  srgba(39,5,41,1)
11,11: (10280,19018,32125,65535)  #284A7DFF  srgba(40,74,125,1)
12,11: (10280,26985,15420,65535)  #28693CFF  srgba(40,105,60,1)
13,11: (10537,0,514,65535)  #290002FF  srgba(41,0,2,1)
14,11: (10537,2056,22359,65535)  #290857FF  srgba(41,8,87,1)
15,11: (10537,19532,38807,65535)  #294C97FF  srgba(41,76,151,1)
0,12: (10794,0,10280,65535)  #2A0028FF  srgba(42,0,40,1)
1,12: (10794,20046,14906,65535)  #2A4E3AFF  srgba(42,78,58,1)
2,12: (11051,0,1285,65535)  #2B0005FF  srgba(43,0,5,1)
3,12: (11051,18761,22873,65535)  #2B4959FF  srgba(43,73,89,1)
4,12: (11308,0,0,65535)  #2C0000FF  srgba(44,0,0,1)
5,12: (11308,11822,10537,65535)  #2C2E29FF  srgba(44,46,41,1)
6,12: (11565,0,1285,65535)  #2D0005FF  srgba(45,0,5,1)
7,12: (11565,5140,21845,65535)  #2D1455FF  srgba(45,20,85,1)
8,12: (12079,771,1542,65535)  #2F0306FF  srgba(47,3,6,1)
9,12: (12336,3084,15677,65535)  #300C3DFF  srgba(48,12,61,1)
10,12: (12336,19789,28270,65535)  #304D6EFF  srgba(48,77,110,1)
11,12: (12336,37522,19532,65535)  #30924CFF  srgba(48,146,76,1)
12,12: (12850,257,0,65535)  #320100FF  srgba(50,1,0,1)
13,12: (12850,26214,31354,65535)  #32667AFF  srgba(50,102,122,1)
14,12: (12850,27242,16705,65535)  #326A41FF  srgba(50,106,65,1)
15,12: (13107,0,514,65535)  #330002FF  srgba(51,0,2,1)
0,13: (13107,257,514,65535)  #330102FF  srgba(51,1,2,1)
1,13: (13107,771,15420,65535)  #33033CFF  srgba(51,3,60,1)
2,13: (13107,1542,2056,65535)  #330608FF  srgba(51,6,8,1)
3,13: (13364,16448,15420,65535)  #34403CFF  srgba(52,64,60,1)
4,13: (13621,0,0,65535)  #350000FF  srgba(53,0,0,1)
5,13: (13878,771,771,65535)  #360303FF  srgba(54,3,3,1)
6,13: (14135,514,514,65535)  #370202FF  srgba(55,2,2,1)
7,13: (14392,2313,2570,65535)  #38090AFF  srgba(56,9,10,1)
8,13: (14392,29812,19789,65535)  #38744DFF  srgba(56,116,77,1)
9,13: (14649,2827,514,65535)  #390B02FF  srgba(57,11,2,1)
10,13: (14906,0,0,65535)  #3A0000FF  srgba(58,0,0,1)
11,13: (14906,771,1285,65535)  #3A0305FF  srgba(58,3,5,1)
12,13: (14906,1285,771,65535)  #3A0503FF  srgba(58,5,3,1)
13,13: (14906,2827,4112,65535)  #3A0B10FF  srgba(58,11,16,1)
14,13: (15163,257,1285,65535)  #3B0105FF  srgba(59,1,5,1)
15,13: (15163,30583,50629,65535)  #3B77C5FF  srgba(59,119,197,1)
0,14: (15677,1799,0,65535)  #3D0700FF  srgba(61,7,0,1)
1,14: (15677,28527,37779,65535)  #3D6F93FF  srgba(61,111,147,1)
2,14: (15677,29041,42405,65535)  #3D71A5FF  srgba(61,113,165,1)
3,14: (16191,1542,1799,65535)  #3F0607FF  srgba(63,6,7,1)
4,14: (16448,0,0,65535)  #400000FF  srgba(64,0,0,1)
5,14: (16705,514,5140,65535)  #410214FF  srgba(65,2,20,1)
6,14: (16962,32382,21074,65535)  #427E52FF  srgba(66,126,82,1)
7,14: (17219,1028,1285,65535)  #430405FF  srgba(67,4,5,1)
8,14: (17476,6168,10537,65535)  #441829FF  srgba(68,24,41,1)
9,14: (17733,257,514,65535)  #450102FF  srgba(69,1,2,1)
10,14: (17990,514,514,65535)  #460202FF  srgba(70,2,2,1)
11,14: (18247,30069,31354,65535)  #47757AFF  srgba(71,117,122,1)
12,14: (18504,771,514,65535)  #480302FF  srgba(72,3,2,1)
13,14: (18761,514,0,65535)  #490200FF  srgba(73,2,0,1)
14,14: (19018,2570,2570,65535)  #4A0A0AFF  srgba(74,10,10,1)
15,14: (19018,38550,22873,65535)  #4A9659FF  srgba(74,150,89,1)
0,15: (19789,2827,4112,65535)  #4D0B10FF  srgba(77,11,16,1)
1,15: (20046,1799,1799,65535)  #4E0707FF  srgba(78,7,7,1)
2,15: (20560,1028,1285,65535)  #500405FF  srgba(80,4,5,1)
3,15: (20560,1285,10280,65535)  #500528FF  srgba(80,5,40,1)
4,15: (22102,1285,514,65535)  #560502FF  srgba(86,5,2,1)
5,15: (22873,4112,22102,65535)  #591056FF  srgba(89,16,86,1)
6,15: (23387,1799,1542,65535)  #5B0706FF  srgba(91,7,6,1)
7,15: (23387,2570,2056,65535)  #5B0A08FF  srgba(91,10,8,1)
8,15: (23644,1799,771,65535)  #5C0703FF  srgba(92,7,3,1)
9,15: (23644,6425,15677,65535)  #5C193DFF  srgba(92,25,61,1)
10,15: (24158,2827,4112,65535)  #5E0B10FF  srgba(94,11,16,1)
11,15: (24672,3084,2313,65535)  #600C09FF  srgba(96,12,9,1)
12,15: (24929,1799,514,65535)  #610702FF  srgba(97,7,2,1)
13,15: (25443,4112,10794,65535)  #63102AFF  srgba(99,16,42,1)
14,15: (26471,2570,1799,65535)  #670A07FF  srgba(103,10,7,1)
15,15: (0,65535,0,0)  #00FF0000  srgba(0,255,0,0)
