# ImageMagick pixel enumeration: 16,16,65535,srgba
0,0: (0,0,0,65535)  #000000FF  black
1,0: (0,0,0,65535)  #000000FF  black
2,0: (0,514,0,65535)  #000200FF  srgba(0,2,0,1)
3,0: (1285,2827,5654,65535)  #050B16FF  srgba(5,11,22,1)
4,0: (2827,0,1799,65535)  #0B0007FF  srgba(11,0,7,1)
5,0: (4883,3084,7196,65535)  #130C1CFF  srgba(19,12,28,1)
6,0: (5397,1799,17990,65535)  #150746FF  srgba(21,7,70,1)
7,0: (6168,7453,5911,65535)  #181D17FF  srgba(24,29,23,1)
8,0: (6168,8224,12593,65535)  #182031FF  srgba(24,32,49,1)
9,0: (6425,2313,24415,65535)  #19095FFF  srgba(25,9,95,1)
10,0: (6939,22359,33153,65535)  #1B5781FF  srgba(27,87,129,1)
11,0: (8224,3341,32382,65535)  #200D7EFF  srgba(32,13,126,1)
12,0: (8995,14135,11822,65535)  #23372EFF  srgba(35,55,46,1)
13,0: (9252,0,12593,65535)  #240031FF  srgba(36,0,49,1)
14,0: (9509,2827,25443,65535)  #250B63FF  srgba(37,11,99,1)
15,0: (9766,4626,45489,65535)  #2612B1FF  srgba(38,18,177,1)
0,1: (9766,27242,25443,65535)  #266A63FF  srgba(38,106,99,1)
1,1: (10023,11565,19018,65535)  #272D4AFF  srgba(39,45,74,1)
2,1: (10537,15163,24415,65535)  #293B5FFF  srgba(41,59,95,1)
3,1: (11308,3084,26214,65535)  #2C0C66FF  srgba(44,12,102,1)
4,1: (11308,3598,31868,65535)  #2C0E7CFF  srgba(44,14,124,1)
5,1: (11565,6682,24929,65535)  #2D1A61FF  srgba(45,26,97,1)
6,1: (11822,25186,14392,65535)  #2E6238FF  srgba(46,98,56,1)
7,1: (12079,2313,17990,65535)  #2F0946FF  srgba(47,9,70,1)
8,1: (12079,3855,32639,65535)  #2F0F7FFF  srgba(47,15,127,1)
9,1: (12079,4369,26985,65535)  #2F1169FF  srgba(47,17,105,1)
10,1: (12593,6168,49601,65535)  #3118C1FF  srgba(49,24,193,1)
11,1: (13107,6939,48316,65535)  #331BBCFF  srgba(51,27,188,1)
12,1: (13364,3855,33667,65535)  #340F83FF  srgba(52,15,131,1)
13,1: (13364,14649,51914,65535)  #3439CAFF  srgba(52,57,202,1)
14,1: (13621,4626,34438,65535)  #351286FF  srgba(53,18,134,1)
15,1: (13878,12336,11565,65535)  #36302DFF  srgba(54,48,45,1)
0,2: (14135,2313,10537,65535)  #370929FF  srgba(55,9,41,1)
1,2: (14135,4626,38807,65535)  #371297FF  srgba(55,18,151,1)
2,2: (14392,8224,54741,65535)  #3820D5FF  srgba(56,32,213,1)
3,2: (14649,8481,41120,65535)  #3921A0FF  srgba(57,33,160,1)
4,2: (15163,8224,34181,65535)  #3B2085FF  srgba(59,32,133,1)
5,2: (15420,4883,35723,65535)  #3C138BFF  srgba(60,19,139,1)
6,2: (15420,7196,57054,65535)  #3C1CDEFF  srgba(60,28,222,1)
7,2: (15420,18247,40863,65535)  #3C479FFF  srgba(60,71,159,1)
8,2: (15677,3084,25957,65535)  #3D0C65FF  srgba(61,12,101,1)
9,2: (15677,16191,16191,65535)  #3D3F3FFF  srgba(61,63,63,1)
10,2: (15934,3855,34438,65535)  #3E0F86FF  srgba(62,15,134,1)
11,2: (15934,5140,35980,65535)  #3E148CFF  srgba(62,20,140,1)
12,2: (16448,5654,35980,65535)  #40168CFF  srgba(64,22,140,1)
13,2: (16705,4626,36237,65535)  #41128DFF  srgba(65,18,141,1)
14,2: (16962,4883,38807,65535)  #421397FF  srgba(66,19,151,1)
15,2: (16962,33667,23387,65535)  #42835BFF  srgba(66,131,91,1)
0,3: (17219,4883,41120,65535)  #4313A0FF  srgba(67,19,160,1)
1,3: (17219,4883,44204,65535)  #4313ACFF  srgba(67,19,172,1)
2,3: (17219,25957,17733,65535)  #436545FF  srgba(67,101,69,1)
3,3: (17476,6682,41891,65535)  #441AA3FF  srgba(68,26,163,1)
4,3: (17476,9509,56540,65535)  #4425DCFF  srgba(68,37,220,1)
5,3: (17476,18247,18504,65535)  #444748FF  srgba(68,71,72,1)
6,3: (17990,20046,18247,65535)  #464E47FF  srgba(70,78,71,1)
7,3: (18247,9509,19275,65535)  #47254BFF  srgba(71,37,75,1)
8,3: (18247,20817,18504,65535)  #475148FF  srgba(71,81,72,1)
9,3: (18247,20817,19018,65535)  #47514AFF  srgba(71,81,74,1)
10,3: (18504,4883,39578,65535)  #48139AFF  srgba(72,19,154,1)
11,3: (18504,20817,18761,65535)  #485149FF  srgba(72,81,73,1)
12,3: (18761,5654,26214,65535)  #491666FF  srgba(73,22,102,1)
13,3: (18761,20303,18761,65535)  #494F49FF  srgba(73,79,73,1)
14,3: (18761,20560,18504,65535)  #495048FF  srgba(73,80,72,1)
15,3: (18761,20560,19532,65535)  #49504CFF  srgba(73,80,76,1)
0,4: (18761,21074,19275,65535)  #49524BFF  srgba(73,82,75,1)
1,4: (18761,21331,19532,65535)  #49534CFF  srgba(73,83,76,1)
2,4: (18761,21588,19018,65535)  #49544AFF  srgba(73,84,74,1)
3,4: (19018,6168,41891,65535)  #4A18A3FF  srgba(74,24,163,1)
4,4: (19018,18761,16962,65535)  #4A4942FF  srgba(74,73,66,1)
5,4: (19018,21074,19018,65535)  #4A524AFF  srgba(74,82,74,1)
6,4: (19018,21588,19532,65535)  #4A544CFF  srgba(74,84,76,1)
7,4: (19018,21845,19789,65535)  #4A554DFF  srgba(74,85,77,1)
8,4: (19275,15420,19532,65535)  #4B3C4CFF  srgba(75,60,76,1)
9,4: (19275,20046,33153,65535)  #4B4E81FF  srgba(75,78,129,1)
10,4: (19532,5654,41891,65535)  #4C16A3FF  srgba(76,22,163,1)
11,4: (19532,5911,41891,65535)  #4C17A3FF  srgba(76,23,163,1)
12,4: (19532,19275,22359,65535)  #4C4B57FF  srgba(76,75,87,1)
13,4: (19532,21845,20046,65535)  #4C554EFF  srgba(76,85,78,1)
14,4: (19532,22102,21074,65535)  #4C5652FF  srgba(76,86,82,1)
15,4: (19789,5911,46517,65535)  #4D17B5FF  srgba(77,23,181,1)
0,5: (20046,5911,13621,65535)  #4E1735FF  srgba(78,23,53,1)
1,5: (20046,8481,57825,65535)  #4E21E1FF  srgba(78,33,225,1)
2,5: (20046,22616,21588,65535)  #4E5854FF  srgba(78,88,84,1)
3,5: (20046,25700,23644,65535)  #4E645CFF  srgba(78,100,92,1)
4,5: (20303,22616,20560,65535)  #4F5850FF  srgba(79,88,80,1)
5,5: (20560,5140,42919,65535)  #5014A7FF  srgba(80,20,167,1)
6,5: (20560,14649,55769,65535)  #5039D9FF  srgba(80,57,217,1)
7,5: (20817,6939,49087,65535)  #511BBFFF  srgba(81,27,191,1)
8,5: (20817,20817,20817,65535)  #515151FF  srgba(81,81,81,1)
9,5: (20817,21845,21845,65535)  #515555FF  srgba(81,85,85,1)
10,5: (20817,22616,21074,65535)  #515852FF  srgba(81,88,82,1)
11,5: (20817,23130,21331,65535)  #515A53FF  srgba(81,90,83,1)
12,5: (21074,22616,21331,65535)  #525853FF  srgba(82,88,83,1)
13,5: (21074,23644,21845,65535)  #525C55FF  srgba(82,92,85,1)
14,5: (21074,23644,22102,65535)  #525C56FF  srgba(82,92,86,1)
15,5: (21074,23901,22102,65535)  #525D56FF  srgba(82,93,86,1)
0,6: (21331,8224,25443,65535)  #532063FF  srgba(83,32,99,1)
1,6: (21331,23901,21588,65535)  #535D54FF  srgba(83,93,84,1)
2,6: (21588,24158,22359,65535)  #545E57FF  srgba(84,94,87,1)
3,6: (21845,5911,45232,65535)  #5517B0FF  srgba(85,23,176,1)
4,6: (22102,24672,22359,65535)  #566057FF  srgba(86,96,87,1)
5,6: (22359,24158,22102,65535)  #575E56FF  srgba(87,94,86,1)
6,6: (22359,24158,22616,65535)  #575E58FF  srgba(87,94,88,1)
7,6: (22359,24158,22616,65535)  #575E58FF  srgba(87,94,88,1)
8,6: (22616,24158,23387,65535)  #585E5BFF  srgba(88,94,91,1)
9,6: (22616,24672,22873,65535)  #586059FF  srgba(88,96,89,1)
10,6: (22616,25186,22873,65535)  #586259FF  srgba(88,98,89,1)
11,6: (22873,7967,16448,65535)  #591F40FF  srgba(89,31,64,1)
12,6: (22873,20817,19789,65535)  #59514DFF  srgba(89,81,77,1)
13,6: (22873,24672,22616,65535)  #596058FF  srgba(89,96,88,1)
14,6: (22873,25186,23644,65535)  #59625CFF  srgba(89,98,92,1)
15,6: (22873,25443,23387,65535)  #59635BFF  srgba(89,99,91,1)
0,7: (23387,6425,46003,65535)  #5B19B3FF  srgba(91,25,179,1)
1,7: (23387,6682,44718,65535)  #5B1AAEFF  srgba(91,26,174,1)
2,7: (23387,25957,23901,65535)  #5B655DFF  srgba(91,101,93,1)
3,7: (23644,5397,43433,65535)  #5C15A9FF  srgba(92,21,169,1)
4,7: (23644,18761,20303,65535)  #5C494FFF  srgba(92,73,79,1)
5,7: (23644,25443,23901,65535)  #5C635DFF  srgba(92,99,93,1)
6,7: (23644,25700,23130,65535)  #5C645AFF  srgba(92,100,90,1)
7,7: (23901,26214,24672,65535)  #5D6660FF  srgba(93,102,96,1)
8,7: (23901,26471,24158,65535)  #5D675EFF  srgba(93,103,94,1)
9,7: (23901,26728,24158,65535)  #5D685EFF  srgba(93,104,94,1)
10,7: (24158,6425,48059,65535)  #5E19BBFF  srgba(94,25,187,1)
11,7: (24158,25957,23901,65535)  #5E655DFF  srgba(94,101,93,1)
12,7: (24415,17990,20046,65535)  #5F464EFF  srgba(95,70,78,1)
13,7: (24415,26214,23901,65535)  #5F665DFF  srgba(95,102,93,1)
14,7: (24672,4883,34438,65535)  #601386FF  srgba(96,19,134,1)
15,7: (24672,26214,24929,65535)  #606661FF  srgba(96,102,97,1)
0,8: (24672,26471,23644,65535)  #60675CFF  srgba(96,103,92,1)
1,8: (24672,26471,24415,65535)  #60675FFF  srgba(96,103,95,1)
2,8: (24929,9252,38036,65535)  #612494FF  srgba(97,36,148,1)
3,8: (24929,26728,24672,65535)  #616860FF  srgba(97,104,96,1)
4,8: (24929,27499,25443,65535)  #616B63FF  srgba(97,107,99,1)
5,8: (25186,6425,50629,65535)  #6219C5FF  srgba(98,25,197,1)
6,8: (25186,9509,56797,65535)  #6225DDFF  srgba(98,37,221,1)
7,8: (25186,11051,27756,65535)  #622B6CFF  srgba(98,43,108,1)
8,8: (25443,15420,56283,65535)  #633CDBFF  srgba(99,60,219,1)
9,8: (25700,12079,18247,65535)  #642F47FF  srgba(100,47,71,1)
10,8: (25700,22873,25443,65535)  #645963FF  srgba(100,89,99,1)
11,8: (25700,24929,22873,65535)  #646159FF  srgba(100,97,89,1)
12,8: (25700,26471,27756,65535)  #64676CFF  srgba(100,103,108,1)
13,8: (25957,24415,36494,65535)  #655F8EFF  srgba(101,95,142,1)
14,8: (26214,7196,51657,65535)  #661CC9FF  srgba(102,28,201,1)
15,8: (26214,7967,53713,65535)  #661FD1FF  srgba(102,31,209,1)
0,9: (26471,27756,30326,65535)  #676C76FF  srgba(103,108,118,1)
1,9: (26471,28270,27499,65535)  #676E6BFF  srgba(103,110,107,1)
2,9: (26471,28527,26471,65535)  #676F67FF  srgba(103,111,103,1)
3,9: (26471,28527,27499,65535)  #676F6BFF  srgba(103,111,107,1)
4,9: (26471,29041,27242,65535)  #67716AFF  srgba(103,113,106,1)
5,9: (26471,29041,27499,65535)  #67716BFF  srgba(103,113,107,1)
6,9: (26728,7453,52428,65535)  #681DCCFF  srgba(104,29,204,1)
7,9: (26985,33410,29298,65535)  #698272FF  srgba(105,130,114,1)
8,9: (27242,29041,27499,65535)  #6A716BFF  srgba(106,113,107,1)
9,9: (27242,29555,27756,65535)  #6A736CFF  srgba(106,115,108,1)
10,9: (27756,30069,28013,65535)  #6C756DFF  srgba(108,117,109,1)
11,9: (27756,30069,29298,65535)  #6C7572FF  srgba(108,117,114,1)
12,9: (28013,30326,28784,65535)  #6D7670FF  srgba(109,118,112,1)
13,9: (28270,30069,28013,65535)  #6E756DFF  srgba(110,117,109,1)
14,9: (28270,30069,28527,65535)  #6E756FFF  srgba(110,117,111,1)
15,9: (28527,7196,52685,65535)  #6F1CCDFF  srgba(111,28,205,1)
0,10: (28527,30069,28527,65535)  #6F756FFF  srgba(111,117,111,1)
1,10: (28784,9509,52428,65535)  #7025CCFF  srgba(112,37,204,1)
2,10: (28784,15420,16705,65535)  #703C41FF  srgba(112,60,65,1)
3,10: (28784,30326,28784,65535)  #707670FF  srgba(112,118,112,1)
4,10: (29041,5911,39064,65535)  #711798FF  srgba(113,23,152,1)
5,10: (29041,7967,56283,65535)  #711FDBFF  srgba(113,31,219,1)
6,10: (29041,16962,39835,65535)  #71429BFF  srgba(113,66,155,1)
7,10: (29041,31354,29298,65535)  #717A72FF  srgba(113,122,114,1)
8,10: (29298,30583,31611,65535)  #72777BFF  srgba(114,119,123,1)
9,10: (29555,23901,24672,65535)  #735D60FF  srgba(115,93,96,1)
10,10: (29555,31611,30069,65535)  #737B75FF  srgba(115,123,117,1)
11,10: (29555,31611,30840,65535)  #737B78FF  srgba(115,123,120,1)
12,10: (29555,32125,29812,65535)  #737D74FF  srgba(115,125,116,1)
13,10: (29555,32125,30326,65535)  #737D76FF  srgba(115,125,118,1)
14,10: (29555,32125,30326,65535)  #737D76FF  srgba(115,125,118,1)
15,10: (29555,32125,30583,65535)  #737D77FF  srgba(115,125,119,1)
0,11: (30069,29041,28270,65535)  #75716EFF  srgba(117,113,110,1)
1,11: (30069,32382,30840,65535)  #757E78FF  srgba(117,126,120,1)
2,11: (30583,9509,53199,65535)  #7725CFFF  srgba(119,37,207,1)
3,11: (30583,32639,30840,65535)  #777F78FF  srgba(119,127,120,1)
4,11: (30840,8224,24415,65535)  #78205FFF  srgba(120,32,95,1)
5,11: (30840,30326,30840,65535)  #787678FF  srgba(120,118,120,1)
6,11: (31354,8738,59624,65535)  #7A22E8FF  srgba(122,34,232,1)
7,11: (31611,29041,35209,65535)  #7B7189FF  srgba(123,113,137,1)
8,11: (31611,33667,31868,65535)  #7B837CFF  srgba(123,131,124,1)
9,11: (31868,12079,36237,65535)  #7C2F8DFF  srgba(124,47,141,1)
10,11: (32125,27499,44461,65535)  #7D6BADFF  srgba(125,107,173,1)
11,11: (32382,5140,33667,65535)  #7E1483FF  srgba(126,20,131,1)
12,11: (32382,35209,36751,65535)  #7E898FFF  srgba(126,137,143,1)
13,11: (32639,12336,50886,65535)  #7F30C6FF  srgba(127,48,198,1)
14,11: (32639,20560,28270,65535)  #7F506EFF  srgba(127,80,110,1)
15,11: (32639,34438,32639,65535)  #7F867FFF  srgba(127,134,127,1)
0,12: (33153,35466,33410,65535)  #818A82FF  srgba(129,138,130,1)
1,12: (33410,4883,28527,65535)  #82136FFF  srgba(130,19,111,1)
2,12: (34181,8738,62194,65535)  #8522F2FF  srgba(133,34,242,1)
3,12: (34181,36237,34438,65535)  #858D86FF  srgba(133,141,134,1)
4,12: (34181,36237,36237,65535)  #858D8DFF  srgba(133,141,141,1)
5,12: (34438,13107,62194,65535)  #8633F2FF  srgba(134,51,242,1)
6,12: (34438,36751,35723,65535)  #868F8BFF  srgba(134,143,139,1)
7,12: (34695,37008,35723,65535)  #87908BFF  srgba(135,144,139,1)
8,12: (34952,37008,35723,65535)  #88908BFF  srgba(136,144,139,1)
9,12: (35209,4369,16705,65535)  #891141FF  srgba(137,17,65,1)
10,12: (35209,37265,35723,65535)  #89918BFF  srgba(137,145,139,1)
11,12: (35723,37779,36237,65535)  #8B938DFF  srgba(139,147,141,1)
12,12: (36237,10023,15934,65535)  #8D273EFF  srgba(141,39,62,1)
13,12: (36494,28784,36494,65535)  #8E708EFF  srgba(142,112,142,1)
14,12: (36751,38807,37008,65535)  #8F9790FF  srgba(143,151,144,1)
15,12: (37008,14649,50372,65535)  #9039C4FF  srgba(144,57,196,1)
0,13: (37265,37779,41120,65535)  #9193A0FF  srgba(145,147,160,1)
1,13: (37265,39321,37522,65535)  #919992FF  srgba(145,153,146,1)
2,13: (37522,7967,34181,65535)  #921F85FF  srgba(146,31,133,1)
3,13: (37522,11308,62708,65535)  #922CF4FF  srgba(146,44,244,1)
4,13: (37522,39321,38293,65535)  #929995FF  srgba(146,153,149,1)
5,13: (37522,39578,38036,65535)  #929A94FF  srgba(146,154,148,1)
6,13: (37779,28527,50629,65535)  #936FC5FF  srgba(147,111,197,1)
7,13: (38293,25186,61680,65535)  #9562F0FF  srgba(149,98,240,1)
8,13: (38550,40349,38807,65535)  #969D97FF  srgba(150,157,151,1)
9,13: (39321,5911,24158,65535)  #99175EFF  srgba(153,23,94,1)
10,13: (39321,41377,39578,65535)  #99A19AFF  srgba(153,161,154,1)
11,13: (40092,35723,52942,65535)  #9C8BCEFF  srgba(156,139,206,1)
12,13: (40349,39321,44718,65535)  #9D99AEFF  srgba(157,153,174,1)
13,13: (40349,42405,40606,65535)  #9DA59EFF  srgba(157,165,158,1)
14,13: (40863,42919,41377,65535)  #9FA7A1FF  srgba(159,167,161,1)
15,13: (41120,43176,41891,65535)  #A0A8A3FF  srgba(160,168,163,1)
0,14: (41377,43690,42662,65535)  #A1AAA6FF  srgba(161,170,166,1)
1,14: (42405,44461,42662,65535)  #A5ADA6FF  srgba(165,173,166,1)
2,14: (43433,45746,43947,65535)  #A9B2ABFF  srgba(169,178,171,1)
3,14: (43947,21331,63479,65535)  #AB53F7FF  srgba(171,83,247,1)
4,14: (44204,46517,45232,65535)  #ACB5B0FF  srgba(172,181,176,1)
5,14: (44461,40863,50629,65535)  #AD9FC5FF  srgba(173,159,197,1)
6,14: (44975,34695,60909,65535)  #AF87EDFF  srgba(175,135,237,1)
7,14: (45232,47288,45746,65535)  #B0B8B2FF  srgba(176,184,178,1)
8,14: (45489,29555,63222,65535)  #B173F6FF  srgba(177,115,246,1)
9,14: (46260,48573,46774,65535)  #B4BDB6FF  srgba(180,189,182,1)
10,14: (46517,40863,58853,65535)  #B59FE5FF  srgba(181,159,229,1)
11,14: (46774,48316,48059,65535)  #B6BCBBFF  srgba(182,188,187,1)
12,14: (46774,48830,47802,65535)  #B6BEBAFF  srgba(182,190,186,1)
13,14: (47288,49344,48059,65535)  #B8C0BBFF  srgba(184,192,187,1)
14,14: (47802,49858,48316,65535)  #BAC2BCFF  srgba(186,194,188,1)
15,14: (48059,50372,48573,65535)  #BBC4BDFF  srgba(187,196,189,1)
0,15: (49344,51400,49858,65535)  #C0C8C2FF  srgba(192,200,194,1)
1,15: (50886,53199,51657,65535)  #C6CFC9FF  srgba(198,207,201,1)
2,15: (52942,38550,63993,65535)  #CE96F9FF  srgba(206,150,249,1)
3,15: (52942,54998,53456,65535)  #CED6D0FF  srgba(206,214,208,1)
4,15: (53456,47545,60652,65535)  #D0B9ECFF  srgba(208,185,236,1)
5,15: (53713,55769,54741,65535)  #D1D9D5FF  srgba(209,217,213,1)
6,15: (54227,56540,54998,65535)  #D3DCD6FF  srgba(211,220,214,1)
7,15: (55255,57311,55769,65535)  #D7DFD9FF  srgba(215,223,217,1)
8,15: (56540,58596,57054,65535)  #DCE4DEFF  srgba(220,228,222,1)
9,15: (58596,60652,59110,65535)  #E4ECE6FF  srgba(228,236,230,1)
10,15: (60652,62451,60909,65535)  #ECF3EDFF  srgba(236,243,237,1)
11,15: (62451,63993,62451,65535)  #F3F9F3FF  srgba(243,249,243,1)
12,15: (63736,64507,63222,65535)  #F8FBF6FF  srgba(248,251,246,1)
13,15: (63993,64764,64250,65535)  #F9FCFAFF  srgba(249,252,250,1)
14,15: (65278,65278,65278,65535)  #FEFEFEFF  srgba(254,254,254,1)
15,15: (0,65535,0,0)  #00FF0000  srgba(0,255,0,0)
