# ImageMagick pixel enumeration: 16,16,65535,srgba
0,0: (0,0,257,65535)  #000001FF  srgba(0,0,1,1)
1,0: (0,257,2313,65535)  #000109FF  srgba(0,1,9,1)
2,0: (0,2313,514,65535)  #000902FF  srgba(0,9,2,1)
3,0: (0,17733,11051,65535)  #00452BFF  srgba(0,69,43,1)
4,0: (0,22359,20046,65535)  #00574EFF  srgba(0,87,78,1)
5,0: (257,0,0,65535)  #010000FF  srgba(1,0,0,1)
6,0: (257,8481,3855,65535)  #01210FFF  srgba(1,33,15,1)
7,0: (257,22616,15934,65535)  #01583EFF  srgba(1,88,62,1)
8,0: (514,2313,4626,65535)  #020912FF  srgba(2,9,18,1)
9,0: (514,4626,2570,65535)  #02120AFF  srgba(2,18,10,1)
10,0: (514,23644,17219,65535)  #025C43FF  srgba(2,92,67,1)
11,0: (1542,12593,6939,65535)  #06311BFF  srgba(6,49,27,1)
12,0: (1799,4112,10794,65535)  #07102AFF  srgba(7,16,42,1)
13,0: (1799,20046,15163,65535)  #074E3BFF  srgba(7,78,59,1)
14,0: (2056,20046,25957,65535)  #084E65FF  srgba(8,78,101,1)
15,0: (2570,19789,20046,65535)  #0A4D4EFF  srgba(10,77,78,1)
0,1: (3341,9766,12079,65535)  #0D262FFF  srgba(13,38,47,1)
1,1: (3855,9766,20046,65535)  #0F264EFF  srgba(15,38,78,1)
2,1: (4626,14906,19532,65535)  #123A4CFF  srgba(18,58,76,1)
3,1: (4883,18761,30840,65535)  #134978FF  srgba(19,73,120,1)
4,1: (5397,10537,25700,65535)  #152964FF  srgba(21,41,100,1)
5,1: (5397,13107,25443,65535)  #153363FF  srgba(21,51,99,1)
6,1: (5654,11051,30840,65535)  #162B78FF  srgba(22,43,120,1)
7,1: (5654,14649,30583,65535)  #163977FF  srgba(22,57,119,1)
8,1: (5654,22873,29298,65535)  #165972FF  srgba(22,89,114,1)
9,1: (5911,14649,25700,65535)  #173964FF  srgba(23,57,100,1)
10,1: (6168,9509,22102,65535)  #182556FF  srgba(24,37,86,1)
11,1: (6168,17990,24929,65535)  #184661FF  srgba(24,70,97,1)
12,1: (6425,9252,12850,65535)  #192432FF  srgba(25,36,50,1)
13,1: (7196,10280,19275,65535)  #1C284BFF  srgba(28,40,75,1)
14,1: (7196,12593,25957,65535)  #1C3165FF  srgba(28,49,101,1)
15,1: (7196,12850,34952,65535)  #1C3288FF  srgba(28,50,136,1)
0,2: (7196,18247,31354,65535)  #1C477AFF  srgba(28,71,122,1)
1,2: (7453,12850,37779,65535)  #1D3293FF  srgba(29,50,147,1)
2,2: (7453,13107,36494,65535)  #1D338EFF  srgba(29,51,142,1)
3,2: (7453,22616,24415,65535)  #1D585FFF  srgba(29,88,95,1)
4,2: (7710,11822,40092,65535)  #1E2E9CFF  srgba(30,46,156,1)
5,2: (7967,6939,25957,65535)  #1F1B65FF  srgba(31,27,101,1)
6,2: (7967,17219,26471,65535)  #1F4367FF  srgba(31,67,103,1)
7,2: (8224,12079,31354,65535)  #202F7AFF  srgba(32,47,122,1)
8,2: (8224,12593,42148,65535)  #2031A4FF  srgba(32,49,164,1)
9,2: (8224,14392,31097,65535)  #203879FF  srgba(32,56,121,1)
10,2: (8481,19532,32125,65535)  #214C7DFF  srgba(33,76,125,1)
11,2: (8481,19532,35209,65535)  #214C89FF  srgba(33,76,137,1)
12,2: (8738,12850,44204,65535)  #2232ACFF  srgba(34,50,172,1)
13,2: (8738,16705,39835,65535)  #22419BFF  srgba(34,65,155,1)
14,2: (8738,18504,37522,65535)  #224892FF  srgba(34,72,146,1)
15,2: (8738,19275,36237,65535)  #224B8DFF  srgba(34,75,141,1)
0,3: (8738,25957,24929,65535)  #226561FF  srgba(34,101,97,1)
1,3: (8995,7453,30583,65535)  #231D77FF  srgba(35,29,119,1)
2,3: (8995,23901,24929,65535)  #235D61FF  srgba(35,93,97,1)
3,3: (8995,25700,32639,65535)  #23647FFF  srgba(35,100,127,1)
4,3: (8995,26985,29041,65535)  #236971FF  srgba(35,105,113,1)
5,3: (8995,32125,29041,65535)  #237D71FF  srgba(35,125,113,1)
6,3: (9252,19275,26471,65535)  #244B67FF  srgba(36,75,103,1)
7,3: (9252,22616,30583,65535)  #245877FF  srgba(36,88,119,1)
8,3: (9252,29555,25443,65535)  #247363FF  srgba(36,115,99,1)
9,3: (9252,37008,29812,65535)  #249074FF  srgba(36,144,116,1)
10,3: (9509,18247,23387,65535)  #25475BFF  srgba(37,71,91,1)
11,3: (9509,19018,24415,65535)  #254A5FFF  srgba(37,74,95,1)
12,3: (9509,19018,41891,65535)  #254AA3FF  srgba(37,74,163,1)
13,3: (9509,21074,35209,65535)  #255289FF  srgba(37,82,137,1)
14,3: (9509,21074,36237,65535)  #25528DFF  srgba(37,82,141,1)
15,3: (9509,24672,33667,65535)  #256083FF  srgba(37,96,131,1)
0,4: (9509,25957,34952,65535)  #256588FF  srgba(37,101,136,1)
1,4: (9509,32125,33667,65535)  #257D83FF  srgba(37,125,131,1)
2,4: (9509,34181,32639,65535)  #25857FFF  srgba(37,133,127,1)
3,4: (9766,17476,21588,65535)  #264454FF  srgba(38,68,84,1)
4,4: (9766,18247,44461,65535)  #2647ADFF  srgba(38,71,173,1)
5,4: (9766,20303,39578,65535)  #264F9AFF  srgba(38,79,154,1)
6,4: (9766,20560,37522,65535)  #265092FF  srgba(38,80,146,1)
7,4: (9766,21074,33153,65535)  #265281FF  srgba(38,82,129,1)
8,4: (9766,21074,37522,65535)  #265292FF  srgba(38,82,146,1)
9,4: (9766,21331,34952,65535)  #265388FF  srgba(38,83,136,1)
10,4: (9766,21331,35980,65535)  #26538CFF  srgba(38,83,140,1)
11,4: (9766,21331,36751,65535)  #26538FFF  srgba(38,83,143,1)
12,4: (9766,21588,33410,65535)  #265482FF  srgba(38,84,130,1)
13,4: (9766,21588,35466,65535)  #26548AFF  srgba(38,84,138,1)
14,4: (9766,22102,33667,65535)  #265683FF  srgba(38,86,131,1)
15,4: (9766,22616,33410,65535)  #265882FF  srgba(38,88,130,1)
0,5: (9766,23130,32639,65535)  #265A7FFF  srgba(38,90,127,1)
1,5: (9766,33153,34952,65535)  #268188FF  srgba(38,129,136,1)
2,5: (10023,20817,36494,65535)  #27518EFF  srgba(39,81,142,1)
3,5: (10023,21331,36494,65535)  #27538EFF  srgba(39,83,142,1)
4,5: (10023,21331,37265,65535)  #275391FF  srgba(39,83,145,1)
5,5: (10023,21588,35466,65535)  #27548AFF  srgba(39,84,138,1)
6,5: (10023,21588,36237,65535)  #27548DFF  srgba(39,84,141,1)
7,5: (10023,21845,34952,65535)  #275588FF  srgba(39,85,136,1)
8,5: (10023,22102,35466,65535)  #27568AFF  srgba(39,86,138,1)
9,5: (10023,22359,34952,65535)  #275788FF  srgba(39,87,136,1)
10,5: (10023,22616,32639,65535)  #27587FFF  srgba(39,88,127,1)
11,5: (10023,23130,33924,65535)  #275A84FF  srgba(39,90,132,1)
12,5: (10023,23130,34952,65535)  #275A88FF  srgba(39,90,136,1)
13,5: (10280,21845,33924,65535)  #285584FF  srgba(40,85,132,1)
14,5: (10280,21845,33924,65535)  #285584FF  srgba(40,85,132,1)
15,5: (10280,21845,34438,65535)  #285586FF  srgba(40,85,134,1)
0,6: (10280,21845,34952,65535)  #285588FF  srgba(40,85,136,1)
1,6: (10280,22102,32639,65535)  #28567FFF  srgba(40,86,127,1)
2,6: (10280,22873,30840,65535)  #285978FF  srgba(40,89,120,1)
3,6: (10537,21331,34695,65535)  #295387FF  srgba(41,83,135,1)
4,6: (10537,21331,35980,65535)  #29538CFF  srgba(41,83,140,1)
5,6: (10537,21331,36494,65535)  #29538EFF  srgba(41,83,142,1)
6,6: (10537,21331,37008,65535)  #295390FF  srgba(41,83,144,1)
7,6: (10537,21588,33924,65535)  #295484FF  srgba(41,84,132,1)
8,6: (10537,21588,35209,65535)  #295489FF  srgba(41,84,137,1)
9,6: (10794,16962,42148,65535)  #2A42A4FF  srgba(42,66,164,1)
10,6: (10794,20817,38550,65535)  #2A5196FF  srgba(42,81,150,1)
11,6: (10794,20817,41377,65535)  #2A51A1FF  srgba(42,81,161,1)
12,6: (10794,21331,36751,65535)  #2A538FFF  srgba(42,83,143,1)
13,6: (10794,21588,34952,65535)  #2A5488FF  srgba(42,84,136,1)
14,6: (10794,21588,36494,65535)  #2A548EFF  srgba(42,84,142,1)
15,6: (10794,21845,33153,65535)  #2A5581FF  srgba(42,85,129,1)
0,7: (10794,21845,36494,65535)  #2A558EFF  srgba(42,85,142,1)
1,7: (10794,21845,37522,65535)  #2A5592FF  srgba(42,85,146,1)
2,7: (10794,22102,33667,65535)  #2A5683FF  srgba(42,86,131,1)
3,7: (10794,22102,34181,65535)  #2A5685FF  srgba(42,86,133,1)
4,7: (10794,22616,33153,65535)  #2A5881FF  srgba(42,88,129,1)
5,7: (11051,9509,32125,65535)  #2B257DFF  srgba(43,37,125,1)
6,7: (11051,18504,44718,65535)  #2B48AEFF  srgba(43,72,174,1)
7,7: (11051,21331,33153,65535)  #2B5381FF  srgba(43,83,129,1)
8,7: (11051,21331,38293,65535)  #2B5395FF  srgba(43,83,149,1)
9,7: (11051,21588,33667,65535)  #2B5483FF  srgba(43,84,131,1)
10,7: (11051,22102,32382,65535)  #2B567EFF  srgba(43,86,126,1)
11,7: (11051,22102,33410,65535)  #2B5682FF  srgba(43,86,130,1)
12,7: (11051,22102,34695,65535)  #2B5687FF  srgba(43,86,135,1)
13,7: (11051,22359,35466,65535)  #2B578AFF  srgba(43,87,138,1)
14,7: (11051,22359,36237,65535)  #2B578DFF  srgba(43,87,141,1)
15,7: (11051,24158,36751,65535)  #2B5E8FFF  srgba(43,94,143,1)
0,8: (11051,24415,30069,65535)  #2B5F75FF  srgba(43,95,117,1)
1,8: (11051,27499,36751,65535)  #2B6B8FFF  srgba(43,107,143,1)
2,8: (11051,30326,26728,65535)  #2B7668FF  srgba(43,118,104,1)
3,8: (11051,35209,32125,65535)  #2B897DFF  srgba(43,137,125,1)
4,8: (11051,35466,28270,65535)  #2B8A6EFF  srgba(43,138,110,1)
5,8: (11308,20303,38807,65535)  #2C4F97FF  srgba(44,79,151,1)
6,8: (11308,20817,36494,65535)  #2C518EFF  srgba(44,81,142,1)
7,8: (11308,22359,32896,65535)  #2C5780FF  srgba(44,87,128,1)
8,8: (11308,22359,37008,65535)  #2C5790FF  srgba(44,87,144,1)
9,8: (11308,22359,38036,65535)  #2C5794FF  srgba(44,87,148,1)
10,8: (11308,23387,35466,65535)  #2C5B8AFF  srgba(44,91,138,1)
11,8: (11308,27756,34181,65535)  #2C6C85FF  srgba(44,108,133,1)
12,8: (11308,31354,28784,65535)  #2C7A70FF  srgba(44,122,112,1)
13,8: (11308,32639,33667,65535)  #2C7F83FF  srgba(44,127,131,1)
14,8: (11308,35980,36751,65535)  #2C8C8FFF  srgba(44,140,143,1)
15,8: (11308,36494,30583,65535)  #2C8E77FF  srgba(44,142,119,1)
0,9: (11308,37779,31354,65535)  #2C937AFF  srgba(44,147,122,1)
1,9: (11565,11822,34952,65535)  #2D2E88FF  srgba(45,46,136,1)
2,9: (11565,22616,39835,65535)  #2D589BFF  srgba(45,88,155,1)
3,9: (11565,23901,33667,65535)  #2D5D83FF  srgba(45,93,131,1)
4,9: (11565,24415,30326,65535)  #2D5F76FF  srgba(45,95,118,1)
5,9: (11565,31354,37008,65535)  #2D7A90FF  srgba(45,122,144,1)
6,9: (11565,35980,29298,65535)  #2D8C72FF  srgba(45,140,114,1)
7,9: (11822,18247,38807,65535)  #2E4797FF  srgba(46,71,151,1)
8,9: (11822,19789,41891,65535)  #2E4DA3FF  srgba(46,77,163,1)
9,9: (11822,23644,34438,65535)  #2E5C86FF  srgba(46,92,134,1)
10,9: (11822,23901,35466,65535)  #2E5D8AFF  srgba(46,93,138,1)
11,9: (11822,24672,40349,65535)  #2E609DFF  srgba(46,96,157,1)
12,9: (12079,15677,36494,65535)  #2F3D8EFF  srgba(47,61,142,1)
13,9: (12079,18761,46774,65535)  #2F49B6FF  srgba(47,73,182,1)
14,9: (12079,22616,43947,65535)  #2F58ABFF  srgba(47,88,171,1)
15,9: (12079,24415,38550,65535)  #2F5F96FF  srgba(47,95,150,1)
0,10: (12079,24415,43947,65535)  #2F5FABFF  srgba(47,95,171,1)
1,10: (12079,27756,38550,65535)  #2F6C96FF  srgba(47,108,150,1)
2,10: (12079,27756,41634,65535)  #2F6CA2FF  srgba(47,108,162,1)
3,10: (12079,35209,30326,65535)  #2F8976FF  srgba(47,137,118,1)
4,10: (12079,36237,39064,65535)  #2F8D98FF  srgba(47,141,152,1)
5,10: (12336,18504,49087,65535)  #3048BFFF  srgba(48,72,191,1)
6,10: (12336,19789,44718,65535)  #304DAEFF  srgba(48,77,174,1)
7,10: (12336,30069,34695,65535)  #307587FF  srgba(48,117,135,1)
8,10: (12336,31354,39835,65535)  #307A9BFF  srgba(48,122,155,1)
9,10: (12336,31868,29298,65535)  #307C72FF  srgba(48,124,114,1)
10,10: (12336,37008,30840,65535)  #309078FF  srgba(48,144,120,1)
11,10: (12593,13878,38550,65535)  #313696FF  srgba(49,54,150,1)
12,10: (12593,19789,34952,65535)  #314D88FF  srgba(49,77,136,1)
13,10: (12593,21074,41891,65535)  #3152A3FF  srgba(49,82,163,1)
14,10: (12593,24415,36751,65535)  #315F8FFF  srgba(49,95,143,1)
15,10: (12850,19018,26471,65535)  #324A67FF  srgba(50,74,103,1)
0,11: (12850,23901,35466,65535)  #325D8AFF  srgba(50,93,138,1)
1,11: (12850,27756,37008,65535)  #326C90FF  srgba(50,108,144,1)
2,11: (13364,22359,29812,65535)  #345774FF  srgba(52,87,116,1)
3,11: (13364,29812,34438,65535)  #347486FF  srgba(52,116,134,1)
4,11: (13364,31611,29041,65535)  #347B71FF  srgba(52,123,113,1)
5,11: (13621,16705,41891,65535)  #3541A3FF  srgba(53,65,163,1)
6,11: (13621,19275,31354,65535)  #354B7AFF  srgba(53,75,122,1)
7,11: (14135,25700,38293,65535)  #376495FF  srgba(55,100,149,1)
8,11: (14135,29812,37779,65535)  #377493FF  srgba(55,116,147,1)
9,11: (14135,31354,31354,65535)  #377A7AFF  srgba(55,122,122,1)
10,11: (14392,25186,41634,65535)  #3862A2FF  srgba(56,98,162,1)
11,11: (14392,30069,40606,65535)  #38759EFF  srgba(56,117,158,1)
12,11: (14906,24415,30326,65535)  #3A5F76FF  srgba(58,95,118,1)
13,11: (14906,34952,38807,65535)  #3A8897FF  srgba(58,136,151,1)
14,11: (15420,23387,46517,65535)  #3C5BB5FF  srgba(60,91,181,1)
15,11: (15677,26214,39578,65535)  #3D669AFF  srgba(61,102,154,1)
0,12: (15677,30583,40349,65535)  #3D779DFF  srgba(61,119,157,1)
1,12: (15677,35209,41120,65535)  #3D89A0FF  srgba(61,137,160,1)
2,12: (15934,19789,44718,65535)  #3E4DAEFF  srgba(62,77,174,1)
3,12: (15934,25957,42662,65535)  #3E65A6FF  srgba(62,101,166,1)
4,12: (15934,26214,46260,65535)  #3E66B4FF  srgba(62,102,180,1)
5,12: (15934,29812,45746,65535)  #3E74B2FF  srgba(62,116,178,1)
6,12: (15934,35209,43433,65535)  #3E89A9FF  srgba(62,137,169,1)
7,12: (15934,39064,40349,65535)  #3E989DFF  srgba(62,152,157,1)
8,12: (16191,20303,51143,65535)  #3F4FC7FF  srgba(63,79,199,1)
9,12: (16191,30840,32125,65535)  #3F787DFF  srgba(63,120,125,1)
10,12: (16448,20046,47545,65535)  #404EB9FF  srgba(64,78,185,1)
11,12: (16962,45746,40092,65535)  #42B29CFF  srgba(66,178,156,1)
12,12: (17219,26214,41377,65535)  #4366A1FF  srgba(67,102,161,1)
13,12: (17219,30840,41634,65535)  #4378A2FF  srgba(67,120,162,1)
14,12: (17476,23901,50886,65535)  #445DC6FF  srgba(68,93,198,1)
15,12: (17476,41891,42662,65535)  #44A3A6FF  srgba(68,163,166,1)
0,13: (17733,39321,43947,65535)  #4599ABFF  srgba(69,153,171,1)
1,13: (18247,35466,41891,65535)  #478AA3FF  srgba(71,138,163,1)
2,13: (18504,25186,47031,65535)  #4862B7FF  srgba(72,98,183,1)
3,13: (18504,30069,46003,65535)  #4875B3FF  srgba(72,117,179,1)
4,13: (18504,31097,42405,65535)  #4879A5FF  srgba(72,121,165,1)
5,13: (18504,44718,44204,65535)  #48AEACFF  srgba(72,174,172,1)
6,13: (18761,25186,40349,65535)  #49629DFF  srgba(73,98,157,1)
7,13: (18761,25957,52942,65535)  #4965CEFF  srgba(73,101,206,1)
8,13: (18761,35209,45232,65535)  #4989B0FF  srgba(73,137,176,1)
9,13: (19018,28270,50886,65535)  #4A6EC6FF  srgba(74,110,198,1)
10,13: (19532,26214,55512,65535)  #4C66D8FF  srgba(76,102,216,1)
11,13: (19789,26728,47288,65535)  #4D68B8FF  srgba(77,104,184,1)
12,13: (20046,27242,40606,65535)  #4E6A9EFF  srgba(78,106,158,1)
13,13: (20046,31611,46260,65535)  #4E7BB4FF  srgba(78,123,180,1)
14,13: (20046,40092,45232,65535)  #4E9CB0FF  srgba(78,156,176,1)
15,13: (20303,45232,45232,65535)  #4FB0B0FF  srgba(79,176,176,1)
0,14: (20817,29555,47288,65535)  #5173B8FF  srgba(81,115,184,1)
1,14: (20817,35209,45489,65535)  #5189B1FF  srgba(81,137,177,1)
2,14: (21331,36237,49344,65535)  #538DC0FF  srgba(83,141,192,1)
3,14: (22359,27242,53199,65535)  #576ACFFF  srgba(87,106,207,1)
4,14: (22359,29298,47545,65535)  #5772B9FF  srgba(87,114,185,1)
5,14: (22616,29041,57825,65535)  #5871E1FF  srgba(88,113,225,1)
6,14: (22616,31354,53199,65535)  #587ACFFF  srgba(88,122,207,1)
7,14: (22616,45489,46774,65535)  #58B1B6FF  srgba(88,177,182,1)
8,14: (22873,40092,46774,65535)  #599CB6FF  srgba(89,156,182,1)
9,14: (23130,27756,39578,65535)  #5A6C9AFF  srgba(90,108,154,1)
10,14: (23130,35466,46517,65535)  #5A8AB5FF  srgba(90,138,181,1)
11,14: (23644,36494,51914,65535)  #5C8ECAFF  srgba(92,142,202,1)
12,14: (23901,35466,54484,65535)  #5D8AD4FF  srgba(93,138,212,1)
13,14: (24158,47545,49601,65535)  #5EB9C1FF  srgba(94,185,193,1)
14,14: (24415,37008,49601,65535)  #5F90C1FF  srgba(95,144,193,1)
15,14: (24415,44461,49858,65535)  #5FADC2FF  srgba(95,173,194,1)
0,15: (24672,34695,58339,65535)  #6087E3FF  srgba(96,135,227,1)
1,15: (24929,41891,50372,65535)  #61A3C4FF  srgba(97,163,196,1)
2,15: (25186,31097,59624,65535)  #6279E8FF  srgba(98,121,232,1)
3,15: (26471,38036,52428,65535)  #6794CCFF  srgba(103,148,204,1)
4,15: (26728,47802,52942,65535)  #68BACEFF  srgba(104,186,206,1)
5,15: (27242,35980,59624,65535)  #6A8CE8FF  srgba(106,140,232,1)
6,15: (27756,44461,53970,65535)  #6CADD2FF  srgba(108,173,210,1)
7,15: (28013,41891,54741,65535)  #6DA3D5FF  srgba(109,163,213,1)
8,15: (28270,39321,53713,65535)  #6E99D1FF  srgba(110,153,209,1)
9,15: (29298,39064,58339,65535)  #7298E3FF  srgba(114,152,227,1)
10,15: (30069,37779,63222,65535)  #7593F6FF  srgba(117,147,246,1)
11,15: (30583,42148,54998,65535)  #77A4D6FF  srgba(119,164,214,1)
12,15: (31097,42148,58853,65535)  #79A4E5FF  srgba(121,164,229,1)
13,15: (31354,44461,56540,65535)  #7AADDCFF  srgba(122,173,220,1)
14,15: (32125,47545,56797,65535)  #7DB9DDFF  srgba(125,185,221,1)
15,15: (0,65535,0,0)  #00FF0000  srgba(0,255,0,0)
