# ImageMagick pixel enumeration: 16,16,65535,srgba
0,0: (0,0,514,65535)  #000002FF  srgba(0,0,2,1)
1,0: (0,257,0,65535)  #000100FF  srgba(0,1,0,1)
2,0: (0,10023,11565,65535)  #00272DFF  srgba(0,39,45,1)
3,0: (0,12336,26728,65535)  #003068FF  srgba(0,48,104,1)
4,0: (0,12593,37008,65535)  #003190FF  srgba(0,49,144,1)
5,0: (0,21845,28270,65535)  #00556EFF  srgba(0,85,110,1)
6,0: (0,21845,36751,65535)  #00558FFF  srgba(0,85,143,1)
7,0: (0,22616,16962,65535)  #005842FF  srgba(0,88,66,1)
8,0: (257,10023,3084,65535)  #01270CFF  srgba(1,39,12,1)
9,0: (257,51914,46774,65535)  #01CAB6FF  srgba(1,202,182,1)
10,0: (514,1542,1285,65535)  #020605FF  srgba(2,6,5,1)
11,0: (514,52428,36237,65535)  #02CC8DFF  srgba(2,204,141,1)
12,0: (514,61166,26214,65535)  #02EE66FF  srgba(2,238,102,1)
13,0: (1285,13364,44204,65535)  #0534ACFF  srgba(5,52,172,1)
14,0: (1542,23387,44718,65535)  #065BAEFF  srgba(6,91,174,1)
15,0: (1799,14135,51400,65535)  #0737C8FF  srgba(7,55,200,1)
0,1: (1799,61680,33153,65535)  #07F081FF  srgba(7,240,129,1)
1,1: (2056,63479,13621,65535)  #08F735FF  srgba(8,247,53,1)
2,1: (2313,61423,39835,65535)  #09EF9BFF  srgba(9,239,155,1)
3,1: (2827,23901,53713,65535)  #0B5DD1FF  srgba(11,93,209,1)
4,1: (3084,33924,46003,65535)  #0C84B3FF  srgba(12,132,179,1)
5,1: (3084,59881,49858,65535)  #0CE9C2FF  srgba(12,233,194,1)
6,1: (3341,3084,1799,65535)  #0D0C07FF  srgba(13,12,7,1)
7,1: (3341,62708,16705,65535)  #0DF441FF  srgba(13,244,65,1)
8,1: (3598,2827,3855,65535)  #0E0B0FFF  srgba(14,11,15,1)
9,1: (3598,43176,46260,65535)  #0EA8B4FF  srgba(14,168,180,1)
10,1: (3855,59110,55255,65535)  #0FE6D7FF  srgba(15,230,215,1)
11,1: (4112,3598,5911,65535)  #100E17FF  srgba(16,14,23,1)
12,1: (4112,12336,31611,65535)  #10307BFF  srgba(16,48,123,1)
13,1: (4112,22102,31097,65535)  #105679FF  srgba(16,86,121,1)
14,1: (4112,35209,11051,65535)  #10892BFF  srgba(16,137,43,1)
15,1: (4369,32382,36237,65535)  #117E8DFF  srgba(17,126,141,1)
0,2: (4626,11565,9252,65535)  #122D24FF  srgba(18,45,36,1)
1,2: (4626,35980,20046,65535)  #128C4EFF  srgba(18,140,78,1)
2,2: (4626,40606,36237,65535)  #129E8DFF  srgba(18,158,141,1)
3,2: (4883,40606,26728,65535)  #139E68FF  srgba(19,158,104,1)
4,2: (4883,53456,52685,65535)  #13D0CDFF  srgba(19,208,205,1)
5,2: (5397,32896,26985,65535)  #158069FF  srgba(21,128,105,1)
6,2: (5397,44204,56797,65535)  #15ACDDFF  srgba(21,172,221,1)
7,2: (5397,49601,13621,65535)  #15C135FF  srgba(21,193,53,1)
8,2: (5911,34695,56540,65535)  #1787DCFF  srgba(23,135,220,1)
9,2: (5911,51914,26985,65535)  #17CA69FF  srgba(23,202,105,1)
10,2: (5911,62708,26728,65535)  #17F468FF  srgba(23,244,104,1)
11,2: (6168,50372,20817,65535)  #18C451FF  srgba(24,196,81,1)
12,2: (6682,60138,49344,65535)  #1AEAC0FF  srgba(26,234,192,1)
13,2: (6939,53456,58596,65535)  #1BD0E4FF  srgba(27,208,228,1)
14,2: (7453,53199,46774,65535)  #1DCFB6FF  srgba(29,207,182,1)
15,2: (8738,61937,40092,65535)  #22F19CFF  srgba(34,241,156,1)
0,3: (8995,62708,33410,65535)  #23F482FF  srgba(35,244,130,1)
1,3: (9252,10023,3855,65535)  #24270FFF  srgba(36,39,15,1)
2,3: (9766,52171,36237,65535)  #26CB8DFF  srgba(38,203,141,1)
3,3: (12593,10280,17733,65535)  #312845FF  srgba(49,40,69,1)
4,3: (12593,62451,56540,65535)  #31F3DCFF  srgba(49,243,220,1)
5,3: (12850,24672,46260,65535)  #3260B4FF  srgba(50,96,180,1)
6,3: (12850,25186,56797,65535)  #3262DDFF  srgba(50,98,221,1)
7,3: (13107,13878,45489,65535)  #3336B1FF  srgba(51,54,177,1)
8,3: (13107,61680,48830,65535)  #33F0BEFF  srgba(51,240,190,1)
9,3: (13364,11308,27499,65535)  #342C6BFF  srgba(52,44,107,1)
10,3: (13364,12079,36494,65535)  #342F8EFF  srgba(52,47,142,1)
11,3: (13878,63993,61166,65535)  #36F9EEFF  srgba(54,249,238,1)
12,3: (14135,14906,54741,65535)  #373AD5FF  srgba(55,58,213,1)
13,3: (14135,22616,33153,65535)  #375881FF  srgba(55,88,129,1)
14,3: (14392,21074,19275,65535)  #38524BFF  srgba(56,82,75,1)
15,3: (14649,21588,10794,65535)  #39542AFF  srgba(57,84,42,1)
0,4: (15677,53456,47802,65535)  #3DD0BAFF  srgba(61,208,186,1)
1,4: (15934,52685,58853,65535)  #3ECDE5FF  srgba(62,205,229,1)
2,4: (16191,35980,59881,65535)  #3F8CE9FF  srgba(63,140,233,1)
3,4: (16705,61680,21845,65535)  #41F055FF  srgba(65,240,85,1)
4,4: (16962,61680,28270,65535)  #42F06EFF  srgba(66,240,110,1)
5,4: (17733,63222,14392,65535)  #45F638FF  srgba(69,246,56,1)
6,4: (18761,62194,33153,65535)  #49F281FF  srgba(73,242,129,1)
7,4: (19018,62451,40092,65535)  #4AF39CFF  srgba(74,243,156,1)
8,4: (20303,44461,59881,65535)  #4FADE9FF  srgba(79,173,233,1)
9,4: (20303,62194,59624,65535)  #4FF2E8FF  srgba(79,242,232,1)
10,4: (20817,34952,47288,65535)  #5188B8FF  srgba(81,136,184,1)
11,4: (21074,43947,47545,65535)  #52ABB9FF  srgba(82,171,185,1)
12,4: (21074,52171,35980,65535)  #52CB8CFF  srgba(82,203,140,1)
13,4: (21588,61680,53199,65535)  #54F0CFFF  srgba(84,240,207,1)
14,4: (21588,62194,47288,65535)  #54F2B8FF  srgba(84,242,184,1)
15,4: (21845,21588,15934,65535)  #55543EFF  srgba(85,84,62,1)
0,5: (21845,37008,35980,65535)  #55908CFF  srgba(85,144,140,1)
1,5: (22102,18761,24672,65535)  #564960FF  srgba(86,73,96,1)
2,5: (23130,52942,47545,65535)  #5ACEB9FF  srgba(90,206,185,1)
3,5: (23130,52942,59881,65535)  #5ACEE9FF  srgba(90,206,233,1)
4,5: (23901,13878,45489,65535)  #5D36B1FF  srgba(93,54,177,1)
5,5: (23901,24929,46260,65535)  #5D61B4FF  srgba(93,97,180,1)
6,5: (24158,23387,35723,65535)  #5E5B8BFF  srgba(94,91,139,1)
7,5: (24158,25186,57311,65535)  #5E62DFFF  srgba(94,98,223,1)
8,5: (24415,13621,54998,65535)  #5F35D6FF  srgba(95,53,214,1)
9,5: (24672,36494,59881,65535)  #608EE9FF  srgba(96,142,233,1)
10,5: (24929,12593,35723,65535)  #61318BFF  srgba(97,49,139,1)
11,5: (25186,42919,26985,65535)  #62A769FF  srgba(98,167,105,1)
12,5: (25186,50372,21588,65535)  #62C454FF  srgba(98,196,84,1)
13,5: (25700,50115,14392,65535)  #64C338FF  srgba(100,195,56,1)
14,5: (25700,53199,26985,65535)  #64CF69FF  srgba(100,207,105,1)
15,5: (25957,33667,19789,65535)  #65834DFF  srgba(101,131,77,1)
0,6: (25957,61680,22102,65535)  #65F056FF  srgba(101,240,86,1)
1,6: (25957,61680,28270,65535)  #65F06EFF  srgba(101,240,110,1)
2,6: (26214,32896,8738,65535)  #668022FF  srgba(102,128,34,1)
3,6: (26471,32639,26985,65535)  #677F69FF  srgba(103,127,105,1)
4,6: (26728,60395,60652,65535)  #68EBECFF  srgba(104,235,236,1)
5,6: (26728,62194,14135,65535)  #68F237FF  srgba(104,242,55,1)
6,6: (26985,25186,19018,65535)  #69624AFF  srgba(105,98,74,1)
7,6: (27242,59367,57054,65535)  #6AE7DEFF  srgba(106,231,222,1)
8,6: (27242,61937,34438,65535)  #6AF186FF  srgba(106,241,134,1)
9,6: (27499,61937,40606,65535)  #6BF19EFF  srgba(107,241,158,1)
10,6: (28527,59624,53199,65535)  #6FE8CFFF  srgba(111,232,207,1)
11,6: (28527,60395,47031,65535)  #6FEBB7FF  srgba(111,235,183,1)
12,6: (30326,52685,35723,65535)  #76CD8BFF  srgba(118,205,139,1)
13,6: (30583,11051,21074,65535)  #772B52FF  srgba(119,43,82,1)
14,6: (30583,54484,58082,65535)  #77D4E2FF  srgba(119,212,226,1)
15,6: (31097,15677,27756,65535)  #793D6CFF  srgba(121,61,108,1)
0,7: (31611,35723,35466,65535)  #7B8B8AFF  srgba(123,139,138,1)
1,7: (31611,54484,48573,65535)  #7BD4BDFF  srgba(123,212,189,1)
2,7: (32125,60138,40606,65535)  #7DEA9EFF  srgba(125,234,158,1)
3,7: (32639,60909,33924,65535)  #7FED84FF  srgba(127,237,132,1)
4,7: (33410,59110,47288,65535)  #82E6B8FF  srgba(130,230,184,1)
5,7: (34438,59881,54741,65535)  #86E9D5FF  srgba(134,233,213,1)
6,7: (35466,25957,47288,65535)  #8A65B8FF  srgba(138,101,184,1)
7,7: (35723,13364,47288,65535)  #8B34B8FF  srgba(139,52,184,1)
8,7: (35723,53456,58082,65535)  #8BD0E2FF  srgba(139,208,226,1)
9,7: (35723,61937,61680,65535)  #8BF1F0FF  srgba(139,241,240,1)
10,7: (35980,26471,58082,65535)  #8C67E2FF  srgba(140,103,226,1)
11,7: (35980,37008,58853,65535)  #8C90E5FF  srgba(140,144,229,1)
12,7: (36237,37008,47031,65535)  #8D90B7FF  srgba(141,144,183,1)
13,7: (36237,59624,40349,65535)  #8DE89DFF  srgba(141,232,157,1)
14,7: (36237,60652,27499,65535)  #8DEC6BFF  srgba(141,236,107,1)
15,7: (36237,62451,20560,65535)  #8DF350FF  srgba(141,243,80,1)
0,8: (36751,8995,35466,65535)  #8F238AFF  srgba(143,35,138,1)
1,8: (36751,21074,36751,65535)  #8F528FFF  srgba(143,82,143,1)
2,8: (36751,44204,47288,65535)  #8FACB8FF  srgba(143,172,184,1)
3,8: (36751,54741,47545,65535)  #8FD5B9FF  srgba(143,213,185,1)
4,8: (37008,13364,57054,65535)  #9034DEFF  srgba(144,52,222,1)
5,8: (37265,60138,33667,65535)  #91EA83FF  srgba(145,234,131,1)
6,8: (37522,44975,58596,65535)  #92AFE4FF  srgba(146,175,228,1)
7,8: (37522,62451,13621,65535)  #92F335FF  srgba(146,243,53,1)
8,8: (38036,38036,35466,65535)  #94948AFF  srgba(148,148,138,1)
9,8: (38807,63736,15163,65535)  #97F83BFF  srgba(151,248,59,1)
10,8: (40092,60395,47545,65535)  #9CEBB9FF  srgba(156,235,185,1)
11,8: (40606,39321,14392,65535)  #9E9938FF  srgba(158,153,56,1)
12,8: (40606,56026,34438,65535)  #9EDA86FF  srgba(158,218,134,1)
13,8: (40863,60652,54741,65535)  #9FECD5FF  srgba(159,236,213,1)
14,8: (40863,62194,61937,65535)  #9FF2F1FF  srgba(159,242,241,1)
15,8: (41891,60395,33153,65535)  #A3EB81FF  srgba(163,235,129,1)
0,9: (42148,53456,46517,65535)  #A4D0B5FF  srgba(164,208,181,1)
1,9: (42148,60909,39835,65535)  #A4ED9BFF  srgba(164,237,155,1)
2,9: (42919,52685,61166,65535)  #A7CDEEFF  srgba(167,205,238,1)
3,9: (43433,44204,24929,65535)  #A9AC61FF  srgba(169,172,97,1)
4,9: (43947,61423,61680,65535)  #ABEFF0FF  srgba(171,239,240,1)
5,9: (44204,59624,27242,65535)  #ACE86AFF  srgba(172,232,106,1)
6,9: (44204,60652,20303,65535)  #ACEC4FFF  srgba(172,236,79,1)
7,9: (45232,39578,35723,65535)  #B09A8BFF  srgba(176,154,139,1)
8,9: (45232,52942,35209,65535)  #B0CE89FF  srgba(176,206,137,1)
9,9: (45232,53456,54227,65535)  #B0D0D3FF  srgba(176,208,211,1)
10,9: (45489,62965,14649,65535)  #B1F539FF  srgba(177,245,57,1)
11,9: (46260,48830,34952,65535)  #B4BE88FF  srgba(180,190,136,1)
12,9: (46517,60909,51143,65535)  #B5EDC7FF  srgba(181,237,199,1)
13,9: (46517,61166,33410,65535)  #B5EE82FF  srgba(181,238,130,1)
14,9: (46517,61166,46517,65535)  #B5EEB5FF  srgba(181,238,181,1)
15,9: (46774,26214,51914,65535)  #B666CAFF  srgba(182,102,202,1)
0,10: (46774,60652,55769,65535)  #B6ECD9FF  srgba(182,236,217,1)
1,10: (46774,61423,40092,65535)  #B6EF9CFF  srgba(182,239,156,1)
2,10: (47288,13621,53713,65535)  #B835D1FF  srgba(184,53,209,1)
3,10: (47288,59881,60652,65535)  #B8E9ECFF  srgba(184,233,236,1)
4,10: (48059,45489,49087,65535)  #BBB1BFFF  srgba(187,177,191,1)
5,10: (48059,49344,17733,65535)  #BBC045FF  srgba(187,192,69,1)
6,10: (48316,44975,59367,65535)  #BCAFE7FF  srgba(188,175,231,1)
7,10: (48573,25700,61423,65535)  #BD64EFFF  srgba(189,100,239,1)
8,10: (48573,39578,49601,65535)  #BD9AC1FF  srgba(189,154,193,1)
9,10: (48830,55769,34181,65535)  #BED985FF  srgba(190,217,133,1)
10,10: (49087,12336,60909,65535)  #BF30EDFF  srgba(191,48,237,1)
11,10: (49087,54227,60652,65535)  #BFD3ECFF  srgba(191,211,236,1)
12,10: (49087,54998,25443,65535)  #BFD663FF  srgba(191,214,99,1)
13,10: (49858,38550,59624,65535)  #C296E8FF  srgba(194,150,232,1)
14,10: (50115,53456,46774,65535)  #C3D0B6FF  srgba(195,208,182,1)
15,10: (50372,58339,59367,65535)  #C4E3E7FF  srgba(196,227,231,1)
0,11: (50886,51400,24415,65535)  #C6C85FFF  srgba(198,200,95,1)
1,11: (50886,54741,21074,65535)  #C6D552FF  srgba(198,213,82,1)
2,11: (50886,55255,14392,65535)  #C6D738FF  srgba(198,215,56,1)
3,11: (50886,58853,55255,65535)  #C6E5D7FF  srgba(198,229,215,1)
4,11: (50886,59881,50629,65535)  #C6E9C5FF  srgba(198,233,197,1)
5,11: (51914,52428,18504,65535)  #CACC48FF  srgba(202,204,72,1)
6,11: (51914,52685,24415,65535)  #CACD5FFF  srgba(202,205,95,1)
7,11: (51914,55769,59110,65535)  #CAD9E6FF  srgba(202,217,230,1)
8,11: (52428,61680,16448,65535)  #CCF040FF  srgba(204,240,64,1)
9,11: (52685,52685,32896,65535)  #CDCD80FF  srgba(205,205,128,1)
10,11: (52685,60395,45746,65535)  #CDEBB2FF  srgba(205,235,178,1)
11,11: (52942,55512,54998,65535)  #CED8D6FF  srgba(206,216,214,1)
12,11: (52942,57568,58853,65535)  #CEE0E5FF  srgba(206,224,229,1)
13,11: (53199,61423,39835,65535)  #CFEF9BFF  srgba(207,239,155,1)
14,11: (53456,56026,58339,65535)  #D0DAE3FF  srgba(208,218,227,1)
15,11: (53456,61937,34181,65535)  #D0F185FF  srgba(208,241,133,1)
0,12: (53713,58082,52171,65535)  #D1E2CBFF  srgba(209,226,203,1)
1,12: (53970,58853,13878,65535)  #D2E536FF  srgba(210,229,54,1)
2,12: (53970,59624,25700,65535)  #D2E864FF  srgba(210,232,100,1)
3,12: (54227,60138,30069,65535)  #D3EA75FF  srgba(211,234,117,1)
4,12: (54741,53713,20817,65535)  #D5D151FF  srgba(213,209,81,1)
5,12: (54741,58082,34181,65535)  #D5E285FF  srgba(213,226,133,1)
6,12: (54741,58339,16962,65535)  #D5E342FF  srgba(213,227,66,1)
7,12: (54998,54741,21331,65535)  #D6D553FF  srgba(214,213,83,1)
8,12: (55255,53713,34695,65535)  #D7D187FF  srgba(215,209,135,1)
9,12: (55255,55255,56797,65535)  #D7D7DDFF  srgba(215,215,221,1)
10,12: (55512,52685,28527,65535)  #D8CD6FFF  srgba(216,205,111,1)
11,12: (55512,54741,34695,65535)  #D8D587FF  srgba(216,213,135,1)
12,12: (55512,54741,55512,65535)  #D8D5D8FF  srgba(216,213,216,1)
13,12: (55512,55512,22616,65535)  #D8D858FF  srgba(216,216,88,1)
14,12: (55512,58339,40349,65535)  #D8E39DFF  srgba(216,227,157,1)
15,12: (55769,35980,54741,65535)  #D98CD5FF  srgba(217,140,213,1)
0,13: (56026,54484,55769,65535)  #DAD4D9FF  srgba(218,212,217,1)
1,13: (56026,54484,56540,65535)  #DAD4DCFF  srgba(218,212,220,1)
2,13: (56026,54998,54741,65535)  #DAD6D5FF  srgba(218,214,213,1)
3,13: (56026,55512,34952,65535)  #DAD888FF  srgba(218,216,136,1)
4,13: (56026,55512,54741,65535)  #DAD8D5FF  srgba(218,216,213,1)
5,13: (56026,56540,16705,65535)  #DADC41FF  srgba(218,220,65,1)
6,13: (56026,57825,45489,65535)  #DAE1B1FF  srgba(218,225,177,1)
7,13: (56540,37008,60138,65535)  #DC90EAFF  srgba(220,144,234,1)
8,13: (56540,54227,55255,65535)  #DCD3D7FF  srgba(220,211,215,1)
9,13: (56540,54484,54741,65535)  #DCD4D5FF  srgba(220,212,213,1)
10,13: (56540,55255,51143,65535)  #DCD7C7FF  srgba(220,215,199,1)
11,13: (56540,55512,43947,65535)  #DCD8ABFF  srgba(220,216,171,1)
12,13: (56540,55769,50629,65535)  #DCD9C5FF  srgba(220,217,197,1)
13,13: (56540,56540,30583,65535)  #DCDC77FF  srgba(220,220,119,1)
14,13: (56540,58339,13878,65535)  #DCE336FF  srgba(220,227,54,1)
15,13: (56797,43176,40606,65535)  #DDA89EFF  srgba(221,168,158,1)
0,14: (56797,53970,55255,65535)  #DDD2D7FF  srgba(221,210,215,1)
1,14: (56797,54484,50629,65535)  #DDD4C5FF  srgba(221,212,197,1)
2,14: (56797,54998,50886,65535)  #DDD6C6FF  srgba(221,214,198,1)
3,14: (56797,55512,56797,65535)  #DDD8DDFF  srgba(221,216,221,1)
4,14: (56797,56540,39835,65535)  #DDDC9BFF  srgba(221,220,155,1)
5,14: (56797,56540,49601,65535)  #DDDCC1FF  srgba(221,220,193,1)
6,14: (57054,48316,21588,65535)  #DEBC54FF  srgba(222,188,84,1)
7,14: (57054,56540,45489,65535)  #DEDCB1FF  srgba(222,220,177,1)
8,14: (57054,58082,50372,65535)  #DEE2C4FF  srgba(222,226,196,1)
9,14: (57568,47031,50115,65535)  #E0B7C3FF  srgba(224,183,195,1)
10,14: (57568,50372,54741,65535)  #E0C4D5FF  srgba(224,196,213,1)
11,14: (57568,53970,57568,65535)  #E0D2E0FF  srgba(224,210,224,1)
12,14: (57825,59367,28013,65535)  #E1E76DFF  srgba(225,231,109,1)
13,14: (58082,59110,34438,65535)  #E2E686FF  srgba(226,230,134,1)
14,14: (58339,51657,59110,65535)  #E3C9E6FF  srgba(227,201,230,1)
15,14: (58339,58082,59624,65535)  #E3E2E8FF  srgba(227,226,232,1)
0,15: (58339,58339,43176,65535)  #E3E3A8FF  srgba(227,227,168,1)
1,15: (58596,59110,38293,65535)  #E4E695FF  srgba(228,230,149,1)
2,15: (58853,13364,62194,65535)  #E534F2FF  srgba(229,52,242,1)
3,15: (58853,60909,18247,65535)  #E5ED47FF  srgba(229,237,71,1)
4,15: (59367,59110,33410,65535)  #E7E682FF  srgba(231,230,130,1)
5,15: (59881,60395,26728,65535)  #E9EB68FF  srgba(233,235,104,1)
6,15: (59881,60909,31868,65535)  #E9ED7CFF  srgba(233,237,124,1)
7,15: (60138,23130,62708,65535)  #EA5AF4FF  srgba(234,90,244,1)
8,15: (60395,62451,24929,65535)  #EBF361FF  srgba(235,243,97,1)
9,15: (61166,30583,63222,65535)  #EE77F6FF  srgba(238,119,246,1)
10,15: (61423,63479,18504,65535)  #EFF748FF  srgba(239,247,72,1)
11,15: (61680,36494,63222,65535)  #F08EF6FF  srgba(240,142,246,1)
12,15: (61680,45746,62965,65535)  #F0B2F5FF  srgba(240,178,245,1)
13,15: (61680,50629,61937,65535)  #F0C5F1FF  srgba(240,197,241,1)
14,15: (62194,60909,61937,65535)  #F2EDF1FF  srgba(242,237,241,1)
15,15: (0,65535,0,0)  #00FF0000  srgba(0,255,0,0)
