# ImageMagick pixel enumeration: 16,16,65535,srgba
0,0: (0,0,0,65535)  #000000FF  black
1,0: (0,257,257,65535)  #000101FF  srgba(0,1,1,1)
2,0: (3341,3598,3084,65535)  #0D0E0CFF  srgba(13,14,12,1)
3,0: (5140,42662,37522,65535)  #14A692FF  srgba(20,166,146,1)
4,0: (5654,43690,45232,65535)  #16AAB0FF  srgba(22,170,176,1)
5,0: (6168,6682,5140,65535)  #181A14FF  srgba(24,26,20,1)
6,0: (6168,23387,26471,65535)  #185B67FF  srgba(24,91,103,1)
7,0: (6168,25700,30840,65535)  #186478FF  srgba(24,100,120,1)
8,0: (6168,42405,53713,65535)  #18A5D1FF  srgba(24,165,209,1)
9,0: (6425,49087,56283,65535)  #19BFDBFF  srgba(25,191,219,1)
10,0: (6682,22873,21845,65535)  #1A5955FF  srgba(26,89,85,1)
11,0: (6682,27242,38036,65535)  #1A6A94FF  srgba(26,106,148,1)
12,0: (6682,33667,31868,65535)  #1A837CFF  srgba(26,131,124,1)
13,0: (6682,34438,41634,65535)  #1A86A2FF  srgba(26,134,162,1)
14,0: (6939,17219,21074,65535)  #1B4352FF  srgba(27,67,82,1)
15,0: (7453,19018,16448,65535)  #1D4A40FF  srgba(29,74,64,1)
0,1: (8224,8738,8481,65535)  #202221FF  srgba(32,34,33,1)
1,1: (8738,17476,7967,65535)  #22441FFF  srgba(34,68,31,1)
2,1: (8738,55255,60395,65535)  #22D7EBFF  srgba(34,215,235,1)
3,1: (8995,15677,15420,65535)  #233D3CFF  srgba(35,61,60,1)
4,1: (9252,10794,10280,65535)  #242A28FF  srgba(36,42,40,1)
5,1: (9509,10280,9509,65535)  #252825FF  srgba(37,40,37,1)
6,1: (9509,10537,10023,65535)  #252927FF  srgba(37,41,39,1)
7,1: (9509,10794,12079,65535)  #252A2FFF  srgba(37,42,47,1)
8,1: (9509,14392,8738,65535)  #253822FF  srgba(37,56,34,1)
9,1: (9766,11051,10023,65535)  #262B27FF  srgba(38,43,39,1)
10,1: (9766,11051,10794,65535)  #262B2AFF  srgba(38,43,42,1)
11,1: (10023,11308,11051,65535)  #272C2BFF  srgba(39,44,43,1)
12,1: (10023,13364,9509,65535)  #273425FF  srgba(39,52,37,1)
13,1: (10280,10794,10023,65535)  #282A27FF  srgba(40,42,39,1)
14,1: (10280,11565,10537,65535)  #282D29FF  srgba(40,45,41,1)
15,1: (10280,14135,14135,65535)  #283737FF  srgba(40,55,55,1)
0,2: (10537,11051,9509,65535)  #292B25FF  srgba(41,43,37,1)
1,2: (10537,11051,11051,65535)  #292B2BFF  srgba(41,43,43,1)
2,2: (10537,11051,11308,65535)  #292B2CFF  srgba(41,43,44,1)
3,2: (10537,11822,11308,65535)  #292E2CFF  srgba(41,46,44,1)
4,2: (10537,11822,11565,65535)  #292E2DFF  srgba(41,46,45,1)
5,2: (10794,11051,10280,65535)  #2A2B28FF  srgba(42,43,40,1)
6,2: (10794,11308,10537,65535)  #2A2C29FF  srgba(42,44,41,1)
7,2: (10794,11308,11565,65535)  #2A2C2DFF  srgba(42,44,45,1)
8,2: (10794,12593,10023,65535)  #2A3127FF  srgba(42,49,39,1)
9,2: (11051,11051,11565,65535)  #2B2B2DFF  srgba(43,43,45,1)
10,2: (11051,11822,11822,65535)  #2B2E2EFF  srgba(43,46,46,1)
11,2: (11051,12079,11051,65535)  #2B2F2BFF  srgba(43,47,43,1)
12,2: (11051,12336,11051,65535)  #2B302BFF  srgba(43,48,43,1)
13,2: (11308,11051,9766,65535)  #2C2B26FF  srgba(44,43,38,1)
14,2: (11308,11308,11308,65535)  #2C2C2CFF  srgba(44,44,44,1)
15,2: (11308,11565,10537,65535)  #2C2D29FF  srgba(44,45,41,1)
0,3: (11308,12079,12336,65535)  #2C2F30FF  srgba(44,47,48,1)
1,3: (11565,10794,9252,65535)  #2D2A24FF  srgba(45,42,36,1)
2,3: (11565,10794,12593,65535)  #2D2A31FF  srgba(45,42,49,1)
3,3: (11565,11308,9766,65535)  #2D2C26FF  srgba(45,44,38,1)
4,3: (11565,11822,10537,65535)  #2D2E29FF  srgba(45,46,41,1)
5,3: (11822,9766,7710,65535)  #2E261EFF  srgba(46,38,30,1)
6,3: (11822,13107,12336,65535)  #2E3330FF  srgba(46,51,48,1)
7,3: (11822,13364,13107,65535)  #2E3433FF  srgba(46,52,51,1)
8,3: (12079,10794,11308,65535)  #2F2A2CFF  srgba(47,42,44,1)
9,3: (12336,13364,12336,65535)  #303430FF  srgba(48,52,48,1)
10,3: (12593,10537,12336,65535)  #312930FF  srgba(49,41,48,1)
11,3: (12593,12850,11051,65535)  #31322BFF  srgba(49,50,43,1)
12,3: (12593,13107,13107,65535)  #313333FF  srgba(49,51,51,1)
13,3: (12850,13878,12850,65535)  #323632FF  srgba(50,54,50,1)
14,3: (13107,13107,12593,65535)  #333331FF  srgba(51,51,49,1)
15,3: (13107,14649,14649,65535)  #333939FF  srgba(51,57,57,1)
0,4: (13364,9766,15934,65535)  #34263EFF  srgba(52,38,62,1)
1,4: (13364,10537,11308,65535)  #34292CFF  srgba(52,41,44,1)
2,4: (13364,11051,9766,65535)  #342B26FF  srgba(52,43,38,1)
3,4: (13364,12079,6425,65535)  #342F19FF  srgba(52,47,25,1)
4,4: (13364,12593,10794,65535)  #34312AFF  srgba(52,49,42,1)
5,4: (13621,10023,9509,65535)  #352725FF  srgba(53,39,37,1)
6,4: (13621,11051,5654,65535)  #352B16FF  srgba(53,43,22,1)
7,4: (13621,14135,13621,65535)  #353735FF  srgba(53,55,53,1)
8,4: (13878,9509,5397,65535)  #362515FF  srgba(54,37,21,1)
9,4: (13878,13878,10280,65535)  #363628FF  srgba(54,54,40,1)
10,4: (14392,10023,12336,65535)  #382730FF  srgba(56,39,48,1)
11,4: (14649,12593,10537,65535)  #393129FF  srgba(57,49,41,1)
12,4: (14906,12593,4883,65535)  #3A3113FF  srgba(58,49,19,1)
13,4: (15163,14906,15420,65535)  #3B3A3CFF  srgba(59,58,60,1)
14,4: (15163,15934,12079,65535)  #3B3E2FFF  srgba(59,62,47,1)
15,4: (16191,9509,14649,65535)  #3F2539FF  srgba(63,37,57,1)
0,5: (16191,9509,20303,65535)  #3F254FFF  srgba(63,37,79,1)
1,5: (16191,14135,7453,65535)  #3F371DFF  srgba(63,55,29,1)
2,5: (16191,17476,16705,65535)  #3F4441FF  srgba(63,68,65,1)
3,5: (16448,47031,58082,65535)  #40B7E2FF  srgba(64,183,226,1)
4,5: (16962,12593,5911,65535)  #423117FF  srgba(66,49,23,1)
5,5: (17219,10537,6425,65535)  #432919FF  srgba(67,41,25,1)
6,5: (17219,15934,5397,65535)  #433E15FF  srgba(67,62,21,1)
7,5: (17219,55769,61423,65535)  #43D9EFFF  srgba(67,217,239,1)
8,5: (17733,10280,11308,65535)  #45282CFF  srgba(69,40,44,1)
9,5: (17733,19018,21074,65535)  #454A52FF  srgba(69,74,82,1)
10,5: (17990,19275,17990,65535)  #464B46FF  srgba(70,75,70,1)
11,5: (18247,8481,6425,65535)  #472119FF  srgba(71,33,25,1)
12,5: (18504,30069,46517,65535)  #4875B5FF  srgba(72,117,181,1)
13,5: (18761,21074,17733,65535)  #495245FF  srgba(73,82,69,1)
14,5: (19532,29555,36751,65535)  #4C738FFF  srgba(76,115,143,1)
15,5: (19532,40092,45232,65535)  #4C9CB0FF  srgba(76,156,176,1)
0,6: (19789,20046,10537,65535)  #4D4E29FF  srgba(77,78,41,1)
1,6: (20560,27756,33153,65535)  #506C81FF  srgba(80,108,129,1)
2,6: (20817,14135,2827,65535)  #51370BFF  srgba(81,55,11,1)
3,6: (20817,16705,7967,65535)  #51411FFF  srgba(81,65,31,1)
4,6: (20817,24415,22359,65535)  #515F57FF  srgba(81,95,87,1)
5,6: (20817,25957,17219,65535)  #516543FF  srgba(81,101,67,1)
6,6: (21331,48573,47288,65535)  #53BDB8FF  srgba(83,189,184,1)
7,6: (21588,12593,3341,65535)  #54310DFF  srgba(84,49,13,1)
8,6: (21588,19789,4626,65535)  #544D12FF  srgba(84,77,18,1)
9,6: (21845,14135,8995,65535)  #553723FF  srgba(85,55,35,1)
10,6: (22102,21074,22102,65535)  #565256FF  srgba(86,82,86,1)
11,6: (22616,25443,30069,65535)  #586375FF  srgba(88,99,117,1)
12,6: (22873,16705,2827,65535)  #59410BFF  srgba(89,65,11,1)
13,6: (23130,22359,26214,65535)  #5A5766FF  srgba(90,87,102,1)
14,6: (23387,12336,10023,65535)  #5B3027FF  srgba(91,48,39,1)
15,6: (23644,22873,8224,65535)  #5C5920FF  srgba(92,89,32,1)
0,7: (23644,26214,25957,65535)  #5C6665FF  srgba(92,102,101,1)
1,7: (23901,24415,28270,65535)  #5D5F6EFF  srgba(93,95,110,1)
2,7: (23901,24929,23130,65535)  #5D615AFF  srgba(93,97,90,1)
3,7: (24158,7453,5397,65535)  #5E1D15FF  srgba(94,29,21,1)
4,7: (24158,10280,6682,65535)  #5E281AFF  srgba(94,40,26,1)
5,7: (24672,10023,12336,65535)  #602730FF  srgba(96,39,48,1)
6,7: (24672,47545,57825,65535)  #60B9E1FF  srgba(96,185,225,1)
7,7: (24929,37008,26728,65535)  #619068FF  srgba(97,144,104,1)
8,7: (25186,16962,8224,65535)  #624220FF  srgba(98,66,32,1)
9,7: (25957,30069,9766,65535)  #657526FF  srgba(101,117,38,1)
10,7: (26214,23644,27242,65535)  #665C6AFF  srgba(102,92,106,1)
11,7: (26214,56026,60652,65535)  #66DAECFF  srgba(102,218,236,1)
12,7: (26728,28013,26985,65535)  #686D69FF  srgba(104,109,105,1)
13,7: (26985,8995,18504,65535)  #692348FF  srgba(105,35,72,1)
14,7: (26985,20303,5911,65535)  #694F17FF  srgba(105,79,23,1)
15,7: (27242,24929,7967,65535)  #6A611FFF  srgba(106,97,31,1)
0,8: (27242,25700,29555,65535)  #6A6473FF  srgba(106,100,115,1)
1,8: (27499,25957,30583,65535)  #6B6577FF  srgba(107,101,119,1)
2,8: (27499,26728,8481,65535)  #6B6821FF  srgba(107,104,33,1)
3,8: (27756,26728,32382,65535)  #6C687EFF  srgba(108,104,126,1)
4,8: (28013,27756,27499,65535)  #6D6C6BFF  srgba(109,108,107,1)
5,8: (28013,28270,37265,65535)  #6D6E91FF  srgba(109,110,145,1)
6,8: (28013,44975,37265,65535)  #6DAF91FF  srgba(109,175,145,1)
7,8: (28527,23130,6682,65535)  #6F5A1AFF  srgba(111,90,26,1)
8,8: (29555,9509,35209,65535)  #732589FF  srgba(115,37,137,1)
9,8: (29555,21074,17476,65535)  #735244FF  srgba(115,82,68,1)
10,8: (29555,39578,26985,65535)  #739A69FF  srgba(115,154,105,1)
11,8: (30069,45232,25957,65535)  #75B065FF  srgba(117,176,101,1)
12,8: (30326,39578,37522,65535)  #769A92FF  srgba(118,154,146,1)
13,8: (30583,29555,17990,65535)  #777346FF  srgba(119,115,70,1)
14,8: (30840,28527,26214,65535)  #786F66FF  srgba(120,111,102,1)
15,8: (31097,37008,36751,65535)  #79908FFF  srgba(121,144,143,1)
0,9: (31354,29812,32125,65535)  #7A747DFF  srgba(122,116,125,1)
1,9: (31611,8738,6168,65535)  #7B2218FF  srgba(123,34,24,1)
2,9: (32382,20046,4883,65535)  #7E4E13FF  srgba(126,78,19,1)
3,9: (32639,26985,9766,65535)  #7F6926FF  srgba(127,105,38,1)
4,9: (33153,30583,41377,65535)  #8177A1FF  srgba(129,119,161,1)
5,9: (33153,31868,35723,65535)  #817C8BFF  srgba(129,124,139,1)
6,9: (33667,16962,10537,65535)  #834229FF  srgba(131,66,41,1)
7,9: (33667,37008,28527,65535)  #83906FFF  srgba(131,144,111,1)
8,9: (33667,49087,46774,65535)  #83BFB6FF  srgba(131,191,182,1)
9,9: (33924,39835,43690,65535)  #849BAAFF  srgba(132,155,170,1)
10,9: (34181,33410,33667,65535)  #858283FF  srgba(133,130,131,1)
11,9: (35209,26985,5397,65535)  #896915FF  srgba(137,105,21,1)
12,9: (35980,32639,32896,65535)  #8C7F80FF  srgba(140,127,128,1)
13,9: (35980,54227,58853,65535)  #8CD3E5FF  srgba(140,211,229,1)
14,9: (36237,47031,57054,65535)  #8DB7DEFF  srgba(141,183,222,1)
15,9: (36751,32125,6939,65535)  #8F7D1BFF  srgba(143,125,27,1)
0,10: (37265,32896,11051,65535)  #91802BFF  srgba(145,128,43,1)
1,10: (37522,58853,58596,65535)  #92E5E4FF  srgba(146,229,228,1)
2,10: (37522,60138,64250,65535)  #92EAFAFF  srgba(146,234,250,1)
3,10: (37779,27499,9509,65535)  #936B25FF  srgba(147,107,37,1)
4,10: (38036,32125,46260,65535)  #947DB4FF  srgba(148,125,180,1)
5,10: (38036,37779,37779,65535)  #949393FF  srgba(148,147,147,1)
6,10: (38293,37265,34695,65535)  #959187FF  srgba(149,145,135,1)
7,10: (38550,17733,5397,65535)  #964515FF  srgba(150,69,21,1)
8,10: (38550,40092,38807,65535)  #969C97FF  srgba(150,156,151,1)
9,10: (39064,9252,6682,65535)  #98241AFF  srgba(152,36,26,1)
10,10: (39064,32382,38036,65535)  #987E94FF  srgba(152,126,148,1)
11,10: (39578,44461,37522,65535)  #9AAD92FF  srgba(154,173,146,1)
12,10: (39578,45489,26985,65535)  #9AB169FF  srgba(154,177,105,1)
13,10: (40092,37265,19275,65535)  #9C914BFF  srgba(156,145,75,1)
14,10: (40349,39835,24929,65535)  #9D9B61FF  srgba(157,155,97,1)
15,10: (40606,15934,10794,65535)  #9E3E2AFF  srgba(158,62,42,1)
0,11: (40606,40349,42919,65535)  #9E9DA7FF  srgba(158,157,167,1)
1,11: (40863,10280,11308,65535)  #9F282CFF  srgba(159,40,44,1)
2,11: (40863,46260,44718,65535)  #9FB4AEFF  srgba(159,180,174,1)
3,11: (41120,28784,16448,65535)  #A07040FF  srgba(160,112,64,1)
4,11: (41891,34695,7196,65535)  #A3871CFF  srgba(163,135,28,1)
5,11: (42148,32639,48316,65535)  #A47FBCFF  srgba(164,127,188,1)
6,11: (42405,10023,14392,65535)  #A52738FF  srgba(165,39,56,1)
7,11: (42405,35980,11051,65535)  #A58C2BFF  srgba(165,140,43,1)
8,11: (43690,29298,25700,65535)  #AA7264FF  srgba(170,114,100,1)
9,11: (44975,16705,15677,65535)  #AF413DFF  srgba(175,65,61,1)
10,11: (45232,42148,42405,65535)  #B0A4A5FF  srgba(176,164,165,1)
11,11: (45746,36494,9766,65535)  #B28E26FF  srgba(178,142,38,1)
12,11: (45746,42148,10537,65535)  #B2A429FF  srgba(178,164,41,1)
13,11: (46003,30326,8995,65535)  #B37623FF  srgba(179,118,35,1)
14,11: (46260,39321,10023,65535)  #B49927FF  srgba(180,153,39,1)
15,11: (46260,44461,47031,65535)  #B4ADB7FF  srgba(180,173,183,1)
0,12: (46774,48059,43433,65535)  #B6BBA9FF  srgba(182,187,169,1)
1,12: (47288,40349,28784,65535)  #B89D70FF  srgba(184,157,112,1)
2,12: (47288,44718,56026,65535)  #B8AEDAFF  srgba(184,174,218,1)
3,12: (47545,31611,31611,65535)  #B97B7BFF  srgba(185,123,123,1)
4,12: (47545,41120,16705,65535)  #B9A041FF  srgba(185,160,65,1)
5,12: (48059,43433,10794,65535)  #BBA92AFF  srgba(187,169,42,1)
6,12: (48316,49087,48573,65535)  #BCBFBDFF  srgba(188,191,189,1)
7,12: (48316,61937,64507,65535)  #BCF1FBFF  srgba(188,241,251,1)
8,12: (48573,56283,57568,65535)  #BDDBE0FF  srgba(189,219,224,1)
9,12: (48830,15420,7453,65535)  #BE3C1DFF  srgba(190,60,29,1)
10,12: (48830,42662,14649,65535)  #BEA639FF  srgba(190,166,57,1)
11,12: (48830,49344,31868,65535)  #BEC07CFF  srgba(190,192,124,1)
12,12: (48830,61166,59367,65535)  #BEEEE7FF  srgba(190,238,231,1)
13,12: (49087,15934,11822,65535)  #BF3E2EFF  srgba(191,62,46,1)
14,12: (49858,9766,7710,65535)  #C2261EFF  srgba(194,38,30,1)
15,12: (49858,44975,10794,65535)  #C2AF2AFF  srgba(194,175,42,1)
0,13: (50115,52428,50115,65535)  #C3CCC3FF  srgba(195,204,195,1)
1,13: (50372,52685,53713,65535)  #C4CDD1FF  srgba(196,205,209,1)
2,13: (50629,10280,12336,65535)  #C52830FF  srgba(197,40,48,1)
3,13: (51657,35723,10023,65535)  #C98B27FF  srgba(201,139,39,1)
4,13: (52171,29812,54741,65535)  #CB74D5FF  srgba(203,116,213,1)
5,13: (52171,45489,10794,65535)  #CBB12AFF  srgba(203,177,42,1)
6,13: (52685,23644,16962,65535)  #CD5C42FF  srgba(205,92,66,1)
7,13: (52685,48573,11565,65535)  #CDBD2DFF  srgba(205,189,45,1)
8,13: (53199,48316,16448,65535)  #CFBC40FF  srgba(207,188,64,1)
9,13: (53970,49601,14649,65535)  #D2C139FF  srgba(210,193,57,1)
10,13: (54484,55255,54484,65535)  #D4D7D4FF  srgba(212,215,212,1)
11,13: (54484,60395,60652,65535)  #D4EBECFF  srgba(212,235,236,1)
12,13: (54741,48059,11308,65535)  #D5BB2CFF  srgba(213,187,44,1)
13,13: (55255,16705,15677,65535)  #D7413DFF  srgba(215,65,61,1)
14,13: (55255,57311,55769,65535)  #D7DFD9FF  srgba(215,223,217,1)
15,13: (55769,50886,12593,65535)  #D9C631FF  srgba(217,198,49,1)
0,14: (56797,57054,56026,65535)  #DDDEDAFF  srgba(221,222,218,1)
1,14: (57054,15934,8481,65535)  #DE3E21FF  srgba(222,62,33,1)
2,14: (57311,47545,10537,65535)  #DFB929FF  srgba(223,185,41,1)
3,14: (57568,15934,12336,65535)  #E03E30FF  srgba(224,62,48,1)
4,14: (57825,48059,12593,65535)  #E1BB31FF  srgba(225,187,49,1)
5,14: (58082,59110,57054,65535)  #E2E6DEFF  srgba(226,230,222,1)
6,14: (58339,22616,9509,65535)  #E35825FF  srgba(227,88,37,1)
7,14: (58596,50886,14392,65535)  #E4C638FF  srgba(228,198,56,1)
8,14: (58596,58853,58853,65535)  #E4E5E5FF  srgba(228,229,229,1)
9,14: (58853,51400,12850,65535)  #E5C832FF  srgba(229,200,50,1)
10,14: (59110,61423,60395,65535)  #E6EFEBFF  srgba(230,239,235,1)
11,14: (59367,60138,59624,65535)  #E7EAE8FF  srgba(231,234,232,1)
12,14: (59624,53456,14906,65535)  #E8D03AFF  srgba(232,208,58,1)
13,14: (60652,36237,10280,65535)  #EC8D28FF  srgba(236,141,40,1)
14,14: (60652,53713,16448,65535)  #ECD140FF  srgba(236,209,64,1)
15,14: (61423,57311,29812,65535)  #EFDF74FF  srgba(239,223,116,1)
0,15: (61937,28270,10023,65535)  #F16E27FF  srgba(241,110,39,1)
1,15: (61937,62194,61423,65535)  #F1F2EFFF  srgba(241,242,239,1)
2,15: (62451,55512,18761,65535)  #F3D849FF  srgba(243,216,73,1)
3,15: (62708,46003,43690,65535)  #F4B3AAFF  srgba(244,179,170,1)
4,15: (62965,43947,33667,65535)  #F5AB83FF  srgba(245,171,131,1)
5,15: (63222,16448,16448,65535)  #F64040FF  srgba(246,64,64,1)
6,15: (63479,17219,10537,65535)  #F74329FF  srgba(247,67,41,1)
7,15: (63479,20560,17219,65535)  #F75043FF  srgba(247,80,67,1)
8,15: (63993,22359,23901,65535)  #F9575DFF  srgba(249,87,93,1)
9,15: (64250,17219,13107,65535)  #FA4333FF  srgba(250,67,51,1)
10,15: (65021,22616,11308,65535)  #FD582CFF  srgba(253,88,44,1)
11,15: (65278,18247,17476,65535)  #FE4744FF  srgba(254,71,68,1)
12,15: (65278,20046,17733,65535)  #FE4E45FF  srgba(254,78,69,1)
13,15: (65278,22616,17990,65535)  #FE5846FF  srgba(254,88,70,1)
14,15: (65535,21845,23644,65535)  #FF555CFF  srgba(255,85,92,1)
15,15: (0,65535,0,0)  #00FF0000  srgba(0,255,0,0)
