# ImageMagick pixel enumeration: 16,16,65535,srgba
0,0: (0,0,0,65535)  #000000FF  black
1,0: (514,514,257,65535)  #020201FF  srgba(2,2,1,1)
2,0: (1285,771,771,65535)  #050303FF  srgba(5,3,3,1)
3,0: (1285,8481,2056,65535)  #052108FF  srgba(5,33,8,1)
4,0: (1285,13364,2827,65535)  #05340BFF  srgba(5,52,11,1)
5,0: (1285,27499,7967,65535)  #056B1FFF  srgba(5,107,31,1)
6,0: (1285,35723,9766,65535)  #058B26FF  srgba(5,139,38,1)
7,0: (1542,2313,1285,65535)  #060905FF  srgba(6,9,5,1)
8,0: (1799,22102,7710,65535)  #07561EFF  srgba(7,86,30,1)
9,0: (2056,17476,6939,65535)  #08441BFF  srgba(8,68,27,1)
10,0: (2827,2827,2056,65535)  #0B0B08FF  srgba(11,11,8,1)
11,0: (2827,4626,2570,65535)  #0B120AFF  srgba(11,18,10,1)
12,0: (3598,3341,2570,65535)  #0E0D0AFF  srgba(14,13,10,1)
13,0: (3855,257,1285,65535)  #0F0105FF  srgba(15,1,5,1)
14,0: (4112,4626,5654,65535)  #101216FF  srgba(16,18,22,1)
15,0: (4112,10794,6682,65535)  #102A1AFF  srgba(16,42,26,1)
0,1: (4112,22359,3598,65535)  #10570EFF  srgba(16,87,14,1)
1,1: (4369,4626,3598,65535)  #11120EFF  srgba(17,18,14,1)
2,1: (4883,2827,2056,65535)  #130B08FF  srgba(19,11,8,1)
3,1: (4883,8481,2570,65535)  #13210AFF  srgba(19,33,10,1)
4,1: (5397,18761,3341,65535)  #15490DFF  srgba(21,73,13,1)
5,1: (5654,39064,14135,65535)  #169837FF  srgba(22,152,55,1)
6,1: (5911,34952,10537,65535)  #178829FF  srgba(23,136,41,1)
7,1: (6168,16448,3341,65535)  #18400DFF  srgba(24,64,13,1)
8,1: (6168,29298,13878,65535)  #187236FF  srgba(24,114,54,1)
9,1: (6939,5140,6168,65535)  #1B1418FF  srgba(27,20,24,1)
10,1: (7196,4883,3084,65535)  #1C130CFF  srgba(28,19,12,1)
11,1: (8224,45489,15420,65535)  #20B13CFF  srgba(32,177,60,1)
12,1: (8481,11051,7967,65535)  #212B1FFF  srgba(33,43,31,1)
13,1: (8481,22102,8995,65535)  #215623FF  srgba(33,86,35,1)
14,1: (8738,35209,16705,65535)  #228941FF  srgba(34,137,65,1)
15,1: (8995,257,1542,65535)  #230106FF  srgba(35,1,6,1)
0,2: (9509,7967,13878,65535)  #251F36FF  srgba(37,31,54,1)
1,2: (9509,13364,3084,65535)  #25340CFF  srgba(37,52,12,1)
2,2: (9509,16962,8738,65535)  #254222FF  srgba(37,66,34,1)
3,2: (10023,12850,9509,65535)  #273225FF  srgba(39,50,37,1)
4,2: (10280,26985,9252,65535)  #286924FF  srgba(40,105,36,1)
5,2: (10537,2570,2056,65535)  #290A08FF  srgba(41,10,8,1)
6,2: (11051,9509,8224,65535)  #2B2520FF  srgba(43,37,32,1)
7,2: (11308,35209,18761,65535)  #2C8949FF  srgba(44,137,73,1)
8,2: (12079,2056,7453,65535)  #2F081DFF  srgba(47,8,29,1)
9,2: (12336,15934,11051,65535)  #303E2BFF  srgba(48,62,43,1)
10,2: (12593,8481,2570,65535)  #31210AFF  srgba(49,33,10,1)
11,2: (12593,13621,16705,65535)  #313541FF  srgba(49,53,65,1)
12,2: (12593,14906,13364,65535)  #313A34FF  srgba(49,58,52,1)
13,2: (12850,46517,21074,65535)  #32B552FF  srgba(50,181,82,1)
14,2: (13107,15934,13364,65535)  #333E34FF  srgba(51,62,52,1)
15,2: (13364,13364,10280,65535)  #343428FF  srgba(52,52,40,1)
0,3: (13364,16962,13621,65535)  #344235FF  srgba(52,66,53,1)
1,3: (13364,35466,14392,65535)  #348A38FF  srgba(52,138,56,1)
2,3: (13364,35980,21074,65535)  #348C52FF  srgba(52,140,82,1)
3,3: (13621,21074,14392,65535)  #355238FF  srgba(53,82,56,1)
4,3: (13878,12850,30840,65535)  #363278FF  srgba(54,50,120,1)
5,3: (13878,13878,25186,65535)  #363662FF  srgba(54,54,98,1)
6,3: (14135,26214,14392,65535)  #376638FF  srgba(55,102,56,1)
7,3: (14135,34438,9766,65535)  #378626FF  srgba(55,134,38,1)
8,3: (14392,21845,8738,65535)  #385522FF  srgba(56,85,34,1)
9,3: (14649,13621,18761,65535)  #393549FF  srgba(57,53,73,1)
10,3: (14649,16705,10280,65535)  #394128FF  srgba(57,65,40,1)
11,3: (14906,15163,21074,65535)  #3A3B52FF  srgba(58,59,82,1)
12,3: (14906,34952,26985,65535)  #3A8869FF  srgba(58,136,105,1)
13,3: (15163,11565,38807,65535)  #3B2D97FF  srgba(59,45,151,1)
14,3: (15163,17476,14392,65535)  #3B4438FF  srgba(59,68,56,1)
15,3: (15163,18761,14906,65535)  #3B493AFF  srgba(59,73,58,1)
0,4: (15163,32896,33667,65535)  #3B8083FF  srgba(59,128,131,1)
1,4: (15420,16962,14392,65535)  #3C4238FF  srgba(60,66,56,1)
2,4: (15420,32896,16962,65535)  #3C8042FF  srgba(60,128,66,1)
3,4: (15677,18761,16191,65535)  #3D493FFF  srgba(61,73,63,1)
4,4: (15934,35209,23901,65535)  #3E895DFF  srgba(62,137,93,1)
5,4: (16191,22873,17219,65535)  #3F5943FF  srgba(63,89,67,1)
6,4: (16448,14649,13878,65535)  #403936FF  srgba(64,57,54,1)
7,4: (16705,8738,8224,65535)  #412220FF  srgba(65,34,32,1)
8,4: (16962,2570,8481,65535)  #420A21FF  srgba(66,10,33,1)
9,4: (16962,19789,16448,65535)  #424D40FF  srgba(66,77,64,1)
10,4: (17219,32125,19018,65535)  #437D4AFF  srgba(67,125,74,1)
11,4: (17476,5911,14135,65535)  #441737FF  srgba(68,23,55,1)
12,4: (17476,16705,16705,65535)  #444141FF  srgba(68,65,65,1)
13,4: (17476,20817,16962,65535)  #445142FF  srgba(68,81,66,1)
14,4: (17990,20560,18504,65535)  #465048FF  srgba(70,80,72,1)
15,4: (17990,23644,19018,65535)  #465C4AFF  srgba(70,92,74,1)
0,5: (18247,24929,20817,65535)  #476151FF  srgba(71,97,81,1)
1,5: (18504,21845,18761,65535)  #485549FF  srgba(72,85,73,1)
2,5: (18504,33153,21331,65535)  #488153FF  srgba(72,129,83,1)
3,5: (19018,47288,28013,65535)  #4AB86DFF  srgba(74,184,109,1)
4,5: (21331,47545,20817,65535)  #53B951FF  srgba(83,185,81,1)
5,5: (21331,47802,23644,65535)  #53BA5CFF  srgba(83,186,92,1)
6,5: (21845,46260,16705,65535)  #55B441FF  srgba(85,180,65,1)
7,5: (22102,24672,21074,65535)  #566052FF  srgba(86,96,82,1)
8,5: (22102,34952,23387,65535)  #56885BFF  srgba(86,136,91,1)
9,5: (23387,4369,16705,65535)  #5B1141FF  srgba(91,17,65,1)
10,5: (23387,5654,7453,65535)  #5B161DFF  srgba(91,22,29,1)
11,5: (23387,15677,21588,65535)  #5B3D54FF  srgba(91,61,84,1)
12,5: (23644,25957,23130,65535)  #5C655AFF  srgba(92,101,90,1)
13,5: (23644,28784,23644,65535)  #5C705CFF  srgba(92,112,92,1)
14,5: (23644,47802,29555,65535)  #5CBA73FF  srgba(92,186,115,1)
15,5: (24158,13107,10023,65535)  #5E3327FF  srgba(94,51,39,1)
0,6: (24158,23130,17733,65535)  #5E5A45FF  srgba(94,90,69,1)
1,6: (24158,35466,26728,65535)  #5E8A68FF  srgba(94,138,104,1)
2,6: (24415,5397,12850,65535)  #5F1532FF  srgba(95,21,50,1)
3,6: (24929,30840,18761,65535)  #617849FF  srgba(97,120,73,1)
4,6: (25186,14649,16962,65535)  #623942FF  srgba(98,57,66,1)
5,6: (25186,20817,7967,65535)  #62511FFF  srgba(98,81,31,1)
6,6: (25186,32125,10537,65535)  #627D29FF  srgba(98,125,41,1)
7,6: (25443,13878,29298,65535)  #633672FF  srgba(99,54,114,1)
8,6: (25957,20303,12850,65535)  #654F32FF  srgba(101,79,50,1)
9,6: (26214,25700,26471,65535)  #666467FF  srgba(102,100,103,1)
10,6: (26471,29812,26471,65535)  #677467FF  srgba(103,116,103,1)
11,6: (26985,39064,18247,65535)  #699847FF  srgba(105,152,71,1)
12,6: (27242,39578,31611,65535)  #6A9A7BFF  srgba(106,154,123,1)
13,6: (27242,50629,31354,65535)  #6AC57AFF  srgba(106,197,122,1)
14,6: (27499,39321,11565,65535)  #6B992DFF  srgba(107,153,45,1)
15,6: (27499,45232,32125,65535)  #6BB07DFF  srgba(107,176,125,1)
0,7: (28527,4626,21845,65535)  #6F1255FF  srgba(111,18,85,1)
1,7: (28527,33153,30069,65535)  #6F8175FF  srgba(111,129,117,1)
2,7: (28527,35980,23387,65535)  #6F8C5BFF  srgba(111,140,91,1)
3,7: (29041,5397,17219,65535)  #711543FF  srgba(113,21,67,1)
4,7: (29041,34952,27242,65535)  #71886AFF  srgba(113,136,106,1)
5,7: (29555,5397,29041,65535)  #731571FF  srgba(115,21,113,1)
6,7: (30326,13621,21845,65535)  #763555FF  srgba(118,53,85,1)
7,7: (31354,37779,32382,65535)  #7A937EFF  srgba(122,147,126,1)
8,7: (31868,13621,29812,65535)  #7C3574FF  srgba(124,53,116,1)
9,7: (32125,33924,31611,65535)  #7D847BFF  srgba(125,132,123,1)
10,7: (32382,28784,40092,65535)  #7E709CFF  srgba(126,112,156,1)
11,7: (32896,24415,46517,65535)  #805FB5FF  srgba(128,95,181,1)
12,7: (33153,37779,33410,65535)  #819382FF  srgba(129,147,130,1)
13,7: (33153,44975,33924,65535)  #81AF84FF  srgba(129,175,132,1)
14,7: (33410,47031,25186,65535)  #82B762FF  srgba(130,183,98,1)
15,7: (33410,47802,29555,65535)  #82BA73FF  srgba(130,186,115,1)
0,8: (33667,45489,18504,65535)  #83B148FF  srgba(131,177,72,1)
1,8: (33667,50629,33667,65535)  #83C583FF  srgba(131,197,131,1)
2,8: (34695,9509,48316,65535)  #8725BCFF  srgba(135,37,188,1)
3,8: (34695,37779,33924,65535)  #879384FF  srgba(135,147,132,1)
4,8: (34695,47288,37779,65535)  #87B893FF  srgba(135,184,147,1)
5,8: (34695,52171,38036,65535)  #87CB94FF  srgba(135,203,148,1)
6,8: (34952,38293,34695,65535)  #889587FF  srgba(136,149,135,1)
7,8: (34952,39064,28527,65535)  #88986FFF  srgba(136,152,111,1)
8,8: (34952,44461,38036,65535)  #88AD94FF  srgba(136,173,148,1)
9,8: (35209,24672,58596,65535)  #8960E4FF  srgba(137,96,228,1)
10,8: (35466,8995,40606,65535)  #8A239EFF  srgba(138,35,158,1)
11,8: (35466,39064,35723,65535)  #8A988BFF  srgba(138,152,139,1)
12,8: (35723,48830,44718,65535)  #8BBEAEFF  srgba(139,190,174,1)
13,8: (36237,18247,24672,65535)  #8D4760FF  srgba(141,71,96,1)
14,8: (36237,31097,24672,65535)  #8D7960FF  srgba(141,121,96,1)
15,8: (36494,33153,30326,65535)  #8E8176FF  srgba(142,129,118,1)
0,9: (37008,6425,21588,65535)  #901954FF  srgba(144,25,84,1)
1,9: (37008,35980,49087,65535)  #908CBFFF  srgba(144,140,191,1)
2,9: (37265,18504,30069,65535)  #914875FF  srgba(145,72,117,1)
3,9: (37522,39064,32382,65535)  #92987EFF  srgba(146,152,126,1)
4,9: (37522,40606,37522,65535)  #929E92FF  srgba(146,158,146,1)
5,9: (38036,39835,36237,65535)  #949B8DFF  srgba(148,155,141,1)
6,9: (38550,6425,27242,65535)  #96196AFF  srgba(150,25,106,1)
7,9: (38550,28527,17219,65535)  #966F43FF  srgba(150,111,67,1)
8,9: (38807,16962,16705,65535)  #974241FF  srgba(151,66,65,1)
9,9: (38807,31868,35466,65535)  #977C8AFF  srgba(151,124,138,1)
10,9: (38807,38550,39835,65535)  #97969BFF  srgba(151,150,155,1)
11,9: (38807,47031,29041,65535)  #97B771FF  srgba(151,183,113,1)
12,9: (39064,41634,38807,65535)  #98A297FF  srgba(152,162,151,1)
13,9: (39064,45746,38293,65535)  #98B295FF  srgba(152,178,149,1)
14,9: (39064,47288,35980,65535)  #98B88CFF  srgba(152,184,140,1)
15,9: (39321,42148,40092,65535)  #99A49CFF  srgba(153,164,156,1)
0,10: (39578,41120,38036,65535)  #9AA094FF  srgba(154,160,148,1)
1,10: (39578,44461,39578,65535)  #9AAD9AFF  srgba(154,173,154,1)
2,10: (39578,48059,43433,65535)  #9ABBA9FF  srgba(154,187,169,1)
3,10: (39835,45746,40863,65535)  #9BB29FFF  srgba(155,178,159,1)
4,10: (40606,6425,35209,65535)  #9E1989FF  srgba(158,25,137,1)
5,10: (40606,6682,31354,65535)  #9E1A7AFF  srgba(158,26,122,1)
6,10: (40606,9766,35466,65535)  #9E268AFF  srgba(158,38,138,1)
7,10: (40606,17990,35723,65535)  #9E468BFF  srgba(158,70,139,1)
8,10: (40606,42405,39835,65535)  #9EA59BFF  srgba(158,165,155,1)
9,10: (40606,43176,40349,65535)  #9EA89DFF  srgba(158,168,157,1)
10,10: (40863,46774,42919,65535)  #9FB6A7FF  srgba(159,182,167,1)
11,10: (41377,43947,40349,65535)  #A1AB9DFF  srgba(161,171,157,1)
12,10: (41377,43947,40863,65535)  #A1AB9FFF  srgba(161,171,159,1)
13,10: (41634,27756,40092,65535)  #A26C9CFF  srgba(162,108,156,1)
14,10: (41634,41891,40606,65535)  #A2A39EFF  srgba(162,163,158,1)
15,10: (41634,44975,42148,65535)  #A2AFA4FF  srgba(162,175,164,1)
0,11: (41634,45746,39578,65535)  #A2B29AFF  srgba(162,178,154,1)
1,11: (41891,44461,41377,65535)  #A3ADA1FF  srgba(163,173,161,1)
2,11: (41891,44718,41891,65535)  #A3AEA3FF  srgba(163,174,163,1)
3,11: (42405,8738,48316,65535)  #A522BCFF  srgba(165,34,188,1)
4,11: (42405,44975,42405,65535)  #A5AFA5FF  srgba(165,175,165,1)
5,11: (42405,47802,37522,65535)  #A5BA92FF  srgba(165,186,146,1)
6,11: (42662,39578,34695,65535)  #A69A87FF  srgba(166,154,135,1)
7,11: (42919,44975,42148,65535)  #A7AFA4FF  srgba(167,175,164,1)
8,11: (42919,44975,42662,65535)  #A7AFA6FF  srgba(167,175,166,1)
9,11: (43176,8224,40092,65535)  #A8209CFF  srgba(168,32,156,1)
10,11: (43176,30326,24929,65535)  #A87661FF  srgba(168,118,97,1)
11,11: (43176,39064,29041,65535)  #A89871FF  srgba(168,152,113,1)
12,11: (43176,46517,43947,65535)  #A8B5ABFF  srgba(168,181,171,1)
13,11: (43176,48573,30583,65535)  #A8BD77FF  srgba(168,189,119,1)
14,11: (43947,41377,43176,65535)  #ABA1A8FF  srgba(171,161,168,1)
15,11: (44204,6682,35723,65535)  #AC1A8BFF  srgba(172,26,139,1)
0,12: (44204,17219,24672,65535)  #AC4360FF  srgba(172,67,96,1)
1,12: (44204,45232,43433,65535)  #ACB0A9FF  srgba(172,176,169,1)
2,12: (44461,36494,40606,65535)  #AD8E9EFF  srgba(173,142,158,1)
3,12: (44461,47288,43690,65535)  #ADB8AAFF  srgba(173,184,170,1)
4,12: (44718,23387,40606,65535)  #AE5B9EFF  srgba(174,91,158,1)
5,12: (44718,37008,46517,65535)  #AE90B5FF  srgba(174,144,181,1)
6,12: (44975,24158,45489,65535)  #AF5EB1FF  srgba(175,94,177,1)
7,12: (45232,29298,30326,65535)  #B07276FF  srgba(176,114,118,1)
8,12: (45232,45489,45232,65535)  #B0B1B0FF  srgba(176,177,176,1)
9,12: (45232,47802,44718,65535)  #B0BAAEFF  srgba(176,186,174,1)
10,12: (45232,48830,46260,65535)  #B0BEB4FF  srgba(176,190,180,1)
11,12: (45489,15677,30583,65535)  #B13D77FF  srgba(177,61,119,1)
12,12: (46003,8995,40349,65535)  #B3239DFF  srgba(179,35,157,1)
13,12: (46003,9252,47031,65535)  #B324B7FF  srgba(179,36,183,1)
14,12: (46517,47288,46003,65535)  #B5B8B3FF  srgba(181,184,179,1)
15,12: (46774,41377,48316,65535)  #B6A1BCFF  srgba(182,161,188,1)
0,13: (46774,47545,46260,65535)  #B6B9B4FF  srgba(182,185,180,1)
1,13: (46774,47802,45232,65535)  #B6BAB0FF  srgba(182,186,176,1)
2,13: (47031,46774,47031,65535)  #B7B6B7FF  srgba(183,182,183,1)
3,13: (47545,48830,47031,65535)  #B9BEB7FF  srgba(185,190,183,1)
4,13: (47802,48573,43690,65535)  #BABDAAFF  srgba(186,189,170,1)
5,13: (48059,10537,36494,65535)  #BB298EFF  srgba(187,41,142,1)
6,13: (48059,21074,42662,65535)  #BB52A6FF  srgba(187,82,166,1)
7,13: (48059,33153,42919,65535)  #BB81A7FF  srgba(187,129,167,1)
8,13: (48059,47802,48059,65535)  #BBBABBFF  srgba(187,186,187,1)
9,13: (48059,49087,38807,65535)  #BBBF97FF  srgba(187,191,151,1)
10,13: (48316,49087,48059,65535)  #BCBFBBFF  srgba(188,191,187,1)
11,13: (48573,9766,42919,65535)  #BD26A7FF  srgba(189,38,167,1)
12,13: (48573,21331,47802,65535)  #BD53BAFF  srgba(189,83,186,1)
13,13: (48573,29041,36237,65535)  #BD718DFF  srgba(189,113,141,1)
14,13: (48573,34438,47802,65535)  #BD86BAFF  srgba(189,134,186,1)
15,13: (48830,18247,36237,65535)  #BE478DFF  srgba(190,71,141,1)
0,14: (48830,48830,48830,65535)  #BEBEBEFF  grey
1,14: (49087,10537,48830,65535)  #BF29BEFF  srgba(191,41,190,1)
2,14: (49087,49344,49601,65535)  #BFC0C1FF  srgba(191,192,193,1)
3,14: (50115,49858,49858,65535)  #C3C2C2FF  srgba(195,194,194,1)
4,14: (50372,50115,50629,65535)  #C4C3C5FF  srgba(196,195,197,1)
5,14: (50372,51657,50115,65535)  #C4C9C3FF  srgba(196,201,195,1)
6,14: (50886,11822,46003,65535)  #C62EB3FF  srgba(198,46,179,1)
7,14: (50886,37779,47802,65535)  #C693BAFF  srgba(198,147,186,1)
8,14: (51143,8224,46260,65535)  #C720B4FF  srgba(199,32,180,1)
9,14: (51143,27756,47288,65535)  #C76CB8FF  srgba(199,108,184,1)
10,14: (51143,51657,51400,65535)  #C7C9C8FF  srgba(199,201,200,1)
11,14: (51400,18761,47031,65535)  #C849B7FF  srgba(200,73,183,1)
12,14: (51914,48059,51143,65535)  #CABBC7FF  srgba(202,187,199,1)
13,14: (52171,10280,50115,65535)  #CB28C3FF  srgba(203,40,195,1)
14,14: (52428,10023,46774,65535)  #CC27B6FF  srgba(204,39,182,1)
15,14: (52428,10280,52942,65535)  #CC28CEFF  srgba(204,40,206,1)
0,15: (52428,52428,52171,65535)  #CCCCCBFF  srgba(204,204,203,1)
1,15: (53199,19018,48059,65535)  #CF4ABBFF  srgba(207,74,187,1)
2,15: (53713,38550,53199,65535)  #D196CFFF  srgba(209,150,207,1)
3,15: (54227,19532,52171,65535)  #D34CCBFF  srgba(211,76,203,1)
4,15: (54227,37265,48059,65535)  #D391BBFF  srgba(211,145,187,1)
5,15: (54484,28784,53199,65535)  #D470CFFF  srgba(212,112,207,1)
6,15: (54741,10794,46774,65535)  #D52AB6FF  srgba(213,42,182,1)
7,15: (54741,46517,54484,65535)  #D5B5D4FF  srgba(213,181,212,1)
8,15: (54998,27756,47802,65535)  #D66CBAFF  srgba(214,108,186,1)
9,15: (55255,10537,50886,65535)  #D729C6FF  srgba(215,41,198,1)
10,15: (55769,19532,47545,65535)  #D94CB9FF  srgba(217,76,185,1)
11,15: (56026,11051,54484,65535)  #DA2BD4FF  srgba(218,43,212,1)
12,15: (57825,20303,54227,65535)  #E14FD3FF  srgba(225,79,211,1)
13,15: (58339,38293,56026,65535)  #E395DAFF  srgba(227,149,218,1)
14,15: (59881,28270,56026,65535)  #E96EDAFF  srgba(233,110,218,1)
15,15: (0,65535,0,0)  #00FF0000  srgba(0,255,0,0)
