# ImageMagick pixel enumeration: 16,16,65535,srgba
0,0: (0,0,0,65535)  #000000FF  black
1,0: (0,0,257,65535)  #000001FF  srgba(0,0,1,1)
2,0: (514,514,771,65535)  #020203FF  srgba(2,2,3,1)
3,0: (771,514,1028,65535)  #030204FF  srgba(3,2,4,1)
4,0: (771,14392,23901,65535)  #03385DFF  srgba(3,56,93,1)
5,0: (771,28270,33667,65535)  #036E83FF  srgba(3,110,131,1)
6,0: (1028,771,1542,65535)  #040306FF  srgba(4,3,6,1)
7,0: (1028,11565,2056,65535)  #042D08FF  srgba(4,45,8,1)
8,0: (1285,1028,1028,65535)  #050404FF  srgba(5,4,4,1)
9,0: (1285,1285,1799,65535)  #050507FF  srgba(5,5,7,1)
10,0: (1542,22102,4369,65535)  #065611FF  srgba(6,86,17,1)
11,0: (1799,1285,514,65535)  #070502FF  srgba(7,5,2,1)
12,0: (1799,1542,2056,65535)  #070608FF  srgba(7,6,8,1)
13,0: (2313,2056,2056,65535)  #090808FF  srgba(9,8,8,1)
14,0: (2313,2056,2827,65535)  #09080BFF  srgba(9,8,11,1)
15,0: (2570,1799,771,65535)  #0A0703FF  srgba(10,7,3,1)
0,1: (2570,2313,2570,65535)  #0A090AFF  srgba(10,9,10,1)
1,1: (2570,15677,3598,65535)  #0A3D0EFF  srgba(10,61,14,1)
2,1: (2827,2570,3598,65535)  #0B0A0EFF  srgba(11,10,14,1)
3,1: (2827,27756,7967,65535)  #0B6C1FFF  srgba(11,108,31,1)
4,1: (2827,32382,49601,65535)  #0B7EC1FF  srgba(11,126,193,1)
5,1: (2827,35209,50629,65535)  #0B89C5FF  srgba(11,137,197,1)
6,1: (2827,42405,61166,65535)  #0BA5EEFF  srgba(11,165,238,1)
7,1: (3084,2056,7453,65535)  #0C081DFF  srgba(12,8,29,1)
8,1: (3084,2056,9509,65535)  #0C0825FF  srgba(12,8,37,1)
9,1: (3084,2313,5654,65535)  #0C0916FF  srgba(12,9,22,1)
10,1: (3084,2570,3084,65535)  #0C0A0CFF  srgba(12,10,12,1)
11,1: (3084,8224,3084,65535)  #0C200CFF  srgba(12,32,12,1)
12,1: (3084,27756,48059,65535)  #0C6CBBFF  srgba(12,108,187,1)
13,1: (3084,37522,56540,65535)  #0C92DCFF  srgba(12,146,220,1)
14,1: (3341,2056,12079,65535)  #0D082FFF  srgba(13,8,47,1)
15,1: (3341,13364,13107,65535)  #0D3433FF  srgba(13,52,51,1)
0,2: (3341,17990,32382,65535)  #0D467EFF  srgba(13,70,126,1)
1,2: (3341,22873,32896,65535)  #0D5980FF  srgba(13,89,128,1)
2,2: (3341,24415,39835,65535)  #0D5F9BFF  srgba(13,95,155,1)
3,2: (3341,30840,40349,65535)  #0D789DFF  srgba(13,120,157,1)
4,2: (3341,38550,61937,65535)  #0D96F1FF  srgba(13,150,241,1)
5,2: (3598,3084,3598,65535)  #0E0C0EFF  srgba(14,12,14,1)
6,2: (3598,3855,3598,65535)  #0E0F0EFF  srgba(14,15,14,1)
7,2: (3598,6682,16448,65535)  #0E1A40FF  srgba(14,26,64,1)
8,2: (3598,18504,24929,65535)  #0E4861FF  srgba(14,72,97,1)
9,2: (3598,22102,26728,65535)  #0E5668FF  srgba(14,86,104,1)
10,2: (3598,25700,27242,65535)  #0E646AFF  srgba(14,100,106,1)
11,2: (3598,35209,39835,65535)  #0E899BFF  srgba(14,137,155,1)
12,2: (3855,3341,4112,65535)  #0F0D10FF  srgba(15,13,16,1)
13,2: (3855,3341,4883,65535)  #0F0D13FF  srgba(15,13,19,1)
14,2: (3855,3598,4369,65535)  #0F0E11FF  srgba(15,14,17,1)
15,2: (3855,5397,3598,65535)  #0F150EFF  srgba(15,21,14,1)
0,3: (3855,38550,40606,65535)  #0F969EFF  srgba(15,150,158,1)
1,3: (3855,38550,50886,65535)  #0F96C6FF  srgba(15,150,198,1)
2,3: (3855,41377,46003,65535)  #0FA1B3FF  srgba(15,161,179,1)
3,3: (3855,46517,61423,65535)  #0FB5EFFF  srgba(15,181,239,1)
4,3: (4112,2570,2056,65535)  #100A08FF  srgba(16,10,8,1)
5,3: (4369,4112,4112,65535)  #111010FF  srgba(17,16,16,1)
6,3: (4369,4369,4883,65535)  #111113FF  srgba(17,17,19,1)
7,3: (4369,18247,19275,65535)  #11474BFF  srgba(17,71,75,1)
8,3: (4626,6682,4369,65535)  #121A11FF  srgba(18,26,17,1)
9,3: (4626,6682,11565,65535)  #121A2DFF  srgba(18,26,45,1)
10,3: (4626,10023,18504,65535)  #122748FF  srgba(18,39,72,1)
11,3: (4626,13878,17733,65535)  #123645FF  srgba(18,54,69,1)
12,3: (4626,22102,18504,65535)  #125648FF  srgba(18,86,72,1)
13,3: (4626,46003,46517,65535)  #12B3B5FF  srgba(18,179,181,1)
14,3: (4883,1799,19018,65535)  #13074AFF  srgba(19,7,74,1)
15,3: (4883,17990,14392,65535)  #134638FF  srgba(19,70,56,1)
0,4: (4883,29041,20046,65535)  #13714EFF  srgba(19,113,78,1)
1,4: (4883,35209,18504,65535)  #138948FF  srgba(19,137,72,1)
2,4: (5140,1799,514,65535)  #140702FF  srgba(20,7,2,1)
3,4: (5140,4369,4369,65535)  #141111FF  srgba(20,17,17,1)
4,4: (5140,4626,5140,65535)  #141214FF  srgba(20,18,20,1)
5,4: (5140,25700,17219,65535)  #146443FF  srgba(20,100,67,1)
6,4: (5654,5397,4626,65535)  #161512FF  srgba(22,21,18,1)
7,4: (5654,5397,5911,65535)  #161517FF  srgba(22,21,23,1)
8,4: (5654,5654,5654,65535)  #161616FF  srgba(22,22,22,1)
9,4: (5911,5397,5397,65535)  #171515FF  srgba(23,21,21,1)
10,4: (5911,16448,7967,65535)  #17401FFF  srgba(23,64,31,1)
11,4: (6168,5654,5911,65535)  #181617FF  srgba(24,22,23,1)
12,4: (6168,6168,5911,65535)  #181817FF  srgba(24,24,23,1)
13,4: (6168,6939,9766,65535)  #181B26FF  srgba(24,27,38,1)
14,4: (6425,6168,6939,65535)  #19181BFF  srgba(25,24,27,1)
15,4: (6425,9766,13107,65535)  #192633FF  srgba(25,38,51,1)
0,5: (6425,11565,4112,65535)  #192D10FF  srgba(25,45,16,1)
1,5: (6425,28270,33410,65535)  #196E82FF  srgba(25,110,130,1)
2,5: (6682,6682,6682,65535)  #1A1A1AFF  grey10
3,5: (6939,6168,6425,65535)  #1B1819FF  srgba(27,24,25,1)
4,5: (6939,14392,23387,65535)  #1B385BFF  srgba(27,56,91,1)
5,5: (7196,6682,7196,65535)  #1C1A1CFF  srgba(28,26,28,1)
6,5: (7453,6682,5397,65535)  #1D1A15FF  srgba(29,26,21,1)
7,5: (7967,7453,7453,65535)  #1F1D1DFF  srgba(31,29,29,1)
8,5: (7967,7710,7967,65535)  #1F1E1FFF  srgba(31,30,31,1)
9,5: (7967,7967,5397,65535)  #1F1F15FF  srgba(31,31,21,1)
10,5: (7967,7967,8481,65535)  #1F1F21FF  srgba(31,31,33,1)
11,5: (7967,10537,8481,65535)  #1F2921FF  srgba(31,41,33,1)
12,5: (8224,7710,8995,65535)  #201E23FF  srgba(32,30,35,1)
13,5: (8224,9766,11051,65535)  #20262BFF  srgba(32,38,43,1)
14,5: (8995,8738,8738,65535)  #232222FF  srgba(35,34,34,1)
15,5: (9252,12593,12336,65535)  #243130FF  srgba(36,49,48,1)
0,6: (9509,9252,9509,65535)  #252425FF  srgba(37,36,37,1)
1,6: (9509,9509,9252,65535)  #252524FF  srgba(37,37,36,1)
2,6: (9766,9509,10280,65535)  #262528FF  srgba(38,37,40,1)
3,6: (10023,9766,10023,65535)  #272627FF  srgba(39,38,39,1)
4,6: (10537,10023,10280,65535)  #292728FF  srgba(41,39,40,1)
5,6: (10794,8481,6682,65535)  #2A211AFF  srgba(42,33,26,1)
6,6: (10794,10023,9766,65535)  #2A2726FF  srgba(42,39,38,1)
7,6: (10794,10280,10280,65535)  #2A2828FF  srgba(42,40,40,1)
8,6: (10794,10537,10794,65535)  #2A292AFF  srgba(42,41,42,1)
9,6: (11308,10794,11565,65535)  #2C2A2DFF  srgba(44,42,45,1)
10,6: (11822,11308,11565,65535)  #2E2C2DFF  srgba(46,44,45,1)
11,6: (11822,11565,11565,65535)  #2E2D2DFF  srgba(46,45,45,1)
12,6: (12079,10280,9509,65535)  #2F2825FF  srgba(47,40,37,1)
13,6: (12079,11822,12336,65535)  #2F2E30FF  srgba(47,46,48,1)
14,6: (12593,10280,9766,65535)  #312826FF  srgba(49,40,38,1)
15,6: (12593,11565,12593,65535)  #312D31FF  srgba(49,45,49,1)
0,7: (12593,12079,12336,65535)  #312F30FF  srgba(49,47,48,1)
1,7: (12850,12336,12850,65535)  #323032FF  srgba(50,48,50,1)
2,7: (13107,11822,11822,65535)  #332E2EFF  srgba(51,46,46,1)
3,7: (13107,12850,12850,65535)  #333232FF  srgba(51,50,50,1)
4,7: (13364,12336,13364,65535)  #343034FF  srgba(52,48,52,1)
5,7: (13364,13364,13878,65535)  #343436FF  srgba(52,52,54,1)
6,7: (13621,8738,6939,65535)  #35221BFF  srgba(53,34,27,1)
7,7: (13878,32639,45489,65535)  #367FB1FF  srgba(54,127,177,1)
8,7: (14135,13621,13878,65535)  #373536FF  srgba(55,53,54,1)
9,7: (14392,18504,13621,65535)  #384835FF  srgba(56,72,53,1)
10,7: (14392,21588,12079,65535)  #38542FFF  srgba(56,84,47,1)
11,7: (14392,28013,11051,65535)  #386D2BFF  srgba(56,109,43,1)
12,7: (14649,13878,14392,65535)  #393638FF  srgba(57,54,56,1)
13,7: (14649,14649,14906,65535)  #39393AFF  srgba(57,57,58,1)
14,7: (15163,8738,6425,65535)  #3B2219FF  srgba(59,34,25,1)
15,7: (15163,11051,11822,65535)  #3B2B2EFF  srgba(59,43,46,1)
0,8: (15163,13878,14392,65535)  #3B3638FF  srgba(59,54,56,1)
1,8: (15163,18761,40092,65535)  #3B499CFF  srgba(59,73,156,1)
2,8: (15420,14906,15163,65535)  #3C3A3BFF  srgba(60,58,59,1)
3,8: (15420,15420,15420,65535)  #3C3C3CFF  srgba(60,60,60,1)
4,8: (15420,18761,33924,65535)  #3C4984FF  srgba(60,73,132,1)
5,8: (15677,14906,15420,65535)  #3D3A3CFF  srgba(61,58,60,1)
6,8: (15677,16448,22873,65535)  #3D4059FF  srgba(61,64,89,1)
7,8: (15677,18504,30326,65535)  #3D4876FF  srgba(61,72,118,1)
8,8: (15934,16962,15677,65535)  #3E423DFF  srgba(62,66,61,1)
9,8: (15934,17990,26471,65535)  #3E4667FF  srgba(62,70,103,1)
10,8: (16448,15934,17219,65535)  #403E43FF  srgba(64,62,67,1)
11,8: (16448,16705,20303,65535)  #40414FFF  srgba(64,65,79,1)
12,8: (16705,15677,15934,65535)  #413D3EFF  srgba(65,61,62,1)
13,8: (16705,16448,16191,65535)  #41403FFF  srgba(65,64,63,1)
14,8: (16705,32639,35980,65535)  #417F8CFF  srgba(65,127,140,1)
15,8: (16705,44975,36237,65535)  #41AF8DFF  srgba(65,175,141,1)
0,9: (16962,41120,60652,65535)  #42A0ECFF  srgba(66,160,236,1)
1,9: (17219,36751,36237,65535)  #438F8DFF  srgba(67,143,141,1)
2,9: (17476,10280,9252,65535)  #442824FF  srgba(68,40,36,1)
3,9: (17476,16962,17476,65535)  #444244FF  srgba(68,66,68,1)
4,9: (17476,19275,22873,65535)  #444B59FF  srgba(68,75,89,1)
5,9: (17476,33410,51914,65535)  #4482CAFF  srgba(68,130,202,1)
6,9: (17476,35209,59624,65535)  #4489E8FF  srgba(68,137,232,1)
7,9: (17476,47031,63479,65535)  #44B7F7FF  srgba(68,183,247,1)
8,9: (17733,17476,18761,65535)  #454449FF  srgba(69,68,73,1)
9,9: (17733,17733,17733,65535)  #454545FF  grey27
10,9: (17733,23387,41120,65535)  #455BA0FF  srgba(69,91,160,1)
11,9: (17733,28527,37522,65535)  #456F92FF  srgba(69,111,146,1)
12,9: (17990,40863,49087,65535)  #469FBFFF  srgba(70,159,191,1)
13,9: (18247,19018,20046,65535)  #474A4EFF  srgba(71,74,78,1)
14,9: (18247,28013,29041,65535)  #476D71FF  srgba(71,109,113,1)
15,9: (18247,45489,52942,65535)  #47B1CEFF  srgba(71,177,206,1)
0,10: (18247,51143,53199,65535)  #47C7CFFF  srgba(71,199,207,1)
1,10: (18504,23387,33410,65535)  #485B82FF  srgba(72,91,130,1)
2,10: (18761,14906,14649,65535)  #493A39FF  srgba(73,58,57,1)
3,10: (18761,16962,15934,65535)  #49423EFF  srgba(73,66,62,1)
4,10: (18761,18761,18761,65535)  #494949FF  srgba(73,73,73,1)
5,10: (19018,29298,20817,65535)  #4A7251FF  srgba(74,114,81,1)
6,10: (19018,54484,64250,65535)  #4AD4FAFF  srgba(74,212,250,1)
7,10: (19275,13621,12593,65535)  #4B3531FF  srgba(75,53,49,1)
8,10: (19789,19275,19532,65535)  #4D4B4CFF  srgba(77,75,76,1)
9,10: (19789,25443,34952,65535)  #4D6388FF  srgba(77,99,136,1)
10,10: (20303,20046,30840,65535)  #4F4E78FF  srgba(79,78,120,1)
11,10: (20303,20303,25186,65535)  #4F4F62FF  srgba(79,79,98,1)
12,10: (20560,20046,20303,65535)  #504E4FFF  srgba(80,78,79,1)
13,10: (20560,20303,23387,65535)  #504F5BFF  srgba(80,79,91,1)
14,10: (20560,20560,22102,65535)  #505056FF  srgba(80,80,86,1)
15,10: (20817,20560,20560,65535)  #515050FF  srgba(81,80,80,1)
0,11: (20817,32125,45489,65535)  #517DB1FF  srgba(81,125,177,1)
1,11: (21074,10537,10023,65535)  #522927FF  srgba(82,41,39,1)
2,11: (21074,20560,21331,65535)  #525053FF  srgba(82,80,83,1)
3,11: (21074,23387,29555,65535)  #525B73FF  srgba(82,91,115,1)
4,11: (21588,18504,15420,65535)  #54483CFF  srgba(84,72,60,1)
5,11: (21588,20046,19789,65535)  #544E4DFF  srgba(84,78,77,1)
6,11: (21845,21331,23130,65535)  #55535AFF  srgba(85,83,90,1)
7,11: (21845,25186,28784,65535)  #556270FF  srgba(85,98,112,1)
8,11: (21845,34952,11051,65535)  #55882BFF  srgba(85,136,43,1)
9,11: (22102,21588,21845,65535)  #565455FF  srgba(86,84,85,1)
10,11: (22102,24415,22359,65535)  #565F57FF  srgba(86,95,87,1)
11,11: (22359,23387,26985,65535)  #575B69FF  srgba(87,91,105,1)
12,11: (22616,22359,22616,65535)  #585758FF  srgba(88,87,88,1)
13,11: (22616,23644,14392,65535)  #585C38FF  srgba(88,92,56,1)
14,11: (23130,20303,24415,65535)  #5A4F5FFF  srgba(90,79,95,1)
15,11: (23130,21331,22873,65535)  #5A5359FF  srgba(90,83,89,1)
0,12: (23130,22873,23130,65535)  #5A595AFF  srgba(90,89,90,1)
1,12: (23387,18761,31354,65535)  #5B497AFF  srgba(91,73,122,1)
2,12: (23387,24672,24929,65535)  #5B6061FF  srgba(91,96,97,1)
3,12: (23644,23644,23644,65535)  #5C5C5CFF  grey36
4,12: (23644,23644,25186,65535)  #5C5C62FF  srgba(92,92,98,1)
5,12: (23644,23901,23644,65535)  #5C5D5CFF  srgba(92,93,92,1)
6,12: (23901,23644,24415,65535)  #5D5C5FFF  srgba(93,92,95,1)
7,12: (25186,24672,25700,65535)  #626064FF  srgba(98,96,100,1)
8,12: (25700,19018,19018,65535)  #644A4AFF  srgba(100,74,74,1)
9,12: (25957,25443,26214,65535)  #656366FF  srgba(101,99,102,1)
10,12: (26214,25443,26214,65535)  #666366FF  srgba(102,99,102,1)
11,12: (26985,26728,27756,65535)  #69686CFF  srgba(105,104,108,1)
12,12: (27499,24415,25443,65535)  #6B5F63FF  srgba(107,95,99,1)
13,12: (27499,43433,33924,65535)  #6BA984FF  srgba(107,169,132,1)
14,12: (27756,19275,26985,65535)  #6C4B69FF  srgba(108,75,105,1)
15,12: (27756,32639,32639,65535)  #6C7F7FFF  srgba(108,127,127,1)
0,13: (27756,36237,33667,65535)  #6C8D83FF  srgba(108,141,131,1)
1,13: (28270,28527,29298,65535)  #6E6F72FF  srgba(110,111,114,1)
2,13: (28527,42919,55255,65535)  #6FA7D7FF  srgba(111,167,215,1)
3,13: (28784,29812,30840,65535)  #707478FF  srgba(112,116,120,1)
4,13: (28784,33924,55512,65535)  #7084D8FF  srgba(112,132,216,1)
5,13: (29041,13878,48059,65535)  #7136BBFF  srgba(113,54,187,1)
6,13: (29812,39321,57054,65535)  #7499DEFF  srgba(116,153,222,1)
7,13: (29812,43690,13364,65535)  #74AA34FF  srgba(116,170,52,1)
8,13: (30069,49087,60909,65535)  #75BFEDFF  srgba(117,191,237,1)
9,13: (31097,24158,25957,65535)  #795E65FF  srgba(121,94,101,1)
10,13: (31354,30326,29555,65535)  #7A7673FF  srgba(122,118,115,1)
11,13: (31354,33667,46517,65535)  #7A83B5FF  srgba(122,131,181,1)
12,13: (32382,32382,35466,65535)  #7E7E8AFF  srgba(126,126,138,1)
13,13: (33153,47802,51400,65535)  #81BAC8FF  srgba(129,186,200,1)
14,13: (35466,56540,57054,65535)  #8ADCDEFF  srgba(138,220,222,1)
15,13: (35466,58082,63993,65535)  #8AE2F9FF  srgba(138,226,249,1)
0,14: (35723,33153,35723,65535)  #8B818BFF  srgba(139,129,139,1)
1,14: (35723,60138,65535,65535)  #8BEAFFFF  srgba(139,234,255,1)
2,14: (35980,39835,46260,65535)  #8C9BB4FF  srgba(140,155,180,1)
3,14: (36237,48573,25700,65535)  #8DBD64FF  srgba(141,189,100,1)
4,14: (37008,43176,52171,65535)  #90A8CBFF  srgba(144,168,203,1)
5,14: (38036,39064,39321,65535)  #949899FF  srgba(148,152,153,1)
6,14: (38293,43947,40863,65535)  #95AB9FFF  srgba(149,171,159,1)
7,14: (39321,50372,59367,65535)  #99C4E7FF  srgba(153,196,231,1)
8,14: (39835,34952,39321,65535)  #9B8899FF  srgba(155,136,153,1)
9,14: (40349,13364,57568,65535)  #9D34E0FF  srgba(157,52,224,1)
10,14: (41377,42662,45232,65535)  #A1A6B0FF  srgba(161,166,176,1)
11,14: (41634,48059,50372,65535)  #A2BBC4FF  srgba(162,187,196,1)
12,14: (42405,40349,42662,65535)  #A59DA6FF  srgba(165,157,166,1)
13,14: (43947,44718,43433,65535)  #ABAEA9FF  srgba(171,174,169,1)
14,14: (44461,62194,65535,65535)  #ADF2FFFF  srgba(173,242,255,1)
15,14: (44975,57311,29812,65535)  #AFDF74FF  srgba(175,223,116,1)
0,15: (44975,58082,60395,65535)  #AFE2EBFF  srgba(175,226,235,1)
1,15: (45489,43690,47031,65535)  #B1AAB7FF  srgba(177,170,183,1)
2,15: (45746,52685,39064,65535)  #B2CD98FF  srgba(178,205,152,1)
3,15: (46003,50629,54227,65535)  #B3C5D3FF  srgba(179,197,211,1)
4,15: (46260,40863,48059,65535)  #B49FBBFF  srgba(180,159,187,1)
5,15: (46517,48059,48573,65535)  #B5BBBDFF  srgba(181,187,189,1)
6,15: (46774,45489,48059,65535)  #B6B1BBFF  srgba(182,177,187,1)
7,15: (50886,50115,52685,65535)  #C6C3CDFF  srgba(198,195,205,1)
8,15: (51914,62451,65021,65535)  #CAF3FDFF  srgba(202,243,253,1)
9,15: (52428,58596,60909,65535)  #CCE4EDFF  srgba(204,228,237,1)
10,15: (52685,56540,54998,65535)  #CDDCD6FF  srgba(205,220,214,1)
11,15: (58339,59110,59110,65535)  #E3E6E6FF  srgba(227,230,230,1)
12,15: (60138,60909,61937,65535)  #EAEDF1FF  srgba(234,237,241,1)
13,15: (60652,62194,63993,65535)  #ECF2F9FF  srgba(236,242,249,1)
14,15: (61680,64507,64764,65535)  #F0FBFCFF  srgba(240,251,252,1)
15,15: (0,65535,0,0)  #00FF0000  srgba(0,255,0,0)
