# ImageMagick pixel enumeration: 16,16,65535,srgba
0,0: (0,0,0,65535)  #000000FF  black
1,0: (771,1542,257,65535)  #030601FF  srgba(3,6,1,1)
2,0: (1028,1028,0,65535)  #040400FF  srgba(4,4,0,1)
3,0: (1285,1285,514,65535)  #050502FF  srgba(5,5,2,1)
4,0: (1542,1028,2827,65535)  #06040BFF  srgba(6,4,11,1)
5,0: (1542,1285,0,65535)  #060500FF  srgba(6,5,0,1)
6,0: (1542,1285,1542,65535)  #060506FF  srgba(6,5,6,1)
7,0: (1542,1542,257,65535)  #060601FF  srgba(6,6,1,1)
8,0: (1542,2056,514,65535)  #060802FF  srgba(6,8,2,1)
9,0: (1542,2313,771,65535)  #060903FF  srgba(6,9,3,1)
10,0: (1799,1799,0,65535)  #070700FF  srgba(7,7,0,1)
11,0: (1799,1799,1028,65535)  #070704FF  srgba(7,7,4,1)
12,0: (1799,2313,1799,65535)  #070907FF  srgba(7,9,7,1)
13,0: (2056,1799,771,65535)  #080703FF  srgba(8,7,3,1)
14,0: (2056,2313,1285,65535)  #080905FF  srgba(8,9,5,1)
15,0: (2313,1285,771,65535)  #090503FF  srgba(9,5,3,1)
0,1: (2313,1799,1028,65535)  #090704FF  srgba(9,7,4,1)
1,1: (2313,2313,1028,65535)  #090904FF  srgba(9,9,4,1)
2,1: (2313,2570,1028,65535)  #090A04FF  srgba(9,10,4,1)
3,1: (2570,2570,1285,65535)  #0A0A05FF  srgba(10,10,5,1)
4,1: (2827,1028,2056,65535)  #0B0408FF  srgba(11,4,8,1)
5,1: (2827,2827,1799,65535)  #0B0B07FF  srgba(11,11,7,1)
6,1: (2827,2827,2827,65535)  #0B0B0BFF  srgba(11,11,11,1)
7,1: (3084,771,5140,65535)  #0C0314FF  srgba(12,3,20,1)
8,1: (3084,1028,771,65535)  #0C0403FF  srgba(12,4,3,1)
9,1: (3341,514,8224,65535)  #0D0220FF  srgba(13,2,32,1)
10,1: (3341,1028,3084,65535)  #0D040CFF  srgba(13,4,12,1)
11,1: (3341,1028,3855,65535)  #0D040FFF  srgba(13,4,15,1)
12,1: (3598,2570,2313,65535)  #0E0A09FF  srgba(14,10,9,1)
13,1: (3855,3855,2570,65535)  #0F0F0AFF  srgba(15,15,10,1)
14,1: (5397,514,771,65535)  #150203FF  srgba(21,2,3,1)
15,1: (5397,514,2313,65535)  #150209FF  srgba(21,2,9,1)
0,2: (5397,771,3598,65535)  #15030EFF  srgba(21,3,14,1)
1,2: (5654,514,8995,65535)  #160223FF  srgba(22,2,35,1)
2,2: (5654,514,13621,65535)  #160235FF  srgba(22,2,53,1)
3,2: (5654,2570,3341,65535)  #160A0DFF  srgba(22,10,13,1)
4,2: (5654,4112,4883,65535)  #161013FF  srgba(22,16,19,1)
5,2: (5911,771,6168,65535)  #170318FF  srgba(23,3,24,1)
6,2: (5911,1028,4369,65535)  #170411FF  srgba(23,4,17,1)
7,2: (6425,1028,4883,65535)  #190413FF  srgba(25,4,19,1)
8,2: (6682,2570,5397,65535)  #1A0A15FF  srgba(26,10,21,1)
9,2: (7710,2827,6939,65535)  #1E0B1BFF  srgba(30,11,27,1)
10,2: (7710,5397,6939,65535)  #1E151BFF  srgba(30,21,27,1)
11,2: (7967,2827,8738,65535)  #1F0B22FF  srgba(31,11,34,1)
12,2: (8481,514,4369,65535)  #210211FF  srgba(33,2,17,1)
13,2: (8481,771,5397,65535)  #210315FF  srgba(33,3,21,1)
14,2: (8481,4369,7710,65535)  #21111EFF  srgba(33,17,30,1)
15,2: (8738,257,1799,65535)  #220107FF  srgba(34,1,7,1)
0,3: (8738,1028,15163,65535)  #22043BFF  srgba(34,4,59,1)
1,3: (8995,771,8481,65535)  #230321FF  srgba(35,3,33,1)
2,3: (8995,2827,14906,65535)  #230B3AFF  srgba(35,11,58,1)
3,3: (9252,771,6425,65535)  #240319FF  srgba(36,3,25,1)
4,3: (9252,4369,11308,65535)  #24112CFF  srgba(36,17,44,1)
5,3: (9766,7196,8995,65535)  #261C23FF  srgba(38,28,35,1)
6,3: (10280,5911,11051,65535)  #28172BFF  srgba(40,23,43,1)
7,3: (11051,10023,12336,65535)  #2B2730FF  srgba(43,39,48,1)
8,3: (11308,8738,11565,65535)  #2C222DFF  srgba(44,34,45,1)
9,3: (11565,7453,12593,65535)  #2D1D31FF  srgba(45,29,49,1)
10,3: (11565,12850,12850,65535)  #2D3232FF  srgba(45,50,50,1)
11,3: (12593,257,2056,65535)  #310108FF  srgba(49,1,8,1)
12,3: (12593,257,4883,65535)  #310113FF  srgba(49,1,19,1)
13,3: (12593,1028,16705,65535)  #310441FF  srgba(49,4,65,1)
14,3: (12850,514,6425,65535)  #320219FF  srgba(50,2,25,1)
15,3: (12850,771,10023,65535)  #320327FF  srgba(50,3,39,1)
0,4: (12850,4112,22616,65535)  #321058FF  srgba(50,16,88,1)
1,4: (13107,771,7710,65535)  #33031EFF  srgba(51,3,30,1)
2,4: (14392,8995,12593,65535)  #382331FF  srgba(56,35,49,1)
3,4: (14906,4369,27756,65535)  #3A116CFF  srgba(58,17,108,1)
4,4: (15677,9509,16191,65535)  #3D253FFF  srgba(61,37,63,1)
5,4: (16448,514,4626,65535)  #400212FF  srgba(64,2,18,1)
6,4: (16448,5140,35723,65535)  #40148BFF  srgba(64,20,139,1)
7,4: (17219,12079,14392,65535)  #432F38FF  srgba(67,47,56,1)
8,4: (17219,13107,24415,65535)  #43335FFF  srgba(67,51,95,1)
9,4: (17476,1028,8224,65535)  #440420FF  srgba(68,4,32,1)
10,4: (17733,1028,12079,65535)  #45042FFF  srgba(69,4,47,1)
11,4: (17733,2570,6168,65535)  #450A18FF  srgba(69,10,24,1)
12,4: (18247,15420,17219,65535)  #473C43FF  srgba(71,60,67,1)
13,4: (18504,2827,10280,65535)  #480B28FF  srgba(72,11,40,1)
14,4: (18504,3084,16191,65535)  #480C3FFF  srgba(72,12,63,1)
15,4: (18761,12593,18247,65535)  #493147FF  srgba(73,49,71,1)
0,5: (19018,771,4883,65535)  #4A0313FF  srgba(74,3,19,1)
1,5: (19018,5140,10537,65535)  #4A1429FF  srgba(74,20,41,1)
2,5: (19532,5140,17733,65535)  #4C1445FF  srgba(76,20,69,1)
3,5: (20046,8738,11822,65535)  #4E222EFF  srgba(78,34,46,1)
4,5: (20046,19532,18247,65535)  #4E4C47FF  srgba(78,76,71,1)
5,5: (20817,16448,24929,65535)  #514061FF  srgba(81,64,97,1)
6,5: (22102,6168,43947,65535)  #5618ABFF  srgba(86,24,171,1)
7,5: (22616,3084,16705,65535)  #580C41FF  srgba(88,12,65,1)
8,5: (22616,4369,22102,65535)  #581156FF  srgba(88,17,86,1)
9,5: (22873,1285,13107,65535)  #590533FF  srgba(89,5,51,1)
10,5: (23901,1028,9252,65535)  #5D0424FF  srgba(93,4,36,1)
11,5: (23901,13878,36494,65535)  #5D368EFF  srgba(93,54,142,1)
12,5: (23901,14906,26214,65535)  #5D3A66FF  srgba(93,58,102,1)
13,5: (24158,1028,4626,65535)  #5E0412FF  srgba(94,4,18,1)
14,5: (24415,22359,25700,65535)  #5F5764FF  srgba(95,87,100,1)
15,5: (24672,5654,35980,65535)  #60168CFF  srgba(96,22,140,1)
0,6: (24672,7196,51657,65535)  #601CC9FF  srgba(96,28,201,1)
1,6: (25186,4883,27242,65535)  #62136AFF  srgba(98,19,106,1)
2,6: (25700,2827,10794,65535)  #640B2AFF  srgba(100,11,42,1)
3,6: (25957,2827,6425,65535)  #650B19FF  srgba(101,11,25,1)
4,6: (25957,5140,16962,65535)  #651442FF  srgba(101,20,66,1)
5,6: (26214,8481,17733,65535)  #662145FF  srgba(102,33,69,1)
6,6: (28013,4883,11308,65535)  #6D132CFF  srgba(109,19,44,1)
7,6: (28270,3084,15420,65535)  #6E0C3CFF  srgba(110,12,60,1)
8,6: (28270,27499,29298,65535)  #6E6B72FF  srgba(110,107,114,1)
9,6: (28527,4883,22616,65535)  #6F1358FF  srgba(111,19,88,1)
10,6: (28527,12593,48316,65535)  #6F31BCFF  srgba(111,49,188,1)
11,6: (29041,17990,37522,65535)  #714692FF  srgba(113,70,146,1)
12,6: (29298,9766,56026,65535)  #7226DAFF  srgba(114,38,218,1)
13,6: (29298,22873,28784,65535)  #725970FF  srgba(114,89,112,1)
14,6: (29812,1542,14135,65535)  #740637FF  srgba(116,6,55,1)
15,6: (30069,5654,25957,65535)  #751665FF  srgba(117,22,101,1)
0,7: (30069,16962,27499,65535)  #75426BFF  srgba(117,66,107,1)
1,7: (30326,5140,17733,65535)  #761445FF  srgba(118,20,69,1)
2,7: (30840,28527,31354,65535)  #786F7AFF  srgba(120,111,122,1)
3,7: (30840,31354,31097,65535)  #787A79FF  srgba(120,122,121,1)
4,7: (31097,10280,26985,65535)  #792869FF  srgba(121,40,105,1)
5,7: (31354,6425,29298,65535)  #7A1972FF  srgba(122,25,114,1)
6,7: (31611,13621,55512,65535)  #7B35D8FF  srgba(123,53,216,1)
7,7: (31868,30069,32125,65535)  #7C757DFF  srgba(124,117,125,1)
8,7: (32125,17476,39578,65535)  #7D449AFF  srgba(125,68,154,1)
9,7: (32639,16962,47802,65535)  #7F42BAFF  srgba(127,66,186,1)
10,7: (32639,23387,39064,65535)  #7F5B98FF  srgba(127,91,152,1)
11,7: (32639,29812,34438,65535)  #7F7486FF  srgba(127,116,134,1)
12,7: (32639,32382,32125,65535)  #7F7E7DFF  srgba(127,126,125,1)
13,7: (33153,27756,38293,65535)  #816C95FF  srgba(129,108,149,1)
14,7: (33667,28784,31354,65535)  #83707AFF  srgba(131,112,122,1)
15,7: (33924,6425,38550,65535)  #841996FF  srgba(132,25,150,1)
0,8: (34181,7453,51400,65535)  #851DC8FF  srgba(133,29,200,1)
1,8: (34438,3855,11051,65535)  #860F2BFF  srgba(134,15,43,1)
2,8: (34438,3855,16705,65535)  #860F41FF  srgba(134,15,65,1)
3,8: (34952,22102,44718,65535)  #8856AEFF  srgba(136,86,174,1)
4,8: (35209,4369,19532,65535)  #89114CFF  srgba(137,17,76,1)
5,8: (35466,14906,46260,65535)  #8A3AB4FF  srgba(138,58,180,1)
6,8: (36237,17476,26985,65535)  #8D4469FF  srgba(141,68,105,1)
7,8: (36237,20303,32896,65535)  #8D4F80FF  srgba(141,79,128,1)
8,8: (36494,12336,32896,65535)  #8E3080FF  srgba(142,48,128,1)
9,8: (37008,19532,17219,65535)  #904C43FF  srgba(144,76,67,1)
10,8: (37008,29555,39578,65535)  #90739AFF  srgba(144,115,154,1)
11,8: (37008,34952,37779,65535)  #908893FF  srgba(144,136,147,1)
12,8: (37265,10023,25443,65535)  #912763FF  srgba(145,39,99,1)
13,8: (37779,5397,22102,65535)  #931556FF  srgba(147,21,86,1)
14,8: (37779,6168,25186,65535)  #931862FF  srgba(147,24,98,1)
15,8: (37779,11051,16191,65535)  #932B3FFF  srgba(147,43,63,1)
0,9: (38036,6168,12593,65535)  #941831FF  srgba(148,24,49,1)
1,9: (38293,6168,17219,65535)  #951843FF  srgba(149,24,67,1)
2,9: (38550,6168,20046,65535)  #96184EFF  srgba(150,24,78,1)
3,9: (38550,10794,60909,65535)  #962AEDFF  srgba(150,42,237,1)
4,9: (39321,8224,13878,65535)  #992036FF  srgba(153,32,54,1)
5,9: (39321,13878,16191,65535)  #99363FFF  srgba(153,54,63,1)
6,9: (39578,17733,60138,65535)  #9A45EAFF  srgba(154,69,234,1)
7,9: (39835,4626,20303,65535)  #9B124FFF  srgba(155,18,79,1)
8,9: (39835,6682,29298,65535)  #9B1A72FF  srgba(155,26,114,1)
9,9: (39835,13364,45489,65535)  #9B34B1FF  srgba(155,52,177,1)
10,9: (40092,4112,15420,65535)  #9C103CFF  srgba(156,16,60,1)
11,9: (40092,7967,19532,65535)  #9C1F4CFF  srgba(156,31,76,1)
12,9: (41377,41377,41634,65535)  #A1A1A2FF  srgba(161,161,162,1)
13,9: (41891,29041,50372,65535)  #A371C4FF  srgba(163,113,196,1)
14,9: (42148,35466,47545,65535)  #A48AB9FF  srgba(164,138,185,1)
15,9: (42662,5654,22616,65535)  #A61658FF  srgba(166,22,88,1)
0,10: (43433,6425,25186,65535)  #A91962FF  srgba(169,25,98,1)
1,10: (43433,29298,42405,65535)  #A972A5FF  srgba(169,114,165,1)
2,10: (43690,21588,46003,65535)  #AA54B3FF  srgba(170,84,179,1)
3,10: (43947,28784,59110,65535)  #AB70E6FF  srgba(171,112,230,1)
4,10: (44204,42662,49601,65535)  #ACA6C1FF  srgba(172,166,193,1)
5,10: (44975,4626,18504,65535)  #AF1248FF  srgba(175,18,72,1)
6,10: (46517,13621,46260,65535)  #B535B4FF  srgba(181,53,180,1)
7,10: (47031,5911,19018,65535)  #B7174AFF  srgba(183,23,74,1)
8,10: (47545,5911,22359,65535)  #B91757FF  srgba(185,23,87,1)
9,10: (47545,6425,24158,65535)  #B9195EFF  srgba(185,25,94,1)
10,10: (47545,13364,24158,65535)  #B9345EFF  srgba(185,52,94,1)
11,10: (47802,8995,24415,65535)  #BA235FFF  srgba(186,35,95,1)
12,10: (48059,15163,30583,65535)  #BB3B77FF  srgba(187,59,119,1)
13,10: (48316,12850,62194,65535)  #BC32F2FF  srgba(188,50,242,1)
14,10: (48573,4883,19018,65535)  #BD134AFF  srgba(189,19,74,1)
15,10: (48573,21588,62194,65535)  #BD54F2FF  srgba(189,84,242,1)
0,11: (49344,6939,25443,65535)  #C01B63FF  srgba(192,27,99,1)
1,11: (49344,9509,29298,65535)  #C02572FF  srgba(192,37,114,1)
2,11: (49344,11051,16962,65535)  #C02B42FF  srgba(192,43,66,1)
3,11: (49344,39321,48830,65535)  #C099BEFF  srgba(192,153,190,1)
4,11: (49601,6939,26985,65535)  #C11B69FF  srgba(193,27,105,1)
5,11: (49601,6939,28527,65535)  #C11B6FFF  srgba(193,27,111,1)
6,11: (49601,7196,33153,65535)  #C11C81FF  srgba(193,28,129,1)
7,11: (50115,48059,49087,65535)  #C3BBBFFF  srgba(195,187,191,1)
8,11: (50372,6425,22616,65535)  #C41958FF  srgba(196,25,88,1)
9,11: (50372,38550,59881,65535)  #C496E9FF  srgba(196,150,233,1)
10,11: (50629,29041,54741,65535)  #C571D5FF  srgba(197,113,213,1)
11,11: (51143,6939,24158,65535)  #C71B5EFF  srgba(199,27,94,1)
12,11: (51400,28527,63993,65535)  #C86FF9FF  srgba(200,111,249,1)
13,11: (51400,48573,56540,65535)  #C8BDDCFF  srgba(200,189,220,1)
14,11: (51657,6425,19532,65535)  #C9194CFF  srgba(201,25,76,1)
15,11: (53199,8224,20303,65535)  #CF204FFF  srgba(207,32,79,1)
0,12: (54227,8224,15420,65535)  #D3203CFF  srgba(211,32,60,1)
1,12: (54227,18247,17219,65535)  #D34743FF  srgba(211,71,67,1)
2,12: (54484,6939,23901,65535)  #D41B5DFF  srgba(212,27,93,1)
3,12: (54741,13878,17476,65535)  #D53644FF  srgba(213,54,68,1)
4,12: (56797,7453,26728,65535)  #DD1D68FF  srgba(221,29,104,1)
5,12: (57311,8224,18761,65535)  #DF2049FF  srgba(223,32,73,1)
6,12: (57568,52942,57825,65535)  #E0CEE1FF  srgba(224,206,225,1)
7,12: (58082,14392,64250,65535)  #E238FAFF  srgba(226,56,250,1)
8,12: (58082,47802,57568,65535)  #E2BAE0FF  srgba(226,186,224,1)
9,12: (58339,53456,52685,65535)  #E3D0CDFF  srgba(227,208,205,1)
10,12: (58853,7710,29555,65535)  #E51E73FF  srgba(229,30,115,1)
11,12: (59367,36494,57825,65535)  #E78EE1FF  srgba(231,142,225,1)
12,12: (59624,7710,28527,65535)  #E81E6FFF  srgba(232,30,111,1)
13,12: (59881,30326,64764,65535)  #E976FCFF  srgba(233,118,252,1)
14,12: (60138,7967,31354,65535)  #EA1F7AFF  srgba(234,31,122,1)
15,12: (60138,14392,57311,65535)  #EA38DFFF  srgba(234,56,223,1)
0,13: (60138,36751,64764,65535)  #EA8FFCFF  srgba(234,143,252,1)
1,13: (60395,7453,24158,65535)  #EB1D5EFF  srgba(235,29,94,1)
2,13: (60395,9252,25957,65535)  #EB2465FF  srgba(235,36,101,1)
3,13: (60395,23387,61680,65535)  #EB5BF0FF  srgba(235,91,240,1)
4,13: (60395,33924,62194,65535)  #EB84F2FF  srgba(235,132,242,1)
5,13: (60395,45489,61937,65535)  #EBB1F1FF  srgba(235,177,241,1)
6,13: (60395,58853,58596,65535)  #EBE5E4FF  srgba(235,229,228,1)
7,13: (60652,7967,33667,65535)  #EC1F83FF  srgba(236,31,131,1)
8,13: (61166,8738,26728,65535)  #EE2268FF  srgba(238,34,104,1)
9,13: (61166,46003,51143,65535)  #EEB3C7FF  srgba(238,179,199,1)
10,13: (61166,53713,64764,65535)  #EED1FCFF  srgba(238,209,252,1)
11,13: (61166,55255,61937,65535)  #EED7F1FF  srgba(238,215,241,1)
12,13: (61423,31097,50115,65535)  #EF79C3FF  srgba(239,121,195,1)
13,13: (61423,39321,50629,65535)  #EF99C5FF  srgba(239,153,197,1)
14,13: (61423,44718,64764,65535)  #EFAEFCFF  srgba(239,174,252,1)
15,13: (61937,8224,37265,65535)  #F12091FF  srgba(241,32,145,1)
0,14: (61937,9766,30583,65535)  #F12677FF  srgba(241,38,119,1)
1,14: (61937,11308,24929,65535)  #F12C61FF  srgba(241,44,97,1)
2,14: (61937,12593,31097,65535)  #F13179FF  srgba(241,49,121,1)
3,14: (62194,7710,26985,65535)  #F21E69FF  srgba(242,30,105,1)
4,14: (62451,18247,25186,65535)  #F34762FF  srgba(243,71,98,1)
5,14: (62451,18504,31354,65535)  #F3487AFF  srgba(243,72,122,1)
6,14: (62708,13621,24672,65535)  #F43560FF  srgba(244,53,96,1)
7,14: (62708,61166,64507,65535)  #F4EEFBFF  srgba(244,238,251,1)
8,14: (62708,61937,62451,65535)  #F4F1F3FF  srgba(244,241,243,1)
9,14: (62965,8738,30583,65535)  #F52277FF  srgba(245,34,119,1)
10,14: (63222,11565,19018,65535)  #F62D4AFF  srgba(246,45,74,1)
11,14: (63222,18504,36751,65535)  #F6488FFF  srgba(246,72,143,1)
12,14: (63479,10280,37008,65535)  #F72890FF  srgba(247,40,144,1)
13,14: (63479,18247,44204,65535)  #F747ACFF  srgba(247,71,172,1)
14,14: (63736,33153,41377,65535)  #F881A1FF  srgba(248,129,161,1)
15,14: (63993,8224,29555,65535)  #F92073FF  srgba(249,32,115,1)
0,15: (63993,8738,36237,65535)  #F9228DFF  srgba(249,34,141,1)
1,15: (63993,9766,42662,65535)  #F926A6FF  srgba(249,38,166,1)
2,15: (63993,33667,32382,65535)  #F9837EFF  srgba(249,131,126,1)
3,15: (64507,7967,24158,65535)  #FB1F5EFF  srgba(251,31,94,1)
4,15: (64507,8481,20303,65535)  #FB214FFF  srgba(251,33,79,1)
5,15: (64507,8738,26214,65535)  #FB2266FF  srgba(251,34,102,1)
6,15: (64507,47031,40349,65535)  #FBB79DFF  srgba(251,183,157,1)
7,15: (64764,8224,28270,65535)  #FC206EFF  srgba(252,32,110,1)
8,15: (64764,14906,18761,65535)  #FC3A49FF  srgba(252,58,73,1)
9,15: (64764,53970,65021,65535)  #FCD2FDFF  srgba(252,210,253,1)
10,15: (64764,61166,64764,65535)  #FCEEFCFF  srgba(252,238,252,1)
11,15: (65021,8224,26985,65535)  #FD2069FF  srgba(253,32,105,1)
12,15: (65021,9252,25443,65535)  #FD2463FF  srgba(253,36,99,1)
13,15: (65278,8224,24415,65535)  #FE205FFF  srgba(254,32,95,1)
14,15: (65278,8738,25186,65535)  #FE2262FF  srgba(254,34,98,1)
15,15: (0,65535,0,0)  #00FF0000  srgba(0,255,0,0)
