# ImageMagick pixel enumeration: 16,16,65535,srgba
0,0: (0,0,0,65535)  #000000FF  black
1,0: (0,0,514,65535)  #000002FF  srgba(0,0,2,1)
2,0: (257,0,0,65535)  #010000FF  srgba(1,0,0,1)
3,0: (257,0,514,65535)  #010002FF  srgba(1,0,2,1)
4,0: (257,257,0,65535)  #010100FF  srgba(1,1,0,1)
5,0: (514,0,514,65535)  #020002FF  srgba(2,0,2,1)
6,0: (514,0,771,65535)  #020003FF  srgba(2,0,3,1)
7,0: (514,36237,8481,65535)  #028D21FF  srgba(2,141,33,1)
8,0: (771,25700,5911,65535)  #036417FF  srgba(3,100,23,1)
9,0: (1028,0,1799,65535)  #040007FF  srgba(4,0,7,1)
10,0: (1028,257,771,65535)  #040103FF  srgba(4,1,3,1)
11,0: (1028,5911,0,65535)  #041700FF  srgba(4,23,0,1)
12,0: (1028,48573,27756,65535)  #04BD6CFF  srgba(4,189,108,1)
13,0: (1028,61166,18761,65535)  #04EE49FF  srgba(4,238,73,1)
14,0: (1028,63736,14906,65535)  #04F83AFF  srgba(4,248,58,1)
15,0: (1028,63993,19532,65535)  #04F94CFF  srgba(4,249,76,1)
0,1: (1285,0,0,65535)  #050000FF  srgba(5,0,0,1)
1,1: (1285,771,0,65535)  #050300FF  srgba(5,3,0,1)
2,1: (1285,2056,1028,65535)  #050804FF  srgba(5,8,4,1)
3,1: (1285,52171,19018,65535)  #05CB4AFF  srgba(5,203,74,1)
4,1: (1285,58596,26214,65535)  #05E466FF  srgba(5,228,102,1)
5,1: (1542,59881,13621,65535)  #06E935FF  srgba(6,233,53,1)
6,1: (1799,771,4369,65535)  #070311FF  srgba(7,3,17,1)
7,1: (1799,1028,2056,65535)  #070408FF  srgba(7,4,8,1)
8,1: (1799,49601,11565,65535)  #07C12DFF  srgba(7,193,45,1)
9,1: (2056,5397,2313,65535)  #081509FF  srgba(8,21,9,1)
10,1: (2313,0,771,65535)  #090003FF  srgba(9,0,3,1)
11,1: (2827,11308,4883,65535)  #0B2C13FF  srgba(11,44,19,1)
12,1: (3341,3855,4626,65535)  #0D0F12FF  srgba(13,15,18,1)
13,1: (3598,2570,7967,65535)  #0E0A1FFF  srgba(14,10,31,1)
14,1: (4112,36494,21845,65535)  #108E55FF  srgba(16,142,85,1)
15,1: (4369,6682,12079,65535)  #111A2FFF  srgba(17,26,47,1)
0,2: (4369,7453,16962,65535)  #111D42FF  srgba(17,29,66,1)
1,2: (4626,6939,26728,65535)  #121B68FF  srgba(18,27,104,1)
2,2: (5140,9509,8224,65535)  #142520FF  srgba(20,37,32,1)
3,2: (7710,31354,33924,65535)  #1E7A84FF  srgba(30,122,132,1)
4,2: (8738,0,257,65535)  #220001FF  srgba(34,0,1,1)
5,2: (8995,0,5654,65535)  #230016FF  srgba(35,0,22,1)
6,2: (9766,0,0,65535)  #260000FF  srgba(38,0,0,1)
7,2: (9766,49858,23387,65535)  #26C25BFF  srgba(38,194,91,1)
8,2: (9766,62708,19018,65535)  #26F44AFF  srgba(38,244,74,1)
9,2: (10023,35980,10280,65535)  #278C28FF  srgba(39,140,40,1)
10,2: (10023,62708,30840,65535)  #27F478FF  srgba(39,244,120,1)
11,2: (10794,38807,35723,65535)  #2A978BFF  srgba(42,151,139,1)
12,2: (11051,5140,8738,65535)  #2B1422FF  srgba(43,20,34,1)
13,2: (11822,36237,41891,65535)  #2E8DA3FF  srgba(46,141,163,1)
14,2: (12336,25443,9252,65535)  #306324FF  srgba(48,99,36,1)
15,2: (12593,24929,22873,65535)  #316159FF  srgba(49,97,89,1)
0,3: (12850,12336,9766,65535)  #323026FF  srgba(50,48,38,1)
1,3: (13107,45746,36751,65535)  #33B28FFF  srgba(51,178,143,1)
2,3: (13364,257,771,65535)  #340103FF  srgba(52,1,3,1)
3,3: (13364,31354,34181,65535)  #347A85FF  srgba(52,122,133,1)
4,3: (13364,36494,51143,65535)  #348EC7FF  srgba(52,142,199,1)
5,3: (13364,37779,46003,65535)  #3493B3FF  srgba(52,147,179,1)
6,3: (13621,5654,16191,65535)  #35163FFF  srgba(53,22,63,1)
7,3: (13621,12850,15420,65535)  #35323CFF  srgba(53,50,60,1)
8,3: (14392,8481,2570,65535)  #38210AFF  srgba(56,33,10,1)
9,3: (14392,62708,14392,65535)  #38F438FF  srgba(56,244,56,1)
10,3: (14649,42919,48316,65535)  #39A7BCFF  srgba(57,167,188,1)
11,3: (14906,1799,1542,65535)  #3A0706FF  srgba(58,7,6,1)
12,3: (14906,3084,2313,65535)  #3A0C09FF  srgba(58,12,9,1)
13,3: (14906,34181,23644,65535)  #3A855CFF  srgba(58,133,92,1)
14,3: (14906,52171,11822,65535)  #3ACB2EFF  srgba(58,203,46,1)
15,3: (14906,53199,44204,65535)  #3ACFACFF  srgba(58,207,172,1)
0,4: (15163,45489,44204,65535)  #3BB1ACFF  srgba(59,177,172,1)
1,4: (15163,47545,44461,65535)  #3BB9ADFF  srgba(59,185,173,1)
2,4: (15677,42148,42405,65535)  #3DA4A5FF  srgba(61,164,165,1)
3,4: (15934,8738,25186,65535)  #3E2262FF  srgba(62,34,98,1)
4,4: (16191,17476,17990,65535)  #3F4446FF  srgba(63,68,70,1)
5,4: (16962,46003,51143,65535)  #42B3C7FF  srgba(66,179,199,1)
6,4: (17476,38807,35980,65535)  #44978CFF  srgba(68,151,140,1)
7,4: (17476,50115,51657,65535)  #44C3C9FF  srgba(68,195,201,1)
8,4: (17733,19789,23130,65535)  #454D5AFF  srgba(69,77,90,1)
9,4: (17733,36494,42148,65535)  #458EA4FF  srgba(69,142,164,1)
10,4: (17990,30840,33924,65535)  #467884FF  srgba(70,120,132,1)
11,4: (18504,38036,46517,65535)  #4894B5FF  srgba(72,148,181,1)
12,4: (18761,36237,52942,65535)  #498DCEFF  srgba(73,141,206,1)
13,4: (19018,42919,49087,65535)  #4AA7BFFF  srgba(74,167,191,1)
14,4: (19532,5654,36751,65535)  #4C168FFF  srgba(76,22,143,1)
15,4: (19532,23130,23130,65535)  #4C5A5AFF  srgba(76,90,90,1)
0,5: (20560,45746,44718,65535)  #50B2AEFF  srgba(80,178,174,1)
1,5: (20817,50629,44975,65535)  #51C5AFFF  srgba(81,197,175,1)
2,5: (21331,13364,51400,65535)  #5334C8FF  srgba(83,52,200,1)
3,5: (21588,46260,51914,65535)  #54B4CAFF  srgba(84,180,202,1)
4,5: (21588,51143,52685,65535)  #54C7CDFF  srgba(84,199,205,1)
5,5: (22359,5654,7453,65535)  #57161DFF  srgba(87,22,29,1)
6,5: (22359,42148,43690,65535)  #57A4AAFF  srgba(87,164,170,1)
7,5: (22616,15420,36237,65535)  #583C8DFF  srgba(88,60,141,1)
8,5: (23130,45232,38293,65535)  #5AB095FF  srgba(90,176,149,1)
9,5: (23387,37265,35723,65535)  #5B918BFF  srgba(91,145,139,1)
10,5: (23644,45489,31097,65535)  #5CB179FF  srgba(92,177,121,1)
11,5: (23644,58082,35466,65535)  #5CE28AFF  srgba(92,226,138,1)
12,5: (24158,29041,33153,65535)  #5E7181FF  srgba(94,113,129,1)
13,5: (24672,1542,1542,65535)  #600606FF  srgba(96,6,6,1)
14,5: (24672,59881,23901,65535)  #60E95DFF  srgba(96,233,93,1)
15,5: (24929,62965,14392,65535)  #61F538FF  srgba(97,245,56,1)
0,6: (25186,23644,20560,65535)  #625C50FF  srgba(98,92,80,1)
1,6: (25186,23644,24672,65535)  #625C60FF  srgba(98,92,96,1)
2,6: (25186,52171,11822,65535)  #62CB2EFF  srgba(98,203,46,1)
3,6: (25443,12336,15934,65535)  #63303EFF  srgba(99,48,62,1)
4,6: (25443,42405,48830,65535)  #63A5BEFF  srgba(99,165,190,1)
5,6: (25957,13621,8995,65535)  #653523FF  srgba(101,53,35,1)
6,6: (25957,37779,49344,65535)  #6593C0FF  srgba(101,147,192,1)
7,6: (26214,3341,2827,65535)  #660D0BFF  srgba(102,13,11,1)
8,6: (26214,28013,25700,65535)  #666D64FF  srgba(102,109,100,1)
9,6: (26214,42405,55512,65535)  #66A5D8FF  srgba(102,165,216,1)
10,6: (26214,61937,17476,65535)  #66F144FF  srgba(102,241,68,1)
11,6: (26471,7967,2827,65535)  #671F0BFF  srgba(103,31,11,1)
12,6: (26728,33153,42405,65535)  #6881A5FF  srgba(104,129,165,1)
13,6: (26985,28527,53970,65535)  #696FD2FF  srgba(105,111,210,1)
14,6: (26985,38036,42919,65535)  #6994A7FF  srgba(105,148,167,1)
15,6: (27242,37265,58853,65535)  #6A91E5FF  srgba(106,145,229,1)
0,7: (27242,46260,44204,65535)  #6AB4ACFF  srgba(106,180,172,1)
1,7: (27242,46517,49344,65535)  #6AB5C0FF  srgba(106,181,192,1)
2,7: (27242,47802,52685,65535)  #6ABACDFF  srgba(106,186,205,1)
3,7: (27242,49858,47288,65535)  #6AC2B8FF  srgba(106,194,184,1)
4,7: (27499,52428,47545,65535)  #6BCCB9FF  srgba(107,204,185,1)
5,7: (27756,24158,10794,65535)  #6C5E2AFF  srgba(108,94,42,1)
6,7: (27756,47802,57825,65535)  #6CBAE1FF  srgba(108,186,225,1)
7,7: (28013,51914,55769,65535)  #6DCAD9FF  srgba(109,202,217,1)
8,7: (28270,18761,25443,65535)  #6E4963FF  srgba(110,73,99,1)
9,7: (28270,58082,47031,65535)  #6EE2B7FF  srgba(110,226,183,1)
10,7: (28527,35466,9252,65535)  #6F8A24FF  srgba(111,138,36,1)
11,7: (28784,41891,43433,65535)  #70A3A9FF  srgba(112,163,169,1)
12,7: (29298,28270,62194,65535)  #726EF2FF  srgba(114,110,242,1)
13,7: (29298,56540,56540,65535)  #72DCDCFF  srgba(114,220,220,1)
14,7: (29555,10023,26214,65535)  #732766FF  srgba(115,39,102,1)
15,7: (29555,19018,16705,65535)  #734A41FF  srgba(115,74,65,1)
0,8: (29812,28270,32639,65535)  #746E7FFF  srgba(116,110,127,1)
1,8: (30069,36494,36494,65535)  #758E8EFF  srgba(117,142,142,1)
2,8: (30326,13621,52685,65535)  #7635CDFF  srgba(118,53,205,1)
3,8: (31354,58853,13364,65535)  #7AE534FF  srgba(122,229,52,1)
4,8: (31611,48830,11051,65535)  #7BBE2BFF  srgba(123,190,43,1)
5,8: (31611,63736,14649,65535)  #7BF839FF  srgba(123,248,57,1)
6,8: (32896,12850,37522,65535)  #803292FF  srgba(128,50,146,1)
7,8: (33924,12850,15420,65535)  #84323CFF  srgba(132,50,60,1)
8,8: (34181,14906,9252,65535)  #853A24FF  srgba(133,58,36,1)
9,8: (34695,3341,2827,65535)  #870D0BFF  srgba(135,13,11,1)
10,8: (34695,7710,7196,65535)  #871E1CFF  srgba(135,30,28,1)
11,8: (35723,13621,54484,65535)  #8B35D4FF  srgba(139,53,212,1)
12,8: (37008,62965,16191,65535)  #90F53FFF  srgba(144,245,63,1)
13,8: (37522,54484,12079,65535)  #92D42FFF  srgba(146,212,47,1)
14,8: (37779,11565,2827,65535)  #932D0BFF  srgba(147,45,11,1)
15,8: (38036,48316,56797,65535)  #94BCDDFF  srgba(148,188,221,1)
0,9: (38293,37265,40092,65535)  #95919CFF  srgba(149,145,156,1)
1,9: (38293,44718,10280,65535)  #95AE28FF  srgba(149,174,40,1)
2,9: (38293,53713,16448,65535)  #95D140FF  srgba(149,209,64,1)
3,9: (38807,45232,50629,65535)  #97B0C5FF  srgba(151,176,197,1)
4,9: (38807,54484,51400,65535)  #97D4C8FF  srgba(151,212,200,1)
5,9: (38807,57311,57311,65535)  #97DFDFFF  srgba(151,223,223,1)
6,9: (39064,42405,43433,65535)  #98A5A9FF  srgba(152,165,169,1)
7,9: (39064,46774,43690,65535)  #98B6AAFF  srgba(152,182,170,1)
8,9: (39064,55769,41120,65535)  #98D9A0FF  srgba(152,217,160,1)
9,9: (39578,5654,4112,65535)  #9A1610FF  srgba(154,22,16,1)
10,9: (39835,27499,36751,65535)  #9B6B8FFF  srgba(155,107,143,1)
11,9: (40349,35723,7196,65535)  #9D8B1CFF  srgba(157,139,28,1)
12,9: (40606,4883,4112,65535)  #9E1310FF  srgba(158,19,16,1)
13,9: (40863,3598,3341,65535)  #9F0E0DFF  srgba(159,14,13,1)
14,9: (41120,33667,63993,65535)  #A083F9FF  srgba(160,131,249,1)
15,9: (42148,24929,19532,65535)  #A4614CFF  srgba(164,97,76,1)
0,10: (42148,25443,5397,65535)  #A46315FF  srgba(164,99,21,1)
1,10: (42405,25700,56283,65535)  #A564DBFF  srgba(165,100,219,1)
2,10: (42405,35723,54484,65535)  #A58BD4FF  srgba(165,139,212,1)
3,10: (42662,36237,13878,65535)  #A68D36FF  srgba(166,141,54,1)
4,10: (42662,44975,63479,65535)  #A6AFF7FF  srgba(166,175,247,1)
5,10: (43947,58082,63479,65535)  #ABE2F7FF  srgba(171,226,247,1)
6,10: (44461,25443,63479,65535)  #AD63F7FF  srgba(173,99,247,1)
7,10: (45232,16448,61937,65535)  #B040F1FF  srgba(176,64,241,1)
8,10: (45489,25700,10280,65535)  #B16428FF  srgba(177,100,40,1)
9,10: (46003,7967,29555,65535)  #B31F73FF  srgba(179,31,115,1)
10,10: (46003,14392,16191,65535)  #B3383FFF  srgba(179,56,63,1)
11,10: (46260,4626,3855,65535)  #B4120FFF  srgba(180,18,15,1)
12,10: (46774,15420,7967,65535)  #B63C1FFF  srgba(182,60,31,1)
13,10: (47288,5654,5911,65535)  #B81617FF  srgba(184,22,23,1)
14,10: (47288,7967,4112,65535)  #B81F10FF  srgba(184,31,16,1)
15,10: (47288,16448,29041,65535)  #B84071FF  srgba(184,64,113,1)
0,11: (47545,8224,43433,65535)  #B920A9FF  srgba(185,32,169,1)
1,11: (47545,15163,43947,65535)  #B93BABFF  srgba(185,59,171,1)
2,11: (47802,5654,4369,65535)  #BA1611FF  srgba(186,22,17,1)
3,11: (47802,8738,53456,65535)  #BA22D0FF  srgba(186,34,208,1)
4,11: (47802,14906,54227,65535)  #BA3AD3FF  srgba(186,58,211,1)
5,11: (47802,47802,57825,65535)  #BABAE1FF  srgba(186,186,225,1)
6,11: (47802,50629,12593,65535)  #BAC531FF  srgba(186,197,49,1)
7,11: (47802,57825,58339,65535)  #BAE1E3FF  srgba(186,225,227,1)
8,11: (48316,7710,6682,65535)  #BC1E1AFF  srgba(188,30,26,1)
9,11: (49344,33924,63736,65535)  #C084F8FF  srgba(192,132,248,1)
10,11: (49858,46003,17990,65535)  #C2B346FF  srgba(194,179,70,1)
11,11: (49858,56797,18504,65535)  #C2DD48FF  srgba(194,221,72,1)
12,11: (49858,58596,63736,65535)  #C2E4F8FF  srgba(194,228,248,1)
13,11: (50115,34438,7967,65535)  #C3861FFF  srgba(195,134,31,1)
14,11: (50115,43176,11565,65535)  #C3A82DFF  srgba(195,168,45,1)
15,11: (50372,25186,6168,65535)  #C46218FF  srgba(196,98,24,1)
0,12: (50886,45489,63479,65535)  #C6B1F7FF  srgba(198,177,247,1)
1,12: (51143,5397,4369,65535)  #C71511FF  srgba(199,21,17,1)
2,12: (51143,7710,4369,65535)  #C71E11FF  srgba(199,30,17,1)
3,12: (51143,10280,62194,65535)  #C728F2FF  srgba(199,40,242,1)
4,12: (52171,35723,13878,65535)  #CB8B36FF  srgba(203,139,54,1)
5,12: (52685,57311,63993,65535)  #CDDFF9FF  srgba(205,223,249,1)
6,12: (53199,7196,6168,65535)  #CF1C18FF  srgba(207,28,24,1)
7,12: (54484,45746,63993,65535)  #D4B2F9FF  srgba(212,178,249,1)
8,12: (54998,7196,4626,65535)  #D61C12FF  srgba(214,28,18,1)
9,12: (54998,28784,55255,65535)  #D670D7FF  srgba(214,112,215,1)
10,12: (54998,54741,64250,65535)  #D6D5FAFF  srgba(214,213,250,1)
11,12: (55255,15420,62451,65535)  #D73CF3FF  srgba(215,60,243,1)
12,12: (55255,35466,38293,65535)  #D78A95FF  srgba(215,138,149,1)
13,12: (55255,59367,64507,65535)  #D7E7FBFF  srgba(215,231,251,1)
14,12: (55769,26214,37265,65535)  #D96691FF  srgba(217,102,145,1)
15,12: (55769,28270,63993,65535)  #D96EF9FF  srgba(217,110,249,1)
0,13: (55769,37522,55255,65535)  #D992D7FF  srgba(217,146,215,1)
1,13: (56283,25957,12336,65535)  #DB6530FF  srgba(219,101,48,1)
2,13: (56540,24415,6682,65535)  #DC5F1AFF  srgba(220,95,26,1)
3,13: (56540,36751,63736,65535)  #DC8FF8FF  srgba(220,143,248,1)
4,13: (57311,51914,51143,65535)  #DFCAC7FF  srgba(223,202,199,1)
5,13: (57568,54741,39321,65535)  #E0D599FF  srgba(224,213,153,1)
6,13: (57568,56540,57825,65535)  #E0DCE1FF  srgba(224,220,225,1)
7,13: (58082,55255,64507,65535)  #E2D7FBFF  srgba(226,215,251,1)
8,13: (58339,9252,6939,65535)  #E3241BFF  srgba(227,36,27,1)
9,13: (58339,60138,64764,65535)  #E3EAFCFF  srgba(227,234,252,1)
10,13: (58596,14135,7453,65535)  #E4371DFF  srgba(228,55,29,1)
11,13: (58596,42662,44204,65535)  #E4A6ACFF  srgba(228,166,172,1)
12,13: (58596,43433,63993,65535)  #E4A9F9FF  srgba(228,169,249,1)
13,13: (58853,15163,4369,65535)  #E53B11FF  srgba(229,59,17,1)
14,13: (58853,43176,50629,65535)  #E5A8C5FF  srgba(229,168,197,1)
15,13: (59110,18504,7453,65535)  #E6481DFF  srgba(230,72,29,1)
0,14: (59367,47288,39835,65535)  #E7B89BFF  srgba(231,184,155,1)
1,14: (59881,42662,34952,65535)  #E9A688FF  srgba(233,166,136,1)
2,14: (59881,50115,57568,65535)  #E9C3E0FF  srgba(233,195,224,1)
3,14: (61166,33410,9766,65535)  #EE8226FF  srgba(238,130,38,1)
4,14: (61166,43433,57825,65535)  #EEA9E1FF  srgba(238,169,225,1)
5,14: (61680,34952,13364,65535)  #F08834FF  srgba(240,136,52,1)
6,14: (61937,14906,18247,65535)  #F13A47FF  srgba(241,58,71,1)
7,14: (61937,43176,64250,65535)  #F1A8FAFF  srgba(241,168,250,1)
8,14: (62194,11051,62708,65535)  #F22BF4FF  srgba(242,43,244,1)
9,14: (62194,35723,20303,65535)  #F28B4FFF  srgba(242,139,79,1)
10,14: (62194,44718,20046,65535)  #F2AE4EFF  srgba(242,174,78,1)
11,14: (62451,15420,31354,65535)  #F33C7AFF  srgba(243,60,122,1)
12,14: (62451,15934,63222,65535)  #F33EF6FF  srgba(243,62,246,1)
13,14: (62451,47802,64507,65535)  #F3BAFBFF  srgba(243,186,251,1)
14,14: (62708,12850,53713,65535)  #F432D1FF  srgba(244,50,209,1)
15,14: (62708,14392,43433,65535)  #F438A9FF  srgba(244,56,169,1)
0,15: (62708,38550,64250,65535)  #F496FAFF  srgba(244,150,250,1)
1,15: (62965,24929,7710,65535)  #F5611EFF  srgba(245,97,30,1)
2,15: (62965,29041,64250,65535)  #F571FAFF  srgba(245,113,250,1)
3,15: (63222,53199,64507,65535)  #F6CFFBFF  srgba(246,207,251,1)
4,15: (63736,25700,18504,65535)  #F86448FF  srgba(248,100,72,1)
5,15: (63736,25957,9766,65535)  #F86526FF  srgba(248,101,38,1)
6,15: (63736,26214,11308,65535)  #F8662CFF  srgba(248,102,44,1)
7,15: (63993,18247,7710,65535)  #F9471EFF  srgba(249,71,30,1)
8,15: (63993,33667,35980,65535)  #F9838CFF  srgba(249,131,140,1)
9,15: (64250,24929,38807,65535)  #FA6197FF  srgba(250,97,151,1)
10,15: (64250,29555,51657,65535)  #FA73C9FF  srgba(250,115,201,1)
11,15: (64250,32639,44461,65535)  #FA7FADFF  srgba(250,127,173,1)
12,15: (64250,37265,53456,65535)  #FA91D0FF  srgba(250,145,208,1)
13,15: (64250,63479,65021,65535)  #FAF7FDFF  srgba(250,247,253,1)
14,15: (64507,13878,7196,65535)  #FB361CFF  srgba(251,54,28,1)
15,15: (0,65535,0,0)  #00FF0000  srgba(0,255,0,0)
