# ImageMagick pixel enumeration: 16,16,65535,srgba
0,0: (0,0,2313,65535)  #000009FF  srgba(0,0,9,1)
1,0: (0,0,4369,65535)  #000011FF  srgba(0,0,17,1)
2,0: (0,0,5654,65535)  #000016FF  srgba(0,0,22,1)
3,0: (0,0,7196,65535)  #00001CFF  srgba(0,0,28,1)
4,0: (0,0,10537,65535)  #000029FF  srgba(0,0,41,1)
5,0: (0,514,6425,65535)  #000219FF  srgba(0,2,25,1)
6,0: (0,514,11822,65535)  #00022EFF  srgba(0,2,46,1)
7,0: (0,771,8224,65535)  #000320FF  srgba(0,3,32,1)
8,0: (0,1799,8224,65535)  #000720FF  srgba(0,7,32,1)
9,0: (0,1799,12336,65535)  #000730FF  srgba(0,7,48,1)
10,0: (0,2313,17219,65535)  #000943FF  srgba(0,9,67,1)
11,0: (0,2827,22102,65535)  #000B56FF  srgba(0,11,86,1)
12,0: (0,3084,9509,65535)  #000C25FF  srgba(0,12,37,1)
13,0: (0,3598,14135,65535)  #000E37FF  srgba(0,14,55,1)
14,0: (0,6168,19532,65535)  #00184CFF  srgba(0,24,76,1)
15,0: (0,6939,25443,65535)  #001B63FF  srgba(0,27,99,1)
0,1: (0,7710,29555,65535)  #001E73FF  srgba(0,30,115,1)
1,1: (0,8995,35209,65535)  #002389FF  srgba(0,35,137,1)
2,1: (0,12336,35466,65535)  #00308AFF  srgba(0,48,138,1)
3,1: (0,12593,43176,65535)  #0031A8FF  srgba(0,49,168,1)
4,1: (0,13364,39321,65535)  #003499FF  srgba(0,52,153,1)
5,1: (0,13878,43690,65535)  #0036AAFF  srgba(0,54,170,1)
6,1: (0,14135,46517,65535)  #0037B5FF  srgba(0,55,181,1)
7,1: (0,14135,46517,65535)  #0037B5FF  srgba(0,55,181,1)
8,1: (0,14135,47288,65535)  #0037B8FF  srgba(0,55,184,1)
9,1: (0,14649,47545,65535)  #0039B9FF  srgba(0,57,185,1)
10,1: (0,14906,43690,65535)  #003AAAFF  srgba(0,58,170,1)
11,1: (0,14906,48316,65535)  #003ABCFF  srgba(0,58,188,1)
12,1: (0,16448,44718,65535)  #0040AEFF  srgba(0,64,174,1)
13,1: (0,16705,47545,65535)  #0041B9FF  srgba(0,65,185,1)
14,1: (257,0,2056,65535)  #010008FF  srgba(1,0,8,1)
15,1: (257,0,2827,65535)  #01000BFF  srgba(1,0,11,1)
0,2: (257,0,3341,65535)  #01000DFF  srgba(1,0,13,1)
1,2: (257,14392,47031,65535)  #0138B7FF  srgba(1,56,183,1)
2,2: (257,14392,47288,65535)  #0138B8FF  srgba(1,56,184,1)
3,2: (257,17733,49087,65535)  #0145BFFF  srgba(1,69,191,1)
4,2: (514,257,3341,65535)  #02010DFF  srgba(2,1,13,1)
5,2: (514,771,3855,65535)  #02030FFF  srgba(2,3,15,1)
6,2: (514,14649,47288,65535)  #0239B8FF  srgba(2,57,184,1)
7,2: (514,16962,47545,65535)  #0242B9FF  srgba(2,66,185,1)
8,2: (771,1028,7453,65535)  #03041DFF  srgba(3,4,29,1)
9,2: (771,1285,10794,65535)  #03052AFF  srgba(3,5,42,1)
10,2: (1028,1028,5654,65535)  #040416FF  srgba(4,4,22,1)
11,2: (1028,3341,11308,65535)  #040D2CFF  srgba(4,13,44,1)
12,2: (1028,16705,43947,65535)  #0441ABFF  srgba(4,65,171,1)
13,2: (1285,3084,6939,65535)  #050C1BFF  srgba(5,12,27,1)
14,2: (1542,0,257,65535)  #060001FF  srgba(6,0,1,1)
15,2: (1542,5654,13878,65535)  #061636FF  srgba(6,22,54,1)
0,3: (1542,7453,27242,65535)  #061D6AFF  srgba(6,29,106,1)
1,3: (1542,12079,38293,65535)  #062F95FF  srgba(6,47,149,1)
2,3: (1799,5140,9509,65535)  #071425FF  srgba(7,20,37,1)
3,3: (1799,13878,38807,65535)  #073697FF  srgba(7,54,151,1)
4,3: (2056,0,0,65535)  #080000FF  srgba(8,0,0,1)
5,3: (2056,5654,18504,65535)  #081648FF  srgba(8,22,72,1)
6,3: (2056,10280,28013,65535)  #08286DFF  srgba(8,40,109,1)
7,3: (2056,15163,40092,65535)  #083B9CFF  srgba(8,59,156,1)
8,3: (2313,12593,31354,65535)  #09317AFF  srgba(9,49,122,1)
9,3: (2570,0,0,65535)  #0A0000FF  srgba(10,0,0,1)
10,3: (2827,20046,49601,65535)  #0B4EC1FF  srgba(11,78,193,1)
11,3: (3084,0,0,65535)  #0C0000FF  srgba(12,0,0,1)
12,3: (3084,18504,44204,65535)  #0C48ACFF  srgba(12,72,172,1)
13,3: (3341,8224,19018,65535)  #0D204AFF  srgba(13,32,74,1)
14,3: (3341,17219,42919,65535)  #0D43A7FF  srgba(13,67,167,1)
15,3: (3341,19532,47545,65535)  #0D4CB9FF  srgba(13,76,185,1)
0,4: (3598,21331,51657,65535)  #0E53C9FF  srgba(14,83,201,1)
1,4: (3855,0,0,65535)  #0F0000FF  srgba(15,0,0,1)
2,4: (3855,0,514,65535)  #0F0002FF  srgba(15,0,2,1)
3,4: (3855,3855,7453,65535)  #0F0F1DFF  srgba(15,15,29,1)
4,4: (3855,5140,10794,65535)  #0F142AFF  srgba(15,20,42,1)
5,4: (4112,771,771,65535)  #100303FF  srgba(16,3,3,1)
6,4: (4112,16962,38293,65535)  #104295FF  srgba(16,66,149,1)
7,4: (4369,6939,11308,65535)  #111B2CFF  srgba(17,27,44,1)
8,4: (4369,7967,14392,65535)  #111F38FF  srgba(17,31,56,1)
9,4: (4626,19789,44975,65535)  #124DAFFF  srgba(18,77,175,1)
10,4: (5140,10794,22102,65535)  #142A56FF  srgba(20,42,86,1)
11,4: (5397,10280,18504,65535)  #152848FF  srgba(21,40,72,1)
12,4: (5397,13621,33924,65535)  #153584FF  srgba(21,53,132,1)
13,4: (6168,12593,25443,65535)  #183163FF  srgba(24,49,99,1)
14,4: (6168,15420,35466,65535)  #183C8AFF  srgba(24,60,138,1)
15,4: (6425,22873,49601,65535)  #1959C1FF  srgba(25,89,193,1)
0,5: (6682,23387,51914,65535)  #1A5BCAFF  srgba(26,91,202,1)
1,5: (7196,6939,10794,65535)  #1C1B2AFF  srgba(28,27,42,1)
2,5: (7196,13878,29041,65535)  #1C3671FF  srgba(28,54,113,1)
3,5: (7710,257,0,65535)  #1E0100FF  srgba(30,1,0,1)
4,5: (7710,17990,37522,65535)  #1E4692FF  srgba(30,70,146,1)
5,5: (7710,20046,43176,65535)  #1E4EA8FF  srgba(30,78,168,1)
6,5: (7710,22616,47545,65535)  #1E58B9FF  srgba(30,88,185,1)
7,5: (7967,9509,14135,65535)  #1F2537FF  srgba(31,37,55,1)
8,5: (8481,11051,18761,65535)  #212B49FF  srgba(33,43,73,1)
9,5: (8481,21845,44975,65535)  #2155AFFF  srgba(33,85,175,1)
10,5: (8481,25443,53713,65535)  #2163D1FF  srgba(33,99,209,1)
11,5: (8995,13364,20817,65535)  #233451FF  srgba(35,52,81,1)
12,5: (9252,25186,51400,65535)  #2462C8FF  srgba(36,98,200,1)
13,5: (9766,2313,257,65535)  #260901FF  srgba(38,9,1,1)
14,5: (9766,17476,30840,65535)  #264478FF  srgba(38,68,120,1)
15,5: (9766,24158,49344,65535)  #265EC0FF  srgba(38,94,192,1)
0,6: (10280,14649,25443,65535)  #283963FF  srgba(40,57,99,1)
1,6: (10280,23644,47545,65535)  #285CB9FF  srgba(40,92,185,1)
2,6: (10794,22359,44204,65535)  #2A57ACFF  srgba(42,87,172,1)
3,6: (11051,4112,1028,65535)  #2B1004FF  srgba(43,16,4,1)
4,6: (11051,18761,35980,65535)  #2B498CFF  srgba(43,73,140,1)
5,6: (11308,257,0,65535)  #2C0100FF  srgba(44,1,0,1)
6,6: (11565,13364,19789,65535)  #2D344DFF  srgba(45,52,77,1)
7,6: (11565,27756,54741,65535)  #2D6CD5FF  srgba(45,108,213,1)
8,6: (11822,9252,10537,65535)  #2E2429FF  srgba(46,36,41,1)
9,6: (12079,17476,27242,65535)  #2F446AFF  srgba(47,68,106,1)
10,6: (12079,24672,47545,65535)  #2F60B9FF  srgba(47,96,185,1)
11,6: (12079,25443,49858,65535)  #2F63C2FF  srgba(47,99,194,1)
12,6: (12079,25700,51143,65535)  #2F64C7FF  srgba(47,100,199,1)
13,6: (12336,23901,44975,65535)  #305DAFFF  srgba(48,93,175,1)
14,6: (12593,21331,37779,65535)  #315393FF  srgba(49,83,147,1)
15,6: (12850,12079,13364,65535)  #322F34FF  srgba(50,47,52,1)
0,7: (12850,25443,49087,65535)  #3263BFFF  srgba(50,99,191,1)
1,7: (13107,6425,1542,65535)  #331906FF  srgba(51,25,6,1)
2,7: (13107,18761,30583,65535)  #334977FF  srgba(51,73,119,1)
3,7: (13107,26985,51657,65535)  #3369C9FF  srgba(51,105,201,1)
4,7: (13621,22616,42919,65535)  #3558A7FF  srgba(53,88,167,1)
5,7: (13878,25443,47545,65535)  #3663B9FF  srgba(54,99,185,1)
6,7: (14135,14392,19532,65535)  #37384CFF  srgba(55,56,76,1)
7,7: (14135,26728,49858,65535)  #3768C2FF  srgba(55,104,194,1)
8,7: (14649,514,0,65535)  #390200FF  srgba(57,2,0,1)
9,7: (14906,2313,257,65535)  #3A0901FF  srgba(58,9,1,1)
10,7: (14906,17990,24415,65535)  #3A465FFF  srgba(58,70,95,1)
11,7: (14906,26728,49087,65535)  #3A68BFFF  srgba(58,104,191,1)
12,7: (14906,27756,50886,65535)  #3A6CC6FF  srgba(58,108,198,1)
13,7: (15163,17476,22616,65535)  #3B4458FF  srgba(59,68,88,1)
14,7: (15163,28527,52171,65535)  #3B6FCBFF  srgba(59,111,203,1)
15,7: (15420,4112,257,65535)  #3C1001FF  srgba(60,16,1,1)
0,8: (15420,25443,44718,65535)  #3C63AEFF  srgba(60,99,174,1)
1,8: (15420,27499,49087,65535)  #3C6BBFFF  srgba(60,107,191,1)
2,8: (15677,17219,20046,65535)  #3D434EFF  srgba(61,67,78,1)
3,8: (15677,19789,30583,65535)  #3D4D77FF  srgba(61,77,119,1)
4,8: (15677,26471,47802,65535)  #3D67BAFF  srgba(61,103,186,1)
5,8: (15677,27756,49858,65535)  #3D6CC2FF  srgba(61,108,194,1)
6,8: (15677,29298,54484,65535)  #3D72D4FF  srgba(61,114,212,1)
7,8: (15934,22102,37522,65535)  #3E5692FF  srgba(62,86,146,1)
8,8: (15934,24158,43433,65535)  #3E5EA9FF  srgba(62,94,169,1)
9,8: (15934,27499,48059,65535)  #3E6BBBFF  srgba(62,107,187,1)
10,8: (16448,7196,1028,65535)  #401C04FF  srgba(64,28,4,1)
11,8: (16448,19532,26985,65535)  #404C69FF  srgba(64,76,105,1)
12,8: (16448,21588,34181,65535)  #405485FF  srgba(64,84,133,1)
13,8: (16962,22102,31354,65535)  #42567AFF  srgba(66,86,122,1)
14,8: (16962,24415,39578,65535)  #425F9AFF  srgba(66,95,154,1)
15,8: (16962,28013,49087,65535)  #426DBFFF  srgba(66,109,191,1)
0,9: (17219,28784,50886,65535)  #4370C6FF  srgba(67,112,198,1)
1,9: (17476,23901,36237,65535)  #445D8DFF  srgba(68,93,141,1)
2,9: (17733,28527,49858,65535)  #456FC2FF  srgba(69,111,194,1)
3,9: (17990,26471,44204,65535)  #4667ACFF  srgba(70,103,172,1)
4,9: (18247,28270,48059,65535)  #476EBBFF  srgba(71,110,187,1)
5,9: (18247,28527,49087,65535)  #476FBFFF  srgba(71,111,191,1)
6,9: (18761,13107,9252,65535)  #493324FF  srgba(73,51,36,1)
7,9: (19018,2827,257,65535)  #4A0B01FF  srgba(74,11,1,1)
8,9: (19275,29041,49601,65535)  #4B71C1FF  srgba(75,113,193,1)
9,9: (19532,28527,47802,65535)  #4C6FBAFF  srgba(76,111,186,1)
10,9: (19789,24158,37265,65535)  #4D5E91FF  srgba(77,94,145,1)
11,9: (20046,10794,1799,65535)  #4E2A07FF  srgba(78,42,7,1)
12,9: (20046,21074,27499,65535)  #4E526BFF  srgba(78,82,107,1)
13,9: (20046,26471,43176,65535)  #4E67A8FF  srgba(78,103,168,1)
14,9: (20303,29298,48059,65535)  #4F72BBFF  srgba(79,114,187,1)
15,9: (20560,5397,257,65535)  #501501FF  srgba(80,21,1,1)
0,10: (20560,23901,33410,65535)  #505D82FF  srgba(80,93,130,1)
1,10: (20560,30326,49858,65535)  #5076C2FF  srgba(80,118,194,1)
2,10: (20817,7967,514,65535)  #511F02FF  srgba(81,31,2,1)
3,10: (20817,27756,44204,65535)  #516CACFF  srgba(81,108,172,1)
4,10: (21074,26728,39835,65535)  #52689BFF  srgba(82,104,155,1)
5,10: (21331,23387,29812,65535)  #535B74FF  srgba(83,91,116,1)
6,10: (21331,26214,37779,65535)  #536693FF  srgba(83,102,147,1)
7,10: (21331,28527,44461,65535)  #536FADFF  srgba(83,111,173,1)
8,10: (21588,20303,21331,65535)  #544F53FF  srgba(84,79,83,1)
9,10: (21588,25957,34952,65535)  #546588FF  srgba(84,101,136,1)
10,10: (21588,30069,48059,65535)  #5475BBFF  srgba(84,117,187,1)
11,10: (21845,29555,45232,65535)  #5573B0FF  srgba(85,115,176,1)
12,10: (21845,31611,50886,65535)  #557BC6FF  srgba(85,123,198,1)
13,10: (21845,31868,51914,65535)  #557CCAFF  srgba(85,124,202,1)
14,10: (21845,32896,53970,65535)  #5580D2FF  srgba(85,128,210,1)
15,10: (22359,18761,15163,65535)  #57493BFF  srgba(87,73,59,1)
0,11: (22873,11565,1799,65535)  #592D07FF  srgba(89,45,7,1)
1,11: (22873,31611,48573,65535)  #597BBDFF  srgba(89,123,189,1)
2,11: (23130,32125,49858,65535)  #5A7DC2FF  srgba(90,125,194,1)
3,11: (23901,14392,7453,65535)  #5D381DFF  srgba(93,56,29,1)
4,11: (23901,28270,43176,65535)  #5D6EA8FF  srgba(93,110,168,1)
5,11: (24158,24158,29812,65535)  #5E5E74FF  srgba(94,94,116,1)
6,11: (24158,26471,36494,65535)  #5E678EFF  srgba(94,103,142,1)
7,11: (24158,29812,43690,65535)  #5E74AAFF  srgba(94,116,170,1)
8,11: (24672,25957,31868,65535)  #60657CFF  srgba(96,101,124,1)
9,11: (24929,17476,8481,65535)  #614421FF  srgba(97,68,33,1)
10,11: (24929,28527,36494,65535)  #616F8EFF  srgba(97,111,142,1)
11,11: (24929,29298,39835,65535)  #61729BFF  srgba(97,114,155,1)
12,11: (25186,31868,48059,65535)  #627CBBFF  srgba(98,124,187,1)
13,11: (25443,9252,514,65535)  #632402FF  srgba(99,36,2,1)
14,11: (25443,31354,44204,65535)  #637AACFF  srgba(99,122,172,1)
15,11: (25957,13107,1542,65535)  #653306FF  srgba(101,51,6,1)
0,12: (25957,33924,51400,65535)  #6584C8FF  srgba(101,132,200,1)
1,12: (26471,24672,20046,65535)  #67604EFF  srgba(103,96,78,1)
2,12: (26471,33153,48316,65535)  #6781BCFF  srgba(103,129,188,1)
3,12: (26471,33924,49858,65535)  #6784C2FF  srgba(103,132,194,1)
4,12: (26985,33924,48573,65535)  #6984BDFF  srgba(105,132,189,1)
5,12: (27499,21588,17476,65535)  #6B5444FF  srgba(107,84,68,1)
6,12: (27499,27499,32125,65535)  #6B6B7DFF  srgba(107,107,125,1)
7,12: (27756,30326,36237,65535)  #6C768DFF  srgba(108,118,141,1)
8,12: (27756,31354,40349,65535)  #6C7A9DFF  srgba(108,122,157,1)
9,12: (27756,32382,43947,65535)  #6C7EABFF  srgba(108,126,171,1)
10,12: (27756,35466,52171,65535)  #6C8ACBFF  srgba(108,138,203,1)
11,12: (28013,18504,7710,65535)  #6D481EFF  srgba(109,72,30,1)
12,12: (28527,35466,50629,65535)  #6F8AC5FF  srgba(111,138,197,1)
13,12: (28784,35209,48830,65535)  #7089BEFF  srgba(112,137,190,1)
14,12: (29041,34438,48059,65535)  #7186BBFF  srgba(113,134,187,1)
15,12: (29298,12593,514,65535)  #723102FF  srgba(114,49,2,1)
0,13: (29298,34181,44975,65535)  #7285AFFF  srgba(114,133,175,1)
1,13: (29555,21331,12850,65535)  #735332FF  srgba(115,83,50,1)
2,13: (29812,32639,42148,65535)  #747FA4FF  srgba(116,127,164,1)
3,13: (30069,28527,29555,65535)  #756F73FF  srgba(117,111,115,1)
4,13: (30069,31354,35466,65535)  #757A8AFF  srgba(117,122,138,1)
5,13: (30326,16962,2056,65535)  #764208FF  srgba(118,66,8,1)
6,13: (30326,19532,7710,65535)  #764C1EFF  srgba(118,76,30,1)
7,13: (30326,35980,49601,65535)  #768CC1FF  srgba(118,140,193,1)
8,13: (30583,14906,771,65535)  #773A03FF  srgba(119,58,3,1)
9,13: (30583,35466,47288,65535)  #778AB8FF  srgba(119,138,184,1)
10,13: (30840,34952,45232,65535)  #7888B0FF  srgba(120,136,176,1)
11,13: (31097,25700,19532,65535)  #79644CFF  srgba(121,100,76,1)
12,13: (31611,36237,48059,65535)  #7B8DBBFF  srgba(123,141,187,1)
13,13: (32125,35209,44204,65535)  #7D89ACFF  srgba(125,137,172,1)
14,13: (32382,17219,1028,65535)  #7E4304FF  srgba(126,67,4,1)
15,13: (32639,36751,48059,65535)  #7F8FBBFF  srgba(127,143,187,1)
0,14: (33153,20046,6425,65535)  #814E19FF  srgba(129,78,25,1)
1,14: (33410,25957,17219,65535)  #826543FF  srgba(130,101,67,1)
2,14: (33410,35723,43690,65535)  #828BAAFF  srgba(130,139,170,1)
3,14: (33410,37522,48573,65535)  #8292BDFF  srgba(130,146,189,1)
4,14: (33924,17990,771,65535)  #844603FF  srgba(132,70,3,1)
5,14: (34438,22616,8738,65535)  #865822FF  srgba(134,88,34,1)
6,14: (34952,31611,28270,65535)  #887B6EFF  srgba(136,123,110,1)
7,14: (35466,35980,38550,65535)  #8A8C96FF  srgba(138,140,150,1)
8,14: (35723,18761,257,65535)  #8B4901FF  srgba(139,73,1,1)
9,14: (35723,25700,14392,65535)  #8B6438FF  srgba(139,100,56,1)
10,14: (35723,28527,20046,65535)  #8B6F4EFF  srgba(139,111,78,1)
11,14: (35980,20303,1028,65535)  #8C4F04FF  srgba(140,79,4,1)
12,14: (35980,40092,51143,65535)  #8C9CC7FF  srgba(140,156,199,1)
13,14: (37779,28527,17476,65535)  #936F44FF  srgba(147,111,68,1)
14,14: (38036,20303,0,65535)  #944F00FF  srgba(148,79,0,1)
15,14: (38036,23130,4626,65535)  #945A12FF  srgba(148,90,18,1)
0,15: (38036,25443,11308,65535)  #94632CFF  srgba(148,99,44,1)
1,15: (38293,20817,257,65535)  #955101FF  srgba(149,81,1,1)
2,15: (38550,30583,20046,65535)  #96774EFF  srgba(150,119,78,1)
3,15: (38807,22102,0,65535)  #975600FF  srgba(151,86,0,1)
4,15: (39578,35723,31611,65535)  #9A8B7BFF  srgba(154,139,123,1)
5,15: (39835,22616,514,65535)  #9B5802FF  srgba(155,88,2,1)
6,15: (40092,29041,16448,65535)  #9C7140FF  srgba(156,113,64,1)
7,15: (40349,27242,11822,65535)  #9D6A2EFF  srgba(157,106,46,1)
8,15: (40349,43433,52685,65535)  #9DA9CDFF  srgba(157,169,205,1)
9,15: (40863,25700,5140,65535)  #9F6414FF  srgba(159,100,20,1)
10,15: (40863,30840,19018,65535)  #9F784AFF  srgba(159,120,74,1)
11,15: (43690,26985,2827,65535)  #AA690BFF  srgba(170,105,11,1)
12,15: (43690,28784,9509,65535)  #AA7025FF  srgba(170,112,37,1)
13,15: (46260,39835,32639,65535)  #B49B7FFF  srgba(180,155,127,1)
14,15: (46517,50372,59367,65535)  #B5C4E7FF  srgba(181,196,231,1)
15,15: (0,65535,0,0)  #00FF0000  srgba(0,255,0,0)
