# ImageMagick pixel enumeration: 16,16,65535,srgba
0,0: (16191,0,25957,65535)  #3F0065FF  srgba(63,0,101,1)
1,0: (22359,8995,50629,65535)  #5723C5FF  srgba(87,35,197,1)
2,0: (22359,20817,51914,65535)  #5751CAFF  srgba(87,81,202,1)
3,0: (22616,24672,58082,65535)  #5860E2FF  srgba(88,96,226,1)
4,0: (24415,0,48830,65535)  #5F00BEFF  srgba(95,0,190,1)
5,0: (27242,21074,61680,65535)  #6A52F0FF  srgba(106,82,240,1)
6,0: (27756,10023,61680,65535)  #6C27F0FF  srgba(108,39,240,1)
7,0: (28013,11051,41377,65535)  #6D2BA1FF  srgba(109,43,161,1)
8,0: (28270,31354,61680,65535)  #6E7AF0FF  srgba(110,122,240,1)
9,0: (30069,10023,63479,65535)  #7527F7FF  srgba(117,39,247,1)
10,0: (30326,257,60909,65535)  #7601EDFF  srgba(118,1,237,1)
11,0: (30326,8224,65535,65535)  #7620FFFF  srgba(118,32,255,1)
12,0: (30583,25957,63479,65535)  #7765F7FF  srgba(119,101,247,1)
13,0: (31097,8224,64764,65535)  #7920FCFF  srgba(121,32,252,1)
14,0: (31611,31611,64507,65535)  #7B7BFBFF  srgba(123,123,251,1)
15,0: (31611,38293,65535,65535)  #7B95FFFF  srgba(123,149,255,1)
0,1: (32125,7710,58082,65535)  #7D1EE2FF  srgba(125,30,226,1)
1,1: (32125,8995,65278,65535)  #7D23FEFF  srgba(125,35,254,1)
2,1: (32125,38036,63479,65535)  #7D94F7FF  srgba(125,148,247,1)
3,1: (32639,33410,64764,65535)  #7F82FCFF  srgba(127,130,252,1)
4,1: (32639,39064,65535,65535)  #7F98FFFF  srgba(127,152,255,1)
5,1: (32639,40349,64507,65535)  #7F9DFBFF  srgba(127,157,251,1)
6,1: (32896,38036,65535,65535)  #8094FFFF  srgba(128,148,255,1)
7,1: (32896,40606,65021,65535)  #809EFDFF  srgba(128,158,253,1)
8,1: (32896,40863,64764,65535)  #809FFCFF  srgba(128,159,252,1)
9,1: (32896,41891,65278,65535)  #80A3FEFF  srgba(128,163,254,1)
10,1: (33153,11051,64250,65535)  #812BFAFF  srgba(129,43,250,1)
11,1: (33153,34695,65278,65535)  #8187FEFF  srgba(129,135,254,1)
12,1: (33153,37522,65278,65535)  #8192FEFF  srgba(129,146,254,1)
13,1: (33153,38550,65535,65535)  #8196FFFF  srgba(129,150,255,1)
14,1: (33153,42148,65535,65535)  #81A4FFFF  srgba(129,164,255,1)
15,1: (33410,35723,65021,65535)  #828BFDFF  srgba(130,139,253,1)
0,2: (33410,41377,65021,65535)  #82A1FDFF  srgba(130,161,253,1)
1,2: (33410,41634,65535,65535)  #82A2FFFF  srgba(130,162,255,1)
2,2: (33667,35723,65535,65535)  #838BFFFF  srgba(131,139,255,1)
3,2: (33667,41891,65021,65535)  #83A3FDFF  srgba(131,163,253,1)
4,2: (33924,35980,65278,65535)  #848CFEFF  srgba(132,140,254,1)
5,2: (33924,41634,65535,65535)  #84A2FFFF  srgba(132,162,255,1)
6,2: (34181,42148,65535,65535)  #85A4FFFF  srgba(133,164,255,1)
7,2: (34695,20817,65535,65535)  #8751FFFF  srgba(135,81,255,1)
8,2: (34695,38807,65535,65535)  #8797FFFF  srgba(135,151,255,1)
9,2: (34695,42662,65535,65535)  #87A6FFFF  srgba(135,166,255,1)
10,2: (34952,29812,64764,65535)  #8874FCFF  srgba(136,116,252,1)
11,2: (35209,8481,65535,65535)  #8921FFFF  srgba(137,33,255,1)
12,2: (35209,24672,64250,65535)  #8960FAFF  srgba(137,96,250,1)
13,2: (35466,42148,65278,65535)  #8AA4FEFF  srgba(138,164,254,1)
14,2: (35723,7453,27499,65535)  #8B1D6BFF  srgba(139,29,107,1)
15,2: (35723,13621,64764,65535)  #8B35FCFF  srgba(139,53,252,1)
0,3: (35723,40092,64764,65535)  #8B9CFCFF  srgba(139,156,252,1)
1,3: (35723,43176,65278,65535)  #8BA8FEFF  srgba(139,168,254,1)
2,3: (35980,14135,65278,65535)  #8C37FEFF  srgba(140,55,254,1)
3,3: (35980,19018,64764,65535)  #8C4AFCFF  srgba(140,74,252,1)
4,3: (35980,34952,65535,65535)  #8C88FFFF  srgba(140,136,255,1)
5,3: (35980,43690,65535,65535)  #8CAAFFFF  srgba(140,170,255,1)
6,3: (36237,14906,65278,65535)  #8D3AFEFF  srgba(141,58,254,1)
7,3: (36237,16191,64764,65535)  #8D3FFCFF  srgba(141,63,252,1)
8,3: (36237,39064,64250,65535)  #8D98FAFF  srgba(141,152,250,1)
9,3: (36494,10023,65278,65535)  #8E27FEFF  srgba(142,39,254,1)
10,3: (36494,17990,65278,65535)  #8E46FEFF  srgba(142,70,254,1)
11,3: (36751,14649,64250,65535)  #8F39FAFF  srgba(143,57,250,1)
12,3: (36751,16448,64764,65535)  #8F40FCFF  srgba(143,64,252,1)
13,3: (36751,17219,65278,65535)  #8F43FEFF  srgba(143,67,254,1)
14,3: (37008,5140,65535,65535)  #9014FFFF  srgba(144,20,255,1)
15,3: (37008,10280,65021,65535)  #9028FDFF  srgba(144,40,253,1)
0,4: (37008,16705,65535,65535)  #9041FFFF  srgba(144,65,255,1)
1,4: (37008,17733,65278,65535)  #9045FEFF  srgba(144,69,254,1)
2,4: (37008,18504,65535,65535)  #9048FFFF  srgba(144,72,255,1)
3,4: (37008,18761,65535,65535)  #9049FFFF  srgba(144,73,255,1)
4,4: (37008,43947,64764,65535)  #90ABFCFF  srgba(144,171,252,1)
5,4: (37265,11565,65278,65535)  #912DFEFF  srgba(145,45,254,1)
6,4: (37265,15420,65535,65535)  #913CFFFF  srgba(145,60,255,1)
7,4: (37265,18247,65535,65535)  #9147FFFF  srgba(145,71,255,1)
8,4: (37265,18504,65535,65535)  #9148FFFF  srgba(145,72,255,1)
9,4: (37265,19018,65021,65535)  #914AFDFF  srgba(145,74,253,1)
10,4: (37265,19018,65278,65535)  #914AFEFF  srgba(145,74,254,1)
11,4: (37265,38550,65278,65535)  #9196FEFF  srgba(145,150,254,1)
12,4: (37522,4883,65535,65535)  #9213FFFF  srgba(146,19,255,1)
13,4: (37522,17219,64764,65535)  #9243FCFF  srgba(146,67,252,1)
14,4: (37522,17990,65278,65535)  #9246FEFF  srgba(146,70,254,1)
15,4: (37522,18504,65278,65535)  #9248FEFF  srgba(146,72,254,1)
0,5: (37522,19018,65535,65535)  #924AFFFF  srgba(146,74,255,1)
1,5: (37779,6939,65278,65535)  #931BFEFF  srgba(147,27,254,1)
2,5: (37779,17219,65278,65535)  #9343FEFF  srgba(147,67,254,1)
3,5: (37779,18247,65535,65535)  #9347FFFF  srgba(147,71,255,1)
4,5: (37779,26728,58339,65535)  #9368E3FF  srgba(147,104,227,1)
5,5: (38036,18247,65278,65535)  #9447FEFF  srgba(148,71,254,1)
6,5: (38036,31611,65278,65535)  #947BFEFF  srgba(148,123,254,1)
7,5: (38293,4883,65535,65535)  #9513FFFF  srgba(149,19,255,1)
8,5: (38293,17733,65278,65535)  #9545FEFF  srgba(149,69,254,1)
9,5: (38293,44204,64250,65535)  #95ACFAFF  srgba(149,172,250,1)
10,5: (38550,7196,65021,65535)  #961CFDFF  srgba(150,28,253,1)
11,5: (38550,17990,65535,65535)  #9646FFFF  srgba(150,70,255,1)
12,5: (38550,20303,64764,65535)  #964FFCFF  srgba(150,79,252,1)
13,5: (38807,5397,65278,65535)  #9715FEFF  srgba(151,21,254,1)
14,5: (38807,15934,64507,65535)  #973EFBFF  srgba(151,62,251,1)
15,5: (38807,20817,65278,65535)  #9751FEFF  srgba(151,81,254,1)
0,6: (39064,7967,63479,65535)  #981FF7FF  srgba(152,31,247,1)
1,6: (39064,19789,65535,65535)  #984DFFFF  srgba(152,77,255,1)
2,6: (39321,5140,61680,65535)  #9914F0FF  srgba(153,20,240,1)
3,6: (39321,5140,64250,65535)  #9914FAFF  srgba(153,20,250,1)
4,6: (39321,17219,61680,65535)  #9943F0FF  srgba(153,67,240,1)
5,6: (39321,20817,64250,65535)  #9951FAFF  srgba(153,81,250,1)
6,6: (39321,35723,61937,65535)  #998BF1FF  srgba(153,139,241,1)
7,6: (39321,45746,65278,65535)  #99B2FEFF  srgba(153,178,254,1)
8,6: (39578,8224,64764,65535)  #9A20FCFF  srgba(154,32,252,1)
9,6: (39578,41120,63479,65535)  #9AA0F7FF  srgba(154,160,247,1)
10,6: (39835,21845,63736,65535)  #9B55F8FF  srgba(155,85,248,1)
11,6: (40092,5654,65535,65535)  #9C16FFFF  srgba(156,22,255,1)
12,6: (40349,12593,65535,65535)  #9D31FFFF  srgba(157,49,255,1)
13,6: (40606,46260,65535,65535)  #9EB4FFFF  srgba(158,180,255,1)
14,6: (41377,257,9509,65535)  #A10125FF  srgba(161,1,37,1)
15,6: (41891,14135,50115,65535)  #A337C3FF  srgba(163,55,195,1)
0,7: (43176,257,0,65535)  #A80100FF  srgba(168,1,0,1)
1,7: (43176,7710,33153,65535)  #A81E81FF  srgba(168,30,129,1)
2,7: (43433,1285,0,65535)  #A90500FF  srgba(169,5,0,1)
3,7: (43690,1285,0,65535)  #AA0500FF  srgba(170,5,0,1)
4,7: (43690,2056,514,65535)  #AA0802FF  srgba(170,8,2,1)
5,7: (43690,5397,58082,65535)  #AA15E2FF  srgba(170,21,226,1)
6,7: (44461,1285,0,65535)  #AD0500FF  srgba(173,5,0,1)
7,7: (44461,2056,0,65535)  #AD0800FF  srgba(173,8,0,1)
8,7: (44718,5397,21845,65535)  #AE1555FF  srgba(174,21,85,1)
9,7: (44975,1285,0,65535)  #AF0500FF  srgba(175,5,0,1)
10,7: (45232,1542,0,65535)  #B00600FF  srgba(176,6,0,1)
11,7: (46517,1028,0,65535)  #B50400FF  srgba(181,4,0,1)
12,7: (47288,1028,771,65535)  #B80403FF  srgba(184,4,3,1)
13,7: (47545,2056,0,65535)  #B90800FF  srgba(185,8,0,1)
14,7: (47802,23901,65278,65535)  #BA5DFEFF  srgba(186,93,254,1)
15,7: (48059,1542,0,65535)  #BB0600FF  srgba(187,6,0,1)
0,8: (48316,771,7453,65535)  #BC031DFF  srgba(188,3,29,1)
1,8: (48830,45489,65278,65535)  #BEB1FEFF  srgba(190,177,254,1)
2,8: (49344,12593,64764,65535)  #C031FCFF  srgba(192,49,252,1)
3,8: (49344,22359,64250,65535)  #C057FAFF  srgba(192,87,250,1)
4,8: (49601,45746,64764,65535)  #C1B2FCFF  srgba(193,178,252,1)
5,8: (49858,1028,19789,65535)  #C2044DFF  srgba(194,4,77,1)
6,8: (49858,38807,65278,65535)  #C297FEFF  srgba(194,151,254,1)
7,8: (50115,4112,28527,65535)  #C3106FFF  srgba(195,16,111,1)
8,8: (50372,2570,4369,65535)  #C40A11FF  srgba(196,10,17,1)
9,8: (50372,6168,65278,65535)  #C418FEFF  srgba(196,24,254,1)
10,8: (50372,9252,65278,65535)  #C424FEFF  srgba(196,36,254,1)
11,8: (50372,18504,65278,65535)  #C448FEFF  srgba(196,72,254,1)
12,8: (50629,771,33667,65535)  #C50383FF  srgba(197,3,131,1)
13,8: (50629,6939,56797,65535)  #C51BDDFF  srgba(197,27,221,1)
14,8: (50629,23130,64764,65535)  #C55AFCFF  srgba(197,90,252,1)
15,8: (50886,5911,64764,65535)  #C617FCFF  srgba(198,23,252,1)
0,9: (51143,2056,11822,65535)  #C7082EFF  srgba(199,8,46,1)
1,9: (51400,43690,63222,65535)  #C8AAF6FF  srgba(200,170,246,1)
2,9: (51657,5397,39321,65535)  #C91599FF  srgba(201,21,153,1)
3,9: (51657,6425,47802,65535)  #C919BAFF  srgba(201,25,186,1)
4,9: (51657,26728,65278,65535)  #C968FEFF  srgba(201,104,254,1)
5,9: (52171,35466,64250,65535)  #CB8AFAFF  srgba(203,138,250,1)
6,9: (52171,46260,64250,65535)  #CBB4FAFF  srgba(203,180,250,1)
7,9: (52428,51914,65278,65535)  #CCCAFEFF  srgba(204,202,254,1)
8,9: (52685,4369,13878,65535)  #CD1136FF  srgba(205,17,54,1)
9,9: (52685,25700,61423,65535)  #CD64EFFF  srgba(205,100,239,1)
10,9: (52685,47802,65278,65535)  #CDBAFEFF  srgba(205,186,254,1)
11,9: (52942,5911,62708,65535)  #CE17F4FF  srgba(206,23,244,1)
12,9: (52942,10023,62451,65535)  #CE27F3FF  srgba(206,39,243,1)
13,9: (53199,22359,63222,65535)  #CF57F6FF  srgba(207,87,246,1)
14,9: (53456,51143,64764,65535)  #D0C7FCFF  srgba(208,199,252,1)
15,9: (53970,23644,57825,65535)  #D25CE1FF  srgba(210,92,225,1)
0,10: (53970,31868,64764,65535)  #D27CFCFF  srgba(210,124,252,1)
1,10: (54484,34181,63222,65535)  #D485F6FF  srgba(212,133,246,1)
2,10: (54741,2313,0,65535)  #D50900FF  srgba(213,9,0,1)
3,10: (54741,34695,58082,65535)  #D587E2FF  srgba(213,135,226,1)
4,10: (55255,2827,0,65535)  #D70B00FF  srgba(215,11,0,1)
5,10: (55769,23644,47802,65535)  #D95CBAFF  srgba(217,92,186,1)
6,10: (56026,47288,64764,65535)  #DAB8FCFF  srgba(218,184,252,1)
7,10: (56283,24158,65278,65535)  #DB5EFEFF  srgba(219,94,254,1)
8,10: (56797,49344,65278,65535)  #DDC0FEFF  srgba(221,192,254,1)
9,10: (57054,51657,64250,65535)  #DEC9FAFF  srgba(222,201,250,1)
10,10: (57568,37779,61423,65535)  #E093EFFF  srgba(224,147,239,1)
11,10: (57568,52428,65278,65535)  #E0CCFEFF  srgba(224,204,254,1)
12,10: (57825,39321,65278,65535)  #E199FEFF  srgba(225,153,254,1)
13,10: (57825,46260,61680,65535)  #E1B4F0FF  srgba(225,180,240,1)
14,10: (57825,52171,64764,65535)  #E1CBFCFF  srgba(225,203,252,1)
15,10: (58082,24929,65021,65535)  #E261FDFF  srgba(226,97,253,1)
0,11: (58082,44204,58082,65535)  #E2ACE2FF  srgba(226,172,226,1)
1,11: (58339,11308,64764,65535)  #E32CFCFF  srgba(227,44,252,1)
2,11: (58596,6425,65278,65535)  #E419FEFF  srgba(228,25,254,1)
3,11: (58596,26728,65278,65535)  #E468FEFF  srgba(228,104,254,1)
4,11: (58596,45489,65278,65535)  #E4B1FEFF  srgba(228,177,254,1)
5,11: (58853,4626,4112,65535)  #E51210FF  srgba(229,18,16,1)
6,11: (58853,5654,32382,65535)  #E5167EFF  srgba(229,22,126,1)
7,11: (58853,53199,65021,65535)  #E5CFFDFF  srgba(229,207,253,1)
8,11: (59110,47802,64764,65535)  #E6BAFCFF  srgba(230,186,252,1)
9,11: (59110,49858,63222,65535)  #E6C2F6FF  srgba(230,194,246,1)
10,11: (59110,52171,65278,65535)  #E6CBFEFF  srgba(230,203,254,1)
11,11: (59367,22873,64250,65535)  #E759FAFF  srgba(231,89,250,1)
12,11: (59624,48316,65278,65535)  #E8BCFEFF  srgba(232,188,254,1)
13,11: (59881,4112,257,65535)  #E91001FF  srgba(233,16,1,1)
14,11: (59881,49601,65278,65535)  #E9C1FEFF  srgba(233,193,254,1)
15,11: (60138,50372,65021,65535)  #EAC4FDFF  srgba(234,196,253,1)
0,12: (60138,51143,65278,65535)  #EAC7FEFF  srgba(234,199,254,1)
1,12: (60395,6425,64764,65535)  #EB19FCFF  srgba(235,25,252,1)
2,12: (60395,7196,56797,65535)  #EB1CDDFF  srgba(235,28,221,1)
3,12: (60395,25700,65021,65535)  #EB64FDFF  srgba(235,100,253,1)
4,12: (60652,26728,61423,65535)  #EC68EFFF  srgba(236,104,239,1)
5,12: (60909,2827,0,65535)  #ED0B00FF  srgba(237,11,0,1)
6,12: (60909,40606,47288,65535)  #ED9EB8FF  srgba(237,158,184,1)
7,12: (60909,49344,65278,65535)  #EDC0FEFF  srgba(237,192,254,1)
8,12: (61166,19275,18247,65535)  #EE4B47FF  srgba(238,75,71,1)
9,12: (61166,47031,64250,65535)  #EEB7FAFF  srgba(238,183,250,1)
10,12: (61423,6425,40349,65535)  #EF199DFF  srgba(239,25,157,1)
11,12: (61423,7710,62965,65535)  #EF1EF5FF  srgba(239,30,245,1)
12,12: (61423,30326,27499,65535)  #EF766BFF  srgba(239,118,107,1)
13,12: (61423,32896,64250,65535)  #EF80FAFF  srgba(239,128,250,1)
14,12: (61423,49858,65278,65535)  #EFC2FEFF  srgba(239,194,254,1)
15,12: (61680,5140,24672,65535)  #F01460FF  srgba(240,20,96,1)
0,13: (61680,49344,65278,65535)  #F0C0FEFF  srgba(240,192,254,1)
1,13: (61680,50115,65021,65535)  #F0C3FDFF  srgba(240,195,253,1)
2,13: (61937,43176,63222,65535)  #F1A8F6FF  srgba(241,168,246,1)
3,13: (61937,47545,65021,65535)  #F1B9FDFF  srgba(241,185,253,1)
4,13: (62194,7196,48059,65535)  #F21CBBFF  srgba(242,28,187,1)
5,13: (62194,11565,65278,65535)  #F22DFEFF  srgba(242,45,254,1)
6,13: (62194,29298,64764,65535)  #F272FCFF  srgba(242,114,252,1)
7,13: (62451,50886,65278,65535)  #F3C6FEFF  srgba(243,198,254,1)
8,13: (62451,51400,64250,65535)  #F3C8FAFF  srgba(243,200,250,1)
9,13: (62708,4369,2827,65535)  #F4110BFF  srgba(244,17,11,1)
10,13: (62708,23644,63222,65535)  #F45CF6FF  srgba(244,92,246,1)
11,13: (62708,46517,65278,65535)  #F4B5FEFF  srgba(244,181,254,1)
12,13: (62965,23130,64764,65535)  #F55AFCFF  srgba(245,90,252,1)
13,13: (62965,53456,65278,65535)  #F5D0FEFF  srgba(245,208,254,1)
14,13: (63222,34438,63222,65535)  #F686F6FF  srgba(246,134,246,1)
15,13: (63222,43947,65278,65535)  #F6ABFEFF  srgba(246,171,254,1)
0,14: (63479,20560,65278,65535)  #F750FEFF  srgba(247,80,254,1)
1,14: (63479,26985,65278,65535)  #F769FEFF  srgba(247,105,254,1)
2,14: (63736,4626,12079,65535)  #F8122FFF  srgba(248,18,47,1)
3,14: (64250,7196,65278,65535)  #FA1CFEFF  srgba(250,28,254,1)
4,14: (64250,23387,65278,65535)  #FA5BFEFF  srgba(250,91,254,1)
5,14: (64507,23644,64250,65535)  #FB5CFAFF  srgba(251,92,250,1)
6,14: (64507,27499,64764,65535)  #FB6BFCFF  srgba(251,107,252,1)
7,14: (64507,30583,64250,65535)  #FB77FAFF  srgba(251,119,250,1)
8,14: (64764,3855,514,65535)  #FC0F02FF  srgba(252,15,2,1)
9,14: (64764,7196,64764,65535)  #FC1CFCFF  srgba(252,28,252,1)
10,14: (64764,18504,65021,65535)  #FC48FDFF  srgba(252,72,253,1)
11,14: (64764,22616,65021,65535)  #FC58FDFF  srgba(252,88,253,1)
12,14: (64764,24929,64764,65535)  #FC61FCFF  srgba(252,97,252,1)
13,14: (64764,27242,64764,65535)  #FC6AFCFF  srgba(252,106,252,1)
14,14: (64764,35980,65278,65535)  #FC8CFEFF  srgba(252,140,254,1)
15,14: (65021,3855,3598,65535)  #FD0F0EFF  srgba(253,15,14,1)
0,15: (65021,25443,65021,65535)  #FD63FDFF  srgba(253,99,253,1)
1,15: (65021,26728,65278,65535)  #FD68FEFF  srgba(253,104,254,1)
2,15: (65278,7453,65278,65535)  #FE1DFEFF  srgba(254,29,254,1)
3,15: (65278,7710,65278,65535)  #FE1EFEFF  srgba(254,30,254,1)
4,15: (65278,18504,65278,65535)  #FE48FEFF  srgba(254,72,254,1)
5,15: (65278,21588,65278,65535)  #FE54FEFF  srgba(254,84,254,1)
6,15: (65278,23130,65021,65535)  #FE5AFDFF  srgba(254,90,253,1)
7,15: (65278,23644,65278,65535)  #FE5CFEFF  srgba(254,92,254,1)
8,15: (65278,24929,64764,65535)  #FE61FCFF  srgba(254,97,252,1)
9,15: (65278,25700,64764,65535)  #FE64FCFF  srgba(254,100,252,1)
10,15: (65278,25700,65278,65535)  #FE64FEFF  srgba(254,100,254,1)
11,15: (65278,26985,65278,65535)  #FE69FEFF  srgba(254,105,254,1)
12,15: (65278,27242,65021,65535)  #FE6AFDFF  srgba(254,106,253,1)
13,15: (65535,24929,65278,65535)  #FF61FEFF  srgba(255,97,254,1)
14,15: (65535,26471,65278,65535)  #FF67FEFF  srgba(255,103,254,1)
15,15: (0,65535,0,0)  #00FF0000  srgba(0,255,0,0)
