# ImageMagick pixel enumeration: 16,16,65535,srgba
0,0: (257,0,0,65535)  #010000FF  srgba(1,0,0,1)
1,0: (3598,0,0,65535)  #0E0000FF  srgba(14,0,0,1)
2,0: (7710,0,0,65535)  #1E0000FF  srgba(30,0,0,1)
3,0: (10280,7710,0,65535)  #281E00FF  srgba(40,30,0,1)
4,0: (11822,0,0,65535)  #2E0000FF  srgba(46,0,0,1)
5,0: (13878,7967,257,65535)  #361F01FF  srgba(54,31,1,1)
6,0: (15420,0,0,65535)  #3C0000FF  srgba(60,0,0,1)
7,0: (19275,0,0,65535)  #4B0000FF  srgba(75,0,0,1)
8,0: (21588,7967,0,65535)  #541F00FF  srgba(84,31,0,1)
9,0: (24158,0,0,65535)  #5E0000FF  srgba(94,0,0,1)
10,0: (25186,7710,257,65535)  #621E01FF  srgba(98,30,1,1)
11,0: (25443,19275,0,65535)  #634B00FF  srgba(99,75,0,1)
12,0: (27756,8481,0,65535)  #6C2100FF  srgba(108,33,0,1)
13,0: (27756,17990,257,65535)  #6C4601FF  srgba(108,70,1,1)
14,0: (28270,0,0,65535)  #6E0000FF  srgba(110,0,0,1)
15,0: (30326,28784,257,65535)  #767001FF  srgba(118,112,1,1)
0,1: (31611,8995,257,65535)  #7B2301FF  srgba(123,35,1,1)
1,1: (32125,257,0,65535)  #7D0100FF  srgba(125,1,0,1)
2,1: (33153,19789,0,65535)  #814D00FF  srgba(129,77,0,1)
3,1: (33924,6168,0,65535)  #841800FF  srgba(132,24,0,1)
4,1: (33924,26471,0,65535)  #846700FF  srgba(132,103,0,1)
5,1: (34181,12850,0,65535)  #853200FF  srgba(133,50,0,1)
6,1: (34181,33924,0,65535)  #858400FF  srgba(133,132,0,1)
7,1: (34438,26471,6168,65535)  #866718FF  srgba(134,103,24,1)
8,1: (34952,30069,257,65535)  #887501FF  srgba(136,117,1,1)
9,1: (35209,514,0,65535)  #890200FF  srgba(137,2,0,1)
10,1: (35209,19275,257,65535)  #894B01FF  srgba(137,75,1,1)
11,1: (35980,20046,0,65535)  #8C4E00FF  srgba(140,78,0,1)
12,1: (35980,59110,4369,65535)  #8CE611FF  srgba(140,230,17,1)
13,1: (37522,514,0,65535)  #920200FF  srgba(146,2,0,1)
14,1: (37522,9766,257,65535)  #922601FF  srgba(146,38,1,1)
15,1: (37779,20303,257,65535)  #934F01FF  srgba(147,79,1,1)
0,2: (37779,31611,257,65535)  #937B01FF  srgba(147,123,1,1)
1,2: (38550,43690,7196,65535)  #96AA1CFF  srgba(150,170,28,1)
2,2: (38807,5140,0,65535)  #971400FF  srgba(151,20,0,1)
3,2: (38807,11822,0,65535)  #972E00FF  srgba(151,46,0,1)
4,2: (38807,29812,7710,65535)  #97741EFF  srgba(151,116,30,1)
5,2: (38807,31868,0,65535)  #977C00FF  srgba(151,124,0,1)
6,2: (38807,38807,0,65535)  #979700FF  srgba(151,151,0,1)
7,2: (39064,20046,0,65535)  #984E00FF  srgba(152,78,0,1)
8,2: (39064,27242,0,65535)  #986A00FF  srgba(152,106,0,1)
9,2: (39064,59624,21331,65535)  #98E853FF  srgba(152,232,83,1)
10,2: (39578,771,0,65535)  #9A0300FF  srgba(154,3,0,1)
11,2: (39578,1028,0,65535)  #9A0400FF  srgba(154,4,0,1)
12,2: (40092,1285,514,65535)  #9C0502FF  srgba(156,5,2,1)
13,2: (40606,1028,0,65535)  #9E0400FF  srgba(158,4,0,1)
14,2: (40606,29041,6939,65535)  #9E711BFF  srgba(158,113,27,1)
15,2: (41377,34695,65278,65535)  #A187FEFF  srgba(161,135,254,1)
0,3: (41634,29555,257,65535)  #A27301FF  srgba(162,115,1,1)
1,3: (41891,20303,257,65535)  #A34F01FF  srgba(163,79,1,1)
2,3: (41891,43433,65278,65535)  #A3A9FEFF  srgba(163,169,254,1)
3,3: (42405,5140,257,65535)  #A51401FF  srgba(165,20,1,1)
4,3: (42405,12593,257,65535)  #A53101FF  srgba(165,49,1,1)
5,3: (42405,24672,0,65535)  #A56000FF  srgba(165,96,0,1)
6,3: (42662,1285,0,65535)  #A60500FF  srgba(166,5,0,1)
7,3: (42662,22359,5140,65535)  #A65714FF  srgba(166,87,20,1)
8,3: (42662,32382,7196,65535)  #A67E1CFF  srgba(166,126,28,1)
9,3: (42919,1285,0,65535)  #A70500FF  srgba(167,5,0,1)
10,3: (42919,17219,0,65535)  #A74300FF  srgba(167,67,0,1)
11,3: (42919,33924,47802,65535)  #A784BAFF  srgba(167,132,186,1)
12,3: (42919,34695,65021,65535)  #A787FDFF  srgba(167,135,253,1)
13,3: (42919,63993,0,65535)  #A7F900FF  srgba(167,249,0,1)
14,3: (43176,11565,0,65535)  #A82D00FF  srgba(168,45,0,1)
15,3: (43176,34695,23901,65535)  #A8875DFF  srgba(168,135,93,1)
0,4: (43176,44461,65021,65535)  #A8ADFDFF  srgba(168,173,253,1)
1,4: (43433,5654,0,65535)  #A91600FF  srgba(169,22,0,1)
2,4: (43433,46003,24929,65535)  #A9B361FF  srgba(169,179,97,1)
3,4: (43433,57054,0,65535)  #A9DE00FF  srgba(169,222,0,1)
4,4: (43433,57311,3855,65535)  #A9DF0FFF  srgba(169,223,15,1)
5,4: (43433,64250,0,65535)  #A9FA00FF  srgba(169,250,0,1)
6,4: (43690,1285,0,65535)  #AA0500FF  srgba(170,5,0,1)
7,4: (43690,26728,65278,65535)  #AA68FEFF  srgba(170,104,254,1)
8,4: (43947,47545,45746,65535)  #ABB9B2FF  srgba(171,185,178,1)
9,4: (44204,43433,8481,65535)  #ACA921FF  srgba(172,169,33,1)
10,4: (44204,62194,45232,65535)  #ACF2B0FF  srgba(172,242,176,1)
11,4: (44204,62451,257,65535)  #ACF301FF  srgba(172,243,1,1)
12,4: (44461,34695,65278,65535)  #AD87FEFF  srgba(173,135,254,1)
13,4: (44461,44204,65278,65535)  #ADACFEFF  srgba(173,172,254,1)
14,4: (44461,51657,65278,65535)  #ADC9FEFF  srgba(173,201,254,1)
15,4: (44461,59110,0,65535)  #ADE600FF  srgba(173,230,0,1)
0,5: (44718,1542,257,65535)  #AE0601FF  srgba(174,6,1,1)
1,5: (44718,35980,64250,65535)  #AE8CFAFF  srgba(174,140,250,1)
2,5: (44975,20303,23130,65535)  #AF4F5AFF  srgba(175,79,90,1)
3,5: (44975,44975,64250,65535)  #AFAFFAFF  srgba(175,175,250,1)
4,5: (44975,51914,257,65535)  #AFCA01FF  srgba(175,202,1,1)
5,5: (44975,57054,65278,65535)  #AFDEFEFF  srgba(175,222,254,1)
6,5: (44975,60138,13364,65535)  #AFEA34FF  srgba(175,234,52,1)
7,5: (44975,60652,31097,65535)  #AFEC79FF  srgba(175,236,121,1)
8,5: (44975,62451,65278,65535)  #AFF3FEFF  srgba(175,243,254,1)
9,5: (45232,1542,0,65535)  #B00600FF  srgba(176,6,0,1)
10,5: (45232,26471,64250,65535)  #B067FAFF  srgba(176,103,250,1)
11,5: (45232,56283,0,65535)  #B0DB00FF  srgba(176,219,0,1)
12,5: (45232,61423,0,65535)  #B0EF00FF  srgba(176,239,0,1)
13,5: (45489,2056,0,65535)  #B10800FF  srgba(177,8,0,1)
14,5: (45746,19275,49344,65535)  #B24BC0FF  srgba(178,75,192,1)
15,5: (45746,25957,65021,65535)  #B265FDFF  srgba(178,101,253,1)
0,6: (45746,53199,64764,65535)  #B2CFFCFF  srgba(178,207,252,1)
1,6: (46003,1542,0,65535)  #B30600FF  srgba(179,6,0,1)
2,6: (46003,28527,6682,65535)  #B36F1AFF  srgba(179,111,26,1)
3,6: (46003,57311,63736,65535)  #B3DFF8FF  srgba(179,223,248,1)
4,6: (46260,16962,64250,65535)  #B442FAFF  srgba(180,66,250,1)
5,6: (46517,1542,0,65535)  #B50600FF  srgba(181,6,0,1)
6,6: (46517,15934,65278,65535)  #B53EFEFF  srgba(181,62,254,1)
7,6: (46517,19789,65021,65535)  #B54DFDFF  srgba(181,77,253,1)
8,6: (46517,20817,65278,65535)  #B551FEFF  srgba(181,81,254,1)
9,6: (46517,38293,0,65535)  #B59500FF  srgba(181,149,0,1)
10,6: (46517,62708,65021,65535)  #B5F4FDFF  srgba(181,244,253,1)
11,6: (46774,16962,3855,65535)  #B6420FFF  srgba(182,66,15,1)
12,6: (46774,47288,0,65535)  #B6B800FF  srgba(182,184,0,1)
13,6: (46774,54741,0,65535)  #B6D500FF  srgba(182,213,0,1)
14,6: (46774,58082,0,65535)  #B6E200FF  srgba(182,226,0,1)
15,6: (47031,46517,65278,65535)  #B7B5FEFF  srgba(183,181,254,1)
0,7: (47031,51914,257,65535)  #B7CA01FF  srgba(183,202,1,1)
1,7: (47031,51914,65278,65535)  #B7CAFEFF  srgba(183,202,254,1)
2,7: (47031,60395,257,65535)  #B7EB01FF  srgba(183,235,1,1)
3,7: (47031,63222,0,65535)  #B7F600FF  srgba(183,246,0,1)
4,7: (47288,10280,65278,65535)  #B828FEFF  srgba(184,40,254,1)
5,7: (47288,12593,65021,65535)  #B831FDFF  srgba(184,49,253,1)
6,7: (47288,41634,65278,65535)  #B8A2FEFF  srgba(184,162,254,1)
7,7: (47288,44718,65021,65535)  #B8AEFDFF  srgba(184,174,253,1)
8,7: (47288,51400,0,65535)  #B8C800FF  srgba(184,200,0,1)
9,7: (47288,57311,65278,65535)  #B8DFFEFF  srgba(184,223,254,1)
10,7: (47545,32382,65278,65535)  #B97EFEFF  srgba(185,126,254,1)
11,7: (47545,37008,65278,65535)  #B990FEFF  srgba(185,144,254,1)
12,7: (47545,43176,257,65535)  #B9A801FF  srgba(185,168,1,1)
13,7: (47802,26728,65278,65535)  #BA68FEFF  srgba(186,104,254,1)
14,7: (47802,34438,65021,65535)  #BA86FDFF  srgba(186,134,253,1)
15,7: (47802,42919,0,65535)  #BAA700FF  srgba(186,167,0,1)
0,8: (48059,1285,0,65535)  #BB0500FF  srgba(187,5,0,1)
1,8: (48059,63479,65278,65535)  #BBF7FEFF  srgba(187,247,254,1)
2,8: (48316,47031,0,65535)  #BCB700FF  srgba(188,183,0,1)
3,8: (48316,48830,257,65535)  #BCBE01FF  srgba(188,190,1,1)
4,8: (48573,1542,0,65535)  #BD0600FF  srgba(189,6,0,1)
5,8: (48573,1542,0,65535)  #BD0600FF  srgba(189,6,0,1)
6,8: (49858,45489,0,65535)  #C2B100FF  srgba(194,177,0,1)
7,8: (50115,1542,0,65535)  #C30600FF  srgba(195,6,0,1)
8,8: (50115,38550,0,65535)  #C39600FF  srgba(195,150,0,1)
9,8: (50115,61937,0,65535)  #C3F100FF  srgba(195,241,0,1)
10,8: (50115,64764,65021,65535)  #C3FCFDFF  srgba(195,252,253,1)
11,8: (50372,41891,0,65535)  #C4A300FF  srgba(196,163,0,1)
12,8: (50372,42662,257,65535)  #C4A601FF  srgba(196,166,1,1)
13,8: (50629,1542,0,65535)  #C50600FF  srgba(197,6,0,1)
14,8: (50629,50372,514,65535)  #C5C402FF  srgba(197,196,2,1)
15,8: (50629,51914,0,65535)  #C5CA00FF  srgba(197,202,0,1)
0,9: (50629,52685,39835,65535)  #C5CD9BFF  srgba(197,205,155,1)
1,9: (50629,63993,65278,65535)  #C5F9FEFF  srgba(197,249,254,1)
2,9: (50886,21331,65278,65535)  #C653FEFF  srgba(198,83,254,1)
3,9: (50886,26728,65278,65535)  #C668FEFF  srgba(198,104,254,1)
4,9: (50886,39321,39321,65535)  #C69999FF  srgba(198,153,153,1)
5,9: (50886,54484,257,65535)  #C6D401FF  srgba(198,212,1,1)
6,9: (50886,57054,65278,65535)  #C6DEFEFF  srgba(198,222,254,1)
7,9: (50886,57311,65021,65535)  #C6DFFDFF  srgba(198,223,253,1)
8,9: (51143,15934,65278,65535)  #C73EFEFF  srgba(199,62,254,1)
9,9: (51143,16191,2313,65535)  #C73F09FF  srgba(199,63,9,1)
10,9: (51143,38293,1285,65535)  #C79505FF  srgba(199,149,5,1)
11,9: (51143,55255,54484,65535)  #C7D7D4FF  srgba(199,215,212,1)
12,9: (51400,53970,16448,65535)  #C8D240FF  srgba(200,210,64,1)
13,9: (51657,1799,257,65535)  #C90701FF  srgba(201,7,1,1)
14,9: (51657,29555,65021,65535)  #C973FDFF  srgba(201,115,253,1)
15,9: (51657,41377,58853,65535)  #C9A1E5FF  srgba(201,161,229,1)
0,10: (51914,1542,0,65535)  #CA0600FF  srgba(202,6,0,1)
1,10: (51914,22873,65021,65535)  #CA59FDFF  srgba(202,89,253,1)
2,10: (51914,31611,65278,65535)  #CA7BFEFF  srgba(202,123,254,1)
3,10: (51914,33924,0,65535)  #CA8400FF  srgba(202,132,0,1)
4,10: (51914,35723,65278,65535)  #CA8BFEFF  srgba(202,139,254,1)
5,10: (51914,37522,0,65535)  #CA9200FF  srgba(202,146,0,1)
6,10: (51914,49087,65278,65535)  #CABFFEFF  srgba(202,191,254,1)
7,10: (52171,2056,0,65535)  #CB0800FF  srgba(203,8,0,1)
8,10: (52171,10794,65278,65535)  #CB2AFEFF  srgba(203,42,254,1)
9,10: (52171,57311,1542,65535)  #CBDF06FF  srgba(203,223,6,1)
10,10: (52171,61680,64764,65535)  #CBF0FCFF  srgba(203,240,252,1)
11,10: (52428,1542,16962,65535)  #CC0642FF  srgba(204,6,66,1)
12,10: (52428,26214,64764,65535)  #CC66FCFF  srgba(204,102,252,1)
13,10: (52428,30326,14135,65535)  #CC7637FF  srgba(204,118,55,1)
14,10: (52428,32125,514,65535)  #CC7D02FF  srgba(204,125,2,1)
15,10: (52428,32896,257,65535)  #CC8001FF  srgba(204,128,1,1)
0,11: (52428,41634,65278,65535)  #CCA2FEFF  srgba(204,162,254,1)
1,11: (52685,40863,64764,65535)  #CD9FFCFF  srgba(205,159,252,1)
2,11: (52685,56283,64507,65535)  #CDDBFBFF  srgba(205,219,251,1)
3,11: (52685,61937,0,65535)  #CDF100FF  srgba(205,241,0,1)
4,11: (52942,29812,0,65535)  #CE7400FF  srgba(206,116,0,1)
5,11: (52942,56797,65278,65535)  #CEDDFEFF  srgba(206,221,254,1)
6,11: (52942,64250,65278,65535)  #CEFAFEFF  srgba(206,250,254,1)
7,11: (53199,17476,65021,65535)  #CF44FDFF  srgba(207,68,253,1)
8,11: (53199,30069,36751,65535)  #CF758FFF  srgba(207,117,143,1)
9,11: (53199,51657,64764,65535)  #CFC9FCFF  srgba(207,201,252,1)
10,11: (53456,20560,0,65535)  #D05000FF  srgba(208,80,0,1)
11,11: (53713,1799,514,65535)  #D10702FF  srgba(209,7,2,1)
12,11: (53713,2056,0,65535)  #D10800FF  srgba(209,8,0,1)
13,11: (53713,15420,64764,65535)  #D13CFCFF  srgba(209,60,252,1)
14,11: (53713,19532,16191,65535)  #D14C3FFF  srgba(209,76,63,1)
15,11: (53970,21331,65278,65535)  #D253FEFF  srgba(210,83,254,1)
0,12: (53970,26728,65278,65535)  #D268FEFF  srgba(210,104,254,1)
1,12: (53970,41377,64507,65535)  #D2A1FBFF  srgba(210,161,251,1)
2,12: (53970,46003,65021,65535)  #D2B3FDFF  srgba(210,179,253,1)
3,12: (54227,1542,1028,65535)  #D30604FF  srgba(211,6,4,1)
4,12: (54227,6939,65278,65535)  #D31BFEFF  srgba(211,27,254,1)
5,12: (54227,13621,65021,65535)  #D335FDFF  srgba(211,53,253,1)
6,12: (54227,15677,65278,65535)  #D33DFEFF  srgba(211,61,254,1)
7,12: (54227,25186,0,65535)  #D36200FF  srgba(211,98,0,1)
8,12: (54484,2056,257,65535)  #D40801FF  srgba(212,8,1,1)
9,12: (54484,29812,50886,65535)  #D474C6FF  srgba(212,116,198,1)
10,12: (54741,2313,0,65535)  #D50900FF  srgba(213,9,0,1)
11,12: (54741,8738,1542,65535)  #D52206FF  srgba(213,34,6,1)
12,12: (54741,8738,64764,65535)  #D522FCFF  srgba(213,34,252,1)
13,12: (54741,10794,16191,65535)  #D52A3FFF  srgba(213,42,63,1)
14,12: (54741,56540,65021,65535)  #D5DCFDFF  srgba(213,220,253,1)
15,12: (54998,7710,65021,65535)  #D61EFDFF  srgba(214,30,253,1)
0,13: (54998,64764,65021,65535)  #D6FCFDFF  srgba(214,252,253,1)
1,13: (55255,2313,514,65535)  #D70902FF  srgba(215,9,2,1)
2,13: (55255,37265,65021,65535)  #D791FDFF  srgba(215,145,253,1)
3,13: (55512,2056,0,65535)  #D80800FF  srgba(216,8,0,1)
4,13: (55512,10537,65278,65535)  #D829FEFF  srgba(216,41,254,1)
5,13: (55512,13621,49858,65535)  #D835C2FF  srgba(216,53,194,1)
6,13: (55512,19275,64507,65535)  #D84BFBFF  srgba(216,75,251,1)
7,13: (55512,29555,64250,65535)  #D873FAFF  srgba(216,115,250,1)
8,13: (55769,2056,0,65535)  #D90800FF  srgba(217,8,0,1)
9,13: (55769,47802,65278,65535)  #D9BAFEFF  srgba(217,186,254,1)
10,13: (56026,2313,257,65535)  #DA0901FF  srgba(218,9,1,1)
11,13: (56283,56797,65278,65535)  #DBDDFEFF  srgba(219,221,254,1)
12,13: (56540,10280,64507,65535)  #DC28FBFF  srgba(220,40,251,1)
13,13: (56797,41120,65278,65535)  #DDA0FEFF  srgba(221,160,254,1)
14,13: (57054,64250,65278,65535)  #DEFAFEFF  srgba(222,250,254,1)
15,13: (57311,9766,33667,65535)  #DF2683FF  srgba(223,38,131,1)
0,14: (57311,16191,65278,65535)  #DF3FFEFF  srgba(223,63,254,1)
1,14: (57568,8224,61166,65535)  #E020EEFF  srgba(224,32,238,1)
2,14: (57568,35209,65278,65535)  #E089FEFF  srgba(224,137,254,1)
3,14: (57568,37779,64764,65535)  #E093FCFF  srgba(224,147,252,1)
4,14: (57825,19789,35466,65535)  #E14D8AFF  srgba(225,77,138,1)
5,14: (58082,2570,0,65535)  #E20A00FF  srgba(226,10,0,1)
6,14: (58082,8481,65278,65535)  #E221FEFF  srgba(226,33,254,1)
7,14: (58596,21588,65278,65535)  #E454FEFF  srgba(228,84,254,1)
8,14: (58853,17476,61423,65535)  #E544EFFF  srgba(229,68,239,1)
9,14: (59110,2570,0,65535)  #E60A00FF  srgba(230,10,0,1)
10,14: (59110,27499,65278,65535)  #E66BFEFF  srgba(230,107,254,1)
11,14: (59110,29298,65021,65535)  #E672FDFF  srgba(230,114,253,1)
12,14: (59367,6939,64764,65535)  #E71BFCFF  srgba(231,27,252,1)
13,14: (59367,32639,65278,65535)  #E77FFEFF  srgba(231,127,254,1)
14,14: (59881,22616,65021,65535)  #E958FDFF  srgba(233,88,253,1)
15,14: (60138,6939,65021,65535)  #EA1BFDFF  srgba(234,27,253,1)
0,15: (60395,8224,64764,65535)  #EB20FCFF  srgba(235,32,252,1)
1,15: (60652,2570,0,65535)  #EC0A00FF  srgba(236,10,0,1)
2,15: (60652,7967,65021,65535)  #EC1FFDFF  srgba(236,31,253,1)
3,15: (60652,25700,64764,65535)  #EC64FCFF  srgba(236,100,252,1)
4,15: (60909,15420,65021,65535)  #ED3CFDFF  srgba(237,60,253,1)
5,15: (60909,16705,64764,65535)  #ED41FCFF  srgba(237,65,252,1)
6,15: (61423,8481,65278,65535)  #EF21FEFF  srgba(239,33,254,1)
7,15: (61680,16448,65278,65535)  #F040FEFF  srgba(240,64,254,1)
8,15: (61937,2827,0,65535)  #F10B00FF  srgba(241,11,0,1)
9,15: (61937,26214,65278,65535)  #F166FEFF  srgba(241,102,254,1)
10,15: (63479,3084,0,65535)  #F70C00FF  srgba(247,12,0,1)
11,15: (63736,22102,65278,65535)  #F856FEFF  srgba(248,86,254,1)
12,15: (64507,2827,0,65535)  #FB0B00FF  srgba(251,11,0,1)
13,15: (64507,3855,0,65535)  #FB0F00FF  srgba(251,15,0,1)
14,15: (65278,3341,0,65535)  #FE0D00FF  srgba(254,13,0,1)
15,15: (0,65535,0,0)  #00FF0000  srgba(0,255,0,0)
