# ImageMagick pixel enumeration: 16,16,65535,srgba
0,0: (0,0,0,65535)  #000000FF  black
1,0: (0,257,257,65535)  #000101FF  srgba(0,1,1,1)
2,0: (0,2056,7710,65535)  #00081EFF  srgba(0,8,30,1)
3,0: (0,3084,1542,65535)  #000C06FF  srgba(0,12,6,1)
4,0: (0,5140,13364,65535)  #001434FF  srgba(0,20,52,1)
5,0: (0,5654,10537,65535)  #001629FF  srgba(0,22,41,1)
6,0: (0,5911,7453,65535)  #00171DFF  srgba(0,23,29,1)
7,0: (0,10537,11051,65535)  #00292BFF  srgba(0,41,43,1)
8,0: (0,12336,8224,65535)  #003020FF  srgba(0,48,32,1)
9,0: (0,12593,4883,65535)  #003113FF  srgba(0,49,19,1)
10,0: (257,0,514,65535)  #010002FF  srgba(1,0,2,1)
11,0: (257,2313,10537,65535)  #010929FF  srgba(1,9,41,1)
12,0: (257,2827,13107,65535)  #010B33FF  srgba(1,11,51,1)
13,0: (257,3084,15934,65535)  #010C3EFF  srgba(1,12,62,1)
14,0: (257,5140,16191,65535)  #01143FFF  srgba(1,20,63,1)
15,0: (257,6425,24158,65535)  #01195EFF  srgba(1,25,94,1)
0,1: (257,7710,13364,65535)  #011E34FF  srgba(1,30,52,1)
1,1: (257,7710,15934,65535)  #011E3EFF  srgba(1,30,62,1)
2,1: (257,14135,11051,65535)  #01372BFF  srgba(1,55,43,1)
3,1: (514,3598,22616,65535)  #020E58FF  srgba(2,14,88,1)
4,1: (514,3855,21074,65535)  #020F52FF  srgba(2,15,82,1)
5,1: (514,4112,18761,65535)  #021049FF  srgba(2,16,73,1)
6,1: (514,6425,21331,65535)  #021953FF  srgba(2,25,83,1)
7,1: (514,6682,18761,65535)  #021A49FF  srgba(2,26,73,1)
8,1: (514,26728,15934,65535)  #02683EFF  srgba(2,104,62,1)
9,1: (771,3084,18761,65535)  #030C49FF  srgba(3,12,73,1)
10,1: (771,4112,24929,65535)  #031061FF  srgba(3,16,97,1)
11,1: (771,8738,18761,65535)  #032249FF  srgba(3,34,73,1)
12,1: (771,9766,25186,65535)  #032662FF  srgba(3,38,98,1)
13,1: (771,10023,23130,65535)  #03275AFF  srgba(3,39,90,1)
14,1: (1028,10280,18761,65535)  #042849FF  srgba(4,40,73,1)
15,1: (1028,10280,21331,65535)  #042853FF  srgba(4,40,83,1)
0,2: (1028,13364,18504,65535)  #043448FF  srgba(4,52,72,1)
1,2: (1028,21331,15163,65535)  #04533BFF  srgba(4,83,59,1)
2,2: (1542,10537,15163,65535)  #06293BFF  srgba(6,41,59,1)
3,2: (1542,12593,14906,65535)  #06313AFF  srgba(6,49,58,1)
4,2: (1799,15677,14906,65535)  #073D3AFF  srgba(7,61,58,1)
5,2: (2056,25443,19018,65535)  #08634AFF  srgba(8,99,74,1)
6,2: (2313,33410,22616,65535)  #098258FF  srgba(9,130,88,1)
7,2: (2570,7967,15420,65535)  #0A1F3CFF  srgba(10,31,60,1)
8,2: (2570,20303,6682,65535)  #0A4F1AFF  srgba(10,79,26,1)
9,2: (2570,21074,9766,65535)  #0A5226FF  srgba(10,82,38,1)
10,2: (2827,2827,11822,65535)  #0B0B2EFF  srgba(11,11,46,1)
11,2: (2827,3598,6425,65535)  #0B0E19FF  srgba(11,14,25,1)
12,2: (2827,4626,15420,65535)  #0B123CFF  srgba(11,18,60,1)
13,2: (2827,6168,11822,65535)  #0B182EFF  srgba(11,24,46,1)
14,2: (2827,20560,19275,65535)  #0B504BFF  srgba(11,80,75,1)
15,2: (2827,21074,11822,65535)  #0B522EFF  srgba(11,82,46,1)
0,3: (3084,2570,9252,65535)  #0C0A24FF  srgba(12,10,36,1)
1,3: (3084,2570,15163,65535)  #0C0A3BFF  srgba(12,10,59,1)
2,3: (3341,1028,5654,65535)  #0D0416FF  srgba(13,4,22,1)
3,3: (3341,1799,11565,65535)  #0D072DFF  srgba(13,7,45,1)
4,3: (3341,30583,19532,65535)  #0D774CFF  srgba(13,119,76,1)
5,3: (3598,25700,13364,65535)  #0E6434FF  srgba(14,100,52,1)
6,3: (3598,26985,22359,65535)  #0E6957FF  srgba(14,105,87,1)
7,3: (3598,36494,19789,65535)  #0E8E4DFF  srgba(14,142,77,1)
8,3: (4112,21074,22359,65535)  #105257FF  srgba(16,82,87,1)
9,3: (4112,23901,24415,65535)  #105D5FFF  srgba(16,93,95,1)
10,3: (4112,35723,24672,65535)  #108B60FF  srgba(16,139,96,1)
11,3: (4369,13878,18761,65535)  #113649FF  srgba(17,54,73,1)
12,3: (4369,33667,15934,65535)  #11833EFF  srgba(17,131,62,1)
13,3: (4369,36237,25957,65535)  #118D65FF  srgba(17,141,101,1)
14,3: (4626,2827,18504,65535)  #120B48FF  srgba(18,11,72,1)
15,3: (4626,25700,10023,65535)  #126427FF  srgba(18,100,39,1)
0,4: (4626,37522,22616,65535)  #129258FF  srgba(18,146,88,1)
1,4: (4883,3598,21074,65535)  #130E52FF  srgba(19,14,82,1)
2,4: (4883,11051,11822,65535)  #132B2EFF  srgba(19,43,46,1)
3,4: (5140,9509,18761,65535)  #142549FF  srgba(20,37,73,1)
4,4: (5140,13621,5911,65535)  #143517FF  srgba(20,53,23,1)
5,4: (5140,13878,9252,65535)  #143624FF  srgba(20,54,36,1)
6,4: (5140,36237,27242,65535)  #148D6AFF  srgba(20,141,106,1)
7,4: (5397,2570,14906,65535)  #150A3AFF  srgba(21,10,58,1)
8,4: (5397,5140,22873,65535)  #151459FF  srgba(21,20,89,1)
9,4: (5397,5397,18761,65535)  #151549FF  srgba(21,21,73,1)
10,4: (5397,5911,25700,65535)  #151764FF  srgba(21,23,100,1)
11,4: (5397,7196,21074,65535)  #151C52FF  srgba(21,28,82,1)
12,4: (5397,10537,21331,65535)  #152953FF  srgba(21,41,83,1)
13,4: (5397,15677,11565,65535)  #153D2DFF  srgba(21,61,45,1)
14,4: (5397,21074,15163,65535)  #15523BFF  srgba(21,82,59,1)
15,4: (5397,26985,15677,65535)  #15693DFF  srgba(21,105,61,1)
0,5: (5911,6682,15163,65535)  #171A3BFF  srgba(23,26,59,1)
1,5: (6168,1799,9509,65535)  #180725FF  srgba(24,7,37,1)
2,5: (6168,12336,23387,65535)  #18305BFF  srgba(24,48,91,1)
3,5: (6168,30069,11051,65535)  #18752BFF  srgba(24,117,43,1)
4,5: (6168,31354,13364,65535)  #187A34FF  srgba(24,122,52,1)
5,5: (6425,2056,11822,65535)  #19082EFF  srgba(25,8,46,1)
6,5: (6425,12079,24415,65535)  #192F5FFF  srgba(25,47,95,1)
7,5: (6425,14906,21331,65535)  #193A53FF  srgba(25,58,83,1)
8,5: (6682,13364,26214,65535)  #1A3466FF  srgba(26,52,102,1)
9,5: (6682,24415,26214,65535)  #1A5F66FF  srgba(26,95,102,1)
10,5: (6939,24158,28527,65535)  #1B5E6FFF  srgba(27,94,111,1)
11,5: (6939,33410,22616,65535)  #1B8258FF  srgba(27,130,88,1)
12,5: (7196,1285,5911,65535)  #1C0517FF  srgba(28,5,23,1)
13,5: (7196,11308,15163,65535)  #1C2C3BFF  srgba(28,44,59,1)
14,5: (7710,15677,15163,65535)  #1E3D3BFF  srgba(30,61,59,1)
15,5: (7967,14392,18761,65535)  #1F3849FF  srgba(31,56,73,1)
0,6: (8224,6168,6425,65535)  #201819FF  srgba(32,24,25,1)
1,6: (8481,3084,15163,65535)  #210C3BFF  srgba(33,12,59,1)
2,6: (8481,6425,11822,65535)  #21192EFF  srgba(33,25,46,1)
3,6: (8481,34695,30069,65535)  #218775FF  srgba(33,135,117,1)
4,6: (8738,6168,9509,65535)  #221825FF  srgba(34,24,37,1)
5,6: (8995,20303,19275,65535)  #234F4BFF  srgba(35,79,75,1)
6,6: (8995,25186,19275,65535)  #23624BFF  srgba(35,98,75,1)
7,6: (8995,35723,19532,65535)  #238B4CFF  srgba(35,139,76,1)
8,6: (9252,34181,15934,65535)  #24853EFF  srgba(36,133,62,1)
9,6: (9509,23901,24415,65535)  #255D5FFF  srgba(37,93,95,1)
10,6: (9766,26471,22616,65535)  #266758FF  srgba(38,103,88,1)
11,6: (10023,21074,15163,65535)  #27523BFF  srgba(39,82,59,1)
12,6: (10023,21074,22359,65535)  #275257FF  srgba(39,82,87,1)
13,6: (10280,6939,15163,65535)  #281B3BFF  srgba(40,27,59,1)
14,6: (11051,30583,19275,65535)  #2B774BFF  srgba(43,119,75,1)
15,6: (11822,21074,11822,65535)  #2E522EFF  srgba(46,82,46,1)
0,7: (11822,21331,6682,65535)  #2E531AFF  srgba(46,83,26,1)
1,7: (11822,21331,9509,65535)  #2E5325FF  srgba(46,83,37,1)
2,7: (12336,15420,21074,65535)  #303C52FF  srgba(48,60,82,1)
3,7: (12593,4369,18504,65535)  #311148FF  srgba(49,17,72,1)
4,7: (12593,13621,6682,65535)  #31351AFF  srgba(49,53,26,1)
5,7: (12593,15163,18504,65535)  #313B48FF  srgba(49,59,72,1)
6,7: (12850,13878,9509,65535)  #323625FF  srgba(50,54,37,1)
7,7: (12850,13878,11565,65535)  #32362DFF  srgba(50,54,45,1)
8,7: (12850,27242,15934,65535)  #326A3EFF  srgba(50,106,62,1)
9,7: (13107,11822,14906,65535)  #332E3AFF  srgba(51,46,58,1)
10,7: (13107,33924,26214,65535)  #338466FF  srgba(51,132,102,1)
11,7: (13364,16191,14906,65535)  #343F3AFF  srgba(52,63,58,1)
12,7: (13364,20817,19275,65535)  #34514BFF  srgba(52,81,75,1)
13,7: (13364,25186,19275,65535)  #34624BFF  srgba(52,98,75,1)
14,7: (13364,35980,24672,65535)  #348C60FF  srgba(52,140,96,1)
15,7: (13621,26985,11308,65535)  #35692CFF  srgba(53,105,44,1)
0,8: (13621,31611,24415,65535)  #357B5FFF  srgba(53,123,95,1)
1,8: (13878,32896,15677,65535)  #36803DFF  srgba(54,128,61,1)
2,8: (14135,21074,15163,65535)  #37523BFF  srgba(55,82,59,1)
3,8: (14135,32382,12336,65535)  #377E30FF  srgba(55,126,48,1)
4,8: (14392,34181,27499,65535)  #38856BFF  srgba(56,133,107,1)
5,8: (14649,15677,23130,65535)  #393D5AFF  srgba(57,61,90,1)
6,8: (14649,15934,25700,65535)  #393E64FF  srgba(57,62,100,1)
7,8: (14649,31611,22616,65535)  #397B58FF  srgba(57,123,88,1)
8,8: (14906,21588,24415,65535)  #3A545FFF  srgba(58,84,95,1)
9,8: (14906,24158,25957,65535)  #3A5E65FF  srgba(58,94,101,1)
10,8: (14906,24158,28527,65535)  #3A5E6FFF  srgba(58,94,111,1)
11,8: (15163,21331,22359,65535)  #3B5357FF  srgba(59,83,87,1)
12,8: (15163,26728,24415,65535)  #3B685FFF  srgba(59,104,95,1)
13,8: (15420,4626,21074,65535)  #3C1252FF  srgba(60,18,82,1)
14,8: (15420,26728,22359,65535)  #3C6857FF  srgba(60,104,87,1)
15,8: (15420,35980,22616,65535)  #3C8C58FF  srgba(60,140,88,1)
0,9: (15677,6682,22616,65535)  #3D1A58FF  srgba(61,26,88,1)
1,9: (15677,8738,18504,65535)  #3D2248FF  srgba(61,34,72,1)
2,9: (15677,8995,21074,65535)  #3D2352FF  srgba(61,35,82,1)
3,9: (15934,7196,24929,65535)  #3E1C61FF  srgba(62,28,97,1)
4,9: (15934,7710,14906,65535)  #3E1E3AFF  srgba(62,30,58,1)
5,9: (15934,30069,19275,65535)  #3E754BFF  srgba(62,117,75,1)
6,9: (15934,34952,31097,65535)  #3E8879FF  srgba(62,136,121,1)
7,9: (16191,4883,14906,65535)  #3F133AFF  srgba(63,19,58,1)
8,9: (16191,6168,11308,65535)  #3F182CFF  srgba(63,24,44,1)
9,9: (16191,33410,19275,65535)  #3F824BFF  srgba(63,130,75,1)
10,9: (16448,6168,7710,65535)  #40181EFF  srgba(64,24,30,1)
11,9: (16448,37265,19275,65535)  #40914BFF  srgba(64,145,75,1)
12,9: (16962,20560,19275,65535)  #42504BFF  srgba(66,80,75,1)
13,9: (16962,25443,19275,65535)  #42634BFF  srgba(66,99,75,1)
14,9: (17476,15420,21074,65535)  #443C52FF  srgba(68,60,82,1)
15,9: (17733,4883,18504,65535)  #451348FF  srgba(69,19,72,1)
0,10: (17733,11822,8224,65535)  #452E20FF  srgba(69,46,32,1)
1,10: (17733,12336,15163,65535)  #45303BFF  srgba(69,48,59,1)
2,10: (17733,12593,12079,65535)  #45312FFF  srgba(69,49,47,1)
3,10: (17733,14906,18504,65535)  #453A48FF  srgba(69,58,72,1)
4,10: (17733,16962,8738,65535)  #454222FF  srgba(69,66,34,1)
5,10: (17990,17733,12079,65535)  #46452FFF  srgba(70,69,47,1)
6,10: (17990,17990,15420,65535)  #46463CFF  srgba(70,70,60,1)
7,10: (17990,24929,12079,65535)  #46612FFF  srgba(70,97,47,1)
8,10: (17990,25186,8738,65535)  #466222FF  srgba(70,98,34,1)
9,10: (17990,26728,15420,65535)  #46683CFF  srgba(70,104,60,1)
10,10: (18247,22616,15420,65535)  #47583CFF  srgba(71,88,60,1)
11,10: (18247,31354,11308,65535)  #477A2CFF  srgba(71,122,44,1)
12,10: (18247,32382,15420,65535)  #477E3CFF  srgba(71,126,60,1)
13,10: (18504,29555,11565,65535)  #48732DFF  srgba(72,115,45,1)
14,10: (18761,29555,15163,65535)  #49733BFF  srgba(73,115,59,1)
15,10: (18761,34181,12079,65535)  #49852FFF  srgba(73,133,47,1)
0,11: (18761,35723,15677,65535)  #498B3DFF  srgba(73,139,61,1)
1,11: (20303,5911,8995,65535)  #4F1723FF  srgba(79,23,35,1)
2,11: (20303,6168,14135,65535)  #4F1837FF  srgba(79,24,55,1)
3,11: (20560,34181,24929,65535)  #508561FF  srgba(80,133,97,1)
4,11: (20817,22102,19275,65535)  #51564BFF  srgba(81,86,75,1)
5,11: (20817,30326,22359,65535)  #517657FF  srgba(81,118,87,1)
6,11: (20817,31868,19018,65535)  #517C4AFF  srgba(81,124,74,1)
7,11: (20817,34695,19275,65535)  #51874BFF  srgba(81,135,75,1)
8,11: (21074,26728,19018,65535)  #52684AFF  srgba(82,104,74,1)
9,11: (21074,37008,22359,65535)  #529057FF  srgba(82,144,87,1)
10,11: (21331,15163,9509,65535)  #533B25FF  srgba(83,59,37,1)
11,11: (21331,16448,13107,65535)  #534033FF  srgba(83,64,51,1)
12,11: (21331,22102,22359,65535)  #535657FF  srgba(83,86,87,1)
13,11: (21331,25443,25443,65535)  #536363FF  srgba(83,99,99,1)
14,11: (21331,25443,27756,65535)  #53636CFF  srgba(83,99,108,1)
15,11: (21331,25957,22359,65535)  #536557FF  srgba(83,101,87,1)
0,12: (21588,13364,15677,65535)  #54343DFF  srgba(84,52,61,1)
1,12: (21588,25443,15934,65535)  #54633EFF  srgba(84,99,62,1)
2,12: (21588,25443,24158,65535)  #54635EFF  srgba(84,99,94,1)
3,12: (21588,25957,12079,65535)  #54652FFF  srgba(84,101,47,1)
4,12: (21588,29298,19018,65535)  #54724AFF  srgba(84,114,74,1)
5,12: (21588,39578,25186,65535)  #549A62FF  srgba(84,154,98,1)
6,12: (21845,20303,15677,65535)  #554F3DFF  srgba(85,79,61,1)
7,12: (21845,38807,19275,65535)  #55974BFF  srgba(85,151,75,1)
8,12: (22359,31097,15677,65535)  #57793DFF  srgba(87,121,61,1)
9,12: (22359,32125,12336,65535)  #577D30FF  srgba(87,125,48,1)
10,12: (23130,6425,15934,65535)  #5A193EFF  srgba(90,25,62,1)
11,12: (23130,15420,18761,65535)  #5A3C49FF  srgba(90,60,73,1)
12,12: (23130,40606,29041,65535)  #5A9E71FF  srgba(90,158,113,1)
13,12: (23387,6939,9766,65535)  #5B1B26FF  srgba(91,27,38,1)
14,12: (23644,10023,18761,65535)  #5C2749FF  srgba(92,39,73,1)
15,12: (23644,11565,24415,65535)  #5C2D5FFF  srgba(92,45,95,1)
0,13: (23644,11822,21331,65535)  #5C2E53FF  srgba(92,46,83,1)
1,13: (23644,22102,19275,65535)  #5C564BFF  srgba(92,86,75,1)
2,13: (23644,25443,14392,65535)  #5C6338FF  srgba(92,99,56,1)
3,13: (23644,26728,19275,65535)  #5C684BFF  srgba(92,104,75,1)
4,13: (23644,35723,28784,65535)  #5C8B70FF  srgba(92,139,112,1)
5,13: (23644,39578,33667,65535)  #5C9A83FF  srgba(92,154,131,1)
6,13: (23901,5654,18761,65535)  #5D1649FF  srgba(93,22,73,1)
7,13: (24158,5397,22873,65535)  #5E1559FF  srgba(94,21,89,1)
8,13: (24158,16705,15677,65535)  #5E413DFF  srgba(94,65,61,1)
9,13: (24158,23901,22359,65535)  #5E5D57FF  srgba(94,93,87,1)
10,13: (24158,32382,14392,65535)  #5E7E38FF  srgba(94,126,56,1)
11,13: (24158,39321,15677,65535)  #5E993DFF  srgba(94,153,61,1)
12,13: (24415,40092,41120,65535)  #5F9CA0FF  srgba(95,156,160,1)
13,13: (24672,6939,13621,65535)  #601B35FF  srgba(96,27,53,1)
14,13: (24672,17733,10280,65535)  #604528FF  srgba(96,69,40,1)
15,13: (24672,19532,13364,65535)  #604C34FF  srgba(96,76,52,1)
0,14: (24672,24929,25186,65535)  #606162FF  srgba(96,97,98,1)
1,14: (24672,31354,19275,65535)  #607A4BFF  srgba(96,122,75,1)
2,14: (24672,39321,12593,65535)  #609931FF  srgba(96,153,49,1)
3,14: (24929,10794,10023,65535)  #612A27FF  srgba(97,42,39,1)
4,14: (24929,38036,19018,65535)  #61944AFF  srgba(97,148,74,1)
5,14: (25186,39321,25186,65535)  #629962FF  srgba(98,153,98,1)
6,14: (25443,23644,19532,65535)  #635C4CFF  srgba(99,92,76,1)
7,14: (25700,11308,13107,65535)  #642C33FF  srgba(100,44,51,1)
8,14: (26214,30583,22359,65535)  #667757FF  srgba(102,119,87,1)
9,14: (26471,24929,13878,65535)  #676136FF  srgba(103,97,54,1)
10,14: (26471,24929,25443,65535)  #676163FF  srgba(103,97,99,1)
11,14: (26471,36751,22359,65535)  #678F57FF  srgba(103,143,87,1)
12,14: (26728,33153,14906,65535)  #68813AFF  srgba(104,129,58,1)
13,14: (26985,23644,19275,65535)  #695C4BFF  srgba(105,92,75,1)
14,14: (27242,9509,23130,65535)  #6A255AFF  srgba(106,37,90,1)
15,14: (27242,33410,24929,65535)  #6A8261FF  srgba(106,130,97,1)
0,15: (27499,4883,21074,65535)  #6B1352FF  srgba(107,19,82,1)
1,15: (27499,11308,15934,65535)  #6B2C3EFF  srgba(107,44,62,1)
2,15: (27499,23130,22359,65535)  #6B5A57FF  srgba(107,90,87,1)
3,15: (27756,19275,15934,65535)  #6C4B3EFF  srgba(108,75,62,1)
4,15: (27756,32382,19275,65535)  #6C7E4BFF  srgba(108,126,75,1)
5,15: (27756,38807,14135,65535)  #6C9737FF  srgba(108,151,55,1)
6,15: (28013,7196,16191,65535)  #6D1C3FFF  srgba(109,28,63,1)
7,15: (28527,6939,19275,65535)  #6F1B4BFF  srgba(111,27,75,1)
8,15: (28527,37265,19018,65535)  #6F914AFF  srgba(111,145,74,1)
9,15: (29041,12336,19018,65535)  #71304AFF  srgba(113,48,74,1)
10,15: (29812,25186,25700,65535)  #746264FF  srgba(116,98,100,1)
11,15: (30069,5140,20817,65535)  #751451FF  srgba(117,20,81,1)
12,15: (30069,23387,19275,65535)  #755B4BFF  srgba(117,91,75,1)
13,15: (30326,9252,22102,65535)  #762456FF  srgba(118,36,86,1)
14,15: (30583,9252,24672,65535)  #772460FF  srgba(119,36,96,1)
15,15: (0,65535,0,0)  #00FF0000  srgba(0,255,0,0)
