# ImageMagick pixel enumeration: 16,16,65535,srgba
0,0: (0,0,0,65535)  #000000FF  black
1,0: (0,0,257,65535)  #000001FF  srgba(0,0,1,1)
2,0: (0,0,3855,65535)  #00000FFF  srgba(0,0,15,1)
3,0: (0,0,6939,65535)  #00001BFF  srgba(0,0,27,1)
4,0: (0,0,10280,65535)  #000028FF  srgba(0,0,40,1)
5,0: (0,0,13878,65535)  #000036FF  srgba(0,0,54,1)
6,0: (0,257,12593,65535)  #000131FF  srgba(0,1,49,1)
7,0: (0,514,19275,65535)  #00024BFF  srgba(0,2,75,1)
8,0: (0,771,13621,65535)  #000335FF  srgba(0,3,53,1)
9,0: (0,1542,25443,65535)  #000663FF  srgba(0,6,99,1)
10,0: (0,2056,0,65535)  #000800FF  srgba(0,8,0,1)
11,0: (0,2827,20303,65535)  #000B4FFF  srgba(0,11,79,1)
12,0: (0,3084,13621,65535)  #000C35FF  srgba(0,12,53,1)
13,0: (0,3084,31868,65535)  #000C7CFF  srgba(0,12,124,1)
14,0: (0,3341,37522,65535)  #000D92FF  srgba(0,13,146,1)
15,0: (0,3855,26985,65535)  #000F69FF  srgba(0,15,105,1)
0,1: (0,4883,35980,65535)  #00138CFF  srgba(0,19,140,1)
1,1: (0,4883,40863,65535)  #00139FFF  srgba(0,19,159,1)
2,1: (0,5397,46260,65535)  #0015B4FF  srgba(0,21,180,1)
3,1: (0,6168,53199,65535)  #0018CFFF  srgba(0,24,207,1)
4,1: (0,6425,0,65535)  #001900FF  srgba(0,25,0,1)
5,1: (0,7453,55255,65535)  #001DD7FF  srgba(0,29,215,1)
6,1: (0,7453,60909,65535)  #001DEDFF  srgba(0,29,237,1)
7,1: (0,7710,1542,65535)  #001E06FF  srgba(0,30,6,1)
8,1: (0,7710,39321,65535)  #001E99FF  srgba(0,30,153,1)
9,1: (0,7967,32896,65535)  #001F80FF  srgba(0,31,128,1)
10,1: (0,7967,62451,65535)  #001FF3FF  srgba(0,31,243,1)
11,1: (0,8224,62965,65535)  #0020F5FF  srgba(0,32,245,1)
12,1: (0,11308,0,65535)  #002C00FF  srgba(0,44,0,1)
13,1: (0,13364,2056,65535)  #003408FF  srgba(0,52,8,1)
14,1: (0,13364,49344,65535)  #0034C0FF  srgba(0,52,192,1)
15,1: (0,14649,25186,65535)  #003962FF  srgba(0,57,98,1)
0,2: (0,14649,36494,65535)  #00398EFF  srgba(0,57,142,1)
1,2: (0,14906,14392,65535)  #003A38FF  srgba(0,58,56,1)
2,2: (0,16191,0,65535)  #003F00FF  srgba(0,63,0,1)
3,2: (0,18247,61423,65535)  #0047EFFF  srgba(0,71,239,1)
4,2: (0,20046,2827,65535)  #004E0BFF  srgba(0,78,11,1)
5,2: (0,22873,0,65535)  #005900FF  srgba(0,89,0,1)
6,2: (0,23387,36494,65535)  #005B8EFF  srgba(0,91,142,1)
7,2: (0,24158,50115,65535)  #005EC3FF  srgba(0,94,195,1)
8,2: (0,27242,23130,65535)  #006A5AFF  srgba(0,106,90,1)
9,2: (0,27499,3341,65535)  #006B0DFF  srgba(0,107,13,1)
10,2: (0,27756,6682,65535)  #006C1AFF  srgba(0,108,26,1)
11,2: (0,27756,11565,65535)  #006C2DFF  srgba(0,108,45,1)
12,2: (0,32125,4112,65535)  #007D10FF  srgba(0,125,16,1)
13,2: (0,33153,11308,65535)  #00812CFF  srgba(0,129,44,1)
14,2: (0,33153,18504,65535)  #008148FF  srgba(0,129,72,1)
15,2: (0,33153,25700,65535)  #008164FF  srgba(0,129,100,1)
0,3: (0,33153,50372,65535)  #0081C4FF  srgba(0,129,196,1)
1,3: (0,33153,59367,65535)  #0081E7FF  srgba(0,129,231,1)
2,3: (0,33410,57568,65535)  #0082E0FF  srgba(0,130,224,1)
3,3: (0,33667,61937,65535)  #0083F1FF  srgba(0,131,241,1)
4,3: (0,33924,42662,65535)  #0084A6FF  srgba(0,132,166,1)
5,3: (0,34181,7196,65535)  #00851CFF  srgba(0,133,28,1)
6,3: (0,34438,48830,65535)  #0086BEFF  srgba(0,134,190,1)
7,3: (0,34438,63479,65535)  #0086F7FF  srgba(0,134,247,1)
8,3: (0,34438,63736,65535)  #0086F8FF  srgba(0,134,248,1)
9,3: (0,34695,7196,65535)  #00871CFF  srgba(0,135,28,1)
10,3: (0,34695,42919,65535)  #0087A7FF  srgba(0,135,167,1)
11,3: (0,34952,10537,65535)  #008829FF  srgba(0,136,41,1)
12,3: (0,34952,18247,65535)  #008847FF  srgba(0,136,71,1)
13,3: (0,34952,26471,65535)  #008867FF  srgba(0,136,103,1)
14,3: (0,34952,32896,65535)  #008880FF  srgba(0,136,128,1)
15,3: (0,34952,33153,65535)  #008881FF  srgba(0,136,129,1)
0,4: (0,35209,39064,65535)  #008998FF  srgba(0,137,152,1)
1,4: (0,35466,50115,65535)  #008AC3FF  srgba(0,138,195,1)
2,4: (0,35466,58596,65535)  #008AE4FF  srgba(0,138,228,1)
3,4: (0,35466,58596,65535)  #008AE4FF  srgba(0,138,228,1)
4,4: (0,35723,7710,65535)  #008B1EFF  srgba(0,139,30,1)
5,4: (0,35980,7967,65535)  #008C1FFF  srgba(0,140,31,1)
6,4: (0,35980,8995,65535)  #008C23FF  srgba(0,140,35,1)
7,4: (0,35980,14392,65535)  #008C38FF  srgba(0,140,56,1)
8,4: (0,35980,22616,65535)  #008C58FF  srgba(0,140,88,1)
9,4: (0,35980,27499,65535)  #008C6BFF  srgba(0,140,107,1)
10,4: (0,35980,41634,65535)  #008CA2FF  srgba(0,140,162,1)
11,4: (0,36237,7710,65535)  #008D1EFF  srgba(0,141,30,1)
12,4: (257,0,0,65535)  #010000FF  srgba(1,0,0,1)
13,4: (257,0,1799,65535)  #010007FF  srgba(1,0,7,1)
14,4: (257,0,6682,65535)  #01001AFF  srgba(1,0,26,1)
15,4: (257,0,11308,65535)  #01002CFF  srgba(1,0,44,1)
0,5: (257,514,0,65535)  #010200FF  srgba(1,2,0,1)
1,5: (257,1542,12336,65535)  #010630FF  srgba(1,6,48,1)
2,5: (257,1542,16705,65535)  #010641FF  srgba(1,6,65,1)
3,5: (257,1799,20560,65535)  #010750FF  srgba(1,7,80,1)
4,5: (257,3084,26471,65535)  #010C67FF  srgba(1,12,103,1)
5,5: (257,5654,45746,65535)  #0116B2FF  srgba(1,22,178,1)
6,5: (257,6425,53199,65535)  #0119CFFF  srgba(1,25,207,1)
7,5: (257,7453,61166,65535)  #011DEEFF  srgba(1,29,238,1)
8,5: (257,7967,61680,65535)  #011FF0FF  srgba(1,31,240,1)
9,5: (257,34181,58596,65535)  #0185E4FF  srgba(1,133,228,1)
10,5: (257,34181,63736,65535)  #0185F8FF  srgba(1,133,248,1)
11,5: (514,0,771,65535)  #020003FF  srgba(2,0,3,1)
12,5: (514,3598,31611,65535)  #020E7BFF  srgba(2,14,123,1)
13,5: (514,4112,37265,65535)  #021091FF  srgba(2,16,145,1)
14,5: (514,4883,37522,65535)  #021392FF  srgba(2,19,146,1)
15,5: (514,7453,54484,65535)  #021DD4FF  srgba(2,29,212,1)
0,6: (514,8738,62194,65535)  #0222F2FF  srgba(2,34,242,1)
1,6: (514,15163,49344,65535)  #023BC0FF  srgba(2,59,192,1)
2,6: (514,23644,61680,65535)  #025CF0FF  srgba(2,92,240,1)
3,6: (514,25700,50629,65535)  #0264C5FF  srgba(2,100,197,1)
4,6: (514,34181,7453,65535)  #02851DFF  srgba(2,133,29,1)
5,6: (514,34181,48316,65535)  #0285BCFF  srgba(2,133,188,1)
6,6: (514,34695,21588,65535)  #028754FF  srgba(2,135,84,1)
7,6: (514,34952,33410,65535)  #028882FF  srgba(2,136,130,1)
8,6: (514,35209,40092,65535)  #02899CFF  srgba(2,137,156,1)
9,6: (514,35980,22616,65535)  #028C58FF  srgba(2,140,88,1)
10,6: (514,36494,8738,65535)  #028E22FF  srgba(2,142,34,1)
11,6: (771,0,6682,65535)  #03001AFF  srgba(3,0,26,1)
12,6: (771,257,0,65535)  #030100FF  srgba(3,1,0,1)
13,6: (771,1542,6939,65535)  #03061BFF  srgba(3,6,27,1)
14,6: (771,2827,1542,65535)  #030B06FF  srgba(3,11,6,1)
15,6: (771,20303,3598,65535)  #034F0EFF  srgba(3,79,14,1)
0,7: (771,33667,64250,65535)  #0383FAFF  srgba(3,131,250,1)
1,7: (771,34438,11822,65535)  #03862EFF  srgba(3,134,46,1)
2,7: (771,34952,8995,65535)  #038823FF  srgba(3,136,35,1)
3,7: (771,36237,12079,65535)  #038D2FFF  srgba(3,141,47,1)
4,7: (1028,1028,1542,65535)  #040406FF  srgba(4,4,6,1)
5,7: (1028,6939,38036,65535)  #041B94FF  srgba(4,27,148,1)
6,7: (1028,10023,6682,65535)  #04271AFF  srgba(4,39,26,1)
7,7: (1028,15420,37008,65535)  #043C90FF  srgba(4,60,144,1)
8,7: (1028,24415,36494,65535)  #045F8EFF  srgba(4,95,142,1)
9,7: (1028,27242,21845,65535)  #046A55FF  srgba(4,106,85,1)
10,7: (1028,32125,9252,65535)  #047D24FF  srgba(4,125,36,1)
11,7: (1028,32125,13878,65535)  #047D36FF  srgba(4,125,54,1)
12,7: (1028,32125,24415,65535)  #047D5FFF  srgba(4,125,95,1)
13,7: (1028,32382,58596,65535)  #047EE4FF  srgba(4,126,228,1)
14,7: (1285,9766,2827,65535)  #05260BFF  srgba(5,38,11,1)
15,7: (1285,15934,22873,65535)  #053E59FF  srgba(5,62,89,1)
0,8: (1285,25443,10280,65535)  #056328FF  srgba(5,99,40,1)
1,8: (1285,26471,7196,65535)  #05671CFF  srgba(5,103,28,1)
2,8: (1285,33667,37008,65535)  #058390FF  srgba(5,131,144,1)
3,8: (1542,17733,6425,65535)  #064519FF  srgba(6,69,25,1)
4,8: (1542,32639,48830,65535)  #067FBEFF  srgba(6,127,190,1)
5,8: (1799,0,0,65535)  #070000FF  srgba(7,0,0,1)
6,8: (1799,514,12593,65535)  #070231FF  srgba(7,2,49,1)
7,8: (1799,1799,0,65535)  #070700FF  srgba(7,7,0,1)
8,8: (1799,3084,20817,65535)  #070C51FF  srgba(7,12,81,1)
9,8: (1799,3855,26471,65535)  #070F67FF  srgba(7,15,103,1)
10,8: (2056,0,0,65535)  #080000FF  srgba(8,0,0,1)
11,8: (2056,3084,13621,65535)  #080C35FF  srgba(8,12,53,1)
12,8: (2056,31611,60395,65535)  #087BEBFF  srgba(8,123,235,1)
13,8: (2313,6939,45232,65535)  #091BB0FF  srgba(9,27,176,1)
14,8: (2313,8481,54484,65535)  #0921D4FF  srgba(9,33,212,1)
15,8: (2570,771,1542,65535)  #0A0306FF  srgba(10,3,6,1)
0,9: (3084,0,0,65535)  #0C0000FF  srgba(12,0,0,1)
1,9: (3084,0,771,65535)  #0C0003FF  srgba(12,0,3,1)
2,9: (3084,18504,56540,65535)  #0C48DCFF  srgba(12,72,220,1)
3,9: (3084,26471,58082,65535)  #0C67E2FF  srgba(12,103,226,1)
4,9: (3084,31097,49858,65535)  #0C79C2FF  srgba(12,121,194,1)
5,9: (3084,31868,38550,65535)  #0C7C96FF  srgba(12,124,150,1)
6,9: (3341,3341,3084,65535)  #0D0D0CFF  srgba(13,13,12,1)
7,9: (3341,18761,46003,65535)  #0D49B3FF  srgba(13,73,179,1)
8,9: (3341,25957,48316,65535)  #0D65BCFF  srgba(13,101,188,1)
9,9: (3598,9509,3855,65535)  #0E250FFF  srgba(14,37,15,1)
10,9: (3598,24672,7453,65535)  #0E601DFF  srgba(14,96,29,1)
11,9: (3598,30069,24415,65535)  #0E755FFF  srgba(14,117,95,1)
12,9: (3598,30583,9509,65535)  #0E7725FF  srgba(14,119,37,1)
13,9: (3855,0,0,65535)  #0F0000FF  srgba(15,0,0,1)
14,9: (3855,6168,38293,65535)  #0F1895FF  srgba(15,24,149,1)
15,9: (3855,30583,15163,65535)  #0F773BFF  srgba(15,119,59,1)
0,10: (4112,1028,1799,65535)  #100407FF  srgba(16,4,7,1)
1,10: (4112,5397,32125,65535)  #10157DFF  srgba(16,21,125,1)
2,10: (4112,31354,11308,65535)  #107A2CFF  srgba(16,122,44,1)
3,10: (4369,15677,6682,65535)  #113D1AFF  srgba(17,61,26,1)
4,10: (4626,16191,36751,65535)  #123F8FFF  srgba(18,63,143,1)
5,10: (4626,24415,37265,65535)  #125F91FF  srgba(18,95,145,1)
6,10: (4883,5397,6425,65535)  #131519FF  srgba(19,21,25,1)
7,10: (4883,21074,24929,65535)  #135261FF  srgba(19,82,97,1)
8,10: (5140,0,0,65535)  #140000FF  srgba(20,0,0,1)
9,10: (5140,12850,24929,65535)  #143261FF  srgba(20,50,97,1)
10,10: (5140,30840,44975,65535)  #1478AFFF  srgba(20,120,175,1)
11,10: (5654,2056,12079,65535)  #16082FFF  srgba(22,8,47,1)
12,10: (5654,2827,19275,65535)  #160B4BFF  srgba(22,11,75,1)
13,10: (5654,3855,25700,65535)  #160F64FF  srgba(22,15,100,1)
14,10: (5654,22873,9766,65535)  #165926FF  srgba(22,89,38,1)
15,10: (5911,0,6682,65535)  #17001AFF  srgba(23,0,26,1)
0,11: (6168,15163,14392,65535)  #183B38FF  srgba(24,59,56,1)
1,11: (6168,30583,59881,65535)  #1877E9FF  srgba(24,119,233,1)
2,11: (6682,0,0,65535)  #1A0000FF  srgba(26,0,0,1)
3,11: (6682,8738,6939,65535)  #1A221BFF  srgba(26,34,27,1)
4,11: (6682,23130,13621,65535)  #1A5A35FF  srgba(26,90,53,1)
5,11: (7196,15163,9766,65535)  #1C3B26FF  srgba(28,59,38,1)
6,11: (7196,25957,48059,65535)  #1C65BBFF  srgba(28,101,187,1)
7,11: (7196,26471,57825,65535)  #1C67E1FF  srgba(28,103,225,1)
8,11: (7453,0,257,65535)  #1D0001FF  srgba(29,0,1,1)
9,11: (7453,0,1028,65535)  #1D0004FF  srgba(29,0,4,1)
10,11: (7453,30583,44461,65535)  #1D77ADFF  srgba(29,119,173,1)
11,11: (7967,257,0,65535)  #1F0100FF  srgba(31,1,0,1)
12,11: (8224,0,0,65535)  #200000FF  srgba(32,0,0,1)
13,11: (8224,29298,12079,65535)  #20722FFF  srgba(32,114,47,1)
14,11: (8995,2313,12593,65535)  #230931FF  srgba(35,9,49,1)
15,11: (9509,2570,2570,65535)  #250A0AFF  srgba(37,10,10,1)
0,12: (9766,514,0,65535)  #260200FF  srgba(38,2,0,1)
1,12: (9766,2570,22873,65535)  #260A59FF  srgba(38,10,89,1)
2,12: (10023,20046,46774,65535)  #274EB6FF  srgba(39,78,182,1)
3,12: (10280,0,0,65535)  #280000FF  srgba(40,0,0,1)
4,12: (10537,0,0,65535)  #290000FF  srgba(41,0,0,1)
5,12: (10537,0,771,65535)  #290003FF  srgba(41,0,3,1)
6,12: (10537,771,771,65535)  #290303FF  srgba(41,3,3,1)
7,12: (10537,6168,7196,65535)  #29181CFF  srgba(41,24,28,1)
8,12: (10537,29555,17476,65535)  #297344FF  srgba(41,115,68,1)
9,12: (10794,20046,58339,65535)  #2A4EE3FF  srgba(42,78,227,1)
10,12: (11308,1028,1028,65535)  #2C0404FF  srgba(44,4,4,1)
11,12: (11308,22102,37008,65535)  #2C5690FF  srgba(44,86,144,1)
12,12: (11565,0,0,65535)  #2D0000FF  srgba(45,0,0,1)
13,12: (11822,514,0,65535)  #2E0200FF  srgba(46,2,0,1)
14,12: (11822,15677,11822,65535)  #2E3D2EFF  srgba(46,61,46,1)
15,12: (12079,257,257,65535)  #2F0101FF  srgba(47,1,1,1)
0,13: (12336,771,514,65535)  #300302FF  srgba(48,3,2,1)
1,13: (12336,1799,13107,65535)  #300733FF  srgba(48,7,51,1)
2,13: (12850,17990,20560,65535)  #324650FF  srgba(50,70,80,1)
3,13: (13107,1028,514,65535)  #330402FF  srgba(51,4,2,1)
4,13: (13364,257,0,65535)  #340100FF  srgba(52,1,0,1)
5,13: (13364,257,257,65535)  #340101FF  srgba(52,1,1,1)
6,13: (13364,1028,1028,65535)  #340404FF  srgba(52,4,4,1)
7,13: (13364,18504,14392,65535)  #344838FF  srgba(52,72,56,1)
8,13: (13621,771,514,65535)  #350302FF  srgba(53,3,2,1)
9,13: (13621,30069,42662,65535)  #3575A6FF  srgba(53,117,166,1)
10,13: (13878,1028,771,65535)  #360403FF  srgba(54,4,3,1)
11,13: (13878,1028,1028,65535)  #360404FF  srgba(54,4,4,1)
12,13: (14135,771,514,65535)  #370302FF  srgba(55,3,2,1)
13,13: (14135,8738,49858,65535)  #3722C2FF  srgba(55,34,194,1)
14,13: (14392,1028,1028,65535)  #380404FF  srgba(56,4,4,1)
15,13: (14649,771,514,65535)  #390302FF  srgba(57,3,2,1)
0,14: (14649,3855,34952,65535)  #390F88FF  srgba(57,15,136,1)
1,14: (14906,514,514,65535)  #3A0202FF  srgba(58,2,2,1)
2,14: (14906,1028,0,65535)  #3A0400FF  srgba(58,4,0,1)
3,14: (15163,1028,771,65535)  #3B0403FF  srgba(59,4,3,1)
4,14: (15420,1028,771,65535)  #3C0403FF  srgba(60,4,3,1)
5,14: (15420,3341,24415,65535)  #3C0D5FFF  srgba(60,13,95,1)
6,14: (15934,1285,771,65535)  #3E0503FF  srgba(62,5,3,1)
7,14: (16191,514,514,65535)  #3F0202FF  srgba(63,2,2,1)
8,14: (16448,514,0,65535)  #400200FF  srgba(64,2,0,1)
9,14: (16448,1028,514,65535)  #400402FF  srgba(64,4,2,1)
10,14: (16705,771,771,65535)  #410303FF  srgba(65,3,3,1)
11,14: (16705,6425,44204,65535)  #4119ACFF  srgba(65,25,172,1)
12,14: (16962,6939,39321,65535)  #421B99FF  srgba(66,27,153,1)
13,14: (17219,1028,771,65535)  #430403FF  srgba(67,4,3,1)
14,14: (17219,1028,1028,65535)  #430404FF  srgba(67,4,4,1)
15,14: (17219,19789,16962,65535)  #434D42FF  srgba(67,77,66,1)
0,15: (17476,1028,257,65535)  #440401FF  srgba(68,4,1,1)
1,15: (17476,26214,61680,65535)  #4466F0FF  srgba(68,102,240,1)
2,15: (17733,514,257,65535)  #450201FF  srgba(69,2,1,1)
3,15: (17733,25957,48830,65535)  #4565BEFF  srgba(69,101,190,1)
4,15: (17990,771,514,65535)  #460302FF  srgba(70,3,2,1)
5,15: (18247,1028,0,65535)  #470400FF  srgba(71,4,0,1)
6,15: (18247,1285,1285,65535)  #470505FF  srgba(71,5,5,1)
7,15: (18504,1028,514,65535)  #480402FF  srgba(72,4,2,1)
8,15: (18504,1028,514,65535)  #480402FF  srgba(72,4,2,1)
9,15: (18504,4626,35466,65535)  #48128AFF  srgba(72,18,138,1)
10,15: (19275,1028,1285,65535)  #4B0405FF  srgba(75,4,5,1)
11,15: (19275,27756,20303,65535)  #4B6C4FFF  srgba(75,108,79,1)
12,15: (20560,23644,36237,65535)  #505C8DFF  srgba(80,92,141,1)
13,15: (21074,22359,22873,65535)  #525759FF  srgba(82,87,89,1)
14,15: (26214,26728,26728,65535)  #666868FF  srgba(102,104,104,1)
15,15: (0,65535,0,0)  #00FF0000  srgba(0,255,0,0)
