# ImageMagick pixel enumeration: 16,16,65535,srgba
0,0: (0,0,0,65535)  #000000FF  black
1,0: (0,0,514,65535)  #000002FF  srgba(0,0,2,1)
2,0: (0,0,1285,65535)  #000005FF  srgba(0,0,5,1)
3,0: (0,0,2313,65535)  #000009FF  srgba(0,0,9,1)
4,0: (0,0,4626,65535)  #000012FF  srgba(0,0,18,1)
5,0: (0,0,7196,65535)  #00001CFF  srgba(0,0,28,1)
6,0: (0,0,7453,65535)  #00001DFF  srgba(0,0,29,1)
7,0: (0,0,10023,65535)  #000027FF  srgba(0,0,39,1)
8,0: (0,0,12079,65535)  #00002FFF  srgba(0,0,47,1)
9,0: (0,0,13621,65535)  #000035FF  srgba(0,0,53,1)
10,0: (0,257,10280,65535)  #000128FF  srgba(0,1,40,1)
11,0: (0,257,15677,65535)  #00013DFF  srgba(0,1,61,1)
12,0: (0,257,18504,65535)  #000148FF  srgba(0,1,72,1)
13,0: (0,514,17990,65535)  #000246FF  srgba(0,2,70,1)
14,0: (0,514,21074,65535)  #000252FF  srgba(0,2,82,1)
15,0: (0,771,15677,65535)  #00033DFF  srgba(0,3,61,1)
0,1: (0,771,23130,65535)  #00035AFF  srgba(0,3,90,1)
1,1: (0,771,25443,65535)  #000363FF  srgba(0,3,99,1)
2,1: (0,1028,24929,65535)  #000461FF  srgba(0,4,97,1)
3,1: (0,1285,27756,65535)  #00056CFF  srgba(0,5,108,1)
4,1: (0,1285,28270,65535)  #00056EFF  srgba(0,5,110,1)
5,1: (0,1285,29298,65535)  #000572FF  srgba(0,5,114,1)
6,1: (0,1285,33153,65535)  #000581FF  srgba(0,5,129,1)
7,1: (0,1542,34695,65535)  #000687FF  srgba(0,6,135,1)
8,1: (0,1799,36494,65535)  #00078EFF  srgba(0,7,142,1)
9,1: (0,3341,31097,65535)  #000D79FF  srgba(0,13,121,1)
10,1: (0,3598,41634,65535)  #000EA2FF  srgba(0,14,162,1)
11,1: (0,4112,38293,65535)  #001095FF  srgba(0,16,149,1)
12,1: (0,4112,46260,65535)  #0010B4FF  srgba(0,16,180,1)
13,1: (257,0,2570,65535)  #01000AFF  srgba(1,0,10,1)
14,1: (257,0,3855,65535)  #01000FFF  srgba(1,0,15,1)
15,1: (257,0,5397,65535)  #010015FF  srgba(1,0,21,1)
0,2: (257,771,13364,65535)  #010334FF  srgba(1,3,52,1)
1,2: (257,1799,19275,65535)  #01074BFF  srgba(1,7,75,1)
2,2: (257,3855,33410,65535)  #010F82FF  srgba(1,15,130,1)
3,2: (257,4112,35980,65535)  #01108CFF  srgba(1,16,140,1)
4,2: (257,5911,46774,65535)  #0117B6FF  srgba(1,23,182,1)
5,2: (514,0,3341,65535)  #02000DFF  srgba(2,0,13,1)
6,2: (514,514,7710,65535)  #02021EFF  srgba(2,2,30,1)
7,2: (514,1542,26471,65535)  #020667FF  srgba(2,6,103,1)
8,2: (514,3084,25443,65535)  #020C63FF  srgba(2,12,99,1)
9,2: (514,3598,28013,65535)  #020E6DFF  srgba(2,14,109,1)
10,2: (514,5397,41634,65535)  #0215A2FF  srgba(2,21,162,1)
11,2: (771,257,6168,65535)  #030118FF  srgba(3,1,24,1)
12,2: (771,1285,10023,65535)  #030527FF  srgba(3,5,39,1)
13,2: (771,1542,14392,65535)  #030638FF  srgba(3,6,56,1)
14,2: (771,4626,50372,65535)  #0312C4FF  srgba(3,18,196,1)
15,2: (1028,1542,10537,65535)  #040629FF  srgba(4,6,41,1)
0,3: (1028,1799,13878,65535)  #040736FF  srgba(4,7,54,1)
1,3: (1028,2056,19275,65535)  #04084BFF  srgba(4,8,75,1)
2,3: (1028,7196,52942,65535)  #041CCEFF  srgba(4,28,206,1)
3,3: (1285,514,6939,65535)  #05021BFF  srgba(5,2,27,1)
4,3: (1285,3084,21845,65535)  #050C55FF  srgba(5,12,85,1)
5,3: (1285,7196,50372,65535)  #051CC4FF  srgba(5,28,196,1)
6,3: (1542,1542,40349,65535)  #06069DFF  srgba(6,6,157,1)
7,3: (1542,1799,11822,65535)  #06072EFF  srgba(6,7,46,1)
8,3: (1542,2313,19018,65535)  #06094AFF  srgba(6,9,74,1)
9,3: (1542,4626,35980,65535)  #06128CFF  srgba(6,18,140,1)
10,3: (1542,4883,31611,65535)  #06137BFF  srgba(6,19,123,1)
11,3: (1542,4883,52685,65535)  #0613CDFF  srgba(6,19,205,1)
12,3: (1542,7196,57825,65535)  #061CE1FF  srgba(6,28,225,1)
13,3: (1542,7453,60909,65535)  #061DEDFF  srgba(6,29,237,1)
14,3: (1799,2056,12850,65535)  #070832FF  srgba(7,8,50,1)
15,3: (1799,5911,37265,65535)  #071791FF  srgba(7,23,145,1)
0,4: (2056,3341,14906,65535)  #080D3AFF  srgba(8,13,58,1)
1,4: (2056,4626,26471,65535)  #081267FF  srgba(8,18,103,1)
2,4: (2056,4626,46003,65535)  #0812B3FF  srgba(8,18,179,1)
3,4: (2056,5654,41120,65535)  #0816A0FF  srgba(8,22,160,1)
4,4: (2313,2056,43433,65535)  #0908A9FF  srgba(9,8,169,1)
5,4: (2313,3598,16191,65535)  #090E3FFF  srgba(9,14,63,1)
6,4: (2313,3855,18504,65535)  #090F48FF  srgba(9,15,72,1)
7,4: (2313,7453,47031,65535)  #091DB7FF  srgba(9,29,183,1)
8,4: (2570,7196,42405,65535)  #0A1CA5FF  srgba(10,28,165,1)
9,4: (2827,3341,13364,65535)  #0B0D34FF  srgba(11,13,52,1)
10,4: (2827,4626,21845,65535)  #0B1255FF  srgba(11,18,85,1)
11,4: (3084,771,35209,65535)  #0C0389FF  srgba(12,3,137,1)
12,4: (3084,7967,55512,65535)  #0C1FD8FF  srgba(12,31,216,1)
13,4: (3341,5140,55255,65535)  #0D14D7FF  srgba(13,20,215,1)
14,4: (3341,5654,32382,65535)  #0D167EFF  srgba(13,22,126,1)
15,4: (3598,257,27499,65535)  #0E016BFF  srgba(14,1,107,1)
0,5: (3598,5397,25443,65535)  #0E1563FF  srgba(14,21,99,1)
1,5: (3855,1285,13107,65535)  #0F0533FF  srgba(15,5,51,1)
2,5: (3855,5140,37522,65535)  #0F1492FF  srgba(15,20,146,1)
3,5: (3855,6682,27499,65535)  #0F1A6BFF  srgba(15,26,107,1)
4,5: (3855,7453,36751,65535)  #0F1D8FFF  srgba(15,29,143,1)
5,5: (4112,2313,46774,65535)  #1009B6FF  srgba(16,9,182,1)
6,5: (4626,4369,41891,65535)  #1211A3FF  srgba(18,17,163,1)
7,5: (4626,7453,31868,65535)  #121D7CFF  srgba(18,29,124,1)
8,5: (4883,3855,47288,65535)  #130FB8FF  srgba(19,15,184,1)
9,5: (5140,7710,42405,65535)  #141EA5FF  srgba(20,30,165,1)
10,5: (5397,7967,47288,65535)  #151FB8FF  srgba(21,31,184,1)
11,5: (5654,514,20817,65535)  #160251FF  srgba(22,2,81,1)
12,5: (5654,6939,58082,65535)  #161BE2FF  srgba(22,27,226,1)
13,5: (5654,7453,52171,65535)  #161DCBFF  srgba(22,29,203,1)
14,5: (5654,7710,61166,65535)  #161EEEFF  srgba(22,30,238,1)
15,5: (6168,3598,51657,65535)  #180EC9FF  srgba(24,14,201,1)
0,6: (7710,1542,42148,65535)  #1E06A4FF  srgba(30,6,164,1)
1,6: (7967,8995,36751,65535)  #1F238FFF  srgba(31,35,143,1)
2,6: (8224,2056,47545,65535)  #2008B9FF  srgba(32,8,185,1)
3,6: (8481,4369,42405,65535)  #2111A5FF  srgba(33,17,165,1)
4,6: (8995,8224,42919,65535)  #2320A7FF  srgba(35,32,167,1)
5,6: (9252,3598,47288,65535)  #240EB8FF  srgba(36,14,184,1)
6,6: (9252,6168,59110,65535)  #2418E6FF  srgba(36,24,230,1)
7,6: (9252,8738,56283,65535)  #2422DBFF  srgba(36,34,219,1)
8,6: (9509,3341,51914,65535)  #250DCAFF  srgba(37,13,202,1)
9,6: (9509,4369,56026,65535)  #2511DAFF  srgba(37,17,218,1)
10,6: (9509,7710,62194,65535)  #251EF2FF  srgba(37,30,242,1)
11,6: (9509,8481,52171,65535)  #2521CBFF  srgba(37,33,203,1)
12,6: (9509,8738,47545,65535)  #2522B9FF  srgba(37,34,185,1)
13,6: (9509,9766,60652,65535)  #2526ECFF  srgba(37,38,236,1)
14,6: (10023,514,35466,65535)  #27028AFF  srgba(39,2,138,1)
15,6: (10280,257,28270,65535)  #28016EFF  srgba(40,1,110,1)
0,7: (11822,2313,47802,65535)  #2E09BAFF  srgba(46,9,186,1)
1,7: (12336,1542,42405,65535)  #3006A5FF  srgba(48,6,165,1)
2,7: (13621,3598,50886,65535)  #350EC6FF  srgba(53,14,198,1)
3,7: (13621,4369,54998,65535)  #3511D6FF  srgba(53,17,214,1)
4,7: (13621,8738,38550,65535)  #352296FF  srgba(53,34,150,1)
5,7: (13621,9766,59367,65535)  #3526E7FF  srgba(53,38,231,1)
6,7: (13878,7453,32639,65535)  #361D7FFF  srgba(54,29,127,1)
7,7: (13878,8738,55255,65535)  #3622D7FF  srgba(54,34,215,1)
8,7: (13878,9252,62965,65535)  #3624F5FF  srgba(54,36,245,1)
9,7: (14135,6168,43176,65535)  #3718A8FF  srgba(55,24,168,1)
10,7: (14135,9252,18761,65535)  #372449FF  srgba(55,36,73,1)
11,7: (14392,5654,59110,65535)  #3816E6FF  srgba(56,22,230,1)
12,7: (14649,7967,50629,65535)  #391FC5FF  srgba(57,31,197,1)
13,7: (14649,11308,55512,65535)  #392CD8FF  srgba(57,44,216,1)
14,7: (14906,3855,47031,65535)  #3A0FB7FF  srgba(58,15,183,1)
15,7: (15163,8738,47031,65535)  #3B22B7FF  srgba(59,34,183,1)
0,8: (15163,11822,61937,65535)  #3B2EF1FF  srgba(59,46,241,1)
1,8: (16448,11822,50886,65535)  #402EC6FF  srgba(64,46,198,1)
2,8: (18247,12850,60652,65535)  #4732ECFF  srgba(71,50,236,1)
3,8: (18247,12850,64764,65535)  #4732FCFF  srgba(71,50,252,1)
4,8: (18504,4369,50886,65535)  #4811C6FF  srgba(72,17,198,1)
5,8: (18504,8738,63222,65535)  #4822F6FF  srgba(72,34,246,1)
6,8: (18761,6682,59110,65535)  #491AE6FF  srgba(73,26,230,1)
7,8: (19018,5140,54998,65535)  #4A14D6FF  srgba(74,20,214,1)
8,8: (19789,13364,55255,65535)  #4D34D7FF  srgba(77,52,215,1)
9,8: (20046,10023,42919,65535)  #4E27A7FF  srgba(78,39,167,1)
10,8: (20303,13364,24415,65535)  #4F345FFF  srgba(79,52,95,1)
11,8: (20560,11822,39064,65535)  #502E98FF  srgba(80,46,152,1)
12,8: (20817,6425,50629,65535)  #5119C5FF  srgba(81,25,197,1)
13,8: (21074,6168,47288,65535)  #5218B8FF  srgba(82,24,184,1)
14,8: (21074,6682,55512,65535)  #521AD8FF  srgba(82,26,216,1)
15,8: (21074,13621,61680,65535)  #5235F0FF  srgba(82,53,240,1)
0,9: (21845,13107,65278,65535)  #5533FEFF  srgba(85,51,254,1)
1,9: (22102,10794,33153,65535)  #562A81FF  srgba(86,42,129,1)
2,9: (22359,9252,62965,65535)  #5724F5FF  srgba(87,36,245,1)
3,9: (22616,7196,59110,65535)  #581CE6FF  srgba(88,28,230,1)
4,9: (22873,15677,63736,65535)  #593DF8FF  srgba(89,61,248,1)
5,9: (23130,10280,47031,65535)  #5A28B7FF  srgba(90,40,183,1)
6,9: (24929,6168,54998,65535)  #6118D6FF  srgba(97,24,214,1)
7,9: (25957,5911,51143,65535)  #6517C7FF  srgba(101,23,199,1)
8,9: (25957,8481,60652,65535)  #6521ECFF  srgba(101,33,236,1)
9,9: (25957,14649,55512,65535)  #6539D8FF  srgba(101,57,216,1)
10,9: (26214,16962,64250,65535)  #6642FAFF  srgba(102,66,250,1)
11,9: (26985,7710,50886,65535)  #691EC6FF  srgba(105,30,198,1)
12,9: (26985,12079,64250,65535)  #692FFAFF  srgba(105,47,250,1)
13,9: (27242,14649,43176,65535)  #6A39A8FF  srgba(106,57,168,1)
14,9: (27499,11565,50629,65535)  #6B2DC5FF  srgba(107,45,197,1)
15,9: (28013,23901,31611,65535)  #6D5D7BFF  srgba(109,93,123,1)
0,10: (28527,6939,54998,65535)  #6F1BD6FF  srgba(111,27,214,1)
1,10: (28527,11308,47288,65535)  #6F2CB8FF  srgba(111,44,184,1)
2,10: (29555,8995,59881,65535)  #7323E9FF  srgba(115,35,233,1)
3,10: (29555,17219,63993,65535)  #7343F9FF  srgba(115,67,249,1)
4,10: (29812,16962,65535,65535)  #7442FFFF  srgba(116,66,255,1)
5,10: (29812,20817,62194,65535)  #7451F2FF  srgba(116,81,242,1)
6,10: (30326,8481,55255,65535)  #7621D7FF  srgba(118,33,215,1)
7,10: (30840,12079,62965,65535)  #782FF5FF  srgba(120,47,245,1)
8,10: (31611,23130,42919,65535)  #7B5AA7FF  srgba(123,90,167,1)
9,10: (31868,11565,54998,65535)  #7C2DD6FF  srgba(124,45,214,1)
10,10: (32125,10023,51143,65535)  #7D27C7FF  srgba(125,39,199,1)
11,10: (32125,21331,65535,65535)  #7D53FFFF  srgba(125,83,255,1)
12,10: (33667,21074,54484,65535)  #8352D4FF  srgba(131,82,212,1)
13,10: (33924,15420,47545,65535)  #843CB9FF  srgba(132,60,185,1)
14,10: (34438,22359,63993,65535)  #8657F9FF  srgba(134,87,249,1)
15,10: (35209,13364,63479,65535)  #8934F7FF  srgba(137,52,247,1)
0,11: (35466,11565,59624,65535)  #8A2DE8FF  srgba(138,45,232,1)
1,11: (35723,17219,65535,65535)  #8B43FFFF  srgba(139,67,255,1)
2,11: (35980,13364,51143,65535)  #8C34C7FF  srgba(140,52,199,1)
3,11: (35980,16448,64250,65535)  #8C40FAFF  srgba(140,64,250,1)
4,11: (36237,10023,54741,65535)  #8D27D5FF  srgba(141,39,213,1)
5,11: (37265,26985,63222,65535)  #9169F6FF  srgba(145,105,246,1)
6,11: (37779,13107,54998,65535)  #9333D6FF  srgba(147,51,214,1)
7,11: (37779,22359,63736,65535)  #9357F8FF  srgba(147,87,248,1)
8,11: (38036,23130,45489,65535)  #945AB1FF  srgba(148,90,177,1)
9,11: (38807,20817,65535,65535)  #9751FFFF  srgba(151,81,255,1)
10,11: (38807,24672,65535,65535)  #9760FFFF  srgba(151,96,255,1)
11,11: (39835,22359,49344,65535)  #9B57C0FF  srgba(155,87,192,1)
12,11: (39835,34181,43690,65535)  #9B85AAFF  srgba(155,133,170,1)
13,11: (40092,16448,51400,65535)  #9C40C8FF  srgba(156,64,200,1)
14,11: (40863,14392,61166,65535)  #9F38EEFF  srgba(159,56,238,1)
15,11: (41120,17733,64250,65535)  #A045FAFF  srgba(160,69,250,1)
0,12: (41634,14392,55255,65535)  #A238D7FF  srgba(162,56,215,1)
1,12: (41634,28784,65535,65535)  #A270FFFF  srgba(162,112,255,1)
2,12: (43176,21331,53456,65535)  #A853D0FF  srgba(168,83,208,1)
3,12: (43947,27499,49601,65535)  #AB6BC1FF  srgba(171,107,193,1)
4,12: (44461,21331,65535,65535)  #AD53FFFF  srgba(173,83,255,1)
5,12: (44461,24929,65535,65535)  #AD61FFFF  srgba(173,97,255,1)
6,12: (44718,16962,62194,65535)  #AE42F2FF  srgba(174,66,242,1)
7,12: (45489,25700,53713,65535)  #B164D1FF  srgba(177,100,209,1)
8,12: (45489,34695,49601,65535)  #B187C1FF  srgba(177,135,193,1)
9,12: (45746,16448,56026,65535)  #B240DAFF  srgba(178,64,218,1)
10,12: (46003,21588,62194,65535)  #B354F2FF  srgba(179,84,242,1)
11,12: (46260,28013,63222,65535)  #B46DF6FF  srgba(180,109,246,1)
12,12: (46260,37008,53456,65535)  #B490D0FF  srgba(180,144,208,1)
13,12: (46774,21588,54484,65535)  #B654D4FF  srgba(182,84,212,1)
14,12: (46774,29555,52942,65535)  #B673CEFF  srgba(182,115,206,1)
15,12: (47031,33410,63479,65535)  #B782F7FF  srgba(183,130,247,1)
0,13: (47288,36494,65535,65535)  #B88EFFFF  srgba(184,142,255,1)
1,13: (47802,28784,65535,65535)  #BA70FFFF  srgba(186,112,255,1)
2,13: (47802,32382,65535,65535)  #BA7EFFFF  srgba(186,126,255,1)
3,13: (48830,17990,60652,65535)  #BE46ECFF  srgba(190,70,236,1)
4,13: (49858,23644,65535,65535)  #C25CFFFF  srgba(194,92,255,1)
5,13: (50629,21845,61937,65535)  #C555F1FF  srgba(197,85,241,1)
6,13: (51400,38550,65535,65535)  #C896FFFF  srgba(200,150,255,1)
7,13: (51914,23387,56026,65535)  #CA5BDAFF  srgba(202,91,218,1)
8,13: (52171,39321,61680,65535)  #CB99F0FF  srgba(203,153,240,1)
9,13: (52685,27756,61166,65535)  #CD6CEEFF  srgba(205,108,238,1)
10,13: (52942,28270,55512,65535)  #CE6ED8FF  srgba(206,110,216,1)
11,13: (52942,32896,54227,65535)  #CE80D3FF  srgba(206,128,211,1)
12,13: (54227,24672,65535,65535)  #D360FFFF  srgba(211,96,255,1)
13,13: (54227,29041,65535,65535)  #D371FFFF  srgba(211,113,255,1)
14,13: (54484,37265,54741,65535)  #D491D5FF  srgba(212,145,213,1)
15,13: (54998,33410,61166,65535)  #D682EEFF  srgba(214,130,238,1)
0,14: (55255,22873,61937,65535)  #D759F1FF  srgba(215,89,241,1)
1,14: (55255,32382,65535,65535)  #D77EFFFF  srgba(215,126,255,1)
2,14: (55255,36237,65535,65535)  #D78DFFFF  srgba(215,141,255,1)
3,14: (55255,43176,65535,65535)  #D7A8FFFF  srgba(215,168,255,1)
4,14: (55769,43433,56026,65535)  #D9A9DAFF  srgba(217,169,218,1)
5,14: (56283,48059,60395,65535)  #DBBBEBFF  srgba(219,187,235,1)
6,14: (57054,28270,62708,65535)  #DE6EF4FF  srgba(222,110,244,1)
7,14: (57568,33153,62965,65535)  #E081F5FF  srgba(224,129,245,1)
8,14: (57568,39321,61937,65535)  #E099F1FF  srgba(224,153,241,1)
9,14: (60395,27756,62708,65535)  #EB6CF4FF  srgba(235,108,244,1)
10,14: (60395,28527,65535,65535)  #EB6FFFFF  srgba(235,111,255,1)
11,14: (60652,35980,65535,65535)  #EC8CFFFF  srgba(236,140,255,1)
12,14: (61166,31611,65535,65535)  #EE7BFFFF  srgba(238,123,255,1)
13,14: (61166,31868,62708,65535)  #EE7CF4FF  srgba(238,124,244,1)
14,14: (61166,47288,60395,65535)  #EEB8EBFF  srgba(238,184,235,1)
15,14: (61166,52428,60909,65535)  #EECCEDFF  srgba(238,204,237,1)
0,15: (61423,36237,60909,65535)  #EF8DEDFF  srgba(239,141,237,1)
1,15: (61680,41891,61166,65535)  #F0A3EEFF  srgba(240,163,238,1)
2,15: (63479,37008,64507,65535)  #F790FBFF  srgba(247,144,251,1)
3,15: (64250,41377,64764,65535)  #FAA1FCFF  srgba(250,161,252,1)
4,15: (64250,41891,65535,65535)  #FAA3FFFF  srgba(250,163,255,1)
5,15: (64250,57825,64250,65535)  #FAE1FAFF  srgba(250,225,250,1)
6,15: (64250,62708,64764,65535)  #FAF4FCFF  srgba(250,244,252,1)
7,15: (64764,36494,65535,65535)  #FC8EFFFF  srgba(252,142,255,1)
8,15: (64764,45746,65535,65535)  #FCB2FFFF  srgba(252,178,255,1)
9,15: (64764,47802,65021,65535)  #FCBAFDFF  srgba(252,186,253,1)
10,15: (64764,52685,65021,65535)  #FCCDFDFF  srgba(252,205,253,1)
11,15: (65021,52685,65535,65535)  #FDCDFFFF  srgba(253,205,255,1)
12,15: (65278,57311,65535,65535)  #FEDFFFFF  srgba(254,223,255,1)
13,15: (65278,63993,65278,65535)  #FEF9FEFF  srgba(254,249,254,1)
14,15: (65535,62194,65278,65535)  #FFF2FEFF  srgba(255,242,254,1)
15,15: (0,65535,0,0)  #00FF0000  srgba(0,255,0,0)
