# ImageMagick pixel enumeration: 16,16,65535,srgba
0,0: (0,0,0,65535)  #000000FF  black
1,0: (0,771,0,65535)  #000300FF  srgba(0,3,0,1)
2,0: (0,1799,257,65535)  #000701FF  srgba(0,7,1,1)
3,0: (0,2570,0,65535)  #000A00FF  srgba(0,10,0,1)
4,0: (0,4626,32639,65535)  #00127FFF  srgba(0,18,127,1)
5,0: (0,4883,37522,65535)  #001392FF  srgba(0,19,146,1)
6,0: (0,5140,257,65535)  #001401FF  srgba(0,20,1,1)
7,0: (0,5654,26728,65535)  #001668FF  srgba(0,22,104,1)
8,0: (0,6682,37522,65535)  #001A92FF  srgba(0,26,146,1)
9,0: (0,7453,514,65535)  #001D02FF  srgba(0,29,2,1)
10,0: (0,9252,32382,65535)  #00247EFF  srgba(0,36,126,1)
11,0: (0,9509,41120,65535)  #0025A0FF  srgba(0,37,160,1)
12,0: (0,9766,39321,65535)  #002699FF  srgba(0,38,153,1)
13,0: (0,10280,1028,65535)  #002804FF  srgba(0,40,4,1)
14,0: (0,10794,37779,65535)  #002A93FF  srgba(0,42,147,1)
15,0: (0,11308,26214,65535)  #002C66FF  srgba(0,44,102,1)
0,1: (0,13107,1542,65535)  #003306FF  srgba(0,51,6,1)
1,1: (0,15934,3084,65535)  #003E0CFF  srgba(0,62,12,1)
2,1: (0,16191,3341,65535)  #003F0DFF  srgba(0,63,13,1)
3,1: (0,16705,4369,65535)  #004111FF  srgba(0,65,17,1)
4,1: (0,17990,16448,65535)  #004640FF  srgba(0,70,64,1)
5,1: (0,18247,3084,65535)  #00470CFF  srgba(0,71,12,1)
6,1: (0,18761,3084,65535)  #00490CFF  srgba(0,73,12,1)
7,1: (0,18761,31354,65535)  #00497AFF  srgba(0,73,122,1)
8,1: (0,20560,4369,65535)  #005011FF  srgba(0,80,17,1)
9,1: (0,24929,38293,65535)  #006195FF  srgba(0,97,149,1)
10,1: (0,25957,5140,65535)  #006514FF  srgba(0,101,20,1)
11,1: (0,27242,31354,65535)  #006A7AFF  srgba(0,106,122,1)
12,1: (0,28013,17476,65535)  #006D44FF  srgba(0,109,68,1)
13,1: (0,30069,6168,65535)  #007518FF  srgba(0,117,24,1)
14,1: (0,34181,6682,65535)  #00851AFF  srgba(0,133,26,1)
15,1: (0,34695,31097,65535)  #008779FF  srgba(0,135,121,1)
0,2: (0,35466,16705,65535)  #008A41FF  srgba(0,138,65,1)
1,2: (0,37265,39064,65535)  #009198FF  srgba(0,145,152,1)
2,2: (0,40349,8224,65535)  #009D20FF  srgba(0,157,32,1)
3,2: (0,47031,10280,65535)  #00B728FF  srgba(0,183,40,1)
4,2: (0,50115,10537,65535)  #00C329FF  srgba(0,195,41,1)
5,2: (0,62965,40863,65535)  #00F59FFF  srgba(0,245,159,1)
6,2: (0,63479,13621,65535)  #00F735FF  srgba(0,247,53,1)
7,2: (0,63479,44204,65535)  #00F7ACFF  srgba(0,247,172,1)
8,2: (257,1285,0,65535)  #010500FF  srgba(1,5,0,1)
9,2: (257,4369,37522,65535)  #011192FF  srgba(1,17,146,1)
10,2: (257,5911,514,65535)  #011702FF  srgba(1,23,2,1)
11,2: (257,7710,34952,65535)  #011E88FF  srgba(1,30,136,1)
12,2: (257,9252,1028,65535)  #012404FF  srgba(1,36,4,1)
13,2: (257,12593,2313,65535)  #013109FF  srgba(1,49,9,1)
14,2: (257,14906,38550,65535)  #013A96FF  srgba(1,58,150,1)
15,2: (257,17476,4369,65535)  #014411FF  srgba(1,68,17,1)
0,3: (257,18247,5397,65535)  #014715FF  srgba(1,71,21,1)
1,3: (257,22616,5397,65535)  #015815FF  srgba(1,88,21,1)
2,3: (257,31611,7967,65535)  #017B1FFF  srgba(1,123,31,1)
3,3: (257,36494,8224,65535)  #018E20FF  srgba(1,142,32,1)
4,3: (257,38550,47031,65535)  #0196B7FF  srgba(1,150,183,1)
5,3: (257,40863,30326,65535)  #019F76FF  srgba(1,159,118,1)
6,3: (257,41377,19532,65535)  #01A14CFF  srgba(1,161,76,1)
7,3: (257,44204,9766,65535)  #01AC26FF  srgba(1,172,38,1)
8,3: (257,49601,30326,65535)  #01C176FF  srgba(1,193,118,1)
9,3: (257,51914,18761,65535)  #01CA49FF  srgba(1,202,73,1)
10,3: (257,57568,13878,65535)  #01E036FF  srgba(1,224,54,1)
11,3: (257,62708,14906,65535)  #01F43AFF  srgba(1,244,58,1)
12,3: (257,62965,27756,65535)  #01F56CFF  srgba(1,245,108,1)
13,3: (514,0,514,65535)  #020002FF  srgba(2,0,2,1)
14,3: (514,1799,3855,65535)  #02070FFF  srgba(2,7,15,1)
15,3: (514,2570,1028,65535)  #020A04FF  srgba(2,10,4,1)
0,4: (514,3084,28527,65535)  #020C6FFF  srgba(2,12,111,1)
1,4: (514,3598,33153,65535)  #020E81FF  srgba(2,14,129,1)
2,4: (514,5911,17219,65535)  #021743FF  srgba(2,23,67,1)
3,4: (514,11822,16962,65535)  #022E42FF  srgba(2,46,66,1)
4,4: (514,12593,3341,65535)  #02310DFF  srgba(2,49,13,1)
5,4: (514,14135,3598,65535)  #02370EFF  srgba(2,55,14,1)
6,4: (514,16191,3598,65535)  #023F0EFF  srgba(2,63,14,1)
7,4: (514,27499,40863,65535)  #026B9FFF  srgba(2,107,159,1)
8,4: (514,37522,9509,65535)  #029225FF  srgba(2,146,37,1)
9,4: (514,41120,9766,65535)  #02A026FF  srgba(2,160,38,1)
10,4: (514,50115,13621,65535)  #02C335FF  srgba(2,195,53,1)
11,4: (514,51657,40863,65535)  #02C99FFF  srgba(2,201,159,1)
12,4: (514,52171,12079,65535)  #02CB2FFF  srgba(2,203,47,1)
13,4: (514,62708,17219,65535)  #02F443FF  srgba(2,244,67,1)
14,4: (771,0,0,65535)  #030000FF  srgba(3,0,0,1)
15,4: (771,0,1285,65535)  #030005FF  srgba(3,0,5,1)
0,5: (771,2313,22359,65535)  #030957FF  srgba(3,9,87,1)
1,5: (771,4369,35209,65535)  #031189FF  srgba(3,17,137,1)
2,5: (771,6425,8995,65535)  #031923FF  srgba(3,25,35,1)
3,5: (771,9252,3341,65535)  #03240DFF  srgba(3,36,13,1)
4,5: (771,24672,38293,65535)  #036095FF  srgba(3,96,149,1)
5,5: (771,25443,6168,65535)  #036318FF  srgba(3,99,24,1)
6,5: (771,33153,9509,65535)  #038125FF  srgba(3,129,37,1)
7,5: (771,37008,39321,65535)  #039099FF  srgba(3,144,153,1)
8,5: (771,38550,42405,65535)  #0396A5FF  srgba(3,150,165,1)
9,5: (771,52428,44204,65535)  #03CCACFF  srgba(3,204,172,1)
10,5: (771,59881,48316,65535)  #03E9BCFF  srgba(3,233,188,1)
11,5: (1028,1799,16705,65535)  #040741FF  srgba(4,7,65,1)
12,5: (1028,3855,35723,65535)  #040F8BFF  srgba(4,15,139,1)
13,5: (1028,5911,1542,65535)  #041706FF  srgba(4,23,6,1)
14,5: (1028,8481,38293,65535)  #042195FF  srgba(4,33,149,1)
15,5: (1028,10280,2056,65535)  #042808FF  srgba(4,40,8,1)
0,6: (1028,12336,8738,65535)  #043022FF  srgba(4,48,34,1)
1,6: (1028,16705,40863,65535)  #04419FFF  srgba(4,65,159,1)
2,6: (1285,1542,10280,65535)  #050628FF  srgba(5,6,40,1)
3,6: (1285,5140,37265,65535)  #051491FF  srgba(5,20,145,1)
4,6: (1285,8995,41377,65535)  #0523A1FF  srgba(5,35,161,1)
5,6: (1285,16962,4626,65535)  #054212FF  srgba(5,66,18,1)
6,6: (1285,18761,5397,65535)  #054915FF  srgba(5,73,21,1)
7,6: (1285,20046,6682,65535)  #054E1AFF  srgba(5,78,26,1)
8,6: (1542,3855,37522,65535)  #060F92FF  srgba(6,15,146,1)
9,6: (1542,5397,39321,65535)  #061599FF  srgba(6,21,153,1)
10,6: (1799,0,7967,65535)  #07001FFF  srgba(7,0,31,1)
11,6: (1799,4883,38550,65535)  #071396FF  srgba(7,19,150,1)
12,6: (1799,5140,1542,65535)  #071406FF  srgba(7,20,6,1)
13,6: (1799,8995,2313,65535)  #072309FF  srgba(7,35,9,1)
14,6: (1799,18761,30583,65535)  #074977FF  srgba(7,73,119,1)
15,6: (1799,26471,46517,65535)  #0767B5FF  srgba(7,103,181,1)
0,7: (1799,31097,8224,65535)  #077920FF  srgba(7,121,32,1)
1,7: (1799,44461,11822,65535)  #07AD2EFF  srgba(7,173,46,1)
2,7: (2056,4883,39578,65535)  #08139AFF  srgba(8,19,154,1)
3,7: (2056,8738,26214,65535)  #082266FF  srgba(8,34,102,1)
4,7: (2056,10023,4883,65535)  #082713FF  srgba(8,39,19,1)
5,7: (2056,12593,3598,65535)  #08310EFF  srgba(8,49,14,1)
6,7: (2056,14135,4883,65535)  #083713FF  srgba(8,55,19,1)
7,7: (2313,0,0,65535)  #090000FF  srgba(9,0,0,1)
8,7: (2313,0,4112,65535)  #090010FF  srgba(9,0,16,1)
9,7: (2313,1542,257,65535)  #090601FF  srgba(9,6,1,1)
10,7: (2313,8224,3598,65535)  #09200EFF  srgba(9,32,14,1)
11,7: (2313,50372,49344,65535)  #09C4C0FF  srgba(9,196,192,1)
12,7: (2570,1028,0,65535)  #0A0400FF  srgba(10,4,0,1)
13,7: (2570,17733,45746,65535)  #0A45B2FF  srgba(10,69,178,1)
14,7: (2570,30326,30583,65535)  #0A7677FF  srgba(10,118,119,1)
15,7: (2570,53199,14135,65535)  #0ACF37FF  srgba(10,207,55,1)
0,8: (2827,6682,2056,65535)  #0B1A08FF  srgba(11,26,8,1)
1,8: (2827,17219,5654,65535)  #0B4316FF  srgba(11,67,22,1)
2,8: (2827,19532,8995,65535)  #0B4C23FF  srgba(11,76,35,1)
3,8: (2827,25957,8224,65535)  #0B6520FF  srgba(11,101,32,1)
4,8: (2827,31354,17990,65535)  #0B7A46FF  srgba(11,122,70,1)
5,8: (3084,33924,9766,65535)  #0C8426FF  srgba(12,132,38,1)
6,8: (3084,47545,26728,65535)  #0CB968FF  srgba(12,185,104,1)
7,8: (3341,2313,1285,65535)  #0D0905FF  srgba(13,9,5,1)
8,8: (3341,4883,37265,65535)  #0D1391FF  srgba(13,19,145,1)
9,8: (3341,8995,3598,65535)  #0D230EFF  srgba(13,35,14,1)
10,8: (3341,33924,11822,65535)  #0D842EFF  srgba(13,132,46,1)
11,8: (3598,0,0,65535)  #0E0000FF  srgba(14,0,0,1)
12,8: (3598,0,514,65535)  #0E0002FF  srgba(14,0,2,1)
13,8: (4112,0,0,65535)  #100000FF  srgba(16,0,0,1)
14,8: (4112,8481,41634,65535)  #1021A2FF  srgba(16,33,162,1)
15,8: (4112,11051,5140,65535)  #102B14FF  srgba(16,43,20,1)
0,9: (4112,50886,16448,65535)  #10C640FF  srgba(16,198,64,1)
1,9: (4369,17990,6939,65535)  #11461BFF  srgba(17,70,27,1)
2,9: (4369,43176,13878,65535)  #11A836FF  srgba(17,168,54,1)
3,9: (4626,0,11565,65535)  #12002DFF  srgba(18,0,45,1)
4,9: (4626,26985,9766,65535)  #126926FF  srgba(18,105,38,1)
5,9: (4626,38293,50372,65535)  #1295C4FF  srgba(18,149,196,1)
6,9: (4883,2056,3598,65535)  #13080EFF  srgba(19,8,14,1)
7,9: (4883,3598,33153,65535)  #130E81FF  srgba(19,14,129,1)
8,9: (4883,5911,2056,65535)  #131708FF  srgba(19,23,8,1)
9,9: (5140,0,1542,65535)  #140006FF  srgba(20,0,6,1)
10,9: (5140,4369,36751,65535)  #14118FFF  srgba(20,17,143,1)
11,9: (5140,8738,14649,65535)  #142239FF  srgba(20,34,57,1)
12,9: (5397,0,19275,65535)  #15004BFF  srgba(21,0,75,1)
13,9: (5397,2827,28270,65535)  #150B6EFF  srgba(21,11,110,1)
14,9: (5397,4369,38293,65535)  #151195FF  srgba(21,17,149,1)
15,9: (5397,6425,32382,65535)  #15197EFF  srgba(21,25,126,1)
0,10: (5654,0,0,65535)  #160000FF  srgba(22,0,0,1)
1,10: (5654,0,0,65535)  #160000FF  srgba(22,0,0,1)
2,10: (5654,12336,7967,65535)  #16301FFF  srgba(22,48,31,1)
3,10: (5911,771,257,65535)  #170301FF  srgba(23,3,1,1)
4,10: (5911,2313,22616,65535)  #170958FF  srgba(23,9,88,1)
5,10: (5911,3855,35723,65535)  #170F8BFF  srgba(23,15,139,1)
6,10: (5911,6425,38293,65535)  #171995FF  srgba(23,25,149,1)
7,10: (5911,7196,3598,65535)  #171C0EFF  srgba(23,28,14,1)
8,10: (5911,19275,14906,65535)  #174B3AFF  srgba(23,75,58,1)
9,10: (6168,3855,37522,65535)  #180F92FF  srgba(24,15,146,1)
10,10: (6168,12079,6682,65535)  #182F1AFF  srgba(24,47,26,1)
11,10: (6425,4369,32639,65535)  #19117FFF  srgba(25,17,127,1)
12,10: (6425,5140,37522,65535)  #191492FF  srgba(25,20,146,1)
13,10: (6425,5140,39064,65535)  #191498FF  srgba(25,20,152,1)
14,10: (6425,9766,5140,65535)  #192614FF  srgba(25,38,20,1)
15,10: (6682,1285,16448,65535)  #1A0540FF  srgba(26,5,64,1)
0,11: (6939,0,514,65535)  #1B0002FF  srgba(27,0,2,1)
1,11: (6939,0,14649,65535)  #1B0039FF  srgba(27,0,57,1)
2,11: (6939,771,10537,65535)  #1B0329FF  srgba(27,3,41,1)
3,11: (6939,6939,26728,65535)  #1B1B68FF  srgba(27,27,104,1)
4,11: (6939,30583,12079,65535)  #1B772FFF  srgba(27,119,47,1)
5,11: (7196,514,0,65535)  #1C0200FF  srgba(28,2,0,1)
6,11: (7196,771,1028,65535)  #1C0304FF  srgba(28,3,4,1)
7,11: (7196,18761,9252,65535)  #1C4924FF  srgba(28,73,36,1)
8,11: (7453,0,0,65535)  #1D0000FF  srgba(29,0,0,1)
9,11: (7453,4369,27499,65535)  #1D116BFF  srgba(29,17,107,1)
10,11: (7967,0,8224,65535)  #1F0020FF  srgba(31,0,32,1)
11,11: (8224,34181,13878,65535)  #208536FF  srgba(32,133,54,1)
12,11: (8481,0,0,65535)  #210000FF  srgba(33,0,0,1)
13,11: (8481,4883,38036,65535)  #211394FF  srgba(33,19,148,1)
14,11: (8738,257,257,65535)  #220101FF  srgba(34,1,1,1)
15,11: (8738,514,514,65535)  #220202FF  srgba(34,2,2,1)
0,12: (8995,0,0,65535)  #230000FF  srgba(35,0,0,1)
1,12: (8995,0,514,65535)  #230002FF  srgba(35,0,2,1)
2,12: (8995,0,4369,65535)  #230011FF  srgba(35,0,17,1)
3,12: (8995,4369,35209,65535)  #231189FF  srgba(35,17,137,1)
4,12: (8995,4369,37008,65535)  #231190FF  srgba(35,17,144,1)
5,12: (8995,4883,35209,65535)  #231389FF  srgba(35,19,137,1)
6,12: (8995,48573,18247,65535)  #23BD47FF  srgba(35,189,71,1)
7,12: (9252,514,4626,65535)  #240212FF  srgba(36,2,18,1)
8,12: (9252,1799,22359,65535)  #240757FF  srgba(36,7,87,1)
9,12: (9252,4369,38036,65535)  #241194FF  srgba(36,17,148,1)
10,12: (9252,11565,9509,65535)  #242D25FF  srgba(36,45,37,1)
11,12: (9252,32639,19018,65535)  #247F4AFF  srgba(36,127,74,1)
12,12: (9509,0,1285,65535)  #250005FF  srgba(37,0,5,1)
13,12: (9509,771,10280,65535)  #250328FF  srgba(37,3,40,1)
14,12: (9509,1285,16448,65535)  #250540FF  srgba(37,5,64,1)
15,12: (9766,0,11565,65535)  #26002DFF  srgba(38,0,45,1)
0,13: (10023,257,0,65535)  #270100FF  srgba(39,1,0,1)
1,13: (10023,514,1285,65535)  #270205FF  srgba(39,2,5,1)
2,13: (10023,2827,27242,65535)  #270B6AFF  srgba(39,11,106,1)
3,13: (10023,3598,32125,65535)  #270E7DFF  srgba(39,14,125,1)
4,13: (10280,0,257,65535)  #280001FF  srgba(40,0,1,1)
5,13: (10280,0,7967,65535)  #28001FFF  srgba(40,0,31,1)
6,13: (10537,0,0,65535)  #290000FF  srgba(41,0,0,1)
7,13: (10794,0,514,65535)  #2A0002FF  srgba(42,0,2,1)
8,13: (10794,0,4369,65535)  #2A0011FF  srgba(42,0,17,1)
9,13: (10794,2570,23130,65535)  #2A0A5AFF  srgba(42,10,90,1)
10,13: (10794,4369,37779,65535)  #2A1193FF  srgba(42,17,147,1)
11,13: (11051,0,1028,65535)  #2B0004FF  srgba(43,0,4,1)
12,13: (11051,514,0,65535)  #2B0200FF  srgba(43,2,0,1)
13,13: (11051,1799,16962,65535)  #2B0742FF  srgba(43,7,66,1)
14,13: (11051,5140,38293,65535)  #2B1495FF  srgba(43,20,149,1)
15,13: (11308,0,0,65535)  #2C0000FF  srgba(44,0,0,1)
0,14: (11308,0,257,65535)  #2C0001FF  srgba(44,0,1,1)
1,14: (11308,257,1028,65535)  #2C0104FF  srgba(44,1,4,1)
2,14: (11308,4112,36751,65535)  #2C108FFF  srgba(44,16,143,1)
3,14: (11565,257,0,65535)  #2D0100FF  srgba(45,1,0,1)
4,14: (11565,257,257,65535)  #2D0101FF  srgba(45,1,1,1)
5,14: (11565,514,0,65535)  #2D0200FF  srgba(45,2,0,1)
6,14: (11565,3598,28784,65535)  #2D0E70FF  srgba(45,14,112,1)
7,14: (11565,4369,37779,65535)  #2D1193FF  srgba(45,17,147,1)
8,14: (11565,4883,37522,65535)  #2D1392FF  srgba(45,19,146,1)
9,14: (11822,257,0,65535)  #2E0100FF  srgba(46,1,0,1)
10,14: (11822,4369,37008,65535)  #2E1190FF  srgba(46,17,144,1)
11,14: (12079,257,0,65535)  #2F0100FF  srgba(47,1,0,1)
12,14: (12079,771,5654,65535)  #2F0316FF  srgba(47,3,22,1)
13,14: (12079,4112,37008,65535)  #2F1090FF  srgba(47,16,144,1)
14,14: (12079,5140,38293,65535)  #2F1495FF  srgba(47,20,149,1)
15,14: (12336,0,0,65535)  #300000FF  srgba(48,0,0,1)
0,15: (12336,1285,11051,65535)  #30052BFF  srgba(48,5,43,1)
1,15: (12336,3855,33153,65535)  #300F81FF  srgba(48,15,129,1)
2,15: (12336,4112,37008,65535)  #301090FF  srgba(48,16,144,1)
3,15: (12336,4369,37779,65535)  #301193FF  srgba(48,17,147,1)
4,15: (12336,4626,35209,65535)  #301289FF  srgba(48,18,137,1)
5,15: (12593,4626,32896,65535)  #311280FF  srgba(49,18,128,1)
6,15: (12850,4883,37779,65535)  #321393FF  srgba(50,19,147,1)
7,15: (12850,5140,37265,65535)  #321491FF  srgba(50,20,145,1)
8,15: (13107,4369,28527,65535)  #33116FFF  srgba(51,17,111,1)
9,15: (13107,4883,19275,65535)  #33134BFF  srgba(51,19,75,1)
10,15: (13364,4883,27756,65535)  #34136CFF  srgba(52,19,108,1)
11,15: (13621,2056,15163,65535)  #35083BFF  srgba(53,8,59,1)
12,15: (13621,3084,23130,65535)  #350C5AFF  srgba(53,12,90,1)
13,15: (13878,2313,18504,65535)  #360948FF  srgba(54,9,72,1)
14,15: (13878,3598,28270,65535)  #360E6EFF  srgba(54,14,110,1)
15,15: (0,65535,0,0)  #00FF0000  srgba(0,255,0,0)
