# ImageMagick pixel enumeration: 16,16,65535,srgba
0,0: (0,5911,48573,65535)  #0017BDFF  srgba(0,23,189,1)
1,0: (0,6425,52685,65535)  #0019CDFF  srgba(0,25,205,1)
2,0: (0,6939,55512,65535)  #001BD8FF  srgba(0,27,216,1)
3,0: (257,0,0,65535)  #010000FF  srgba(1,0,0,1)
4,0: (514,1028,18761,65535)  #020449FF  srgba(2,4,73,1)
5,0: (514,2570,26471,65535)  #020A67FF  srgba(2,10,103,1)
6,0: (514,3084,30069,65535)  #020C75FF  srgba(2,12,117,1)
7,0: (771,5654,47031,65535)  #0316B7FF  srgba(3,22,183,1)
8,0: (1028,3855,31354,65535)  #040F7AFF  srgba(4,15,122,1)
9,0: (1028,3855,33924,65535)  #040F84FF  srgba(4,15,132,1)
10,0: (1028,5140,43176,65535)  #0414A8FF  srgba(4,20,168,1)
11,0: (1285,3084,27499,65535)  #050C6BFF  srgba(5,12,107,1)
12,0: (1285,4112,37008,65535)  #051090FF  srgba(5,16,144,1)
13,0: (1285,5911,47288,65535)  #0517B8FF  srgba(5,23,184,1)
14,0: (1542,0,11822,65535)  #06002EFF  srgba(6,0,46,1)
15,0: (1542,3341,28013,65535)  #060D6DFF  srgba(6,13,109,1)
0,1: (1799,0,4626,65535)  #070012FF  srgba(7,0,18,1)
1,1: (1799,0,5654,65535)  #070016FF  srgba(7,0,22,1)
2,1: (1799,0,7196,65535)  #07001CFF  srgba(7,0,28,1)
3,1: (2056,257,11822,65535)  #08012EFF  srgba(8,1,46,1)
4,1: (2056,3341,25443,65535)  #080D63FF  srgba(8,13,99,1)
5,1: (2056,5654,48316,65535)  #0816BCFF  srgba(8,22,188,1)
6,1: (2313,257,7196,65535)  #09011CFF  srgba(9,1,28,1)
7,1: (2570,0,257,65535)  #0A0001FF  srgba(10,0,1,1)
8,1: (2570,771,12850,65535)  #0A0332FF  srgba(10,3,50,1)
9,1: (2827,6939,53456,65535)  #0B1BD0FF  srgba(11,27,208,1)
10,1: (3084,6168,48573,65535)  #0C18BDFF  srgba(12,24,189,1)
11,1: (3598,4883,38550,65535)  #0E1396FF  srgba(14,19,150,1)
12,1: (4112,4883,34438,65535)  #101386FF  srgba(16,19,134,1)
13,1: (4112,6168,51400,65535)  #1018C8FF  srgba(16,24,200,1)
14,1: (4369,771,18247,65535)  #110347FF  srgba(17,3,71,1)
15,1: (4626,2056,25186,65535)  #120862FF  srgba(18,8,98,1)
0,2: (5140,0,257,65535)  #140001FF  srgba(20,0,1,1)
1,2: (5140,0,257,65535)  #140001FF  srgba(20,0,1,1)
2,2: (5654,5397,46774,65535)  #1615B6FF  srgba(22,21,182,1)
3,2: (6168,0,514,65535)  #180002FF  srgba(24,0,2,1)
4,2: (6939,7453,55512,65535)  #1B1DD8FF  srgba(27,29,216,1)
5,2: (7710,3341,27242,65535)  #1E0D6AFF  srgba(30,13,106,1)
6,2: (7710,3598,30840,65535)  #1E0E78FF  srgba(30,14,120,1)
7,2: (7710,3855,34438,65535)  #1E0F86FF  srgba(30,15,134,1)
8,2: (7967,257,10023,65535)  #1F0127FF  srgba(31,1,39,1)
9,2: (7967,771,771,65535)  #1F0303FF  srgba(31,3,3,1)
10,2: (7967,4112,37522,65535)  #1F1092FF  srgba(31,16,146,1)
11,2: (7967,4883,42405,65535)  #1F13A5FF  srgba(31,19,165,1)
12,2: (7967,5654,48316,65535)  #1F16BCFF  srgba(31,22,188,1)
13,2: (8481,2313,25700,65535)  #210964FF  srgba(33,9,100,1)
14,2: (8481,5911,43433,65535)  #2117A9FF  srgba(33,23,169,1)
15,2: (8738,0,257,65535)  #220001FF  srgba(34,0,1,1)
0,3: (8738,0,4883,65535)  #220013FF  srgba(34,0,19,1)
1,3: (8738,3598,27242,65535)  #220E6AFF  srgba(34,14,106,1)
2,3: (9252,1285,18247,65535)  #240547FF  srgba(36,5,71,1)
3,3: (10280,4883,38293,65535)  #281395FF  srgba(40,19,149,1)
4,3: (10280,5140,33924,65535)  #281484FF  srgba(40,20,132,1)
5,3: (10537,4369,25186,65535)  #291162FF  srgba(41,17,98,1)
6,3: (10537,6425,51914,65535)  #2919CAFF  srgba(41,25,202,1)
7,3: (10794,6168,47031,65535)  #2A18B7FF  srgba(42,24,183,1)
8,3: (11308,1028,12079,65535)  #2C042FFF  srgba(44,4,47,1)
9,3: (11308,6425,48316,65535)  #2C19BCFF  srgba(44,25,188,1)
10,3: (11822,1028,5140,65535)  #2E0414FF  srgba(46,4,20,1)
11,3: (11822,5654,46774,65535)  #2E16B6FF  srgba(46,22,182,1)
12,3: (11822,7453,53199,65535)  #2E1DCFFF  srgba(46,29,207,1)
13,3: (12336,2056,4626,65535)  #300812FF  srgba(48,8,18,1)
14,3: (12593,3341,7453,65535)  #310D1DFF  srgba(49,13,29,1)
15,3: (12593,3341,28013,65535)  #310D6DFF  srgba(49,13,109,1)
0,4: (12593,3855,30840,65535)  #310F78FF  srgba(49,15,120,1)
1,4: (13107,0,514,65535)  #330002FF  srgba(51,0,2,1)
2,4: (13107,2056,12336,65535)  #330830FF  srgba(51,8,48,1)
3,4: (13621,5654,23644,65535)  #35165CFF  srgba(53,22,92,1)
4,4: (14135,257,8995,65535)  #370123FF  srgba(55,1,35,1)
5,4: (14135,2313,24929,65535)  #370961FF  srgba(55,9,97,1)
6,4: (14135,4112,34181,65535)  #371085FF  srgba(55,16,133,1)
7,4: (14392,257,3855,65535)  #38010FFF  srgba(56,1,15,1)
8,4: (14392,5140,41377,65535)  #3814A1FF  srgba(56,20,161,1)
9,4: (14649,4112,35723,65535)  #39108BFF  srgba(57,16,139,1)
10,4: (14649,9766,24158,65535)  #39265EFF  srgba(57,38,94,1)
11,4: (14906,3341,23644,65535)  #3A0D5CFF  srgba(58,13,92,1)
12,4: (14906,4112,38807,65535)  #3A1097FF  srgba(58,16,151,1)
13,4: (15934,3598,26214,65535)  #3E0E66FF  srgba(62,14,102,1)
14,4: (16191,1799,17990,65535)  #3F0746FF  srgba(63,7,70,1)
15,4: (16191,6425,34695,65535)  #3F1987FF  srgba(63,25,135,1)
0,5: (16448,4626,36751,65535)  #40128FFF  srgba(64,18,143,1)
1,5: (16448,5140,36237,65535)  #40148DFF  srgba(64,20,141,1)
2,5: (16448,7196,7967,65535)  #401C1FFF  srgba(64,28,31,1)
3,5: (16962,1028,1028,65535)  #420404FF  srgba(66,4,4,1)
4,5: (16962,1285,4112,65535)  #420510FF  srgba(66,5,16,1)
5,5: (16962,1285,10537,65535)  #420529FF  srgba(66,5,41,1)
6,5: (16962,8481,42919,65535)  #4221A7FF  srgba(66,33,167,1)
7,5: (17219,257,514,65535)  #430102FF  srgba(67,1,2,1)
8,5: (17219,771,771,65535)  #430303FF  srgba(67,3,3,1)
9,5: (17219,2570,771,65535)  #430A03FF  srgba(67,10,3,1)
10,5: (17219,4626,33410,65535)  #431282FF  srgba(67,18,130,1)
11,5: (17219,5911,46774,65535)  #4317B6FF  srgba(67,23,182,1)
12,5: (17219,6168,48316,65535)  #4318BCFF  srgba(67,24,188,1)
13,5: (17219,11051,32125,65535)  #432B7DFF  srgba(67,43,125,1)
14,5: (17476,3855,30840,65535)  #440F78FF  srgba(68,15,120,1)
15,5: (17476,5911,44204,65535)  #4417ACFF  srgba(68,23,172,1)
0,6: (17476,6168,43947,65535)  #4418ABFF  srgba(68,24,171,1)
1,6: (17476,6168,46774,65535)  #4418B6FF  srgba(68,24,182,1)
2,6: (17476,6682,46774,65535)  #441AB6FF  srgba(68,26,182,1)
3,6: (17733,4369,25443,65535)  #451163FF  srgba(69,17,99,1)
4,6: (17733,6682,51143,65535)  #451AC7FF  srgba(69,26,199,1)
5,6: (17733,15420,5654,65535)  #453C16FF  srgba(69,60,22,1)
6,6: (17990,3598,7196,65535)  #460E1CFF  srgba(70,14,28,1)
7,6: (18247,2056,7710,65535)  #47081EFF  srgba(71,8,30,1)
8,6: (18247,5140,41891,65535)  #4714A3FF  srgba(71,20,163,1)
9,6: (18247,6939,54741,65535)  #471BD5FF  srgba(71,27,213,1)
10,6: (18247,8224,54998,65535)  #4720D6FF  srgba(71,32,214,1)
11,6: (18247,10023,52171,65535)  #4727CBFF  srgba(71,39,203,1)
12,6: (18761,7196,52685,65535)  #491CCDFF  srgba(73,28,205,1)
13,6: (21074,7196,51657,65535)  #521CC9FF  srgba(82,28,201,1)
14,6: (21331,1285,1285,65535)  #530505FF  srgba(83,5,5,1)
15,6: (21331,4112,29555,65535)  #531073FF  srgba(83,16,115,1)
0,7: (21331,5911,46003,65535)  #5317B3FF  srgba(83,23,179,1)
1,7: (21331,16962,49601,65535)  #5342C1FF  srgba(83,66,193,1)
2,7: (21588,4626,36494,65535)  #54128EFF  srgba(84,18,142,1)
3,7: (21588,6425,42662,65535)  #5419A6FF  srgba(84,25,166,1)
4,7: (21588,6939,54484,65535)  #541BD4FF  srgba(84,27,212,1)
5,7: (21588,7453,34695,65535)  #541D87FF  srgba(84,29,135,1)
6,7: (21588,8481,54998,65535)  #5421D6FF  srgba(84,33,214,1)
7,7: (21588,17219,32125,65535)  #54437DFF  srgba(84,67,125,1)
8,7: (21845,2570,16191,65535)  #550A3FFF  srgba(85,10,63,1)
9,7: (21845,5397,36494,65535)  #55158EFF  srgba(85,21,142,1)
10,7: (21845,6425,48059,65535)  #5519BBFF  srgba(85,25,187,1)
11,7: (21845,6682,49344,65535)  #551AC0FF  srgba(85,26,192,1)
12,7: (22102,6939,46774,65535)  #561BB6FF  srgba(86,27,182,1)
13,7: (22102,6939,51400,65535)  #561BC8FF  srgba(86,27,200,1)
14,7: (22359,2570,7967,65535)  #570A1FFF  srgba(87,10,31,1)
15,7: (23387,1542,1285,65535)  #5B0605FF  srgba(91,6,5,1)
0,8: (23387,8481,20303,65535)  #5B214FFF  srgba(91,33,79,1)
1,8: (23644,10280,12850,65535)  #5C2832FF  srgba(92,40,50,1)
2,8: (23901,5397,2056,65535)  #5D1508FF  srgba(93,21,8,1)
3,8: (24158,13621,3598,65535)  #5E350EFF  srgba(94,53,14,1)
4,8: (24415,6168,47288,65535)  #5F18B8FF  srgba(95,24,184,1)
5,8: (24415,8481,53713,65535)  #5F21D1FF  srgba(95,33,209,1)
6,8: (24672,2827,2056,65535)  #600B08FF  srgba(96,11,8,1)
7,8: (24672,7453,48830,65535)  #601DBEFF  srgba(96,29,190,1)
8,8: (25186,5140,36751,65535)  #62148FFF  srgba(98,20,143,1)
9,8: (25186,7196,44975,65535)  #621CAFFF  srgba(98,28,175,1)
10,8: (25186,7196,47288,65535)  #621CB8FF  srgba(98,28,184,1)
11,8: (25186,17219,16962,65535)  #624342FF  srgba(98,67,66,1)
12,8: (25186,17476,4626,65535)  #624412FF  srgba(98,68,18,1)
13,8: (25443,5397,42405,65535)  #6315A5FF  srgba(99,21,165,1)
14,8: (25700,4626,30069,65535)  #641275FF  srgba(100,18,117,1)
15,8: (25700,6168,40349,65535)  #64189DFF  srgba(100,24,157,1)
0,9: (25700,12079,30583,65535)  #642F77FF  srgba(100,47,119,1)
1,9: (25957,14135,39578,65535)  #65379AFF  srgba(101,55,154,1)
2,9: (25957,17733,29812,65535)  #654574FF  srgba(101,69,116,1)
3,9: (26214,1799,1542,65535)  #660706FF  srgba(102,7,6,1)
4,9: (26728,12079,7710,65535)  #682F1EFF  srgba(104,47,30,1)
5,9: (27756,17219,7453,65535)  #6C431DFF  srgba(108,67,29,1)
6,9: (28013,17476,4626,65535)  #6D4412FF  srgba(109,68,18,1)
7,9: (28270,3084,15677,65535)  #6E0C3DFF  srgba(110,12,61,1)
8,9: (28270,13364,4112,65535)  #6E3410FF  srgba(110,52,16,1)
9,9: (28270,17219,10537,65535)  #6E4329FF  srgba(110,67,41,1)
10,9: (29555,3598,7710,65535)  #730E1EFF  srgba(115,14,30,1)
11,9: (29555,5140,3084,65535)  #73140CFF  srgba(115,20,12,1)
12,9: (29555,17476,4626,65535)  #734412FF  srgba(115,68,18,1)
13,9: (29812,3084,2313,65535)  #740C09FF  srgba(116,12,9,1)
14,9: (30069,6425,46517,65535)  #7519B5FF  srgba(117,25,181,1)
15,9: (30326,5911,41377,65535)  #7617A1FF  srgba(118,23,161,1)
0,10: (30326,7967,19275,65535)  #761F4BFF  srgba(118,31,75,1)
1,10: (30326,9509,47288,65535)  #7625B8FF  srgba(118,37,184,1)
2,10: (30583,10537,12079,65535)  #77292FFF  srgba(119,41,47,1)
3,10: (30840,11308,41634,65535)  #782CA2FF  srgba(120,44,162,1)
4,10: (30840,17990,41120,65535)  #7846A0FF  srgba(120,70,160,1)
5,10: (31097,4883,28527,65535)  #79136FFF  srgba(121,19,111,1)
6,10: (31097,5140,34181,65535)  #791485FF  srgba(121,20,133,1)
7,10: (31097,13364,28784,65535)  #793470FF  srgba(121,52,112,1)
8,10: (31097,14649,4626,65535)  #793912FF  srgba(121,57,18,1)
9,10: (31097,17733,17219,65535)  #794543FF  srgba(121,69,67,1)
10,10: (31354,17733,4883,65535)  #7A4513FF  srgba(122,69,19,1)
11,10: (31611,9766,35723,65535)  #7B268BFF  srgba(123,38,139,1)
12,10: (32125,17990,30583,65535)  #7D4677FF  srgba(125,70,119,1)
13,10: (32382,13364,7710,65535)  #7E341EFF  srgba(126,52,30,1)
14,10: (32382,17476,7196,65535)  #7E441CFF  srgba(126,68,28,1)
15,10: (32896,17476,4883,65535)  #804413FF  srgba(128,68,19,1)
0,11: (33667,18247,4883,65535)  #834713FF  srgba(131,71,19,1)
1,11: (34952,15934,4626,65535)  #883E12FF  srgba(136,62,18,1)
2,11: (35209,3341,3084,65535)  #890D0CFF  srgba(137,13,12,1)
3,11: (35466,6425,43176,65535)  #8A19A8FF  srgba(138,25,168,1)
4,11: (35466,12336,4112,65535)  #8A3010FF  srgba(138,48,16,1)
5,11: (35723,12079,46260,65535)  #8B2FB4FF  srgba(139,47,180,1)
6,11: (35723,16962,39835,65535)  #8B429BFF  srgba(139,66,155,1)
7,11: (36237,16962,11822,65535)  #8D422EFF  srgba(141,66,46,1)
8,11: (36494,17219,4883,65535)  #8E4313FF  srgba(142,67,19,1)
9,11: (36751,4626,3598,65535)  #8F120EFF  srgba(143,18,14,1)
10,11: (37008,4112,14906,65535)  #90103AFF  srgba(144,16,58,1)
11,11: (37008,18247,5140,65535)  #904714FF  srgba(144,71,20,1)
12,11: (37265,8224,7453,65535)  #91201DFF  srgba(145,32,29,1)
13,11: (37265,8995,14649,65535)  #912339FF  srgba(145,35,57,1)
14,11: (38293,20046,16191,65535)  #954E3FFF  srgba(149,78,63,1)
15,11: (38550,5654,31097,65535)  #961679FF  srgba(150,22,121,1)
0,12: (38550,18504,32382,65535)  #96487EFF  srgba(150,72,126,1)
1,12: (38807,13107,32896,65535)  #973380FF  srgba(151,51,128,1)
2,12: (38807,17219,6682,65535)  #97431AFF  srgba(151,67,26,1)
3,12: (38807,19789,8995,65535)  #974D23FF  srgba(151,77,35,1)
4,12: (39321,19532,7196,65535)  #994C1CFF  srgba(153,76,28,1)
5,12: (40092,19018,6425,65535)  #9C4A19FF  srgba(156,74,25,1)
6,12: (40606,6939,43176,65535)  #9E1BA8FF  srgba(158,27,168,1)
7,12: (40606,13107,43690,65535)  #9E33AAFF  srgba(158,51,170,1)
8,12: (40606,18504,5397,65535)  #9E4815FF  srgba(158,72,21,1)
9,12: (42405,4112,3855,65535)  #A5100FFF  srgba(165,16,15,1)
10,12: (42919,7967,3855,65535)  #A71F0FFF  srgba(167,31,15,1)
11,12: (42919,17476,5140,65535)  #A74414FF  srgba(167,68,20,1)
12,12: (43176,4883,4369,65535)  #A81311FF  srgba(168,19,17,1)
13,12: (43690,18247,5654,65535)  #AA4716FF  srgba(170,71,22,1)
14,12: (44718,16962,13621,65535)  #AE4235FF  srgba(174,66,53,1)
15,12: (45232,4883,15163,65535)  #B0133BFF  srgba(176,19,59,1)
0,13: (45232,16962,8224,65535)  #B04220FF  srgba(176,66,32,1)
1,13: (46260,6425,30583,65535)  #B41977FF  srgba(180,25,119,1)
2,13: (46260,7967,7453,65535)  #B41F1DFF  srgba(180,31,29,1)
3,13: (46260,18761,6425,65535)  #B44919FF  srgba(180,73,25,1)
4,13: (46774,8738,15163,65535)  #B6223BFF  srgba(182,34,59,1)
5,13: (47545,18247,5654,65535)  #B94716FF  srgba(185,71,22,1)
6,13: (47802,11308,44718,65535)  #BA2CAEFF  srgba(186,44,174,1)
7,13: (48059,19275,6939,65535)  #BB4B1BFF  srgba(187,75,27,1)
8,13: (48059,20560,10794,65535)  #BB502AFF  srgba(187,80,42,1)
9,13: (48316,17733,6425,65535)  #BC4519FF  srgba(188,69,25,1)
10,13: (48830,7453,42662,65535)  #BE1DA6FF  srgba(190,29,166,1)
11,13: (49344,5140,4369,65535)  #C01411FF  srgba(192,20,17,1)
12,13: (49601,14135,31097,65535)  #C13779FF  srgba(193,55,121,1)
13,13: (49858,18761,6425,65535)  #C24919FF  srgba(194,73,25,1)
14,13: (50372,18247,5911,65535)  #C44717FF  srgba(196,71,23,1)
15,13: (50629,10280,4369,65535)  #C52811FF  srgba(197,40,17,1)
0,14: (51143,5911,4626,65535)  #C71712FF  srgba(199,23,18,1)
1,14: (52171,7710,32125,65535)  #CB1E7DFF  srgba(203,30,125,1)
2,14: (53456,6939,29812,65535)  #D01B74FF  srgba(208,27,116,1)
3,14: (56026,19018,6682,65535)  #DA4A1AFF  srgba(218,74,26,1)
4,14: (56283,17990,5911,65535)  #DB4617FF  srgba(219,70,23,1)
5,14: (56283,18247,6425,65535)  #DB4719FF  srgba(219,71,25,1)
6,14: (56540,7196,17219,65535)  #DC1C43FF  srgba(220,28,67,1)
7,14: (57054,17733,6682,65535)  #DE451AFF  srgba(222,69,26,1)
8,14: (57311,6425,5140,65535)  #DF1914FF  srgba(223,25,20,1)
9,14: (57825,20560,10794,65535)  #E1502AFF  srgba(225,80,42,1)
10,14: (59110,8995,43176,65535)  #E623A8FF  srgba(230,35,168,1)
11,14: (59367,9766,9509,65535)  #E72625FF  srgba(231,38,37,1)
12,14: (60138,20046,8224,65535)  #EA4E20FF  srgba(234,78,32,1)
13,14: (60652,9509,7710,65535)  #EC251EFF  srgba(236,37,30,1)
14,14: (60652,11308,6682,65535)  #EC2C1AFF  srgba(236,44,26,1)
15,14: (61423,8481,5140,65535)  #EF2114FF  srgba(239,33,20,1)
0,15: (61680,8481,31354,65535)  #F0217AFF  srgba(240,33,122,1)
1,15: (61937,16448,10280,65535)  #F14028FF  srgba(241,64,40,1)
2,15: (62194,7196,6425,65535)  #F21C19FF  srgba(242,28,25,1)
3,15: (62451,18247,7196,65535)  #F3471CFF  srgba(243,71,28,1)
4,15: (62451,19275,7710,65535)  #F34B1EFF  srgba(243,75,30,1)
5,15: (63222,15934,7710,65535)  #F63E1EFF  srgba(246,62,30,1)
6,15: (63222,17733,7710,65535)  #F6451EFF  srgba(246,69,30,1)
7,15: (63222,19275,6939,65535)  #F64B1BFF  srgba(246,75,27,1)
8,15: (63736,18247,6682,65535)  #F8471AFF  srgba(248,71,26,1)
9,15: (63993,17733,6682,65535)  #F9451AFF  srgba(249,69,26,1)
10,15: (64250,18247,7967,65535)  #FA471FFF  srgba(250,71,31,1)
11,15: (64250,19018,7453,65535)  #FA4A1DFF  srgba(250,74,29,1)
12,15: (65021,10537,6425,65535)  #FD2919FF  srgba(253,41,25,1)
13,15: (65021,18761,6939,65535)  #FD491BFF  srgba(253,73,27,1)
14,15: (65278,18761,6939,65535)  #FE491BFF  srgba(254,73,27,1)
15,15: (0,65535,0,0)  #00FF0000  srgba(0,255,0,0)
