# ImageMagick pixel enumeration: 16,16,65535,srgba
0,0: (0,0,0,65535)  #000000FF  black
1,0: (0,0,0,65535)  #000000FF  black
2,0: (0,0,514,65535)  #000002FF  srgba(0,0,2,1)
3,0: (0,0,2056,65535)  #000008FF  srgba(0,0,8,1)
4,0: (0,0,3084,65535)  #00000CFF  srgba(0,0,12,1)
5,0: (0,0,4369,65535)  #000011FF  srgba(0,0,17,1)
6,0: (0,0,6939,65535)  #00001BFF  srgba(0,0,27,1)
7,0: (0,0,7196,65535)  #00001CFF  srgba(0,0,28,1)
8,0: (0,0,8224,65535)  #000020FF  srgba(0,0,32,1)
9,0: (0,0,9766,65535)  #000026FF  srgba(0,0,38,1)
10,0: (0,0,10537,65535)  #000029FF  srgba(0,0,41,1)
11,0: (0,0,51400,65535)  #0000C8FF  srgba(0,0,200,1)
12,0: (0,257,12079,65535)  #00012FFF  srgba(0,1,47,1)
13,0: (0,257,12336,65535)  #000130FF  srgba(0,1,48,1)
14,0: (0,514,14135,65535)  #000237FF  srgba(0,2,55,1)
15,0: (0,514,23901,65535)  #00025DFF  srgba(0,2,93,1)
0,1: (0,514,30326,65535)  #000276FF  srgba(0,2,118,1)
1,1: (0,771,14906,65535)  #00033AFF  srgba(0,3,58,1)
2,1: (0,771,21845,65535)  #000355FF  srgba(0,3,85,1)
3,1: (0,1028,16448,65535)  #000440FF  srgba(0,4,64,1)
4,1: (0,1028,17990,65535)  #000446FF  srgba(0,4,70,1)
5,1: (0,1028,17990,65535)  #000446FF  srgba(0,4,70,1)
6,1: (0,1028,18504,65535)  #000448FF  srgba(0,4,72,1)
7,1: (0,1028,20046,65535)  #00044EFF  srgba(0,4,78,1)
8,1: (0,1542,18761,65535)  #000649FF  srgba(0,6,73,1)
9,1: (0,1542,20046,65535)  #00064EFF  srgba(0,6,78,1)
10,1: (0,1799,22359,65535)  #000757FF  srgba(0,7,87,1)
11,1: (0,2570,0,65535)  #000A00FF  srgba(0,10,0,1)
12,1: (0,2570,23901,65535)  #000A5DFF  srgba(0,10,93,1)
13,1: (0,2570,25186,65535)  #000A62FF  srgba(0,10,98,1)
14,1: (0,3084,24929,65535)  #000C61FF  srgba(0,12,97,1)
15,1: (0,3084,26471,65535)  #000C67FF  srgba(0,12,103,1)
0,2: (0,3341,28527,65535)  #000D6FFF  srgba(0,13,111,1)
1,2: (0,3341,31097,65535)  #000D79FF  srgba(0,13,121,1)
2,2: (0,3855,17476,65535)  #000F44FF  srgba(0,15,68,1)
3,2: (0,3855,33667,65535)  #000F83FF  srgba(0,15,131,1)
4,2: (0,4112,0,65535)  #001000FF  srgba(0,16,0,1)
5,2: (0,4112,5397,65535)  #001015FF  srgba(0,16,21,1)
6,2: (0,4369,37522,65535)  #001192FF  srgba(0,17,146,1)
7,2: (0,4883,41377,65535)  #0013A1FF  srgba(0,19,161,1)
8,2: (0,4883,43690,65535)  #0013AAFF  srgba(0,19,170,1)
9,2: (0,4883,53199,65535)  #0013CFFF  srgba(0,19,207,1)
10,2: (0,5397,43947,65535)  #0015ABFF  srgba(0,21,171,1)
11,2: (0,5654,45746,65535)  #0016B2FF  srgba(0,22,178,1)
12,2: (0,5654,46774,65535)  #0016B6FF  srgba(0,22,182,1)
13,2: (0,5654,49858,65535)  #0016C2FF  srgba(0,22,194,1)
14,2: (0,5911,47288,65535)  #0017B8FF  srgba(0,23,184,1)
15,2: (0,6168,49087,65535)  #0018BFFF  srgba(0,24,191,1)
0,3: (0,6168,51400,65535)  #0018C8FF  srgba(0,24,200,1)
1,3: (0,6425,2313,65535)  #001909FF  srgba(0,25,9,1)
2,3: (0,6425,40092,65535)  #00199CFF  srgba(0,25,156,1)
3,3: (0,6425,48316,65535)  #0019BCFF  srgba(0,25,188,1)
4,3: (0,6425,49858,65535)  #0019C2FF  srgba(0,25,194,1)
5,3: (0,6425,51143,65535)  #0019C7FF  srgba(0,25,199,1)
6,3: (0,6425,53199,65535)  #0019CFFF  srgba(0,25,207,1)
7,3: (0,6682,51143,65535)  #001AC7FF  srgba(0,26,199,1)
8,3: (0,6939,55255,65535)  #001BD7FF  srgba(0,27,215,1)
9,3: (0,7196,53713,65535)  #001CD1FF  srgba(0,28,209,1)
10,3: (0,7196,60909,65535)  #001CEDFF  srgba(0,28,237,1)
11,3: (0,7453,58596,65535)  #001DE4FF  srgba(0,29,228,1)
12,3: (0,7453,60138,65535)  #001DEAFF  srgba(0,29,234,1)
13,3: (0,7710,257,65535)  #001E01FF  srgba(0,30,1,1)
14,3: (0,7710,12079,65535)  #001E2FFF  srgba(0,30,47,1)
15,3: (0,7710,49344,65535)  #001EC0FF  srgba(0,30,192,1)
0,4: (0,7710,61680,65535)  #001EF0FF  srgba(0,30,240,1)
1,4: (0,7967,1799,65535)  #001F07FF  srgba(0,31,7,1)
2,4: (0,8224,46517,65535)  #0020B5FF  srgba(0,32,181,1)
3,4: (0,8738,44975,65535)  #0022AFFF  srgba(0,34,175,1)
4,4: (0,9252,63222,65535)  #0024F6FF  srgba(0,36,246,1)
5,4: (0,9766,47545,65535)  #0026B9FF  srgba(0,38,185,1)
6,4: (0,9766,63479,65535)  #0026F7FF  srgba(0,38,247,1)
7,4: (0,10023,60909,65535)  #0027EDFF  srgba(0,39,237,1)
8,4: (0,10280,58853,65535)  #0028E5FF  srgba(0,40,229,1)
9,4: (0,11308,1285,65535)  #002C05FF  srgba(0,44,5,1)
10,4: (0,11308,54741,65535)  #002CD5FF  srgba(0,44,213,1)
11,4: (0,12850,3598,65535)  #00320EFF  srgba(0,50,14,1)
12,4: (0,13878,2827,65535)  #00360BFF  srgba(0,54,11,1)
13,4: (0,14649,41891,65535)  #0039A3FF  srgba(0,57,163,1)
14,4: (0,15163,3084,65535)  #003B0CFF  srgba(0,59,12,1)
15,4: (0,27499,6425,65535)  #006B19FF  srgba(0,107,25,1)
0,5: (257,0,1542,65535)  #010006FF  srgba(1,0,6,1)
1,5: (257,0,8481,65535)  #010021FF  srgba(1,0,33,1)
2,5: (257,1028,16448,65535)  #010440FF  srgba(1,4,64,1)
3,5: (257,1799,1285,65535)  #010705FF  srgba(1,7,5,1)
4,5: (257,1799,14135,65535)  #010737FF  srgba(1,7,55,1)
5,5: (257,2570,22359,65535)  #010A57FF  srgba(1,10,87,1)
6,5: (257,3084,25443,65535)  #010C63FF  srgba(1,12,99,1)
7,5: (257,3084,28013,65535)  #010C6DFF  srgba(1,12,109,1)
8,5: (257,4626,39578,65535)  #01129AFF  srgba(1,18,154,1)
9,5: (257,6939,57311,65535)  #011BDFFF  srgba(1,27,223,1)
10,5: (257,7196,57568,65535)  #011CE0FF  srgba(1,28,224,1)
11,5: (257,7453,59881,65535)  #011DE9FF  srgba(1,29,233,1)
12,5: (257,7453,61166,65535)  #011DEEFF  srgba(1,29,238,1)
13,5: (257,7710,59367,65535)  #011EE7FF  srgba(1,30,231,1)
14,5: (257,7967,62708,65535)  #011FF4FF  srgba(1,31,244,1)
15,5: (257,8995,1028,65535)  #012304FF  srgba(1,35,4,1)
0,6: (257,9252,47802,65535)  #0124BAFF  srgba(1,36,186,1)
1,6: (257,9252,61166,65535)  #0124EEFF  srgba(1,36,238,1)
2,6: (257,10794,53456,65535)  #012AD0FF  srgba(1,42,208,1)
3,6: (257,11051,7453,65535)  #012B1DFF  srgba(1,43,29,1)
4,6: (257,29555,7967,65535)  #01731FFF  srgba(1,115,31,1)
5,6: (514,2313,18247,65535)  #020947FF  srgba(2,9,71,1)
6,6: (514,2570,3855,65535)  #020A0FFF  srgba(2,10,15,1)
7,6: (514,4112,33924,65535)  #021084FF  srgba(2,16,132,1)
8,6: (514,4626,1799,65535)  #021207FF  srgba(2,18,7,1)
9,6: (514,6168,41891,65535)  #0218A3FF  srgba(2,24,163,1)
10,6: (514,7453,52171,65535)  #021DCBFF  srgba(2,29,203,1)
11,6: (514,8738,14392,65535)  #022238FF  srgba(2,34,56,1)
12,6: (514,12336,4112,65535)  #023010FF  srgba(2,48,16,1)
13,6: (514,13878,3598,65535)  #02360EFF  srgba(2,54,14,1)
14,6: (514,15934,4626,65535)  #023E12FF  srgba(2,62,18,1)
15,6: (514,19789,41377,65535)  #024DA1FF  srgba(2,77,161,1)
0,7: (771,771,13878,65535)  #030336FF  srgba(3,3,54,1)
1,7: (771,3598,20817,65535)  #030E51FF  srgba(3,14,81,1)
2,7: (771,7967,52685,65535)  #031FCDFF  srgba(3,31,205,1)
3,7: (771,8995,3084,65535)  #03230CFF  srgba(3,35,12,1)
4,7: (1028,257,7967,65535)  #04011FFF  srgba(4,1,31,1)
5,7: (1028,1028,19018,65535)  #04044AFF  srgba(4,4,74,1)
6,7: (2313,257,514,65535)  #090102FF  srgba(9,1,2,1)
7,7: (2570,3084,2313,65535)  #0A0C09FF  srgba(10,12,9,1)
8,7: (3084,3341,9509,65535)  #0C0D25FF  srgba(12,13,37,1)
9,7: (3341,6682,43176,65535)  #0D1AA8FF  srgba(13,26,168,1)
10,7: (3341,7453,57311,65535)  #0D1DDFFF  srgba(13,29,223,1)
11,7: (3598,5397,30069,65535)  #0E1575FF  srgba(14,21,117,1)
12,7: (3855,5140,21074,65535)  #0F1452FF  srgba(15,20,82,1)
13,7: (6168,7453,3084,65535)  #181D0CFF  srgba(24,29,12,1)
14,7: (7196,4369,8224,65535)  #1C1120FF  srgba(28,17,32,1)
15,7: (7710,8481,55769,65535)  #1E21D9FF  srgba(30,33,217,1)
0,8: (7967,7453,42148,65535)  #1F1DA4FF  srgba(31,29,164,1)
1,8: (8481,7710,10794,65535)  #211E2AFF  srgba(33,30,42,1)
2,8: (8481,29298,6682,65535)  #21721AFF  srgba(33,114,26,1)
3,8: (8738,13621,1799,65535)  #223507FF  srgba(34,53,7,1)
4,8: (9509,0,257,65535)  #250001FF  srgba(37,0,1,1)
5,8: (9509,3084,2056,65535)  #250C08FF  srgba(37,12,8,1)
6,8: (9766,8481,24929,65535)  #262161FF  srgba(38,33,97,1)
7,8: (11308,50629,26214,65535)  #2CC566FF  srgba(44,197,102,1)
8,8: (11565,13364,12079,65535)  #2D342FFF  srgba(45,52,47,1)
9,8: (13621,63993,35980,65535)  #35F98CFF  srgba(53,249,140,1)
10,8: (13621,63993,39578,65535)  #35F99AFF  srgba(53,249,154,1)
11,8: (14135,21074,23387,65535)  #37525BFF  srgba(55,82,91,1)
12,8: (14135,64250,47802,65535)  #37FABAFF  srgba(55,250,186,1)
13,8: (14392,34438,24672,65535)  #388660FF  srgba(56,134,96,1)
14,8: (14392,49601,36494,65535)  #38C18EFF  srgba(56,193,142,1)
15,8: (14649,51143,9509,65535)  #39C725FF  srgba(57,199,37,1)
0,9: (14906,11822,24415,65535)  #3A2E5FFF  srgba(58,46,95,1)
1,9: (16191,514,514,65535)  #3F0202FF  srgba(63,2,2,1)
2,9: (16191,10280,40863,65535)  #3F289FFF  srgba(63,40,159,1)
3,9: (16191,10537,53713,65535)  #3F29D1FF  srgba(63,41,209,1)
4,9: (17219,63993,24672,65535)  #43F960FF  srgba(67,249,96,1)
5,9: (18504,23644,61166,65535)  #485CEEFF  srgba(72,92,238,1)
6,9: (18761,63736,33410,65535)  #49F882FF  srgba(73,248,130,1)
7,9: (19018,22616,38550,65535)  #4A5896FF  srgba(74,88,150,1)
8,9: (19275,27499,6682,65535)  #4B6B1AFF  srgba(75,107,26,1)
9,9: (20046,64250,50115,65535)  #4EFAC3FF  srgba(78,250,195,1)
10,9: (21331,514,514,65535)  #530202FF  srgba(83,2,2,1)
11,9: (21331,50886,50372,65535)  #53C6C4FF  srgba(83,198,196,1)
12,9: (21588,21845,24415,65535)  #54555FFF  srgba(84,85,95,1)
13,9: (22102,13621,4369,65535)  #563511FF  srgba(86,53,17,1)
14,9: (22873,13878,13364,65535)  #593634FF  srgba(89,54,52,1)
15,9: (22873,63993,24415,65535)  #59F95FFF  srgba(89,249,95,1)
0,10: (23644,2570,2313,65535)  #5C0A09FF  srgba(92,10,9,1)
1,10: (23901,58339,12336,65535)  #5DE330FF  srgba(93,227,48,1)
2,10: (24415,5654,5654,65535)  #5F1616FF  srgba(95,22,22,1)
3,10: (24415,12850,23130,65535)  #5F325AFF  srgba(95,50,90,1)
4,10: (24672,50629,24415,65535)  #60C55FFF  srgba(96,197,95,1)
5,10: (26471,64250,14392,65535)  #67FA38FF  srgba(103,250,56,1)
6,10: (26728,32896,25700,65535)  #688064FF  srgba(104,128,100,1)
7,10: (27499,63736,14135,65535)  #6BF837FF  srgba(107,248,55,1)
8,10: (28013,46260,36751,65535)  #6DB48FFF  srgba(109,180,143,1)
9,10: (28270,29812,6682,65535)  #6E741AFF  srgba(110,116,26,1)
10,10: (29041,24929,28527,65535)  #71616FFF  srgba(113,97,111,1)
11,10: (29555,44718,56026,65535)  #73AEDAFF  srgba(115,174,218,1)
12,10: (29812,22873,21331,65535)  #745953FF  srgba(116,89,83,1)
13,10: (30069,59110,12593,65535)  #75E631FF  srgba(117,230,49,1)
14,10: (30326,27756,60138,65535)  #766CEAFF  srgba(118,108,234,1)
15,10: (30583,63993,34181,65535)  #77F985FF  srgba(119,249,133,1)
0,11: (30840,257,514,65535)  #780102FF  srgba(120,1,2,1)
1,11: (30840,26985,46003,65535)  #7869B3FF  srgba(120,105,179,1)
2,11: (31097,28527,36237,65535)  #796F8DFF  srgba(121,111,141,1)
3,11: (32125,3084,3084,65535)  #7D0C0CFF  srgba(125,12,12,1)
4,11: (32125,63993,22359,65535)  #7DF957FF  srgba(125,249,87,1)
5,11: (32896,32639,26985,65535)  #807F69FF  srgba(128,127,105,1)
6,11: (33410,8481,8224,65535)  #822120FF  srgba(130,33,32,1)
7,11: (33667,54484,24929,65535)  #83D461FF  srgba(131,212,97,1)
8,11: (33667,64250,14392,65535)  #83FA38FF  srgba(131,250,56,1)
9,11: (33924,63736,14135,65535)  #84F837FF  srgba(132,248,55,1)
10,11: (34181,4369,4369,65535)  #851111FF  srgba(133,17,17,1)
11,11: (34181,39835,25443,65535)  #859B63FF  srgba(133,155,99,1)
12,11: (34952,36751,52171,65535)  #888FCBFF  srgba(136,143,203,1)
13,11: (35209,40863,35980,65535)  #899F8CFF  srgba(137,159,140,1)
14,11: (35209,50115,51657,65535)  #89C3C9FF  srgba(137,195,201,1)
15,11: (37008,63736,14392,65535)  #90F838FF  srgba(144,248,56,1)
0,12: (38807,64250,53713,65535)  #97FAD1FF  srgba(151,250,209,1)
1,12: (39835,34695,7196,65535)  #9B871CFF  srgba(155,135,28,1)
2,12: (39835,64250,14906,65535)  #9BFA3AFF  srgba(155,250,58,1)
3,12: (40606,39064,28013,65535)  #9E986DFF  srgba(158,152,109,1)
4,12: (40863,36494,39321,65535)  #9F8E99FF  srgba(159,142,153,1)
5,12: (41120,4112,3084,65535)  #A0100CFF  srgba(160,16,12,1)
6,12: (41377,26471,26985,65535)  #A16769FF  srgba(161,103,105,1)
7,12: (42148,4369,5397,65535)  #A41115FF  srgba(164,17,21,1)
8,12: (42148,63479,45746,65535)  #A4F7B2FF  srgba(164,247,178,1)
9,12: (42405,7196,9766,65535)  #A51C26FF  srgba(165,28,38,1)
10,12: (42662,42919,54484,65535)  #A6A7D4FF  srgba(166,167,212,1)
11,12: (42919,5654,4369,65535)  #A71611FF  srgba(167,22,17,1)
12,12: (42919,44975,7196,65535)  #A7AF1CFF  srgba(167,175,28,1)
13,12: (42919,63479,14392,65535)  #A7F738FF  srgba(167,247,56,1)
14,12: (43690,5140,4883,65535)  #AA1413FF  srgba(170,20,19,1)
15,12: (44204,64250,19275,65535)  #ACFA4BFF  srgba(172,250,75,1)
0,13: (44461,49344,42148,65535)  #ADC0A4FF  srgba(173,192,164,1)
1,13: (44718,63993,25957,65535)  #AEF965FF  srgba(174,249,101,1)
2,13: (44975,32896,53456,65535)  #AF80D0FF  srgba(175,128,208,1)
3,13: (44975,49344,27499,65535)  #AFC06BFF  srgba(175,192,107,1)
4,13: (45746,63736,14906,65535)  #B2F83AFF  srgba(178,248,58,1)
5,13: (45746,63993,35209,65535)  #B2F989FF  srgba(178,249,137,1)
6,13: (46003,57311,11565,65535)  #B3DF2DFF  srgba(179,223,45,1)
7,13: (46517,42919,40863,65535)  #B5A79FFF  srgba(181,167,159,1)
8,13: (47031,13364,21331,65535)  #B73453FF  srgba(183,52,83,1)
9,13: (47031,39064,51143,65535)  #B798C7FF  srgba(183,152,199,1)
10,13: (47031,49858,61680,65535)  #B7C2F0FF  srgba(183,194,240,1)
11,13: (47545,5140,5140,65535)  #B91414FF  srgba(185,20,20,1)
12,13: (47802,49858,48830,65535)  #BAC2BEFF  srgba(186,194,190,1)
13,13: (48059,5911,5654,65535)  #BB1716FF  srgba(187,23,22,1)
14,13: (48059,64507,15163,65535)  #BBFB3BFF  srgba(187,251,59,1)
15,13: (48573,58082,24672,65535)  #BDE260FF  srgba(189,226,96,1)
0,14: (49344,57825,36751,65535)  #C0E18FFF  srgba(192,225,143,1)
1,14: (49858,39064,28784,65535)  #C29870FF  srgba(194,152,112,1)
2,14: (50115,57825,47288,65535)  #C3E1B8FF  srgba(195,225,184,1)
3,14: (53456,57825,58339,65535)  #D0E1E3FF  srgba(208,225,227,1)
4,14: (53713,64250,23387,65535)  #D1FA5BFF  srgba(209,250,91,1)
5,14: (54484,25957,28270,65535)  #D4656EFF  srgba(212,101,110,1)
6,14: (54741,34952,39064,65535)  #D58898FF  srgba(213,136,152,1)
7,14: (54741,43433,53199,65535)  #D5A9CFFF  srgba(213,169,207,1)
8,14: (55512,51143,28270,65535)  #D8C76EFF  srgba(216,199,110,1)
9,14: (55769,64250,32382,65535)  #D9FA7EFF  srgba(217,250,126,1)
10,14: (56026,50886,41891,65535)  #DAC6A3FF  srgba(218,198,163,1)
11,14: (57311,59367,56283,65535)  #DFE7DBFF  srgba(223,231,219,1)
12,14: (57568,50886,50372,65535)  #E0C6C4FF  srgba(224,198,196,1)
13,14: (58082,51657,60652,65535)  #E2C9ECFF  srgba(226,201,236,1)
14,14: (58339,63222,49601,65535)  #E3F6C1FF  srgba(227,246,193,1)
15,14: (59110,63222,42148,65535)  #E6F6A4FF  srgba(230,246,164,1)
0,15: (59624,59110,54998,65535)  #E8E6D6FF  srgba(232,230,214,1)
1,15: (59624,64507,23644,65535)  #E8FB5CFF  srgba(232,251,92,1)
2,15: (60138,58596,61937,65535)  #EAE4F1FF  srgba(234,228,241,1)
3,15: (60138,63479,59881,65535)  #EAF7E9FF  srgba(234,247,233,1)
4,15: (60652,58853,47545,65535)  #ECE5B9FF  srgba(236,229,185,1)
5,15: (61680,58339,13364,65535)  #F0E334FF  srgba(240,227,52,1)
6,15: (61680,58339,26471,65535)  #F0E367FF  srgba(240,227,103,1)
7,15: (61680,58339,38550,65535)  #F0E396FF  srgba(240,227,150,1)
8,15: (61680,64250,32125,65535)  #F0FA7DFF  srgba(240,250,125,1)
9,15: (61937,63479,14649,65535)  #F1F739FF  srgba(241,247,57,1)
10,15: (62194,63993,15163,65535)  #F2F93BFF  srgba(242,249,59,1)
11,15: (62451,64507,25186,65535)  #F3FB62FF  srgba(243,251,98,1)
12,15: (63736,64250,19018,65535)  #F8FA4AFF  srgba(248,250,74,1)
13,15: (63736,64507,15163,65535)  #F8FB3BFF  srgba(248,251,59,1)
14,15: (64507,64764,15163,65535)  #FBFC3BFF  srgba(251,252,59,1)
15,15: (0,65535,0,0)  #00FF0000  srgba(0,255,0,0)
