# ImageMagick pixel enumeration: 16,16,65535,srgba
0,0: (0,0,0,65535)  #000000FF  black
1,0: (0,0,1028,65535)  #000004FF  srgba(0,0,4,1)
2,0: (0,5140,257,65535)  #001401FF  srgba(0,20,1,1)
3,0: (0,7710,7710,65535)  #001E1EFF  srgba(0,30,30,1)
4,0: (0,7967,62194,65535)  #001FF2FF  srgba(0,31,242,1)
5,0: (0,8738,31611,65535)  #00227BFF  srgba(0,34,123,1)
6,0: (0,8995,17733,65535)  #002345FF  srgba(0,35,69,1)
7,0: (0,9509,60138,65535)  #0025EAFF  srgba(0,37,234,1)
8,0: (0,9766,771,65535)  #002603FF  srgba(0,38,3,1)
9,0: (0,10280,42919,65535)  #0028A7FF  srgba(0,40,167,1)
10,0: (0,14649,5911,65535)  #003917FF  srgba(0,57,23,1)
11,0: (0,16191,2313,65535)  #003F09FF  srgba(0,63,9,1)
12,0: (0,16448,30583,65535)  #004077FF  srgba(0,64,119,1)
13,0: (0,17219,17733,65535)  #004345FF  srgba(0,67,69,1)
14,0: (0,19275,2056,65535)  #004B08FF  srgba(0,75,8,1)
15,0: (0,19275,4626,65535)  #004B12FF  srgba(0,75,18,1)
0,1: (0,23901,4369,65535)  #005D11FF  srgba(0,93,17,1)
1,1: (0,24929,2313,65535)  #006109FF  srgba(0,97,9,1)
2,1: (0,25186,6425,65535)  #006219FF  srgba(0,98,25,1)
3,1: (0,30326,5397,65535)  #007615FF  srgba(0,118,21,1)
4,1: (0,31354,7967,65535)  #007A1FFF  srgba(0,122,31,1)
5,1: (0,33667,23387,65535)  #00835BFF  srgba(0,131,91,1)
6,1: (0,33667,32125,65535)  #00837DFF  srgba(0,131,125,1)
7,1: (0,36494,7967,65535)  #008E1FFF  srgba(0,142,31,1)
8,1: (0,40606,8995,65535)  #009E23FF  srgba(0,158,35,1)
9,1: (0,43433,9252,65535)  #00A924FF  srgba(0,169,36,1)
10,1: (0,46517,22102,65535)  #00B556FF  srgba(0,181,86,1)
11,1: (0,46774,32125,65535)  #00B67DFF  srgba(0,182,125,1)
12,1: (0,48830,10280,65535)  #00BE28FF  srgba(0,190,40,1)
13,1: (0,52685,11565,65535)  #00CD2DFF  srgba(0,205,45,1)
14,1: (0,56540,12336,65535)  #00DC30FF  srgba(0,220,48,1)
15,1: (0,59624,15677,65535)  #00E83DFF  srgba(0,232,61,1)
0,2: (0,59881,22873,65535)  #00E959FF  srgba(0,233,89,1)
1,2: (0,60395,12850,65535)  #00EB32FF  srgba(0,235,50,1)
2,2: (0,60909,13621,65535)  #00ED35FF  srgba(0,237,53,1)
3,2: (0,63222,13878,65535)  #00F636FF  srgba(0,246,54,1)
4,2: (0,63479,14906,65535)  #00F73AFF  srgba(0,247,58,1)
5,2: (257,0,257,65535)  #010001FF  srgba(1,0,1,1)
6,2: (257,5654,18504,65535)  #011648FF  srgba(1,22,72,1)
7,2: (257,13107,2056,65535)  #013308FF  srgba(1,51,8,1)
8,2: (257,47288,10794,65535)  #01B82AFF  srgba(1,184,42,1)
9,2: (257,57825,43433,65535)  #01E1A9FF  srgba(1,225,169,1)
10,2: (257,58082,36494,65535)  #01E28EFF  srgba(1,226,142,1)
11,2: (257,58596,30840,65535)  #01E478FF  srgba(1,228,120,1)
12,2: (514,5397,29555,65535)  #021573FF  srgba(2,21,115,1)
13,2: (514,34181,15934,65535)  #02853EFF  srgba(2,133,62,1)
14,2: (514,57568,13621,65535)  #02E035FF  srgba(2,224,53,1)
15,2: (771,2313,257,65535)  #030901FF  srgba(3,9,1,1)
0,3: (771,42148,10280,65535)  #03A428FF  srgba(3,164,40,1)
1,3: (771,48316,11565,65535)  #03BC2DFF  srgba(3,188,45,1)
2,3: (771,58853,23644,65535)  #03E55CFF  srgba(3,229,92,1)
3,3: (1028,0,3855,65535)  #04000FFF  srgba(4,0,15,1)
4,3: (1028,8481,30583,65535)  #042177FF  srgba(4,33,119,1)
5,3: (1028,9252,1799,65535)  #042407FF  srgba(4,36,7,1)
6,3: (1028,12593,17990,65535)  #043146FF  srgba(4,49,70,1)
7,3: (1028,16191,30583,65535)  #043F77FF  srgba(4,63,119,1)
8,3: (1028,35466,9252,65535)  #048A24FF  srgba(4,138,36,1)
9,3: (1028,42405,52428,65535)  #04A5CCFF  srgba(4,165,204,1)
10,3: (1285,0,0,65535)  #050000FF  srgba(5,0,0,1)
11,3: (1285,0,7967,65535)  #05001FFF  srgba(5,0,31,1)
12,3: (1285,9252,6425,65535)  #052419FF  srgba(5,36,25,1)
13,3: (1285,15677,4883,65535)  #053D13FF  srgba(5,61,19,1)
14,3: (1285,21074,5911,65535)  #055217FF  srgba(5,82,23,1)
15,3: (1285,28270,7967,65535)  #056E1FFF  srgba(5,110,31,1)
0,4: (1285,43690,42148,65535)  #05AAA4FF  srgba(5,170,164,1)
1,4: (1285,46774,27242,65535)  #05B66AFF  srgba(5,182,106,1)
2,4: (1542,4883,771,65535)  #061303FF  srgba(6,19,3,1)
3,4: (1542,8224,63479,65535)  #0620F7FF  srgba(6,32,247,1)
4,4: (1542,9509,52685,65535)  #0625CDFF  srgba(6,37,205,1)
5,4: (1799,23130,41891,65535)  #075AA3FF  srgba(7,90,163,1)
6,4: (1799,24415,51914,65535)  #075FCAFF  srgba(7,95,202,1)
7,4: (1799,46774,11822,65535)  #07B62EFF  srgba(7,182,46,1)
8,4: (2056,0,1028,65535)  #080004FF  srgba(8,0,4,1)
9,4: (2056,33667,28270,65535)  #08836EFF  srgba(8,131,110,1)
10,4: (2056,57568,15420,65535)  #08E03CFF  srgba(8,224,60,1)
11,4: (2313,771,257,65535)  #090301FF  srgba(9,3,1,1)
12,4: (2313,1799,19275,65535)  #09074BFF  srgba(9,7,75,1)
13,4: (2313,41377,11051,65535)  #09A12BFF  srgba(9,161,43,1)
14,4: (2313,46774,14649,65535)  #09B639FF  srgba(9,182,57,1)
15,4: (2570,257,12593,65535)  #0A0131FF  srgba(10,1,49,1)
0,5: (2570,1542,15420,65535)  #0A063CFF  srgba(10,6,60,1)
1,5: (2570,2570,23387,65535)  #0A0A5BFF  srgba(10,10,91,1)
2,5: (2570,5397,43176,65535)  #0A15A8FF  srgba(10,21,168,1)
3,5: (2827,3341,27756,65535)  #0B0D6CFF  srgba(11,13,108,1)
4,5: (2827,7196,45232,65535)  #0B1CB0FF  srgba(11,28,176,1)
5,5: (2827,10794,5654,65535)  #0B2A16FF  srgba(11,42,22,1)
6,5: (2827,19275,6682,65535)  #0B4B1AFF  srgba(11,75,26,1)
7,5: (2827,26214,8481,65535)  #0B6621FF  srgba(11,102,33,1)
8,5: (2827,33924,10023,65535)  #0B8427FF  srgba(11,132,39,1)
9,5: (3084,1028,257,65535)  #0C0401FF  srgba(12,4,1,1)
10,5: (3084,2313,5654,65535)  #0C0916FF  srgba(12,9,22,1)
11,5: (3341,0,0,65535)  #0D0000FF  srgba(13,0,0,1)
12,5: (3341,2056,257,65535)  #0D0801FF  srgba(13,8,1,1)
13,5: (3341,4626,1028,65535)  #0D1204FF  srgba(13,18,4,1)
14,5: (3341,13878,30840,65535)  #0D3678FF  srgba(13,54,120,1)
15,5: (3341,14135,18247,65535)  #0D3747FF  srgba(13,55,71,1)
0,6: (3598,257,10794,65535)  #0E012AFF  srgba(14,1,42,1)
1,6: (3598,1799,11308,65535)  #0E072CFF  srgba(14,7,44,1)
2,6: (3855,7967,61680,65535)  #0F1FF0FF  srgba(15,31,240,1)
3,6: (4369,5397,18504,65535)  #111548FF  srgba(17,21,72,1)
4,6: (4369,6425,52171,65535)  #1119CBFF  srgba(17,25,203,1)
5,6: (4626,3855,32125,65535)  #120F7DFF  srgba(18,15,125,1)
6,6: (4626,8224,6168,65535)  #122018FF  srgba(18,32,24,1)
7,6: (4626,15420,6425,65535)  #123C19FF  srgba(18,60,25,1)
8,6: (4883,4112,34695,65535)  #131087FF  srgba(19,16,135,1)
9,6: (5140,0,0,65535)  #140000FF  srgba(20,0,0,1)
10,6: (5140,514,14906,65535)  #14023AFF  srgba(20,2,58,1)
11,6: (5140,4626,1542,65535)  #141206FF  srgba(20,18,6,1)
12,6: (5140,7453,60395,65535)  #141DEBFF  srgba(20,29,235,1)
13,6: (5140,8995,56283,65535)  #1423DBFF  srgba(20,35,219,1)
14,6: (5140,30840,10794,65535)  #14782AFF  srgba(20,120,42,1)
15,6: (5397,5911,47288,65535)  #1517B8FF  srgba(21,23,184,1)
0,7: (5654,0,1028,65535)  #160004FF  srgba(22,0,4,1)
1,7: (5654,0,3855,65535)  #16000FFF  srgba(22,0,15,1)
2,7: (5654,0,8224,65535)  #160020FF  srgba(22,0,32,1)
3,7: (5654,2056,514,65535)  #160802FF  srgba(22,8,2,1)
4,7: (5654,4883,35466,65535)  #16138AFF  srgba(22,19,138,1)
5,7: (5654,13364,30326,65535)  #163476FF  srgba(22,52,118,1)
6,7: (5654,14649,17476,65535)  #163944FF  srgba(22,57,68,1)
7,7: (5654,46260,26214,65535)  #16B466FF  srgba(22,180,102,1)
8,7: (5911,4883,39064,65535)  #171398FF  srgba(23,19,152,1)
9,7: (5911,22102,8995,65535)  #175623FF  srgba(23,86,35,1)
10,7: (6425,0,257,65535)  #190001FF  srgba(25,0,1,1)
11,7: (6425,33667,15420,65535)  #19833CFF  srgba(25,131,60,1)
12,7: (6682,1799,19789,65535)  #1A074DFF  srgba(26,7,77,1)
13,7: (6682,2313,23387,65535)  #1A095BFF  srgba(26,9,91,1)
14,7: (6682,11822,6682,65535)  #1A2E1AFF  srgba(26,46,26,1)
15,7: (6939,0,0,65535)  #1B0000FF  srgba(27,0,0,1)
0,8: (6939,4369,39064,65535)  #1B1198FF  srgba(27,17,152,1)
1,8: (6939,33153,27499,65535)  #1B816BFF  srgba(27,129,107,1)
2,8: (7196,3341,27756,65535)  #1C0D6CFF  srgba(28,13,108,1)
3,8: (7196,4369,36751,65535)  #1C118FFF  srgba(28,17,143,1)
4,8: (7196,7196,55512,65535)  #1C1CD8FF  srgba(28,28,216,1)
5,8: (7453,5140,43176,65535)  #1D14A8FF  srgba(29,20,168,1)
6,8: (7710,1285,15934,65535)  #1E053EFF  srgba(30,5,62,1)
7,8: (7967,514,12593,65535)  #1F0231FF  srgba(31,2,49,1)
8,8: (8224,4369,1799,65535)  #201107FF  srgba(32,17,7,1)
9,8: (8481,0,0,65535)  #210000FF  srgba(33,0,0,1)
10,8: (8481,0,3855,65535)  #21000FFF  srgba(33,0,15,1)
11,8: (8481,15934,21074,65535)  #213E52FF  srgba(33,62,82,1)
12,8: (8738,0,257,65535)  #220001FF  srgba(34,0,1,1)
13,8: (8738,257,10794,65535)  #22012AFF  srgba(34,1,42,1)
14,8: (8738,4883,31097,65535)  #221379FF  srgba(34,19,121,1)
15,8: (8738,6939,52685,65535)  #221BCDFF  srgba(34,27,205,1)
0,9: (9252,0,771,65535)  #240003FF  srgba(36,0,3,1)
1,9: (9252,257,8224,65535)  #240120FF  srgba(36,1,32,1)
2,9: (9252,771,514,65535)  #240302FF  srgba(36,3,2,1)
3,9: (9766,1799,19532,65535)  #26074CFF  srgba(38,7,76,1)
4,9: (9766,4112,34695,65535)  #261087FF  srgba(38,16,135,1)
5,9: (10023,0,0,65535)  #270000FF  srgba(39,0,0,1)
6,9: (10023,2570,23644,65535)  #270A5CFF  srgba(39,10,92,1)
7,9: (10023,3341,27756,65535)  #270D6CFF  srgba(39,13,108,1)
8,9: (10023,3855,32125,65535)  #270F7DFF  srgba(39,15,125,1)
9,9: (10280,11565,7453,65535)  #282D1DFF  srgba(40,45,29,1)
10,9: (10537,0,257,65535)  #290001FF  srgba(41,0,1,1)
11,9: (10794,0,4112,65535)  #2A0010FF  srgba(42,0,16,1)
12,9: (10794,1799,1285,65535)  #2A0705FF  srgba(42,7,5,1)
13,9: (11051,6425,51400,65535)  #2B19C8FF  srgba(43,25,200,1)
14,9: (11308,0,0,65535)  #2C0000FF  srgba(44,0,0,1)
15,9: (11308,0,514,65535)  #2C0002FF  srgba(44,0,2,1)
0,10: (11308,1028,8738,65535)  #2C0422FF  srgba(44,4,34,1)
1,10: (11308,1028,12336,65535)  #2C0430FF  srgba(44,4,48,1)
2,10: (11308,1285,15420,65535)  #2C053CFF  srgba(44,5,60,1)
3,10: (11308,5397,43176,65535)  #2C15A8FF  srgba(44,21,168,1)
4,10: (11308,5911,47288,65535)  #2C17B8FF  srgba(44,23,184,1)
5,10: (12336,257,0,65535)  #300100FF  srgba(48,1,0,1)
6,10: (13107,257,257,65535)  #330101FF  srgba(51,1,1,1)
7,10: (13107,4883,39064,65535)  #331398FF  srgba(51,19,152,1)
8,10: (13364,0,514,65535)  #340002FF  srgba(52,0,2,1)
9,10: (13364,7967,61423,65535)  #341FEFFF  srgba(52,31,239,1)
10,10: (13621,257,0,65535)  #350100FF  srgba(53,1,0,1)
11,10: (13621,257,3598,65535)  #35010EFF  srgba(53,1,14,1)
12,10: (13621,1028,1028,65535)  #350404FF  srgba(53,4,4,1)
13,10: (13621,4112,34181,65535)  #351085FF  srgba(53,16,133,1)
14,10: (13621,18761,18761,65535)  #354949FF  srgba(53,73,73,1)
15,10: (13878,257,1542,65535)  #360106FF  srgba(54,1,6,1)
0,11: (13878,771,1028,65535)  #360304FF  srgba(54,3,4,1)
1,11: (13878,4626,35723,65535)  #36128BFF  srgba(54,18,139,1)
2,11: (14135,514,1028,65535)  #370204FF  srgba(55,2,4,1)
3,11: (14135,514,8995,65535)  #370223FF  srgba(55,2,35,1)
4,11: (14135,2827,22616,65535)  #370B58FF  srgba(55,11,88,1)
5,11: (14135,3598,26985,65535)  #370E69FF  srgba(55,14,105,1)
6,11: (14135,3855,30583,65535)  #370F77FF  srgba(55,15,119,1)
7,11: (14392,514,5654,65535)  #380216FF  srgba(56,2,22,1)
8,11: (14392,2056,19018,65535)  #38084AFF  srgba(56,8,74,1)
9,11: (14649,257,0,65535)  #390100FF  srgba(57,1,0,1)
10,11: (14649,514,514,65535)  #390202FF  srgba(57,2,2,1)
11,11: (14906,771,514,65535)  #3A0302FF  srgba(58,3,2,1)
12,11: (14906,771,771,65535)  #3A0303FF  srgba(58,3,3,1)
13,11: (14906,1285,12079,65535)  #3A052FFF  srgba(58,5,47,1)
14,11: (14906,1542,15420,65535)  #3A063CFF  srgba(58,6,60,1)
15,11: (15420,771,4883,65535)  #3C0313FF  srgba(60,3,19,1)
0,12: (15420,1028,8738,65535)  #3C0422FF  srgba(60,4,34,1)
1,12: (15677,514,514,65535)  #3D0202FF  srgba(61,2,2,1)
2,12: (15677,771,771,65535)  #3D0303FF  srgba(61,3,3,1)
3,12: (15934,1028,771,65535)  #3E0403FF  srgba(62,4,3,1)
4,12: (16191,6168,48830,65535)  #3F18BEFF  srgba(63,24,190,1)
5,12: (16448,514,771,65535)  #400203FF  srgba(64,2,3,1)
6,12: (16448,5397,42919,65535)  #4015A7FF  srgba(64,21,167,1)
7,12: (16705,514,1542,65535)  #410206FF  srgba(65,2,6,1)
8,12: (16962,514,257,65535)  #420201FF  srgba(66,2,1,1)
9,12: (16962,514,3084,65535)  #42020CFF  srgba(66,2,12,1)
10,12: (16962,771,514,65535)  #420302FF  srgba(66,3,2,1)
11,12: (16962,771,1028,65535)  #420304FF  srgba(66,3,4,1)
12,12: (16962,1028,1285,65535)  #420405FF  srgba(66,4,5,1)
13,12: (17476,3598,26728,65535)  #440E68FF  srgba(68,14,104,1)
14,12: (17733,514,771,65535)  #450203FF  srgba(69,2,3,1)
15,12: (17733,4112,32125,65535)  #45107DFF  srgba(69,16,125,1)
0,13: (17733,5140,38550,65535)  #451496FF  srgba(69,20,150,1)
1,13: (17990,1028,1285,65535)  #460405FF  srgba(70,4,5,1)
2,13: (17990,1542,10794,65535)  #46062AFF  srgba(70,6,42,1)
3,13: (17990,2056,14649,65535)  #460839FF  srgba(70,8,57,1)
4,13: (17990,2570,19018,65535)  #460A4AFF  srgba(70,10,74,1)
5,13: (17990,3341,22616,65535)  #460D58FF  srgba(70,13,88,1)
6,13: (17990,4626,34952,65535)  #461288FF  srgba(70,18,136,1)
7,13: (18247,771,771,65535)  #470303FF  srgba(71,3,3,1)
8,13: (18247,1028,4626,65535)  #470412FF  srgba(71,4,18,1)
9,13: (18247,1285,7710,65535)  #47051EFF  srgba(71,5,30,1)
10,13: (19275,771,771,65535)  #4B0303FF  srgba(75,3,3,1)
11,13: (19275,1542,2056,65535)  #4B0608FF  srgba(75,6,8,1)
12,13: (19789,1285,1542,65535)  #4D0506FF  srgba(77,5,6,1)
13,13: (20560,5654,43176,65535)  #5016A8FF  srgba(80,22,168,1)
14,13: (20817,1542,2056,65535)  #510608FF  srgba(81,6,8,1)
15,13: (20817,3341,20817,65535)  #510D51FF  srgba(81,13,81,1)
0,14: (20817,7453,56026,65535)  #511DDAFF  srgba(81,29,218,1)
1,14: (21074,2313,13364,65535)  #520934FF  srgba(82,9,52,1)
2,14: (21074,4626,31354,65535)  #52127AFF  srgba(82,18,122,1)
3,14: (21074,6168,48059,65535)  #5218BBFF  srgba(82,24,187,1)
4,14: (21331,1285,1285,65535)  #530505FF  srgba(83,5,5,1)
5,14: (21331,1542,4626,65535)  #530612FF  srgba(83,6,18,1)
6,14: (21331,1542,7967,65535)  #53061FFF  srgba(83,6,31,1)
7,14: (21331,4369,31354,65535)  #53117AFF  srgba(83,17,122,1)
8,14: (21331,5140,38550,65535)  #531496FF  srgba(83,20,150,1)
9,14: (21845,1542,1542,65535)  #550606FF  srgba(85,6,6,1)
10,14: (22359,3855,26471,65535)  #570F67FF  srgba(87,15,103,1)
11,14: (22359,8481,61937,65535)  #5721F1FF  srgba(87,33,241,1)
12,14: (22616,6939,50629,65535)  #581BC5FF  srgba(88,27,197,1)
13,14: (23644,2313,8224,65535)  #5C0920FF  srgba(92,9,32,1)
14,14: (23644,2827,13364,65535)  #5C0B34FF  srgba(92,11,52,1)
15,14: (23901,1799,1542,65535)  #5D0706FF  srgba(93,7,6,1)
0,15: (23901,2056,4626,65535)  #5D0812FF  srgba(93,8,18,1)
1,15: (24158,3598,21074,65535)  #5E0E52FF  srgba(94,14,82,1)
2,15: (24415,6425,47802,65535)  #5F19BAFF  srgba(95,25,186,1)
3,15: (25186,5140,34695,65535)  #621487FF  srgba(98,20,135,1)
4,15: (25186,6168,43176,65535)  #6218A8FF  srgba(98,24,168,1)
5,15: (25443,7967,58339,65535)  #631FE3FF  srgba(99,31,227,1)
6,15: (26471,2570,2056,65535)  #670A08FF  srgba(103,10,8,1)
7,15: (26471,5654,38550,65535)  #671696FF  srgba(103,22,150,1)
8,15: (26728,3341,12850,65535)  #680D32FF  srgba(104,13,50,1)
9,15: (28013,2827,5654,65535)  #6D0B16FF  srgba(109,11,22,1)
10,15: (28784,3855,20560,65535)  #700F50FF  srgba(112,15,80,1)
11,15: (29041,4883,30840,65535)  #711378FF  srgba(113,19,120,1)
12,15: (29555,3341,2570,65535)  #730D0AFF  srgba(115,13,10,1)
13,15: (30326,3598,12850,65535)  #760E32FF  srgba(118,14,50,1)
14,15: (31097,4626,24672,65535)  #791260FF  srgba(121,18,96,1)
15,15: (0,65535,0,0)  #00FF0000  srgba(0,255,0,0)
