# ImageMagick pixel enumeration: 16,16,65535,srgba
0,0: (0,0,0,65535)  #000000FF  black
1,0: (0,0,771,65535)  #000003FF  srgba(0,0,3,1)
2,0: (0,0,1028,65535)  #000004FF  srgba(0,0,4,1)
3,0: (0,0,2570,65535)  #00000AFF  srgba(0,0,10,1)
4,0: (0,0,3598,65535)  #00000EFF  srgba(0,0,14,1)
5,0: (0,0,4626,65535)  #000012FF  srgba(0,0,18,1)
6,0: (0,0,4883,65535)  #000013FF  srgba(0,0,19,1)
7,0: (0,0,5397,65535)  #000015FF  srgba(0,0,21,1)
8,0: (0,0,6168,65535)  #000018FF  srgba(0,0,24,1)
9,0: (0,0,6682,65535)  #00001AFF  srgba(0,0,26,1)
10,0: (0,0,6939,65535)  #00001BFF  srgba(0,0,27,1)
11,0: (0,0,7967,65535)  #00001FFF  srgba(0,0,31,1)
12,0: (0,0,7967,65535)  #00001FFF  srgba(0,0,31,1)
13,0: (0,0,8995,65535)  #000023FF  srgba(0,0,35,1)
14,0: (0,0,10023,65535)  #000027FF  srgba(0,0,39,1)
15,0: (0,0,10537,65535)  #000029FF  srgba(0,0,41,1)
0,1: (0,0,10537,65535)  #000029FF  srgba(0,0,41,1)
1,1: (0,0,11308,65535)  #00002CFF  srgba(0,0,44,1)
2,1: (0,0,11822,65535)  #00002EFF  srgba(0,0,46,1)
3,1: (0,0,12593,65535)  #000031FF  srgba(0,0,49,1)
4,1: (0,0,13107,65535)  #000033FF  srgba(0,0,51,1)
5,1: (0,0,13621,65535)  #000035FF  srgba(0,0,53,1)
6,1: (0,0,14392,65535)  #000038FF  srgba(0,0,56,1)
7,1: (0,0,15420,65535)  #00003CFF  srgba(0,0,60,1)
8,1: (0,0,16191,65535)  #00003FFF  srgba(0,0,63,1)
9,1: (0,0,16705,65535)  #000041FF  srgba(0,0,65,1)
10,1: (0,0,17733,65535)  #000045FF  srgba(0,0,69,1)
11,1: (0,0,17990,65535)  #000046FF  srgba(0,0,70,1)
12,1: (0,0,18504,65535)  #000048FF  srgba(0,0,72,1)
13,1: (0,0,18761,65535)  #000049FF  srgba(0,0,73,1)
14,1: (0,0,19018,65535)  #00004AFF  srgba(0,0,74,1)
15,1: (0,0,19532,65535)  #00004CFF  srgba(0,0,76,1)
0,2: (0,0,20046,65535)  #00004EFF  srgba(0,0,78,1)
1,2: (0,0,20560,65535)  #000050FF  srgba(0,0,80,1)
2,2: (0,0,20817,65535)  #000051FF  srgba(0,0,81,1)
3,2: (0,0,21588,65535)  #000054FF  srgba(0,0,84,1)
4,2: (0,0,22102,65535)  #000056FF  srgba(0,0,86,1)
5,2: (0,0,22359,65535)  #000057FF  srgba(0,0,87,1)
6,2: (0,0,22616,65535)  #000058FF  srgba(0,0,88,1)
7,2: (0,0,22873,65535)  #000059FF  srgba(0,0,89,1)
8,2: (0,0,23130,65535)  #00005AFF  srgba(0,0,90,1)
9,2: (0,0,23644,65535)  #00005CFF  srgba(0,0,92,1)
10,2: (0,0,24158,65535)  #00005EFF  srgba(0,0,94,1)
11,2: (0,0,24672,65535)  #000060FF  srgba(0,0,96,1)
12,2: (0,0,24929,65535)  #000061FF  srgba(0,0,97,1)
13,2: (0,0,25700,65535)  #000064FF  srgba(0,0,100,1)
14,2: (0,0,26214,65535)  #000066FF  srgba(0,0,102,1)
15,2: (0,0,27499,65535)  #00006BFF  srgba(0,0,107,1)
0,3: (0,0,28013,65535)  #00006DFF  srgba(0,0,109,1)
1,3: (0,0,28270,65535)  #00006EFF  srgba(0,0,110,1)
2,3: (0,0,30069,65535)  #000075FF  srgba(0,0,117,1)
3,3: (0,0,31097,65535)  #000079FF  srgba(0,0,121,1)
4,3: (0,0,32382,65535)  #00007EFF  srgba(0,0,126,1)
5,3: (0,0,35209,65535)  #000089FF  srgba(0,0,137,1)
6,3: (0,257,0,65535)  #000100FF  srgba(0,1,0,1)
7,3: (0,514,3598,65535)  #00020EFF  srgba(0,2,14,1)
8,3: (0,1028,0,65535)  #000400FF  srgba(0,4,0,1)
9,3: (0,1285,0,65535)  #000500FF  srgba(0,5,0,1)
10,3: (0,1285,2570,65535)  #00050AFF  srgba(0,5,10,1)
11,3: (0,2827,257,65535)  #000B01FF  srgba(0,11,1,1)
12,3: (0,2827,8738,65535)  #000B22FF  srgba(0,11,34,1)
13,3: (0,3341,0,65535)  #000D00FF  srgba(0,13,0,1)
14,3: (0,3855,0,65535)  #000F00FF  srgba(0,15,0,1)
15,3: (0,4112,1285,65535)  #001005FF  srgba(0,16,5,1)
0,4: (0,4369,2056,65535)  #001108FF  srgba(0,17,8,1)
1,4: (0,4626,0,65535)  #001200FF  srgba(0,18,0,1)
2,4: (0,4883,0,65535)  #001300FF  srgba(0,19,0,1)
3,4: (0,5397,257,65535)  #001501FF  srgba(0,21,1,1)
4,4: (0,5911,0,65535)  #001700FF  srgba(0,23,0,1)
5,4: (0,6939,0,65535)  #001B00FF  srgba(0,27,0,1)
6,4: (0,7710,0,65535)  #001E00FF  srgba(0,30,0,1)
7,4: (0,7967,257,65535)  #001F01FF  srgba(0,31,1,1)
8,4: (0,8481,0,65535)  #002100FF  srgba(0,33,0,1)
9,4: (0,8481,0,65535)  #002100FF  srgba(0,33,0,1)
10,4: (0,8738,1285,65535)  #002205FF  srgba(0,34,5,1)
11,4: (0,8995,3084,65535)  #00230CFF  srgba(0,35,12,1)
12,4: (0,9509,0,65535)  #002500FF  srgba(0,37,0,1)
13,4: (0,9766,771,65535)  #002603FF  srgba(0,38,3,1)
14,4: (0,10023,257,65535)  #002701FF  srgba(0,39,1,1)
15,4: (0,10280,257,65535)  #002801FF  srgba(0,40,1,1)
0,5: (0,10537,0,65535)  #002900FF  srgba(0,41,0,1)
1,5: (0,10794,0,65535)  #002A00FF  srgba(0,42,0,1)
2,5: (0,10794,1028,65535)  #002A04FF  srgba(0,42,4,1)
3,5: (0,11822,0,65535)  #002E00FF  srgba(0,46,0,1)
4,5: (0,12079,0,65535)  #002F00FF  srgba(0,47,0,1)
5,5: (0,12336,0,65535)  #003000FF  srgba(0,48,0,1)
6,5: (0,12593,257,65535)  #003101FF  srgba(0,49,1,1)
7,5: (0,12850,0,65535)  #003200FF  srgba(0,50,0,1)
8,5: (0,13107,771,65535)  #003303FF  srgba(0,51,3,1)
9,5: (0,14135,0,65535)  #003700FF  srgba(0,55,0,1)
10,5: (0,14392,0,65535)  #003800FF  srgba(0,56,0,1)
11,5: (0,14649,0,65535)  #003900FF  srgba(0,57,0,1)
12,5: (0,15163,0,65535)  #003B00FF  srgba(0,59,0,1)
13,5: (0,15163,257,65535)  #003B01FF  srgba(0,59,1,1)
14,5: (0,15420,0,65535)  #003C00FF  srgba(0,60,0,1)
15,5: (0,15934,0,65535)  #003E00FF  srgba(0,62,0,1)
0,6: (0,16191,0,65535)  #003F00FF  srgba(0,63,0,1)
1,6: (0,16191,1028,65535)  #003F04FF  srgba(0,63,4,1)
2,6: (0,16448,0,65535)  #004000FF  srgba(0,64,0,1)
3,6: (0,16448,257,65535)  #004001FF  srgba(0,64,1,1)
4,6: (0,16448,771,65535)  #004003FF  srgba(0,64,3,1)
5,6: (0,16705,0,65535)  #004100FF  srgba(0,65,0,1)
6,6: (0,17219,771,65535)  #004303FF  srgba(0,67,3,1)
7,6: (0,17476,0,65535)  #004400FF  srgba(0,68,0,1)
8,6: (0,17990,0,65535)  #004600FF  srgba(0,70,0,1)
9,6: (0,18247,0,65535)  #004700FF  srgba(0,71,0,1)
10,6: (0,18504,257,65535)  #004801FF  srgba(0,72,1,1)
11,6: (0,19018,0,65535)  #004A00FF  srgba(0,74,0,1)
12,6: (0,19018,257,65535)  #004A01FF  srgba(0,74,1,1)
13,6: (0,19275,0,65535)  #004B00FF  srgba(0,75,0,1)
14,6: (0,19532,0,65535)  #004C00FF  srgba(0,76,0,1)
15,6: (0,20560,0,65535)  #005000FF  srgba(0,80,0,1)
0,7: (0,20560,0,65535)  #005000FF  srgba(0,80,0,1)
1,7: (0,20560,514,65535)  #005002FF  srgba(0,80,2,1)
2,7: (0,21331,257,65535)  #005301FF  srgba(0,83,1,1)
3,7: (0,21588,0,65535)  #005400FF  srgba(0,84,0,1)
4,7: (0,21845,0,65535)  #005500FF  srgba(0,85,0,1)
5,7: (0,21845,0,65535)  #005500FF  srgba(0,85,0,1)
6,7: (0,22102,0,65535)  #005600FF  srgba(0,86,0,1)
7,7: (0,22873,0,65535)  #005900FF  srgba(0,89,0,1)
8,7: (0,23387,257,65535)  #005B01FF  srgba(0,91,1,1)
9,7: (0,23644,0,65535)  #005C00FF  srgba(0,92,0,1)
10,7: (0,23901,0,65535)  #005D00FF  srgba(0,93,0,1)
11,7: (0,24415,0,65535)  #005F00FF  srgba(0,95,0,1)
12,7: (0,24415,0,65535)  #005F00FF  srgba(0,95,0,1)
13,7: (0,25700,0,65535)  #006400FF  DarkGreen
14,7: (0,26214,0,65535)  #006600FF  srgba(0,102,0,1)
15,7: (0,26471,0,65535)  #006700FF  srgba(0,103,0,1)
0,8: (0,28270,0,65535)  #006E00FF  srgba(0,110,0,1)
1,8: (0,28527,0,65535)  #006F00FF  srgba(0,111,0,1)
2,8: (0,30583,0,65535)  #007700FF  srgba(0,119,0,1)
3,8: (0,30583,0,65535)  #007700FF  srgba(0,119,0,1)
4,8: (0,30840,0,65535)  #007800FF  srgba(0,120,0,1)
5,8: (0,32639,0,65535)  #007F00FF  srgba(0,127,0,1)
6,8: (0,33924,0,65535)  #008400FF  srgba(0,132,0,1)
7,8: (0,35466,0,65535)  #008A00FF  srgba(0,138,0,1)
8,8: (0,38293,0,65535)  #009500FF  srgba(0,149,0,1)
9,8: (0,38807,0,65535)  #009700FF  srgba(0,151,0,1)
10,8: (0,39064,0,65535)  #009800FF  srgba(0,152,0,1)
11,8: (0,40606,0,65535)  #009E00FF  srgba(0,158,0,1)
12,8: (0,42919,0,65535)  #00A700FF  srgba(0,167,0,1)
13,8: (0,46003,0,65535)  #00B300FF  srgba(0,179,0,1)
14,8: (0,48830,0,65535)  #00BE00FF  srgba(0,190,0,1)
15,8: (257,0,2570,65535)  #01000AFF  srgba(1,0,10,1)
0,9: (257,0,4112,65535)  #010010FF  srgba(1,0,16,1)
1,9: (257,0,4112,65535)  #010010FF  srgba(1,0,16,1)
2,9: (257,0,5397,65535)  #010015FF  srgba(1,0,21,1)
3,9: (257,0,7196,65535)  #01001CFF  srgba(1,0,28,1)
4,9: (257,0,8995,65535)  #010023FF  srgba(1,0,35,1)
5,9: (257,0,11565,65535)  #01002DFF  srgba(1,0,45,1)
6,9: (257,0,21845,65535)  #010055FF  srgba(1,0,85,1)
7,9: (257,0,35466,65535)  #01008AFF  srgba(1,0,138,1)
8,9: (257,257,31611,65535)  #01017BFF  srgba(1,1,123,1)
9,9: (257,1542,514,65535)  #010602FF  srgba(1,6,2,1)
10,9: (257,6168,0,65535)  #011800FF  srgba(1,24,0,1)
11,9: (257,9252,1285,65535)  #012405FF  srgba(1,36,5,1)
12,9: (257,9766,0,65535)  #012600FF  srgba(1,38,0,1)
13,9: (257,12079,0,65535)  #012F00FF  srgba(1,47,0,1)
14,9: (257,14649,0,65535)  #013900FF  srgba(1,57,0,1)
15,9: (257,16191,257,65535)  #013F01FF  srgba(1,63,1,1)
0,10: (257,16962,0,65535)  #014200FF  srgba(1,66,0,1)
1,10: (257,16962,514,65535)  #014202FF  srgba(1,66,2,1)
2,10: (257,20560,514,65535)  #015002FF  srgba(1,80,2,1)
3,10: (257,22102,0,65535)  #015600FF  srgba(1,86,0,1)
4,10: (257,27756,257,65535)  #016C01FF  srgba(1,108,1,1)
5,10: (514,0,4112,65535)  #020010FF  srgba(2,0,16,1)
6,10: (514,0,29298,65535)  #020072FF  srgba(2,0,114,1)
7,10: (514,0,32896,65535)  #020080FF  srgba(2,0,128,1)
8,10: (514,1542,257,65535)  #020601FF  srgba(2,6,1,1)
9,10: (514,3598,1799,65535)  #020E07FF  srgba(2,14,7,1)
10,10: (514,4369,514,65535)  #021102FF  srgba(2,17,2,1)
11,10: (514,8481,9252,65535)  #022124FF  srgba(2,33,36,1)
12,10: (514,8995,1285,65535)  #022305FF  srgba(2,35,5,1)
13,10: (514,10280,0,65535)  #022800FF  srgba(2,40,0,1)
14,10: (514,12850,771,65535)  #023203FF  srgba(2,50,3,1)
15,10: (514,16705,771,65535)  #024103FF  srgba(2,65,3,1)
0,11: (514,22359,514,65535)  #025702FF  srgba(2,87,2,1)
1,11: (514,36494,257,65535)  #028E01FF  srgba(2,142,1,1)
2,11: (771,0,22102,65535)  #030056FF  srgba(3,0,86,1)
3,11: (771,0,35980,65535)  #03008CFF  srgba(3,0,140,1)
4,11: (771,1285,23644,65535)  #03055CFF  srgba(3,5,92,1)
5,11: (771,2570,19018,65535)  #030A4AFF  srgba(3,10,74,1)
6,11: (771,3084,514,65535)  #030C02FF  srgba(3,12,2,1)
7,11: (771,3084,2056,65535)  #030C08FF  srgba(3,12,8,1)
8,11: (771,9766,1799,65535)  #032607FF  srgba(3,38,7,1)
9,11: (771,10537,257,65535)  #032901FF  srgba(3,41,1,1)
10,11: (771,21845,1028,65535)  #035504FF  srgba(3,85,4,1)
11,11: (771,28527,771,65535)  #036F03FF  srgba(3,111,3,1)
12,11: (1028,9766,1285,65535)  #042605FF  srgba(4,38,5,1)
13,11: (1028,15934,1285,65535)  #043E05FF  srgba(4,62,5,1)
14,11: (1285,0,35723,65535)  #05008BFF  srgba(5,0,139,1)
15,11: (1285,2056,25186,65535)  #050862FF  srgba(5,8,98,1)
0,12: (1542,0,25186,65535)  #060062FF  srgba(6,0,98,1)
1,12: (1542,0,33153,65535)  #060081FF  srgba(6,0,129,1)
2,12: (1542,0,37779,65535)  #060093FF  srgba(6,0,147,1)
3,12: (1542,3084,1542,65535)  #060C06FF  srgba(6,12,6,1)
4,12: (1542,9252,2056,65535)  #062408FF  srgba(6,36,8,1)
5,12: (1799,0,35209,65535)  #070089FF  srgba(7,0,137,1)
6,12: (2056,0,37008,65535)  #080090FF  srgba(8,0,144,1)
7,12: (2313,257,33153,65535)  #090181FF  srgba(9,1,129,1)
8,12: (2570,0,21845,65535)  #0A0055FF  srgba(10,0,85,1)
9,12: (2570,0,34695,65535)  #0A0087FF  srgba(10,0,135,1)
10,12: (2570,0,43947,65535)  #0A00ABFF  srgba(10,0,171,1)
11,12: (2570,22102,2827,65535)  #0A560BFF  srgba(10,86,11,1)
12,12: (2827,0,38550,65535)  #0B0096FF  srgba(11,0,150,1)
13,12: (2827,11565,9252,65535)  #0B2D24FF  srgba(11,45,36,1)
14,12: (3084,16448,3598,65535)  #0C400EFF  srgba(12,64,14,1)
15,12: (3084,29041,3855,65535)  #0C710FFF  srgba(12,113,15,1)
0,13: (3341,0,36494,65535)  #0D008EFF  srgba(13,0,142,1)
1,13: (3341,0,41120,65535)  #0D00A0FF  srgba(13,0,160,1)
2,13: (3341,3341,18247,65535)  #0D0D47FF  srgba(13,13,71,1)
3,13: (3341,3855,9766,65535)  #0D0F26FF  srgba(13,15,38,1)
4,13: (3598,0,34952,65535)  #0E0088FF  srgba(14,0,136,1)
5,13: (3598,0,39064,65535)  #0E0098FF  srgba(14,0,152,1)
6,13: (3598,3855,4626,65535)  #0E0F12FF  srgba(14,15,18,1)
7,13: (3855,0,34181,65535)  #0F0085FF  srgba(15,0,133,1)
8,13: (4112,10023,4626,65535)  #102712FF  srgba(16,39,18,1)
9,13: (4112,15934,9766,65535)  #103E26FF  srgba(16,62,38,1)
10,13: (4883,0,44461,65535)  #1300ADFF  srgba(19,0,173,1)
11,13: (5140,1285,32896,65535)  #140580FF  srgba(20,5,128,1)
12,13: (5397,0,37008,65535)  #150090FF  srgba(21,0,144,1)
13,13: (5397,0,38807,65535)  #150097FF  srgba(21,0,151,1)
14,13: (5911,0,49087,65535)  #1700BFFF  srgba(23,0,191,1)
15,13: (6168,0,43947,65535)  #1800ABFF  srgba(24,0,171,1)
0,14: (6168,22873,8995,65535)  #185923FF  srgba(24,89,35,1)
1,14: (6425,0,44204,65535)  #1900ACFF  srgba(25,0,172,1)
2,14: (6682,0,31611,65535)  #1A007BFF  srgba(26,0,123,1)
3,14: (6682,0,36237,65535)  #1A008DFF  srgba(26,0,141,1)
4,14: (6682,257,35466,65535)  #1A018AFF  srgba(26,1,138,1)
5,14: (6682,3598,32896,65535)  #1A0E80FF  srgba(26,14,128,1)
6,14: (7196,8738,10280,65535)  #1C2228FF  srgba(28,34,40,1)
7,14: (7453,257,43690,65535)  #1D01AAFF  srgba(29,1,170,1)
8,14: (7710,0,44461,65535)  #1E00ADFF  srgba(30,0,173,1)
9,14: (7967,0,49344,65535)  #1F00C0FF  srgba(31,0,192,1)
10,14: (8995,0,53199,65535)  #2300CFFF  srgba(35,0,207,1)
11,14: (10023,0,44461,65535)  #2700ADFF  srgba(39,0,173,1)
12,14: (10280,12336,10794,65535)  #28302AFF  srgba(40,48,42,1)
13,14: (10794,0,49858,65535)  #2A00C2FF  srgba(42,0,194,1)
14,14: (10794,0,49858,65535)  #2A00C2FF  srgba(42,0,194,1)
15,14: (11565,0,56026,65535)  #2D00DAFF  srgba(45,0,218,1)
0,15: (11822,0,53456,65535)  #2E00D0FF  srgba(46,0,208,1)
1,15: (12079,0,58853,65535)  #2F00E5FF  srgba(47,0,229,1)
2,15: (12336,15677,12850,65535)  #303D32FF  srgba(48,61,50,1)
3,15: (14649,0,58853,65535)  #3900E5FF  srgba(57,0,229,1)
4,15: (15163,0,50886,65535)  #3B00C6FF  srgba(59,0,198,1)
5,15: (15420,0,46517,65535)  #3C00B5FF  srgba(60,0,181,1)
6,15: (15420,0,53199,65535)  #3C00CFFF  srgba(60,0,207,1)
7,15: (15677,0,56026,65535)  #3D00DAFF  srgba(61,0,218,1)
8,15: (15934,0,62194,65535)  #3E00F2FF  srgba(62,0,242,1)
9,15: (17990,0,59110,65535)  #4600E6FF  srgba(70,0,230,1)
10,15: (17990,0,62965,65535)  #4600F5FF  srgba(70,0,245,1)
11,15: (18761,0,65021,65535)  #4900FDFF  srgba(73,0,253,1)
12,15: (20817,0,62965,65535)  #5100F5FF  srgba(81,0,245,1)
13,15: (21074,0,65278,65535)  #5200FEFF  srgba(82,0,254,1)
14,15: (23901,0,65278,65535)  #5D00FEFF  srgba(93,0,254,1)
15,15: (0,65535,0,0)  #00FF0000  srgba(0,255,0,0)
