# ImageMagick pixel enumeration: 16,16,65535,srgba
0,0: (0,0,0,65535)  #000000FF  black
1,0: (514,0,0,65535)  #020000FF  srgba(2,0,0,1)
2,0: (1542,257,1028,65535)  #060104FF  srgba(6,1,4,1)
3,0: (6682,5140,5397,65535)  #1A1415FF  srgba(26,20,21,1)
4,0: (7196,8481,14135,65535)  #1C2137FF  srgba(28,33,55,1)
5,0: (16191,36751,56283,65535)  #3F8FDBFF  srgba(63,143,219,1)
6,0: (17733,514,8738,65535)  #450222FF  srgba(69,2,34,1)
7,0: (17733,15163,12336,65535)  #453B30FF  srgba(69,59,48,1)
8,0: (19532,14649,23387,65535)  #4C395BFF  srgba(76,57,91,1)
9,0: (19532,43176,42148,65535)  #4CA8A4FF  srgba(76,168,164,1)
10,0: (20817,44461,61680,65535)  #51ADF0FF  srgba(81,173,240,1)
11,0: (22873,21845,22359,65535)  #595557FF  srgba(89,85,87,1)
12,0: (25957,514,2313,65535)  #650209FF  srgba(101,2,9,1)
13,0: (26985,36751,58853,65535)  #698FE5FF  srgba(105,143,229,1)
14,0: (27756,15934,45746,65535)  #6C3EB2FF  srgba(108,62,178,1)
15,0: (27756,22102,46517,65535)  #6C56B5FF  srgba(108,86,181,1)
0,1: (28784,23644,35980,65535)  #705C8CFF  srgba(112,92,140,1)
1,1: (29812,16191,9766,65535)  #743F26FF  srgba(116,63,38,1)
2,1: (30583,28270,42148,65535)  #776EA4FF  srgba(119,110,164,1)
3,1: (30840,14135,45489,65535)  #7837B1FF  srgba(120,55,177,1)
4,1: (30840,23644,52171,65535)  #785CCBFF  srgba(120,92,203,1)
5,1: (30840,25186,52942,65535)  #7862CEFF  srgba(120,98,206,1)
6,1: (30840,26728,45232,65535)  #7868B0FF  srgba(120,104,176,1)
7,1: (31354,13621,35980,65535)  #7A358CFF  srgba(122,53,140,1)
8,1: (31354,21331,50886,65535)  #7A53C6FF  srgba(122,83,198,1)
9,1: (31354,22359,46774,65535)  #7A57B6FF  srgba(122,87,182,1)
10,1: (31354,27499,54741,65535)  #7A6BD5FF  srgba(122,107,213,1)
11,1: (31354,31611,22873,65535)  #7A7B59FF  srgba(122,123,89,1)
12,1: (31611,26471,53970,65535)  #7B67D2FF  srgba(123,103,210,1)
13,1: (31868,41120,39321,65535)  #7CA099FF  srgba(124,160,153,1)
14,1: (32125,31097,38550,65535)  #7D7996FF  srgba(125,121,150,1)
15,1: (33410,9766,26985,65535)  #822669FF  srgba(130,38,105,1)
0,2: (33410,23644,27242,65535)  #825C6AFF  srgba(130,92,106,1)
1,2: (33410,24929,54484,65535)  #8261D4FF  srgba(130,97,212,1)
2,2: (33410,28270,21331,65535)  #826E53FF  srgba(130,110,83,1)
3,2: (33924,16191,46003,65535)  #843FB3FF  srgba(132,63,179,1)
4,2: (33924,23130,48059,65535)  #845ABBFF  srgba(132,90,187,1)
5,2: (34181,22616,51657,65535)  #8558C9FF  srgba(133,88,201,1)
6,2: (34181,23387,42919,65535)  #855BA7FF  srgba(133,91,167,1)
7,2: (34438,6939,42405,65535)  #861BA5FF  srgba(134,27,165,1)
8,2: (34438,21588,51657,65535)  #8654C9FF  srgba(134,84,201,1)
9,2: (34438,24158,52428,65535)  #865ECCFF  srgba(134,94,204,1)
10,2: (35209,22873,53456,65535)  #8959D0FF  srgba(137,89,208,1)
11,2: (35209,26728,54998,65535)  #8968D6FF  srgba(137,104,214,1)
12,2: (35466,26728,43433,65535)  #8A68A9FF  srgba(138,104,169,1)
13,2: (35466,28013,55769,65535)  #8A6DD9FF  srgba(138,109,217,1)
14,2: (35723,31611,22102,65535)  #8B7B56FF  srgba(139,123,86,1)
15,2: (35980,20560,51657,65535)  #8C50C9FF  srgba(140,80,201,1)
0,3: (35980,28270,41891,65535)  #8C6EA3FF  srgba(140,110,163,1)
1,3: (36237,24672,54741,65535)  #8D60D5FF  srgba(141,96,213,1)
2,3: (37008,3341,36494,65535)  #900D8EFF  srgba(144,13,142,1)
3,3: (37008,22616,35723,65535)  #90588BFF  srgba(144,88,139,1)
4,3: (38550,33153,58853,65535)  #9681E5FF  srgba(150,129,229,1)
5,3: (39321,19018,51657,65535)  #994AC9FF  srgba(153,74,201,1)
6,3: (39321,21074,47288,65535)  #9952B8FF  srgba(153,82,184,1)
7,3: (39578,3598,41634,65535)  #9A0EA2FF  srgba(154,14,162,1)
8,3: (39578,22359,41377,65535)  #9A57A1FF  srgba(154,87,161,1)
9,3: (40349,8738,43433,65535)  #9D22A9FF  srgba(157,34,169,1)
10,3: (40349,20046,35723,65535)  #9D4E8BFF  srgba(157,78,139,1)
11,3: (40606,1028,36494,65535)  #9E048EFF  srgba(158,4,142,1)
12,3: (41120,0,36751,65535)  #A0008FFF  srgba(160,0,143,1)
13,3: (41120,11822,47031,65535)  #A02EB7FF  srgba(160,46,183,1)
14,3: (41120,14906,30069,65535)  #A03A75FF  srgba(160,58,117,1)
15,3: (41120,23901,29812,65535)  #A05D74FF  srgba(160,93,116,1)
0,4: (41634,9252,6939,65535)  #A2241BFF  srgba(162,36,27,1)
1,4: (41634,16191,51143,65535)  #A23FC7FF  srgba(162,63,199,1)
2,4: (41634,19789,22616,65535)  #A24D58FF  srgba(162,77,88,1)
3,4: (41891,21588,13107,65535)  #A35433FF  srgba(163,84,51,1)
4,4: (41891,28270,32125,65535)  #A36E7DFF  srgba(163,110,125,1)
5,4: (42405,514,29555,65535)  #A50273FF  srgba(165,2,115,1)
6,4: (42662,514,38807,65535)  #A60297FF  srgba(166,2,151,1)
7,4: (42662,29041,44718,65535)  #A671AEFF  srgba(166,113,174,1)
8,4: (42919,771,21331,65535)  #A70353FF  srgba(167,3,83,1)
9,4: (43433,1028,4626,65535)  #A90412FF  srgba(169,4,18,1)
10,4: (44461,20560,35723,65535)  #AD508BFF  srgba(173,80,139,1)
11,4: (44461,28527,24158,65535)  #AD6F5EFF  srgba(173,111,94,1)
12,4: (44718,0,36751,65535)  #AE008FFF  srgba(174,0,143,1)
13,4: (44718,2570,36237,65535)  #AE0A8DFF  srgba(174,10,141,1)
14,4: (44718,2570,41634,65535)  #AE0AA2FF  srgba(174,10,162,1)
15,4: (45232,0,36494,65535)  #B0008EFF  srgba(176,0,142,1)
0,5: (45489,0,36751,65535)  #B1008FFF  srgba(177,0,143,1)
1,5: (46774,28784,14649,65535)  #B67039FF  srgba(182,112,57,1)
2,5: (48059,34438,23387,65535)  #BB865BFF  srgba(187,134,91,1)
3,5: (48059,61937,63479,65535)  #BBF1F7FF  srgba(187,241,247,1)
4,5: (48316,34695,10280,65535)  #BC8728FF  srgba(188,135,40,1)
5,5: (48316,46003,60395,65535)  #BCB3EBFF  srgba(188,179,235,1)
6,5: (48573,31097,58339,65535)  #BD79E3FF  srgba(189,121,227,1)
7,5: (49087,0,38036,65535)  #BF0094FF  srgba(191,0,148,1)
8,5: (50115,0,38036,65535)  #C30094FF  srgba(195,0,148,1)
9,5: (50115,34695,33667,65535)  #C38783FF  srgba(195,135,131,1)
10,5: (50115,37265,44975,65535)  #C391AFFF  srgba(195,145,175,1)
11,5: (50372,0,38550,65535)  #C40096FF  srgba(196,0,150,1)
12,5: (50629,0,32382,65535)  #C5007EFF  srgba(197,0,126,1)
13,5: (50629,0,32382,65535)  #C5007EFF  srgba(197,0,126,1)
14,5: (50629,0,35980,65535)  #C5008CFF  srgba(197,0,140,1)
15,5: (50629,0,37779,65535)  #C50093FF  srgba(197,0,147,1)
0,6: (50629,0,38036,65535)  #C50094FF  srgba(197,0,148,1)
1,6: (50629,0,38807,65535)  #C50097FF  srgba(197,0,151,1)
2,6: (50886,0,30840,65535)  #C60078FF  srgba(198,0,120,1)
3,6: (50886,0,35466,65535)  #C6008AFF  srgba(198,0,138,1)
4,6: (50886,0,35980,65535)  #C6008CFF  srgba(198,0,140,1)
5,6: (50886,0,36237,65535)  #C6008DFF  srgba(198,0,141,1)
6,6: (50886,0,36751,65535)  #C6008FFF  srgba(198,0,143,1)
7,6: (50886,0,37265,65535)  #C60091FF  srgba(198,0,145,1)
8,6: (50886,0,37522,65535)  #C60092FF  srgba(198,0,146,1)
9,6: (50886,0,39064,65535)  #C60098FF  srgba(198,0,152,1)
10,6: (50886,257,37008,65535)  #C60190FF  srgba(198,1,144,1)
11,6: (51400,12593,46003,65535)  #C831B3FF  srgba(200,49,179,1)
12,6: (51400,38293,59624,65535)  #C895E8FF  srgba(200,149,232,1)
13,6: (51400,40349,34181,65535)  #C89D85FF  srgba(200,157,133,1)
14,6: (51657,0,36494,65535)  #C9008EFF  srgba(201,0,142,1)
15,6: (52171,0,257,65535)  #CB0001FF  srgba(203,0,1,1)
0,7: (52171,0,514,65535)  #CB0002FF  srgba(203,0,2,1)
1,7: (52428,0,9252,65535)  #CC0024FF  srgba(204,0,36,1)
2,7: (52428,0,22102,65535)  #CC0056FF  srgba(204,0,86,1)
3,7: (52428,0,30840,65535)  #CC0078FF  srgba(204,0,120,1)
4,7: (52428,514,40606,65535)  #CC029EFF  srgba(204,2,158,1)
5,7: (52685,14906,53970,65535)  #CD3AD2FF  srgba(205,58,210,1)
6,7: (52685,22359,44461,65535)  #CD57ADFF  srgba(205,87,173,1)
7,7: (52942,0,19532,65535)  #CE004CFF  srgba(206,0,76,1)
8,7: (52942,29041,33153,65535)  #CE7181FF  srgba(206,113,129,1)
9,7: (53456,1028,39064,65535)  #D00498FF  srgba(208,4,152,1)
10,7: (53713,2313,2056,65535)  #D10908FF  srgba(209,9,8,1)
11,7: (53970,1799,43176,65535)  #D207A8FF  srgba(210,7,168,1)
12,7: (53970,30583,44461,65535)  #D277ADFF  srgba(210,119,173,1)
13,7: (54484,0,29812,65535)  #D40074FF  srgba(212,0,116,1)
14,7: (54741,20817,30583,65535)  #D55177FF  srgba(213,81,119,1)
15,7: (54741,22616,56283,65535)  #D558DBFF  srgba(213,88,219,1)
0,8: (54998,3084,46260,65535)  #D60CB4FF  srgba(214,12,180,1)
1,8: (55769,44718,60138,65535)  #D9AEEAFF  srgba(217,174,234,1)
2,8: (55769,61423,62708,65535)  #D9EFF4FF  srgba(217,239,244,1)
3,8: (56283,0,30069,65535)  #DB0075FF  srgba(219,0,117,1)
4,8: (56283,3084,35980,65535)  #DB0C8CFF  srgba(219,12,140,1)
5,8: (56283,43433,44975,65535)  #DBA9AFFF  srgba(219,169,175,1)
6,8: (56540,2056,18247,65535)  #DC0847FF  srgba(220,8,71,1)
7,8: (56797,7453,30069,65535)  #DD1D75FF  srgba(221,29,117,1)
8,8: (57054,48059,21074,65535)  #DEBB52FF  srgba(222,187,82,1)
9,8: (57054,48316,34695,65535)  #DEBC87FF  srgba(222,188,135,1)
10,8: (57311,0,19018,65535)  #DF004AFF  srgba(223,0,74,1)
11,8: (57311,0,21074,65535)  #DF0052FF  srgba(223,0,82,1)
12,8: (57311,52428,45489,65535)  #DFCCB1FF  srgba(223,204,177,1)
13,8: (57568,0,11308,65535)  #E0002CFF  srgba(224,0,44,1)
14,8: (57568,514,29555,65535)  #E00273FF  srgba(224,2,115,1)
15,8: (57825,0,2570,65535)  #E1000AFF  srgba(225,0,10,1)
0,9: (58082,0,2056,65535)  #E20008FF  srgba(226,0,8,1)
1,9: (58082,12079,38036,65535)  #E22F94FF  srgba(226,47,148,1)
2,9: (58596,37779,44975,65535)  #E493AFFF  srgba(228,147,175,1)
3,9: (58596,47031,59881,65535)  #E4B7E9FF  srgba(228,183,233,1)
4,9: (58596,63479,62194,65535)  #E4F7F2FF  srgba(228,247,242,1)
5,9: (59110,47288,7453,65535)  #E6B81DFF  srgba(230,184,29,1)
6,9: (59624,3598,54484,65535)  #E80ED4FF  srgba(232,14,212,1)
7,9: (59624,14649,37008,65535)  #E83990FF  srgba(232,57,144,1)
8,9: (59624,17219,39064,65535)  #E84398FF  srgba(232,67,152,1)
9,9: (59624,18761,35980,65535)  #E8498CFF  srgba(232,73,140,1)
10,9: (59881,18504,8481,65535)  #E94821FF  srgba(233,72,33,1)
11,9: (59881,20303,21074,65535)  #E94F52FF  srgba(233,79,82,1)
12,9: (60909,32896,58596,65535)  #ED80E4FF  srgba(237,128,228,1)
13,9: (60909,39835,59110,65535)  #ED9BE6FF  srgba(237,155,230,1)
14,9: (60909,63736,65278,65535)  #EDF8FEFF  srgba(237,248,254,1)
15,9: (61166,8738,7196,65535)  #EE221CFF  srgba(238,34,28,1)
0,10: (61166,46774,59881,65535)  #EEB6E9FF  srgba(238,182,233,1)
1,10: (61166,57568,57825,65535)  #EEE0E1FF  srgba(238,224,225,1)
2,10: (62194,2827,3598,65535)  #F20B0EFF  srgba(242,11,14,1)
3,10: (62194,10023,20817,65535)  #F22751FF  srgba(242,39,81,1)
4,10: (62965,33667,35723,65535)  #F5838BFF  srgba(245,131,139,1)
5,10: (62965,40606,47288,65535)  #F59EB8FF  srgba(245,158,184,1)
6,10: (62965,41120,2570,65535)  #F5A00AFF  srgba(245,160,10,1)
7,10: (62965,43176,13364,65535)  #F5A834FF  srgba(245,168,52,1)
8,10: (63222,2827,17990,65535)  #F60B46FF  srgba(246,11,70,1)
9,10: (63222,44718,37522,65535)  #F6AE92FF  srgba(246,174,146,1)
10,10: (63222,47802,63736,65535)  #F6BAF8FF  srgba(246,186,248,1)
11,10: (63222,48059,55512,65535)  #F6BBD8FF  srgba(246,187,216,1)
12,10: (63222,59367,64507,65535)  #F6E7FBFF  srgba(246,231,251,1)
13,10: (63479,51657,11822,65535)  #F7C92EFF  srgba(247,201,46,1)
14,10: (63479,57311,57825,65535)  #F7DFE1FF  srgba(247,223,225,1)
15,10: (63993,59110,14135,65535)  #F9E637FF  srgba(249,230,55,1)
0,11: (64250,18504,44461,65535)  #FA48ADFF  srgba(250,72,173,1)
1,11: (64250,49087,48059,65535)  #FABFBBFF  srgba(250,191,187,1)
2,11: (64250,53713,47802,65535)  #FAD1BAFF  srgba(250,209,186,1)
3,11: (64250,55512,14135,65535)  #FAD837FF  srgba(250,216,55,1)
4,11: (64250,57054,37265,65535)  #FADE91FF  srgba(250,222,145,1)
5,11: (64250,60652,26214,65535)  #FAEC66FF  srgba(250,236,102,1)
6,11: (64250,62965,20046,65535)  #FAF54EFF  srgba(250,245,78,1)
7,11: (64507,44204,62451,65535)  #FBACF3FF  srgba(251,172,243,1)
8,11: (64507,50115,46774,65535)  #FBC3B6FF  srgba(251,195,182,1)
9,11: (64507,50629,41891,65535)  #FBC5A3FF  srgba(251,197,163,1)
10,11: (64764,8481,29812,65535)  #FC2174FF  srgba(252,33,116,1)
11,11: (64764,19532,30326,65535)  #FC4C76FF  srgba(252,76,118,1)
12,11: (64764,19789,58339,65535)  #FC4DE3FF  srgba(252,77,227,1)
13,11: (64764,48316,60652,65535)  #FCBCECFF  srgba(252,188,236,1)
14,11: (64764,49087,53199,65535)  #FCBFCFFF  srgba(252,191,207,1)
15,11: (64764,50629,45232,65535)  #FCC5B0FF  srgba(252,197,176,1)
0,12: (64764,53456,53456,65535)  #FCD0D0FF  srgba(252,208,208,1)
1,12: (64764,55769,58082,65535)  #FCD9E2FF  srgba(252,217,226,1)
2,12: (64764,56026,62451,65535)  #FCDAF3FF  srgba(252,218,243,1)
3,12: (64764,58853,58596,65535)  #FCE5E4FF  srgba(252,229,228,1)
4,12: (64764,59881,62965,65535)  #FCE9F5FF  srgba(252,233,245,1)
5,12: (65021,39064,64250,65535)  #FD98FAFF  srgba(253,152,250,1)
6,12: (65021,49858,47031,65535)  #FDC2B7FF  srgba(253,194,183,1)
7,12: (65021,50372,42662,65535)  #FDC4A6FF  srgba(253,196,166,1)
8,12: (65021,50372,44461,65535)  #FDC4ADFF  srgba(253,196,173,1)
9,12: (65021,50629,44975,65535)  #FDC5AFFF  srgba(253,197,175,1)
10,12: (65021,53199,47031,65535)  #FDCFB7FF  srgba(253,207,183,1)
11,12: (65021,53456,32382,65535)  #FDD07EFF  srgba(253,208,126,1)
12,12: (65021,53456,41120,65535)  #FDD0A0FF  srgba(253,208,160,1)
13,12: (65021,55512,14649,65535)  #FDD839FF  srgba(253,216,57,1)
14,12: (65021,56283,13364,65535)  #FDDB34FF  srgba(253,219,52,1)
15,12: (65021,63993,19018,65535)  #FDF94AFF  srgba(253,249,74,1)
0,13: (65021,63993,29812,65535)  #FDF974FF  srgba(253,249,116,1)
1,13: (65021,64764,22359,65535)  #FDFC57FF  srgba(253,252,87,1)
2,13: (65278,31611,36237,65535)  #FE7B8DFF  srgba(254,123,141,1)
3,13: (65278,33924,20817,65535)  #FE8451FF  srgba(254,132,81,1)
4,13: (65278,33924,47288,65535)  #FE84B8FF  srgba(254,132,184,1)
5,13: (65278,33924,54998,65535)  #FE84D6FF  srgba(254,132,214,1)
6,13: (65278,35466,63222,65535)  #FE8AF6FF  srgba(254,138,246,1)
7,13: (65278,37522,65535,65535)  #FE92FFFF  srgba(254,146,255,1)
8,13: (65278,40606,5654,65535)  #FE9E16FF  srgba(254,158,22,1)
9,13: (65278,41634,63222,65535)  #FEA2F6FF  srgba(254,162,246,1)
10,13: (65278,42148,38293,65535)  #FEA495FF  srgba(254,164,149,1)
11,13: (65278,44461,47545,65535)  #FEADB9FF  srgba(254,173,185,1)
12,13: (65278,46260,64764,65535)  #FEB4FCFF  srgba(254,180,252,1)
13,13: (65278,46774,57568,65535)  #FEB6E0FF  srgba(254,182,224,1)
14,13: (65278,48830,48573,65535)  #FEBEBDFF  srgba(254,190,189,1)
15,13: (65278,49858,57825,65535)  #FEC2E1FF  srgba(254,194,225,1)
0,14: (65278,50115,41634,65535)  #FEC3A2FF  srgba(254,195,162,1)
1,14: (65278,50372,46517,65535)  #FEC4B5FF  srgba(254,196,181,1)
2,14: (65278,50372,52942,65535)  #FEC4CEFF  srgba(254,196,206,1)
3,14: (65278,50629,45232,65535)  #FEC5B0FF  srgba(254,197,176,1)
4,14: (65278,50886,42662,65535)  #FEC6A6FF  srgba(254,198,166,1)
5,14: (65278,50886,64250,65535)  #FEC6FAFF  srgba(254,198,250,1)
6,14: (65278,51657,40092,65535)  #FEC99CFF  srgba(254,201,156,1)
7,14: (65278,51657,47031,65535)  #FEC9B7FF  srgba(254,201,183,1)
8,14: (65278,51914,14392,65535)  #FECA38FF  srgba(254,202,56,1)
9,14: (65278,53199,47802,65535)  #FECFBAFF  srgba(254,207,186,1)
10,14: (65278,54741,19789,65535)  #FED54DFF  srgba(254,213,77,1)
11,14: (65278,55512,14906,65535)  #FED83AFF  srgba(254,216,58,1)
12,14: (65278,56026,30069,65535)  #FEDA75FF  srgba(254,218,117,1)
13,14: (65278,56026,55769,65535)  #FEDAD9FF  srgba(254,218,217,1)
14,14: (65278,56540,14392,65535)  #FEDC38FF  srgba(254,220,56,1)
15,14: (65278,56540,64764,65535)  #FEDCFCFF  srgba(254,220,252,1)
0,15: (65278,57311,60909,65535)  #FEDFEDFF  srgba(254,223,237,1)
1,15: (65278,57568,58853,65535)  #FEE0E5FF  srgba(254,224,229,1)
2,15: (65278,58853,59367,65535)  #FEE5E7FF  srgba(254,229,231,1)
3,15: (65278,59367,47802,65535)  #FEE7BAFF  srgba(254,231,186,1)
4,15: (65278,59367,62965,65535)  #FEE7F5FF  srgba(254,231,245,1)
5,15: (65278,59624,56797,65535)  #FEE8DDFF  srgba(254,232,221,1)
6,15: (65278,59624,60138,65535)  #FEE8EAFF  srgba(254,232,234,1)
7,15: (65278,61166,62965,65535)  #FEEEF5FF  srgba(254,238,245,1)
8,15: (65278,61937,38807,65535)  #FEF197FF  srgba(254,241,151,1)
9,15: (65278,63993,19275,65535)  #FEF94BFF  srgba(254,249,75,1)
10,15: (65278,64250,29298,65535)  #FEFA72FF  srgba(254,250,114,1)
11,15: (65278,64764,23387,65535)  #FEFC5BFF  srgba(254,252,91,1)
12,15: (65535,49858,47802,65535)  #FFC2BAFF  srgba(255,194,186,1)
13,15: (65535,50886,43690,65535)  #FFC6AAFF  srgba(255,198,170,1)
14,15: (65535,50886,44718,65535)  #FFC6AEFF  srgba(255,198,174,1)
15,15: (0,65535,0,0)  #00FF0000  srgba(0,255,0,0)
