# ImageMagick pixel enumeration: 16,16,65535,srgba
0,0: (19532,38293,11051,65535)  #4C952BFF  srgba(76,149,43,1)
1,0: (22616,32639,10794,65535)  #587F2AFF  srgba(88,127,42,1)
2,0: (22616,38293,14135,65535)  #589537FF  srgba(88,149,55,1)
3,0: (24415,35209,14392,65535)  #5F8938FF  srgba(95,137,56,1)
4,0: (29812,23644,13878,65535)  #745C36FF  srgba(116,92,54,1)
5,0: (30326,35980,19275,65535)  #768C4BFF  srgba(118,140,75,1)
6,0: (32382,31097,19789,65535)  #7E794DFF  srgba(126,121,77,1)
7,0: (32896,24929,17990,65535)  #806146FF  srgba(128,97,70,1)
8,0: (33153,27756,19018,65535)  #816C4AFF  srgba(129,108,74,1)
9,0: (33410,25700,18504,65535)  #826448FF  srgba(130,100,72,1)
10,0: (33410,25957,18504,65535)  #826548FF  srgba(130,101,72,1)
11,0: (33410,26214,18504,65535)  #826648FF  srgba(130,102,72,1)
12,0: (33924,24672,18247,65535)  #846047FF  srgba(132,96,71,1)
13,0: (33924,25186,18761,65535)  #846249FF  srgba(132,98,73,1)
14,0: (34181,25700,19018,65535)  #85644AFF  srgba(133,100,74,1)
15,0: (34181,25700,19275,65535)  #85644BFF  srgba(133,100,75,1)
0,1: (34438,20046,17219,65535)  #864E43FF  srgba(134,78,67,1)
1,1: (34695,24929,19532,65535)  #87614CFF  srgba(135,97,76,1)
2,1: (34695,25957,19532,65535)  #87654CFF  srgba(135,101,76,1)
3,1: (34952,24415,19018,65535)  #885F4AFF  srgba(136,95,74,1)
4,1: (34952,26214,19532,65535)  #88664CFF  srgba(136,102,76,1)
5,1: (34952,26471,20046,65535)  #88674EFF  srgba(136,103,78,1)
6,1: (35209,24415,20046,65535)  #895F4EFF  srgba(137,95,78,1)
7,1: (35466,24672,19789,65535)  #8A604DFF  srgba(138,96,77,1)
8,1: (35466,25957,20046,65535)  #8A654EFF  srgba(138,101,78,1)
9,1: (35466,26728,20046,65535)  #8A684EFF  srgba(138,104,78,1)
10,1: (35723,23644,19789,65535)  #8B5C4DFF  srgba(139,92,77,1)
11,1: (35723,24415,20303,65535)  #8B5F4FFF  srgba(139,95,79,1)
12,1: (36237,25443,20303,65535)  #8D634FFF  srgba(141,99,79,1)
13,1: (36494,23901,20560,65535)  #8E5D50FF  srgba(142,93,80,1)
14,1: (36751,22359,20046,65535)  #8F574EFF  srgba(143,87,78,1)
15,1: (36751,28270,21331,65535)  #8F6E53FF  srgba(143,110,83,1)
0,2: (37008,22359,20817,65535)  #905751FF  srgba(144,87,81,1)
1,2: (37008,23644,20817,65535)  #905C51FF  srgba(144,92,81,1)
2,2: (37008,25186,20817,65535)  #906251FF  srgba(144,98,81,1)
3,2: (37265,20560,20560,65535)  #915050FF  srgba(145,80,80,1)
4,2: (37265,24415,20817,65535)  #915F51FF  srgba(145,95,81,1)
5,2: (37779,20817,20817,65535)  #935151FF  srgba(147,81,81,1)
6,2: (37779,21845,21074,65535)  #935552FF  srgba(147,85,82,1)
7,2: (38036,26985,21331,65535)  #946953FF  srgba(148,105,83,1)
8,2: (38036,31611,22102,65535)  #947B56FF  srgba(148,123,86,1)
9,2: (38293,20817,21074,65535)  #955152FF  srgba(149,81,82,1)
10,2: (38293,21845,21331,65535)  #955553FF  srgba(149,85,83,1)
11,2: (38550,20817,21331,65535)  #965153FF  srgba(150,81,83,1)
12,2: (38550,23644,21588,65535)  #965C54FF  srgba(150,92,84,1)
13,2: (38807,20560,21588,65535)  #975054FF  srgba(151,80,84,1)
14,2: (38807,21845,21845,65535)  #975555FF  srgba(151,85,85,1)
15,2: (39321,20046,21331,65535)  #994E53FF  srgba(153,78,83,1)
0,3: (39321,20046,22102,65535)  #994E56FF  srgba(153,78,86,1)
1,3: (39578,20046,22616,65535)  #9A4E58FF  srgba(154,78,88,1)
2,3: (39578,20303,21588,65535)  #9A4F54FF  srgba(154,79,84,1)
3,3: (39835,19275,22359,65535)  #9B4B57FF  srgba(155,75,87,1)
4,3: (39835,19532,21588,65535)  #9B4C54FF  srgba(155,76,84,1)
5,3: (40092,25700,22359,65535)  #9C6457FF  srgba(156,100,87,1)
6,3: (40349,19018,22359,65535)  #9D4A57FF  srgba(157,74,87,1)
7,3: (40349,19018,23387,65535)  #9D4A5BFF  srgba(157,74,91,1)
8,3: (40349,19532,22873,65535)  #9D4C59FF  srgba(157,76,89,1)
9,3: (40349,19789,21845,65535)  #9D4D55FF  srgba(157,77,85,1)
10,3: (40606,21845,22616,65535)  #9E5558FF  srgba(158,85,88,1)
11,3: (40863,18761,22873,65535)  #9F4959FF  srgba(159,73,89,1)
12,3: (40863,19532,22616,65535)  #9F4C58FF  srgba(159,76,88,1)
13,3: (41120,20046,24672,65535)  #A04E60FF  srgba(160,78,96,1)
14,3: (41377,25957,25443,65535)  #A16563FF  srgba(161,101,99,1)
15,3: (41377,28527,22616,65535)  #A16F58FF  srgba(161,111,88,1)
0,4: (41634,18761,23130,65535)  #A2495AFF  srgba(162,73,90,1)
1,4: (41891,19018,23130,65535)  #A34A5AFF  srgba(163,74,90,1)
2,4: (42405,17733,23387,65535)  #A5455BFF  srgba(165,69,91,1)
3,4: (42405,17733,24672,65535)  #A54560FF  srgba(165,69,96,1)
4,4: (42919,19018,23130,65535)  #A74A5AFF  srgba(167,74,90,1)
5,4: (42919,30069,23387,65535)  #A7755BFF  srgba(167,117,91,1)
6,4: (43433,16962,23387,65535)  #A9425BFF  srgba(169,66,91,1)
7,4: (43433,20560,25957,65535)  #A95065FF  srgba(169,80,101,1)
8,4: (43433,41891,25443,65535)  #A9A363FF  srgba(169,163,99,1)
9,4: (43690,16962,25443,65535)  #AA4263FF  srgba(170,66,99,1)
10,4: (43947,36494,23644,65535)  #AB8E5CFF  srgba(171,142,92,1)
11,4: (44204,16448,24672,65535)  #AC4060FF  srgba(172,64,96,1)
12,4: (44204,16705,26728,65535)  #AC4168FF  srgba(172,65,104,1)
13,4: (44204,31354,25957,65535)  #AC7A65FF  srgba(172,122,101,1)
14,4: (44975,15934,23644,65535)  #AF3E5CFF  srgba(175,62,92,1)
15,4: (45489,26471,26214,65535)  #B16766FF  srgba(177,103,102,1)
0,5: (45746,14135,26214,65535)  #B23766FF  srgba(178,55,102,1)
1,5: (45746,20560,26214,65535)  #B25066FF  srgba(178,80,102,1)
2,5: (46003,16191,26728,65535)  #B33F68FF  srgba(179,63,104,1)
3,5: (46003,41891,26214,65535)  #B3A366FF  srgba(179,163,102,1)
4,5: (47802,13107,26471,65535)  #BA3367FF  srgba(186,51,103,1)
5,5: (48059,13107,28270,65535)  #BB336EFF  srgba(187,51,110,1)
6,5: (48059,16705,28527,65535)  #BB416FFF  srgba(187,65,111,1)
7,5: (48573,12850,29555,65535)  #BD3273FF  srgba(189,50,115,1)
8,5: (49087,20817,29041,65535)  #BF5171FF  srgba(191,81,113,1)
9,5: (49344,12850,31611,65535)  #C0327BFF  srgba(192,50,123,1)
10,5: (49344,40349,27242,65535)  #C09D6AFF  srgba(192,157,106,1)
11,5: (49601,21074,26728,65535)  #C15268FF  srgba(193,82,104,1)
12,5: (49601,26471,26728,65535)  #C16768FF  srgba(193,103,104,1)
13,5: (50372,16705,29555,65535)  #C44173FF  srgba(196,65,115,1)
14,5: (50629,31868,28270,65535)  #C57C6EFF  srgba(197,124,110,1)
15,5: (51143,20817,32125,65535)  #C7517DFF  srgba(199,81,125,1)
0,6: (51400,11822,29555,65535)  #C82E73FF  srgba(200,46,115,1)
1,6: (51657,26471,30326,65535)  #C96776FF  srgba(201,103,118,1)
2,6: (51914,12079,32639,65535)  #CA2F7FFF  srgba(202,47,127,1)
3,6: (51914,41377,30840,65535)  #CAA178FF  srgba(202,161,120,1)
4,6: (52685,7967,31354,65535)  #CD1F7AFF  srgba(205,31,122,1)
5,6: (52685,16705,35466,65535)  #CD418AFF  srgba(205,65,138,1)
6,6: (53713,11565,32639,65535)  #D12D7FFF  srgba(209,45,127,1)
7,6: (54227,7710,37265,65535)  #D31E91FF  srgba(211,30,145,1)
8,6: (54227,16962,30583,65535)  #D34277FF  srgba(211,66,119,1)
9,6: (54741,12079,37008,65535)  #D52F90FF  srgba(213,47,144,1)
10,6: (54998,11822,41120,65535)  #D62EA0FF  srgba(214,46,160,1)
11,6: (56026,6939,32639,65535)  #DA1B7FFF  srgba(218,27,127,1)
12,6: (56283,6939,38036,65535)  #DB1B94FF  srgba(219,27,148,1)
13,6: (56283,21074,31868,65535)  #DB527CFF  srgba(219,82,124,1)
14,6: (56540,11822,32639,65535)  #DC2E7FFF  srgba(220,46,127,1)
15,6: (57311,25700,31611,65535)  #DF647BFF  srgba(223,100,123,1)
0,7: (57311,35980,32382,65535)  #DF8C7EFF  srgba(223,140,126,1)
1,7: (57568,12079,35209,65535)  #E02F89FF  srgba(224,47,137,1)
2,7: (58082,16705,36237,65535)  #E2418DFF  srgba(226,65,141,1)
3,7: (58082,29555,31354,65535)  #E2737AFF  srgba(226,115,122,1)
4,7: (58339,6168,41377,65535)  #E318A1FF  srgba(227,24,161,1)
5,7: (58339,6425,35723,65535)  #E3198BFF  srgba(227,25,139,1)
6,7: (58853,6425,47288,65535)  #E519B8FF  srgba(229,25,184,1)
7,7: (58853,10794,46260,65535)  #E52AB4FF  srgba(229,42,180,1)
8,7: (59624,5911,50629,65535)  #E817C5FF  srgba(232,23,197,1)
9,7: (59624,12079,37522,65535)  #E82F92FF  srgba(232,47,146,1)
10,7: (60138,11822,40863,65535)  #EA2E9FFF  srgba(234,46,159,1)
11,7: (60395,21074,36237,65535)  #EB528DFF  srgba(235,82,141,1)
12,7: (60909,5654,36237,65535)  #ED168DFF  srgba(237,22,141,1)
13,7: (61166,5397,53970,65535)  #EE15D2FF  srgba(238,21,210,1)
14,7: (61937,4883,58596,65535)  #F113E4FF  srgba(241,19,228,1)
15,7: (61937,5911,38550,65535)  #F11796FF  srgba(241,23,150,1)
0,8: (61937,25700,37265,65535)  #F16491FF  srgba(241,100,145,1)
1,8: (61937,33153,36494,65535)  #F1818EFF  srgba(241,129,142,1)
2,8: (62194,29555,35980,65535)  #F2738CFF  srgba(242,115,140,1)
3,8: (62451,16962,37008,65535)  #F34290FF  srgba(243,66,144,1)
4,8: (62451,25443,33410,65535)  #F36382FF  srgba(243,99,130,1)
5,8: (62708,21588,33410,65535)  #F45482FF  srgba(244,84,130,1)
6,8: (62965,4112,40863,65535)  #F5109FFF  srgba(245,16,159,1)
7,8: (62965,20817,39835,65535)  #F5519BFF  srgba(245,81,155,1)
8,8: (63222,7967,40863,65535)  #F61F9FFF  srgba(246,31,159,1)
9,8: (63479,12593,38807,65535)  #F73197FF  srgba(247,49,151,1)
10,8: (63479,16705,41377,65535)  #F741A1FF  srgba(247,65,161,1)
11,8: (63736,3084,43947,65535)  #F80CABFF  srgba(248,12,171,1)
12,8: (63993,5654,47545,65535)  #F916B9FF  srgba(249,22,185,1)
13,8: (64250,4112,55255,65535)  #FA10D7FF  srgba(250,16,215,1)
14,8: (64250,4112,61166,65535)  #FA10EEFF  srgba(250,16,238,1)
15,8: (64250,6168,44204,65535)  #FA18ACFF  srgba(250,24,172,1)
0,9: (64250,12336,41634,65535)  #FA30A2FF  srgba(250,48,162,1)
1,9: (64507,5397,50886,65535)  #FB15C6FF  srgba(251,21,198,1)
2,9: (64764,8224,44204,65535)  #FC20ACFF  srgba(252,32,172,1)
3,9: (64764,10537,52171,65535)  #FC29CBFF  srgba(252,41,203,1)
4,9: (64764,11051,48316,65535)  #FC2BBCFF  srgba(252,43,188,1)
5,9: (64764,13107,52428,65535)  #FC33CCFF  srgba(252,51,204,1)
6,9: (64764,14135,52685,65535)  #FC37CDFF  srgba(252,55,205,1)
7,9: (64764,15934,52171,65535)  #FC3ECBFF  srgba(252,62,203,1)
8,9: (65021,12593,43690,65535)  #FD31AAFF  srgba(253,49,170,1)
9,9: (65021,13621,51143,65535)  #FD35C7FF  srgba(253,53,199,1)
10,9: (65021,14649,56797,65535)  #FD39DDFF  srgba(253,57,221,1)
11,9: (65021,15677,47802,65535)  #FD3DBAFF  srgba(253,61,186,1)
12,9: (65021,17733,54998,65535)  #FD45D6FF  srgba(253,69,214,1)
13,9: (65021,17990,45746,65535)  #FD46B2FF  srgba(253,70,178,1)
14,9: (65021,17990,47802,65535)  #FD46BAFF  srgba(253,70,186,1)
15,9: (65278,257,65535,65535)  #FE01FFFF  srgba(254,1,255,1)
0,10: (65278,1028,65278,65535)  #FE04FEFF  srgba(254,4,254,1)
1,10: (65278,2827,65278,65535)  #FE0BFEFF  srgba(254,11,254,1)
2,10: (65278,3084,65535,65535)  #FE0CFFFF  srgba(254,12,255,1)
3,10: (65278,3598,60652,65535)  #FE0EECFF  srgba(254,14,236,1)
4,10: (65278,4112,63736,65535)  #FE10F8FF  srgba(254,16,248,1)
5,10: (65278,5140,53970,65535)  #FE14D2FF  srgba(254,20,210,1)
6,10: (65278,5140,65535,65535)  #FE14FFFF  srgba(254,20,255,1)
7,10: (65278,6682,65278,65535)  #FE1AFEFF  srgba(254,26,254,1)
8,10: (65278,6682,65535,65535)  #FE1AFFFF  srgba(254,26,255,1)
9,10: (65278,11051,49601,65535)  #FE2BC1FF  srgba(254,43,193,1)
10,10: (65278,11051,62708,65535)  #FE2BF4FF  srgba(254,43,244,1)
11,10: (65278,11822,47288,65535)  #FE2EB8FF  srgba(254,46,184,1)
12,10: (65278,12850,46774,65535)  #FE32B6FF  srgba(254,50,182,1)
13,10: (65278,12850,48316,65535)  #FE32BCFF  srgba(254,50,188,1)
14,10: (65278,12850,49344,65535)  #FE32C0FF  srgba(254,50,192,1)
15,10: (65278,13107,45746,65535)  #FE33B2FF  srgba(254,51,178,1)
0,11: (65278,13107,47545,65535)  #FE33B9FF  srgba(254,51,185,1)
1,11: (65278,13107,64250,65535)  #FE33FAFF  srgba(254,51,250,1)
2,11: (65278,13621,45232,65535)  #FE35B0FF  srgba(254,53,176,1)
3,11: (65278,13621,46517,65535)  #FE35B5FF  srgba(254,53,181,1)
4,11: (65278,13621,48059,65535)  #FE35BBFF  srgba(254,53,187,1)
5,11: (65278,13621,49087,65535)  #FE35BFFF  srgba(254,53,191,1)
6,11: (65278,13621,63479,65535)  #FE35F7FF  srgba(254,53,247,1)
7,11: (65278,14135,45746,65535)  #FE37B2FF  srgba(254,55,178,1)
8,11: (65278,14135,47031,65535)  #FE37B7FF  srgba(254,55,183,1)
9,11: (65278,14135,48316,65535)  #FE37BCFF  srgba(254,55,188,1)
10,11: (65278,14135,49344,65535)  #FE37C0FF  srgba(254,55,192,1)
11,11: (65278,14135,65021,65535)  #FE37FDFF  srgba(254,55,253,1)
12,11: (65278,14649,45489,65535)  #FE39B1FF  srgba(254,57,177,1)
13,11: (65278,14649,47031,65535)  #FE39B7FF  srgba(254,57,183,1)
14,11: (65278,14649,48316,65535)  #FE39BCFF  srgba(254,57,188,1)
15,11: (65278,14906,65535,65535)  #FE3AFFFF  srgba(254,58,255,1)
0,12: (65278,15420,45489,65535)  #FE3CB1FF  srgba(254,60,177,1)
1,12: (65278,15677,64764,65535)  #FE3DFCFF  srgba(254,61,252,1)
2,12: (65278,20303,48316,65535)  #FE4FBCFF  srgba(254,79,188,1)
3,12: (65278,21331,36494,65535)  #FE538EFF  srgba(254,83,142,1)
4,12: (65278,24672,47031,65535)  #FE60B7FF  srgba(254,96,183,1)
5,12: (65278,25443,39064,65535)  #FE6398FF  srgba(254,99,152,1)
6,12: (65278,29555,40606,65535)  #FE739EFF  srgba(254,115,158,1)
7,12: (65535,1799,57568,65535)  #FF07E0FF  srgba(255,7,224,1)
8,12: (65535,1799,58082,65535)  #FF07E2FF  srgba(255,7,226,1)
9,12: (65535,1799,63736,65535)  #FF07F8FF  srgba(255,7,248,1)
10,12: (65535,1799,65535,65535)  #FF07FFFF  srgba(255,7,255,1)
11,12: (65535,2056,61166,65535)  #FF08EEFF  srgba(255,8,238,1)
12,12: (65535,2570,60138,65535)  #FF0AEAFF  srgba(255,10,234,1)
13,12: (65535,2827,54227,65535)  #FF0BD3FF  srgba(255,11,211,1)
14,12: (65535,2827,54484,65535)  #FF0BD4FF  srgba(255,11,212,1)
15,12: (65535,4112,51143,65535)  #FF10C7FF  srgba(255,16,199,1)
0,13: (65535,4112,53970,65535)  #FF10D2FF  srgba(255,16,210,1)
1,13: (65535,4369,65535,65535)  #FF11FFFF  srgba(255,17,255,1)
2,13: (65535,5397,50629,65535)  #FF15C5FF  srgba(255,21,197,1)
3,13: (65535,5397,50886,65535)  #FF15C6FF  srgba(255,21,198,1)
4,13: (65535,5911,51400,65535)  #FF17C8FF  srgba(255,23,200,1)
5,13: (65535,6168,50886,65535)  #FF18C6FF  srgba(255,24,198,1)
6,13: (65535,6168,56540,65535)  #FF18DCFF  srgba(255,24,220,1)
7,13: (65535,6168,59881,65535)  #FF18E9FF  srgba(255,24,233,1)
8,13: (65535,6168,63736,65535)  #FF18F8FF  srgba(255,24,248,1)
9,13: (65535,6425,47545,65535)  #FF19B9FF  srgba(255,25,185,1)
10,13: (65535,6425,47802,65535)  #FF19BAFF  srgba(255,25,186,1)
11,13: (65535,6425,53713,65535)  #FF19D1FF  srgba(255,25,209,1)
12,13: (65535,6425,53970,65535)  #FF19D2FF  srgba(255,25,210,1)
13,13: (65535,6425,58339,65535)  #FF19E3FF  srgba(255,25,227,1)
14,13: (65535,6682,60909,65535)  #FF1AEDFF  srgba(255,26,237,1)
15,13: (65535,6682,61423,65535)  #FF1AEFFF  srgba(255,26,239,1)
0,14: (65535,7453,48316,65535)  #FF1DBCFF  srgba(255,29,188,1)
1,14: (65535,8224,50115,65535)  #FF20C3FF  srgba(255,32,195,1)
2,14: (65535,8224,50629,65535)  #FF20C5FF  srgba(255,32,197,1)
3,14: (65535,8224,50886,65535)  #FF20C6FF  srgba(255,32,198,1)
4,14: (65535,8738,47545,65535)  #FF22B9FF  srgba(255,34,185,1)
5,14: (65535,8738,47802,65535)  #FF22BAFF  srgba(255,34,186,1)
6,14: (65535,10023,47802,65535)  #FF27BAFF  srgba(255,39,186,1)
7,14: (65535,10280,47545,65535)  #FF28B9FF  srgba(255,40,185,1)
8,14: (65535,10537,46774,65535)  #FF29B6FF  srgba(255,41,182,1)
9,14: (65535,10537,52942,65535)  #FF29CEFF  srgba(255,41,206,1)
10,14: (65535,10537,65535,65535)  #FF29FFFF  srgba(255,41,255,1)
11,14: (65535,10794,50115,65535)  #FF2AC3FF  srgba(255,42,195,1)
12,14: (65535,10794,60909,65535)  #FF2AEDFF  srgba(255,42,237,1)
13,14: (65535,11051,65278,65535)  #FF2BFEFF  srgba(255,43,254,1)
14,14: (65535,11308,47802,65535)  #FF2CBAFF  srgba(255,44,186,1)
15,14: (65535,11308,48573,65535)  #FF2CBDFF  srgba(255,44,189,1)
0,15: (65535,11565,45746,65535)  #FF2DB2FF  srgba(255,45,178,1)
1,15: (65535,11565,48059,65535)  #FF2DBBFF  srgba(255,45,187,1)
2,15: (65535,11822,45489,65535)  #FF2EB1FF  srgba(255,46,177,1)
3,15: (65535,11822,47545,65535)  #FF2EB9FF  srgba(255,46,185,1)
4,15: (65535,12079,46774,65535)  #FF2FB6FF  srgba(255,47,182,1)
5,15: (65535,12850,44461,65535)  #FF32ADFF  srgba(255,50,173,1)
6,15: (65535,13621,41377,65535)  #FF35A1FF  srgba(255,53,161,1)
7,15: (65535,13621,42919,65535)  #FF35A7FF  srgba(255,53,167,1)
8,15: (65535,13621,43433,65535)  #FF35A9FF  srgba(255,53,169,1)
9,15: (65535,14135,44204,65535)  #FF37ACFF  srgba(255,55,172,1)
10,15: (65535,16191,43433,65535)  #FF3FA9FF  srgba(255,63,169,1)
11,15: (65535,16962,39064,65535)  #FF4298FF  srgba(255,66,152,1)
12,15: (65535,21331,40863,65535)  #FF539FFF  srgba(255,83,159,1)
13,15: (65535,21331,40863,65535)  #FF539FFF  srgba(255,83,159,1)
14,15: (65535,25186,39064,65535)  #FF6298FF  srgba(255,98,152,1)
15,15: (0,65535,0,0)  #00FF0000  srgba(0,255,0,0)
