# ImageMagick pixel enumeration: 16,16,65535,srgba
0,0: (0,1542,257,65535)  #000601FF  srgba(0,6,1,1)
1,0: (0,1542,1799,65535)  #000607FF  srgba(0,6,7,1)
2,0: (257,0,0,65535)  #010000FF  srgba(1,0,0,1)
3,0: (257,1028,257,65535)  #010401FF  srgba(1,4,1,1)
4,0: (514,0,257,65535)  #020001FF  srgba(2,0,1,1)
5,0: (514,0,514,65535)  #020002FF  srgba(2,0,2,1)
6,0: (514,257,514,65535)  #020102FF  srgba(2,1,2,1)
7,0: (771,257,1285,65535)  #030105FF  srgba(3,1,5,1)
8,0: (771,514,0,65535)  #030200FF  srgba(3,2,0,1)
9,0: (771,1028,0,65535)  #030400FF  srgba(3,4,0,1)
10,0: (1028,0,0,65535)  #040000FF  srgba(4,0,0,1)
11,0: (1028,0,257,65535)  #040001FF  srgba(4,0,1,1)
12,0: (1285,0,1028,65535)  #050004FF  srgba(5,0,4,1)
13,0: (1799,0,0,65535)  #070000FF  srgba(7,0,0,1)
14,0: (2313,1285,6168,65535)  #090518FF  srgba(9,5,24,1)
15,0: (2570,0,1285,65535)  #0A0005FF  srgba(10,0,5,1)
0,1: (7710,8738,514,65535)  #1E2202FF  srgba(30,34,2,1)
1,1: (9252,13107,12850,65535)  #243332FF  srgba(36,51,50,1)
2,1: (13107,5911,1799,65535)  #331707FF  srgba(51,23,7,1)
3,1: (14392,11565,0,65535)  #382D00FF  srgba(56,45,0,1)
4,1: (20303,23387,23387,65535)  #4F5B5BFF  srgba(79,91,91,1)
5,1: (22616,23130,25700,65535)  #585A64FF  srgba(88,90,100,1)
6,1: (23644,18247,15420,65535)  #5C473CFF  srgba(92,71,60,1)
7,1: (23644,35723,33153,65535)  #5C8B81FF  srgba(92,139,129,1)
8,1: (23901,36237,49858,65535)  #5D8DC2FF  srgba(93,141,194,1)
9,1: (24415,30840,49601,65535)  #5F78C1FF  srgba(95,120,193,1)
10,1: (24929,42919,51400,65535)  #61A7C8FF  srgba(97,167,200,1)
11,1: (25443,29298,30583,65535)  #637277FF  srgba(99,114,119,1)
12,1: (26471,29041,17733,65535)  #677145FF  srgba(103,113,69,1)
13,1: (26728,26985,23901,65535)  #68695DFF  srgba(104,105,93,1)
14,1: (26985,24672,24672,65535)  #696060FF  srgba(105,96,96,1)
15,1: (26985,35980,13621,65535)  #698C35FF  srgba(105,140,53,1)
0,2: (29812,24415,15163,65535)  #745F3BFF  srgba(116,95,59,1)
1,2: (30069,29298,0,65535)  #757200FF  srgba(117,114,0,1)
2,2: (31097,23644,35723,65535)  #795C8BFF  srgba(121,92,139,1)
3,2: (31868,59110,59881,65535)  #7CE6E9FF  srgba(124,230,233,1)
4,2: (32125,29812,50886,65535)  #7D74C6FF  srgba(125,116,198,1)
5,2: (32382,24672,52685,65535)  #7E60CDFF  srgba(126,96,205,1)
6,2: (32382,59110,53970,65535)  #7EE6D2FF  srgba(126,230,210,1)
7,2: (32382,59367,61166,65535)  #7EE7EEFF  srgba(126,231,238,1)
8,2: (32639,58596,57054,65535)  #7FE4DEFF  srgba(127,228,222,1)
9,2: (32639,58596,61423,65535)  #7FE4EFFF  srgba(127,228,239,1)
10,2: (32639,59367,59881,65535)  #7FE7E9FF  srgba(127,231,233,1)
11,2: (32896,39064,50629,65535)  #8098C5FF  srgba(128,152,197,1)
12,2: (32896,58596,59881,65535)  #80E4E9FF  srgba(128,228,233,1)
13,2: (33153,59367,43690,65535)  #81E7AAFF  srgba(129,231,170,1)
14,2: (33153,59624,34695,65535)  #81E887FF  srgba(129,232,135,1)
15,2: (33667,29555,13107,65535)  #837333FF  srgba(131,115,51,1)
0,3: (33667,52685,51914,65535)  #83CDCAFF  srgba(131,205,202,1)
1,3: (33924,40863,7967,65535)  #849F1FFF  srgba(132,159,31,1)
2,3: (33924,44204,59624,65535)  #84ACE8FF  srgba(132,172,232,1)
3,3: (34181,44204,19789,65535)  #85AC4DFF  srgba(133,172,77,1)
4,3: (34181,59881,19532,65535)  #85E94CFF  srgba(133,233,76,1)
5,3: (34181,59881,25957,65535)  #85E965FF  srgba(133,233,101,1)
6,3: (34695,58339,55255,65535)  #87E3D7FF  srgba(135,227,215,1)
7,3: (34952,31097,32382,65535)  #88797EFF  srgba(136,121,126,1)
8,3: (34952,58853,50629,65535)  #88E5C5FF  srgba(136,229,197,1)
9,3: (35209,25957,60909,65535)  #8965EDFF  srgba(137,101,237,1)
10,3: (35209,39064,33924,65535)  #899884FF  srgba(137,152,132,1)
11,3: (35466,32639,60652,65535)  #8A7FECFF  srgba(138,127,236,1)
12,3: (35980,54484,61937,65535)  #8CD4F1FF  srgba(140,212,241,1)
13,3: (35980,58082,60652,65535)  #8CE2ECFF  srgba(140,226,236,1)
14,3: (36237,58596,43176,65535)  #8DE4A8FF  srgba(141,228,168,1)
15,3: (36494,58853,34181,65535)  #8EE585FF  srgba(142,229,133,1)
0,4: (36751,56797,62194,65535)  #8FDDF2FF  srgba(143,221,242,1)
1,4: (37779,43947,61937,65535)  #93ABF1FF  srgba(147,171,241,1)
2,4: (38293,24672,62194,65535)  #9560F2FF  srgba(149,96,242,1)
3,4: (38807,57311,57054,65535)  #97DFDEFF  srgba(151,223,222,1)
4,4: (39321,30840,30326,65535)  #997876FF  srgba(153,120,118,1)
5,4: (39321,54227,63479,65535)  #99D3F7FF  srgba(153,211,247,1)
6,4: (39578,29555,52942,65535)  #9A73CEFF  srgba(154,115,206,1)
7,4: (39835,30069,42919,65535)  #9B75A7FF  srgba(155,117,167,1)
8,4: (40606,32125,62965,65535)  #9E7DF5FF  srgba(158,125,245,1)
9,4: (40606,57311,60395,65535)  #9EDFEBFF  srgba(158,223,235,1)
10,4: (40863,30583,17219,65535)  #9F7743FF  srgba(159,119,67,1)
11,4: (40863,39578,63479,65535)  #9F9AF7FF  srgba(159,154,247,1)
12,4: (40863,47802,63736,65535)  #9FBAF8FF  srgba(159,186,248,1)
13,4: (40863,50115,43690,65535)  #9FC3AAFF  srgba(159,195,170,1)
14,4: (40863,54741,53713,65535)  #9FD5D1FF  srgba(159,213,209,1)
15,4: (41120,25186,62451,65535)  #A062F3FF  srgba(160,98,243,1)
0,5: (41120,50372,34952,65535)  #A0C488FF  srgba(160,196,136,1)
1,5: (41377,58339,24415,65535)  #A1E35FFF  srgba(161,227,95,1)
2,5: (41634,21331,62965,65535)  #A253F5FF  srgba(162,83,245,1)
3,5: (41891,44461,9766,65535)  #A3AD26FF  srgba(163,173,38,1)
4,5: (41891,53970,63222,65535)  #A3D2F6FF  srgba(163,210,246,1)
5,5: (41891,57054,53199,65535)  #A3DECFFF  srgba(163,222,207,1)
6,5: (42148,49601,15420,65535)  #A4C13CFF  srgba(164,193,60,1)
7,5: (42148,50372,23901,65535)  #A4C45DFF  srgba(164,196,93,1)
8,5: (42148,57568,42919,65535)  #A4E0A7FF  srgba(164,224,167,1)
9,5: (42148,57825,33410,65535)  #A4E182FF  srgba(164,225,130,1)
10,5: (42405,30069,7196,65535)  #A5751CFF  srgba(165,117,28,1)
11,5: (42405,34952,7967,65535)  #A5881FFF  srgba(165,136,31,1)
12,5: (42405,58082,16448,65535)  #A5E240FF  srgba(165,226,64,1)
13,5: (42662,47031,51400,65535)  #A6B7C8FF  srgba(166,183,200,1)
14,5: (43433,52428,52171,65535)  #A9CCCBFF  srgba(169,204,203,1)
15,5: (43690,22873,62708,65535)  #AA59F4FF  srgba(170,89,244,1)
0,6: (43690,25443,6682,65535)  #AA631AFF  srgba(170,99,26,1)
1,6: (44204,38807,63736,65535)  #AC97F8FF  srgba(172,151,248,1)
2,6: (44461,48830,64507,65535)  #ADBEFBFF  srgba(173,190,251,1)
3,6: (44718,21074,43176,65535)  #AE52A8FF  srgba(174,82,168,1)
4,6: (44975,21331,53199,65535)  #AF53CFFF  srgba(175,83,207,1)
5,6: (44975,53970,62451,65535)  #AFD2F3FF  srgba(175,210,243,1)
6,6: (45232,19532,63222,65535)  #B04CF6FF  srgba(176,76,246,1)
7,6: (45489,22359,62708,65535)  #B157F4FF  srgba(177,87,244,1)
8,6: (46003,19789,28270,65535)  #B34D6EFF  srgba(179,77,110,1)
9,6: (46260,20046,16448,65535)  #B44E40FF  srgba(180,78,64,1)
10,6: (47031,25186,41377,65535)  #B762A1FF  srgba(183,98,161,1)
11,6: (47031,58082,60138,65535)  #B7E2EAFF  srgba(183,226,234,1)
12,6: (47288,19018,63222,65535)  #B84AF6FF  srgba(184,74,246,1)
13,6: (47288,22359,6425,65535)  #B85719FF  srgba(184,87,25,1)
14,6: (47288,29298,52171,65535)  #B872CBFF  srgba(184,114,203,1)
15,6: (48059,33153,41377,65535)  #BB81A1FF  srgba(187,129,161,1)
0,7: (48830,25957,29298,65535)  #BE6572FF  srgba(190,101,114,1)
1,7: (48830,34181,28527,65535)  #BE856FFF  srgba(190,133,111,1)
2,7: (49087,56026,59881,65535)  #BFDAE9FF  srgba(191,218,233,1)
3,7: (49601,22873,61680,65535)  #C159F0FF  srgba(193,89,240,1)
4,7: (49601,53713,61937,65535)  #C1D1F1FF  srgba(193,209,241,1)
5,7: (49858,19018,62194,65535)  #C24AF2FF  srgba(194,74,242,1)
6,7: (50115,19018,6682,65535)  #C34A1AFF  srgba(195,74,26,1)
7,7: (50886,20046,51914,65535)  #C64ECAFF  srgba(198,78,202,1)
8,7: (50886,35209,16448,65535)  #C68940FF  srgba(198,137,64,1)
9,7: (51143,20560,6425,65535)  #C75019FF  srgba(199,80,25,1)
10,7: (51400,20046,41377,65535)  #C84EA1FF  srgba(200,78,161,1)
11,7: (51400,21588,6425,65535)  #C85419FF  srgba(200,84,25,1)
12,7: (51400,26214,16962,65535)  #C86642FF  srgba(200,102,66,1)
13,7: (51914,35209,62708,65535)  #CA89F4FF  srgba(202,137,244,1)
14,7: (51914,43176,63479,65535)  #CAA8F7FF  srgba(202,168,247,1)
15,7: (52171,25186,8224,65535)  #CB6220FF  srgba(203,98,32,1)
0,8: (52428,48830,63479,65535)  #CCBEF7FF  srgba(204,190,247,1)
1,8: (52428,49087,15934,65535)  #CCBF3EFF  srgba(204,191,62,1)
2,8: (52428,49087,24672,65535)  #CCBF60FF  srgba(204,191,96,1)
3,8: (52428,49344,33667,65535)  #CCC083FF  srgba(204,192,131,1)
4,8: (52685,50372,42662,65535)  #CDC4A6FF  srgba(205,196,166,1)
5,8: (52942,30069,5654,65535)  #CE7516FF  srgba(206,117,22,1)
6,8: (52942,49344,52428,65535)  #CEC0CCFF  srgba(206,192,204,1)
7,8: (53199,20046,28013,65535)  #CF4E6DFF  srgba(207,78,109,1)
8,8: (53456,19789,16448,65535)  #D04D40FF  srgba(208,77,64,1)
9,8: (53456,22102,6168,65535)  #D05618FF  srgba(208,86,24,1)
10,8: (53456,25186,1799,65535)  #D06207FF  srgba(208,98,7,1)
11,8: (53456,34952,6425,65535)  #D08819FF  srgba(208,136,25,1)
12,8: (53713,44461,8995,65535)  #D1AD23FF  srgba(209,173,35,1)
13,8: (53713,57568,53456,65535)  #D1E0D0FF  srgba(209,224,208,1)
14,8: (54227,19532,5911,65535)  #D34C17FF  srgba(211,76,23,1)
15,8: (54227,19789,7196,65535)  #D34D1CFF  srgba(211,77,28,1)
0,9: (54484,58339,59624,65535)  #D4E3E8FF  srgba(212,227,232,1)
1,9: (55512,53456,53970,65535)  #D8D0D2FF  srgba(216,208,210,1)
2,9: (56026,54998,54741,65535)  #DAD6D5FF  srgba(218,214,213,1)
3,9: (56026,57825,43947,65535)  #DAE1ABFF  srgba(218,225,171,1)
4,9: (56283,56797,57054,65535)  #DBDDDEFF  srgba(219,221,222,1)
5,9: (56283,57825,34438,65535)  #DBE186FF  srgba(219,225,134,1)
6,9: (56540,57054,59110,65535)  #DCDEE6FF  srgba(220,222,230,1)
7,9: (58596,56540,55512,65535)  #E4DCD8FF  srgba(228,220,216,1)
8,9: (59110,53713,54484,65535)  #E6D1D4FF  srgba(230,209,212,1)
9,9: (60138,40863,52942,65535)  #EA9FCEFF  srgba(234,159,206,1)
10,9: (60138,53970,54741,65535)  #EAD2D5FF  srgba(234,210,213,1)
11,9: (60138,54998,58853,65535)  #EAD6E5FF  srgba(234,214,229,1)
12,9: (60138,56540,57054,65535)  #EADCDEFF  srgba(234,220,222,1)
13,9: (60395,21845,38036,65535)  #EB5594FF  srgba(235,85,148,1)
14,9: (60395,54227,54741,65535)  #EBD3D5FF  srgba(235,211,213,1)
15,9: (60395,54484,54998,65535)  #EBD4D6FF  srgba(235,212,214,1)
0,10: (60652,18247,6425,65535)  #EC4719FF  srgba(236,71,25,1)
1,10: (60652,22102,10794,65535)  #EC562AFF  srgba(236,86,42,1)
2,10: (60652,22102,20817,65535)  #EC5651FF  srgba(236,86,81,1)
3,10: (60652,22616,5654,65535)  #EC5816FF  srgba(236,88,22,1)
4,10: (60652,33153,6168,65535)  #EC8118FF  srgba(236,129,24,1)
5,10: (60652,42919,21074,65535)  #ECA752FF  srgba(236,167,82,1)
6,10: (60652,44204,37265,65535)  #ECAC91FF  srgba(236,172,145,1)
7,10: (60909,41120,11051,65535)  #EDA02BFF  srgba(237,160,43,1)
8,10: (60909,53713,16191,65535)  #EDD13FFF  srgba(237,209,63,1)
9,10: (61166,54484,34438,65535)  #EED486FF  srgba(238,212,134,1)
10,10: (61166,54741,55512,65535)  #EED5D8FF  srgba(238,213,216,1)
11,10: (61423,55255,56797,65535)  #EFD7DDFF  srgba(239,215,221,1)
12,10: (61423,56283,55255,65535)  #EFDBD7FF  srgba(239,219,215,1)
13,10: (61423,57054,58596,65535)  #EFDEE4FF  srgba(239,222,228,1)
14,10: (61680,54998,46003,65535)  #F0D6B3FF  srgba(240,214,179,1)
15,10: (61680,55255,55769,65535)  #F0D7D9FF  srgba(240,215,217,1)
0,11: (61680,55512,54741,65535)  #F0D8D5FF  srgba(240,216,213,1)
1,11: (61937,55512,56026,65535)  #F1D8DAFF  srgba(241,216,218,1)
2,11: (61937,55512,56283,65535)  #F1D8DBFF  srgba(241,216,219,1)
3,11: (61937,56026,56797,65535)  #F1DADDFF  srgba(241,218,221,1)
4,11: (61937,56026,57568,65535)  #F1DAE0FF  srgba(241,218,224,1)
5,11: (61937,57311,23901,65535)  #F1DF5DFF  srgba(241,223,93,1)
6,11: (61937,57568,15677,65535)  #F1E03DFF  srgba(241,224,61,1)
7,11: (62194,55512,57054,65535)  #F2D8DEFF  srgba(242,216,222,1)
8,11: (62194,56283,57054,65535)  #F2DBDEFF  srgba(242,219,222,1)
9,11: (62194,56540,57568,65535)  #F2DCE0FF  srgba(242,220,224,1)
10,11: (62451,56026,56797,65535)  #F3DADDFF  srgba(243,218,221,1)
11,11: (62451,56026,57568,65535)  #F3DAE0FF  srgba(243,218,224,1)
12,11: (62451,56026,65535,65535)  #F3DAFFFF  srgba(243,218,255,1)
13,11: (62708,55255,56026,65535)  #F4D7DAFF  srgba(244,215,218,1)
14,11: (62708,55512,56540,65535)  #F4D8DCFF  srgba(244,216,220,1)
15,11: (62708,55512,57311,65535)  #F4D8DFFF  srgba(244,216,223,1)
0,12: (62708,56283,56540,65535)  #F4DBDCFF  srgba(244,219,220,1)
1,12: (62708,56283,57054,65535)  #F4DBDEFF  srgba(244,219,222,1)
2,12: (62708,56283,57825,65535)  #F4DBE1FF  srgba(244,219,225,1)
3,12: (62708,56797,57054,65535)  #F4DDDEFF  srgba(244,221,222,1)
4,12: (62965,55255,54998,65535)  #F5D7D6FF  srgba(245,215,214,1)
5,12: (62965,55512,54741,65535)  #F5D8D5FF  srgba(245,216,213,1)
6,12: (62965,55769,56283,65535)  #F5D9DBFF  srgba(245,217,219,1)
7,12: (62965,55769,56540,65535)  #F5D9DCFF  srgba(245,217,220,1)
8,12: (62965,55769,57568,65535)  #F5D9E0FF  srgba(245,217,224,1)
9,12: (63222,54998,58339,65535)  #F6D6E3FF  srgba(246,214,227,1)
10,12: (63222,55512,56540,65535)  #F6D8DCFF  srgba(246,216,220,1)
11,12: (63222,55512,57825,65535)  #F6D8E1FF  srgba(246,216,225,1)
12,12: (63222,55769,58339,65535)  #F6D9E3FF  srgba(246,217,227,1)
13,12: (63222,56026,56540,65535)  #F6DADCFF  srgba(246,218,220,1)
14,12: (63222,56026,57054,65535)  #F6DADEFF  srgba(246,218,222,1)
15,12: (63222,56026,57825,65535)  #F6DAE1FF  srgba(246,218,225,1)
0,13: (63222,56797,57568,65535)  #F6DDE0FF  srgba(246,221,224,1)
1,13: (63222,56797,58082,65535)  #F6DDE2FF  srgba(246,221,226,1)
2,13: (63479,55512,52428,65535)  #F7D8CCFF  srgba(247,216,204,1)
3,13: (63479,55769,51400,65535)  #F7D9C8FF  srgba(247,217,200,1)
4,13: (63479,55769,55255,65535)  #F7D9D7FF  srgba(247,217,215,1)
5,13: (63479,56540,54227,65535)  #F7DCD3FF  srgba(247,220,211,1)
6,13: (63479,56540,56540,65535)  #F7DCDCFF  srgba(247,220,220,1)
7,13: (63479,56540,57311,65535)  #F7DCDFFF  srgba(247,220,223,1)
8,13: (63736,55512,48059,65535)  #F8D8BBFF  srgba(248,216,187,1)
9,13: (63736,55769,42662,65535)  #F8D9A6FF  srgba(248,217,166,1)
10,13: (63736,56540,43176,65535)  #F8DCA8FF  srgba(248,220,168,1)
11,13: (63736,56540,49858,65535)  #F8DCC2FF  srgba(248,220,194,1)
12,13: (63736,56797,36237,65535)  #F8DD8DFF  srgba(248,221,141,1)
13,13: (63736,57054,31354,65535)  #F8DE7AFF  srgba(248,222,122,1)
14,13: (64250,38807,10023,65535)  #FA9727FF  srgba(250,151,39,1)
15,13: (64250,54998,50115,65535)  #FAD6C3FF  srgba(250,214,195,1)
0,14: (64250,55512,35723,65535)  #FAD88BFF  srgba(250,216,139,1)
1,14: (64507,21588,61680,65535)  #FB54F0FF  srgba(251,84,240,1)
2,14: (64507,22359,6939,65535)  #FB571BFF  srgba(251,87,27,1)
3,14: (64507,28527,8738,65535)  #FB6F22FF  srgba(251,111,34,1)
4,14: (64507,54998,35209,65535)  #FBD689FF  srgba(251,214,137,1)
5,14: (64764,17990,13107,65535)  #FC4633FF  srgba(252,70,51,1)
6,14: (64764,20303,28270,65535)  #FC4F6EFF  srgba(252,79,110,1)
7,14: (64764,20560,44718,65535)  #FC50AEFF  srgba(252,80,174,1)
8,14: (64764,42405,63479,65535)  #FCA5F7FF  srgba(252,165,247,1)
9,14: (64764,43690,47288,65535)  #FCAAB8FF  srgba(252,170,184,1)
10,14: (64764,43947,35723,65535)  #FCAB8BFF  srgba(252,171,139,1)
11,14: (64764,49601,12336,65535)  #FCC130FF  srgba(252,193,48,1)
12,14: (64764,51143,62451,65535)  #FCC7F3FF  srgba(252,199,243,1)
13,14: (64764,52685,47288,65535)  #FCCDB8FF  srgba(252,205,184,1)
14,14: (64764,53456,12850,65535)  #FCD032FF  srgba(252,208,50,1)
15,14: (64764,57054,14392,65535)  #FCDE38FF  srgba(252,222,56,1)
0,15: (64764,57311,24672,65535)  #FCDF60FF  srgba(252,223,96,1)
1,15: (64764,57568,17990,65535)  #FCE046FF  srgba(252,224,70,1)
2,15: (65021,18761,6682,65535)  #FD491AFF  srgba(253,73,26,1)
3,15: (65021,19275,7453,65535)  #FD4B1DFF  srgba(253,75,29,1)
4,15: (65021,19275,8481,65535)  #FD4B21FF  srgba(253,75,33,1)
5,15: (65021,22873,9509,65535)  #FD5925FF  srgba(253,89,37,1)
6,15: (65021,43690,26214,65535)  #FDAA66FF  srgba(253,170,102,1)
7,15: (65021,51914,29812,65535)  #FDCA74FF  srgba(253,202,116,1)
8,15: (65021,54484,15163,65535)  #FDD43BFF  srgba(253,212,59,1)
9,15: (65278,19018,7967,65535)  #FE4A1FFF  srgba(254,74,31,1)
10,15: (65278,31611,14392,65535)  #FE7B38FF  srgba(254,123,56,1)
11,15: (65278,38036,15420,65535)  #FE943CFF  srgba(254,148,60,1)
12,15: (65278,43690,15677,65535)  #FEAA3DFF  srgba(254,170,61,1)
13,15: (65278,49601,17990,65535)  #FEC146FF  srgba(254,193,70,1)
14,15: (65278,50629,13878,65535)  #FEC536FF  srgba(254,197,54,1)
15,15: (0,65535,0,0)  #00FF0000  srgba(0,255,0,0)
