# ImageMagick pixel enumeration: 16,16,65535,srgba
0,0: (0,0,0,65535)  #000000FF  black
1,0: (0,0,2313,65535)  #000009FF  srgba(0,0,9,1)
2,0: (0,257,0,65535)  #000100FF  srgba(0,1,0,1)
3,0: (0,771,1028,65535)  #000304FF  srgba(0,3,4,1)
4,0: (0,771,7196,65535)  #00031CFF  srgba(0,3,28,1)
5,0: (0,1285,17990,65535)  #000546FF  srgba(0,5,70,1)
6,0: (0,1799,25700,65535)  #000764FF  srgba(0,7,100,1)
7,0: (0,2570,32125,65535)  #000A7DFF  srgba(0,10,125,1)
8,0: (0,4369,21074,65535)  #001152FF  srgba(0,17,82,1)
9,0: (0,4369,31611,65535)  #00117BFF  srgba(0,17,123,1)
10,0: (0,4369,36237,65535)  #00118DFF  srgba(0,17,141,1)
11,0: (0,4883,42662,65535)  #0013A6FF  srgba(0,19,166,1)
12,0: (0,5397,3341,65535)  #00150DFF  srgba(0,21,13,1)
13,0: (0,5911,0,65535)  #001700FF  srgba(0,23,0,1)
14,0: (0,5911,51400,65535)  #0017C8FF  srgba(0,23,200,1)
15,0: (0,7196,58339,65535)  #001CE3FF  srgba(0,28,227,1)
0,1: (0,7196,59110,65535)  #001CE6FF  srgba(0,28,230,1)
1,1: (0,7453,57825,65535)  #001DE1FF  srgba(0,29,225,1)
2,1: (0,7967,54484,65535)  #001FD4FF  srgba(0,31,212,1)
3,1: (0,7967,57311,65535)  #001FDFFF  srgba(0,31,223,1)
4,1: (0,7967,59367,65535)  #001FE7FF  srgba(0,31,231,1)
5,1: (0,8738,47545,65535)  #0022B9FF  srgba(0,34,185,1)
6,1: (0,9509,20303,65535)  #00254FFF  srgba(0,37,79,1)
7,1: (0,9509,33410,65535)  #002582FF  srgba(0,37,130,1)
8,1: (0,10794,57054,65535)  #002ADEFF  srgba(0,42,222,1)
9,1: (0,11822,60395,65535)  #002EEBFF  srgba(0,46,235,1)
10,1: (0,13364,48316,65535)  #0034BCFF  srgba(0,52,188,1)
11,1: (0,13621,2056,65535)  #003508FF  srgba(0,53,8,1)
12,1: (0,17733,32639,65535)  #00457FFF  srgba(0,69,127,1)
13,1: (0,19018,19275,65535)  #004A4BFF  srgba(0,74,75,1)
14,1: (0,21331,61166,65535)  #0053EEFF  srgba(0,83,238,1)
15,1: (0,21588,49087,65535)  #0054BFFF  srgba(0,84,191,1)
0,2: (0,25443,3084,65535)  #00630CFF  srgba(0,99,12,1)
1,2: (0,25443,57054,65535)  #0063DEFF  srgba(0,99,222,1)
2,2: (0,31097,32639,65535)  #00797FFF  srgba(0,121,127,1)
3,2: (0,32896,18761,65535)  #008049FF  srgba(0,128,73,1)
4,2: (0,32896,48573,65535)  #0080BDFF  srgba(0,128,189,1)
5,2: (0,33924,62451,65535)  #0084F3FF  srgba(0,132,243,1)
6,2: (0,35723,5654,65535)  #008B16FF  srgba(0,139,22,1)
7,2: (0,42148,52942,65535)  #00A4CEFF  srgba(0,164,206,1)
8,2: (0,42405,64250,65535)  #00A5FAFF  srgba(0,165,250,1)
9,2: (0,43433,59881,65535)  #00A9E9FF  srgba(0,169,233,1)
10,2: (0,43433,62451,65535)  #00A9F3FF  srgba(0,169,243,1)
11,2: (0,44718,63993,65535)  #00AEF9FF  srgba(0,174,249,1)
12,2: (0,45232,33153,65535)  #00B081FF  srgba(0,176,129,1)
13,2: (0,45489,43690,65535)  #00B1AAFF  srgba(0,177,170,1)
14,2: (0,46003,60138,65535)  #00B3EAFF  srgba(0,179,234,1)
15,2: (0,46260,8738,65535)  #00B422FF  srgba(0,180,34,1)
0,3: (0,46517,52685,65535)  #00B5CDFF  srgba(0,181,205,1)
1,3: (0,46774,17219,65535)  #00B643FF  srgba(0,182,67,1)
2,3: (0,46774,23644,65535)  #00B65CFF  srgba(0,182,92,1)
3,3: (0,48316,40092,65535)  #00BC9CFF  srgba(0,188,156,1)
4,3: (0,49087,30583,65535)  #00BF77FF  srgba(0,191,119,1)
5,3: (0,49858,19275,65535)  #00C24BFF  srgba(0,194,75,1)
6,3: (0,50115,11308,65535)  #00C32CFF  srgba(0,195,44,1)
7,3: (0,50886,9766,65535)  #00C626FF  srgba(0,198,38,1)
8,3: (0,51143,12850,65535)  #00C732FF  srgba(0,199,50,1)
9,3: (0,52942,11308,65535)  #00CE2CFF  srgba(0,206,44,1)
10,3: (0,54227,12336,65535)  #00D330FF  srgba(0,211,48,1)
11,3: (0,54741,11822,65535)  #00D52EFF  srgba(0,213,46,1)
12,3: (0,54998,12593,65535)  #00D631FF  srgba(0,214,49,1)
13,3: (257,0,0,65535)  #010000FF  srgba(1,0,0,1)
14,3: (257,51657,17733,65535)  #01C945FF  srgba(1,201,69,1)
15,3: (257,54227,11822,65535)  #01D32EFF  srgba(1,211,46,1)
0,4: (771,52171,11565,65535)  #03CB2DFF  srgba(3,203,45,1)
1,4: (1028,7710,56283,65535)  #041EDBFF  srgba(4,30,219,1)
2,4: (1285,3341,31611,65535)  #050D7BFF  srgba(5,13,123,1)
3,4: (1285,6682,54741,65535)  #051AD5FF  srgba(5,26,213,1)
4,4: (1285,7196,58853,65535)  #051CE5FF  srgba(5,28,229,1)
5,4: (1285,54227,13107,65535)  #05D333FF  srgba(5,211,51,1)
6,4: (1542,1542,16705,65535)  #060641FF  srgba(6,6,65,1)
7,4: (1542,2570,24158,65535)  #060A5EFF  srgba(6,10,94,1)
8,4: (1542,44718,62708,65535)  #06AEF4FF  srgba(6,174,244,1)
9,4: (1799,5654,43690,65535)  #0716AAFF  srgba(7,22,170,1)
10,4: (1799,49087,45489,65535)  #07BFB1FF  srgba(7,191,177,1)
11,4: (1799,51657,21074,65535)  #07C952FF  srgba(7,201,82,1)
12,4: (2056,1028,0,65535)  #080400FF  srgba(8,4,0,1)
13,4: (2056,1542,6425,65535)  #080619FF  srgba(8,6,25,1)
14,4: (2056,8481,47545,65535)  #0821B9FF  srgba(8,33,185,1)
15,4: (2056,40863,64250,65535)  #089FFAFF  srgba(8,159,250,1)
0,5: (2056,44204,48830,65535)  #08ACBEFF  srgba(8,172,190,1)
1,5: (2056,47288,33410,65535)  #08B882FF  srgba(8,184,130,1)
2,5: (2313,0,1028,65535)  #090004FF  srgba(9,0,4,1)
3,5: (2313,5654,25957,65535)  #091665FF  srgba(9,22,101,1)
4,5: (2313,5654,35466,65535)  #09168AFF  srgba(9,22,138,1)
5,5: (2313,8481,60138,65535)  #0921EAFF  srgba(9,33,234,1)
6,5: (2313,13364,62708,65535)  #0934F4FF  srgba(9,52,244,1)
7,5: (2313,47545,21845,65535)  #09B955FF  srgba(9,185,85,1)
8,5: (2313,49087,13878,65535)  #09BF36FF  srgba(9,191,54,1)
9,5: (2313,51914,31611,65535)  #09CA7BFF  srgba(9,202,123,1)
10,5: (2570,0,2056,65535)  #0A0008FF  srgba(10,0,8,1)
11,5: (2570,11565,4626,65535)  #0A2D12FF  srgba(10,45,18,1)
12,5: (2570,54484,17476,65535)  #0AD444FF  srgba(10,212,68,1)
13,5: (2827,35723,64507,65535)  #0B8BFBFF  srgba(11,139,251,1)
14,5: (3084,33410,8481,65535)  #0C8221FF  srgba(12,130,33,1)
15,5: (3341,0,0,65535)  #0D0000FF  srgba(13,0,0,1)
0,6: (3598,15420,32639,65535)  #0E3C7FFF  srgba(14,60,127,1)
1,6: (3598,19789,53456,65535)  #0E4DD0FF  srgba(14,77,208,1)
2,6: (3598,19789,63993,65535)  #0E4DF9FF  srgba(14,77,249,1)
3,6: (3855,19789,43433,65535)  #0F4DA9FF  srgba(15,77,169,1)
4,6: (3855,28013,64507,65535)  #0F6DFBFF  srgba(15,109,251,1)
5,6: (3855,34181,51914,65535)  #0F85CAFF  srgba(15,133,202,1)
6,6: (4112,15934,19275,65535)  #103E4BFF  srgba(16,62,75,1)
7,6: (4112,51143,11308,65535)  #10C72CFF  srgba(16,199,44,1)
8,6: (4883,32382,16705,65535)  #137E41FF  srgba(19,126,65,1)
9,6: (4883,32382,31354,65535)  #137E7AFF  srgba(19,126,122,1)
10,6: (6682,45232,9766,65535)  #1AB026FF  srgba(26,176,38,1)
11,6: (6939,34952,42148,65535)  #1B88A4FF  srgba(27,136,164,1)
12,6: (7710,514,1028,65535)  #1E0204FF  srgba(30,2,4,1)
13,6: (8224,15934,8224,65535)  #203E20FF  srgba(32,62,32,1)
14,6: (8995,0,257,65535)  #230001FF  srgba(35,0,1,1)
15,6: (9252,514,771,65535)  #240203FF  srgba(36,2,3,1)
0,7: (9509,50372,18247,65535)  #25C447FF  srgba(37,196,71,1)
1,7: (9766,32382,9252,65535)  #267E24FF  srgba(38,126,36,1)
2,7: (10794,43176,18761,65535)  #2AA849FF  srgba(42,168,73,1)
3,7: (11051,5911,41120,65535)  #2B17A0FF  srgba(43,23,160,1)
4,7: (11051,34181,65278,65535)  #2B85FEFF  srgba(43,133,254,1)
5,7: (11565,41377,62451,65535)  #2DA1F3FF  srgba(45,161,243,1)
6,7: (12079,35980,47031,65535)  #2F8CB7FF  srgba(47,140,183,1)
7,7: (13107,8738,16962,65535)  #332242FF  srgba(51,34,66,1)
8,7: (13364,6939,23387,65535)  #341B5BFF  srgba(52,27,91,1)
9,7: (13364,41377,38807,65535)  #34A197FF  srgba(52,161,151,1)
10,7: (13621,47031,35980,65535)  #35B78CFF  srgba(53,183,140,1)
11,7: (14135,13107,58853,65535)  #3733E5FF  srgba(55,51,229,1)
12,7: (14135,31868,15163,65535)  #377C3BFF  srgba(55,124,59,1)
13,7: (14649,6168,57825,65535)  #3918E1FF  srgba(57,24,225,1)
14,7: (14649,12593,43690,65535)  #3931AAFF  srgba(57,49,170,1)
15,7: (14906,28270,40349,65535)  #3A6E9DFF  srgba(58,110,157,1)
0,8: (15420,19532,64507,65535)  #3C4CFBFF  srgba(60,76,251,1)
1,8: (15677,32639,27499,65535)  #3D7F6BFF  srgba(61,127,107,1)
2,8: (17733,33410,36237,65535)  #45828DFF  srgba(69,130,141,1)
3,8: (17990,18761,16705,65535)  #464941FF  srgba(70,73,65,1)
4,8: (17990,34695,65021,65535)  #4687FDFF  srgba(70,135,253,1)
5,8: (18247,49087,20303,65535)  #47BF4FFF  srgba(71,191,79,1)
6,8: (19275,8481,62194,65535)  #4B21F2FF  srgba(75,33,242,1)
7,8: (19275,43433,22102,65535)  #4BA956FF  srgba(75,169,86,1)
8,8: (20560,2570,2570,65535)  #500A0AFF  srgba(80,10,10,1)
9,8: (21074,46260,9766,65535)  #52B426FF  srgba(82,180,38,1)
10,8: (22359,35466,7453,65535)  #578A1DFF  srgba(87,138,29,1)
11,8: (23644,14649,1542,65535)  #5C3906FF  srgba(92,57,6,1)
12,8: (23901,25700,17219,65535)  #5D6443FF  srgba(93,100,67,1)
13,8: (26214,6939,56797,65535)  #661BDDFF  srgba(102,27,221,1)
14,8: (29555,9509,22616,65535)  #732558FF  srgba(115,37,88,1)
15,8: (29555,9509,37008,65535)  #732590FF  srgba(115,37,144,1)
0,9: (30583,30326,32639,65535)  #77767FFF  srgba(119,118,127,1)
1,9: (30840,33667,53456,65535)  #7883D0FF  srgba(120,131,208,1)
2,9: (31354,12850,64764,65535)  #7A32FCFF  srgba(122,50,252,1)
3,9: (32125,8738,62965,65535)  #7D22F5FF  srgba(125,34,245,1)
4,9: (32382,46003,10023,65535)  #7EB327FF  srgba(126,179,39,1)
5,9: (32896,44718,62708,65535)  #80AEF4FF  srgba(128,174,244,1)
6,9: (34181,47545,31097,65535)  #85B979FF  srgba(133,185,121,1)
7,9: (35723,15934,51657,65535)  #8B3EC9FF  srgba(139,62,201,1)
8,9: (35980,23901,514,65535)  #8C5D02FF  srgba(140,93,2,1)
9,9: (35980,43176,18247,65535)  #8CA847FF  srgba(140,168,71,1)
10,9: (36237,49087,14649,65535)  #8DBF39FF  srgba(141,191,57,1)
11,9: (37522,47545,44975,65535)  #92B9AFFF  srgba(146,185,175,1)
12,9: (37779,41377,34695,65535)  #93A187FF  srgba(147,161,135,1)
13,9: (38550,41634,46517,65535)  #96A2B5FF  srgba(150,162,181,1)
14,9: (41377,8738,56283,65535)  #A122DBFF  srgba(161,34,219,1)
15,9: (41891,8995,63222,65535)  #A323F6FF  srgba(163,35,246,1)
0,10: (42662,34695,20303,65535)  #A6874FFF  srgba(166,135,79,1)
1,10: (43176,12593,36237,65535)  #A8318DFF  srgba(168,49,141,1)
2,10: (43176,43433,63479,65535)  #A8A9F7FF  srgba(168,169,247,1)
3,10: (43433,39321,22616,65535)  #A99958FF  srgba(169,153,88,1)
4,10: (43690,12336,23644,65535)  #AA305CFF  srgba(170,48,92,1)
5,10: (44204,6425,3855,65535)  #AC190FFF  srgba(172,25,15,1)
6,10: (45489,45746,10794,65535)  #B1B22AFF  srgba(177,178,42,1)
7,10: (45746,20560,2827,65535)  #B2500BFF  srgba(178,80,11,1)
8,10: (46260,40092,22616,65535)  #B49C58FF  srgba(180,156,88,1)
9,10: (46517,29298,4883,65535)  #B57213FF  srgba(181,114,19,1)
10,10: (47288,19018,52942,65535)  #B84ACEFF  srgba(184,74,206,1)
11,10: (47545,42662,62965,65535)  #B9A6F5FF  srgba(185,166,245,1)
12,10: (47802,10537,63993,65535)  #BA29F9FF  srgba(186,41,249,1)
13,10: (47802,12336,64250,65535)  #BA30FAFF  srgba(186,48,250,1)
14,10: (48059,28013,32639,65535)  #BB6D7FFF  srgba(187,109,127,1)
15,10: (48059,41891,51143,65535)  #BBA3C7FF  srgba(187,163,199,1)
0,11: (48316,18761,64507,65535)  #BC49FBFF  srgba(188,73,251,1)
1,11: (48830,40092,12850,65535)  #BE9C32FF  srgba(190,156,50,1)
2,11: (48830,45746,16962,65535)  #BEB242FF  srgba(190,178,66,1)
3,11: (49601,32896,63993,65535)  #C180F9FF  srgba(193,128,249,1)
4,11: (50115,9509,63222,65535)  #C325F6FF  srgba(195,37,246,1)
5,11: (50629,42662,30069,65535)  #C5A675FF  srgba(197,166,117,1)
6,11: (50886,41377,23901,65535)  #C6A15DFF  srgba(198,161,93,1)
7,11: (52685,42919,10537,65535)  #CDA729FF  srgba(205,167,41,1)
8,11: (53713,39321,9766,65535)  #D19926FF  srgba(209,153,38,1)
9,11: (54741,42919,26985,65535)  #D5A769FF  srgba(213,167,105,1)
10,11: (55255,6939,5397,65535)  #D71B15FF  srgba(215,27,21,1)
11,11: (55255,12079,57568,65535)  #D72FE0FF  srgba(215,47,224,1)
12,11: (55769,42405,10794,65535)  #D9A52AFF  srgba(217,165,42,1)
13,11: (56283,19018,23644,65535)  #DB4A5CFF  srgba(219,74,92,1)
14,11: (56283,26728,56283,65535)  #DB68DBFF  srgba(219,104,219,1)
15,11: (56283,40349,49087,65535)  #DB9DBFFF  srgba(219,157,191,1)
0,12: (56540,40092,63736,65535)  #DC9CF8FF  srgba(220,156,248,1)
1,12: (56540,40863,29041,65535)  #DC9F71FF  srgba(220,159,113,1)
2,12: (56797,40606,58596,65535)  #DD9EE4FF  srgba(221,158,228,1)
3,12: (57054,6939,22102,65535)  #DE1B56FF  srgba(222,27,86,1)
4,12: (57054,9509,35980,65535)  #DE258CFF  srgba(222,37,140,1)
5,12: (57054,29555,35466,65535)  #DE738AFF  srgba(222,115,138,1)
6,12: (57054,36751,63993,65535)  #DE8FF9FF  srgba(222,143,249,1)
7,12: (57054,40606,37779,65535)  #DE9E93FF  srgba(222,158,147,1)
8,12: (57311,41377,20560,65535)  #DFA150FF  srgba(223,161,80,1)
9,12: (57568,42148,48573,65535)  #E0A4BDFF  srgba(224,164,189,1)
10,12: (57568,43176,16705,65535)  #E0A841FF  srgba(224,168,65,1)
11,12: (57825,37008,20560,65535)  #E19050FF  srgba(225,144,80,1)
12,12: (57825,37008,52942,65535)  #E190CEFF  srgba(225,144,206,1)
13,12: (57825,41377,14392,65535)  #E1A138FF  srgba(225,161,56,1)
14,12: (57825,43176,35209,65535)  #E1A889FF  srgba(225,168,137,1)
15,12: (57825,44204,16191,65535)  #E1AC3FFF  srgba(225,172,63,1)
0,13: (58082,10794,63479,65535)  #E22AF7FF  srgba(226,42,247,1)
1,13: (58082,40606,10280,65535)  #E29E28FF  srgba(226,158,40,1)
2,13: (58339,42405,10794,65535)  #E3A52AFF  srgba(227,165,42,1)
3,13: (58596,19789,63736,65535)  #E44DF8FF  srgba(228,77,248,1)
4,13: (58596,31868,63993,65535)  #E47CF9FF  srgba(228,124,249,1)
5,13: (58596,36751,36237,65535)  #E48F8DFF  srgba(228,143,141,1)
6,13: (58596,39835,10280,65535)  #E49B28FF  srgba(228,155,40,1)
7,13: (60138,40092,10280,65535)  #EA9C28FF  srgba(234,156,40,1)
8,13: (60395,39578,10280,65535)  #EB9A28FF  srgba(235,154,40,1)
9,13: (60395,40349,10537,65535)  #EB9D29FF  srgba(235,157,41,1)
10,13: (60652,40092,10280,65535)  #EC9C28FF  srgba(236,156,40,1)
11,13: (60652,40863,10537,65535)  #EC9F29FF  srgba(236,159,41,1)
12,13: (60909,40349,10023,65535)  #ED9D27FF  srgba(237,157,39,1)
13,13: (61166,40349,10794,65535)  #EE9D2AFF  srgba(238,157,42,1)
14,13: (61423,40606,10280,65535)  #EF9E28FF  srgba(239,158,40,1)
15,13: (61680,39835,10280,65535)  #F09B28FF  srgba(240,155,40,1)
0,14: (61680,40349,10280,65535)  #F09D28FF  srgba(240,157,40,1)
1,14: (61680,40606,11051,65535)  #F09E2BFF  srgba(240,158,43,1)
2,14: (61937,42405,14649,65535)  #F1A539FF  srgba(241,165,57,1)
3,14: (62194,15677,63736,65535)  #F23DF8FF  srgba(242,61,248,1)
4,14: (62194,39835,10280,65535)  #F29B28FF  srgba(242,155,40,1)
5,14: (62194,40092,10023,65535)  #F29C27FF  srgba(242,156,39,1)
6,14: (62194,40863,11308,65535)  #F29F2CFF  srgba(242,159,44,1)
7,14: (62194,41120,10794,65535)  #F2A02AFF  srgba(242,160,42,1)
8,14: (62194,41634,11822,65535)  #F2A22EFF  srgba(242,162,46,1)
9,14: (62451,39578,10023,65535)  #F39A27FF  srgba(243,154,39,1)
10,14: (62451,40092,10794,65535)  #F39C2AFF  srgba(243,156,42,1)
11,14: (62451,40349,10537,65535)  #F39D29FF  srgba(243,157,41,1)
12,14: (62451,40349,13107,65535)  #F39D33FF  srgba(243,157,51,1)
13,14: (62451,40606,10794,65535)  #F39E2AFF  srgba(243,158,42,1)
14,14: (62451,40606,38293,65535)  #F39E95FF  srgba(243,158,149,1)
15,14: (62708,22873,62194,65535)  #F459F2FF  srgba(244,89,242,1)
0,15: (62708,39321,18504,65535)  #F49948FF  srgba(244,153,72,1)
1,15: (62708,39835,10023,65535)  #F49B27FF  srgba(244,155,39,1)
2,15: (62965,35723,9509,65535)  #F58B25FF  srgba(245,139,37,1)
3,15: (62965,40349,10280,65535)  #F59D28FF  srgba(245,157,40,1)
4,15: (62965,40863,11565,65535)  #F59F2DFF  srgba(245,159,45,1)
5,15: (63222,28270,63993,65535)  #F66EF9FF  srgba(246,110,249,1)
6,15: (63222,40092,10537,65535)  #F69C29FF  srgba(246,156,41,1)
7,15: (63479,26471,45232,65535)  #F767B0FF  srgba(247,103,176,1)
8,15: (63479,26471,58339,65535)  #F767E3FF  srgba(247,103,227,1)
9,15: (63479,34438,61937,65535)  #F786F1FF  srgba(247,134,241,1)
10,15: (63736,36237,42662,65535)  #F88DA6FF  srgba(248,141,166,1)
11,15: (63736,37779,61166,65535)  #F893EEFF  srgba(248,147,238,1)
12,15: (63993,20817,65278,65535)  #F951FEFF  srgba(249,81,254,1)
13,15: (64250,29298,65278,65535)  #FA72FEFF  srgba(250,114,254,1)
14,15: (64250,30326,18247,65535)  #FA7647FF  srgba(250,118,71,1)
15,15: (0,65535,0,0)  #00FF0000  srgba(0,255,0,0)
