# ImageMagick pixel enumeration: 16,16,65535,srgba
0,0: (0,0,0,65535)  #000000FF  black
1,0: (0,514,0,65535)  #000200FF  srgba(0,2,0,1)
2,0: (257,257,0,65535)  #010100FF  srgba(1,1,0,1)
3,0: (514,1028,1028,65535)  #020404FF  srgba(2,4,4,1)
4,0: (2827,2827,0,65535)  #0B0B00FF  srgba(11,11,0,1)
5,0: (5654,5654,4626,65535)  #161612FF  srgba(22,22,18,1)
6,0: (9509,10023,7710,65535)  #25271EFF  srgba(37,39,30,1)
7,0: (15677,16962,13364,65535)  #3D4234FF  srgba(61,66,52,1)
8,0: (17990,19275,17990,65535)  #464B46FF  srgba(70,75,70,1)
9,0: (19018,15677,0,65535)  #4A3D00FF  srgba(74,61,0,1)
10,0: (19018,17733,6168,65535)  #4A4518FF  srgba(74,69,24,1)
11,0: (25186,32382,21588,65535)  #627E54FF  srgba(98,126,84,1)
12,0: (28270,25700,26214,65535)  #6E6466FF  srgba(110,100,102,1)
13,0: (29555,17733,0,65535)  #734500FF  srgba(115,69,0,1)
14,0: (29555,24672,17219,65535)  #736043FF  srgba(115,96,67,1)
15,0: (30069,34695,27756,65535)  #75876CFF  srgba(117,135,108,1)
0,1: (33153,34952,33667,65535)  #818883FF  srgba(129,136,131,1)
1,1: (33924,32125,4369,65535)  #847D11FF  srgba(132,125,17,1)
2,1: (34438,29041,2827,65535)  #86710BFF  srgba(134,113,11,1)
3,1: (34438,37522,5654,65535)  #869216FF  srgba(134,146,22,1)
4,1: (34952,21074,0,65535)  #885200FF  srgba(136,82,0,1)
5,1: (34952,36237,17990,65535)  #888D46FF  srgba(136,141,70,1)
6,1: (35209,27499,0,65535)  #896B00FF  srgba(137,107,0,1)
7,1: (35466,15163,0,65535)  #8A3B00FF  srgba(138,59,0,1)
8,1: (36751,24415,3598,65535)  #8F5F0EFF  srgba(143,95,14,1)
9,1: (37779,29812,0,65535)  #937400FF  srgba(147,116,0,1)
10,1: (37779,32896,0,65535)  #938000FF  srgba(147,128,0,1)
11,1: (38807,47288,20560,65535)  #97B850FF  srgba(151,184,80,1)
12,1: (39064,15420,2056,65535)  #983C08FF  srgba(152,60,8,1)
13,1: (39064,20046,2313,65535)  #984E09FF  srgba(152,78,9,1)
14,1: (39064,26985,0,65535)  #986900FF  srgba(152,105,0,1)
15,1: (39064,29041,3598,65535)  #98710EFF  srgba(152,113,14,1)
0,2: (39321,32125,3855,65535)  #997D0FFF  srgba(153,125,15,1)
1,2: (39321,38807,5397,65535)  #999715FF  srgba(153,151,21,1)
2,2: (39321,47802,25957,65535)  #99BA65FF  srgba(153,186,101,1)
3,2: (39578,48059,32639,65535)  #9ABB7FFF  srgba(154,187,127,1)
4,2: (39835,31354,0,65535)  #9B7A00FF  srgba(155,122,0,1)
5,2: (40092,15420,0,65535)  #9C3C00FF  srgba(156,60,0,1)
6,2: (40092,16448,0,65535)  #9C4000FF  srgba(156,64,0,1)
7,2: (40092,17733,0,65535)  #9C4500FF  srgba(156,69,0,1)
8,2: (40349,36237,0,65535)  #9D8D00FF  srgba(157,141,0,1)
9,2: (40606,14135,0,65535)  #9E3700FF  srgba(158,55,0,1)
10,2: (40606,20817,0,65535)  #9E5100FF  srgba(158,81,0,1)
11,2: (40863,29555,13621,65535)  #9F7335FF  srgba(159,115,53,1)
12,2: (40863,29812,17990,65535)  #9F7446FF  srgba(159,116,70,1)
13,2: (40863,31097,26214,65535)  #9F7966FF  srgba(159,121,102,1)
14,2: (40863,40092,35980,65535)  #9F9C8CFF  srgba(159,156,140,1)
15,2: (41120,4369,0,65535)  #A01100FF  srgba(160,17,0,1)
0,3: (41120,40092,17990,65535)  #A09C46FF  srgba(160,156,70,1)
1,3: (41120,40606,24929,65535)  #A09E61FF  srgba(160,158,97,1)
2,3: (41377,24672,3855,65535)  #A1600FFF  srgba(161,96,15,1)
3,3: (41634,29298,5397,65535)  #A27215FF  srgba(162,114,21,1)
4,3: (41634,32382,6939,65535)  #A27E1BFF  srgba(162,126,27,1)
5,3: (41634,36237,6168,65535)  #A28D18FF  srgba(162,141,24,1)
6,3: (41634,48059,20560,65535)  #A2BB50FF  srgba(162,187,80,1)
7,3: (41891,45232,5911,65535)  #A3B017FF  srgba(163,176,23,1)
8,3: (42148,55769,23130,65535)  #A4D95AFF  srgba(164,217,90,1)
9,3: (42662,25957,0,65535)  #A66500FF  srgba(166,101,0,1)
10,3: (42919,48059,38550,65535)  #A7BB96FF  srgba(167,187,150,1)
11,3: (42919,54741,27756,65535)  #A7D56CFF  srgba(167,213,108,1)
12,3: (43690,56026,34181,65535)  #AADA85FF  srgba(170,218,133,1)
13,3: (43947,56540,8738,65535)  #ABDC22FF  srgba(171,220,34,1)
14,3: (43947,59881,28270,65535)  #ABE96EFF  srgba(171,233,110,1)
15,3: (44204,22616,0,65535)  #AC5800FF  srgba(172,88,0,1)
0,4: (44204,47545,45746,65535)  #ACB9B2FF  srgba(172,185,178,1)
1,4: (44204,57054,16962,65535)  #ACDE42FF  srgba(172,222,66,1)
2,4: (44718,31868,0,65535)  #AE7C00FF  srgba(174,124,0,1)
3,4: (44718,38807,8995,65535)  #AE9723FF  srgba(174,151,35,1)
4,4: (44718,46774,21845,65535)  #AEB655FF  srgba(174,182,85,1)
5,4: (44718,57311,40606,65535)  #AEDF9EFF  srgba(174,223,158,1)
6,4: (44975,24158,1285,65535)  #AF5E05FF  srgba(175,94,5,1)
7,4: (44975,25443,0,65535)  #AF6300FF  srgba(175,99,0,1)
8,4: (44975,30326,1799,65535)  #AF7607FF  srgba(175,118,7,1)
9,4: (44975,30326,8738,65535)  #AF7622FF  srgba(175,118,34,1)
10,4: (44975,46774,16191,65535)  #AFB63FFF  srgba(175,182,63,1)
11,4: (44975,47288,26214,65535)  #AFB866FF  srgba(175,184,102,1)
12,4: (45232,33924,15677,65535)  #B0843DFF  srgba(176,132,61,1)
13,4: (45232,39835,16705,65535)  #B09B41FF  srgba(176,155,65,1)
14,4: (45232,47802,32639,65535)  #B0BA7FFF  srgba(176,186,127,1)
15,4: (45232,58596,52685,65535)  #B0E4CDFF  srgba(176,228,205,1)
0,5: (45232,60652,33924,65535)  #B0EC84FF  srgba(176,236,132,1)
1,5: (45489,15934,5911,65535)  #B13E17FF  srgba(177,62,23,1)
2,5: (45489,24158,7196,65535)  #B15E1CFF  srgba(177,94,28,1)
3,5: (45489,33153,21845,65535)  #B18155FF  srgba(177,129,85,1)
4,5: (45489,37522,0,65535)  #B19200FF  srgba(177,146,0,1)
5,5: (45489,38036,2313,65535)  #B19409FF  srgba(177,148,9,1)
6,5: (45489,40863,22359,65535)  #B19F57FF  srgba(177,159,87,1)
7,5: (45489,46003,9252,65535)  #B1B324FF  srgba(177,179,36,1)
8,5: (45746,12079,7453,65535)  #B22F1DFF  srgba(178,47,29,1)
9,5: (45746,19275,4626,65535)  #B24B12FF  srgba(178,75,18,1)
10,5: (45746,28784,15163,65535)  #B2703BFF  srgba(178,112,59,1)
11,5: (45746,30326,31354,65535)  #B2767AFF  srgba(178,118,122,1)
12,5: (45746,37522,30326,65535)  #B29276FF  srgba(178,146,118,1)
13,5: (45746,40863,31097,65535)  #B29F79FF  srgba(178,159,121,1)
14,5: (45746,60652,39321,65535)  #B2EC99FF  srgba(178,236,153,1)
15,5: (46003,22359,14649,65535)  #B35739FF  srgba(179,87,57,1)
0,6: (46003,42148,0,65535)  #B3A400FF  srgba(179,164,0,1)
1,6: (46003,45746,2827,65535)  #B3B20BFF  srgba(179,178,11,1)
2,6: (46260,58596,43690,65535)  #B4E4AAFF  srgba(180,228,170,1)
3,6: (46774,58596,40606,65535)  #B6E49EFF  srgba(182,228,158,1)
4,6: (46774,61166,48573,65535)  #B6EEBDFF  srgba(182,238,189,1)
5,6: (47031,57825,34952,65535)  #B7E188FF  srgba(183,225,136,1)
6,6: (47545,59110,47031,65535)  #B9E6B7FF  srgba(185,230,183,1)
7,6: (47545,60909,44461,65535)  #B9EDADFF  srgba(185,237,173,1)
8,6: (48059,29298,15163,65535)  #BB723BFF  srgba(187,114,59,1)
9,6: (48059,61166,46003,65535)  #BBEEB3FF  srgba(187,238,179,1)
10,6: (48316,30326,6425,65535)  #BC7619FF  srgba(188,118,25,1)
11,6: (48316,31097,0,65535)  #BC7900FF  srgba(188,121,0,1)
12,6: (48573,57568,28527,65535)  #BDE06FFF  srgba(189,224,111,1)
13,6: (48573,59881,22873,65535)  #BDE959FF  srgba(189,233,89,1)
14,6: (48573,60395,61423,65535)  #BDEBEFFF  srgba(189,235,239,1)
15,6: (48830,24158,514,65535)  #BE5E02FF  srgba(190,94,2,1)
0,7: (48830,39835,26214,65535)  #BE9B66FF  srgba(190,155,102,1)
1,7: (48830,40349,3598,65535)  #BE9D0EFF  srgba(190,157,14,1)
2,7: (48830,54998,22616,65535)  #BED658FF  srgba(190,214,88,1)
3,7: (48830,60652,29041,65535)  #BEEC71FF  srgba(190,236,113,1)
4,7: (49087,15163,8995,65535)  #BF3B23FF  srgba(191,59,35,1)
5,7: (49087,21331,1542,65535)  #BF5306FF  srgba(191,83,6,1)
6,7: (49087,40349,0,65535)  #BF9D00FF  srgba(191,157,0,1)
7,7: (49087,40606,16191,65535)  #BF9E3FFF  srgba(191,158,63,1)
8,7: (49344,21331,9766,65535)  #C05326FF  srgba(192,83,38,1)
9,7: (49344,31097,24672,65535)  #C07960FF  srgba(192,121,96,1)
10,7: (49344,46260,6939,65535)  #C0B41BFF  srgba(192,180,27,1)
11,7: (49344,46517,14135,65535)  #C0B537FF  srgba(192,181,55,1)
12,7: (49344,57825,33667,65535)  #C0E183FF  srgba(192,225,131,1)
13,7: (49601,24929,14649,65535)  #C16139FF  srgba(193,97,57,1)
14,7: (49601,45232,1542,65535)  #C1B006FF  srgba(193,176,6,1)
15,7: (49601,46260,20817,65535)  #C1B451FF  srgba(193,180,81,1)
0,8: (49858,30840,1799,65535)  #C27807FF  srgba(194,120,7,1)
1,8: (49858,43690,257,65535)  #C2AA01FF  srgba(194,170,1,1)
2,8: (49858,46517,26471,65535)  #C2B567FF  srgba(194,181,103,1)
3,8: (49858,57311,39578,65535)  #C2DF9AFF  srgba(194,223,154,1)
4,8: (49858,57568,9252,65535)  #C2E024FF  srgba(194,224,36,1)
5,8: (49858,60909,33153,65535)  #C2ED81FF  srgba(194,237,129,1)
6,8: (50115,56797,17219,65535)  #C3DD43FF  srgba(195,221,67,1)
7,8: (50372,13878,4626,65535)  #C43612FF  srgba(196,54,18,1)
8,8: (50372,60909,39578,65535)  #C4ED9AFF  srgba(196,237,154,1)
9,8: (50629,46517,33410,65535)  #C5B582FF  srgba(197,181,130,1)
10,8: (50886,39835,3855,65535)  #C69B0FFF  srgba(198,155,15,1)
11,8: (50886,48059,45232,65535)  #C6BBB0FF  srgba(198,187,176,1)
12,8: (51143,21331,19275,65535)  #C7534BFF  srgba(199,83,75,1)
13,8: (51143,46774,39064,65535)  #C7B698FF  srgba(199,182,152,1)
14,8: (51400,39578,33410,65535)  #C89A82FF  srgba(200,154,130,1)
15,8: (51657,30583,15677,65535)  #C9773DFF  srgba(201,119,61,1)
0,9: (51657,43433,45489,65535)  #C9A9B1FF  srgba(201,169,177,1)
1,9: (51657,56540,46260,65535)  #C9DCB4FF  srgba(201,220,180,1)
2,9: (51914,60395,47031,65535)  #CAEBB7FF  srgba(202,235,183,1)
3,9: (52171,33153,2570,65535)  #CB810AFF  srgba(203,129,10,1)
4,9: (52171,46517,6939,65535)  #CBB51BFF  srgba(203,181,27,1)
5,9: (52171,46774,13621,65535)  #CBB635FF  srgba(203,182,53,1)
6,9: (52171,61423,47545,65535)  #CBEFB9FF  srgba(203,239,185,1)
7,9: (52428,24672,23901,65535)  #CC605DFF  srgba(204,96,93,1)
8,9: (52428,47288,50886,65535)  #CCB8C6FF  srgba(204,184,198,1)
9,9: (52428,56026,53970,65535)  #CCDAD2FF  srgba(204,218,210,1)
10,9: (52428,59624,53456,65535)  #CCE8D0FF  srgba(204,232,208,1)
11,9: (52428,59881,60909,65535)  #CCE9EDFF  srgba(204,233,237,1)
12,9: (52685,39064,0,65535)  #CD9800FF  srgba(205,152,0,1)
13,9: (52685,39321,38293,65535)  #CD9995FF  srgba(205,153,149,1)
14,9: (52685,45489,1028,65535)  #CDB104FF  srgba(205,177,4,1)
15,9: (52685,61166,52685,65535)  #CDEECDFF  srgba(205,238,205,1)
0,10: (53456,39321,3598,65535)  #D0990EFF  srgba(208,153,14,1)
1,10: (53713,15420,20046,65535)  #D13C4EFF  srgba(209,60,78,1)
2,10: (53713,40092,15934,65535)  #D19C3EFF  srgba(209,156,62,1)
3,10: (53970,38550,41634,65535)  #D296A2FF  srgba(210,150,162,1)
4,10: (54227,35980,38293,65535)  #D38C95FF  srgba(211,140,149,1)
5,10: (54484,33153,37779,65535)  #D48193FF  srgba(212,129,147,1)
6,10: (54484,60138,60138,65535)  #D4EAEAFF  srgba(212,234,234,1)
7,10: (54741,47545,27242,65535)  #D5B96AFF  srgba(213,185,106,1)
8,10: (54998,39321,26728,65535)  #D69968FF  srgba(214,153,104,1)
9,10: (54998,40349,44204,65535)  #D69DACFF  srgba(214,157,172,1)
10,10: (54998,48059,54741,65535)  #D6BBD5FF  srgba(214,187,213,1)
11,10: (55255,46517,21074,65535)  #D7B552FF  srgba(215,181,82,1)
12,10: (55255,47031,40349,65535)  #D7B79DFF  srgba(215,183,157,1)
13,10: (55255,47031,45232,65535)  #D7B7B0FF  srgba(215,183,176,1)
14,10: (55255,47545,34695,65535)  #D7B987FF  srgba(215,185,135,1)
15,10: (55512,47802,1285,65535)  #D8BA05FF  srgba(216,186,5,1)
0,11: (55769,31868,25957,65535)  #D97C65FF  srgba(217,124,101,1)
1,11: (56026,49087,59367,65535)  #DABFE7FF  srgba(218,191,231,1)
2,11: (56283,48573,6168,65535)  #DBBD18FF  srgba(219,189,24,1)
3,11: (56283,61680,60652,65535)  #DBF0ECFF  srgba(219,240,236,1)
4,11: (56540,46260,51143,65535)  #DCB4C7FF  srgba(220,180,199,1)
5,11: (56540,55512,46260,65535)  #DCD8B4FF  srgba(220,216,180,1)
6,11: (56540,60652,60652,65535)  #DCECECFF  srgba(220,236,236,1)
7,11: (56797,37008,44461,65535)  #DD90ADFF  srgba(221,144,173,1)
8,11: (56797,47802,13107,65535)  #DDBA33FF  srgba(221,186,51,1)
9,11: (56797,57054,60138,65535)  #DDDEEAFF  srgba(221,222,234,1)
10,11: (56797,60909,50629,65535)  #DDEDC5FF  srgba(221,237,197,1)
11,11: (57054,30840,37522,65535)  #DE7892FF  srgba(222,120,146,1)
12,11: (57054,40092,56283,65535)  #DE9CDBFF  srgba(222,156,219,1)
13,11: (57054,40349,48059,65535)  #DE9DBBFF  srgba(222,157,187,1)
14,11: (57054,55769,50372,65535)  #DED9C4FF  srgba(222,217,196,1)
15,11: (57054,57054,28784,65535)  #DEDE70FF  srgba(222,222,112,1)
0,12: (57054,57825,24415,65535)  #DEE15FFF  srgba(222,225,95,1)
1,12: (57054,60652,46260,65535)  #DEECB4FF  srgba(222,236,180,1)
2,12: (57054,61166,54998,65535)  #DEEED6FF  srgba(222,238,214,1)
3,12: (57311,26985,36237,65535)  #DF698DFF  srgba(223,105,141,1)
4,12: (57311,37008,55255,65535)  #DF90D7FF  srgba(223,144,215,1)
5,12: (57311,38036,41377,65535)  #DF94A1FF  srgba(223,148,161,1)
6,12: (57311,55255,39064,65535)  #DFD798FF  srgba(223,215,152,1)
7,12: (57568,35980,39321,65535)  #E08C99FF  srgba(224,140,153,1)
8,12: (57568,57568,54998,65535)  #E0E0D6FF  srgba(224,224,214,1)
9,12: (57825,49087,1799,65535)  #E1BF07FF  srgba(225,191,7,1)
10,12: (57825,61680,19789,65535)  #E1F04DFF  srgba(225,240,77,1)
11,12: (58082,32896,43947,65535)  #E280ABFF  srgba(226,128,171,1)
12,12: (58339,38293,37522,65535)  #E39592FF  srgba(227,149,146,1)
13,12: (58596,34181,50372,65535)  #E485C4FF  srgba(228,133,196,1)
14,12: (58596,56540,61937,65535)  #E4DCF1FF  srgba(228,220,241,1)
15,12: (58853,36751,49858,65535)  #E58FC2FF  srgba(229,143,194,1)
0,13: (58853,58339,59110,65535)  #E5E3E6FF  srgba(229,227,230,1)
1,13: (58853,61166,61166,65535)  #E5EEEEFF  srgba(229,238,238,1)
2,13: (58853,61937,24929,65535)  #E5F161FF  srgba(229,241,97,1)
3,13: (59110,32125,48573,65535)  #E67DBDFF  srgba(230,125,189,1)
4,13: (59367,32896,39835,65535)  #E7809BFF  srgba(231,128,155,1)
5,13: (59367,44718,45489,65535)  #E7AEB1FF  srgba(231,174,177,1)
6,13: (59367,47288,22616,65535)  #E7B858FF  srgba(231,184,88,1)
7,13: (59367,50115,45489,65535)  #E7C3B1FF  srgba(231,195,177,1)
8,13: (59624,23387,37008,65535)  #E85B90FF  srgba(232,91,144,1)
9,13: (59624,58853,19275,65535)  #E8E54BFF  srgba(232,229,75,1)
10,13: (59881,54998,5911,65535)  #E9D617FF  srgba(233,214,23,1)
11,13: (59881,58596,15934,65535)  #E9E43EFF  srgba(233,228,62,1)
12,13: (59881,61166,33667,65535)  #E9EE83FF  srgba(233,238,131,1)
13,13: (59881,61423,39321,65535)  #E9EF99FF  srgba(233,239,153,1)
14,13: (60138,47545,39064,65535)  #EAB998FF  srgba(234,185,152,1)
15,13: (60138,48830,33153,65535)  #EABE81FF  srgba(234,190,129,1)
0,14: (60138,49344,27756,65535)  #EAC06CFF  srgba(234,192,108,1)
1,14: (60138,54998,32639,65535)  #EAD67FFF  srgba(234,214,127,1)
2,14: (60395,56797,50886,65535)  #EBDDC6FF  srgba(235,221,198,1)
3,14: (60395,57054,11565,65535)  #EBDE2DFF  srgba(235,222,45,1)
4,14: (60395,59367,59367,65535)  #EBE7E7FF  srgba(235,231,231,1)
5,14: (60395,59367,62194,65535)  #EBE7F2FF  srgba(235,231,242,1)
6,14: (60395,60909,60909,65535)  #EBEDEDFF  srgba(235,237,237,1)
7,14: (60652,50629,62194,65535)  #ECC5F2FF  srgba(236,197,242,1)
8,14: (60652,56026,46260,65535)  #ECDAB4FF  srgba(236,218,180,1)
9,14: (60909,46260,61680,65535)  #EDB4F0FF  srgba(237,180,240,1)
10,14: (60909,58853,54998,65535)  #EDE5D6FF  srgba(237,229,214,1)
11,14: (60909,60652,61423,65535)  #EDECEFFF  srgba(237,236,239,1)
12,14: (60909,60909,61423,65535)  #EDEDEFFF  srgba(237,237,239,1)
13,14: (61166,60652,61166,65535)  #EEECEEFF  srgba(238,236,238,1)
14,14: (61166,61423,50629,65535)  #EEEFC5FF  srgba(238,239,197,1)
15,14: (61423,49087,51914,65535)  #EFBFCAFF  srgba(239,191,202,1)
0,15: (61423,58339,26728,65535)  #EFE368FF  srgba(239,227,104,1)
1,15: (61423,60909,61680,65535)  #EFEDF0FF  srgba(239,237,240,1)
2,15: (61423,61423,55255,65535)  #EFEFD7FF  srgba(239,239,215,1)
3,15: (61423,61423,60652,65535)  #EFEFECFF  srgba(239,239,236,1)
4,15: (61423,61937,25443,65535)  #EFF163FF  srgba(239,241,99,1)
5,15: (61423,61937,46003,65535)  #EFF1B3FF  srgba(239,241,179,1)
6,15: (61680,49344,57054,65535)  #F0C0DEFF  srgba(240,192,222,1)
7,15: (61680,61680,62451,65535)  #F0F0F3FF  srgba(240,240,243,1)
8,15: (61937,43690,52171,65535)  #F1AACBFF  srgba(241,170,203,1)
9,15: (61937,43690,57054,65535)  #F1AADEFF  srgba(241,170,222,1)
10,15: (61937,56283,54741,65535)  #F1DBD5FF  srgba(241,219,213,1)
11,15: (62194,40349,55512,65535)  #F29DD8FF  srgba(242,157,216,1)
12,15: (62451,55769,38293,65535)  #F3D995FF  srgba(243,217,149,1)
13,15: (62451,58339,62708,65535)  #F3E3F4FF  srgba(243,227,244,1)
14,15: (62708,58339,59367,65535)  #F4E3E7FF  srgba(244,227,231,1)
15,15: (0,65535,0,0)  #00FF0000  srgba(0,255,0,0)
