# ImageMagick pixel enumeration: 16,16,65535,srgba
0,0: (0,0,0,65535)  #000000FF  black
1,0: (0,514,0,65535)  #000200FF  srgba(0,2,0,1)
2,0: (257,0,771,65535)  #010003FF  srgba(1,0,3,1)
3,0: (257,0,3084,65535)  #01000CFF  srgba(1,0,12,1)
4,0: (257,257,257,65535)  #010101FF  srgba(1,1,1,1)
5,0: (514,0,0,65535)  #020000FF  srgba(2,0,0,1)
6,0: (771,1028,1285,65535)  #030405FF  srgba(3,4,5,1)
7,0: (1028,0,3598,65535)  #04000EFF  srgba(4,0,14,1)
8,0: (1028,0,6939,65535)  #04001BFF  srgba(4,0,27,1)
9,0: (1028,0,9766,65535)  #040026FF  srgba(4,0,38,1)
10,0: (2313,0,3855,65535)  #09000FFF  srgba(9,0,15,1)
11,0: (2570,0,9252,65535)  #0A0024FF  srgba(10,0,36,1)
12,0: (2570,1542,4883,65535)  #0A0613FF  srgba(10,6,19,1)
13,0: (3084,2827,3855,65535)  #0C0B0FFF  srgba(12,11,15,1)
14,0: (3855,4883,3855,65535)  #0F130FFF  srgba(15,19,15,1)
15,0: (4112,0,14135,65535)  #100037FF  srgba(16,0,55,1)
0,1: (4626,1542,6425,65535)  #120619FF  srgba(18,6,25,1)
1,1: (4883,0,10023,65535)  #130027FF  srgba(19,0,39,1)
2,1: (4883,0,16705,65535)  #130041FF  srgba(19,0,65,1)
3,1: (4883,2056,11565,65535)  #13082DFF  srgba(19,8,45,1)
4,1: (5654,0,20046,65535)  #16004EFF  srgba(22,0,78,1)
5,1: (6682,4369,7196,65535)  #1A111CFF  srgba(26,17,28,1)
6,1: (8224,0,18504,65535)  #200048FF  srgba(32,0,72,1)
7,1: (8224,1799,17219,65535)  #200743FF  srgba(32,7,67,1)
8,1: (8224,8481,6939,65535)  #20211BFF  srgba(32,33,27,1)
9,1: (8481,3084,12593,65535)  #210C31FF  srgba(33,12,49,1)
10,1: (8481,6939,11822,65535)  #211B2EFF  srgba(33,27,46,1)
11,1: (9766,2827,20817,65535)  #260B51FF  srgba(38,11,81,1)
12,1: (10794,2056,25443,65535)  #2A0863FF  srgba(42,8,99,1)
13,1: (10794,6682,16962,65535)  #2A1A42FF  srgba(42,26,66,1)
14,1: (11051,0,25700,65535)  #2B0064FF  srgba(43,0,100,1)
15,1: (11308,9252,12593,65535)  #2C2431FF  srgba(44,36,49,1)
0,2: (11565,0,20046,65535)  #2D004EFF  srgba(45,0,78,1)
1,2: (13878,10794,12593,65535)  #362A31FF  srgba(54,42,49,1)
2,2: (14135,2313,25186,65535)  #370962FF  srgba(55,9,98,1)
3,2: (14135,10794,15420,65535)  #372A3CFF  srgba(55,42,60,1)
4,2: (14392,9509,18247,65535)  #382547FF  srgba(56,37,71,1)
5,2: (14649,8224,22873,65535)  #392059FF  srgba(57,32,89,1)
6,2: (15163,0,27756,65535)  #3B006CFF  srgba(59,0,108,1)
7,2: (15163,16448,14649,65535)  #3B4039FF  srgba(59,64,57,1)
8,2: (16962,2570,30326,65535)  #420A76FF  srgba(66,10,118,1)
9,2: (16962,4626,26214,65535)  #421266FF  srgba(66,18,102,1)
10,2: (16962,11822,17219,65535)  #422E43FF  srgba(66,46,67,1)
11,2: (17219,11051,21331,65535)  #432B53FF  srgba(67,43,83,1)
12,2: (17476,10794,24929,65535)  #442A61FF  srgba(68,42,97,1)
13,2: (18247,17476,17476,65535)  #474444FF  srgba(71,68,68,1)
14,2: (18761,8224,30069,65535)  #492075FF  srgba(73,32,117,1)
15,2: (18761,16962,22616,65535)  #494258FF  srgba(73,66,88,1)
0,3: (19018,11308,22102,65535)  #4A2C56FF  srgba(74,44,86,1)
1,3: (19275,0,31097,65535)  #4B0079FF  srgba(75,0,121,1)
2,3: (19275,2827,34438,65535)  #4B0B86FF  srgba(75,11,134,1)
3,3: (19532,9252,27242,65535)  #4C246AFF  srgba(76,36,106,1)
4,3: (20046,7710,34181,65535)  #4E1E85FF  srgba(78,30,133,1)
5,3: (20046,21845,19018,65535)  #4E554AFF  srgba(78,85,74,1)
6,3: (21588,11822,22616,65535)  #542E58FF  srgba(84,46,88,1)
7,3: (21845,10537,30326,65535)  #552976FF  srgba(85,41,118,1)
8,3: (22359,8481,34952,65535)  #572188FF  srgba(87,33,136,1)
9,3: (22359,17733,22873,65535)  #574559FF  srgba(87,69,89,1)
10,3: (22616,11565,27499,65535)  #582D6BFF  srgba(88,45,107,1)
11,3: (23130,23644,21331,65535)  #5A5C53FF  srgba(90,92,83,1)
12,3: (23387,22359,25957,65535)  #5B5765FF  srgba(91,87,101,1)
13,3: (23644,17476,31868,65535)  #5C447CFF  srgba(92,68,124,1)
14,3: (23644,17733,27242,65535)  #5C456AFF  srgba(92,69,106,1)
15,3: (24415,6682,34438,65535)  #5F1A86FF  srgba(95,26,134,1)
0,4: (24672,12336,34181,65535)  #603085FF  srgba(96,48,133,1)
1,4: (24929,6425,38550,65535)  #611996FF  srgba(97,25,150,1)
2,4: (26214,18247,33153,65535)  #664781FF  srgba(102,71,129,1)
3,4: (26728,22873,32125,65535)  #68597DFF  srgba(104,89,125,1)
4,4: (26728,23130,26471,65535)  #685A67FF  srgba(104,90,103,1)
5,4: (27242,8224,38036,65535)  #6A2094FF  srgba(106,32,148,1)
6,4: (27242,13107,36751,65535)  #6A338FFF  srgba(106,51,143,1)
7,4: (27242,29041,24415,65535)  #6A715FFF  srgba(106,113,95,1)
8,4: (27756,10794,43176,65535)  #6C2AA8FF  srgba(108,42,168,1)
9,4: (28270,28527,28013,65535)  #6E6F6DFF  srgba(110,111,109,1)
10,4: (28527,18761,33410,65535)  #6F4982FF  srgba(111,73,130,1)
11,4: (28784,25700,33153,65535)  #706481FF  srgba(112,100,129,1)
12,4: (29041,11308,38550,65535)  #712C96FF  srgba(113,44,150,1)
13,4: (29041,27756,32639,65535)  #716C7FFF  srgba(113,108,127,1)
14,4: (29298,17990,38293,65535)  #724695FF  srgba(114,70,149,1)
15,4: (29555,22873,34695,65535)  #735987FF  srgba(115,89,135,1)
0,5: (29555,30583,32382,65535)  #73777EFF  srgba(115,119,126,1)
1,5: (30326,12850,43690,65535)  #7632AAFF  srgba(118,50,170,1)
2,5: (31611,11822,39064,65535)  #7B2E98FF  srgba(123,46,152,1)
3,5: (31611,25186,34695,65535)  #7B6287FF  srgba(123,98,135,1)
4,5: (31868,24158,36751,65535)  #7C5E8FFF  srgba(124,94,143,1)
5,5: (32125,14906,42919,65535)  #7D3AA7FF  srgba(125,58,167,1)
6,5: (32125,23644,42662,65535)  #7D5CA6FF  srgba(125,92,166,1)
7,5: (32125,24929,48830,65535)  #7D61BEFF  srgba(125,97,190,1)
8,5: (32382,14135,46003,65535)  #7E37B3FF  srgba(126,55,179,1)
9,5: (32382,19789,39835,65535)  #7E4D9BFF  srgba(126,77,155,1)
10,5: (32382,23901,44718,65535)  #7E5DAEFF  srgba(126,93,174,1)
11,5: (32896,25700,29298,65535)  #806472FF  srgba(128,100,114,1)
12,5: (32896,25957,32896,65535)  #806580FF  srgba(128,101,128,1)
13,5: (32896,25957,39578,65535)  #80659AFF  srgba(128,101,154,1)
14,5: (33410,31868,32125,65535)  #827C7DFF  srgba(130,124,125,1)
15,5: (33667,26214,37008,65535)  #836690FF  srgba(131,102,144,1)
0,6: (34438,26214,34695,65535)  #866687FF  srgba(134,102,135,1)
1,6: (34695,16191,44461,65535)  #873FADFF  srgba(135,63,173,1)
2,6: (34695,24929,42662,65535)  #8761A6FF  srgba(135,97,166,1)
3,6: (34952,23901,46517,65535)  #885DB5FF  srgba(136,93,181,1)
4,6: (34952,25700,40092,65535)  #88649CFF  srgba(136,100,156,1)
5,6: (35209,31611,39321,65535)  #897B99FF  srgba(137,123,153,1)
6,6: (35209,31868,36237,65535)  #897C8DFF  srgba(137,124,141,1)
7,6: (35209,35723,32382,65535)  #898B7EFF  srgba(137,139,126,1)
8,6: (35466,16191,48830,65535)  #8A3FBEFF  srgba(138,63,190,1)
9,6: (36237,23644,49087,65535)  #8D5CBFFF  srgba(141,92,191,1)
10,6: (36237,24672,45489,65535)  #8D60B1FF  srgba(141,96,177,1)
11,6: (36237,26471,42919,65535)  #8D67A7FF  srgba(141,103,167,1)
12,6: (36494,26471,40092,65535)  #8E679CFF  srgba(142,103,156,1)
13,6: (36494,26728,37008,65535)  #8E6890FF  srgba(142,104,144,1)
14,6: (37008,35723,36494,65535)  #908B8EFF  srgba(144,139,142,1)
15,6: (38036,35209,47545,65535)  #9489B9FF  srgba(148,137,185,1)
0,7: (38036,38550,35209,65535)  #949689FF  srgba(148,150,137,1)
1,7: (38293,18761,47288,65535)  #9549B8FF  srgba(149,73,184,1)
2,7: (38550,23901,46003,65535)  #965DB3FF  srgba(150,93,179,1)
3,7: (38550,28013,43690,65535)  #966DAAFF  srgba(150,109,170,1)
4,7: (38807,18761,52171,65535)  #9749CBFF  srgba(151,73,203,1)
5,7: (38807,31611,43433,65535)  #977BA9FF  srgba(151,123,169,1)
6,7: (38807,35723,39835,65535)  #978B9BFF  srgba(151,139,155,1)
7,7: (39064,26471,40092,65535)  #98679CFF  srgba(152,103,156,1)
8,7: (39064,29298,46260,65535)  #9872B4FF  srgba(152,114,180,1)
9,7: (39064,32125,40092,65535)  #987D9CFF  srgba(152,125,156,1)
10,7: (39064,35209,42919,65535)  #9889A7FF  srgba(152,137,167,1)
11,7: (39064,42919,32896,65535)  #98A780FF  srgba(152,167,128,1)
12,7: (39321,23387,50886,65535)  #995BC6FF  srgba(153,91,198,1)
13,7: (39321,28784,50115,65535)  #9970C3FF  srgba(153,112,195,1)
14,7: (40349,38807,40349,65535)  #9D979DFF  srgba(157,151,157,1)
15,7: (40606,35209,47288,65535)  #9E89B8FF  srgba(158,137,184,1)
0,8: (41634,26985,49858,65535)  #A269C2FF  srgba(162,105,194,1)
1,8: (41634,31354,45489,65535)  #A27AB1FF  srgba(162,122,177,1)
2,8: (41634,39578,49344,65535)  #A29AC0FF  srgba(162,154,192,1)
3,8: (41634,43433,37522,65535)  #A2A992FF  srgba(162,169,146,1)
4,8: (41891,30583,50372,65535)  #A377C4FF  srgba(163,119,196,1)
5,8: (42148,19275,50629,65535)  #A44BC5FF  srgba(164,75,197,1)
6,8: (42148,35723,44718,65535)  #A48BAEFF  srgba(164,139,174,1)
7,8: (42148,39578,43947,65535)  #A49AABFF  srgba(164,154,171,1)
8,8: (42405,22616,50886,65535)  #A558C6FF  srgba(165,88,198,1)
9,8: (42405,35209,49601,65535)  #A589C1FF  srgba(165,137,193,1)
10,8: (42662,24672,50886,65535)  #A660C6FF  srgba(166,96,198,1)
11,8: (42919,43690,40349,65535)  #A7AA9DFF  srgba(167,170,157,1)
12,8: (43433,20046,56283,65535)  #A94EDBFF  srgba(169,78,219,1)
13,8: (43947,22616,56540,65535)  #AB58DCFF  srgba(171,88,220,1)
14,8: (44204,39578,49344,65535)  #AC9AC0FF  srgba(172,154,192,1)
15,8: (44461,26985,56540,65535)  #AD69DCFF  srgba(173,105,220,1)
0,9: (44461,42662,45232,65535)  #ADA6B0FF  srgba(173,166,176,1)
1,9: (44718,27242,51400,65535)  #AE6AC8FF  srgba(174,106,200,1)
2,9: (44975,24672,57054,65535)  #AF60DEFF  srgba(175,96,222,1)
3,9: (44975,35980,46260,65535)  #AF8CB4FF  srgba(175,140,180,1)
4,9: (45232,31097,48573,65535)  #B079BDFF  srgba(176,121,189,1)
5,9: (45232,35723,49858,65535)  #B08BC2FF  srgba(176,139,194,1)
6,9: (45232,42662,51657,65535)  #B0A6C9FF  srgba(176,166,201,1)
7,9: (45746,30583,55512,65535)  #B277D8FF  srgba(178,119,216,1)
8,9: (45746,46517,45232,65535)  #B2B5B0FF  srgba(178,181,176,1)
9,9: (46003,31097,52942,65535)  #B379CEFF  srgba(179,121,206,1)
10,9: (46003,35723,52428,65535)  #B38BCCFF  srgba(179,139,204,1)
11,9: (46260,39835,48059,65535)  #B49BBBFF  srgba(180,155,187,1)
12,9: (46774,30583,59110,65535)  #B677E6FF  srgba(182,119,230,1)
13,9: (46774,35209,56797,65535)  #B689DDFF  srgba(182,137,221,1)
14,9: (46774,44718,51657,65535)  #B6AEC9FF  srgba(182,174,201,1)
15,9: (46774,48059,51914,65535)  #B6BBCAFF  srgba(182,187,202,1)
0,10: (47031,39835,53713,65535)  #B79BD1FF  srgba(183,155,209,1)
1,10: (47802,42662,52171,65535)  #BAA6CBFF  srgba(186,166,203,1)
2,10: (48573,27499,59110,65535)  #BD6BE6FF  srgba(189,107,230,1)
3,10: (50115,39578,48059,65535)  #C39ABBFF  srgba(195,154,187,1)
4,10: (50372,31354,57825,65535)  #C47AE1FF  srgba(196,122,225,1)
5,10: (50372,39835,51400,65535)  #C49BC8FF  srgba(196,155,200,1)
6,10: (50372,45746,49858,65535)  #C4B2C2FF  srgba(196,178,194,1)
7,10: (50629,39321,53456,65535)  #C599D0FF  srgba(197,153,208,1)
8,10: (50886,36494,56283,65535)  #C68EDBFF  srgba(198,142,219,1)
9,10: (51143,31354,62451,65535)  #C77AF3FF  srgba(199,122,243,1)
10,10: (51143,45489,53199,65535)  #C7B1CFFF  srgba(199,177,207,1)
11,10: (51143,49601,51143,65535)  #C7C1C7FF  srgba(199,193,199,1)
12,10: (51400,34952,59624,65535)  #C888E8FF  srgba(200,136,232,1)
13,10: (51400,41377,56026,65535)  #C8A1DAFF  srgba(200,161,218,1)
14,10: (51914,44975,55769,65535)  #CAAFD9FF  srgba(202,175,217,1)
15,10: (51914,51914,51400,65535)  #CACAC8FF  srgba(202,202,200,1)
0,11: (52171,40092,58853,65535)  #CB9CE5FF  srgba(203,156,229,1)
1,11: (52685,35209,63479,65535)  #CD89F7FF  srgba(205,137,247,1)
2,11: (52685,44975,59881,65535)  #CDAFE9FF  srgba(205,175,233,1)
3,11: (52685,54998,50886,65535)  #CDD6C6FF  srgba(205,214,198,1)
4,11: (52942,39578,62708,65535)  #CE9AF4FF  srgba(206,154,244,1)
5,11: (52942,48059,57568,65535)  #CEBBE0FF  srgba(206,187,224,1)
6,11: (53199,50372,57311,65535)  #CFC4DFFF  srgba(207,196,223,1)
7,11: (53199,53456,57825,65535)  #CFD0E1FF  srgba(207,208,225,1)
8,11: (56540,39578,52942,65535)  #DC9ACEFF  srgba(220,154,206,1)
9,11: (56540,39835,57054,65535)  #DC9BDEFF  srgba(220,155,222,1)
10,11: (56797,40092,58596,65535)  #DD9CE4FF  srgba(221,156,228,1)
11,11: (56797,46260,56797,65535)  #DDB4DDFF  srgba(221,180,221,1)
12,11: (56797,50115,55512,65535)  #DDC3D8FF  srgba(221,195,216,1)
13,11: (56797,55255,54484,65535)  #DDD7D4FF  srgba(221,215,212,1)
14,11: (57054,37008,60395,65535)  #DE90EBFF  srgba(222,144,235,1)
15,11: (57311,35466,62965,65535)  #DF8AF5FF  srgba(223,138,245,1)
0,12: (57311,50115,60652,65535)  #DFC3ECFF  srgba(223,195,236,1)
1,12: (57568,36237,65278,65535)  #E08DFEFF  srgba(224,141,254,1)
2,12: (57568,50115,58853,65535)  #E0C3E5FF  srgba(224,195,229,1)
3,12: (57825,54998,59624,65535)  #E1D6E8FF  srgba(225,214,232,1)
4,12: (57825,55255,57568,65535)  #E1D7E0FF  srgba(225,215,224,1)
5,12: (58082,41891,60395,65535)  #E2A3EBFF  srgba(226,163,235,1)
6,12: (58082,45746,60395,65535)  #E2B2EBFF  srgba(226,178,235,1)
7,12: (58339,39321,62965,65535)  #E399F5FF  srgba(227,153,245,1)
8,12: (58339,45746,62708,65535)  #E3B2F4FF  srgba(227,178,244,1)
9,12: (58596,49858,63222,65535)  #E4C2F6FF  srgba(228,194,246,1)
10,12: (58853,42405,65278,65535)  #E5A5FEFF  srgba(229,165,254,1)
11,12: (59110,39835,65278,65535)  #E69BFEFF  srgba(230,155,254,1)
12,12: (59367,53713,61937,65535)  #E7D1F1FF  srgba(231,209,241,1)
13,12: (59624,42148,62965,65535)  #E8A4F5FF  srgba(232,164,245,1)
14,12: (60138,55255,63993,65535)  #EAD7F9FF  srgba(234,215,249,1)
15,12: (60138,57054,61937,65535)  #EADEF1FF  srgba(234,222,241,1)
0,13: (60138,62708,54484,65535)  #EAF4D4FF  srgba(234,244,212,1)
1,13: (60909,56026,59881,65535)  #EDDAE9FF  srgba(237,218,233,1)
2,13: (61166,45746,65278,65535)  #EEB2FEFF  srgba(238,178,254,1)
3,13: (61166,55255,65278,65535)  #EED7FEFF  srgba(238,215,254,1)
4,13: (61423,50115,61166,65535)  #EFC3EEFF  srgba(239,195,238,1)
5,13: (61937,50115,63479,65535)  #F1C3F7FF  srgba(241,195,247,1)
6,13: (61937,50115,65278,65535)  #F1C3FEFF  srgba(241,195,254,1)
7,13: (61937,62194,61166,65535)  #F1F2EEFF  srgba(241,242,238,1)
8,13: (61937,62965,57825,65535)  #F1F5E1FF  srgba(241,245,225,1)
9,13: (62194,55769,63993,65535)  #F2D9F9FF  srgba(242,217,249,1)
10,13: (62708,63222,59624,65535)  #F4F6E8FF  srgba(244,246,232,1)
11,13: (62965,62451,62708,65535)  #F5F3F4FF  srgba(245,243,244,1)
12,13: (63222,46003,63222,65535)  #F6B3F6FF  srgba(246,179,246,1)
13,13: (63222,55769,62194,65535)  #F6D9F2FF  srgba(246,217,242,1)
14,13: (63222,56026,65278,65535)  #F6DAFEFF  srgba(246,218,254,1)
15,13: (63222,61937,63993,65535)  #F6F1F9FF  srgba(246,241,249,1)
0,14: (63479,55769,64250,65535)  #F7D9FAFF  srgba(247,217,250,1)
1,14: (63736,42662,65278,65535)  #F8A6FEFF  srgba(248,166,254,1)
2,14: (63736,62194,65535,65535)  #F8F2FFFF  srgba(248,242,255,1)
3,14: (63993,62965,65021,65535)  #F9F5FDFF  srgba(249,245,253,1)
4,14: (64507,50372,63736,65535)  #FBC4F8FF  srgba(251,196,248,1)
5,14: (64507,56283,65278,65535)  #FBDBFEFF  srgba(251,219,254,1)
6,14: (64764,50372,65278,65535)  #FCC4FEFF  srgba(252,196,254,1)
7,14: (64764,62708,65535,65535)  #FCF4FFFF  srgba(252,244,255,1)
8,14: (64764,63479,63993,65535)  #FCF7F9FF  srgba(252,247,249,1)
9,14: (64764,63993,65021,65535)  #FCF9FDFF  srgba(252,249,253,1)
10,14: (64764,64250,61166,65535)  #FCFAEEFF  srgba(252,250,238,1)
11,14: (65021,46003,65278,65535)  #FDB3FEFF  srgba(253,179,254,1)
12,14: (65021,54227,64507,65535)  #FDD3FBFF  srgba(253,211,251,1)
13,14: (65021,57825,64250,65535)  #FDE1FAFF  srgba(253,225,250,1)
14,14: (65021,63993,62708,65535)  #FDF9F4FF  srgba(253,249,244,1)
15,14: (65278,55255,65278,65535)  #FED7FEFF  srgba(254,215,254,1)
0,15: (65278,62194,64250,65535)  #FEF2FAFF  srgba(254,242,250,1)
1,15: (65278,63222,65278,65535)  #FEF6FEFF  srgba(254,246,254,1)
2,15: (65278,63222,65535,65535)  #FEF6FFFF  srgba(254,246,255,1)
3,15: (65278,64764,64250,65535)  #FEFCFAFF  srgba(254,252,250,1)
4,15: (65535,50115,65278,65535)  #FFC3FEFF  srgba(255,195,254,1)
5,15: (65535,54741,65535,65535)  #FFD5FFFF  srgba(255,213,255,1)
6,15: (65535,58082,65535,65535)  #FFE2FFFF  srgba(255,226,255,1)
7,15: (65535,60652,65535,65535)  #FFECFFFF  srgba(255,236,255,1)
8,15: (65535,61680,65535,65535)  #FFF0FFFF  srgba(255,240,255,1)
9,15: (65535,61937,65021,65535)  #FFF1FDFF  srgba(255,241,253,1)
10,15: (65535,63222,65535,65535)  #FFF6FFFF  srgba(255,246,255,1)
11,15: (65535,63736,65535,65535)  #FFF8FFFF  srgba(255,248,255,1)
12,15: (65535,63993,65278,65535)  #FFF9FEFF  srgba(255,249,254,1)
13,15: (65535,64764,65278,65535)  #FFFCFEFF  srgba(255,252,254,1)
14,15: (65535,65021,65535,65535)  #FFFDFFFF  srgba(255,253,255,1)
15,15: (0,65535,0,0)  #00FF0000  srgba(0,255,0,0)
