# ImageMagick pixel enumeration: 16,16,65535,srgba
0,0: (0,0,0,65535)  #000000FF  black
1,0: (0,0,0,65535)  #000000FF  black
2,0: (0,0,4883,65535)  #000013FF  srgba(0,0,19,1)
3,0: (0,514,0,65535)  #000200FF  srgba(0,2,0,1)
4,0: (0,2570,8481,65535)  #000A21FF  srgba(0,10,33,1)
5,0: (0,2827,257,65535)  #000B01FF  srgba(0,11,1,1)
6,0: (0,3341,0,65535)  #000D00FF  srgba(0,13,0,1)
7,0: (0,3341,8738,65535)  #000D22FF  srgba(0,13,34,1)
8,0: (0,4369,10794,65535)  #00112AFF  srgba(0,17,42,1)
9,0: (0,4626,10794,65535)  #00122AFF  srgba(0,18,42,1)
10,0: (0,4883,0,65535)  #001300FF  srgba(0,19,0,1)
11,0: (0,5140,13107,65535)  #001433FF  srgba(0,20,51,1)
12,0: (0,6168,0,65535)  #001800FF  srgba(0,24,0,1)
13,0: (257,514,771,65535)  #010203FF  srgba(1,2,3,1)
14,0: (257,2827,6425,65535)  #010B19FF  srgba(1,11,25,1)
15,0: (257,4883,13364,65535)  #011334FF  srgba(1,19,52,1)
0,1: (514,0,514,65535)  #020002FF  srgba(2,0,2,1)
1,1: (514,0,1028,65535)  #020004FF  srgba(2,0,4,1)
2,1: (514,0,1799,65535)  #020007FF  srgba(2,0,7,1)
3,1: (514,0,2056,65535)  #020008FF  srgba(2,0,8,1)
4,1: (514,1028,5911,65535)  #020417FF  srgba(2,4,23,1)
5,1: (514,1799,6168,65535)  #020718FF  srgba(2,7,24,1)
6,1: (514,1799,8481,65535)  #020721FF  srgba(2,7,33,1)
7,1: (514,2313,10280,65535)  #020928FF  srgba(2,9,40,1)
8,1: (514,3341,10537,65535)  #020D29FF  srgba(2,13,41,1)
9,1: (514,5654,15934,65535)  #02163EFF  srgba(2,22,62,1)
10,1: (771,0,0,65535)  #030000FF  srgba(3,0,0,1)
11,1: (771,257,6168,65535)  #030118FF  srgba(3,1,24,1)
12,1: (771,6939,18504,65535)  #031B48FF  srgba(3,27,72,1)
13,1: (1028,0,3341,65535)  #04000DFF  srgba(4,0,13,1)
14,1: (1028,771,8224,65535)  #040320FF  srgba(4,3,32,1)
15,1: (1285,0,0,65535)  #050000FF  srgba(5,0,0,1)
0,2: (1285,0,4369,65535)  #050011FF  srgba(5,0,17,1)
1,2: (1285,0,5911,65535)  #050017FF  srgba(5,0,23,1)
2,2: (1285,4626,13364,65535)  #051234FF  srgba(5,18,52,1)
3,2: (1542,0,771,65535)  #060003FF  srgba(6,0,3,1)
4,2: (1542,3341,13107,65535)  #060D33FF  srgba(6,13,51,1)
5,2: (1799,0,1285,65535)  #070005FF  srgba(7,0,5,1)
6,2: (1799,0,1799,65535)  #070007FF  srgba(7,0,7,1)
7,2: (1799,0,4626,65535)  #070012FF  srgba(7,0,18,1)
8,2: (1799,0,6168,65535)  #070018FF  srgba(7,0,24,1)
9,2: (1799,4369,8481,65535)  #071121FF  srgba(7,17,33,1)
10,2: (2056,0,771,65535)  #080003FF  srgba(8,0,3,1)
11,2: (2056,0,1028,65535)  #080004FF  srgba(8,0,4,1)
12,2: (2056,0,3341,65535)  #08000DFF  srgba(8,0,13,1)
13,2: (2056,1285,10280,65535)  #080528FF  srgba(8,5,40,1)
14,2: (2056,3084,1285,65535)  #080C05FF  srgba(8,12,5,1)
15,2: (2313,0,514,65535)  #090002FF  srgba(9,0,2,1)
0,3: (2313,0,1799,65535)  #090007FF  srgba(9,0,7,1)
1,3: (2313,0,2313,65535)  #090009FF  srgba(9,0,9,1)
2,3: (2313,771,8481,65535)  #090321FF  srgba(9,3,33,1)
3,3: (2313,2056,10794,65535)  #09082AFF  srgba(9,8,42,1)
4,3: (2313,4112,11051,65535)  #09102BFF  srgba(9,16,43,1)
5,3: (2570,0,1799,65535)  #0A0007FF  srgba(10,0,7,1)
6,3: (2570,4883,15934,65535)  #0A133EFF  srgba(10,19,62,1)
7,3: (2570,5397,10794,65535)  #0A152AFF  srgba(10,21,42,1)
8,3: (2570,8224,22102,65535)  #0A2056FF  srgba(10,32,86,1)
9,3: (2827,0,1799,65535)  #0B0007FF  srgba(11,0,7,1)
10,3: (2827,0,2827,65535)  #0B000BFF  srgba(11,0,11,1)
11,3: (2827,3084,2313,65535)  #0B0C09FF  srgba(11,12,9,1)
12,3: (3084,0,2313,65535)  #0C0009FF  srgba(12,0,9,1)
13,3: (3341,0,3341,65535)  #0D000DFF  srgba(13,0,13,1)
14,3: (3341,0,4369,65535)  #0D0011FF  srgba(13,0,17,1)
15,3: (3341,0,6168,65535)  #0D0018FF  srgba(13,0,24,1)
0,4: (3341,0,8738,65535)  #0D0022FF  srgba(13,0,34,1)
1,4: (3598,0,2570,65535)  #0E000AFF  srgba(14,0,10,1)
2,4: (3598,0,3598,65535)  #0E000EFF  srgba(14,0,14,1)
3,4: (3598,0,7967,65535)  #0E001FFF  srgba(14,0,31,1)
4,4: (3598,1542,12593,65535)  #0E0631FF  srgba(14,6,49,1)
5,4: (3855,0,2570,65535)  #0F000AFF  srgba(15,0,10,1)
6,4: (3855,0,2827,65535)  #0F000BFF  srgba(15,0,11,1)
7,4: (3855,0,3341,65535)  #0F000DFF  srgba(15,0,13,1)
8,4: (3855,0,5654,65535)  #0F0016FF  srgba(15,0,22,1)
9,4: (3855,771,10537,65535)  #0F0329FF  srgba(15,3,41,1)
10,4: (3855,5140,13621,65535)  #0F1435FF  srgba(15,20,53,1)
11,4: (4112,2827,13364,65535)  #100B34FF  srgba(16,11,52,1)
12,4: (4112,6168,19018,65535)  #10184AFF  srgba(16,24,74,1)
13,4: (4369,0,2570,65535)  #11000AFF  srgba(17,0,10,1)
14,4: (4369,0,3855,65535)  #11000FFF  srgba(17,0,15,1)
15,4: (4369,0,4626,65535)  #110012FF  srgba(17,0,18,1)
0,5: (4369,0,5654,65535)  #110016FF  srgba(17,0,22,1)
1,5: (4369,0,8224,65535)  #110020FF  srgba(17,0,32,1)
2,5: (4369,0,10023,65535)  #110027FF  srgba(17,0,39,1)
3,5: (4369,6939,4112,65535)  #111B10FF  srgba(17,27,16,1)
4,5: (4626,0,4626,65535)  #120012FF  srgba(18,0,18,1)
5,5: (4626,514,8738,65535)  #120222FF  srgba(18,2,34,1)
6,5: (4883,0,3855,65535)  #13000FFF  srgba(19,0,15,1)
7,5: (4883,0,4112,65535)  #130010FF  srgba(19,0,16,1)
8,5: (4883,0,4883,65535)  #130013FF  srgba(19,0,19,1)
9,5: (4883,0,5397,65535)  #130015FF  srgba(19,0,21,1)
10,5: (4883,4626,16448,65535)  #131240FF  srgba(19,18,64,1)
11,5: (5140,0,4112,65535)  #140010FF  srgba(20,0,16,1)
12,5: (5140,0,5654,65535)  #140016FF  srgba(20,0,22,1)
13,5: (5140,8224,25186,65535)  #142062FF  srgba(20,32,98,1)
14,5: (5397,0,4883,65535)  #150013FF  srgba(21,0,19,1)
15,5: (5397,0,5397,65535)  #150015FF  srgba(21,0,21,1)
0,6: (5654,0,2056,65535)  #160008FF  srgba(22,0,8,1)
1,6: (5654,0,5654,65535)  #160016FF  srgba(22,0,22,1)
2,6: (5654,0,6425,65535)  #160019FF  srgba(22,0,25,1)
3,6: (5654,1285,13107,65535)  #160533FF  srgba(22,5,51,1)
4,6: (5654,2827,15677,65535)  #160B3DFF  srgba(22,11,61,1)
5,6: (5911,0,4883,65535)  #170013FF  srgba(23,0,19,1)
6,6: (5911,0,5140,65535)  #170014FF  srgba(23,0,20,1)
7,6: (5911,0,8738,65535)  #170022FF  srgba(23,0,34,1)
8,6: (5911,3341,5654,65535)  #170D16FF  srgba(23,13,22,1)
9,6: (5911,4369,18504,65535)  #171148FF  srgba(23,17,72,1)
10,6: (5911,7453,22873,65535)  #171D59FF  srgba(23,29,89,1)
11,6: (6168,0,4883,65535)  #180013FF  srgba(24,0,19,1)
12,6: (6168,0,5911,65535)  #180017FF  srgba(24,0,23,1)
13,6: (6425,0,7967,65535)  #19001FFF  srgba(25,0,31,1)
14,6: (6425,514,10794,65535)  #19022AFF  srgba(25,2,42,1)
15,6: (6682,0,6425,65535)  #1A0019FF  srgba(26,0,25,1)
0,7: (6682,0,10280,65535)  #1A0028FF  srgba(26,0,40,1)
1,7: (6682,5654,21845,65535)  #1A1655FF  srgba(26,22,85,1)
2,7: (6939,0,5654,65535)  #1B0016FF  srgba(27,0,22,1)
3,7: (7196,0,5397,65535)  #1C0015FF  srgba(28,0,21,1)
4,7: (7196,0,5654,65535)  #1C0016FF  srgba(28,0,22,1)
5,7: (7196,0,7196,65535)  #1C001CFF  srgba(28,0,28,1)
6,7: (7196,7196,6425,65535)  #1C1C19FF  srgba(28,28,25,1)
7,7: (7453,0,6425,65535)  #1D0019FF  srgba(29,0,25,1)
8,7: (7453,514,13364,65535)  #1D0234FF  srgba(29,2,52,1)
9,7: (7967,0,5397,65535)  #1F0015FF  srgba(31,0,21,1)
10,7: (7967,0,7710,65535)  #1F001EFF  srgba(31,0,30,1)
11,7: (7967,0,8738,65535)  #1F0022FF  srgba(31,0,34,1)
12,7: (8224,0,6425,65535)  #200019FF  srgba(32,0,25,1)
13,7: (8224,0,10280,65535)  #200028FF  srgba(32,0,40,1)
14,7: (8224,1799,15934,65535)  #20073EFF  srgba(32,7,62,1)
15,7: (8481,0,6939,65535)  #21001BFF  srgba(33,0,27,1)
0,8: (8481,7967,27499,65535)  #211F6BFF  srgba(33,31,107,1)
1,8: (8738,0,6168,65535)  #220018FF  srgba(34,0,24,1)
2,8: (8738,0,7710,65535)  #22001EFF  srgba(34,0,30,1)
3,8: (8995,0,6939,65535)  #23001BFF  srgba(35,0,27,1)
4,8: (8995,0,7710,65535)  #23001EFF  srgba(35,0,30,1)
5,8: (8995,0,7967,65535)  #23001FFF  srgba(35,0,31,1)
6,8: (8995,6682,25443,65535)  #231A63FF  srgba(35,26,99,1)
7,8: (8995,8738,8481,65535)  #232221FF  srgba(35,34,33,1)
8,8: (9252,0,8995,65535)  #240023FF  srgba(36,0,35,1)
9,8: (9509,0,6939,65535)  #25001BFF  srgba(37,0,27,1)
10,8: (9509,0,6939,65535)  #25001BFF  srgba(37,0,27,1)
11,8: (9509,0,8224,65535)  #250020FF  srgba(37,0,32,1)
12,8: (9509,0,10280,65535)  #250028FF  srgba(37,0,40,1)
13,8: (9509,0,13107,65535)  #250033FF  srgba(37,0,51,1)
14,8: (9509,2827,18761,65535)  #250B49FF  srgba(37,11,73,1)
15,8: (9766,8738,30583,65535)  #262277FF  srgba(38,34,119,1)
0,9: (10023,0,6425,65535)  #270019FF  srgba(39,0,25,1)
1,9: (10023,0,11051,65535)  #27002BFF  srgba(39,0,43,1)
2,9: (10023,4626,22359,65535)  #271257FF  srgba(39,18,87,1)
3,9: (10537,0,8738,65535)  #290022FF  srgba(41,0,34,1)
4,9: (10537,0,8995,65535)  #290023FF  srgba(41,0,35,1)
5,9: (10537,771,15934,65535)  #29033EFF  srgba(41,3,62,1)
6,9: (10537,9509,10280,65535)  #292528FF  srgba(41,37,40,1)
7,9: (10794,0,10280,65535)  #2A0028FF  srgba(42,0,40,1)
8,9: (11051,0,13107,65535)  #2B0033FF  srgba(43,0,51,1)
9,9: (11565,0,10023,65535)  #2D0027FF  srgba(45,0,39,1)
10,9: (12079,0,5911,65535)  #2F0017FF  srgba(47,0,23,1)
11,9: (12079,0,8995,65535)  #2F0023FF  srgba(47,0,35,1)
12,9: (12079,0,9509,65535)  #2F0025FF  srgba(47,0,37,1)
13,9: (12336,0,9252,65535)  #300024FF  srgba(48,0,36,1)
14,9: (12336,0,10537,65535)  #300029FF  srgba(48,0,41,1)
15,9: (12336,0,11565,65535)  #30002DFF  srgba(48,0,45,1)
0,10: (12850,0,9509,65535)  #320025FF  srgba(50,0,37,1)
1,10: (12850,0,11308,65535)  #32002CFF  srgba(50,0,44,1)
2,10: (12850,0,14906,65535)  #32003AFF  srgba(50,0,58,1)
3,10: (12850,514,14649,65535)  #320239FF  srgba(50,2,57,1)
4,10: (12850,3341,20303,65535)  #320D4FFF  srgba(50,13,79,1)
5,10: (13107,0,12593,65535)  #330031FF  srgba(51,0,49,1)
6,10: (13107,0,14135,65535)  #330037FF  srgba(51,0,55,1)
7,10: (13107,0,14392,65535)  #330038FF  srgba(51,0,56,1)
8,10: (13107,5140,24929,65535)  #331461FF  srgba(51,20,97,1)
9,10: (13364,0,12593,65535)  #340031FF  srgba(52,0,49,1)
10,10: (13364,10537,35209,65535)  #342989FF  srgba(52,41,137,1)
11,10: (13621,0,12079,65535)  #35002FFF  srgba(53,0,47,1)
12,10: (13621,1542,15934,65535)  #35063EFF  srgba(53,6,62,1)
13,10: (13878,0,13878,65535)  #360036FF  srgba(54,0,54,1)
14,10: (13878,0,14649,65535)  #360039FF  srgba(54,0,57,1)
15,10: (14392,1542,20046,65535)  #38064EFF  srgba(56,6,78,1)
0,11: (14392,5911,13107,65535)  #381733FF  srgba(56,23,51,1)
1,11: (14392,7196,28784,65535)  #381C70FF  srgba(56,28,112,1)
2,11: (14649,0,12079,65535)  #39002FFF  srgba(57,0,47,1)
3,11: (14906,0,13621,65535)  #3A0035FF  srgba(58,0,53,1)
4,11: (14906,0,15677,65535)  #3A003DFF  srgba(58,0,61,1)
5,11: (14906,257,14392,65535)  #3A0138FF  srgba(58,1,56,1)
6,11: (14906,4369,22873,65535)  #3A1159FF  srgba(58,17,89,1)
7,11: (14906,7967,32639,65535)  #3A1F7FFF  srgba(58,31,127,1)
8,11: (15163,0,12079,65535)  #3B002FFF  srgba(59,0,47,1)
9,11: (15163,0,14392,65535)  #3B0038FF  srgba(59,0,56,1)
10,11: (15420,0,14906,65535)  #3C003AFF  srgba(60,0,58,1)
11,11: (15420,8481,15420,65535)  #3C213CFF  srgba(60,33,60,1)
12,11: (15677,0,11308,65535)  #3D002CFF  srgba(61,0,44,1)
13,11: (15677,0,14135,65535)  #3D0037FF  srgba(61,0,55,1)
14,11: (15677,771,19789,65535)  #3D034DFF  srgba(61,3,77,1)
15,11: (15934,0,14649,65535)  #3E0039FF  srgba(62,0,57,1)
0,12: (16191,0,14906,65535)  #3F003AFF  srgba(63,0,58,1)
1,12: (16448,0,13621,65535)  #400035FF  srgba(64,0,53,1)
2,12: (16705,0,15677,65535)  #41003DFF  srgba(65,0,61,1)
3,12: (16705,0,16191,65535)  #41003FFF  srgba(65,0,63,1)
4,12: (16705,4369,28270,65535)  #41116EFF  srgba(65,17,110,1)
5,12: (16705,10537,36494,65535)  #41298EFF  srgba(65,41,142,1)
6,12: (16962,0,14649,65535)  #420039FF  srgba(66,0,57,1)
7,12: (16962,0,15677,65535)  #42003DFF  srgba(66,0,61,1)
8,12: (16962,0,19275,65535)  #42004BFF  srgba(66,0,75,1)
9,12: (17219,0,16705,65535)  #430041FF  srgba(67,0,65,1)
10,12: (17219,2570,22616,65535)  #430A58FF  srgba(67,10,88,1)
11,12: (17476,0,19275,65535)  #44004BFF  srgba(68,0,75,1)
12,12: (17990,0,14906,65535)  #46003AFF  srgba(70,0,58,1)
13,12: (17990,0,15677,65535)  #46003DFF  srgba(70,0,61,1)
14,12: (17990,0,17219,65535)  #460043FF  srgba(70,0,67,1)
15,12: (17990,0,19275,65535)  #46004BFF  srgba(70,0,75,1)
0,13: (18247,0,14649,65535)  #470039FF  srgba(71,0,57,1)
1,13: (18247,4369,25186,65535)  #471162FF  srgba(71,17,98,1)
2,13: (19018,0,14906,65535)  #4A003AFF  srgba(74,0,58,1)
3,13: (19018,1542,15934,65535)  #4A063EFF  srgba(74,6,62,1)
4,13: (19018,1542,22873,65535)  #4A0659FF  srgba(74,6,89,1)
5,13: (19018,3341,20046,65535)  #4A0D4EFF  srgba(74,13,78,1)
6,13: (19532,0,15934,65535)  #4C003EFF  srgba(76,0,62,1)
7,13: (19532,0,17990,65535)  #4C0046FF  srgba(76,0,70,1)
8,13: (19532,2313,25186,65535)  #4C0962FF  srgba(76,9,98,1)
9,13: (19789,0,15163,65535)  #4D003BFF  srgba(77,0,59,1)
10,13: (19789,0,19018,65535)  #4D004AFF  srgba(77,0,74,1)
11,13: (19789,514,15677,65535)  #4D023DFF  srgba(77,2,61,1)
12,13: (19789,1542,20303,65535)  #4D064FFF  srgba(77,6,79,1)
13,13: (20046,0,16962,65535)  #4E0042FF  srgba(78,0,66,1)
14,13: (20046,0,17733,65535)  #4E0045FF  srgba(78,0,69,1)
15,13: (20046,6939,32896,65535)  #4E1B80FF  srgba(78,27,128,1)
0,14: (20303,0,19532,65535)  #4F004CFF  srgba(79,0,76,1)
1,14: (20303,514,22616,65535)  #4F0258FF  srgba(79,2,88,1)
2,14: (20303,771,20303,65535)  #4F034FFF  srgba(79,3,79,1)
3,14: (20303,1028,24672,65535)  #4F0460FF  srgba(79,4,96,1)
4,14: (20560,0,15163,65535)  #50003BFF  srgba(80,0,59,1)
5,14: (21074,0,19532,65535)  #52004CFF  srgba(82,0,76,1)
6,14: (21074,0,19532,65535)  #52004CFF  srgba(82,0,76,1)
7,14: (22102,0,16448,65535)  #560040FF  srgba(86,0,64,1)
8,14: (22102,0,20046,65535)  #56004EFF  srgba(86,0,78,1)
9,14: (22102,4112,28527,65535)  #56106FFF  srgba(86,16,111,1)
10,14: (22616,0,22359,65535)  #580057FF  srgba(88,0,87,1)
11,14: (23387,0,20303,65535)  #5B004FFF  srgba(91,0,79,1)
12,14: (23901,0,20560,65535)  #5D0050FF  srgba(93,0,80,1)
13,14: (23901,771,25186,65535)  #5D0362FF  srgba(93,3,98,1)
14,14: (24158,0,20560,65535)  #5E0050FF  srgba(94,0,80,1)
15,14: (24158,0,22873,65535)  #5E0059FF  srgba(94,0,89,1)
0,15: (24158,1285,27242,65535)  #5E056AFF  srgba(94,5,106,1)
1,15: (24415,0,24415,65535)  #5F005FFF  srgba(95,0,95,1)
2,15: (24929,0,22616,65535)  #610058FF  srgba(97,0,88,1)
3,15: (26985,0,21845,65535)  #690055FF  srgba(105,0,85,1)
4,15: (27242,0,23644,65535)  #6A005CFF  srgba(106,0,92,1)
5,15: (27499,0,25700,65535)  #6B0064FF  srgba(107,0,100,1)
6,15: (27756,0,24415,65535)  #6C005FFF  srgba(108,0,95,1)
7,15: (29041,0,27499,65535)  #71006BFF  srgba(113,0,107,1)
8,15: (29298,0,27756,65535)  #72006CFF  srgba(114,0,108,1)
9,15: (29555,0,25957,65535)  #730065FF  srgba(115,0,101,1)
10,15: (31097,0,29041,65535)  #790071FF  srgba(121,0,113,1)
11,15: (31097,514,30326,65535)  #790276FF  srgba(121,2,118,1)
12,15: (31611,0,27756,65535)  #7B006CFF  srgba(123,0,108,1)
13,15: (32382,0,30326,65535)  #7E0076FF  srgba(126,0,118,1)
14,15: (33410,0,30069,65535)  #820075FF  srgba(130,0,117,1)
15,15: (0,65535,0,0)  #00FF0000  srgba(0,255,0,0)
