# ImageMagick pixel enumeration: 16,16,65535,srgba
0,0: (0,257,0,65535)  #000100FF  srgba(0,1,0,1)
1,0: (0,2827,0,65535)  #000B00FF  srgba(0,11,0,1)
2,0: (0,11822,27756,65535)  #002E6CFF  srgba(0,46,108,1)
3,0: (0,12593,35466,65535)  #00318AFF  srgba(0,49,138,1)
4,0: (0,13878,2056,65535)  #003608FF  srgba(0,54,8,1)
5,0: (0,15677,3341,65535)  #003D0DFF  srgba(0,61,13,1)
6,0: (0,16191,5140,65535)  #003F14FF  srgba(0,63,20,1)
7,0: (0,19532,22102,65535)  #004C56FF  srgba(0,76,86,1)
8,0: (0,20560,3598,65535)  #00500EFF  srgba(0,80,14,1)
9,0: (0,21331,27499,65535)  #00536BFF  srgba(0,83,107,1)
10,0: (0,21845,5654,65535)  #005516FF  srgba(0,85,22,1)
11,0: (0,23644,33924,65535)  #005C84FF  srgba(0,92,132,1)
12,0: (0,26214,5140,65535)  #006614FF  srgba(0,102,20,1)
13,0: (0,26728,22102,65535)  #006856FF  srgba(0,104,86,1)
14,0: (0,26985,27499,65535)  #00696BFF  srgba(0,105,107,1)
15,0: (0,27242,6939,65535)  #006A1BFF  srgba(0,106,27,1)
0,1: (0,30583,6939,65535)  #00771BFF  srgba(0,119,27,1)
1,1: (0,30583,6939,65535)  #00771BFF  srgba(0,119,27,1)
2,1: (0,30840,19275,65535)  #00784BFF  srgba(0,120,75,1)
3,1: (0,31097,11051,65535)  #00792BFF  srgba(0,121,43,1)
4,1: (0,31097,13364,65535)  #007934FF  srgba(0,121,52,1)
5,1: (0,32639,7196,65535)  #007F1CFF  srgba(0,127,28,1)
6,1: (0,33667,7453,65535)  #00831DFF  srgba(0,131,29,1)
7,1: (257,0,771,65535)  #010003FF  srgba(1,0,3,1)
8,1: (257,0,1285,65535)  #010005FF  srgba(1,0,5,1)
9,1: (257,0,2570,65535)  #01000AFF  srgba(1,0,10,1)
10,1: (257,3084,514,65535)  #010C02FF  srgba(1,12,2,1)
11,1: (257,5911,27499,65535)  #01176BFF  srgba(1,23,107,1)
12,1: (257,6168,257,65535)  #011801FF  srgba(1,24,1,1)
13,1: (257,8995,514,65535)  #012302FF  srgba(1,35,2,1)
14,1: (257,12336,16705,65535)  #013041FF  srgba(1,48,65,1)
15,1: (257,13878,2570,65535)  #01360AFF  srgba(1,54,10,1)
0,2: (257,15677,27756,65535)  #013D6CFF  srgba(1,61,108,1)
1,2: (257,16191,4369,65535)  #013F11FF  srgba(1,63,17,1)
2,2: (257,16705,12336,65535)  #014130FF  srgba(1,65,48,1)
3,2: (257,16705,17733,65535)  #014145FF  srgba(1,65,69,1)
4,2: (257,20817,4883,65535)  #015113FF  srgba(1,81,19,1)
5,2: (257,22359,17476,65535)  #015744FF  srgba(1,87,68,1)
6,2: (257,22616,12079,65535)  #01582FFF  srgba(1,88,47,1)
7,2: (257,26728,6168,65535)  #016818FF  srgba(1,104,24,1)
8,2: (257,27499,12079,65535)  #016B2FFF  srgba(1,107,47,1)
9,2: (257,27499,17219,65535)  #016B43FF  srgba(1,107,67,1)
10,2: (257,31097,16448,65535)  #017940FF  srgba(1,121,64,1)
11,2: (257,32382,7710,65535)  #017E1EFF  srgba(1,126,30,1)
12,2: (514,3341,2313,65535)  #020D09FF  srgba(2,13,9,1)
13,2: (514,8995,1285,65535)  #022305FF  srgba(2,35,5,1)
14,2: (514,9509,2056,65535)  #022508FF  srgba(2,37,8,1)
15,2: (514,12079,42919,65535)  #022FA7FF  srgba(2,47,167,1)
0,3: (514,12593,40606,65535)  #02319EFF  srgba(2,49,158,1)
1,3: (514,13107,35723,65535)  #02338BFF  srgba(2,51,139,1)
2,3: (514,13364,22359,65535)  #023457FF  srgba(2,52,87,1)
3,3: (514,21845,41634,65535)  #0255A2FF  srgba(2,85,162,1)
4,3: (514,23130,37779,65535)  #025A93FF  srgba(2,90,147,1)
5,3: (514,24415,27756,65535)  #025F6CFF  srgba(2,95,108,1)
6,3: (514,30583,7453,65535)  #02771DFF  srgba(2,119,29,1)
7,3: (514,30840,31868,65535)  #02787CFF  srgba(2,120,124,1)
8,3: (514,31354,11051,65535)  #027A2BFF  srgba(2,122,43,1)
9,3: (514,33924,8224,65535)  #028420FF  srgba(2,132,32,1)
10,3: (771,6168,17219,65535)  #031843FF  srgba(3,24,67,1)
11,3: (771,11822,45746,65535)  #032EB2FF  srgba(3,46,178,1)
12,3: (771,37008,8481,65535)  #039021FF  srgba(3,144,33,1)
13,3: (1028,8224,4369,65535)  #042011FF  srgba(4,32,17,1)
14,3: (1028,14392,3598,65535)  #04380EFF  srgba(4,56,14,1)
15,3: (1028,20560,5397,65535)  #045015FF  srgba(4,80,21,1)
0,4: (1028,23901,33924,65535)  #045D84FF  srgba(4,93,132,1)
1,4: (1028,26728,6939,65535)  #04681BFF  srgba(4,104,27,1)
2,4: (1285,0,1028,65535)  #050004FF  srgba(5,0,4,1)
3,4: (1285,24158,27756,65535)  #055E6CFF  srgba(5,94,108,1)
4,4: (1285,30326,23901,65535)  #05765DFF  srgba(5,118,93,1)
5,4: (1799,0,2827,65535)  #07000BFF  srgba(7,0,11,1)
6,4: (1799,5397,22102,65535)  #071556FF  srgba(7,21,86,1)
7,4: (1799,13364,27756,65535)  #07346CFF  srgba(7,52,108,1)
8,4: (2056,23901,27499,65535)  #085D6BFF  srgba(8,93,107,1)
9,4: (2056,30583,7710,65535)  #08771EFF  srgba(8,119,30,1)
10,4: (2570,1028,16705,65535)  #0A0441FF  srgba(10,4,65,1)
11,4: (2570,5140,11565,65535)  #0A142DFF  srgba(10,20,45,1)
12,4: (2570,11051,34952,65535)  #0A2B88FF  srgba(10,43,136,1)
13,4: (2570,32382,23644,65535)  #0A7E5CFF  srgba(10,126,92,1)
14,4: (2827,0,0,65535)  #0B0000FF  srgba(11,0,0,1)
15,4: (2827,30840,14906,65535)  #0B783AFF  srgba(11,120,58,1)
0,5: (3084,257,11308,65535)  #0C012CFF  srgba(12,1,44,1)
1,5: (3598,32639,7967,65535)  #0E7F1FFF  srgba(14,127,31,1)
2,5: (4112,33410,19018,65535)  #10824AFF  srgba(16,130,74,1)
3,5: (4369,13878,5140,65535)  #113614FF  srgba(17,54,20,1)
4,5: (4369,19532,5140,65535)  #114C14FF  srgba(17,76,20,1)
5,5: (4626,8224,2056,65535)  #122008FF  srgba(18,32,8,1)
6,5: (4626,20046,22102,65535)  #124E56FF  srgba(18,78,86,1)
7,5: (4626,37522,10794,65535)  #12922AFF  srgba(18,146,42,1)
8,5: (4883,7196,514,65535)  #131C02FF  srgba(19,28,2,1)
9,5: (5140,12079,11051,65535)  #142F2BFF  srgba(20,47,43,1)
10,5: (5397,0,1799,65535)  #150007FF  srgba(21,0,7,1)
11,5: (5397,0,4369,65535)  #150011FF  srgba(21,0,17,1)
12,5: (5397,26471,22102,65535)  #156756FF  srgba(21,103,86,1)
13,5: (5654,26728,6682,65535)  #16681AFF  srgba(22,104,26,1)
14,5: (5911,3598,0,65535)  #170E00FF  srgba(23,14,0,1)
15,5: (5911,4369,1285,65535)  #171105FF  srgba(23,17,5,1)
0,6: (5911,9509,7453,65535)  #17251DFF  srgba(23,37,29,1)
1,6: (6425,0,771,65535)  #190003FF  srgba(25,0,3,1)
2,6: (7196,0,0,65535)  #1C0000FF  srgba(28,0,0,1)
3,6: (7196,31354,11051,65535)  #1C7A2BFF  srgba(28,122,43,1)
4,6: (7967,30840,19018,65535)  #1F784AFF  srgba(31,120,74,1)
5,6: (8481,15163,7967,65535)  #213B1FFF  srgba(33,59,31,1)
6,6: (8481,34181,8481,65535)  #218521FF  srgba(33,133,33,1)
7,6: (8995,20817,7710,65535)  #23511EFF  srgba(35,81,30,1)
8,6: (8995,32382,13364,65535)  #237E34FF  srgba(35,126,52,1)
9,6: (9509,3341,26471,65535)  #250D67FF  srgba(37,13,103,1)
10,6: (9509,4626,1285,65535)  #251205FF  srgba(37,18,5,1)
11,6: (9509,30583,7967,65535)  #25771FFF  srgba(37,119,31,1)
12,6: (10023,36237,14649,65535)  #278D39FF  srgba(39,141,57,1)
13,6: (10023,36751,8738,65535)  #278F22FF  srgba(39,143,34,1)
14,6: (10280,2313,514,65535)  #280902FF  srgba(40,9,2,1)
15,6: (10280,37779,11308,65535)  #28932CFF  srgba(40,147,44,1)
0,7: (10537,21845,11051,65535)  #29552BFF  srgba(41,85,43,1)
1,7: (10537,41377,8995,65535)  #29A123FF  srgba(41,161,35,1)
2,7: (10794,16448,12850,65535)  #2A4032FF  srgba(42,64,50,1)
3,7: (10794,26728,8481,65535)  #2A6821FF  srgba(42,104,33,1)
4,7: (11051,26214,14392,65535)  #2B6638FF  srgba(43,102,56,1)
5,7: (11051,27242,10794,65535)  #2B6A2AFF  srgba(43,106,42,1)
6,7: (11565,12850,12850,65535)  #2D3232FF  srgba(45,50,50,1)
7,7: (11565,21074,13878,65535)  #2D5236FF  srgba(45,82,54,1)
8,7: (12079,257,0,65535)  #2F0100FF  srgba(47,1,0,1)
9,7: (12079,32896,16448,65535)  #2F8040FF  srgba(47,128,64,1)
10,7: (12336,257,514,65535)  #300102FF  srgba(48,1,2,1)
11,7: (12336,257,2570,65535)  #30010AFF  srgba(48,1,10,1)
12,7: (12336,39578,13364,65535)  #309A34FF  srgba(48,154,52,1)
13,7: (12593,3855,16448,65535)  #310F40FF  srgba(49,15,64,1)
14,7: (12850,8995,15677,65535)  #32233DFF  srgba(50,35,61,1)
15,7: (13107,514,1028,65535)  #330204FF  srgba(51,2,4,1)
0,8: (13621,12336,17219,65535)  #353043FF  srgba(53,48,67,1)
1,8: (13878,16962,15677,65535)  #36423DFF  srgba(54,66,61,1)
2,8: (13878,23130,13364,65535)  #365A34FF  srgba(54,90,52,1)
3,8: (14135,2313,514,65535)  #370902FF  srgba(55,9,2,1)
4,8: (14135,9766,25443,65535)  #372663FF  srgba(55,38,99,1)
5,8: (14135,24158,25957,65535)  #375E65FF  srgba(55,94,101,1)
6,8: (14135,27756,12593,65535)  #376C31FF  srgba(55,108,49,1)
7,8: (14135,32125,11308,65535)  #377D2CFF  srgba(55,125,44,1)
8,8: (14135,37522,11308,65535)  #37922CFF  srgba(55,146,44,1)
9,8: (14392,21331,16705,65535)  #385341FF  srgba(56,83,65,1)
10,8: (14392,26471,16962,65535)  #386742FF  srgba(56,103,66,1)
11,8: (14392,41891,11565,65535)  #38A32DFF  srgba(56,163,45,1)
12,8: (14649,49087,13107,65535)  #39BF33FF  srgba(57,191,51,1)
13,8: (14906,47031,11308,65535)  #3AB72CFF  srgba(58,183,44,1)
14,8: (14906,51914,12079,65535)  #3ACA2FFF  srgba(58,202,47,1)
15,8: (15163,35466,13364,65535)  #3B8A34FF  srgba(59,138,52,1)
0,9: (15163,40349,14649,65535)  #3B9D39FF  srgba(59,157,57,1)
1,9: (15163,42662,13364,65535)  #3BA634FF  srgba(59,166,52,1)
2,9: (15163,50115,11822,65535)  #3BC32EFF  srgba(59,195,46,1)
3,9: (15420,32125,14906,65535)  #3C7D3AFF  srgba(60,125,58,1)
4,9: (15420,52942,13364,65535)  #3CCE34FF  srgba(60,206,52,1)
5,9: (15677,7196,21588,65535)  #3D1C54FF  srgba(61,28,84,1)
6,9: (15677,42662,16448,65535)  #3DA640FF  srgba(61,166,64,1)
7,9: (15934,46774,14906,65535)  #3EB63AFF  srgba(62,182,58,1)
8,9: (16191,34952,19018,65535)  #3F884AFF  srgba(63,136,74,1)
9,9: (16191,46517,11565,65535)  #3FB52DFF  srgba(63,181,45,1)
10,9: (16191,48059,13364,65535)  #3FBB34FF  srgba(63,187,52,1)
11,9: (16191,52942,14649,65535)  #3FCE39FF  srgba(63,206,57,1)
12,9: (16448,771,771,65535)  #400303FF  srgba(64,3,3,1)
13,9: (16448,8481,18247,65535)  #402147FF  srgba(64,33,71,1)
14,9: (16448,19789,17219,65535)  #404D43FF  srgba(64,77,67,1)
15,9: (16448,21331,21845,65535)  #405355FF  srgba(64,83,85,1)
0,10: (16448,30583,18761,65535)  #407749FF  srgba(64,119,73,1)
1,10: (16448,31868,16448,65535)  #407C40FF  srgba(64,124,64,1)
2,10: (16448,34438,13364,65535)  #408634FF  srgba(64,134,52,1)
3,10: (16448,36494,11822,65535)  #408E2EFF  srgba(64,142,46,1)
4,10: (16448,38036,14906,65535)  #40943AFF  srgba(64,148,58,1)
5,10: (16448,40349,11822,65535)  #409D2EFF  srgba(64,157,46,1)
6,10: (16448,40863,13364,65535)  #409F34FF  srgba(64,159,52,1)
7,10: (16448,43176,11565,65535)  #40A82DFF  srgba(64,168,45,1)
8,10: (16448,44461,18504,65535)  #40AD48FF  srgba(64,173,72,1)
9,10: (16705,27499,15163,65535)  #416B3BFF  srgba(65,107,59,1)
10,10: (16705,31354,14906,65535)  #417A3AFF  srgba(65,122,58,1)
11,10: (16705,51914,16448,65535)  #41CA40FF  srgba(65,202,64,1)
12,10: (16962,13364,18504,65535)  #423448FF  srgba(66,52,72,1)
13,10: (17219,25957,18761,65535)  #436549FF  srgba(67,101,73,1)
14,10: (17219,27242,17219,65535)  #436A43FF  srgba(67,106,67,1)
15,10: (17219,43176,12593,65535)  #43A831FF  srgba(67,168,49,1)
0,11: (17476,1542,771,65535)  #440603FF  srgba(68,6,3,1)
1,11: (17476,15677,18247,65535)  #443D47FF  srgba(68,61,71,1)
2,11: (17476,32382,14906,65535)  #447E3AFF  srgba(68,126,58,1)
3,11: (17476,36751,13364,65535)  #448F34FF  srgba(68,143,52,1)
4,11: (17476,40092,12593,65535)  #449C31FF  srgba(68,156,49,1)
5,11: (17733,2827,2570,65535)  #450B0AFF  srgba(69,11,10,1)
6,11: (17733,4369,22616,65535)  #451158FF  srgba(69,17,88,1)
7,11: (17733,11051,21845,65535)  #452B55FF  srgba(69,43,85,1)
8,11: (17990,20817,21331,65535)  #465153FF  srgba(70,81,83,1)
9,11: (17990,52685,15420,65535)  #46CD3CFF  srgba(70,205,60,1)
10,11: (17990,52685,17990,65535)  #46CD46FF  srgba(70,205,70,1)
11,11: (18247,30583,17990,65535)  #477746FF  srgba(71,119,70,1)
12,11: (18247,32639,15163,65535)  #477F3BFF  srgba(71,127,59,1)
13,11: (18504,4112,24672,65535)  #481060FF  srgba(72,16,96,1)
14,11: (18504,20046,18504,65535)  #484E48FF  srgba(72,78,72,1)
15,11: (18504,35209,18247,65535)  #488947FF  srgba(72,137,71,1)
0,12: (18504,36751,13878,65535)  #488F36FF  srgba(72,143,54,1)
1,12: (18504,40349,13364,65535)  #489D34FF  srgba(72,157,52,1)
2,12: (18504,47031,14906,65535)  #48B73AFF  srgba(72,183,58,1)
3,12: (18761,771,771,65535)  #490303FF  srgba(73,3,3,1)
4,12: (18761,26985,17990,65535)  #496946FF  srgba(73,105,70,1)
5,12: (18761,43690,14392,65535)  #49AA38FF  srgba(73,170,56,1)
6,12: (19018,12079,19532,65535)  #4A2F4CFF  srgba(74,47,76,1)
7,12: (19018,20046,20046,65535)  #4A4E4EFF  srgba(74,78,78,1)
8,12: (19018,25443,19789,65535)  #4A634DFF  srgba(74,99,77,1)
9,12: (19018,44975,18504,65535)  #4AAF48FF  srgba(74,175,72,1)
10,12: (19275,7967,22359,65535)  #4B1F57FF  srgba(75,31,87,1)
11,12: (19275,17476,21331,65535)  #4B4453FF  srgba(75,68,83,1)
12,12: (19275,23387,21331,65535)  #4B5B53FF  srgba(75,91,83,1)
13,12: (19532,5654,24929,65535)  #4C1661FF  srgba(76,22,97,1)
14,12: (19532,12850,21845,65535)  #4C3255FF  srgba(76,50,85,1)
15,12: (19789,1542,1799,65535)  #4D0607FF  srgba(77,6,7,1)
0,13: (19789,52428,19275,65535)  #4DCC4BFF  srgba(77,204,75,1)
1,13: (20046,31868,19532,65535)  #4E7C4CFF  srgba(78,124,76,1)
2,13: (20303,16962,21845,65535)  #4F4255FF  srgba(79,66,85,1)
3,13: (20303,36751,18504,65535)  #4F8F48FF  srgba(79,143,72,1)
4,13: (20560,11565,22616,65535)  #502D58FF  srgba(80,45,88,1)
5,13: (20560,23901,22102,65535)  #505D56FF  srgba(80,93,86,1)
6,13: (20817,7710,23644,65535)  #511E5CFF  srgba(81,30,92,1)
7,13: (21074,4883,25700,65535)  #521364FF  srgba(82,19,100,1)
8,13: (21074,50115,23387,65535)  #52C35BFF  srgba(82,195,91,1)
9,13: (21331,1028,1028,65535)  #530404FF  srgba(83,4,4,1)
10,13: (21331,7710,25443,65535)  #531E63FF  srgba(83,30,99,1)
11,13: (21331,16962,22873,65535)  #534259FF  srgba(83,66,89,1)
12,13: (21331,31868,22359,65535)  #537C57FF  srgba(83,124,87,1)
13,13: (21331,42405,22616,65535)  #53A558FF  srgba(83,165,88,1)
14,13: (21588,4883,26985,65535)  #541369FF  srgba(84,19,105,1)
15,13: (21588,24672,22873,65535)  #546059FF  srgba(84,96,89,1)
0,14: (21845,37265,22359,65535)  #559157FF  srgba(85,145,87,1)
1,14: (22102,34181,20046,65535)  #56854EFF  srgba(86,133,78,1)
2,14: (22102,43176,25957,65535)  #56A865FF  srgba(86,168,101,1)
3,14: (22359,15420,25443,65535)  #573C63FF  srgba(87,60,99,1)
4,14: (22359,31097,24929,65535)  #577961FF  srgba(87,121,97,1)
5,14: (22359,35980,24929,65535)  #578C61FF  srgba(87,140,97,1)
6,14: (22616,38807,19789,65535)  #58974DFF  srgba(88,151,77,1)
7,14: (22616,43947,19275,65535)  #58AB4BFF  srgba(88,171,75,1)
8,14: (23130,25700,23644,65535)  #5A645CFF  srgba(90,100,92,1)
9,14: (23644,10537,28013,65535)  #5C296DFF  srgba(92,41,109,1)
10,14: (23901,26214,25443,65535)  #5D6663FF  srgba(93,102,99,1)
11,14: (24672,2056,1028,65535)  #600804FF  srgba(96,8,4,1)
12,14: (24672,24158,27242,65535)  #605E6AFF  srgba(96,94,106,1)
13,14: (24929,34695,24929,65535)  #618761FF  srgba(97,135,97,1)
14,14: (25443,2313,1799,65535)  #630907FF  srgba(99,9,7,1)
15,14: (26471,2827,2313,65535)  #670B09FF  srgba(103,11,9,1)
0,15: (26471,41634,24158,65535)  #67A25EFF  srgba(103,162,94,1)
1,15: (26728,21074,28784,65535)  #685270FF  srgba(104,82,112,1)
2,15: (26728,35723,25443,65535)  #688B63FF  srgba(104,139,99,1)
3,15: (27242,28270,28527,65535)  #6A6E6FFF  srgba(106,110,111,1)
4,15: (27242,31868,28784,65535)  #6A7C70FF  srgba(106,124,112,1)
5,15: (27499,14649,31868,65535)  #6B397CFF  srgba(107,57,124,1)
6,15: (27756,38293,28527,65535)  #6C956FFF  srgba(108,149,111,1)
7,15: (29555,26471,31868,65535)  #73677CFF  srgba(115,103,124,1)
8,15: (31097,37008,30326,65535)  #799076FF  srgba(121,144,118,1)
9,15: (31611,3341,2570,65535)  #7B0D0AFF  srgba(123,13,10,1)
10,15: (31611,17990,35980,65535)  #7B468CFF  srgba(123,70,140,1)
11,15: (32125,34952,33924,65535)  #7D8884FF  srgba(125,136,132,1)
12,15: (35723,27242,38550,65535)  #8B6A96FF  srgba(139,106,150,1)
13,15: (37008,34438,38036,65535)  #908694FF  srgba(144,134,148,1)
14,15: (37265,4112,3341,65535)  #91100DFF  srgba(145,16,13,1)
15,15: (0,65535,0,0)  #00FF0000  srgba(0,255,0,0)
