# ImageMagick pixel enumeration: 16,16,65535,srgba
0,0: (0,33153,23644,65535)  #00815CFF  srgba(0,129,92,1)
1,0: (0,33153,35723,65535)  #00818BFF  srgba(0,129,139,1)
2,0: (0,33924,32382,65535)  #00847EFF  srgba(0,132,126,1)
3,0: (0,33924,32639,65535)  #00847FFF  srgba(0,132,127,1)
4,0: (0,37779,35466,65535)  #00938AFF  srgba(0,147,138,1)
5,0: (0,37779,35723,65535)  #00938BFF  srgba(0,147,139,1)
6,0: (0,38293,33153,65535)  #009581FF  srgba(0,149,129,1)
7,0: (0,38550,30840,65535)  #009678FF  srgba(0,150,120,1)
8,0: (0,38807,32896,65535)  #009780FF  srgba(0,151,128,1)
9,0: (0,39835,30069,65535)  #009B75FF  srgba(0,155,117,1)
10,0: (0,39835,30583,65535)  #009B77FF  srgba(0,155,119,1)
11,0: (0,41377,30326,65535)  #00A176FF  srgba(0,161,118,1)
12,0: (0,43690,30840,65535)  #00AA78FF  srgba(0,170,120,1)
13,0: (0,44461,29298,65535)  #00AD72FF  srgba(0,173,114,1)
14,0: (0,44461,30840,65535)  #00AD78FF  srgba(0,173,120,1)
15,0: (0,44975,29298,65535)  #00AF72FF  srgba(0,175,114,1)
0,1: (0,44975,29555,65535)  #00AF73FF  srgba(0,175,115,1)
1,1: (0,45232,27756,65535)  #00B06CFF  srgba(0,176,108,1)
2,1: (0,45232,28784,65535)  #00B070FF  srgba(0,176,112,1)
3,1: (0,45489,25700,65535)  #00B164FF  srgba(0,177,100,1)
4,1: (0,46003,27499,65535)  #00B36BFF  srgba(0,179,107,1)
5,1: (0,46260,29041,65535)  #00B471FF  srgba(0,180,113,1)
6,1: (0,46774,25700,65535)  #00B664FF  srgba(0,182,100,1)
7,1: (0,46774,27499,65535)  #00B66BFF  srgba(0,182,107,1)
8,1: (0,47288,26985,65535)  #00B869FF  srgba(0,184,105,1)
9,1: (0,47545,25957,65535)  #00B965FF  srgba(0,185,101,1)
10,1: (0,47545,27242,65535)  #00B96AFF  srgba(0,185,106,1)
11,1: (0,47545,27242,65535)  #00B96AFF  srgba(0,185,106,1)
12,1: (0,47802,25957,65535)  #00BA65FF  srgba(0,186,101,1)
13,1: (0,47802,25957,65535)  #00BA65FF  srgba(0,186,101,1)
14,1: (0,48316,25700,65535)  #00BC64FF  srgba(0,188,100,1)
15,1: (0,48573,25700,65535)  #00BD64FF  srgba(0,189,100,1)
0,2: (0,49858,25186,65535)  #00C262FF  srgba(0,194,98,1)
1,2: (257,47545,25443,65535)  #01B963FF  srgba(1,185,99,1)
2,2: (771,30583,32125,65535)  #03777DFF  srgba(3,119,125,1)
3,2: (771,32125,37779,65535)  #037D93FF  srgba(3,125,147,1)
4,2: (1028,0,257,65535)  #040001FF  srgba(4,0,1,1)
5,2: (1799,26985,38036,65535)  #076994FF  srgba(7,105,148,1)
6,2: (1799,29555,35980,65535)  #07738CFF  srgba(7,115,140,1)
7,2: (1799,32896,35723,65535)  #07808BFF  srgba(7,128,139,1)
8,2: (1799,38807,29555,65535)  #079773FF  srgba(7,151,115,1)
9,2: (2313,21845,38293,65535)  #095595FF  srgba(9,85,149,1)
10,2: (2570,0,1542,65535)  #0A0006FF  srgba(10,0,6,1)
11,2: (2570,32639,24672,65535)  #0A7F60FF  srgba(10,127,96,1)
12,2: (2827,23387,36237,65535)  #0B5B8DFF  srgba(11,91,141,1)
13,2: (2827,24415,21331,65535)  #0B5F53FF  srgba(11,95,83,1)
14,2: (3084,32125,39835,65535)  #0C7D9BFF  srgba(12,125,155,1)
15,2: (3341,33410,30840,65535)  #0D8278FF  srgba(13,130,120,1)
0,3: (3598,27242,35980,65535)  #0E6A8CFF  srgba(14,106,140,1)
1,3: (3598,28013,31868,65535)  #0E6D7CFF  srgba(14,109,124,1)
2,3: (4112,25700,31354,65535)  #10647AFF  srgba(16,100,122,1)
3,3: (5140,37265,38293,65535)  #149195FF  srgba(20,145,149,1)
4,3: (6682,44975,44461,65535)  #1AAFADFF  srgba(26,175,173,1)
5,3: (6939,0,2570,65535)  #1B000AFF  srgba(27,0,10,1)
6,3: (6939,25957,40092,65535)  #1B659CFF  srgba(27,101,156,1)
7,3: (6939,30326,32125,65535)  #1B767DFF  srgba(27,118,125,1)
8,3: (7453,0,1028,65535)  #1D0004FF  srgba(29,0,4,1)
9,3: (7710,28527,23644,65535)  #1E6F5CFF  srgba(30,111,92,1)
10,3: (8738,25957,44461,65535)  #2265ADFF  srgba(34,101,173,1)
11,3: (8995,19532,40092,65535)  #234C9CFF  srgba(35,76,156,1)
12,3: (9252,33153,32125,65535)  #24817DFF  srgba(36,129,125,1)
13,3: (9509,32639,41891,65535)  #257FA3FF  srgba(37,127,163,1)
14,3: (10023,20046,21588,65535)  #274E54FF  srgba(39,78,84,1)
15,3: (10280,19789,42919,65535)  #284DA7FF  srgba(40,77,167,1)
0,4: (11051,0,2827,65535)  #2B000BFF  srgba(43,0,11,1)
1,4: (11308,32382,35980,65535)  #2C7E8CFF  srgba(44,126,140,1)
2,4: (11308,32639,47802,65535)  #2C7FBAFF  srgba(44,127,186,1)
3,4: (11565,31611,38036,65535)  #2D7B94FF  srgba(45,123,148,1)
4,4: (11822,38550,44204,65535)  #2E96ACFF  srgba(46,150,172,1)
5,4: (12336,22102,29555,65535)  #305673FF  srgba(48,86,115,1)
6,4: (12593,4883,10023,65535)  #311327FF  srgba(49,19,39,1)
7,4: (12850,29298,35980,65535)  #32728CFF  srgba(50,114,140,1)
8,4: (13107,32125,39835,65535)  #337D9BFF  srgba(51,125,155,1)
9,4: (13621,20817,38293,65535)  #355195FF  srgba(53,81,149,1)
10,4: (13621,27242,38036,65535)  #356A94FF  srgba(53,106,148,1)
11,4: (13621,28013,32896,65535)  #356D80FF  srgba(53,109,128,1)
12,4: (13621,30069,32896,65535)  #357580FF  srgba(53,117,128,1)
13,4: (13878,18247,29298,65535)  #364772FF  srgba(54,71,114,1)
14,4: (14135,0,2827,65535)  #37000BFF  srgba(55,0,11,1)
15,4: (14135,23387,36237,65535)  #375B8DFF  srgba(55,91,141,1)
0,5: (14135,25700,32639,65535)  #37647FFF  srgba(55,100,127,1)
1,5: (14649,11051,17733,65535)  #392B45FF  srgba(57,43,69,1)
2,5: (14649,27242,35980,65535)  #396A8CFF  srgba(57,106,140,1)
3,5: (14906,0,4626,65535)  #3A0012FF  srgba(58,0,18,1)
4,5: (15163,37265,39578,65535)  #3B919AFF  srgba(59,145,154,1)
5,5: (15163,39578,50372,65535)  #3B9AC4FF  srgba(59,154,196,1)
6,5: (17219,0,6168,65535)  #430018FF  srgba(67,0,24,1)
7,5: (17476,44718,52428,65535)  #44AECCFF  srgba(68,174,204,1)
8,5: (17733,20303,23901,65535)  #454F5DFF  srgba(69,79,93,1)
9,5: (17990,0,4369,65535)  #460011FF  srgba(70,0,17,1)
10,5: (18247,257,7453,65535)  #47011DFF  srgba(71,1,29,1)
11,5: (18761,0,5397,65535)  #490015FF  srgba(73,0,21,1)
12,5: (19275,44204,48059,65535)  #4BACBBFF  srgba(75,172,187,1)
13,5: (19789,0,7453,65535)  #4D001DFF  srgba(77,0,29,1)
14,5: (19789,9252,17990,65535)  #4D2446FF  srgba(77,36,70,1)
15,5: (20046,0,6168,65535)  #4E0018FF  srgba(78,0,24,1)
0,6: (20046,0,6939,65535)  #4E001BFF  srgba(78,0,27,1)
1,6: (20303,0,5911,65535)  #4F0017FF  srgba(79,0,23,1)
2,6: (20560,20817,31611,65535)  #50517BFF  srgba(80,81,123,1)
3,6: (21074,0,6682,65535)  #52001AFF  srgba(82,0,26,1)
4,6: (21331,0,4369,65535)  #530011FF  srgba(83,0,17,1)
5,6: (21588,29298,33153,65535)  #547281FF  srgba(84,114,129,1)
6,6: (21588,29555,36237,65535)  #54738DFF  srgba(84,115,141,1)
7,6: (21845,0,7710,65535)  #55001EFF  srgba(85,0,30,1)
8,6: (22102,514,7967,65535)  #56021FFF  srgba(86,2,31,1)
9,6: (22102,25957,34695,65535)  #566587FF  srgba(86,101,135,1)
10,6: (22359,0,5911,65535)  #570017FF  srgba(87,0,23,1)
11,6: (22873,25957,39321,65535)  #596599FF  srgba(89,101,153,1)
12,6: (22873,31868,41377,65535)  #597CA1FF  srgba(89,124,161,1)
13,6: (22873,39064,47802,65535)  #5998BAFF  srgba(89,152,186,1)
14,6: (23130,17733,39835,65535)  #5A459BFF  srgba(90,69,155,1)
15,6: (23387,39578,54227,65535)  #5B9AD3FF  srgba(91,154,211,1)
0,7: (23644,0,9252,65535)  #5C0024FF  srgba(92,0,36,1)
1,7: (23644,23901,43176,65535)  #5C5DA8FF  srgba(92,93,168,1)
2,7: (24158,43947,52685,65535)  #5EABCDFF  srgba(94,171,205,1)
3,7: (25186,0,5654,65535)  #620016FF  srgba(98,0,22,1)
4,7: (25443,0,7967,65535)  #63001FFF  srgba(99,0,31,1)
5,7: (25443,32896,51657,65535)  #6380C9FF  srgba(99,128,201,1)
6,7: (25957,0,3855,65535)  #65000FFF  srgba(101,0,15,1)
7,7: (25957,514,8481,65535)  #650221FF  srgba(101,2,33,1)
8,7: (26471,0,9509,65535)  #670025FF  srgba(103,0,37,1)
9,7: (26471,10794,22102,65535)  #672A56FF  srgba(103,42,86,1)
10,7: (26728,6168,21845,65535)  #681855FF  srgba(104,24,85,1)
11,7: (26985,11308,30069,65535)  #692C75FF  srgba(105,44,117,1)
12,7: (26985,22616,47288,65535)  #6958B8FF  srgba(105,88,184,1)
13,7: (26985,32896,57825,65535)  #6980E1FF  srgba(105,128,225,1)
14,7: (27756,29041,34952,65535)  #6C7188FF  srgba(108,113,136,1)
15,7: (27756,39321,55255,65535)  #6C99D7FF  srgba(108,153,215,1)
0,8: (28270,0,7453,65535)  #6E001DFF  srgba(110,0,29,1)
1,8: (28527,26214,54227,65535)  #6F66D3FF  srgba(111,102,211,1)
2,8: (29298,0,8738,65535)  #720022FF  srgba(114,0,34,1)
3,8: (29555,25957,35466,65535)  #73658AFF  srgba(115,101,138,1)
4,8: (29555,40863,52942,65535)  #739FCEFF  srgba(115,159,206,1)
5,8: (29812,0,10280,65535)  #740028FF  srgba(116,0,40,1)
6,8: (29812,40863,51914,65535)  #749FCAFF  srgba(116,159,202,1)
7,8: (29812,43176,51143,65535)  #74A8C7FF  srgba(116,168,199,1)
8,8: (30069,0,11565,65535)  #75002DFF  srgba(117,0,45,1)
9,8: (30069,20046,34695,65535)  #754E87FF  srgba(117,78,135,1)
10,8: (30069,38550,46517,65535)  #7596B5FF  srgba(117,150,181,1)
11,8: (30069,40092,50115,65535)  #759CC3FF  srgba(117,156,195,1)
12,8: (30069,42919,53456,65535)  #75A7D0FF  srgba(117,167,208,1)
13,8: (30326,40606,54741,65535)  #769ED5FF  srgba(118,158,213,1)
14,8: (30583,26214,39321,65535)  #776699FF  srgba(119,102,153,1)
15,8: (30840,15420,42919,65535)  #783CA7FF  srgba(120,60,167,1)
0,9: (30840,31611,41891,65535)  #787BA3FF  srgba(120,123,163,1)
1,9: (31611,0,5911,65535)  #7B0017FF  srgba(123,0,23,1)
2,9: (32125,257,8481,65535)  #7D0121FF  srgba(125,1,33,1)
3,9: (32125,10023,23901,65535)  #7D275DFF  srgba(125,39,93,1)
4,9: (32125,29041,35209,65535)  #7D7189FF  srgba(125,113,137,1)
5,9: (32639,24672,43433,65535)  #7F60A9FF  srgba(127,96,169,1)
6,9: (32896,0,10280,65535)  #800028FF  srgba(128,0,40,1)
7,9: (32896,31868,52171,65535)  #807CCBFF  srgba(128,124,203,1)
8,9: (33153,4112,23130,65535)  #81105AFF  srgba(129,16,90,1)
9,9: (33153,31354,59367,65535)  #817AE7FF  srgba(129,122,231,1)
10,9: (33410,0,3855,65535)  #82000FFF  srgba(130,0,15,1)
11,9: (33410,15677,39835,65535)  #823D9BFF  srgba(130,61,155,1)
12,9: (34695,0,12593,65535)  #870031FF  srgba(135,0,49,1)
13,9: (35209,0,10537,65535)  #890029FF  srgba(137,0,41,1)
14,9: (35209,8995,30326,65535)  #892376FF  srgba(137,35,118,1)
15,9: (35466,0,12593,65535)  #8A0031FF  srgba(138,0,49,1)
0,10: (35723,0,11051,65535)  #8B002BFF  srgba(139,0,43,1)
1,10: (35980,22616,48573,65535)  #8C58BDFF  srgba(140,88,189,1)
2,10: (36494,26728,57311,65535)  #8E68DFFF  srgba(142,104,223,1)
3,10: (37008,0,13878,65535)  #900036FF  srgba(144,0,54,1)
4,10: (37265,0,15420,65535)  #91003CFF  srgba(145,0,60,1)
5,10: (37522,0,10537,65535)  #920029FF  srgba(146,0,41,1)
6,10: (37779,0,12850,65535)  #930032FF  srgba(147,0,50,1)
7,10: (40092,0,12336,65535)  #9C0030FF  srgba(156,0,48,1)
8,10: (40092,0,17219,65535)  #9C0043FF  srgba(156,0,67,1)
9,10: (40349,0,13621,65535)  #9D0035FF  srgba(157,0,53,1)
10,10: (41120,0,14906,65535)  #A0003AFF  srgba(160,0,58,1)
11,10: (41120,25186,47802,65535)  #A062BAFF  srgba(160,98,186,1)
12,10: (42148,13107,39835,65535)  #A4339BFF  srgba(164,51,155,1)
13,10: (42405,0,8481,65535)  #A50021FF  srgba(165,0,33,1)
14,10: (42405,19532,44718,65535)  #A54CAEFF  srgba(165,76,174,1)
15,10: (42662,5397,31611,65535)  #A6157BFF  srgba(166,21,123,1)
0,11: (42919,0,11051,65535)  #A7002BFF  srgba(167,0,43,1)
1,11: (42919,0,16448,65535)  #A70040FF  srgba(167,0,64,1)
2,11: (43176,0,18504,65535)  #A80048FF  srgba(168,0,72,1)
3,11: (43690,0,17990,65535)  #AA0046FF  srgba(170,0,70,1)
4,11: (44204,0,12336,65535)  #AC0030FF  srgba(172,0,48,1)
5,11: (44461,0,13621,65535)  #AD0035FF  srgba(173,0,53,1)
6,11: (44461,0,15163,65535)  #AD003BFF  srgba(173,0,59,1)
7,11: (44975,0,17733,65535)  #AF0045FF  srgba(175,0,69,1)
8,11: (45232,26728,57054,65535)  #B068DEFF  srgba(176,104,222,1)
9,11: (45489,16705,42405,65535)  #B141A5FF  srgba(177,65,165,1)
10,11: (45746,0,17990,65535)  #B20046FF  srgba(178,0,70,1)
11,11: (45746,29555,61937,65535)  #B273F1FF  srgba(178,115,241,1)
12,11: (47031,0,15163,65535)  #B7003BFF  srgba(183,0,59,1)
13,11: (47545,0,17219,65535)  #B90043FF  srgba(185,0,67,1)
14,11: (47802,0,19789,65535)  #BA004DFF  srgba(186,0,77,1)
15,11: (48059,13621,46003,65535)  #BB35B3FF  srgba(187,53,179,1)
0,12: (48830,8995,41120,65535)  #BE23A0FF  srgba(190,35,160,1)
1,12: (49087,22102,56026,65535)  #BF56DAFF  srgba(191,86,218,1)
2,12: (50115,0,18504,65535)  #C30048FF  srgba(195,0,72,1)
3,12: (50372,0,24158,65535)  #C4005EFF  srgba(196,0,94,1)
4,12: (50629,0,14906,65535)  #C5003AFF  srgba(197,0,58,1)
5,12: (50629,0,20046,65535)  #C5004EFF  srgba(197,0,78,1)
6,12: (50886,0,17219,65535)  #C60043FF  srgba(198,0,67,1)
7,12: (50886,3341,31611,65535)  #C60D7BFF  srgba(198,13,123,1)
8,12: (51657,0,21845,65535)  #C90055FF  srgba(201,0,85,1)
9,12: (51657,0,22102,65535)  #C90056FF  srgba(201,0,86,1)
10,12: (51914,0,23901,65535)  #CA005DFF  srgba(202,0,93,1)
11,12: (51914,32896,65535,65535)  #CA80FFFF  srgba(202,128,255,1)
12,12: (52171,0,28784,65535)  #CB0070FF  srgba(203,0,112,1)
13,12: (52428,0,18504,65535)  #CC0048FF  srgba(204,0,72,1)
14,12: (52428,0,26728,65535)  #CC0068FF  srgba(204,0,104,1)
15,12: (52428,24929,60909,65535)  #CC61EDFF  srgba(204,97,237,1)
0,13: (52685,0,23644,65535)  #CD005CFF  srgba(205,0,92,1)
1,13: (52685,0,24415,65535)  #CD005FFF  srgba(205,0,95,1)
2,13: (52685,0,25700,65535)  #CD0064FF  srgba(205,0,100,1)
3,13: (52942,0,25186,65535)  #CE0062FF  srgba(206,0,98,1)
4,13: (52942,22616,51143,65535)  #CE58C7FF  srgba(206,88,199,1)
5,13: (53199,0,25700,65535)  #CF0064FF  srgba(207,0,100,1)
6,13: (53456,0,20046,65535)  #D0004EFF  srgba(208,0,78,1)
7,13: (53456,0,22102,65535)  #D00056FF  srgba(208,0,86,1)
8,13: (53713,0,24158,65535)  #D1005EFF  srgba(209,0,94,1)
9,13: (53713,0,24929,65535)  #D10061FF  srgba(209,0,97,1)
10,13: (53970,0,28013,65535)  #D2006DFF  srgba(210,0,109,1)
11,13: (53970,12593,41377,65535)  #D231A1FF  srgba(210,49,161,1)
12,13: (53970,39578,65535,65535)  #D29AFFFF  srgba(210,154,255,1)
13,13: (54227,0,26728,65535)  #D30068FF  srgba(211,0,104,1)
14,13: (54484,0,24929,65535)  #D40061FF  srgba(212,0,97,1)
15,13: (54741,0,28270,65535)  #D5006EFF  srgba(213,0,110,1)
0,14: (54998,0,23901,65535)  #D6005DFF  srgba(214,0,93,1)
1,14: (54998,16962,49858,65535)  #D642C2FF  srgba(214,66,194,1)
2,14: (55255,0,22102,65535)  #D70056FF  srgba(215,0,86,1)
3,14: (55255,0,24672,65535)  #D70060FF  srgba(215,0,96,1)
4,14: (55255,0,25957,65535)  #D70065FF  srgba(215,0,101,1)
5,14: (55255,0,26471,65535)  #D70067FF  srgba(215,0,103,1)
6,14: (55769,0,25957,65535)  #D90065FF  srgba(217,0,101,1)
7,14: (55769,0,26728,65535)  #D90068FF  srgba(217,0,104,1)
8,14: (55769,19532,50372,65535)  #D94CC4FF  srgba(217,76,196,1)
9,14: (56026,0,29041,65535)  #DA0071FF  srgba(218,0,113,1)
10,14: (56026,0,31097,65535)  #DA0079FF  srgba(218,0,121,1)
11,14: (56540,0,26728,65535)  #DC0068FF  srgba(220,0,104,1)
12,14: (57054,28784,62451,65535)  #DE70F3FF  srgba(222,112,243,1)
13,14: (58596,21588,56540,65535)  #E454DCFF  srgba(228,84,220,1)
14,14: (59881,25443,57568,65535)  #E963E0FF  srgba(233,99,224,1)
15,14: (60909,32125,65535,65535)  #ED7DFFFF  srgba(237,125,255,1)
0,15: (61423,7710,42919,65535)  #EF1EA7FF  srgba(239,30,167,1)
1,15: (61937,24158,61423,65535)  #F15EEFFF  srgba(241,94,239,1)
2,15: (62194,13364,47802,65535)  #F234BAFF  srgba(242,52,186,1)
3,15: (62451,39321,65535,65535)  #F399FFFF  srgba(243,153,255,1)
4,15: (64764,20817,56797,65535)  #FC51DDFF  srgba(252,81,221,1)
5,15: (65278,24158,61680,65535)  #FE5EF0FF  srgba(254,94,240,1)
6,15: (65278,34181,64764,65535)  #FE85FCFF  srgba(254,133,252,1)
7,15: (65278,35209,65535,65535)  #FE89FFFF  srgba(254,137,255,1)
8,15: (65278,37522,65535,65535)  #FE92FFFF  srgba(254,146,255,1)
9,15: (65278,38807,65535,65535)  #FE97FFFF  srgba(254,151,255,1)
10,15: (65535,30326,65535,65535)  #FF76FFFF  srgba(255,118,255,1)
11,15: (65535,33410,65535,65535)  #FF82FFFF  srgba(255,130,255,1)
12,15: (65535,35980,65535,65535)  #FF8CFFFF  srgba(255,140,255,1)
13,15: (65535,38036,65535,65535)  #FF94FFFF  srgba(255,148,255,1)
14,15: (65535,38036,65535,65535)  #FF94FFFF  srgba(255,148,255,1)
15,15: (0,65535,0,0)  #00FF0000  srgba(0,255,0,0)
