# ImageMagick pixel enumeration: 16,16,65535,srgba
0,0: (0,2570,4112,65535)  #000A10FF  srgba(0,10,16,1)
1,0: (0,3855,13878,65535)  #000F36FF  srgba(0,15,54,1)
2,0: (0,4883,21331,65535)  #001353FF  srgba(0,19,83,1)
3,0: (0,5140,29298,65535)  #001472FF  srgba(0,20,114,1)
4,0: (0,5654,37008,65535)  #001690FF  srgba(0,22,144,1)
5,0: (0,8995,45232,65535)  #0023B0FF  srgba(0,35,176,1)
6,0: (0,9766,53713,65535)  #0026D1FF  srgba(0,38,209,1)
7,0: (0,10280,63993,65535)  #0028F9FF  srgba(0,40,249,1)
8,0: (0,10794,6939,65535)  #002A1BFF  srgba(0,42,27,1)
9,0: (0,11308,11565,65535)  #002C2DFF  srgba(0,44,45,1)
10,0: (0,11308,29298,65535)  #002C72FF  srgba(0,44,114,1)
11,0: (0,11308,37265,65535)  #002C91FF  srgba(0,44,145,1)
12,0: (0,16448,26214,65535)  #004066FF  srgba(0,64,102,1)
13,0: (0,16448,63222,65535)  #0040F6FF  srgba(0,64,246,1)
14,0: (0,18504,49087,65535)  #0048BFFF  srgba(0,72,191,1)
15,0: (0,20046,62194,65535)  #004EF2FF  srgba(0,78,242,1)
0,1: (0,21331,34695,65535)  #005387FF  srgba(0,83,135,1)
1,1: (0,21845,22873,65535)  #005559FF  srgba(0,85,89,1)
2,1: (0,22102,13364,65535)  #005634FF  srgba(0,86,52,1)
3,1: (0,22616,7196,65535)  #00581CFF  srgba(0,88,28,1)
4,1: (257,0,1542,65535)  #010006FF  srgba(1,0,6,1)
5,1: (257,2827,7453,65535)  #010B1DFF  srgba(1,11,29,1)
6,1: (257,3084,10023,65535)  #010C27FF  srgba(1,12,39,1)
7,1: (257,8481,15163,65535)  #01213BFF  srgba(1,33,59,1)
8,1: (257,11051,21331,65535)  #012B53FF  srgba(1,43,83,1)
9,1: (257,13364,15163,65535)  #01343BFF  srgba(1,52,59,1)
10,1: (771,16448,36237,65535)  #03408DFF  srgba(3,64,141,1)
11,1: (1799,1285,4112,65535)  #070510FF  srgba(7,5,16,1)
12,1: (1799,1799,7453,65535)  #07071DFF  srgba(7,7,29,1)
13,1: (1799,2313,11051,65535)  #07092BFF  srgba(7,9,43,1)
14,1: (1799,10280,64507,65535)  #0728FBFF  srgba(7,40,251,1)
15,1: (1799,17733,11565,65535)  #07452DFF  srgba(7,69,45,1)
0,2: (1799,21331,23130,65535)  #07535AFF  srgba(7,83,90,1)
1,2: (3084,21331,14906,65535)  #0C533AFF  srgba(12,83,58,1)
2,2: (4112,2056,5397,65535)  #100815FF  srgba(16,8,21,1)
3,2: (4369,16705,19789,65535)  #11414DFF  srgba(17,65,77,1)
4,2: (4883,16705,62965,65535)  #1341F5FF  srgba(19,65,245,1)
5,2: (5654,2827,12850,65535)  #160B32FF  srgba(22,11,50,1)
6,2: (6425,8995,9252,65535)  #192324FF  srgba(25,35,36,1)
7,2: (6425,12079,28784,65535)  #192F70FF  srgba(25,47,112,1)
8,2: (6682,12079,37008,65535)  #1A2F90FF  srgba(26,47,144,1)
9,2: (6682,22359,62708,65535)  #1A57F4FF  srgba(26,87,244,1)
10,2: (6939,5397,28784,65535)  #1B1570FF  srgba(27,21,112,1)
11,2: (7196,2313,6168,65535)  #1C0918FF  srgba(28,9,24,1)
12,2: (7196,5397,37008,65535)  #1C1590FF  srgba(28,21,144,1)
13,2: (7710,10280,21588,65535)  #1E2854FF  srgba(30,40,84,1)
14,2: (7967,8738,45232,65535)  #1F22B0FF  srgba(31,34,176,1)
15,2: (7967,21331,36237,65535)  #1F538DFF  srgba(31,83,141,1)
0,3: (8481,20046,47545,65535)  #214EB9FF  srgba(33,78,185,1)
1,3: (8738,9252,53199,65535)  #2224CFFF  srgba(34,36,207,1)
2,3: (8995,3855,20303,65535)  #230F4FFF  srgba(35,15,79,1)
3,3: (10794,2570,14135,65535)  #2A0A37FF  srgba(42,10,55,1)
4,3: (10794,16448,26214,65535)  #2A4066FF  srgba(42,64,102,1)
5,3: (11051,31354,64507,65535)  #2B7AFBFF  srgba(43,122,251,1)
6,3: (11051,35980,64250,65535)  #2B8CFAFF  srgba(43,140,250,1)
7,3: (11308,9766,64250,65535)  #2C26FAFF  srgba(44,38,250,1)
8,3: (11308,12593,14649,65535)  #2C3139FF  srgba(44,49,57,1)
9,3: (11565,11051,11051,65535)  #2D2B2BFF  srgba(45,43,43,1)
10,3: (11822,16962,14649,65535)  #2E4239FF  srgba(46,66,57,1)
11,3: (12593,16962,17219,65535)  #314243FF  srgba(49,66,67,1)
12,3: (12593,28527,33153,65535)  #316F81FF  srgba(49,111,129,1)
13,3: (12850,29812,52428,65535)  #3274CCFF  srgba(50,116,204,1)
14,3: (12850,35209,56026,65535)  #3289DAFF  srgba(50,137,218,1)
15,3: (13107,34695,49087,65535)  #3387BFFF  srgba(51,135,191,1)
0,4: (13364,29041,44461,65535)  #3471ADFF  srgba(52,113,173,1)
1,4: (14135,514,7196,65535)  #37021CFF  srgba(55,2,28,1)
2,4: (14135,23387,46260,65535)  #375BB4FF  srgba(55,91,180,1)
3,4: (14392,16705,36494,65535)  #38418EFF  srgba(56,65,142,1)
4,4: (14392,20303,22359,65535)  #384F57FF  srgba(56,79,87,1)
5,4: (15163,14906,15420,65535)  #3B3A3CFF  srgba(59,58,60,1)
6,4: (15677,31354,45489,65535)  #3D7AB1FF  srgba(61,122,177,1)
7,4: (15677,33153,53970,65535)  #3D81D2FF  srgba(61,129,210,1)
8,4: (15934,17219,17219,65535)  #3E4343FF  srgba(62,67,67,1)
9,4: (15934,17476,15677,65535)  #3E443DFF  srgba(62,68,61,1)
10,4: (15934,34952,62708,65535)  #3E88F4FF  srgba(62,136,244,1)
11,4: (16191,3598,21331,65535)  #3F0E53FF  srgba(63,14,83,1)
12,4: (16191,16705,18761,65535)  #3F4149FF  srgba(63,65,73,1)
13,4: (16448,30583,63736,65535)  #4077F8FF  srgba(64,119,248,1)
14,4: (16705,9766,21845,65535)  #412655FF  srgba(65,38,85,1)
15,4: (16705,17219,62708,65535)  #4143F4FF  srgba(65,67,244,1)
0,5: (16962,1285,12850,65535)  #420532FF  srgba(66,5,50,1)
1,5: (16962,5140,36751,65535)  #42148FFF  srgba(66,20,143,1)
2,5: (16962,8224,28527,65535)  #42206FFF  srgba(66,32,111,1)
3,5: (16962,12079,36494,65535)  #422F8EFF  srgba(66,47,142,1)
4,5: (16962,16448,16705,65535)  #424041FF  srgba(66,64,65,1)
5,5: (16962,16705,17733,65535)  #424145FF  srgba(66,65,69,1)
6,5: (16962,17219,15934,65535)  #42433EFF  srgba(66,67,62,1)
7,5: (16962,22616,38807,65535)  #425897FF  srgba(66,88,151,1)
8,5: (16962,24929,62708,65535)  #4261F4FF  srgba(66,97,244,1)
9,5: (17219,7710,46003,65535)  #431EB3FF  srgba(67,30,179,1)
10,5: (17219,7710,53970,65535)  #431ED2FF  srgba(67,30,210,1)
11,5: (17219,17219,17219,65535)  #434343FF  srgba(67,67,67,1)
12,5: (17476,8738,64507,65535)  #4422FBFF  srgba(68,34,251,1)
13,5: (17476,17219,16962,65535)  #444342FF  srgba(68,67,66,1)
14,5: (17476,28527,41120,65535)  #446FA0FF  srgba(68,111,160,1)
15,5: (17733,16705,18761,65535)  #454149FF  srgba(69,65,73,1)
0,6: (17733,26985,44204,65535)  #4569ACFF  srgba(69,105,172,1)
1,6: (17733,28527,39578,65535)  #456F9AFF  srgba(69,111,154,1)
2,6: (17990,21588,48316,65535)  #4654BCFF  srgba(70,84,188,1)
3,6: (17990,23901,43176,65535)  #465DA8FF  srgba(70,93,168,1)
4,6: (17990,28527,38293,65535)  #466F95FF  srgba(70,111,149,1)
5,6: (18247,28784,44718,65535)  #4770AEFF  srgba(71,112,174,1)
6,6: (18247,30326,53199,65535)  #4776CFFF  srgba(71,118,207,1)
7,6: (18247,34695,45746,65535)  #4787B2FF  srgba(71,135,178,1)
8,6: (18247,35209,53970,65535)  #4789D2FF  srgba(71,137,210,1)
9,6: (19275,28270,36494,65535)  #4B6E8EFF  srgba(75,110,142,1)
10,6: (20817,27242,39835,65535)  #516A9BFF  srgba(81,106,155,1)
11,6: (21074,30583,41634,65535)  #5277A2FF  srgba(82,119,162,1)
12,6: (22873,26471,35980,65535)  #59678CFF  srgba(89,103,140,1)
13,6: (23130,24929,41891,65535)  #5A61A3FF  srgba(90,97,163,1)
14,6: (23130,32896,55512,65535)  #5A80D8FF  srgba(90,128,216,1)
15,6: (23130,33153,49087,65535)  #5A81BFFF  srgba(90,129,191,1)
0,7: (23387,19532,41891,65535)  #5B4CA3FF  srgba(91,76,163,1)
1,7: (23644,4626,41891,65535)  #5C12A3FF  srgba(92,18,163,1)
2,7: (23644,15420,21074,65535)  #5C3C52FF  srgba(92,60,82,1)
3,7: (23901,13107,28270,65535)  #5D336EFF  srgba(93,51,110,1)
4,7: (23901,15677,14649,65535)  #5D3D39FF  srgba(93,61,57,1)
5,7: (24158,6939,28270,65535)  #5E1B6EFF  srgba(94,27,110,1)
6,7: (24158,27756,40863,65535)  #5E6C9FFF  srgba(94,108,159,1)
7,7: (24158,28784,49601,65535)  #5E70C1FF  srgba(94,112,193,1)
8,7: (24415,0,11051,65535)  #5F002BFF  srgba(95,0,43,1)
9,7: (24415,7967,15934,65535)  #5F1F3EFF  srgba(95,31,62,1)
10,7: (24672,7710,22102,65535)  #601E56FF  srgba(96,30,86,1)
11,7: (24929,2827,49858,65535)  #610BC2FF  srgba(97,11,194,1)
12,7: (24929,28784,55769,65535)  #6170D9FF  srgba(97,112,217,1)
13,7: (24929,32125,64507,65535)  #617DFBFF  srgba(97,125,251,1)
14,7: (25186,12850,34695,65535)  #623287FF  srgba(98,50,135,1)
15,7: (25443,1542,30583,65535)  #630677FF  srgba(99,6,119,1)
0,8: (25443,11051,49858,65535)  #632BC2FF  srgba(99,43,194,1)
1,8: (25443,11308,65021,65535)  #632CFDFF  srgba(99,44,253,1)
2,8: (25443,17990,56797,65535)  #6346DDFF  srgba(99,70,221,1)
3,8: (25443,24672,65278,65535)  #6360FEFF  srgba(99,96,254,1)
4,8: (25443,28527,64764,65535)  #636FFCFF  srgba(99,111,252,1)
5,8: (25700,3341,56797,65535)  #640DDDFF  srgba(100,13,221,1)
6,8: (25700,3855,65021,65535)  #640FFDFF  srgba(100,15,253,1)
7,8: (25700,7967,34181,65535)  #641F85FF  srgba(100,31,133,1)
8,8: (25700,11565,57054,65535)  #642DDEFF  srgba(100,45,222,1)
9,8: (25700,18504,65021,65535)  #6448FDFF  srgba(100,72,253,1)
10,8: (25700,33153,43433,65535)  #6481A9FF  srgba(100,129,169,1)
11,8: (25957,1285,22102,65535)  #650556FF  srgba(101,5,86,1)
12,8: (26471,0,13621,65535)  #670035FF  srgba(103,0,53,1)
13,8: (26471,257,16705,65535)  #670141FF  srgba(103,1,65,1)
14,8: (26471,13107,41377,65535)  #6733A1FF  srgba(103,51,161,1)
15,8: (27756,24672,49344,65535)  #6C60C0FF  srgba(108,96,192,1)
0,9: (28013,24672,57054,65535)  #6D60DEFF  srgba(109,96,222,1)
1,9: (28784,19789,42919,65535)  #704DA7FF  srgba(112,77,167,1)
2,9: (29041,18504,49601,65535)  #7148C1FF  srgba(113,72,193,1)
3,9: (30583,24672,65021,65535)  #7760FDFF  srgba(119,96,253,1)
4,9: (31354,257,16705,65535)  #7A0141FF  srgba(122,1,65,1)
5,9: (31354,2313,41891,65535)  #7A09A3FF  srgba(122,9,163,1)
6,9: (31611,8995,40606,65535)  #7B239EFF  srgba(123,35,158,1)
7,9: (31611,13878,35723,65535)  #7B368BFF  srgba(123,54,139,1)
8,9: (31868,18504,56797,65535)  #7C48DDFF  srgba(124,72,221,1)
9,9: (31868,19018,64764,65535)  #7C4AFCFF  srgba(124,74,252,1)
10,9: (31868,24672,43176,65535)  #7C60A8FF  srgba(124,96,168,1)
11,9: (31868,32896,43433,65535)  #7C80A9FF  srgba(124,128,169,1)
12,9: (32125,27756,43176,65535)  #7D6CA8FF  srgba(125,108,168,1)
13,9: (32639,4883,25700,65535)  #7F1364FF  srgba(127,19,100,1)
14,9: (32896,19275,43690,65535)  #804BAAFF  srgba(128,75,170,1)
15,9: (32896,31354,63736,65535)  #807AF8FF  srgba(128,122,248,1)
0,10: (33153,13107,41377,65535)  #8133A1FF  srgba(129,51,161,1)
1,10: (33410,0,16191,65535)  #82003FFF  srgba(130,0,63,1)
2,10: (33410,28270,52428,65535)  #826ECCFF  srgba(130,110,204,1)
3,10: (33410,28270,63993,65535)  #826EF9FF  srgba(130,110,249,1)
4,10: (33410,31868,52428,65535)  #827CCCFF  srgba(130,124,204,1)
5,10: (34438,3598,51657,65535)  #860EC9FF  srgba(134,14,201,1)
6,10: (34695,24415,65535,65535)  #875FFFFF  srgba(135,95,255,1)
7,10: (34952,3084,61680,65535)  #880CF0FF  srgba(136,12,240,1)
8,10: (34952,9766,65535,65535)  #8826FFFF  srgba(136,38,255,1)
9,10: (34952,11308,61423,65535)  #882CEFFF  srgba(136,44,239,1)
10,10: (34952,12336,50886,65535)  #8830C6FF  srgba(136,48,198,1)
11,10: (35209,24415,53970,65535)  #895FD2FF  srgba(137,95,210,1)
12,10: (35209,24415,61166,65535)  #895FEEFF  srgba(137,95,238,1)
13,10: (35466,0,22102,65535)  #8A0056FF  srgba(138,0,86,1)
14,10: (35466,1028,24415,65535)  #8A045FFF  srgba(138,4,95,1)
15,10: (35466,1285,31097,65535)  #8A0579FF  srgba(138,5,121,1)
0,11: (35466,2056,65535,65535)  #8A08FFFF  srgba(138,8,255,1)
1,11: (35466,24415,48830,65535)  #8A5FBEFF  srgba(138,95,190,1)
2,11: (35723,5654,34952,65535)  #8B1688FF  srgba(139,22,136,1)
3,11: (35723,19018,65278,65535)  #8B4AFEFF  srgba(139,74,254,1)
4,11: (35980,18761,59110,65535)  #8C49E6FF  srgba(140,73,230,1)
5,11: (36237,12336,19018,65535)  #8D304AFF  srgba(141,48,74,1)
6,11: (36237,18504,50372,65535)  #8D48C4FF  srgba(141,72,196,1)
7,11: (36494,0,28784,65535)  #8E0070FF  srgba(142,0,112,1)
8,11: (36494,9252,28784,65535)  #8E2470FF  srgba(142,36,112,1)
9,11: (36494,26985,42662,65535)  #8E69A6FF  srgba(142,105,166,1)
10,11: (36751,15420,29041,65535)  #8F3C71FF  srgba(143,60,113,1)
11,11: (36751,21845,44204,65535)  #8F55ACFF  srgba(143,85,172,1)
12,11: (37008,17219,44461,65535)  #9043ADFF  srgba(144,67,173,1)
13,11: (38036,11308,42662,65535)  #942CA6FF  srgba(148,44,166,1)
14,11: (38550,14135,44204,65535)  #9637ACFF  srgba(150,55,172,1)
15,11: (38550,23387,35980,65535)  #965B8CFF  srgba(150,91,140,1)
0,12: (38807,0,16962,65535)  #970042FF  srgba(151,0,66,1)
1,12: (39835,3598,64507,65535)  #9B0EFBFF  srgba(155,14,251,1)
2,12: (39835,16962,44718,65535)  #9B42AEFF  srgba(155,66,174,1)
3,12: (39835,17733,49344,65535)  #9B45C0FF  srgba(155,69,192,1)
4,12: (40092,3855,41634,65535)  #9C0FA2FF  srgba(156,15,162,1)
5,12: (40349,24672,43176,65535)  #9D60A8FF  srgba(157,96,168,1)
6,12: (40606,11565,35466,65535)  #9E2D8AFF  srgba(158,45,138,1)
7,12: (41120,4626,27756,65535)  #A0126CFF  srgba(160,18,108,1)
8,12: (41377,4883,55512,65535)  #A113D8FF  srgba(161,19,216,1)
9,12: (41377,28270,60909,65535)  #A16EEDFF  srgba(161,110,237,1)
10,12: (41891,5140,49344,65535)  #A314C0FF  srgba(163,20,192,1)
11,12: (41891,29041,50372,65535)  #A371C4FF  srgba(163,113,196,1)
12,12: (42148,23130,50115,65535)  #A45AC3FF  srgba(164,90,195,1)
13,12: (42405,1542,32382,65535)  #A5067EFF  srgba(165,6,126,1)
14,12: (42405,25186,61423,65535)  #A562EFFF  srgba(165,98,239,1)
15,12: (42662,13364,47802,65535)  #A634BAFF  srgba(166,52,186,1)
0,13: (42919,18247,57568,65535)  #A747E0FF  srgba(167,71,224,1)
1,13: (42919,22616,62708,65535)  #A758F4FF  srgba(167,88,244,1)
2,13: (43176,12079,64507,65535)  #A82FFBFF  srgba(168,47,251,1)
3,13: (43433,0,30583,65535)  #A90077FF  srgba(169,0,119,1)
4,13: (43690,17990,64250,65535)  #AA46FAFF  srgba(170,70,250,1)
5,13: (43690,19532,44718,65535)  #AA4CAEFF  srgba(170,76,174,1)
6,13: (43690,25957,43176,65535)  #AA65A8FF  srgba(170,101,168,1)
7,13: (44204,13107,53456,65535)  #AC33D0FF  srgba(172,51,208,1)
8,13: (44204,17990,65535,65535)  #AC46FFFF  srgba(172,70,255,1)
9,13: (44975,18247,49601,65535)  #AF47C1FF  srgba(175,71,193,1)
10,13: (45232,0,17990,65535)  #B00046FF  srgba(176,0,70,1)
11,13: (45489,0,23130,65535)  #B1005AFF  srgba(177,0,90,1)
12,13: (45489,4626,35466,65535)  #B1128AFF  srgba(177,18,138,1)
13,13: (46517,5654,64507,65535)  #B516FBFF  srgba(181,22,251,1)
14,13: (47031,4112,41377,65535)  #B710A1FF  srgba(183,16,161,1)
15,13: (47288,10794,43690,65535)  #B82AAAFF  srgba(184,42,170,1)
0,14: (47288,23387,42148,65535)  #B85BA4FF  srgba(184,91,164,1)
1,14: (47545,0,19532,65535)  #B9004CFF  srgba(185,0,76,1)
2,14: (47802,257,29041,65535)  #BA0171FF  srgba(186,1,113,1)
3,14: (49087,17990,44461,65535)  #BF46ADFF  srgba(191,70,173,1)
4,14: (49087,20817,64764,65535)  #BF51FCFF  srgba(191,81,252,1)
5,14: (49344,7196,53713,65535)  #C01CD1FF  srgba(192,28,209,1)
6,14: (49601,0,30840,65535)  #C10078FF  srgba(193,0,120,1)
7,14: (49601,21588,53456,65535)  #C154D0FF  srgba(193,84,208,1)
8,14: (50115,7967,48316,65535)  #C31FBCFF  srgba(195,31,188,1)
9,14: (50115,12850,64507,65535)  #C332FBFF  srgba(195,50,251,1)
10,14: (50115,16191,51400,65535)  #C33FC8FF  srgba(195,63,200,1)
11,14: (50115,16448,64764,65535)  #C340FCFF  srgba(195,64,252,1)
12,14: (51400,13107,50886,65535)  #C833C6FF  srgba(200,51,198,1)
13,14: (52685,257,31611,65535)  #CD017BFF  srgba(205,1,123,1)
14,14: (53713,9766,44718,65535)  #D126AEFF  srgba(209,38,174,1)
15,14: (53713,12850,49601,65535)  #D132C1FF  srgba(209,50,193,1)
0,15: (53713,15934,52171,65535)  #D13ECBFF  srgba(209,62,203,1)
1,15: (54227,20303,64507,65535)  #D34FFBFF  srgba(211,79,251,1)
2,15: (54998,8738,63479,65535)  #D622F7FF  srgba(214,34,247,1)
3,15: (54998,8995,49344,65535)  #D623C0FF  srgba(214,35,192,1)
4,15: (55769,3084,42148,65535)  #D90CA4FF  srgba(217,12,164,1)
5,15: (55769,22616,53713,65535)  #D958D1FF  srgba(217,88,209,1)
6,15: (56540,16191,64507,65535)  #DC3FFBFF  srgba(220,63,251,1)
7,15: (56540,19018,54227,65535)  #DC4AD3FF  srgba(220,74,211,1)
8,15: (57311,13107,65021,65535)  #DF33FDFF  srgba(223,51,253,1)
9,15: (58082,12850,55255,65535)  #E232D7FF  srgba(226,50,215,1)
10,15: (58853,12593,49858,65535)  #E531C2FF  srgba(229,49,194,1)
11,15: (59110,16191,53713,65535)  #E63FD1FF  srgba(230,63,209,1)
12,15: (60138,8995,53456,65535)  #EA23D0FF  srgba(234,35,208,1)
13,15: (60652,9509,61680,65535)  #EC25F0FF  srgba(236,37,240,1)
14,15: (61680,8224,49858,65535)  #F020C2FF  srgba(240,32,194,1)
15,15: (0,65535,0,0)  #00FF0000  srgba(0,255,0,0)
