# ImageMagick pixel enumeration: 16,16,65535,srgba
0,0: (18761,3855,5911,65535)  #490F17FF  srgba(73,15,23,1)
1,0: (20046,11822,3084,65535)  #4E2E0CFF  srgba(78,46,12,1)
2,0: (20560,17219,1285,65535)  #504305FF  srgba(80,67,5,1)
3,0: (20817,24158,771,65535)  #515E03FF  srgba(81,94,3,1)
4,0: (22359,31354,1028,65535)  #577A04FF  srgba(87,122,4,1)
5,0: (23644,1028,19789,65535)  #5C044DFF  srgba(92,4,77,1)
6,0: (23901,0,47802,65535)  #5D00BAFF  srgba(93,0,186,1)
7,0: (24158,0,40606,65535)  #5E009EFF  srgba(94,0,158,1)
8,0: (24415,16705,2827,65535)  #5F410BFF  srgba(95,65,11,1)
9,0: (24415,43176,257,65535)  #5FA801FF  srgba(95,168,1,1)
10,0: (24672,257,34952,65535)  #600188FF  srgba(96,1,136,1)
11,0: (24672,14649,30326,65535)  #603976FF  srgba(96,57,118,1)
12,0: (24929,9252,33410,65535)  #612482FF  srgba(97,36,130,1)
13,0: (25443,257,29812,65535)  #630174FF  srgba(99,1,116,1)
14,0: (25443,24672,0,65535)  #636000FF  srgba(99,96,0,1)
15,0: (25700,771,26214,65535)  #640366FF  srgba(100,3,102,1)
0,1: (25957,7967,4112,65535)  #651F10FF  srgba(101,31,16,1)
1,1: (25957,18761,28013,65535)  #65496DFF  srgba(101,73,109,1)
2,1: (25957,24672,5911,65535)  #656017FF  srgba(101,96,23,1)
3,1: (26471,4626,11308,65535)  #67122CFF  srgba(103,18,44,1)
4,1: (26985,33924,30840,65535)  #698478FF  srgba(105,132,120,1)
5,1: (27242,8995,18761,65535)  #6A2349FF  srgba(106,35,73,1)
6,1: (27756,24672,27242,65535)  #6C606AFF  srgba(108,96,106,1)
7,1: (27756,34952,22102,65535)  #6C8856FF  srgba(108,136,86,1)
8,1: (28270,31868,15163,65535)  #6E7C3BFF  srgba(110,124,59,1)
9,1: (29041,32639,0,65535)  #717F00FF  srgba(113,127,0,1)
10,1: (29298,32382,7453,65535)  #727E1DFF  srgba(114,126,29,1)
11,1: (29555,1542,21074,65535)  #730652FF  srgba(115,6,82,1)
12,1: (29555,8738,26471,65535)  #732267FF  srgba(115,34,103,1)
13,1: (29812,24415,19275,65535)  #745F4BFF  srgba(116,95,75,1)
14,1: (30583,42919,0,65535)  #77A700FF  srgba(119,167,0,1)
15,1: (30840,14649,18761,65535)  #783949FF  srgba(120,57,73,1)
0,2: (32382,771,26214,65535)  #7E0366FF  srgba(126,3,102,1)
1,2: (32382,14392,25443,65535)  #7E3863FF  srgba(126,56,99,1)
2,2: (32639,18761,17476,65535)  #7F4944FF  srgba(127,73,68,1)
3,2: (33153,2056,22102,65535)  #810856FF  srgba(129,8,86,1)
4,2: (33153,8738,20560,65535)  #812250FF  srgba(129,34,80,1)
5,2: (33667,0,29812,65535)  #830074FF  srgba(131,0,116,1)
6,2: (33924,8738,22873,65535)  #842259FF  srgba(132,34,89,1)
7,2: (34952,771,26214,65535)  #880366FF  srgba(136,3,102,1)
8,2: (35209,8738,20817,65535)  #892251FF  srgba(137,34,81,1)
9,2: (35466,17990,23387,65535)  #8A465BFF  srgba(138,70,91,1)
10,2: (35723,8738,24158,65535)  #8B225EFF  srgba(139,34,94,1)
11,2: (35980,2056,23644,65535)  #8C085CFF  srgba(140,8,92,1)
12,2: (35980,2313,20817,65535)  #8C0951FF  srgba(140,9,81,1)
13,2: (35980,23130,15420,65535)  #8C5A3CFF  srgba(140,90,60,1)
14,2: (36494,14392,23901,65535)  #8E385DFF  srgba(142,56,93,1)
15,2: (36751,257,29555,65535)  #8F0173FF  srgba(143,1,115,1)
0,3: (36751,14649,19789,65535)  #8F394DFF  srgba(143,57,77,1)
1,3: (37265,0,34438,65535)  #910086FF  srgba(145,0,134,1)
2,3: (37265,8995,26471,65535)  #912367FF  srgba(145,35,103,1)
3,3: (37265,40863,0,65535)  #919F00FF  srgba(145,159,0,1)
4,3: (37522,771,26214,65535)  #920366FF  srgba(146,3,102,1)
5,3: (37522,9252,20560,65535)  #922450FF  srgba(146,36,80,1)
6,3: (37779,0,40092,65535)  #93009CFF  srgba(147,0,156,1)
7,3: (37779,8995,22873,65535)  #932359FF  srgba(147,35,89,1)
8,3: (38036,0,32382,65535)  #94007EFF  srgba(148,0,126,1)
9,3: (38036,32125,9766,65535)  #947D26FF  srgba(148,125,38,1)
10,3: (38293,2313,8995,65535)  #950923FF  srgba(149,9,35,1)
11,3: (38293,40092,771,65535)  #959C03FF  srgba(149,156,3,1)
12,3: (38293,40349,0,65535)  #959D00FF  srgba(149,157,0,1)
13,3: (38550,33667,0,65535)  #968300FF  srgba(150,131,0,1)
14,3: (38807,11308,8481,65535)  #972C21FF  srgba(151,44,33,1)
15,3: (38807,14649,19532,65535)  #97394CFF  srgba(151,57,76,1)
0,4: (38807,14649,23644,65535)  #97395CFF  srgba(151,57,92,1)
1,4: (38807,18504,19532,65535)  #97484CFF  srgba(151,72,76,1)
2,4: (38807,31611,15163,65535)  #977B3BFF  srgba(151,123,59,1)
3,4: (39064,33153,2056,65535)  #988108FF  srgba(152,129,8,1)
4,4: (39578,18761,11308,65535)  #9A492CFF  srgba(154,73,44,1)
5,4: (39578,19275,2056,65535)  #9A4B08FF  srgba(154,75,8,1)
6,4: (39835,25186,10023,65535)  #9B6227FF  srgba(155,98,39,1)
7,4: (39835,25700,257,65535)  #9B6401FF  srgba(155,100,1,1)
8,4: (40092,2313,22102,65535)  #9C0956FF  srgba(156,9,86,1)
9,4: (40092,3598,23644,65535)  #9C0E5CFF  srgba(156,14,92,1)
10,4: (40349,0,23901,65535)  #9D005DFF  srgba(157,0,93,1)
11,4: (40349,1542,17733,65535)  #9D0645FF  srgba(157,6,69,1)
12,4: (40349,1799,20560,65535)  #9D0750FF  srgba(157,7,80,1)
13,4: (40606,9252,21845,65535)  #9E2455FF  srgba(158,36,85,1)
14,4: (40606,22102,19532,65535)  #9E564CFF  srgba(158,86,76,1)
15,4: (40606,27499,19532,65535)  #9E6B4CFF  srgba(158,107,76,1)
0,5: (40606,39578,0,65535)  #9E9A00FF  srgba(158,154,0,1)
1,5: (40863,0,29555,65535)  #9F0073FF  srgba(159,0,115,1)
2,5: (40863,2056,25957,65535)  #9F0865FF  srgba(159,8,101,1)
3,5: (40863,9509,19018,65535)  #9F254AFF  srgba(159,37,74,1)
4,5: (40863,39064,1285,65535)  #9F9805FF  srgba(159,152,5,1)
5,5: (40863,39578,0,65535)  #9F9A00FF  srgba(159,154,0,1)
6,5: (41120,0,26471,65535)  #A00067FF  srgba(160,0,103,1)
7,5: (41120,8995,25186,65535)  #A02362FF  srgba(160,35,98,1)
8,5: (41120,9252,23130,65535)  #A0245AFF  srgba(160,36,90,1)
9,5: (41120,14392,23387,65535)  #A0385BFF  srgba(160,56,91,1)
10,5: (41120,18761,19018,65535)  #A0494AFF  srgba(160,73,74,1)
11,5: (41120,39835,0,65535)  #A09B00FF  srgba(160,155,0,1)
12,5: (41377,14906,19018,65535)  #A13A4AFF  srgba(161,58,74,1)
13,5: (41634,23387,15420,65535)  #A25B3CFF  srgba(162,91,60,1)
14,5: (41634,31868,15163,65535)  #A27C3BFF  srgba(162,124,59,1)
15,5: (41891,32639,3855,65535)  #A37F0FFF  srgba(163,127,15,1)
0,6: (41891,34181,0,65535)  #A38500FF  srgba(163,133,0,1)
1,6: (42148,32125,11308,65535)  #A47D2CFF  srgba(164,125,44,1)
2,6: (42405,33667,0,65535)  #A58300FF  srgba(165,131,0,1)
3,6: (43176,257,26214,65535)  #A80166FF  srgba(168,1,102,1)
4,6: (43176,15163,21331,65535)  #A83B53FF  srgba(168,59,83,1)
5,6: (43176,38293,0,65535)  #A89500FF  srgba(168,149,0,1)
6,6: (43433,0,31868,65535)  #A9007CFF  srgba(169,0,124,1)
7,6: (43433,2570,17990,65535)  #A90A46FF  srgba(169,10,70,1)
8,6: (43433,2827,21074,65535)  #A90B52FF  srgba(169,11,82,1)
9,6: (43433,3598,22616,65535)  #A90E58FF  srgba(169,14,88,1)
10,6: (43433,4369,25700,65535)  #A91164FF  srgba(169,17,100,1)
11,6: (43433,4883,24158,65535)  #A9135EFF  srgba(169,19,94,1)
12,6: (43433,10023,22616,65535)  #A92758FF  srgba(169,39,88,1)
13,6: (43433,10280,19532,65535)  #A9284CFF  srgba(169,40,76,1)
14,6: (43433,14906,24672,65535)  #A93A60FF  srgba(169,58,96,1)
15,6: (43433,16448,17476,65535)  #A94044FF  srgba(169,64,68,1)
0,7: (43433,38293,0,65535)  #A99500FF  srgba(169,149,0,1)
1,7: (43433,38293,1028,65535)  #A99504FF  srgba(169,149,4,1)
2,7: (43433,40349,0,65535)  #A99D00FF  srgba(169,157,0,1)
3,7: (43433,41377,0,65535)  #A9A100FF  srgba(169,161,0,1)
4,7: (43690,4369,28527,65535)  #AA116FFF  srgba(170,17,111,1)
5,7: (43690,11822,26985,65535)  #AA2E69FF  srgba(170,46,105,1)
6,7: (43690,23130,17219,65535)  #AA5A43FF  srgba(170,90,67,1)
7,7: (43947,29298,15934,65535)  #AB723EFF  srgba(171,114,62,1)
8,7: (43947,36494,15934,65535)  #AB8E3EFF  srgba(171,142,62,1)
9,7: (43947,42662,17733,65535)  #ABA645FF  srgba(171,166,69,1)
10,7: (43947,43176,0,65535)  #ABA800FF  srgba(171,168,0,1)
11,7: (44204,4369,30326,65535)  #AC1176FF  srgba(172,17,118,1)
12,7: (44204,11565,23901,65535)  #AC2D5DFF  srgba(172,45,93,1)
13,7: (44204,31097,0,65535)  #AC7900FF  srgba(172,121,0,1)
14,7: (44204,42405,1799,65535)  #ACA507FF  srgba(172,165,7,1)
15,7: (44461,257,26214,65535)  #AD0166FF  srgba(173,1,102,1)
0,8: (44461,5397,24158,65535)  #AD155EFF  srgba(173,21,94,1)
1,8: (44461,8995,23901,65535)  #AD235DFF  srgba(173,35,93,1)
2,8: (44461,11822,7710,65535)  #AD2E1EFF  srgba(173,46,30,1)
3,8: (44461,24929,0,65535)  #AD6100FF  srgba(173,97,0,1)
4,8: (44461,35209,0,65535)  #AD8900FF  srgba(173,137,0,1)
5,8: (44718,3598,9509,65535)  #AE0E25FF  srgba(174,14,37,1)
6,8: (44718,8995,25186,65535)  #AE2362FF  srgba(174,35,98,1)
7,8: (44718,20560,0,65535)  #AE5000FF  srgba(174,80,0,1)
8,8: (44718,20817,25186,65535)  #AE5162FF  srgba(174,81,98,1)
9,8: (44718,25700,1799,65535)  #AE6407FF  srgba(174,100,7,1)
10,8: (44718,25700,11308,65535)  #AE642CFF  srgba(174,100,44,1)
11,8: (44718,32382,5911,65535)  #AE7E17FF  srgba(174,126,23,1)
12,8: (44975,3855,19532,65535)  #AF0F4CFF  srgba(175,15,76,1)
13,8: (44975,4883,22616,65535)  #AF1358FF  srgba(175,19,88,1)
14,8: (44975,10280,20560,65535)  #AF2850FF  srgba(175,40,80,1)
15,8: (44975,11822,25186,65535)  #AF2E62FF  srgba(175,46,98,1)
0,9: (44975,15420,21074,65535)  #AF3C52FF  srgba(175,60,82,1)
1,9: (44975,15677,3855,65535)  #AF3D0FFF  srgba(175,61,15,1)
2,9: (44975,16448,16962,65535)  #AF4042FF  srgba(175,64,66,1)
3,9: (44975,17990,1542,65535)  #AF4606FF  srgba(175,70,6,1)
4,9: (44975,20303,0,65535)  #AF4F00FF  srgba(175,79,0,1)
5,9: (44975,20303,6939,65535)  #AF4F1BFF  srgba(175,79,27,1)
6,9: (44975,32896,11565,65535)  #AF802DFF  srgba(175,128,45,1)
7,9: (45232,4626,26985,65535)  #B01269FF  srgba(176,18,105,1)
8,9: (45232,8995,26214,65535)  #B02366FF  srgba(176,35,102,1)
9,9: (45232,33410,9252,65535)  #B08224FF  srgba(176,130,36,1)
10,9: (45232,39578,10794,65535)  #B09A2AFF  srgba(176,154,42,1)
11,9: (45746,4883,25700,65535)  #B21364FF  srgba(178,19,100,1)
12,9: (45746,23130,17219,65535)  #B25A43FF  srgba(178,90,67,1)
13,9: (46003,37265,16448,65535)  #B39140FF  srgba(179,145,64,1)
14,9: (46260,28527,16191,65535)  #B46F3FFF  srgba(180,111,63,1)
15,9: (46517,257,26214,65535)  #B50166FF  srgba(181,1,102,1)
0,10: (46517,16191,18504,65535)  #B53F48FF  srgba(181,63,72,1)
1,10: (46774,5140,24158,65535)  #B6145EFF  srgba(182,20,94,1)
2,10: (47031,0,41634,65535)  #B700A2FF  srgba(183,0,162,1)
3,10: (47031,10023,19789,65535)  #B7274DFF  srgba(183,39,77,1)
4,10: (47288,0,32125,65535)  #B8007DFF  srgba(184,0,125,1)
5,10: (47288,2827,20303,65535)  #B80B4FFF  srgba(184,11,79,1)
6,10: (47545,33667,10280,65535)  #B98328FF  srgba(185,131,40,1)
7,10: (47802,8995,27499,65535)  #BA236BFF  srgba(186,35,107,1)
8,10: (48316,23901,257,65535)  #BC5D01FF  srgba(188,93,1,1)
9,10: (48316,24929,10794,65535)  #BC612AFF  srgba(188,97,42,1)
10,10: (48316,33924,514,65535)  #BC8402FF  srgba(188,132,2,1)
11,10: (48573,23130,16705,65535)  #BD5A41FF  srgba(189,90,65,1)
12,10: (48830,39321,10537,65535)  #BE9929FF  srgba(190,153,41,1)
13,10: (49087,16191,17990,65535)  #BF3F46FF  srgba(191,63,70,1)
14,10: (49087,29298,15934,65535)  #BF723EFF  srgba(191,114,62,1)
15,10: (49344,17219,0,65535)  #C04300FF  srgba(192,67,0,1)
0,11: (49601,15420,28013,65535)  #C13C6DFF  srgba(193,60,109,1)
1,11: (49858,15677,9766,65535)  #C23D26FF  srgba(194,61,38,1)
2,11: (49858,39321,0,65535)  #C29900FF  srgba(194,153,0,1)
3,11: (50115,4626,28527,65535)  #C3126FFF  srgba(195,18,111,1)
4,11: (50372,40863,3341,65535)  #C49F0DFF  srgba(196,159,13,1)
5,11: (50372,44204,0,65535)  #C4AC00FF  srgba(196,172,0,1)
6,11: (50372,44204,0,65535)  #C4AC00FF  srgba(196,172,0,1)
7,11: (50629,33667,25443,65535)  #C58363FF  srgba(197,131,99,1)
8,11: (50629,39321,0,65535)  #C59900FF  srgba(197,153,0,1)
9,11: (50886,8738,29041,65535)  #C62271FF  srgba(198,34,113,1)
10,11: (50886,37008,17476,65535)  #C69044FF  srgba(198,144,68,1)
11,11: (51400,15420,24415,65535)  #C83C5FFF  srgba(200,60,95,1)
12,11: (51657,0,25700,65535)  #C90064FF  srgba(201,0,100,1)
13,11: (51657,32896,10280,65535)  #C98028FF  srgba(201,128,40,1)
14,11: (52428,7710,18761,65535)  #CC1E49FF  srgba(204,30,73,1)
15,11: (52685,257,19532,65535)  #CD014CFF  srgba(205,1,76,1)
0,12: (53456,11822,26728,65535)  #D02E68FF  srgba(208,46,104,1)
1,12: (53970,33667,771,65535)  #D28303FF  srgba(210,131,3,1)
2,12: (54227,2056,10794,65535)  #D3082AFF  srgba(211,8,42,1)
3,12: (54227,4369,34695,65535)  #D31187FF  srgba(211,17,135,1)
4,12: (54227,15934,17219,65535)  #D33E43FF  srgba(211,62,67,1)
5,12: (54227,24672,10023,65535)  #D36027FF  srgba(211,96,39,1)
6,12: (54484,24415,771,65535)  #D45F03FF  srgba(212,95,3,1)
7,12: (55255,1799,4883,65535)  #D70713FF  srgba(215,7,19,1)
8,12: (57311,15420,4626,65535)  #DF3C12FF  srgba(223,60,18,1)
9,12: (57825,0,42919,65535)  #E100A7FF  srgba(225,0,167,1)
10,12: (58853,0,49858,65535)  #E500C2FF  srgba(229,0,194,1)
11,12: (59367,4626,30583,65535)  #E71277FF  srgba(231,18,119,1)
12,12: (59367,20560,26214,65535)  #E75066FF  srgba(231,80,102,1)
13,12: (59624,8738,33410,65535)  #E82282FF  srgba(232,34,130,1)
14,12: (59881,11822,31354,65535)  #E92E7AFF  srgba(233,46,122,1)
15,12: (60138,0,26214,65535)  #EA0066FF  srgba(234,0,102,1)
0,13: (60395,0,18504,65535)  #EB0048FF  srgba(235,0,72,1)
1,13: (60395,28527,16705,65535)  #EB6F41FF  srgba(235,111,65,1)
2,13: (60395,38550,18247,65535)  #EB9647FF  srgba(235,150,71,1)
3,13: (60652,5911,18504,65535)  #EC1748FF  srgba(236,23,72,1)
4,13: (60909,41891,0,65535)  #EDA300FF  srgba(237,163,0,1)
5,13: (61423,23644,17733,65535)  #EF5C45FF  srgba(239,92,69,1)
6,13: (61423,35209,26471,65535)  #EF8967FF  srgba(239,137,103,1)
7,13: (61937,31611,5654,65535)  #F17B16FF  srgba(241,123,22,1)
8,13: (62194,2056,8224,65535)  #F20820FF  srgba(242,8,32,1)
9,13: (62194,24929,7453,65535)  #F2611DFF  srgba(242,97,29,1)
10,13: (62451,41377,2570,65535)  #F3A10AFF  srgba(243,161,10,1)
11,13: (63736,0,34438,65535)  #F80086FF  srgba(248,0,134,1)
12,13: (63993,0,42919,65535)  #F900A7FF  srgba(249,0,167,1)
13,13: (64250,13621,2827,65535)  #FA350BFF  srgba(250,53,11,1)
14,13: (64250,16705,19018,65535)  #FA414AFF  srgba(250,65,74,1)
15,13: (64507,26214,0,65535)  #FB6600FF  srgba(251,102,0,1)
0,14: (64507,32639,0,65535)  #FB7F00FF  srgba(251,127,0,1)
1,14: (64507,37779,0,65535)  #FB9300FF  srgba(251,147,0,1)
2,14: (64507,42919,0,65535)  #FBA700FF  srgba(251,167,0,1)
3,14: (64764,6939,257,65535)  #FC1B01FF  srgba(252,27,1,1)
4,14: (64764,25186,0,65535)  #FC6200FF  srgba(252,98,0,1)
5,14: (64764,33924,0,65535)  #FC8400FF  srgba(252,132,0,1)
6,14: (64764,35723,0,65535)  #FC8B00FF  srgba(252,139,0,1)
7,14: (65021,15420,0,65535)  #FD3C00FF  srgba(253,60,0,1)
8,14: (65278,0,50886,65535)  #FE00C6FF  srgba(254,0,198,1)
9,14: (65278,15420,29555,65535)  #FE3C73FF  srgba(254,60,115,1)
10,14: (65278,43176,0,65535)  #FEA800FF  srgba(254,168,0,1)
11,14: (65535,0,43433,65535)  #FF00A9FF  srgba(255,0,169,1)
12,14: (65535,0,50372,65535)  #FF00C4FF  srgba(255,0,196,1)
13,14: (65535,0,50886,65535)  #FF00C6FF  srgba(255,0,198,1)
14,14: (65535,4626,35980,65535)  #FF128CFF  srgba(255,18,140,1)
15,14: (65535,6425,1028,65535)  #FF1904FF  srgba(255,25,4,1)
0,15: (65535,7453,0,65535)  #FF1D00FF  srgba(255,29,0,1)
1,15: (65535,14906,257,65535)  #FF3A01FF  srgba(255,58,1,1)
2,15: (65535,22359,0,65535)  #FF5700FF  srgba(255,87,0,1)
3,15: (65535,25443,1799,65535)  #FF6307FF  srgba(255,99,7,1)
4,15: (65535,26214,0,65535)  #FF6600FF  srgba(255,102,0,1)
5,15: (65535,31354,0,65535)  #FF7A00FF  srgba(255,122,0,1)
6,15: (65535,32382,771,65535)  #FF7E03FF  srgba(255,126,3,1)
7,15: (65535,34438,0,65535)  #FF8600FF  srgba(255,134,0,1)
8,15: (65535,35209,0,65535)  #FF8900FF  srgba(255,137,0,1)
9,15: (65535,38807,0,65535)  #FF9700FF  srgba(255,151,0,1)
10,15: (65535,39321,0,65535)  #FF9900FF  srgba(255,153,0,1)
11,15: (65535,43690,0,65535)  #FFAA00FF  srgba(255,170,0,1)
12,15: (65535,44204,0,65535)  #FFAC00FF  srgba(255,172,0,1)
13,15: (65535,44718,0,65535)  #FFAE00FF  srgba(255,174,0,1)
14,15: (65535,44975,0,65535)  #FFAF00FF  srgba(255,175,0,1)
15,15: (0,65535,0,0)  #00FF0000  srgba(0,255,0,0)
