# ImageMagick pixel enumeration: 16,16,65535,srgba
0,0: (0,0,0,65535)  #000000FF  black
1,0: (0,0,257,65535)  #000001FF  srgba(0,0,1,1)
2,0: (0,4626,10280,65535)  #001228FF  srgba(0,18,40,1)
3,0: (0,8224,18761,65535)  #002049FF  srgba(0,32,73,1)
4,0: (0,11051,23644,65535)  #002B5CFF  srgba(0,43,92,1)
5,0: (0,26471,49087,65535)  #0067BFFF  srgba(0,103,191,1)
6,0: (0,51143,63222,65535)  #00C7F6FF  srgba(0,199,246,1)
7,0: (0,57568,39578,65535)  #00E09AFF  srgba(0,224,154,1)
8,0: (0,58596,62965,65535)  #00E4F5FF  srgba(0,228,245,1)
9,0: (0,59110,60138,65535)  #00E6EAFF  srgba(0,230,234,1)
10,0: (257,16448,24158,65535)  #01405EFF  srgba(1,64,94,1)
11,0: (257,18247,36494,65535)  #01478EFF  srgba(1,71,142,1)
12,0: (257,23644,43690,65535)  #015CAAFF  srgba(1,92,170,1)
13,0: (257,24672,37265,65535)  #016091FF  srgba(1,96,145,1)
14,0: (257,31611,42148,65535)  #017BA4FF  srgba(1,123,164,1)
15,0: (257,37008,8738,65535)  #019022FF  srgba(1,144,34,1)
0,1: (257,38036,42662,65535)  #0194A6FF  srgba(1,148,166,1)
1,1: (257,39578,51143,65535)  #019AC7FF  srgba(1,154,199,1)
2,1: (257,42662,59624,65535)  #01A6E8FF  srgba(1,166,232,1)
3,1: (514,15934,18761,65535)  #023E49FF  srgba(2,62,73,1)
4,1: (514,16191,28784,65535)  #023F70FF  srgba(2,63,112,1)
5,1: (514,20303,29298,65535)  #024F72FF  srgba(2,79,114,1)
6,1: (514,25443,20817,65535)  #026351FF  srgba(2,99,81,1)
7,1: (514,32639,51143,65535)  #027FC7FF  srgba(2,127,199,1)
8,1: (514,35466,29041,65535)  #028A71FF  srgba(2,138,113,1)
9,1: (514,35723,57825,65535)  #028BE1FF  srgba(2,139,225,1)
10,1: (514,38550,19532,65535)  #02964CFF  srgba(2,150,76,1)
11,1: (514,49344,59624,65535)  #02C0E8FF  srgba(2,192,232,1)
12,1: (514,54227,21331,65535)  #02D353FF  srgba(2,211,83,1)
13,1: (514,56026,59624,65535)  #02DAE8FF  srgba(2,218,232,1)
14,1: (514,56797,30583,65535)  #02DD77FF  srgba(2,221,119,1)
15,1: (771,23901,30069,65535)  #035D75FF  srgba(3,93,117,1)
0,2: (771,26728,10794,65535)  #03682AFF  srgba(3,104,42,1)
1,2: (1542,1542,2827,65535)  #06060BFF  srgba(6,6,11,1)
2,2: (1542,56797,53456,65535)  #06DDD0FF  srgba(6,221,208,1)
3,2: (1799,11565,24929,65535)  #072D61FF  srgba(7,45,97,1)
4,2: (2056,9509,20560,65535)  #082550FF  srgba(8,37,80,1)
5,2: (2313,55255,40092,65535)  #09D79CFF  srgba(9,215,156,1)
6,2: (2570,48830,53713,65535)  #0ABED1FF  srgba(10,190,209,1)
7,2: (2827,6425,16705,65535)  #0B1941FF  srgba(11,25,65,1)
8,2: (6682,40606,59881,65535)  #1A9EE9FF  srgba(26,158,233,1)
9,2: (6939,31354,52685,65535)  #1B7ACDFF  srgba(27,122,205,1)
10,2: (6939,51914,63479,65535)  #1BCAF7FF  srgba(27,202,247,1)
11,2: (7196,28013,44975,65535)  #1C6DAFFF  srgba(28,109,175,1)
12,2: (7196,39578,54484,65535)  #1C9AD4FF  srgba(28,154,212,1)
13,2: (7453,58853,63736,65535)  #1DE5F8FF  srgba(29,229,248,1)
14,2: (7710,39321,46260,65535)  #1E99B4FF  srgba(30,153,180,1)
15,2: (7967,20046,36494,65535)  #1F4E8EFF  srgba(31,78,142,1)
0,3: (7967,27499,38550,65535)  #1F6B96FF  srgba(31,107,150,1)
1,3: (7967,62708,63993,65535)  #1FF4F9FF  srgba(31,244,249,1)
2,3: (11565,51143,59110,65535)  #2DC7E6FF  srgba(45,199,230,1)
3,3: (11565,58082,59881,65535)  #2DE2E9FF  srgba(45,226,233,1)
4,3: (12850,6682,12593,65535)  #321A31FF  srgba(50,26,49,1)
5,3: (12850,17733,12336,65535)  #324530FF  srgba(50,69,48,1)
6,3: (13107,16191,28270,65535)  #333F6EFF  srgba(51,63,110,1)
7,3: (14906,7967,18504,65535)  #3A1F48FF  srgba(58,31,72,1)
8,3: (15163,40863,60909,65535)  #3B9FEDFF  srgba(59,159,237,1)
9,3: (15934,57311,39835,65535)  #3EDF9BFF  srgba(62,223,155,1)
10,3: (16191,48830,53713,65535)  #3FBED1FF  srgba(63,190,209,1)
11,3: (16191,62708,64507,65535)  #3FF4FBFF  srgba(63,244,251,1)
12,3: (16448,11051,23644,65535)  #402B5CFF  srgba(64,43,92,1)
13,3: (17219,55255,63736,65535)  #43D7F8FF  srgba(67,215,248,1)
14,3: (17733,20303,29812,65535)  #454F74FF  srgba(69,79,116,1)
15,3: (17990,24672,29298,65535)  #466072FF  srgba(70,96,114,1)
0,4: (17990,58082,53456,65535)  #46E2D0FF  srgba(70,226,208,1)
1,4: (18247,28527,44975,65535)  #476FAFFF  srgba(71,111,175,1)
2,4: (18247,31611,52942,65535)  #477BCEFF  srgba(71,123,206,1)
3,4: (18504,16448,22873,65535)  #484059FF  srgba(72,64,89,1)
4,4: (18761,39321,54484,65535)  #4999D4FF  srgba(73,153,212,1)
5,4: (18761,56797,21074,65535)  #49DD52FF  srgba(73,221,82,1)
6,4: (18761,57311,30840,65535)  #49DF78FF  srgba(73,223,120,1)
7,4: (19018,27499,38293,65535)  #4A6B95FF  srgba(74,107,149,1)
8,4: (19018,36237,28784,65535)  #4A8D70FF  srgba(74,141,112,1)
9,4: (19018,39321,45746,65535)  #4A99B2FF  srgba(74,153,178,1)
10,4: (20046,20560,36494,65535)  #4E508EFF  srgba(78,80,142,1)
11,4: (20046,26985,10023,65535)  #4E6927FF  srgba(78,105,39,1)
12,4: (20303,29555,19789,65535)  #4F734DFF  srgba(79,115,77,1)
13,4: (21074,36751,11051,65535)  #528F2BFF  srgba(82,143,43,1)
14,4: (21588,40606,20303,65535)  #549E4FFF  srgba(84,158,79,1)
15,4: (22616,16191,28527,65535)  #583F6FFF  srgba(88,63,111,1)
0,5: (22616,41120,62451,65535)  #58A0F3FF  srgba(88,160,243,1)
1,5: (23130,19532,11308,65535)  #5A4C2CFF  srgba(90,76,44,1)
2,5: (23387,49601,64507,65535)  #5BC1FBFF  srgba(91,193,251,1)
3,5: (24158,57568,64250,65535)  #5EE0FAFF  srgba(94,224,250,1)
4,5: (24415,62708,64507,65535)  #5FF4FBFF  srgba(95,244,251,1)
5,5: (24929,51657,59624,65535)  #61C9E8FF  srgba(97,201,232,1)
6,5: (25186,59624,59881,65535)  #62E8E9FF  srgba(98,232,233,1)
7,5: (25957,62194,40606,65535)  #65F29EFF  srgba(101,242,158,1)
8,5: (27756,41120,62451,65535)  #6CA0F3FF  srgba(108,160,243,1)
9,5: (28013,52428,52942,65535)  #6DCCCEFF  srgba(109,204,206,1)
10,5: (28270,60909,51400,65535)  #6EEDC8FF  srgba(110,237,200,1)
11,5: (28527,55769,40349,65535)  #6FD99DFF  srgba(111,217,157,1)
12,5: (28784,54998,21331,65535)  #70D653FF  srgba(112,214,83,1)
13,5: (29812,8738,14906,65535)  #74223AFF  srgba(116,34,58,1)
14,5: (29812,56797,30840,65535)  #74DD78FF  srgba(116,221,120,1)
15,5: (30069,9509,19018,65535)  #75254AFF  srgba(117,37,74,1)
0,6: (30326,49601,64250,65535)  #76C1FAFF  srgba(118,193,250,1)
1,6: (30583,21331,35980,65535)  #77538CFF  srgba(119,83,140,1)
2,6: (30840,11308,23387,65535)  #782C5BFF  srgba(120,44,91,1)
3,6: (30840,25700,43176,65535)  #7864A8FF  srgba(120,100,168,1)
4,6: (30840,31868,54741,65535)  #787CD5FF  srgba(120,124,213,1)
5,6: (31097,57825,63993,65535)  #79E1F9FF  srgba(121,225,249,1)
6,6: (31354,30840,48316,65535)  #7A78BCFF  srgba(122,120,188,1)
7,6: (31354,62708,64507,65535)  #7AF4FBFF  srgba(122,244,251,1)
8,6: (31868,31097,43947,65535)  #7C79ABFF  srgba(124,121,171,1)
9,6: (32125,28013,37522,65535)  #7D6D92FF  srgba(125,109,146,1)
10,6: (32125,39321,54998,65535)  #7D99D6FF  srgba(125,153,214,1)
11,6: (32382,38807,49087,65535)  #7E97BFFF  srgba(126,151,191,1)
12,6: (32639,16962,28270,65535)  #7F426EFF  srgba(127,66,110,1)
13,6: (32639,32639,29298,65535)  #7F7F72FF  srgba(127,127,114,1)
14,6: (32639,39321,40863,65535)  #7F999FFF  srgba(127,153,159,1)
15,6: (32896,21588,29555,65535)  #805473FF  srgba(128,84,115,1)
0,7: (32896,34181,20303,65535)  #80854FFF  srgba(128,133,79,1)
1,7: (33153,19532,12593,65535)  #814C31FF  srgba(129,76,49,1)
2,7: (33153,33410,11051,65535)  #81822BFF  srgba(129,130,43,1)
3,7: (33410,16962,22873,65535)  #824259FF  srgba(130,66,89,1)
4,7: (34952,41377,62451,65535)  #88A1F3FF  srgba(136,161,243,1)
5,7: (35466,52942,59624,65535)  #8ACEE8FF  srgba(138,206,232,1)
6,7: (35723,59367,51914,65535)  #8BE7CAFF  srgba(139,231,202,1)
7,7: (37265,61166,59881,65535)  #91EEE9FF  srgba(145,238,233,1)
8,7: (37779,49858,52942,65535)  #93C2CEFF  srgba(147,194,206,1)
9,7: (38036,63736,64764,65535)  #94F8FCFF  srgba(148,248,252,1)
10,7: (39321,59881,64250,65535)  #99E9FAFF  srgba(153,233,250,1)
11,7: (39835,48059,64507,65535)  #9BBBFBFF  srgba(155,187,251,1)
12,7: (39835,54227,64507,65535)  #9BD3FBFF  srgba(155,211,251,1)
13,7: (40606,63222,51914,65535)  #9EF6CAFF  srgba(158,246,202,1)
14,7: (42662,50886,41120,65535)  #A6C6A0FF  srgba(166,198,160,1)
15,7: (42662,60138,41377,65535)  #A6EAA1FF  srgba(166,234,161,1)
0,8: (43176,54484,32125,65535)  #A8D47DFF  srgba(168,212,125,1)
1,8: (43947,63479,65021,65535)  #ABF7FDFF  srgba(171,247,253,1)
2,8: (44204,54227,21845,65535)  #ACD355FF  srgba(172,211,85,1)
3,8: (44461,57311,26471,65535)  #ADDF67FF  srgba(173,223,103,1)
4,8: (44718,28270,35723,65535)  #AE6E8BFF  srgba(174,110,139,1)
5,8: (44975,18504,27242,65535)  #AF486AFF  srgba(175,72,106,1)
6,8: (44975,50629,15677,65535)  #AFC53DFF  srgba(175,197,61,1)
7,8: (45232,38807,49601,65535)  #B097C1FF  srgba(176,151,193,1)
8,8: (45232,59624,51657,65535)  #B0E8C9FF  srgba(176,232,201,1)
9,8: (45232,62965,32125,65535)  #B0F57DFF  srgba(176,245,125,1)
10,8: (45232,62965,41377,65535)  #B0F5A1FF  srgba(176,245,161,1)
11,8: (45489,51400,59624,65535)  #B1C8E8FF  srgba(177,200,232,1)
12,8: (45746,37779,55255,65535)  #B293D7FF  srgba(178,147,215,1)
13,8: (45746,40092,61937,65535)  #B29CF1FF  srgba(178,156,241,1)
14,8: (45746,43947,62965,65535)  #B2ABF5FF  srgba(178,171,245,1)
15,8: (46003,31611,50886,65535)  #B37BC6FF  srgba(179,123,198,1)
0,9: (46003,49601,52428,65535)  #B3C1CCFF  srgba(179,193,204,1)
1,9: (46260,42662,56026,65535)  #B4A6DAFF  srgba(180,166,218,1)
2,9: (46517,15163,20817,65535)  #B53B51FF  srgba(181,59,81,1)
3,9: (46517,30069,44975,65535)  #B575AFFF  srgba(181,117,175,1)
4,9: (46774,9252,20303,65535)  #B6244FFF  srgba(182,36,79,1)
5,9: (46774,25186,13878,65535)  #B66236FF  srgba(182,98,54,1)
6,9: (46774,39578,8995,65535)  #B69A23FF  srgba(182,154,35,1)
7,9: (46774,51914,64250,65535)  #B6CAFAFF  srgba(182,202,250,1)
8,9: (46774,60138,64507,65535)  #B6EAFBFF  srgba(182,234,251,1)
9,9: (46774,62194,59367,65535)  #B6F2E7FF  srgba(182,242,231,1)
10,9: (47031,16705,15677,65535)  #B7413DFF  srgba(183,65,61,1)
11,9: (47031,22873,34695,65535)  #B75987FF  srgba(183,89,135,1)
12,9: (47031,23644,30069,65535)  #B75C75FF  srgba(183,92,117,1)
13,9: (47031,25186,40606,65535)  #B7629EFF  srgba(183,98,158,1)
14,9: (47031,37265,16191,65535)  #B7913FFF  srgba(183,145,63,1)
15,9: (47031,38293,44204,65535)  #B795ACFF  srgba(183,149,172,1)
0,10: (47031,39321,36751,65535)  #B7998FFF  srgba(183,153,143,1)
1,10: (47288,8995,15677,65535)  #B8233DFF  srgba(184,35,61,1)
2,10: (47288,12079,25443,65535)  #B82F63FF  srgba(184,47,99,1)
3,10: (47288,15163,26471,65535)  #B83B67FF  srgba(184,59,103,1)
4,10: (47288,17990,5654,65535)  #B84616FF  srgba(184,70,22,1)
5,10: (47288,31354,41120,65535)  #B87AA0FF  srgba(184,122,160,1)
6,10: (47288,32125,7710,65535)  #B87D1EFF  srgba(184,125,30,1)
7,10: (47288,62708,51657,65535)  #B8F4C9FF  srgba(184,244,201,1)
8,10: (47288,62708,64507,65535)  #B8F4FBFF  srgba(184,244,251,1)
9,10: (47545,18761,34181,65535)  #B94985FF  srgba(185,73,133,1)
10,10: (47545,24415,24415,65535)  #B95F5FFF  srgba(185,95,95,1)
11,10: (47545,32639,25700,65535)  #B97F64FF  srgba(185,127,100,1)
12,10: (47545,40863,25443,65535)  #B99F63FF  srgba(185,159,99,1)
13,10: (47802,24415,3598,65535)  #BA5F0EFF  srgba(186,95,14,1)
14,10: (48830,62194,47802,65535)  #BEF2BAFF  srgba(190,242,186,1)
15,10: (48830,62965,65021,65535)  #BEF5FDFF  srgba(190,245,253,1)
0,11: (49087,62708,63222,65535)  #BFF4F6FF  srgba(191,244,246,1)
1,11: (49344,18504,27756,65535)  #C0486CFF  srgba(192,72,108,1)
2,11: (49344,28013,35723,65535)  #C06D8BFF  srgba(192,109,139,1)
3,11: (49344,50115,64764,65535)  #C0C3FCFF  srgba(192,195,252,1)
4,11: (49344,55255,65021,65535)  #C0D7FDFF  srgba(192,215,253,1)
5,11: (49344,60909,65021,65535)  #C0EDFDFF  srgba(192,237,253,1)
6,11: (49344,61680,58339,65535)  #C0F0E3FF  srgba(192,240,227,1)
7,11: (49601,38036,49601,65535)  #C194C1FF  srgba(193,148,193,1)
8,11: (49601,50372,13621,65535)  #C1C435FF  srgba(193,196,53,1)
9,11: (49858,35723,8481,65535)  #C28B21FF  srgba(194,139,33,1)
10,11: (49858,52685,50372,65535)  #C2CDC4FF  srgba(194,205,196,1)
11,11: (50115,51914,19789,65535)  #C3CA4DFF  srgba(195,202,77,1)
12,11: (50115,52942,43176,65535)  #C3CEA8FF  srgba(195,206,168,1)
13,11: (50115,57568,24929,65535)  #C3E061FF  srgba(195,224,97,1)
14,11: (50372,14135,25700,65535)  #C43764FF  srgba(196,55,100,1)
15,11: (50372,40349,54741,65535)  #C49DD5FF  srgba(196,157,213,1)
0,12: (50372,41634,61166,65535)  #C4A2EEFF  srgba(196,162,238,1)
1,12: (50372,61680,47545,65535)  #C4F0B9FF  srgba(196,240,185,1)
2,12: (50629,25443,6425,65535)  #C56319FF  srgba(197,99,25,1)
3,12: (50629,46774,58853,65535)  #C5B6E5FF  srgba(197,182,229,1)
4,12: (50629,51657,58853,65535)  #C5C9E5FF  srgba(197,201,229,1)
5,12: (50629,59881,34438,65535)  #C5E986FF  srgba(197,233,134,1)
6,12: (50886,10537,15934,65535)  #C6293EFF  srgba(198,41,62,1)
7,12: (50886,18761,27499,65535)  #C6496BFF  srgba(198,73,107,1)
8,12: (50886,48316,24672,65535)  #C6BC60FF  srgba(198,188,96,1)
9,12: (50886,49858,63222,65535)  #C6C2F6FF  srgba(198,194,246,1)
10,12: (51143,10794,21074,65535)  #C72A52FF  srgba(199,42,82,1)
11,12: (51143,22359,34695,65535)  #C75787FF  srgba(199,87,135,1)
12,12: (51143,31611,24929,65535)  #C77B61FF  srgba(199,123,97,1)
13,12: (51143,37008,16705,65535)  #C79041FF  srgba(199,144,65,1)
14,12: (51143,59624,63479,65535)  #C7E8F7FF  srgba(199,232,247,1)
15,12: (51400,18247,12593,65535)  #C84731FF  srgba(200,71,49,1)
0,13: (51400,23130,28270,65535)  #C85A6EFF  srgba(200,90,110,1)
1,13: (51400,28784,35980,65535)  #C8708CFF  srgba(200,112,140,1)
2,13: (51657,49601,33153,65535)  #C9C181FF  srgba(201,193,129,1)
3,13: (51914,11822,19018,65535)  #CA2E4AFF  srgba(202,46,74,1)
4,13: (51914,35980,8224,65535)  #CA8C20FF  srgba(202,140,32,1)
5,13: (51914,38293,49601,65535)  #CA95C1FF  srgba(202,149,193,1)
6,13: (52171,25443,16191,65535)  #CB633FFF  srgba(203,99,63,1)
7,13: (52171,38550,38550,65535)  #CB9696FF  srgba(203,150,150,1)
8,13: (52171,41634,57568,65535)  #CBA2E0FF  srgba(203,162,224,1)
9,13: (52428,31868,48830,65535)  #CC7CBEFF  srgba(204,124,190,1)
10,13: (52428,51400,65021,65535)  #CCC8FDFF  srgba(204,200,253,1)
11,13: (52685,40349,25957,65535)  #CD9D65FF  srgba(205,157,101,1)
12,13: (52942,31097,44461,65535)  #CE79ADFF  srgba(206,121,173,1)
13,13: (53199,63479,65021,65535)  #CFF7FDFF  srgba(207,247,253,1)
14,13: (53456,27242,40606,65535)  #D06A9EFF  srgba(208,106,158,1)
15,13: (53713,16191,21331,65535)  #D13F53FF  srgba(209,63,83,1)
0,14: (53970,14135,25700,65535)  #D23764FF  srgba(210,55,100,1)
1,14: (54484,32125,41120,65535)  #D47DA0FF  srgba(212,125,160,1)
2,14: (54741,58853,65021,65535)  #D5E5FDFF  srgba(213,229,253,1)
3,14: (55255,22873,34438,65535)  #D75986FF  srgba(215,89,134,1)
4,14: (55769,61680,64764,65535)  #D9F0FCFF  srgba(217,240,252,1)
5,14: (56026,38036,45232,65535)  #DA94B0FF  srgba(218,148,176,1)
6,14: (56540,19018,26728,65535)  #DC4A68FF  srgba(220,74,104,1)
7,14: (57054,30840,25957,65535)  #DE7865FF  srgba(222,120,101,1)
8,14: (57825,60652,58853,65535)  #E1ECE5FF  srgba(225,236,229,1)
9,14: (58082,41891,56283,65535)  #E2A3DBFF  srgba(226,163,219,1)
10,14: (58082,61680,48059,65535)  #E2F0BBFF  srgba(226,240,187,1)
11,14: (58339,29041,35723,65535)  #E3718BFF  srgba(227,113,139,1)
12,14: (58339,50372,58339,65535)  #E3C4E3FF  srgba(227,196,227,1)
13,14: (58339,62965,63736,65535)  #E3F5F8FF  srgba(227,245,248,1)
14,14: (58596,53456,65021,65535)  #E4D0FDFF  srgba(228,208,253,1)
15,14: (58853,51914,45232,65535)  #E5CAB0FF  srgba(229,202,176,1)
0,15: (59367,23387,28013,65535)  #E75B6DFF  srgba(231,91,109,1)
1,15: (59367,40092,49344,65535)  #E79CC0FF  srgba(231,156,192,1)
2,15: (59881,38293,39578,65535)  #E9959AFF  srgba(233,149,154,1)
3,15: (59881,63479,65021,65535)  #E9F7FDFF  srgba(233,247,253,1)
4,15: (60395,49858,51914,65535)  #EBC2CAFF  srgba(235,194,202,1)
5,15: (61166,53970,62965,65535)  #EED2F5FF  srgba(238,210,245,1)
6,15: (62194,61937,63479,65535)  #F2F1F7FF  srgba(242,241,247,1)
7,15: (62451,59624,63222,65535)  #F3E8F6FF  srgba(243,232,246,1)
8,15: (62451,62451,63479,65535)  #F3F3F7FF  srgba(243,243,247,1)
9,15: (62965,59110,65021,65535)  #F5E6FDFF  srgba(245,230,253,1)
10,15: (62965,62451,63479,65535)  #F5F3F7FF  srgba(245,243,247,1)
11,15: (63222,62965,64764,65535)  #F6F5FCFF  srgba(246,245,252,1)
12,15: (63736,61680,64764,65535)  #F8F0FCFF  srgba(248,240,252,1)
13,15: (63993,60138,59624,65535)  #F9EAE8FF  srgba(249,234,232,1)
14,15: (64250,51657,57825,65535)  #FAC9E1FF  srgba(250,201,225,1)
15,15: (0,65535,0,0)  #00FF0000  srgba(0,255,0,0)
