# ImageMagick pixel enumeration: 16,16,65535,srgba
0,0: (0,0,0,65535)  #000000FF  black
1,0: (0,0,257,65535)  #000001FF  srgba(0,0,1,1)
2,0: (0,8995,8995,65535)  #002323FF  srgba(0,35,35,1)
3,0: (0,18247,16191,65535)  #00473FFF  srgba(0,71,63,1)
4,0: (0,21588,19532,65535)  #00544CFF  srgba(0,84,76,1)
5,0: (0,21845,21074,65535)  #005552FF  srgba(0,85,82,1)
6,0: (0,39064,43690,65535)  #0098AAFF  srgba(0,152,170,1)
7,0: (0,39321,42405,65535)  #0099A5FF  srgba(0,153,165,1)
8,0: (0,39321,43176,65535)  #0099A8FF  srgba(0,153,168,1)
9,0: (0,39578,40606,65535)  #009A9EFF  srgba(0,154,158,1)
10,0: (0,40349,43690,65535)  #009DAAFF  srgba(0,157,170,1)
11,0: (0,40863,44204,65535)  #009FACFF  srgba(0,159,172,1)
12,0: (0,41120,43947,65535)  #00A0ABFF  srgba(0,160,171,1)
13,0: (0,41120,46260,65535)  #00A0B4FF  srgba(0,160,180,1)
14,0: (0,42148,40863,65535)  #00A49FFF  srgba(0,164,159,1)
15,0: (0,42148,44718,65535)  #00A4AEFF  srgba(0,164,174,1)
0,1: (0,42148,47031,65535)  #00A4B7FF  srgba(0,164,183,1)
1,1: (0,42919,44461,65535)  #00A7ADFF  srgba(0,167,173,1)
2,1: (0,43176,49601,65535)  #00A8C1FF  srgba(0,168,193,1)
3,1: (0,43433,42405,65535)  #00A9A5FF  srgba(0,169,165,1)
4,1: (0,43433,46260,65535)  #00A9B4FF  srgba(0,169,180,1)
5,1: (0,43433,48830,65535)  #00A9BEFF  srgba(0,169,190,1)
6,1: (0,43690,47802,65535)  #00AABAFF  srgba(0,170,186,1)
7,1: (0,43947,44461,65535)  #00ABADFF  srgba(0,171,173,1)
8,1: (0,44204,41120,65535)  #00ACA0FF  srgba(0,172,160,1)
9,1: (0,44461,42919,65535)  #00ADA7FF  srgba(0,173,167,1)
10,1: (0,44461,49087,65535)  #00ADBFFF  srgba(0,173,191,1)
11,1: (0,44718,46774,65535)  #00AEB6FF  srgba(0,174,182,1)
12,1: (0,44975,49087,65535)  #00AFBFFF  srgba(0,175,191,1)
13,1: (0,45489,44461,65535)  #00B1ADFF  srgba(0,177,173,1)
14,1: (0,45746,50886,65535)  #00B2C6FF  srgba(0,178,198,1)
15,1: (0,46003,47802,65535)  #00B3BAFF  srgba(0,179,186,1)
0,2: (0,46517,48316,65535)  #00B5BCFF  srgba(0,181,188,1)
1,2: (0,46774,48830,65535)  #00B6BEFF  srgba(0,182,190,1)
2,2: (0,47031,44975,65535)  #00B7AFFF  srgba(0,183,175,1)
3,2: (0,47031,49601,65535)  #00B7C1FF  srgba(0,183,193,1)
4,2: (0,47288,44975,65535)  #00B8AFFF  srgba(0,184,175,1)
5,2: (0,47288,46774,65535)  #00B8B6FF  srgba(0,184,182,1)
6,2: (0,47288,51400,65535)  #00B8C8FF  srgba(0,184,200,1)
7,2: (0,48573,50886,65535)  #00BDC6FF  srgba(0,189,198,1)
8,2: (0,48573,52942,65535)  #00BDCEFF  srgba(0,189,206,1)
9,2: (0,50115,48573,65535)  #00C3BDFF  srgba(0,195,189,1)
10,2: (0,50115,50372,65535)  #00C3C4FF  srgba(0,195,196,1)
11,2: (0,50115,50629,65535)  #00C3C5FF  srgba(0,195,197,1)
12,2: (0,50115,52428,65535)  #00C3CCFF  srgba(0,195,204,1)
13,2: (0,50115,58596,65535)  #00C3E4FF  srgba(0,195,228,1)
14,2: (0,50629,47031,65535)  #00C5B7FF  srgba(0,197,183,1)
15,2: (0,50629,52428,65535)  #00C5CCFF  srgba(0,197,204,1)
0,3: (0,51143,54227,65535)  #00C7D3FF  srgba(0,199,211,1)
1,3: (0,51143,54741,65535)  #00C7D5FF  srgba(0,199,213,1)
2,3: (0,51657,48830,65535)  #00C9BEFF  srgba(0,201,190,1)
3,3: (0,51914,52428,65535)  #00CACCFF  srgba(0,202,204,1)
4,3: (0,52428,48830,65535)  #00CCBEFF  srgba(0,204,190,1)
5,3: (0,52428,54741,65535)  #00CCD5FF  srgba(0,204,213,1)
6,3: (0,52942,50372,65535)  #00CEC4FF  srgba(0,206,196,1)
7,3: (0,52942,50629,65535)  #00CEC5FF  srgba(0,206,197,1)
8,3: (0,52942,56540,65535)  #00CEDCFF  srgba(0,206,220,1)
9,3: (0,53199,54998,65535)  #00CFD6FF  srgba(0,207,214,1)
10,3: (0,53713,53199,65535)  #00D1CFFF  srgba(0,209,207,1)
11,3: (0,53970,52428,65535)  #00D2CCFF  srgba(0,210,204,1)
12,3: (0,54227,55255,65535)  #00D3D7FF  srgba(0,211,215,1)
13,3: (0,54741,55255,65535)  #00D5D7FF  srgba(0,213,215,1)
14,3: (0,54741,57311,65535)  #00D5DFFF  srgba(0,213,223,1)
15,3: (0,54741,57825,65535)  #00D5E1FF  srgba(0,213,225,1)
0,4: (0,54998,54484,65535)  #00D6D4FF  srgba(0,214,212,1)
1,4: (0,54998,55512,65535)  #00D6D8FF  srgba(0,214,216,1)
2,4: (0,55255,50629,65535)  #00D7C5FF  srgba(0,215,197,1)
3,4: (0,55769,59367,65535)  #00D9E7FF  srgba(0,217,231,1)
4,4: (0,56283,57568,65535)  #00DBE0FF  srgba(0,219,224,1)
5,4: (0,56540,52942,65535)  #00DCCEFF  srgba(0,220,206,1)
6,4: (0,56797,52685,65535)  #00DDCDFF  srgba(0,221,205,1)
7,4: (0,56797,55255,65535)  #00DDD7FF  srgba(0,221,215,1)
8,4: (0,56797,56026,65535)  #00DDDAFF  srgba(0,221,218,1)
9,4: (0,56797,56540,65535)  #00DDDCFF  srgba(0,221,220,1)
10,4: (0,57311,55512,65535)  #00DFD8FF  srgba(0,223,216,1)
11,4: (0,57311,56540,65535)  #00DFDCFF  srgba(0,223,220,1)
12,4: (0,57568,57825,65535)  #00E0E1FF  srgba(0,224,225,1)
13,4: (0,57825,54484,65535)  #00E1D4FF  srgba(0,225,212,1)
14,4: (0,57825,57054,65535)  #00E1DEFF  srgba(0,225,222,1)
15,4: (0,57825,59367,65535)  #00E1E7FF  srgba(0,225,231,1)
0,5: (0,58082,59110,65535)  #00E2E6FF  srgba(0,226,230,1)
1,5: (0,58082,59624,65535)  #00E2E8FF  srgba(0,226,232,1)
2,5: (0,58082,60652,65535)  #00E2ECFF  srgba(0,226,236,1)
3,5: (0,58339,53970,65535)  #00E3D2FF  srgba(0,227,210,1)
4,5: (0,58339,56283,65535)  #00E3DBFF  srgba(0,227,219,1)
5,5: (0,58339,56797,65535)  #00E3DDFF  srgba(0,227,221,1)
6,5: (0,58339,57311,65535)  #00E3DFFF  srgba(0,227,223,1)
7,5: (0,58339,58082,65535)  #00E3E2FF  srgba(0,227,226,1)
8,5: (0,58339,59110,65535)  #00E3E6FF  srgba(0,227,230,1)
9,5: (0,58339,59624,65535)  #00E3E8FF  srgba(0,227,232,1)
10,5: (0,58339,60138,65535)  #00E3EAFF  srgba(0,227,234,1)
11,5: (0,58339,60909,65535)  #00E3EDFF  srgba(0,227,237,1)
12,5: (0,58596,53713,65535)  #00E4D1FF  srgba(0,228,209,1)
13,5: (0,58596,55512,65535)  #00E4D8FF  srgba(0,228,216,1)
14,5: (0,58596,56283,65535)  #00E4DBFF  srgba(0,228,219,1)
15,5: (0,58596,56540,65535)  #00E4DCFF  srgba(0,228,220,1)
0,6: (0,58596,56797,65535)  #00E4DDFF  srgba(0,228,221,1)
1,6: (0,58596,57054,65535)  #00E4DEFF  srgba(0,228,222,1)
2,6: (0,58596,57568,65535)  #00E4E0FF  srgba(0,228,224,1)
3,6: (0,58596,58082,65535)  #00E4E2FF  srgba(0,228,226,1)
4,6: (0,58596,58596,65535)  #00E4E4FF  srgba(0,228,228,1)
5,6: (0,58596,59367,65535)  #00E4E7FF  srgba(0,228,231,1)
6,6: (0,58596,59881,65535)  #00E4E9FF  srgba(0,228,233,1)
7,6: (0,58853,54741,65535)  #00E5D5FF  srgba(0,229,213,1)
8,6: (0,58853,55255,65535)  #00E5D7FF  srgba(0,229,215,1)
9,6: (0,58853,56026,65535)  #00E5DAFF  srgba(0,229,218,1)
10,6: (0,58853,56797,65535)  #00E5DDFF  srgba(0,229,221,1)
11,6: (0,58853,57054,65535)  #00E5DEFF  srgba(0,229,222,1)
12,6: (0,58853,57311,65535)  #00E5DFFF  srgba(0,229,223,1)
13,6: (0,58853,57568,65535)  #00E5E0FF  srgba(0,229,224,1)
14,6: (0,58853,57825,65535)  #00E5E1FF  srgba(0,229,225,1)
15,6: (0,58853,58082,65535)  #00E5E2FF  srgba(0,229,226,1)
0,7: (0,58853,58339,65535)  #00E5E3FF  srgba(0,229,227,1)
1,7: (0,58853,58596,65535)  #00E5E4FF  srgba(0,229,228,1)
2,7: (0,58853,59110,65535)  #00E5E6FF  srgba(0,229,230,1)
3,7: (0,59110,54227,65535)  #00E6D3FF  srgba(0,230,211,1)
4,7: (0,59110,54998,65535)  #00E6D6FF  srgba(0,230,214,1)
5,7: (0,59110,55512,65535)  #00E6D8FF  srgba(0,230,216,1)
6,7: (0,59110,55769,65535)  #00E6D9FF  srgba(0,230,217,1)
7,7: (0,59110,56283,65535)  #00E6DBFF  srgba(0,230,219,1)
8,7: (0,59110,57054,65535)  #00E6DEFF  srgba(0,230,222,1)
9,7: (0,59367,52942,65535)  #00E7CEFF  srgba(0,231,206,1)
10,7: (0,59367,53456,65535)  #00E7D0FF  srgba(0,231,208,1)
11,7: (0,59367,53970,65535)  #00E7D2FF  srgba(0,231,210,1)
12,7: (0,59367,54741,65535)  #00E7D5FF  srgba(0,231,213,1)
13,7: (0,59367,54998,65535)  #00E7D6FF  srgba(0,231,214,1)
14,7: (0,59367,55769,65535)  #00E7D9FF  srgba(0,231,217,1)
15,7: (0,59367,56026,65535)  #00E7DAFF  srgba(0,231,218,1)
0,8: (0,59624,51400,65535)  #00E8C8FF  srgba(0,232,200,1)
1,8: (0,59624,56283,65535)  #00E8DBFF  srgba(0,232,219,1)
2,8: (0,60138,46774,65535)  #00EAB6FF  srgba(0,234,182,1)
3,8: (0,60652,42919,65535)  #00ECA7FF  srgba(0,236,167,1)
4,8: (257,771,257,65535)  #010301FF  srgba(1,3,1,1)
5,8: (257,3598,514,65535)  #010E02FF  srgba(1,14,2,1)
6,8: (257,44461,47545,65535)  #01ADB9FF  srgba(1,173,185,1)
7,8: (257,45746,49858,65535)  #01B2C2FF  srgba(1,178,194,1)
8,8: (257,48316,49087,65535)  #01BCBFFF  srgba(1,188,191,1)
9,8: (257,48316,51914,65535)  #01BCCAFF  srgba(1,188,202,1)
10,8: (257,50886,54484,65535)  #01C6D4FF  srgba(1,198,212,1)
11,8: (257,51143,52685,65535)  #01C7CDFF  srgba(1,199,205,1)
12,8: (257,54484,54998,65535)  #01D4D6FF  srgba(1,212,214,1)
13,8: (257,56026,57568,65535)  #01DAE0FF  srgba(1,218,224,1)
14,8: (257,57311,55255,65535)  #01DFD7FF  srgba(1,223,215,1)
15,8: (257,58082,58339,65535)  #01E2E3FF  srgba(1,226,227,1)
0,9: (257,58596,54998,65535)  #01E4D6FF  srgba(1,228,214,1)
1,9: (257,58596,57054,65535)  #01E4DEFF  srgba(1,228,222,1)
2,9: (257,61423,37522,65535)  #01EF92FF  srgba(1,239,146,1)
3,9: (514,2570,3084,65535)  #020A0CFF  srgba(2,10,12,1)
4,9: (514,17476,16448,65535)  #024440FF  srgba(2,68,64,1)
5,9: (514,40349,44204,65535)  #029DACFF  srgba(2,157,172,1)
6,9: (514,42919,44975,65535)  #02A7AFFF  srgba(2,167,175,1)
7,9: (514,44718,48573,65535)  #02AEBDFF  srgba(2,174,189,1)
8,9: (514,47545,48316,65535)  #02B9BCFF  srgba(2,185,188,1)
9,9: (514,48316,51400,65535)  #02BCC8FF  srgba(2,188,200,1)
10,9: (514,50886,50629,65535)  #02C6C5FF  srgba(2,198,197,1)
11,9: (514,51657,47031,65535)  #02C9B7FF  srgba(2,201,183,1)
12,9: (514,54741,52685,65535)  #02D5CDFF  srgba(2,213,205,1)
13,9: (514,56540,58339,65535)  #02DCE3FF  srgba(2,220,227,1)
14,9: (514,61680,33153,65535)  #02F081FF  srgba(2,240,129,1)
15,9: (771,3341,3598,65535)  #030D0EFF  srgba(3,13,14,1)
0,10: (771,23644,21588,65535)  #035C54FF  srgba(3,92,84,1)
1,10: (771,56797,55255,65535)  #03DDD7FF  srgba(3,221,215,1)
2,10: (1028,46517,44718,65535)  #04B5AEFF  srgba(4,181,174,1)
3,10: (1028,53970,50629,65535)  #04D2C5FF  srgba(4,210,197,1)
4,10: (1799,24672,18504,65535)  #076048FF  srgba(7,96,72,1)
5,10: (1799,50886,48573,65535)  #07C6BDFF  srgba(7,198,189,1)
6,10: (1799,53199,54484,65535)  #07CFD4FF  srgba(7,207,212,1)
7,10: (1799,57568,42662,65535)  #07E0A6FF  srgba(7,224,166,1)
8,10: (1799,60652,29041,65535)  #07EC71FF  srgba(7,236,113,1)
9,10: (2056,2056,2056,65535)  #080808FF  grey3
10,10: (2313,1542,1028,65535)  #090604FF  srgba(9,6,4,1)
11,10: (2313,13878,14135,65535)  #093637FF  srgba(9,54,55,1)
12,10: (2570,51143,47031,65535)  #0AC7B7FF  srgba(10,199,183,1)
13,10: (2570,51143,48573,65535)  #0AC7BDFF  srgba(10,199,189,1)
14,10: (2570,51914,43690,65535)  #0ACAAAFF  srgba(10,202,170,1)
15,10: (2570,52942,50372,65535)  #0ACEC4FF  srgba(10,206,196,1)
0,11: (2827,54227,52171,65535)  #0BD3CBFF  srgba(11,211,203,1)
1,11: (2827,57568,37008,65535)  #0BE090FF  srgba(11,224,144,1)
2,11: (3084,54227,50629,65535)  #0CD3C5FF  srgba(12,211,197,1)
3,11: (3341,7196,6168,65535)  #0D1C18FF  srgba(13,28,24,1)
4,11: (3341,48316,44975,65535)  #0DBCAFFF  srgba(13,188,175,1)
5,11: (3341,52942,36751,65535)  #0DCE8FFF  srgba(13,206,143,1)
6,11: (3598,6939,6939,65535)  #0E1B1BFF  srgba(14,27,27,1)
7,11: (3598,48573,47031,65535)  #0EBDB7FF  srgba(14,189,183,1)
8,11: (3598,54741,29812,65535)  #0ED574FF  srgba(14,213,116,1)
9,11: (3855,29555,13621,65535)  #0F7335FF  srgba(15,115,53,1)
10,11: (4112,4112,4112,65535)  #101010FF  srgba(16,16,16,1)
11,11: (4369,54998,52685,65535)  #11D6CDFF  srgba(17,214,205,1)
12,11: (4369,55255,54741,65535)  #11D7D5FF  srgba(17,215,213,1)
13,11: (4626,51914,48573,65535)  #12CABDFF  srgba(18,202,189,1)
14,11: (4883,28013,26471,65535)  #136D67FF  srgba(19,109,103,1)
15,11: (4883,52942,21588,65535)  #13CE54FF  srgba(19,206,84,1)
0,12: (5140,28527,27242,65535)  #146F6AFF  srgba(20,111,106,1)
1,12: (5140,35209,33153,65535)  #148981FF  srgba(20,137,129,1)
2,12: (5397,28784,26985,65535)  #157069FF  srgba(21,112,105,1)
3,12: (5397,29812,27756,65535)  #15746CFF  srgba(21,116,108,1)
4,12: (5654,51657,46517,65535)  #16C9B5FF  srgba(22,201,181,1)
5,12: (5911,53970,50629,65535)  #17D2C5FF  srgba(23,210,197,1)
6,12: (5911,54998,25700,65535)  #17D664FF  srgba(23,214,100,1)
7,12: (6168,34438,32896,65535)  #188680FF  srgba(24,134,128,1)
8,12: (6425,28527,23387,65535)  #196F5BFF  srgba(25,111,91,1)
9,12: (6425,34695,33153,65535)  #198781FF  srgba(25,135,129,1)
10,12: (6939,34952,33667,65535)  #1B8883FF  srgba(27,136,131,1)
11,12: (7196,9252,9252,65535)  #1C2424FF  srgba(28,36,36,1)
12,12: (7710,26985,18504,65535)  #1E6948FF  srgba(30,105,72,1)
13,12: (7967,52942,41120,65535)  #1FCEA0FF  srgba(31,206,160,1)
14,12: (7967,53456,35209,65535)  #1FD089FF  srgba(31,208,137,1)
15,12: (7967,54484,29555,65535)  #1FD473FF  srgba(31,212,115,1)
0,13: (8738,26214,19275,65535)  #22664BFF  srgba(34,102,75,1)
1,13: (8995,27242,11051,65535)  #236A2BFF  srgba(35,106,43,1)
2,13: (10280,24672,21588,65535)  #286054FF  srgba(40,96,84,1)
3,13: (10280,44461,24672,65535)  #28AD60FF  srgba(40,173,96,1)
4,13: (10280,52428,38293,65535)  #28CC95FF  srgba(40,204,149,1)
5,13: (11051,24929,13621,65535)  #2B6135FF  srgba(43,97,53,1)
6,13: (11822,13364,12850,65535)  #2E3432FF  srgba(46,52,50,1)
7,13: (11822,48316,35980,65535)  #2EBC8CFF  srgba(46,188,140,1)
8,13: (12593,12593,13107,65535)  #313133FF  srgba(49,49,51,1)
9,13: (12593,52171,28784,65535)  #31CB70FF  srgba(49,203,112,1)
10,13: (12850,12593,12593,65535)  #323131FF  srgba(50,49,49,1)
11,13: (12850,52171,23130,65535)  #32CB5AFF  srgba(50,203,90,1)
12,13: (13107,12850,13107,65535)  #333233FF  srgba(51,50,51,1)
13,13: (13107,13107,13107,65535)  #333333FF  grey20
14,13: (13107,44975,38550,65535)  #33AF96FF  srgba(51,175,150,1)
15,13: (13107,46517,45746,65535)  #33B5B2FF  srgba(51,181,178,1)
0,14: (13364,24158,19018,65535)  #345E4AFF  srgba(52,94,74,1)
1,14: (13364,41377,32125,65535)  #34A17DFF  srgba(52,161,125,1)
2,14: (14135,24672,11051,65535)  #37602BFF  srgba(55,96,43,1)
3,14: (14135,50886,37522,65535)  #37C692FF  srgba(55,198,146,1)
4,14: (14392,35209,33924,65535)  #388984FF  srgba(56,137,132,1)
5,14: (14649,22102,16705,65535)  #395641FF  srgba(57,86,65,1)
6,14: (15163,42405,26471,65535)  #3BA567FF  srgba(59,165,103,1)
7,14: (15934,42148,21588,65535)  #3EA454FF  srgba(62,164,84,1)
8,14: (17733,39064,34438,65535)  #459886FF  srgba(69,152,134,1)
9,14: (17733,46517,35723,65535)  #45B58BFF  srgba(69,181,139,1)
10,14: (18247,21331,16191,65535)  #47533FFF  srgba(71,83,63,1)
11,14: (19275,45232,44718,65535)  #4BB0AEFF  srgba(75,176,174,1)
12,14: (19532,21845,21331,65535)  #4C5553FF  srgba(76,85,83,1)
13,14: (19532,41634,26471,65535)  #4CA267FF  srgba(76,162,103,1)
14,14: (20046,31611,23644,65535)  #4E7B5CFF  srgba(78,123,92,1)
15,14: (20303,39578,20817,65535)  #4F9A51FF  srgba(79,154,81,1)
0,15: (21331,45232,44461,65535)  #53B0ADFF  srgba(83,176,173,1)
1,15: (21588,21845,22102,65535)  #545556FF  srgba(84,85,86,1)
2,15: (21588,45232,35980,65535)  #54B08CFF  srgba(84,176,140,1)
3,15: (21845,21845,21074,65535)  #555552FF  srgba(85,85,82,1)
4,15: (21845,38293,34695,65535)  #559587FF  srgba(85,149,135,1)
5,15: (22102,45746,44975,65535)  #56B2AFFF  srgba(86,178,175,1)
6,15: (23130,46774,46003,65535)  #5AB6B3FF  srgba(90,182,179,1)
7,15: (26728,32125,31354,65535)  #687D7AFF  srgba(104,125,122,1)
8,15: (26985,32125,27242,65535)  #697D6AFF  srgba(105,125,106,1)
9,15: (30069,30069,30326,65535)  #757576FF  srgba(117,117,118,1)
10,15: (30583,30069,30840,65535)  #777578FF  srgba(119,117,120,1)
11,15: (30583,30583,30326,65535)  #777776FF  srgba(119,119,118,1)
12,15: (33924,33667,33667,65535)  #848383FF  srgba(132,131,131,1)
13,15: (38807,38550,39064,65535)  #979698FF  srgba(151,150,152,1)
14,15: (39064,39064,39321,65535)  #989899FF  srgba(152,152,153,1)
15,15: (0,65535,0,0)  #00FF0000  srgba(0,255,0,0)
