# ImageMagick pixel enumeration: 16,16,65535,srgba
0,0: (0,0,0,65535)  #000000FF  black
1,0: (0,0,257,65535)  #000001FF  srgba(0,0,1,1)
2,0: (514,0,514,65535)  #020002FF  srgba(2,0,2,1)
3,0: (1028,257,1542,65535)  #040106FF  srgba(4,1,6,1)
4,0: (1285,0,2056,65535)  #050008FF  srgba(5,0,8,1)
5,0: (1542,1028,1799,65535)  #060407FF  srgba(6,4,7,1)
6,0: (2313,257,3341,65535)  #09010DFF  srgba(9,1,13,1)
7,0: (2313,1285,2313,65535)  #090509FF  srgba(9,5,9,1)
8,0: (2313,2056,2570,65535)  #09080AFF  srgba(9,8,10,1)
9,0: (2570,2056,3084,65535)  #0A080CFF  srgba(10,8,12,1)
10,0: (2827,514,4883,65535)  #0B0213FF  srgba(11,2,19,1)
11,0: (2827,1285,2570,65535)  #0B050AFF  srgba(11,5,10,1)
12,0: (3084,771,3598,65535)  #0C030EFF  srgba(12,3,14,1)
13,0: (3084,2570,3341,65535)  #0C0A0DFF  srgba(12,10,13,1)
14,0: (3341,1799,3084,65535)  #0D070CFF  srgba(13,7,12,1)
15,0: (3598,771,4626,65535)  #0E0312FF  srgba(14,3,18,1)
0,1: (3598,2056,3598,65535)  #0E080EFF  srgba(14,8,14,1)
1,1: (3855,1542,4626,65535)  #0F0612FF  srgba(15,6,18,1)
2,1: (4112,2570,3598,65535)  #100A0EFF  srgba(16,10,14,1)
3,1: (4112,3341,4883,65535)  #100D13FF  srgba(16,13,19,1)
4,1: (4369,1285,4883,65535)  #110513FF  srgba(17,5,19,1)
5,1: (4626,1028,5911,65535)  #120417FF  srgba(18,4,23,1)
6,1: (4626,1542,8224,65535)  #120620FF  srgba(18,6,32,1)
7,1: (4626,2827,3855,65535)  #120B0FFF  srgba(18,11,15,1)
8,1: (4626,3341,4883,65535)  #120D13FF  srgba(18,13,19,1)
9,1: (4626,3855,5911,65535)  #120F17FF  srgba(18,15,23,1)
10,1: (5397,1285,6168,65535)  #150518FF  srgba(21,5,24,1)
11,1: (5397,3084,5654,65535)  #150C16FF  srgba(21,12,22,1)
12,1: (5397,3855,6168,65535)  #150F18FF  srgba(21,15,24,1)
13,1: (5911,2570,7967,65535)  #170A1FFF  srgba(23,10,31,1)
14,1: (5911,5397,6939,65535)  #17151BFF  srgba(23,21,27,1)
15,1: (6168,1799,6682,65535)  #18071AFF  srgba(24,7,26,1)
0,2: (6168,4112,6425,65535)  #181019FF  srgba(24,16,25,1)
1,2: (6425,3341,7967,65535)  #190D1FFF  srgba(25,13,31,1)
2,2: (6682,2570,8224,65535)  #1A0A20FF  srgba(26,10,32,1)
3,2: (6682,4883,7967,65535)  #1A131FFF  srgba(26,19,31,1)
4,2: (6939,2313,6682,65535)  #1B091AFF  srgba(27,9,26,1)
5,2: (6939,4112,6168,65535)  #1B1018FF  srgba(27,16,24,1)
6,2: (6939,5654,8481,65535)  #1B1621FF  srgba(27,22,33,1)
7,2: (7196,2056,8481,65535)  #1C0821FF  srgba(28,8,33,1)
8,2: (7196,3084,3341,65535)  #1C0C0DFF  srgba(28,12,13,1)
9,2: (7196,5911,6682,65535)  #1C171AFF  srgba(28,23,26,1)
10,2: (7196,6168,7710,65535)  #1C181EFF  srgba(28,24,30,1)
11,2: (7453,4112,8481,65535)  #1D1021FF  srgba(29,16,33,1)
12,2: (7710,5654,9252,65535)  #1E1624FF  srgba(30,22,36,1)
13,2: (7967,2056,9509,65535)  #1F0825FF  srgba(31,8,37,1)
14,2: (7967,3598,8481,65535)  #1F0E21FF  srgba(31,14,33,1)
15,2: (7967,4112,5654,65535)  #1F1016FF  srgba(31,16,22,1)
0,3: (7967,6682,8481,65535)  #1F1A21FF  srgba(31,26,33,1)
1,3: (8224,3341,9766,65535)  #200D26FF  srgba(32,13,38,1)
2,3: (8224,6939,9766,65535)  #201B26FF  srgba(32,27,38,1)
3,3: (8738,2570,11308,65535)  #220A2CFF  srgba(34,10,44,1)
4,3: (8738,2827,10023,65535)  #220B27FF  srgba(34,11,39,1)
5,3: (8738,6425,9766,65535)  #221926FF  srgba(34,25,38,1)
6,3: (8995,3084,10280,65535)  #230C28FF  srgba(35,12,40,1)
7,3: (9252,3341,10537,65535)  #240D29FF  srgba(36,13,41,1)
8,3: (9252,4112,5911,65535)  #241017FF  srgba(36,16,23,1)
9,3: (9252,6168,9509,65535)  #241825FF  srgba(36,24,37,1)
10,3: (9252,6682,10537,65535)  #241A29FF  srgba(36,26,41,1)
11,3: (9509,3084,11565,65535)  #250C2DFF  srgba(37,12,45,1)
12,3: (9509,5397,6168,65535)  #251518FF  srgba(37,21,24,1)
13,3: (9509,7196,11308,65535)  #251C2CFF  srgba(37,28,44,1)
14,3: (9509,7453,10023,65535)  #251D27FF  srgba(37,29,39,1)
15,3: (9766,3341,11822,65535)  #260D2EFF  srgba(38,13,46,1)
0,4: (9766,7453,10537,65535)  #261D29FF  srgba(38,29,41,1)
1,4: (10023,7453,11822,65535)  #271D2EFF  srgba(39,29,46,1)
2,4: (10023,9766,23130,65535)  #27265AFF  srgba(39,38,90,1)
3,4: (10537,3855,12336,65535)  #290F30FF  srgba(41,15,48,1)
4,4: (10537,3855,13107,65535)  #290F33FF  srgba(41,15,51,1)
5,4: (10537,8481,12336,65535)  #292130FF  srgba(41,33,48,1)
6,4: (10537,8738,9766,65535)  #292226FF  srgba(41,34,38,1)
7,4: (10537,8738,10537,65535)  #292229FF  srgba(41,34,41,1)
8,4: (10537,9252,12079,65535)  #29242FFF  srgba(41,36,47,1)
9,4: (10794,4112,13621,65535)  #2A1035FF  srgba(42,16,53,1)
10,4: (10794,10794,27756,65535)  #2A2A6CFF  srgba(42,42,108,1)
11,4: (11051,9766,9252,65535)  #2B2624FF  srgba(43,38,36,1)
12,4: (11308,4112,5911,65535)  #2C1017FF  srgba(44,16,23,1)
13,4: (11308,4112,9509,65535)  #2C1025FF  srgba(44,16,37,1)
14,4: (11308,5911,7967,65535)  #2C171FFF  srgba(44,23,31,1)
15,4: (11308,7196,12079,65535)  #2C1C2FFF  srgba(44,28,47,1)
0,5: (11308,7453,13878,65535)  #2C1D36FF  srgba(44,29,54,1)
1,5: (11565,4112,14135,65535)  #2D1037FF  srgba(45,16,55,1)
2,5: (11822,8995,14135,65535)  #2E2337FF  srgba(46,35,55,1)
3,5: (11822,11822,11822,65535)  #2E2E2EFF  grey18
4,5: (12079,5140,14649,65535)  #2F1439FF  srgba(47,20,57,1)
5,5: (12336,4626,14906,65535)  #30123AFF  srgba(48,18,58,1)
6,5: (12336,7453,9252,65535)  #301D24FF  srgba(48,29,36,1)
7,5: (12336,7967,7453,65535)  #301F1DFF  srgba(48,31,29,1)
8,5: (12336,10537,9766,65535)  #302926FF  srgba(48,41,38,1)
9,5: (12336,10794,10537,65535)  #302A29FF  srgba(48,42,41,1)
10,5: (12850,4626,15677,65535)  #32123DFF  srgba(50,18,61,1)
11,5: (12850,10794,14649,65535)  #322A39FF  srgba(50,42,57,1)
12,5: (13107,5397,15677,65535)  #33153DFF  srgba(51,21,61,1)
13,5: (13107,5654,6425,65535)  #331619FF  srgba(51,22,25,1)
14,5: (13107,6425,15420,65535)  #33193CFF  srgba(51,25,60,1)
15,5: (13107,8481,8481,65535)  #332121FF  srgba(51,33,33,1)
0,6: (13364,6168,9252,65535)  #341824FF  srgba(52,24,36,1)
1,6: (13364,10280,12336,65535)  #342830FF  srgba(52,40,48,1)
2,6: (13621,4112,16705,65535)  #351041FF  srgba(53,16,65,1)
3,6: (13621,10794,17733,65535)  #352A45FF  srgba(53,42,69,1)
4,6: (13621,11565,28784,65535)  #352D70FF  srgba(53,45,112,1)
5,6: (13878,5654,16448,65535)  #361640FF  srgba(54,22,64,1)
6,6: (13878,14392,28784,65535)  #363870FF  srgba(54,56,112,1)
7,6: (14135,10023,22616,65535)  #372758FF  srgba(55,39,88,1)
8,6: (14392,5911,17476,65535)  #381744FF  srgba(56,23,68,1)
9,6: (14392,6939,17733,65535)  #381B45FF  srgba(56,27,69,1)
10,6: (14392,7967,15677,65535)  #381F3DFF  srgba(56,31,61,1)
11,6: (14392,12336,12336,65535)  #383030FF  srgba(56,48,48,1)
12,6: (14392,14906,34181,65535)  #383A85FF  srgba(56,58,133,1)
13,6: (14906,10023,15420,65535)  #3A273CFF  srgba(58,39,60,1)
14,6: (14906,10794,15420,65535)  #3A2A3CFF  srgba(58,42,60,1)
15,6: (14906,11822,15163,65535)  #3A2E3BFF  srgba(58,46,59,1)
0,7: (15163,6682,17990,65535)  #3B1A46FF  srgba(59,26,70,1)
1,7: (15163,8995,20303,65535)  #3B234FFF  srgba(59,35,79,1)
2,7: (15420,3855,19532,65535)  #3C0F4CFF  srgba(60,15,76,1)
3,7: (15420,6168,8224,65535)  #3C1820FF  srgba(60,24,32,1)
4,7: (15420,7967,19275,65535)  #3C1F4BFF  srgba(60,31,75,1)
5,7: (15420,10280,17990,65535)  #3C2846FF  srgba(60,40,70,1)
6,7: (15420,13621,22616,65535)  #3C3558FF  srgba(60,53,88,1)
7,7: (15677,6168,18247,65535)  #3D1847FF  srgba(61,24,71,1)
8,7: (15677,12336,19275,65535)  #3D304BFF  srgba(61,48,75,1)
9,7: (15677,12850,15163,65535)  #3D323BFF  srgba(61,50,59,1)
10,7: (15677,13107,20303,65535)  #3D334FFF  srgba(61,51,79,1)
11,7: (15677,15163,15420,65535)  #3D3B3CFF  srgba(61,59,60,1)
12,7: (15934,6682,18504,65535)  #3E1A48FF  srgba(62,26,72,1)
13,7: (16191,6425,19275,65535)  #3F194BFF  srgba(63,25,75,1)
14,7: (16191,9252,17990,65535)  #3F2446FF  srgba(63,36,70,1)
15,7: (16191,11822,15934,65535)  #3F2E3EFF  srgba(63,46,62,1)
0,8: (16448,12593,17733,65535)  #403145FF  srgba(64,49,69,1)
1,8: (16705,6682,20303,65535)  #411A4FFF  srgba(65,26,79,1)
2,8: (16705,6939,19789,65535)  #411B4DFF  srgba(65,27,77,1)
3,8: (17476,7453,20303,65535)  #441D4FFF  srgba(68,29,79,1)
4,8: (17990,11822,16448,65535)  #462E40FF  srgba(70,46,64,1)
5,8: (17990,11822,19275,65535)  #462E4BFF  srgba(70,46,75,1)
6,8: (18247,7453,21588,65535)  #471D54FF  srgba(71,29,84,1)
7,8: (18247,12336,22102,65535)  #473056FF  srgba(71,48,86,1)
8,8: (18504,6682,9766,65535)  #481A26FF  srgba(72,26,38,1)
9,8: (18504,13107,16191,65535)  #48333FFF  srgba(72,51,63,1)
10,8: (18504,13107,19275,65535)  #48334BFF  srgba(72,51,75,1)
11,8: (18504,14906,17219,65535)  #483A43FF  srgba(72,58,67,1)
12,8: (18761,8224,22102,65535)  #492056FF  srgba(73,32,86,1)
13,8: (18761,9252,10280,65535)  #492428FF  srgba(73,36,40,1)
14,8: (18761,14392,15677,65535)  #49383DFF  srgba(73,56,61,1)
15,8: (19018,8738,22359,65535)  #4A2257FF  srgba(74,34,87,1)
0,9: (19018,12336,12850,65535)  #4A3032FF  srgba(74,48,50,1)
1,9: (19018,14135,21588,65535)  #4A3754FF  srgba(74,55,84,1)
2,9: (19018,14392,18247,65535)  #4A3847FF  srgba(74,56,71,1)
3,9: (19018,14649,24158,65535)  #4A395EFF  srgba(74,57,94,1)
4,9: (19018,16705,18247,65535)  #4A4147FF  srgba(74,65,71,1)
5,9: (19275,14392,19532,65535)  #4B384CFF  srgba(75,56,76,1)
6,9: (19275,15420,23901,65535)  #4B3C5DFF  srgba(75,60,93,1)
7,9: (19275,17219,27242,65535)  #4B436AFF  srgba(75,67,106,1)
8,9: (19275,17476,22616,65535)  #4B4458FF  srgba(75,68,88,1)
9,9: (19532,8995,12079,65535)  #4C232FFF  srgba(76,35,47,1)
10,9: (19532,19275,19789,65535)  #4C4B4DFF  srgba(76,75,77,1)
11,9: (19789,7967,23130,65535)  #4D1F5AFF  srgba(77,31,90,1)
12,9: (19789,15677,19532,65535)  #4D3D4CFF  srgba(77,61,76,1)
13,9: (20046,9766,23387,65535)  #4E265BFF  srgba(78,38,91,1)
14,9: (20817,9252,24158,65535)  #51245EFF  srgba(81,36,94,1)
15,9: (20817,16962,32896,65535)  #514280FF  srgba(81,66,128,1)
0,10: (21331,15420,21331,65535)  #533C53FF  srgba(83,60,83,1)
1,10: (21331,15420,24929,65535)  #533C61FF  srgba(83,60,97,1)
2,10: (21331,15677,19018,65535)  #533D4AFF  srgba(83,61,74,1)
3,10: (21588,9509,24415,65535)  #54255FFF  srgba(84,37,95,1)
4,10: (21588,14906,16191,65535)  #543A3FFF  srgba(84,58,63,1)
5,10: (21588,16962,24672,65535)  #544260FF  srgba(84,66,96,1)
6,10: (21588,19789,21331,65535)  #544D53FF  srgba(84,77,83,1)
7,10: (21845,12850,16962,65535)  #553242FF  srgba(85,50,66,1)
8,10: (21845,20303,23901,65535)  #554F5DFF  srgba(85,79,93,1)
9,10: (22102,8995,25957,65535)  #562365FF  srgba(86,35,101,1)
10,10: (22359,10537,25957,65535)  #572965FF  srgba(87,41,101,1)
11,10: (22616,10537,12593,65535)  #582931FF  srgba(88,41,49,1)
12,10: (22873,8224,12593,65535)  #592031FF  srgba(89,32,49,1)
13,10: (22873,14906,17219,65535)  #593A43FF  srgba(89,58,67,1)
14,10: (22873,17219,21845,65535)  #594355FF  srgba(89,67,85,1)
15,10: (23130,12336,14392,65535)  #5A3038FF  srgba(90,48,56,1)
0,11: (23130,17219,25957,65535)  #5A4365FF  srgba(90,67,101,1)
1,11: (23387,9766,23901,65535)  #5B265DFF  srgba(91,38,93,1)
2,11: (23644,10537,27499,65535)  #5C296BFF  srgba(92,41,107,1)
3,11: (23644,23644,23387,65535)  #5C5C5BFF  srgba(92,92,91,1)
4,11: (23901,9252,14135,65535)  #5D2437FF  srgba(93,36,55,1)
5,11: (24158,15677,18247,65535)  #5E3D47FF  srgba(94,61,71,1)
6,11: (24158,17733,26214,65535)  #5E4566FF  srgba(94,69,102,1)
7,11: (24415,11051,28013,65535)  #5F2B6DFF  srgba(95,43,109,1)
8,11: (24672,19275,32896,65535)  #604B80FF  srgba(96,75,128,1)
9,11: (25186,9509,14135,65535)  #622537FF  srgba(98,37,55,1)
10,11: (25443,11308,29812,65535)  #632C74FF  srgba(99,44,116,1)
11,11: (25443,16448,19789,65535)  #63404DFF  srgba(99,64,77,1)
12,11: (25443,25443,25700,65535)  #636364FF  srgba(99,99,100,1)
13,11: (25700,9509,15420,65535)  #64253CFF  srgba(100,37,60,1)
14,11: (25700,11308,28270,65535)  #642C6EFF  srgba(100,44,110,1)
15,11: (25700,11565,15420,65535)  #642D3CFF  srgba(100,45,60,1)
0,12: (26471,17733,28784,65535)  #674570FF  srgba(103,69,112,1)
1,12: (26985,10280,16191,65535)  #69283FFF  srgba(105,40,63,1)
2,12: (26985,12336,31097,65535)  #693079FF  srgba(105,48,121,1)
3,12: (27756,24415,32896,65535)  #6C5F80FF  srgba(108,95,128,1)
4,12: (27756,27499,27756,65535)  #6C6B6CFF  srgba(108,107,108,1)
5,12: (28013,10537,17733,65535)  #6D2945FF  srgba(109,41,69,1)
6,12: (28013,12336,33410,65535)  #6D3082FF  srgba(109,48,130,1)
7,12: (28270,16705,20560,65535)  #6E4150FF  srgba(110,65,80,1)
8,12: (28527,14135,33924,65535)  #6F3784FF  srgba(111,55,132,1)
9,12: (28784,16448,33153,65535)  #704081FF  srgba(112,64,129,1)
10,12: (29298,13107,34695,65535)  #723387FF  srgba(114,51,135,1)
11,12: (29555,10794,19018,65535)  #732A4AFF  srgba(115,42,74,1)
12,12: (29812,16962,38550,65535)  #744296FF  srgba(116,66,150,1)
13,12: (30069,29812,29812,65535)  #757474FF  srgba(117,116,116,1)
14,12: (30326,13107,36751,65535)  #76338FFF  srgba(118,51,143,1)
15,12: (30583,9766,22359,65535)  #772657FF  srgba(119,38,87,1)
0,13: (30840,14135,35980,65535)  #78378CFF  srgba(120,55,140,1)
1,13: (31611,14392,38293,65535)  #7B3895FF  srgba(123,56,149,1)
2,13: (31611,17733,34952,65535)  #7B4588FF  srgba(123,69,136,1)
3,13: (31611,31611,31868,65535)  #7B7B7CFF  srgba(123,123,124,1)
4,13: (32125,26471,33667,65535)  #7D6783FF  srgba(125,103,131,1)
5,13: (33410,33410,33410,65535)  #828282FF  grey51
6,13: (33924,15163,41377,65535)  #843BA1FF  srgba(132,59,161,1)
7,13: (34181,30326,37265,65535)  #857691FF  srgba(133,118,145,1)
8,13: (34438,16448,40863,65535)  #86409FFF  srgba(134,64,159,1)
9,13: (34695,21331,41120,65535)  #8753A0FF  srgba(135,83,160,1)
10,13: (34952,30326,38036,65535)  #887694FF  srgba(136,118,148,1)
11,13: (35209,16191,43433,65535)  #893FA9FF  srgba(137,63,169,1)
12,13: (35723,31354,40863,65535)  #8B7A9FFF  srgba(139,122,159,1)
13,13: (35723,35723,35723,65535)  #8B8B8BFF  srgba(139,139,139,1)
14,13: (36751,16705,44461,65535)  #8F41ADFF  srgba(143,65,173,1)
15,13: (37008,36751,37008,65535)  #908F90FF  srgba(144,143,144,1)
0,14: (37265,37008,37265,65535)  #919091FF  srgba(145,144,145,1)
1,14: (37522,37522,37522,65535)  #929292FF  srgba(146,146,146,1)
2,14: (37779,38550,38293,65535)  #939695FF  srgba(147,150,149,1)
3,14: (38293,38293,38293,65535)  #959595FF  srgba(149,149,149,1)
4,14: (38807,17219,46517,65535)  #9743B5FF  srgba(151,67,181,1)
5,14: (39321,39064,39321,65535)  #999899FF  srgba(153,152,153,1)
6,14: (40092,23901,45232,65535)  #9C5DB0FF  srgba(156,93,176,1)
7,14: (41120,41377,41120,65535)  #A0A1A0FF  srgba(160,161,160,1)
8,14: (41634,20303,49858,65535)  #A24FC2FF  srgba(162,79,194,1)
9,14: (42405,42148,42662,65535)  #A5A4A6FF  srgba(165,164,166,1)
10,14: (43433,43176,43176,65535)  #A9A8A8FF  srgba(169,168,168,1)
11,14: (44204,41120,45489,65535)  #ACA0B1FF  srgba(172,160,177,1)
12,14: (44461,44461,44461,65535)  #ADADADFF  grey68
13,14: (46003,46003,46003,65535)  #B3B3B3FF  grey70
14,14: (46260,23387,54998,65535)  #B45BD6FF  srgba(180,91,214,1)
15,14: (47545,47545,47545,65535)  #B9B9B9FF  srgba(185,185,185,1)
0,15: (48573,48573,48573,65535)  #BDBDBDFF  grey74
1,15: (49087,37265,54741,65535)  #BF91D5FF  srgba(191,145,213,1)
2,15: (49344,49344,49344,65535)  #C0C0C0FF  silver
3,15: (49858,49087,50372,65535)  #C2BFC4FF  srgba(194,191,196,1)
4,15: (50886,50886,50886,65535)  #C6C6C6FF  srgba(198,198,198,1)
5,15: (51143,25186,59881,65535)  #C762E9FF  srgba(199,98,233,1)
6,15: (53199,53199,52942,65535)  #CFCFCEFF  srgba(207,207,206,1)
7,15: (54741,54741,54741,65535)  #D5D5D5FF  srgba(213,213,213,1)
8,15: (55512,55512,55512,65535)  #D8D8D8FF  srgba(216,216,216,1)
9,15: (56026,26471,64507,65535)  #DA67FBFF  srgba(218,103,251,1)
10,15: (56026,56026,55769,65535)  #DADAD9FF  srgba(218,218,217,1)
11,15: (57568,57568,57568,65535)  #E0E0E0FF  grey88
12,15: (60652,45489,63222,65535)  #ECB1F6FF  srgba(236,177,246,1)
13,15: (62194,36751,64250,65535)  #F28FFAFF  srgba(242,143,250,1)
14,15: (62965,30069,65021,65535)  #F575FDFF  srgba(245,117,253,1)
15,15: (0,65535,0,0)  #00FF0000  srgba(0,255,0,0)
