# ImageMagick pixel enumeration: 16,16,65535,srgba
0,0: (0,0,23387,65535)  #00005BFF  srgba(0,0,91,1)
1,0: (0,0,24158,65535)  #00005EFF  srgba(0,0,94,1)
2,0: (0,0,24929,65535)  #000061FF  srgba(0,0,97,1)
3,0: (0,0,26471,65535)  #000067FF  srgba(0,0,103,1)
4,0: (0,0,26985,65535)  #000069FF  srgba(0,0,105,1)
5,0: (0,0,27499,65535)  #00006BFF  srgba(0,0,107,1)
6,0: (0,0,27756,65535)  #00006CFF  srgba(0,0,108,1)
7,0: (0,0,28013,65535)  #00006DFF  srgba(0,0,109,1)
8,0: (0,0,28527,65535)  #00006FFF  srgba(0,0,111,1)
9,0: (0,0,28784,65535)  #000070FF  srgba(0,0,112,1)
10,0: (0,0,29298,65535)  #000072FF  srgba(0,0,114,1)
11,0: (0,0,29812,65535)  #000074FF  srgba(0,0,116,1)
12,0: (0,0,30326,65535)  #000076FF  srgba(0,0,118,1)
13,0: (0,0,30840,65535)  #000078FF  srgba(0,0,120,1)
14,0: (0,0,31611,65535)  #00007BFF  srgba(0,0,123,1)
15,0: (0,0,32125,65535)  #00007DFF  srgba(0,0,125,1)
0,1: (257,0,27499,65535)  #01006BFF  srgba(1,0,107,1)
1,1: (257,0,28013,65535)  #01006DFF  srgba(1,0,109,1)
2,1: (257,0,28270,65535)  #01006EFF  srgba(1,0,110,1)
3,1: (257,0,29041,65535)  #010071FF  srgba(1,0,113,1)
4,1: (257,257,28013,65535)  #01016DFF  srgba(1,1,109,1)
5,1: (771,0,30326,65535)  #030076FF  srgba(3,0,118,1)
6,1: (771,0,32639,65535)  #03007FFF  srgba(3,0,127,1)
7,1: (1028,0,25957,65535)  #040065FF  srgba(4,0,101,1)
8,1: (1028,0,28270,65535)  #04006EFF  srgba(4,0,110,1)
9,1: (1285,514,33924,65535)  #050284FF  srgba(5,2,132,1)
10,1: (2827,514,33410,65535)  #0B0282FF  srgba(11,2,130,1)
11,1: (2827,1285,35209,65535)  #0B0589FF  srgba(11,5,137,1)
12,1: (3084,0,26985,65535)  #0C0069FF  srgba(12,0,105,1)
13,1: (3084,0,29555,65535)  #0C0073FF  srgba(12,0,115,1)
14,1: (3341,0,23901,65535)  #0D005DFF  srgba(13,0,93,1)
15,1: (4112,2056,34695,65535)  #100887FF  srgba(16,8,135,1)
0,2: (4112,2570,35723,65535)  #100A8BFF  srgba(16,10,139,1)
1,2: (4883,1028,34695,65535)  #130487FF  srgba(19,4,135,1)
2,2: (4883,2827,36751,65535)  #130B8FFF  srgba(19,11,143,1)
3,2: (6682,0,29041,65535)  #1A0071FF  srgba(26,0,113,1)
4,2: (6939,0,24415,65535)  #1B005FFF  srgba(27,0,95,1)
5,2: (7196,3598,38293,65535)  #1C0E95FF  srgba(28,14,149,1)
6,2: (7710,1028,35209,65535)  #1E0489FF  srgba(30,4,137,1)
7,2: (8224,3084,35723,65535)  #200C8BFF  srgba(32,12,139,1)
8,2: (8481,3598,34695,65535)  #210E87FF  srgba(33,14,135,1)
9,2: (8738,3598,37008,65535)  #220E90FF  srgba(34,14,144,1)
10,2: (9252,3341,29555,65535)  #240D73FF  srgba(36,13,115,1)
11,2: (9509,3855,32896,65535)  #250F80FF  srgba(37,15,128,1)
12,2: (9766,6168,39835,65535)  #26189BFF  srgba(38,24,155,1)
13,2: (10537,0,24415,65535)  #29005FFF  srgba(41,0,95,1)
14,2: (10537,257,29041,65535)  #290171FF  srgba(41,1,113,1)
15,2: (10794,1028,35209,65535)  #2A0489FF  srgba(42,4,137,1)
0,3: (11308,3598,39321,65535)  #2C0E99FF  srgba(44,14,153,1)
1,3: (12850,6939,41120,65535)  #321BA0FF  srgba(50,27,160,1)
2,3: (13621,0,26728,65535)  #350068FF  srgba(53,0,104,1)
3,3: (14135,771,34952,65535)  #370388FF  srgba(55,3,136,1)
4,3: (16191,5140,38293,65535)  #3F1495FF  srgba(63,20,149,1)
5,3: (16448,257,26985,65535)  #400169FF  srgba(64,1,105,1)
6,3: (16448,6168,41891,65535)  #4018A3FF  srgba(64,24,163,1)
7,3: (16705,4626,32896,65535)  #411280FF  srgba(65,18,128,1)
8,3: (17476,8481,44718,65535)  #4421AEFF  srgba(68,33,174,1)
9,3: (18247,9766,43176,65535)  #4726A8FF  srgba(71,38,168,1)
10,3: (18247,11565,45746,65535)  #472DB2FF  srgba(71,45,178,1)
11,3: (18761,9509,41120,65535)  #4925A0FF  srgba(73,37,160,1)
12,3: (19532,9766,36751,65535)  #4C268FFF  srgba(76,38,143,1)
13,3: (20303,771,34952,65535)  #4F0388FF  srgba(79,3,136,1)
14,3: (20560,6168,41377,65535)  #5018A1FF  srgba(80,24,161,1)
15,3: (21074,5140,33667,65535)  #521483FF  srgba(82,20,131,1)
0,4: (21331,514,27756,65535)  #53026CFF  srgba(83,2,108,1)
1,4: (21845,8738,45489,65535)  #5522B1FF  srgba(85,34,177,1)
2,4: (22102,12593,47031,65535)  #5631B7FF  srgba(86,49,183,1)
3,4: (24415,6168,40863,65535)  #5F189FFF  srgba(95,24,159,1)
4,4: (24672,5654,33924,65535)  #601684FF  srgba(96,22,132,1)
5,4: (24672,12593,38807,65535)  #603197FF  srgba(96,49,151,1)
6,4: (24672,12850,42662,65535)  #6032A6FF  srgba(96,50,166,1)
7,4: (25443,8995,45746,65535)  #6323B2FF  srgba(99,35,178,1)
8,4: (25443,10023,42148,65535)  #6327A4FF  srgba(99,39,164,1)
9,4: (25957,13107,45746,65535)  #6533B2FF  srgba(101,51,178,1)
10,4: (26214,9766,36751,65535)  #66268FFF  srgba(102,38,143,1)
11,4: (26214,11051,48573,65535)  #662BBDFF  srgba(102,43,189,1)
12,4: (26214,14392,49344,65535)  #6638C0FF  srgba(102,56,192,1)
13,4: (27756,18504,47031,65535)  #6C48B7FF  srgba(108,72,183,1)
14,4: (28527,19018,51657,65535)  #6F4AC9FF  srgba(111,74,201,1)
15,4: (29041,16705,38293,65535)  #714195FF  srgba(113,65,149,1)
0,5: (29812,16705,41377,65535)  #7441A1FF  srgba(116,65,161,1)
1,5: (30069,6168,34181,65535)  #751885FF  srgba(117,24,133,1)
2,5: (30069,16705,43176,65535)  #7541A8FF  srgba(117,65,168,1)
3,5: (30583,11051,46517,65535)  #772BB5FF  srgba(119,43,181,1)
4,5: (31097,12336,50629,65535)  #7930C5FF  srgba(121,48,197,1)
5,5: (31354,14649,46774,65535)  #7A39B6FF  srgba(122,57,182,1)
6,5: (31611,14906,51143,65535)  #7B3AC7FF  srgba(123,58,199,1)
7,5: (32125,5911,40863,65535)  #7D179FFF  srgba(125,23,159,1)
8,5: (32382,19018,47031,65535)  #7E4AB7FF  srgba(126,74,183,1)
9,5: (32639,10280,41634,65535)  #7F28A2FF  srgba(127,40,162,1)
10,5: (32639,19532,52171,65535)  #7F4CCBFF  srgba(127,76,203,1)
11,5: (32896,10023,37008,65535)  #802790FF  srgba(128,39,144,1)
12,5: (35209,12593,47031,65535)  #8931B7FF  srgba(137,49,183,1)
13,5: (35209,12850,38807,65535)  #893297FF  srgba(137,50,151,1)
14,5: (35209,13107,42405,65535)  #8933A5FF  srgba(137,51,165,1)
15,5: (35466,17476,50372,65535)  #8A44C4FF  srgba(138,68,196,1)
0,6: (35466,21845,48059,65535)  #8A55BBFF  srgba(138,85,187,1)
1,6: (35723,14392,52428,65535)  #8B38CCFF  srgba(139,56,204,1)
2,6: (35723,22616,53713,65535)  #8B58D1FF  srgba(139,88,209,1)
3,6: (38293,15420,47288,65535)  #953CB8FF  srgba(149,60,184,1)
4,6: (39064,17990,48059,65535)  #9846BBFF  srgba(152,70,187,1)
5,6: (39064,18247,54227,65535)  #9847D3FF  srgba(152,71,211,1)
6,6: (39064,21074,48316,65535)  #9852BCFF  srgba(152,82,188,1)
7,6: (39321,21074,54484,65535)  #9952D4FF  srgba(153,82,212,1)
8,6: (39321,25700,49344,65535)  #9964C0FF  srgba(153,100,192,1)
9,6: (39321,26728,55769,65535)  #9968D9FF  srgba(153,104,217,1)
10,6: (39578,15677,41634,65535)  #9A3DA2FF  srgba(154,61,162,1)
11,6: (39835,12593,47031,65535)  #9B31B7FF  srgba(155,49,183,1)
12,6: (40349,19532,42405,65535)  #9D4CA5FF  srgba(157,76,165,1)
13,6: (40863,14906,52942,65535)  #9F3ACEFF  srgba(159,58,206,1)
14,6: (43690,19018,46774,65535)  #AA4AB6FF  srgba(170,74,182,1)
15,6: (43690,19275,50372,65535)  #AA4BC4FF  srgba(170,75,196,1)
0,7: (43690,19275,53456,65535)  #AA4BD0FF  srgba(170,75,208,1)
1,7: (43947,19275,57311,65535)  #AB4BDFFF  srgba(171,75,223,1)
2,7: (43947,23130,49858,65535)  #AB5AC2FF  srgba(171,90,194,1)
3,7: (44204,23387,56283,65535)  #AC5BDBFF  srgba(172,91,219,1)
4,7: (44204,26214,50886,65535)  #AC66C6FF  srgba(172,102,198,1)
5,7: (44204,31611,51657,65535)  #AC7BC9FF  srgba(172,123,201,1)
6,7: (44461,26471,57054,65535)  #AD67DEFF  srgba(173,103,222,1)
7,7: (44461,32382,58596,65535)  #AD7EE4FF  srgba(173,126,228,1)
8,7: (48316,20817,54741,65535)  #BC51D5FF  srgba(188,81,213,1)
9,7: (48830,23387,48059,65535)  #BE5BBBFF  srgba(190,91,187,1)
10,7: (49601,24929,51400,65535)  #C161C8FF  srgba(193,97,200,1)
11,7: (49601,25186,54741,65535)  #C162D5FF  srgba(193,98,213,1)
12,7: (49858,17990,44718,65535)  #C246AEFF  srgba(194,70,174,1)
13,7: (49858,22102,59624,65535)  #C256E8FF  srgba(194,86,232,1)
14,7: (50115,19275,48316,65535)  #C34BBCFF  srgba(195,75,188,1)
15,7: (50115,21074,51143,65535)  #C352C7FF  srgba(195,82,199,1)
0,8: (50115,29298,50372,65535)  #C372C4FF  srgba(195,114,196,1)
1,8: (50629,26471,60138,65535)  #C567EAFF  srgba(197,103,234,1)
2,8: (50886,29555,52942,65535)  #C673CEFF  srgba(198,115,206,1)
3,8: (51400,30069,60138,65535)  #C875EAFF  srgba(200,117,234,1)
4,8: (51657,31611,54484,65535)  #C97BD4FF  srgba(201,123,212,1)
5,8: (51914,27499,54484,65535)  #CA6BD4FF  srgba(202,107,212,1)
6,8: (52171,34181,60909,65535)  #CB85EDFF  srgba(203,133,237,1)
7,8: (52685,28013,56283,65535)  #CD6DDBFF  srgba(205,109,219,1)
8,8: (52685,40349,55255,65535)  #CD9DD7FF  srgba(205,157,215,1)
9,8: (52942,21845,54741,65535)  #CE55D5FF  srgba(206,85,213,1)
10,8: (52942,32125,56283,65535)  #CE7DDBFF  srgba(206,125,219,1)
11,8: (54227,40606,58853,65535)  #D39EE5FF  srgba(211,158,229,1)
12,8: (54998,23901,48316,65535)  #D65DBCFF  srgba(214,93,188,1)
13,8: (55769,25186,54998,65535)  #D962D6FF  srgba(217,98,214,1)
14,8: (55769,41120,65021,65535)  #D9A0FDFF  srgba(217,160,253,1)
15,8: (56026,25186,51143,65535)  #DA62C7FF  srgba(218,98,199,1)
0,9: (56283,41120,61166,65535)  #DBA0EEFF  srgba(219,160,238,1)
1,9: (56540,24415,60395,65535)  #DC5FEBFF  srgba(220,95,235,1)
2,9: (56540,30069,60395,65535)  #DC75EBFF  srgba(220,117,235,1)
3,9: (56797,34181,61166,65535)  #DD85EEFF  srgba(221,133,238,1)
4,9: (56797,40863,62708,65535)  #DD9FF4FF  srgba(221,159,244,1)
5,9: (58082,27499,60652,65535)  #E26BECFF  srgba(226,107,236,1)
6,9: (58339,28527,52171,65535)  #E36FCBFF  srgba(227,111,203,1)
7,9: (59110,49858,60138,65535)  #E6C2EAFF  srgba(230,194,234,1)
8,9: (59624,30069,54484,65535)  #E875D4FF  srgba(232,117,212,1)
9,9: (59624,34181,59110,65535)  #E885E6FF  srgba(232,133,230,1)
10,9: (59624,34438,62708,65535)  #E886F4FF  srgba(232,134,244,1)
11,9: (59881,29298,56283,65535)  #E972DBFF  srgba(233,114,219,1)
12,9: (60138,41377,65021,65535)  #EAA1FDFF  srgba(234,161,253,1)
13,9: (60395,40349,58082,65535)  #EB9DE2FF  srgba(235,157,226,1)
14,9: (60909,30326,58853,65535)  #ED76E5FF  srgba(237,118,229,1)
15,9: (60909,33153,56540,65535)  #ED81DCFF  srgba(237,129,220,1)
0,10: (60909,40606,61166,65535)  #ED9EEEFF  srgba(237,158,238,1)
1,10: (60909,41120,62708,65535)  #EDA0F4FF  srgba(237,160,244,1)
2,10: (61166,30583,62708,65535)  #EE77F4FF  srgba(238,119,244,1)
3,10: (61166,40092,59881,65535)  #EE9CE9FF  srgba(238,156,233,1)
4,10: (61166,50115,62965,65535)  #EEC3F5FF  srgba(238,195,245,1)
5,10: (61937,50372,65278,65535)  #F1C4FEFF  srgba(241,196,254,1)
6,10: (62194,42148,64764,65535)  #F2A4FCFF  srgba(242,164,252,1)
7,10: (62451,57054,62708,65535)  #F3DEF4FF  srgba(243,222,244,1)
8,10: (62708,34695,59624,65535)  #F487E8FF  srgba(244,135,232,1)
9,10: (62708,34952,63479,65535)  #F488F7FF  srgba(244,136,247,1)
10,10: (62708,41120,62708,65535)  #F4A0F4FF  srgba(244,160,244,1)
11,10: (63222,39835,61166,65535)  #F69BEEFF  srgba(246,155,238,1)
12,10: (63479,40606,64764,65535)  #F79EFCFF  srgba(247,158,252,1)
13,10: (63479,45746,64764,65535)  #F7B2FCFF  srgba(247,178,252,1)
14,10: (63479,50115,64507,65535)  #F7C3FBFF  srgba(247,195,251,1)
15,10: (63479,59110,65278,65535)  #F7E6FEFF  srgba(247,230,254,1)
0,11: (63993,39321,62708,65535)  #F999F4FF  srgba(249,153,244,1)
1,11: (63993,43433,63222,65535)  #F9A9F6FF  srgba(249,169,246,1)
2,11: (63993,49601,63479,65535)  #F9C1F7FF  srgba(249,193,247,1)
3,11: (63993,50115,65278,65535)  #F9C3FEFF  srgba(249,195,254,1)
4,11: (63993,57825,64507,65535)  #F9E1FBFF  srgba(249,225,251,1)
5,11: (64250,42405,64764,65535)  #FAA5FCFF  srgba(250,165,252,1)
6,11: (64250,46260,65021,65535)  #FAB4FDFF  srgba(250,180,253,1)
7,11: (64250,58596,63479,65535)  #FAE4F7FF  srgba(250,228,247,1)
8,11: (64250,60395,65278,65535)  #FAEBFEFF  srgba(250,235,254,1)
9,11: (64250,64250,64250,65535)  #FAFAFAFF  grey98
10,11: (64250,65021,65021,65535)  #FAFDFDFF  srgba(250,253,253,1)
11,11: (64507,49858,65278,65535)  #FBC2FEFF  srgba(251,194,254,1)
12,11: (64507,50115,64507,65535)  #FBC3FBFF  srgba(251,195,251,1)
13,11: (64507,62965,65278,65535)  #FBF5FEFF  srgba(251,245,254,1)
14,11: (64764,33667,60138,65535)  #FC83EAFF  srgba(252,131,234,1)
15,11: (64764,38293,62965,65535)  #FC95F5FF  srgba(252,149,245,1)
0,12: (64764,41634,64250,65535)  #FCA2FAFF  srgba(252,162,250,1)
1,12: (64764,45489,65021,65535)  #FCB1FDFF  srgba(252,177,253,1)
2,12: (64764,48059,65021,65535)  #FCBBFDFF  srgba(252,187,253,1)
3,12: (64764,48830,65278,65535)  #FCBEFEFF  srgba(252,190,254,1)
4,12: (64764,50629,65278,65535)  #FCC5FEFF  srgba(252,197,254,1)
5,12: (64764,50886,64764,65535)  #FCC6FCFF  srgba(252,198,252,1)
6,12: (64764,54484,64507,65535)  #FCD4FBFF  srgba(252,212,251,1)
7,12: (64764,57054,65278,65535)  #FCDEFEFF  srgba(252,222,254,1)
8,12: (64764,59110,64507,65535)  #FCE6FBFF  srgba(252,230,251,1)
9,12: (64764,63736,65021,65535)  #FCF8FDFF  srgba(252,248,253,1)
10,12: (64764,64764,64507,65535)  #FCFCFBFF  srgba(252,252,251,1)
11,12: (64764,64764,64764,65535)  #FCFCFCFF  grey99
12,12: (64764,65021,64250,65535)  #FCFDFAFF  srgba(252,253,250,1)
13,12: (65021,33924,60395,65535)  #FD84EBFF  srgba(253,132,235,1)
14,12: (65021,38036,62451,65535)  #FD94F3FF  srgba(253,148,243,1)
15,12: (65021,40863,63993,65535)  #FD9FF9FF  srgba(253,159,249,1)
0,13: (65021,43947,65021,65535)  #FDABFDFF  srgba(253,171,253,1)
1,13: (65021,46260,65021,65535)  #FDB4FDFF  srgba(253,180,253,1)
2,13: (65021,47802,65021,65535)  #FDBAFDFF  srgba(253,186,253,1)
3,13: (65021,48316,65021,65535)  #FDBCFDFF  srgba(253,188,253,1)
4,13: (65021,48830,65021,65535)  #FDBEFDFF  srgba(253,190,253,1)
5,13: (65021,49344,65278,65535)  #FDC0FEFF  srgba(253,192,254,1)
6,13: (65021,50886,65021,65535)  #FDC6FDFF  srgba(253,198,253,1)
7,13: (65021,52428,65535,65535)  #FDCCFFFF  srgba(253,204,255,1)
8,13: (65021,54227,65535,65535)  #FDD3FFFF  srgba(253,211,255,1)
9,13: (65021,54998,64507,65535)  #FDD6FBFF  srgba(253,214,251,1)
10,13: (65021,56026,65021,65535)  #FDDAFDFF  srgba(253,218,253,1)
11,13: (65021,58339,65278,65535)  #FDE3FEFF  srgba(253,227,254,1)
12,13: (65021,64250,65278,65535)  #FDFAFEFF  srgba(253,250,254,1)
13,13: (65021,64764,64764,65535)  #FDFCFCFF  srgba(253,252,252,1)
14,13: (65021,64764,65535,65535)  #FDFCFFFF  srgba(253,252,255,1)
15,13: (65278,32125,59624,65535)  #FE7DE8FF  srgba(254,125,232,1)
0,14: (65278,34952,61166,65535)  #FE88EEFF  srgba(254,136,238,1)
1,14: (65278,36494,62451,65535)  #FE8EF3FF  srgba(254,142,243,1)
2,14: (65278,38807,63479,65535)  #FE97F7FF  srgba(254,151,247,1)
3,14: (65278,41377,64507,65535)  #FEA1FBFF  srgba(254,161,251,1)
4,14: (65278,43947,65278,65535)  #FEABFEFF  srgba(254,171,254,1)
5,14: (65278,46260,65278,65535)  #FEB4FEFF  srgba(254,180,254,1)
6,14: (65278,48830,65278,65535)  #FEBEFEFF  srgba(254,190,254,1)
7,14: (65278,49087,65278,65535)  #FEBFFEFF  srgba(254,191,254,1)
8,14: (65278,49087,65278,65535)  #FEBFFEFF  srgba(254,191,254,1)
9,14: (65278,49601,65535,65535)  #FEC1FFFF  srgba(254,193,255,1)
10,14: (65278,50115,65278,65535)  #FEC3FEFF  srgba(254,195,254,1)
11,14: (65278,50629,64764,65535)  #FEC5FCFF  srgba(254,197,252,1)
12,14: (65278,54484,65535,65535)  #FED4FFFF  srgba(254,212,255,1)
13,14: (65278,55512,65021,65535)  #FED8FDFF  srgba(254,216,253,1)
14,14: (65278,56283,64250,65535)  #FEDBFAFF  srgba(254,219,250,1)
15,14: (65278,57825,65535,65535)  #FEE1FFFF  srgba(254,225,255,1)
0,15: (65278,58339,65535,65535)  #FEE3FFFF  srgba(254,227,255,1)
1,15: (65278,59624,65278,65535)  #FEE8FEFF  srgba(254,232,254,1)
2,15: (65278,63479,65278,65535)  #FEF7FEFF  srgba(254,247,254,1)
3,15: (65535,47031,65535,65535)  #FFB7FFFF  srgba(255,183,255,1)
4,15: (65535,48573,65278,65535)  #FFBDFEFF  srgba(255,189,254,1)
5,15: (65535,50372,65535,65535)  #FFC4FFFF  srgba(255,196,255,1)
6,15: (65535,52428,65535,65535)  #FFCCFFFF  srgba(255,204,255,1)
7,15: (65535,52942,65278,65535)  #FFCEFEFF  srgba(255,206,254,1)
8,15: (65535,53199,65535,65535)  #FFCFFFFF  srgba(255,207,255,1)
9,15: (65535,53456,65535,65535)  #FFD0FFFF  srgba(255,208,255,1)
10,15: (65535,53970,65278,65535)  #FFD2FEFF  srgba(255,210,254,1)
11,15: (65535,54227,65278,65535)  #FFD3FEFF  srgba(255,211,254,1)
12,15: (65535,63222,65535,65535)  #FFF6FFFF  srgba(255,246,255,1)
13,15: (65535,63993,65535,65535)  #FFF9FFFF  srgba(255,249,255,1)
14,15: (65535,65535,65535,65535)  #FFFFFFFF  white
15,15: (0,65535,0,0)  #00FF0000  srgba(0,255,0,0)
