# ImageMagick pixel enumeration: 16,16,65535,srgba
0,0: (0,0,0,65535)  #000000FF  black
1,0: (0,0,514,65535)  #000002FF  srgba(0,0,2,1)
2,0: (257,0,0,65535)  #010000FF  srgba(1,0,0,1)
3,0: (257,0,1028,65535)  #010004FF  srgba(1,0,4,1)
4,0: (257,257,257,65535)  #010101FF  srgba(1,1,1,1)
5,0: (257,257,1799,65535)  #010107FF  srgba(1,1,7,1)
6,0: (257,771,2827,65535)  #01030BFF  srgba(1,3,11,1)
7,0: (514,0,257,65535)  #020001FF  srgba(2,0,1,1)
8,0: (514,257,0,65535)  #020100FF  srgba(2,1,0,1)
9,0: (771,2313,3598,65535)  #03090EFF  srgba(3,9,14,1)
10,0: (1028,0,0,65535)  #040000FF  srgba(4,0,0,1)
11,0: (1028,0,257,65535)  #040001FF  srgba(4,0,1,1)
12,0: (1285,3084,5140,65535)  #050C14FF  srgba(5,12,20,1)
13,0: (1542,0,257,65535)  #060001FF  srgba(6,0,1,1)
14,0: (1799,4626,6425,65535)  #071219FF  srgba(7,18,25,1)
15,0: (2570,0,0,65535)  #0A0000FF  srgba(10,0,0,1)
0,1: (2827,2056,3084,65535)  #0B080CFF  srgba(11,8,12,1)
1,1: (3084,257,771,65535)  #0C0103FF  srgba(12,1,3,1)
2,1: (3341,3084,5397,65535)  #0D0C15FF  srgba(13,12,21,1)
3,1: (3855,2827,4369,65535)  #0F0B11FF  srgba(15,11,17,1)
4,1: (3855,4883,6682,65535)  #0F131AFF  srgba(15,19,26,1)
5,1: (4112,0,0,65535)  #100000FF  srgba(16,0,0,1)
6,1: (4112,4369,6168,65535)  #101118FF  srgba(16,17,24,1)
7,1: (4112,5397,7967,65535)  #10151FFF  srgba(16,21,31,1)
8,1: (4369,7196,9766,65535)  #111C26FF  srgba(17,28,38,1)
9,1: (4626,6682,8224,65535)  #121A20FF  srgba(18,26,32,1)
10,1: (4883,4112,4883,65535)  #131013FF  srgba(19,16,19,1)
11,1: (5397,2313,3084,65535)  #15090CFF  srgba(21,9,12,1)
12,1: (5654,771,1028,65535)  #160304FF  srgba(22,3,4,1)
13,1: (5911,0,0,65535)  #170000FF  srgba(23,0,0,1)
14,1: (5911,8738,11051,65535)  #17222BFF  srgba(23,34,43,1)
15,1: (6168,7710,10280,65535)  #181E28FF  srgba(24,30,40,1)
0,2: (6425,10023,12336,65535)  #192730FF  srgba(25,39,48,1)
1,2: (7710,11051,13621,65535)  #1E2B35FF  srgba(30,43,53,1)
2,2: (7967,9252,12079,65535)  #1F242FFF  srgba(31,36,47,1)
3,2: (8224,12079,14906,65535)  #202F3AFF  srgba(32,47,58,1)
4,2: (9252,257,0,65535)  #240100FF  srgba(36,1,0,1)
5,2: (9252,6168,7453,65535)  #24181DFF  srgba(36,24,29,1)
6,2: (9252,8481,10023,65535)  #242127FF  srgba(36,33,39,1)
7,2: (9252,10794,12593,65535)  #242A31FF  srgba(36,42,49,1)
8,2: (9509,5140,5654,65535)  #251416FF  srgba(37,20,22,1)
9,2: (9766,2570,2827,65535)  #260A0BFF  srgba(38,10,11,1)
10,2: (9766,7710,8481,65535)  #261E21FF  srgba(38,30,33,1)
11,2: (9766,14135,16448,65535)  #263740FF  srgba(38,55,64,1)
12,2: (10023,1799,1028,65535)  #270704FF  srgba(39,7,4,1)
13,2: (10280,4112,3855,65535)  #28100FFF  srgba(40,16,15,1)
14,2: (10280,11822,14135,65535)  #282E37FF  srgba(40,46,55,1)
15,2: (10280,12850,15934,65535)  #28323EFF  srgba(40,50,62,1)
0,3: (10794,9509,11565,65535)  #2A252DFF  srgba(42,37,45,1)
1,3: (11565,14392,16962,65535)  #2D3842FF  srgba(45,56,66,1)
2,3: (11565,15420,18247,65535)  #2D3C47FF  srgba(45,60,71,1)
3,3: (11822,16705,19789,65535)  #2E414DFF  srgba(46,65,77,1)
4,3: (13364,1542,771,65535)  #340603FF  srgba(52,6,3,1)
5,3: (13621,16962,20046,65535)  #35424EFF  srgba(53,66,78,1)
6,3: (13621,18504,21331,65535)  #354853FF  srgba(53,72,83,1)
7,3: (13878,3341,2313,65535)  #360D09FF  srgba(54,13,9,1)
8,3: (13878,4626,3855,65535)  #36120FFF  srgba(54,18,15,1)
9,3: (13878,5911,5911,65535)  #361717FF  srgba(54,23,23,1)
10,3: (13878,9252,9766,65535)  #362426FF  srgba(54,36,38,1)
11,3: (13878,11051,12079,65535)  #362B2FFF  srgba(54,43,47,1)
12,3: (14135,7967,7710,65535)  #371F1EFF  srgba(55,31,30,1)
13,3: (14135,13878,16448,65535)  #373640FF  srgba(55,54,64,1)
14,3: (14135,16448,18761,65535)  #374049FF  srgba(55,64,73,1)
15,3: (14392,15677,17476,65535)  #383D44FF  srgba(56,61,68,1)
0,4: (14649,12593,14135,65535)  #393137FF  srgba(57,49,55,1)
1,4: (14649,20046,22616,65535)  #394E58FF  srgba(57,78,88,1)
2,4: (15420,17990,21074,65535)  #3C4652FF  srgba(60,70,82,1)
3,4: (16191,21331,24672,65535)  #3F5360FF  srgba(63,83,96,1)
4,4: (16448,5654,5140,65535)  #401614FF  srgba(64,22,20,1)
5,4: (16705,3341,1799,65535)  #410D07FF  srgba(65,13,7,1)
6,4: (16705,20560,23130,65535)  #41505AFF  srgba(65,80,90,1)
7,4: (16962,18504,21331,65535)  #424853FF  srgba(66,72,83,1)
8,4: (17219,22873,25700,65535)  #435964FF  srgba(67,89,100,1)
9,4: (17990,10023,9766,65535)  #462726FF  srgba(70,39,38,1)
10,4: (17990,14135,14906,65535)  #46373AFF  srgba(70,55,58,1)
11,4: (17990,23644,27756,65535)  #465C6CFF  srgba(70,92,108,1)
12,4: (18247,7967,6939,65535)  #471F1BFF  srgba(71,31,27,1)
13,4: (18247,12079,11822,65535)  #472F2EFF  srgba(71,47,46,1)
14,4: (18504,25443,28784,65535)  #486370FF  srgba(72,99,112,1)
15,4: (18761,16705,17733,65535)  #494145FF  srgba(73,65,69,1)
0,5: (19275,21074,24158,65535)  #4B525EFF  srgba(75,82,94,1)
1,5: (19532,25443,28784,65535)  #4C6370FF  srgba(76,99,112,1)
2,5: (19789,6168,5140,65535)  #4D1814FF  srgba(77,24,20,1)
3,5: (19789,18504,20560,65535)  #4D4850FF  srgba(77,72,80,1)
4,5: (19789,22616,25700,65535)  #4D5864FF  srgba(77,88,100,1)
5,5: (19789,23387,26214,65535)  #4D5B66FF  srgba(77,91,102,1)
6,5: (20046,3341,1285,65535)  #4E0D05FF  srgba(78,13,5,1)
7,5: (20046,24158,26728,65535)  #4E5E68FF  srgba(78,94,104,1)
8,5: (20303,20817,23130,65535)  #4F515AFF  srgba(79,81,90,1)
9,5: (20560,5397,3084,65535)  #50150CFF  srgba(80,21,12,1)
10,5: (20560,22359,24672,65535)  #505760FF  srgba(80,87,96,1)
11,5: (20817,27499,31097,65535)  #516B79FF  srgba(81,107,121,1)
12,5: (21074,14392,14649,65535)  #523839FF  srgba(82,56,57,1)
13,5: (21074,20303,21331,65535)  #524F53FF  srgba(82,79,83,1)
14,5: (21331,9252,7967,65535)  #53241FFF  srgba(83,36,31,1)
15,5: (21331,26471,29812,65535)  #536774FF  srgba(83,103,116,1)
0,6: (21588,8224,6168,65535)  #542018FF  srgba(84,32,24,1)
1,6: (21588,24929,28013,65535)  #54616DFF  srgba(84,97,109,1)
2,6: (21845,10280,9509,65535)  #552825FF  srgba(85,40,37,1)
3,6: (21845,16962,17219,65535)  #554243FF  srgba(85,66,67,1)
4,6: (22102,12593,11308,65535)  #56312CFF  srgba(86,49,44,1)
5,6: (22102,28784,33410,65535)  #567082FF  srgba(86,112,130,1)
6,6: (22359,28270,31354,65535)  #576E7AFF  srgba(87,110,122,1)
7,6: (23130,30583,34695,65535)  #5A7787FF  srgba(90,119,135,1)
8,6: (24415,9252,7453,65535)  #5F241DFF  srgba(95,36,29,1)
9,6: (24415,31611,36237,65535)  #5F7B8DFF  srgba(95,123,141,1)
10,6: (24672,6939,4112,65535)  #601B10FF  srgba(96,27,16,1)
11,6: (24672,11051,9252,65535)  #602B24FF  srgba(96,43,36,1)
12,6: (24672,28527,31868,65535)  #606F7CFF  srgba(96,111,124,1)
13,6: (25186,22873,24415,65535)  #62595FFF  srgba(98,89,95,1)
14,6: (25186,24929,26985,65535)  #626169FF  srgba(98,97,105,1)
15,6: (25186,30840,34181,65535)  #627885FF  srgba(98,120,133,1)
0,7: (25186,32896,37522,65535)  #628092FF  srgba(98,128,146,1)
1,7: (25443,26214,28270,65535)  #63666EFF  srgba(99,102,110,1)
2,7: (25957,17476,17219,65535)  #654443FF  srgba(101,68,67,1)
3,7: (26214,13107,11565,65535)  #66332DFF  srgba(102,51,45,1)
4,7: (26471,12336,10023,65535)  #673027FF  srgba(103,48,39,1)
5,7: (26471,13878,12593,65535)  #673631FF  srgba(103,54,49,1)
6,7: (26471,29041,32125,65535)  #67717DFF  srgba(103,113,125,1)
7,7: (26471,33410,37779,65535)  #678293FF  srgba(103,130,147,1)
8,7: (26728,16448,15420,65535)  #68403CFF  srgba(104,64,60,1)
9,7: (26728,20560,20817,65535)  #685051FF  srgba(104,80,81,1)
10,7: (26728,27499,29041,65535)  #686B71FF  srgba(104,107,113,1)
11,7: (26985,15163,13621,65535)  #693B35FF  srgba(105,59,53,1)
12,7: (27242,20046,19275,65535)  #6A4E4BFF  srgba(106,78,75,1)
13,7: (27242,34952,39064,65535)  #6A8898FF  srgba(106,136,152,1)
14,7: (27242,35209,40092,65535)  #6A899CFF  srgba(106,137,156,1)
15,7: (27756,19018,17990,65535)  #6C4A46FF  srgba(108,74,70,1)
0,8: (28013,9509,6939,65535)  #6D251BFF  srgba(109,37,27,1)
1,8: (28013,11308,9252,65535)  #6D2C24FF  srgba(109,44,36,1)
2,8: (28270,22102,21588,65535)  #6E5654FF  srgba(110,86,84,1)
3,8: (28270,36494,41377,65535)  #6E8EA1FF  srgba(110,142,161,1)
4,8: (28527,7453,4112,65535)  #6F1D10FF  srgba(111,29,16,1)
5,8: (28527,31097,33667,65535)  #6F7983FF  srgba(111,121,131,1)
6,8: (28784,33924,38036,65535)  #708494FF  srgba(112,132,148,1)
7,8: (29298,11051,7453,65535)  #722B1DFF  srgba(114,43,29,1)
8,8: (29298,24158,24672,65535)  #725E60FF  srgba(114,94,96,1)
9,8: (29555,32896,35980,65535)  #73808CFF  srgba(115,128,140,1)
10,8: (29555,36237,40349,65535)  #738D9DFF  srgba(115,141,157,1)
11,8: (29812,29041,31354,65535)  #74717AFF  srgba(116,113,122,1)
12,8: (30069,13107,9766,65535)  #753326FF  srgba(117,51,38,1)
13,8: (30069,38293,43176,65535)  #7595A8FF  srgba(117,149,168,1)
14,8: (30326,37522,41891,65535)  #7692A3FF  srgba(118,146,163,1)
15,8: (30840,26728,27242,65535)  #78686AFF  srgba(120,104,106,1)
0,9: (30840,35723,38293,65535)  #788B95FF  srgba(120,139,149,1)
1,9: (31354,15420,12850,65535)  #7A3C32FF  srgba(122,60,50,1)
2,9: (31611,14392,11308,65535)  #7B382CFF  srgba(123,56,44,1)
3,9: (31611,39321,44204,65535)  #7B99ACFF  srgba(123,153,172,1)
4,9: (31868,31611,33153,65535)  #7C7B81FF  srgba(124,123,129,1)
5,9: (31868,40349,44975,65535)  #7C9DAFFF  srgba(124,157,175,1)
6,9: (32382,17733,15677,65535)  #7E453DFF  srgba(126,69,61,1)
7,9: (32639,28013,28270,65535)  #7F6D6EFF  srgba(127,109,110,1)
8,9: (32896,21331,20303,65535)  #80534FFF  srgba(128,83,79,1)
9,9: (32896,41634,46517,65535)  #80A2B5FF  srgba(128,162,181,1)
10,9: (33153,16448,13364,65535)  #814034FF  srgba(129,64,52,1)
11,9: (33153,16962,14392,65535)  #814238FF  srgba(129,66,56,1)
12,9: (33153,29298,29041,65535)  #817271FF  srgba(129,114,113,1)
13,9: (33410,13364,9509,65535)  #823425FF  srgba(130,52,37,1)
14,9: (33410,20046,17990,65535)  #824E46FF  srgba(130,78,70,1)
15,9: (33410,23387,21845,65535)  #825B55FF  srgba(130,91,85,1)
0,10: (33410,24415,23901,65535)  #825F5DFF  srgba(130,95,93,1)
1,10: (33667,41891,46774,65535)  #83A3B6FF  srgba(131,163,182,1)
2,10: (34181,26471,25700,65535)  #856764FF  srgba(133,103,100,1)
3,10: (34695,19018,15934,65535)  #874A3EFF  srgba(135,74,62,1)
4,10: (34695,30840,31868,65535)  #87787CFF  srgba(135,120,124,1)
5,10: (34695,37779,40606,65535)  #87939EFF  srgba(135,147,158,1)
6,10: (35209,32896,34181,65535)  #898085FF  srgba(137,128,133,1)
7,10: (35209,40092,42662,65535)  #899CA6FF  srgba(137,156,166,1)
8,10: (35209,43433,48316,65535)  #89A9BCFF  srgba(137,169,188,1)
9,10: (35466,34695,36237,65535)  #8A878DFF  srgba(138,135,141,1)
10,10: (35466,41634,46003,65535)  #8AA2B3FF  srgba(138,162,179,1)
11,10: (35723,44204,48830,65535)  #8BACBEFF  srgba(139,172,190,1)
12,10: (36237,43433,47545,65535)  #8DA9B9FF  srgba(141,169,185,1)
13,10: (36237,44975,50115,65535)  #8DAFC3FF  srgba(141,175,195,1)
14,10: (36751,36494,37522,65535)  #8F8E92FF  srgba(143,142,146,1)
15,10: (37265,19275,16191,65535)  #914B3FFF  srgba(145,75,63,1)
0,11: (37265,46517,51400,65535)  #91B5C8FF  srgba(145,181,200,1)
1,11: (37522,15163,11308,65535)  #923B2CFF  srgba(146,59,44,1)
2,11: (37779,18247,14392,65535)  #934738FF  srgba(147,71,56,1)
3,11: (38036,21074,17733,65535)  #945245FF  srgba(148,82,69,1)
4,11: (38036,43433,46003,65535)  #94A9B3FF  srgba(148,169,179,1)
5,11: (38293,31354,31354,65535)  #957A7AFF  srgba(149,122,122,1)
6,11: (38807,28013,26985,65535)  #976D69FF  srgba(151,109,105,1)
7,11: (39064,25700,23901,65535)  #98645DFF  srgba(152,100,93,1)
8,11: (39064,30069,28784,65535)  #987570FF  srgba(152,117,112,1)
9,11: (39321,22873,20046,65535)  #99594EFF  srgba(153,89,78,1)
10,11: (39321,33153,33153,65535)  #998181FF  srgba(153,129,129,1)
11,11: (39321,38036,39835,65535)  #99949BFF  srgba(153,148,155,1)
12,11: (39578,34695,34952,65535)  #9A8788FF  srgba(154,135,136,1)
13,11: (39578,40349,42148,65535)  #9A9DA4FF  srgba(154,157,164,1)
14,11: (40092,24672,21845,65535)  #9C6055FF  srgba(156,96,85,1)
15,11: (40349,21074,17733,65535)  #9D5245FF  srgba(157,82,69,1)
0,12: (40606,19789,15677,65535)  #9E4D3DFF  srgba(158,77,61,1)
1,12: (40863,16705,12079,65535)  #9F412FFF  srgba(159,65,47,1)
2,12: (40863,22359,18761,65535)  #9F5749FF  srgba(159,87,73,1)
3,12: (40863,24158,20560,65535)  #9F5E50FF  srgba(159,94,80,1)
4,12: (40863,27499,24415,65535)  #9F6B5FFF  srgba(159,107,95,1)
5,12: (40863,36751,37008,65535)  #9F8F90FF  srgba(159,143,144,1)
6,12: (43433,24158,20560,65535)  #A95E50FF  srgba(169,94,80,1)
7,12: (43690,22359,18247,65535)  #AA5747FF  srgba(170,87,71,1)
8,12: (43690,25700,22359,65535)  #AA6457FF  srgba(170,100,87,1)
9,12: (43947,19275,14135,65535)  #AB4B37FF  srgba(171,75,55,1)
10,12: (44204,27756,24415,65535)  #AC6C5FFF  srgba(172,108,95,1)
11,12: (44204,36237,35980,65535)  #AC8D8CFF  srgba(172,141,140,1)
12,12: (44718,38036,37779,65535)  #AE9493FF  srgba(174,148,147,1)
13,12: (44718,40606,41634,65535)  #AE9EA2FF  srgba(174,158,162,1)
14,12: (44975,30069,27242,65535)  #AF756AFF  srgba(175,117,106,1)
15,12: (44975,39321,39064,65535)  #AF9998FF  srgba(175,153,152,1)
0,13: (45232,25443,22102,65535)  #B06356FF  srgba(176,99,86,1)
1,13: (45232,42148,43690,65535)  #B0A4AAFF  srgba(176,164,170,1)
2,13: (45746,33153,31868,65535)  #B2817CFF  srgba(178,129,124,1)
3,13: (46003,35723,33410,65535)  #B38B82FF  srgba(179,139,130,1)
4,13: (46260,27756,23901,65535)  #B46C5DFF  srgba(180,108,93,1)
5,13: (46260,40606,39578,65535)  #B49E9AFF  srgba(180,158,154,1)
6,13: (46260,43947,44975,65535)  #B4ABAFFF  srgba(180,171,175,1)
7,13: (46774,25700,22102,65535)  #B66456FF  srgba(182,100,86,1)
8,13: (47031,42405,42148,65535)  #B7A5A4FF  srgba(183,165,164,1)
9,13: (48059,23644,18504,65535)  #BB5C48FF  srgba(187,92,72,1)
10,13: (48573,27756,23644,65535)  #BD6C5CFF  srgba(189,108,92,1)
11,13: (48830,28784,25186,65535)  #BE7062FF  srgba(190,112,98,1)
12,13: (48830,29812,26471,65535)  #BE7467FF  srgba(190,116,103,1)
13,13: (49087,21331,15420,65535)  #BF533CFF  srgba(191,83,60,1)
14,13: (49087,31611,28013,65535)  #BF7B6DFF  srgba(191,123,109,1)
15,13: (49858,42662,41891,65535)  #C2A6A3FF  srgba(194,166,163,1)
0,14: (50886,25700,20560,65535)  #C66450FF  srgba(198,100,80,1)
1,14: (51143,39064,38036,65535)  #C79894FF  srgba(199,152,148,1)
2,14: (51657,42662,41377,65535)  #C9A6A1FF  srgba(201,166,161,1)
3,14: (51914,30326,25443,65535)  #CA7663FF  srgba(202,118,99,1)
4,14: (51914,35723,32125,65535)  #CA8B7DFF  srgba(202,139,125,1)
5,14: (52171,28527,23130,65535)  #CB6F5AFF  srgba(203,111,90,1)
6,14: (52428,31097,26728,65535)  #CC7968FF  srgba(204,121,104,1)
7,14: (52428,31868,28270,65535)  #CC7C6EFF  srgba(204,124,110,1)
8,14: (52942,33153,29041,65535)  #CE8171FF  srgba(206,129,113,1)
9,14: (53199,24672,18504,65535)  #CF6048FF  srgba(207,96,72,1)
10,14: (53199,33924,30840,65535)  #CF8478FF  srgba(207,132,120,1)
11,14: (54227,35980,32125,65535)  #D38C7DFF  srgba(211,140,125,1)
12,14: (55255,32639,27756,65535)  #D77F6CFF  srgba(215,127,108,1)
13,14: (56540,29041,23130,65535)  #DC715AFF  srgba(220,113,90,1)
14,14: (56540,38550,35209,65535)  #DC9689FF  srgba(220,150,137,1)
15,14: (56797,34181,29298,65535)  #DD8572FF  srgba(221,133,114,1)
0,15: (56797,35209,31097,65535)  #DD8979FF  srgba(221,137,121,1)
1,15: (57054,37265,32896,65535)  #DE9180FF  srgba(222,145,128,1)
2,15: (57568,39578,37008,65535)  #E09A90FF  srgba(224,154,144,1)
3,15: (58853,41634,39064,65535)  #E5A298FF  srgba(229,162,152,1)
4,15: (59367,32896,27242,65535)  #E7806AFF  srgba(231,128,106,1)
5,15: (59624,36494,31868,65535)  #E88E7CFF  srgba(232,142,124,1)
6,15: (60652,30583,23901,65535)  #EC775DFF  srgba(236,119,93,1)
7,15: (60909,40863,36494,65535)  #ED9F8EFF  srgba(237,159,142,1)
8,15: (61166,34952,28784,65535)  #EE8870FF  srgba(238,136,112,1)
9,15: (61166,38550,33410,65535)  #EE9682FF  srgba(238,150,130,1)
10,15: (62194,39835,35466,65535)  #F29B8AFF  srgba(242,155,138,1)
11,15: (62708,37008,31611,65535)  #F4907BFF  srgba(244,144,123,1)
12,15: (64507,39064,33153,65535)  #FB9881FF  srgba(251,152,129,1)
13,15: (64764,35723,28784,65535)  #FC8B70FF  srgba(252,139,112,1)
14,15: (65021,41120,35980,65535)  #FDA08CFF  srgba(253,160,140,1)
15,15: (0,65535,0,0)  #00FF0000  srgba(0,255,0,0)
