# ImageMagick pixel enumeration: 16,16,65535,srgba
0,0: (0,11822,1542,65535)  #002E06FF  srgba(0,46,6,1)
1,0: (0,17990,7967,65535)  #00461FFF  srgba(0,70,31,1)
2,0: (0,25443,9766,65535)  #006326FF  srgba(0,99,38,1)
3,0: (0,27756,15163,65535)  #006C3BFF  srgba(0,108,59,1)
4,0: (0,37265,31354,65535)  #00917AFF  srgba(0,145,122,1)
5,0: (0,37522,30326,65535)  #009276FF  srgba(0,146,118,1)
6,0: (0,37522,31611,65535)  #00927BFF  srgba(0,146,123,1)
7,0: (0,37522,31868,65535)  #00927CFF  srgba(0,146,124,1)
8,0: (0,37779,30069,65535)  #009375FF  srgba(0,147,117,1)
9,0: (0,37779,31354,65535)  #00937AFF  srgba(0,147,122,1)
10,0: (0,38036,29555,65535)  #009473FF  srgba(0,148,115,1)
11,0: (0,38036,31354,65535)  #00947AFF  srgba(0,148,122,1)
12,0: (0,38036,32125,65535)  #00947DFF  srgba(0,148,125,1)
13,0: (0,38293,30583,65535)  #009577FF  srgba(0,149,119,1)
14,0: (0,38293,32125,65535)  #00957DFF  srgba(0,149,125,1)
15,0: (0,38293,32896,65535)  #009580FF  srgba(0,149,128,1)
0,1: (0,38550,29555,65535)  #009673FF  srgba(0,150,115,1)
1,1: (0,38550,31097,65535)  #009679FF  srgba(0,150,121,1)
2,1: (0,38550,31354,65535)  #00967AFF  srgba(0,150,122,1)
3,1: (0,38550,31868,65535)  #00967CFF  srgba(0,150,124,1)
4,1: (0,38807,30326,65535)  #009776FF  srgba(0,151,118,1)
5,1: (0,38807,31097,65535)  #009779FF  srgba(0,151,121,1)
6,1: (0,38807,32125,65535)  #00977DFF  srgba(0,151,125,1)
7,1: (0,39321,31868,65535)  #00997CFF  srgba(0,153,124,1)
8,1: (0,39321,32896,65535)  #009980FF  srgba(0,153,128,1)
9,1: (0,39578,31097,65535)  #009A79FF  srgba(0,154,121,1)
10,1: (0,41120,30326,65535)  #00A076FF  srgba(0,160,118,1)
11,1: (0,41634,29555,65535)  #00A273FF  srgba(0,162,115,1)
12,1: (0,42405,24672,65535)  #00A560FF  srgba(0,165,96,1)
13,1: (0,42662,30840,65535)  #00A678FF  srgba(0,166,120,1)
14,1: (0,43947,29298,65535)  #00AB72FF  srgba(0,171,114,1)
15,1: (0,44204,28784,65535)  #00AC70FF  srgba(0,172,112,1)
0,2: (0,44718,29812,65535)  #00AE74FF  srgba(0,174,116,1)
1,2: (0,44718,30326,65535)  #00AE76FF  srgba(0,174,118,1)
2,2: (0,44718,32125,65535)  #00AE7DFF  srgba(0,174,125,1)
3,2: (0,44975,30840,65535)  #00AF78FF  srgba(0,175,120,1)
4,2: (0,45489,30069,65535)  #00B175FF  srgba(0,177,117,1)
5,2: (0,45489,30840,65535)  #00B178FF  srgba(0,177,120,1)
6,2: (0,45489,32125,65535)  #00B17DFF  srgba(0,177,125,1)
7,2: (0,47802,30840,65535)  #00BA78FF  srgba(0,186,120,1)
8,2: (0,48316,29555,65535)  #00BC73FF  srgba(0,188,115,1)
9,2: (0,48573,32382,65535)  #00BD7EFF  srgba(0,189,126,1)
10,2: (0,50629,29041,65535)  #00C571FF  srgba(0,197,113,1)
11,2: (0,53970,28013,65535)  #00D26DFF  srgba(0,210,109,1)
12,2: (0,53970,30326,65535)  #00D276FF  srgba(0,210,118,1)
13,2: (0,55255,32125,65535)  #00D77DFF  srgba(0,215,125,1)
14,2: (0,55512,29812,65535)  #00D874FF  srgba(0,216,116,1)
15,2: (0,55512,30840,65535)  #00D878FF  srgba(0,216,120,1)
0,3: (0,55769,29041,65535)  #00D971FF  srgba(0,217,113,1)
1,3: (514,38036,31097,65535)  #029479FF  srgba(2,148,121,1)
2,3: (1028,38036,28527,65535)  #04946FFF  srgba(4,148,111,1)
3,3: (1028,38036,29812,65535)  #049474FF  srgba(4,148,116,1)
4,3: (1285,37779,29555,65535)  #059373FF  srgba(5,147,115,1)
5,3: (1542,41377,30583,65535)  #06A177FF  srgba(6,161,119,1)
6,3: (1799,34952,15677,65535)  #07883DFF  srgba(7,136,61,1)
7,3: (1799,37779,30840,65535)  #079378FF  srgba(7,147,120,1)
8,3: (1799,40349,32125,65535)  #079D7DFF  srgba(7,157,125,1)
9,3: (2313,38550,28013,65535)  #09966DFF  srgba(9,150,109,1)
10,3: (2570,38036,29555,65535)  #0A9473FF  srgba(10,148,115,1)
11,3: (2570,38550,30840,65535)  #0A9678FF  srgba(10,150,120,1)
12,3: (2570,42148,29298,65535)  #0AA472FF  srgba(10,164,114,1)
13,3: (2570,50115,32125,65535)  #0AC37DFF  srgba(10,195,125,1)
14,3: (2827,30840,19789,65535)  #0B784DFF  srgba(11,120,77,1)
15,3: (3084,34695,20560,65535)  #0C8750FF  srgba(12,135,80,1)
0,4: (3341,37522,31097,65535)  #0D9279FF  srgba(13,146,121,1)
1,4: (3598,38293,31868,65535)  #0E957CFF  srgba(14,149,124,1)
2,4: (3598,44718,31868,65535)  #0EAE7CFF  srgba(14,174,124,1)
3,4: (3855,37265,30840,65535)  #0F9178FF  srgba(15,145,120,1)
4,4: (4112,38036,31354,65535)  #10947AFF  srgba(16,148,122,1)
5,4: (4112,40092,31354,65535)  #109C7AFF  srgba(16,156,122,1)
6,4: (4112,40863,23644,65535)  #109F5CFF  srgba(16,159,92,1)
7,4: (4112,47288,31354,65535)  #10B87AFF  srgba(16,184,122,1)
8,4: (4369,514,0,65535)  #110200FF  srgba(17,2,0,1)
9,4: (4369,35466,23130,65535)  #118A5AFF  srgba(17,138,90,1)
10,4: (4369,38036,29298,65535)  #119472FF  srgba(17,148,114,1)
11,4: (4369,46774,30583,65535)  #11B677FF  srgba(17,182,119,1)
12,4: (4369,54741,30326,65535)  #11D576FF  srgba(17,213,118,1)
13,4: (4626,26728,14392,65535)  #126838FF  srgba(18,104,56,1)
14,4: (4883,44975,29555,65535)  #13AF73FF  srgba(19,175,115,1)
15,4: (4883,44975,30583,65535)  #13AF77FF  srgba(19,175,119,1)
0,5: (4883,45746,27499,65535)  #13B26BFF  srgba(19,178,107,1)
1,5: (4883,51143,29555,65535)  #13C773FF  srgba(19,199,115,1)
2,5: (4883,53199,27756,65535)  #13CF6CFF  srgba(19,207,108,1)
3,5: (5140,38550,31354,65535)  #14967AFF  srgba(20,150,122,1)
4,5: (5140,42405,28013,65535)  #14A56DFF  srgba(20,165,109,1)
5,5: (5397,38036,30583,65535)  #159477FF  srgba(21,148,119,1)
6,5: (5397,38550,29041,65535)  #159671FF  srgba(21,150,113,1)
7,5: (5397,38550,30069,65535)  #159675FF  srgba(21,150,117,1)
8,5: (5911,37522,30069,65535)  #179275FF  srgba(23,146,117,1)
9,5: (5911,38550,29555,65535)  #179673FF  srgba(23,150,115,1)
10,5: (6168,37779,30583,65535)  #189377FF  srgba(24,147,119,1)
11,5: (6682,40863,30326,65535)  #1A9F76FF  srgba(26,159,118,1)
12,5: (6939,38036,29812,65535)  #1B9474FF  srgba(27,148,116,1)
13,5: (6939,38550,30840,65535)  #1B9678FF  srgba(27,150,120,1)
14,5: (7196,38036,31097,65535)  #1C9479FF  srgba(28,148,121,1)
15,5: (7967,42662,29298,65535)  #1FA672FF  srgba(31,166,114,1)
0,6: (8224,37779,26471,65535)  #209367FF  srgba(32,147,103,1)
1,6: (8481,12079,3855,65535)  #212F0FFF  srgba(33,47,15,1)
2,6: (8995,18761,11308,65535)  #23492CFF  srgba(35,73,44,1)
3,6: (8995,37779,29812,65535)  #239374FF  srgba(35,147,116,1)
4,6: (9509,37522,30840,65535)  #259278FF  srgba(37,146,120,1)
5,6: (10023,37522,29298,65535)  #279272FF  srgba(39,146,114,1)
6,6: (10537,37779,29041,65535)  #299371FF  srgba(41,147,113,1)
7,6: (10537,37779,29298,65535)  #299372FF  srgba(41,147,114,1)
8,6: (11308,38036,30069,65535)  #2C9475FF  srgba(44,148,117,1)
9,6: (11308,38036,30840,65535)  #2C9478FF  srgba(44,148,120,1)
10,6: (11565,0,0,65535)  #2D0000FF  srgba(45,0,0,1)
11,6: (11565,37779,28527,65535)  #2D936FFF  srgba(45,147,111,1)
12,6: (11822,37779,30326,65535)  #2E9376FF  srgba(46,147,118,1)
13,6: (11822,38036,29298,65535)  #2E9472FF  srgba(46,148,114,1)
14,6: (11822,39835,30069,65535)  #2E9B75FF  srgba(46,155,117,1)
15,6: (11822,44461,30069,65535)  #2EAD75FF  srgba(46,173,117,1)
0,7: (11822,45746,30326,65535)  #2EB276FF  srgba(46,178,118,1)
1,7: (12079,37522,29812,65535)  #2F9274FF  srgba(47,146,116,1)
2,7: (12079,54227,30069,65535)  #2FD375FF  srgba(47,211,117,1)
3,7: (12336,37008,29555,65535)  #309073FF  srgba(48,144,115,1)
4,7: (12593,30069,21331,65535)  #317553FF  srgba(49,117,83,1)
5,7: (12593,37779,29812,65535)  #319374FF  srgba(49,147,116,1)
6,7: (12593,38293,30583,65535)  #319577FF  srgba(49,149,119,1)
7,7: (12850,37522,28270,65535)  #32926EFF  srgba(50,146,110,1)
8,7: (12850,38293,29555,65535)  #329573FF  srgba(50,149,115,1)
9,7: (13621,36237,27242,65535)  #358D6AFF  srgba(53,141,106,1)
10,7: (13621,42148,28784,65535)  #35A470FF  srgba(53,164,112,1)
11,7: (14649,37779,30326,65535)  #399376FF  srgba(57,147,118,1)
12,7: (14906,37779,29298,65535)  #3A9372FF  srgba(58,147,114,1)
13,7: (14906,38293,29041,65535)  #3A9571FF  srgba(58,149,113,1)
14,7: (15420,38036,29812,65535)  #3C9474FF  srgba(60,148,116,1)
15,7: (15420,52171,27499,65535)  #3CCB6BFF  srgba(60,203,107,1)
0,8: (15420,52685,28784,65535)  #3CCD70FF  srgba(60,205,112,1)
1,8: (15934,41891,25957,65535)  #3EA365FF  srgba(62,163,101,1)
2,8: (15934,44718,28527,65535)  #3EAE6FFF  srgba(62,174,111,1)
3,8: (16191,38036,29298,65535)  #3F9472FF  srgba(63,148,114,1)
4,8: (16191,39835,29812,65535)  #3F9B74FF  srgba(63,155,116,1)
5,8: (16705,38036,28784,65535)  #419470FF  srgba(65,148,112,1)
6,8: (16962,38293,29555,65535)  #429573FF  srgba(66,149,115,1)
7,8: (17219,37779,28784,65535)  #439370FF  srgba(67,147,112,1)
8,8: (17219,43176,28270,65535)  #43A86EFF  srgba(67,168,110,1)
9,8: (17476,24929,15163,65535)  #44613BFF  srgba(68,97,59,1)
10,8: (17733,38293,28527,65535)  #45956FFF  srgba(69,149,111,1)
11,8: (17990,36494,27242,65535)  #468E6AFF  srgba(70,142,106,1)
12,8: (17990,45746,29812,65535)  #46B274FF  srgba(70,178,116,1)
13,8: (18247,34695,24672,65535)  #478760FF  srgba(71,135,96,1)
14,8: (18247,37779,29298,65535)  #479372FF  srgba(71,147,114,1)
15,8: (18247,38036,28527,65535)  #47946FFF  srgba(71,148,111,1)
0,9: (18504,38036,28013,65535)  #48946DFF  srgba(72,148,109,1)
1,9: (18504,38036,29812,65535)  #489474FF  srgba(72,148,116,1)
2,9: (18504,38293,27756,65535)  #48956CFF  srgba(72,149,108,1)
3,9: (18504,44718,29812,65535)  #48AE74FF  srgba(72,174,116,1)
4,9: (18504,54227,29812,65535)  #48D374FF  srgba(72,211,116,1)
5,9: (19018,514,0,65535)  #4A0200FF  srgba(74,2,0,1)
6,9: (19018,30326,21588,65535)  #4A7654FF  srgba(74,118,84,1)
7,9: (19018,37779,28270,65535)  #4A936EFF  srgba(74,147,110,1)
8,9: (19018,38036,29298,65535)  #4A9472FF  srgba(74,148,114,1)
9,9: (19018,41891,28784,65535)  #4AA370FF  srgba(74,163,112,1)
10,9: (19275,37008,28784,65535)  #4B9070FF  srgba(75,144,112,1)
11,9: (19275,37522,28527,65535)  #4B926FFF  srgba(75,146,111,1)
12,9: (19532,18504,11051,65535)  #4C482BFF  srgba(76,72,43,1)
13,9: (19789,11051,3341,65535)  #4D2B0DFF  srgba(77,43,13,1)
14,9: (19789,38293,28784,65535)  #4D9570FF  srgba(77,149,112,1)
15,9: (19789,38293,29041,65535)  #4D9571FF  srgba(77,149,113,1)
0,10: (20303,36494,27242,65535)  #4F8E6AFF  srgba(79,142,106,1)
1,10: (20303,38293,29555,65535)  #4F9573FF  srgba(79,149,115,1)
2,10: (20560,38036,28784,65535)  #509470FF  srgba(80,148,112,1)
3,10: (22102,39835,29812,65535)  #569B74FF  srgba(86,155,116,1)
4,10: (23387,26214,17219,65535)  #5B6643FF  srgba(91,102,67,1)
5,10: (23387,37265,28270,65535)  #5B916EFF  srgba(91,145,110,1)
6,10: (23644,15163,6682,65535)  #5C3B1AFF  srgba(92,59,26,1)
7,10: (23644,36494,27242,65535)  #5C8E6AFF  srgba(92,142,106,1)
8,10: (23644,37779,28527,65535)  #5C936FFF  srgba(92,147,111,1)
9,10: (23901,514,0,65535)  #5D0200FF  srgba(93,2,0,1)
10,10: (23901,21331,11822,65535)  #5D532EFF  srgba(93,83,46,1)
11,10: (24158,7453,1285,65535)  #5E1D05FF  srgba(94,29,5,1)
12,10: (24158,34952,25186,65535)  #5E8862FF  srgba(94,136,98,1)
13,10: (24672,37265,27499,65535)  #60916BFF  srgba(96,145,107,1)
14,10: (24929,38293,28784,65535)  #619570FF  srgba(97,149,112,1)
15,10: (24929,44718,28270,65535)  #61AE6EFF  srgba(97,174,110,1)
0,11: (25186,49858,27756,65535)  #62C26CFF  srgba(98,194,108,1)
1,11: (25186,54998,28013,65535)  #62D66DFF  srgba(98,214,109,1)
2,11: (25443,0,0,65535)  #630000FF  srgba(99,0,0,1)
3,11: (25443,31097,21074,65535)  #637952FF  srgba(99,121,82,1)
4,11: (25443,32896,23130,65535)  #63805AFF  srgba(99,128,90,1)
5,11: (25443,41634,28527,65535)  #63A26FFF  srgba(99,162,111,1)
6,11: (25700,25957,16962,65535)  #646542FF  srgba(100,101,66,1)
7,11: (25957,37779,27756,65535)  #65936CFF  srgba(101,147,108,1)
8,11: (26214,37779,28270,65535)  #66936EFF  srgba(102,147,110,1)
9,11: (26214,38293,28013,65535)  #66956DFF  srgba(102,149,109,1)
10,11: (26471,0,0,65535)  #670000FF  srgba(103,0,0,1)
11,11: (26471,37779,27499,65535)  #67936BFF  srgba(103,147,107,1)
12,11: (26471,42662,27242,65535)  #67A66AFF  srgba(103,166,106,1)
13,11: (26985,0,0,65535)  #690000FF  srgba(105,0,0,1)
14,11: (26985,5911,1285,65535)  #691705FF  srgba(105,23,5,1)
15,11: (26985,20560,11051,65535)  #69502BFF  srgba(105,80,43,1)
0,12: (27242,36237,26985,65535)  #6A8D69FF  srgba(106,141,105,1)
1,12: (27242,37265,28270,65535)  #6A916EFF  srgba(106,145,110,1)
2,12: (27499,14392,6939,65535)  #6B381BFF  srgba(107,56,27,1)
3,12: (27756,35209,25186,65535)  #6C8962FF  srgba(108,137,98,1)
4,12: (28013,37265,26985,65535)  #6D9169FF  srgba(109,145,105,1)
5,12: (28527,1799,514,65535)  #6F0702FF  srgba(111,7,2,1)
6,12: (28527,37265,26471,65535)  #6F9167FF  srgba(111,145,103,1)
7,12: (28784,26471,17733,65535)  #706745FF  srgba(112,103,69,1)
8,12: (29041,37779,28270,65535)  #71936EFF  srgba(113,147,110,1)
9,12: (29298,37265,27499,65535)  #72916BFF  srgba(114,145,107,1)
10,12: (29298,37779,27242,65535)  #72936AFF  srgba(114,147,106,1)
11,12: (29555,37779,26728,65535)  #739368FF  srgba(115,147,104,1)
12,12: (30840,37779,27756,65535)  #78936CFF  srgba(120,147,108,1)
13,12: (31097,34695,24415,65535)  #79875FFF  srgba(121,135,95,1)
14,12: (31354,37779,27499,65535)  #7A936BFF  srgba(122,147,107,1)
15,12: (31868,36494,26728,65535)  #7C8E68FF  srgba(124,142,104,1)
0,13: (31868,38036,28013,65535)  #7C946DFF  srgba(124,148,109,1)
1,13: (32125,38807,28013,65535)  #7D976DFF  srgba(125,151,109,1)
2,13: (33667,37265,27242,65535)  #83916AFF  srgba(131,145,106,1)
3,13: (33667,44204,27499,65535)  #83AC6BFF  srgba(131,172,107,1)
4,13: (33667,46003,28013,65535)  #83B36DFF  srgba(131,179,109,1)
5,13: (34181,38550,27242,65535)  #85966AFF  srgba(133,150,106,1)
6,13: (34438,37779,27499,65535)  #86936BFF  srgba(134,147,107,1)
7,13: (34695,39835,26728,65535)  #879B68FF  srgba(135,155,104,1)
8,13: (34952,37779,26728,65535)  #889368FF  srgba(136,147,104,1)
9,13: (35209,54227,26985,65535)  #89D369FF  srgba(137,211,105,1)
10,13: (35980,35723,24929,65535)  #8C8B61FF  srgba(140,139,97,1)
11,13: (35980,46517,26471,65535)  #8CB567FF  srgba(140,181,103,1)
12,13: (36237,37265,26214,65535)  #8D9166FF  srgba(141,145,102,1)
13,13: (36494,44204,26471,65535)  #8EAC67FF  srgba(142,172,103,1)
14,13: (37008,36751,26728,65535)  #908F68FF  srgba(144,143,104,1)
15,13: (38036,37265,26985,65535)  #949169FF  srgba(148,145,105,1)
0,14: (38550,37779,27242,65535)  #96936AFF  srgba(150,147,106,1)
1,14: (39064,39578,26985,65535)  #989A69FF  srgba(152,154,105,1)
2,14: (39578,37779,26214,65535)  #9A9366FF  srgba(154,147,102,1)
3,14: (40606,37265,26214,65535)  #9E9166FF  srgba(158,145,102,1)
4,14: (41891,39578,25957,65535)  #A39A65FF  srgba(163,154,101,1)
5,14: (43433,39321,26728,65535)  #A99968FF  srgba(169,153,104,1)
6,14: (43433,47802,26728,65535)  #A9BA68FF  srgba(169,186,104,1)
7,14: (43947,37779,26471,65535)  #AB9367FF  srgba(171,147,103,1)
8,14: (44204,44204,25957,65535)  #ACAC65FF  srgba(172,172,101,1)
9,14: (44461,37779,25700,65535)  #AD9364FF  srgba(173,147,100,1)
10,14: (44461,54741,25957,65535)  #ADD565FF  srgba(173,213,101,1)
11,14: (44718,37265,26214,65535)  #AE9166FF  srgba(174,145,102,1)
12,14: (44975,36751,25957,65535)  #AF8F65FF  srgba(175,143,101,1)
13,14: (45232,48830,25443,65535)  #B0BE63FF  srgba(176,190,99,1)
14,14: (45489,41120,25700,65535)  #B1A064FF  srgba(177,160,100,1)
15,14: (46517,37265,25443,65535)  #B59163FF  srgba(181,145,99,1)
0,15: (47288,36751,24929,65535)  #B88F61FF  srgba(184,143,97,1)
1,15: (48316,48573,25186,65535)  #BCBD62FF  srgba(188,189,98,1)
2,15: (48316,54484,25443,65535)  #BCD463FF  srgba(188,212,99,1)
3,15: (48573,37779,25700,65535)  #BD9364FF  srgba(189,147,100,1)
4,15: (49344,41891,25700,65535)  #C0A364FF  srgba(192,163,100,1)
5,15: (49344,42662,24929,65535)  #C0A661FF  srgba(192,166,97,1)
6,15: (49601,44204,25186,65535)  #C1AC62FF  srgba(193,172,98,1)
7,15: (49858,37265,25700,65535)  #C29164FF  srgba(194,145,100,1)
8,15: (50115,48316,25186,65535)  #C3BC62FF  srgba(195,188,98,1)
9,15: (50372,37265,24929,65535)  #C49161FF  srgba(196,145,97,1)
10,15: (51143,37522,25186,65535)  #C79262FF  srgba(199,146,98,1)
11,15: (51657,43433,24929,65535)  #C9A961FF  srgba(201,169,97,1)
12,15: (52171,37008,25186,65535)  #CB9062FF  srgba(203,144,98,1)
13,15: (52428,44204,24672,65535)  #CCAC60FF  srgba(204,172,96,1)
14,15: (54227,43690,24415,65535)  #D3AA5FFF  srgba(211,170,95,1)
15,15: (0,65535,0,0)  #00FF0000  srgba(0,255,0,0)
