# ImageMagick pixel enumeration: 16,16,65535,srgba
0,0: (9252,0,56283,65535)  #2400DBFF  srgba(36,0,219,1)
1,0: (11308,0,50886,65535)  #2C00C6FF  srgba(44,0,198,1)
2,0: (11308,0,53713,65535)  #2C00D1FF  srgba(44,0,209,1)
3,0: (11565,0,56283,65535)  #2D00DBFF  srgba(45,0,219,1)
4,0: (13107,0,50372,65535)  #3300C4FF  srgba(51,0,196,1)
5,0: (13878,0,42919,65535)  #3600A7FF  srgba(54,0,167,1)
6,0: (13878,0,47031,65535)  #3600B7FF  srgba(54,0,183,1)
7,0: (15420,0,42919,65535)  #3C00A7FF  srgba(60,0,167,1)
8,0: (15420,0,49087,65535)  #3C00BFFF  srgba(60,0,191,1)
9,0: (15420,0,49344,65535)  #3C00C0FF  srgba(60,0,192,1)
10,0: (15420,0,51400,65535)  #3C00C8FF  srgba(60,0,200,1)
11,0: (15420,0,51400,65535)  #3C00C8FF  srgba(60,0,200,1)
12,0: (15677,0,46774,65535)  #3D00B6FF  srgba(61,0,182,1)
13,0: (16191,0,42919,65535)  #3F00A7FF  srgba(63,0,167,1)
14,0: (16191,0,53713,65535)  #3F00D1FF  srgba(63,0,209,1)
15,0: (16448,0,57825,65535)  #4000E1FF  srgba(64,0,225,1)
0,1: (16705,514,56283,65535)  #4102DBFF  srgba(65,2,219,1)
1,1: (17219,0,41377,65535)  #4300A1FF  srgba(67,0,161,1)
2,1: (17219,0,44461,65535)  #4300ADFF  srgba(67,0,173,1)
3,1: (17476,0,46517,65535)  #4400B5FF  srgba(68,0,181,1)
4,1: (17476,0,46517,65535)  #4400B5FF  srgba(68,0,181,1)
5,1: (18247,0,43947,65535)  #4700ABFF  srgba(71,0,171,1)
6,1: (18504,0,39321,65535)  #480099FF  srgba(72,0,153,1)
7,1: (18504,0,42148,65535)  #4800A4FF  srgba(72,0,164,1)
8,1: (19789,0,42919,65535)  #4D00A7FF  srgba(77,0,167,1)
9,1: (20046,0,41891,65535)  #4E00A3FF  srgba(78,0,163,1)
10,1: (20046,0,46260,65535)  #4E00B4FF  srgba(78,0,180,1)
11,1: (20817,0,46774,65535)  #5100B6FF  srgba(81,0,182,1)
12,1: (21074,0,51914,65535)  #5200CAFF  srgba(82,0,202,1)
13,1: (21331,0,49344,65535)  #5300C0FF  srgba(83,0,192,1)
14,1: (21588,0,38807,65535)  #540097FF  srgba(84,0,151,1)
15,1: (21588,0,44975,65535)  #5400AFFF  srgba(84,0,175,1)
0,2: (21588,19789,54741,65535)  #544DD5FF  srgba(84,77,213,1)
1,2: (21845,0,42662,65535)  #5500A6FF  srgba(85,0,166,1)
2,2: (22102,0,38807,65535)  #560097FF  srgba(86,0,151,1)
3,2: (22102,0,42919,65535)  #5600A7FF  srgba(86,0,167,1)
4,2: (22102,17990,59110,65535)  #5646E6FF  srgba(86,70,230,1)
5,2: (22359,15163,60909,65535)  #573BEDFF  srgba(87,59,237,1)
6,2: (22616,0,36751,65535)  #58008FFF  srgba(88,0,143,1)
7,2: (22616,1285,46003,65535)  #5805B3FF  srgba(88,5,179,1)
8,2: (22873,0,52685,65535)  #5900CDFF  srgba(89,0,205,1)
9,2: (23130,0,34438,65535)  #5A0086FF  srgba(90,0,134,1)
10,2: (23387,0,51657,65535)  #5B00C9FF  srgba(91,0,201,1)
11,2: (23644,0,42148,65535)  #5C00A4FF  srgba(92,0,164,1)
12,2: (23644,0,55255,65535)  #5C00D7FF  srgba(92,0,215,1)
13,2: (23901,0,42148,65535)  #5D00A4FF  srgba(93,0,164,1)
14,2: (23901,771,55255,65535)  #5D03D7FF  srgba(93,3,215,1)
15,2: (24158,0,56540,65535)  #5E00DCFF  srgba(94,0,220,1)
0,3: (24158,1285,51400,65535)  #5E05C8FF  srgba(94,5,200,1)
1,3: (24158,14135,59110,65535)  #5E37E6FF  srgba(94,55,230,1)
2,3: (24415,0,58853,65535)  #5F00E5FF  srgba(95,0,229,1)
3,3: (24415,16705,63736,65535)  #5F41F8FF  srgba(95,65,248,1)
4,3: (24672,1799,59881,65535)  #6007E9FF  srgba(96,7,233,1)
5,3: (24929,0,47288,65535)  #6100B8FF  srgba(97,0,184,1)
6,3: (24929,20560,61423,65535)  #6150EFFF  srgba(97,80,239,1)
7,3: (25443,0,47031,65535)  #6300B7FF  srgba(99,0,183,1)
8,3: (25443,7196,61423,65535)  #631CEFFF  srgba(99,28,239,1)
9,3: (25443,16962,61423,65535)  #6342EFFF  srgba(99,66,239,1)
10,3: (25700,0,49344,65535)  #6400C0FF  srgba(100,0,192,1)
11,3: (25700,0,51914,65535)  #6400CAFF  srgba(100,0,202,1)
12,3: (25700,13878,52171,65535)  #6436CBFF  srgba(100,54,203,1)
13,3: (26728,14135,56283,65535)  #6837DBFF  srgba(104,55,219,1)
14,3: (29041,19532,58853,65535)  #714CE5FF  srgba(113,76,229,1)
15,3: (29298,13878,61423,65535)  #7236EFFF  srgba(114,54,239,1)
0,4: (29555,15934,63993,65535)  #733EF9FF  srgba(115,62,249,1)
1,4: (29812,20303,54998,65535)  #744FD6FF  srgba(116,79,214,1)
2,4: (30326,32125,65021,65535)  #767DFDFF  srgba(118,125,253,1)
3,4: (30583,0,50372,65535)  #7700C4FF  srgba(119,0,196,1)
4,4: (31097,0,59110,65535)  #7900E6FF  srgba(121,0,230,1)
5,4: (31097,257,55512,65535)  #7901D8FF  srgba(121,1,216,1)
6,4: (31097,6168,61166,65535)  #7918EEFF  srgba(121,24,238,1)
7,4: (31354,37008,65278,65535)  #7A90FEFF  srgba(122,144,254,1)
8,4: (31611,39578,65278,65535)  #7B9AFEFF  srgba(123,154,254,1)
9,4: (31868,20303,61680,65535)  #7C4FF0FF  srgba(124,79,240,1)
10,4: (32125,42148,65278,65535)  #7DA4FEFF  srgba(125,164,254,1)
11,4: (32382,0,37522,65535)  #7E0092FF  srgba(126,0,146,1)
12,4: (32639,0,41634,65535)  #7F00A2FF  srgba(127,0,162,1)
13,4: (32639,0,45232,65535)  #7F00B0FF  srgba(127,0,176,1)
14,4: (32639,0,50886,65535)  #7F00C6FF  srgba(127,0,198,1)
15,4: (32896,0,51143,65535)  #8000C7FF  srgba(128,0,199,1)
0,5: (32896,257,46517,65535)  #8001B5FF  srgba(128,1,181,1)
1,5: (33153,1542,50886,65535)  #8106C6FF  srgba(129,6,198,1)
2,5: (33410,16962,64250,65535)  #8242FAFF  srgba(130,66,250,1)
3,5: (33667,35466,65278,65535)  #838AFEFF  srgba(131,138,254,1)
4,5: (33667,37522,65278,65535)  #8392FEFF  srgba(131,146,254,1)
5,5: (33924,40092,65278,65535)  #849CFEFF  srgba(132,156,254,1)
6,5: (33924,42662,65278,65535)  #84A6FEFF  srgba(132,166,254,1)
7,5: (34438,26728,65021,65535)  #8668FDFF  srgba(134,104,253,1)
8,5: (34952,0,50629,65535)  #8800C5FF  srgba(136,0,197,1)
9,5: (35980,41634,65535,65535)  #8CA2FFFF  srgba(140,162,255,1)
10,5: (36237,41891,65535,65535)  #8DA3FFFF  srgba(141,163,255,1)
11,5: (37008,0,55255,65535)  #9000D7FF  srgba(144,0,215,1)
12,5: (37265,0,55255,65535)  #9100D7FF  srgba(145,0,215,1)
13,5: (37265,257,58853,65535)  #9101E5FF  srgba(145,1,229,1)
14,5: (37265,7453,62451,65535)  #911DF3FF  srgba(145,29,243,1)
15,5: (37522,1799,55255,65535)  #9207D7FF  srgba(146,7,215,1)
0,6: (37522,5911,59367,65535)  #9217E7FF  srgba(146,23,231,1)
1,6: (39064,16705,64507,65535)  #9841FBFF  srgba(152,65,251,1)
2,6: (39064,22359,65021,65535)  #9857FDFF  srgba(152,87,253,1)
3,6: (39064,42662,65535,65535)  #98A6FFFF  srgba(152,166,255,1)
4,6: (39321,42919,65535,65535)  #99A7FFFF  srgba(153,167,255,1)
5,6: (39835,44975,65278,65535)  #9BAFFEFF  srgba(155,175,254,1)
6,6: (40606,32382,65278,65535)  #9E7EFEFF  srgba(158,126,254,1)
7,6: (40863,0,50886,65535)  #9F00C6FF  srgba(159,0,198,1)
8,6: (40863,13621,62194,65535)  #9F35F2FF  srgba(159,53,242,1)
9,6: (40863,25700,65278,65535)  #9F64FEFF  srgba(159,100,254,1)
10,6: (40863,41891,65535,65535)  #9FA3FFFF  srgba(159,163,255,1)
11,6: (41377,0,45746,65535)  #A100B2FF  srgba(161,0,178,1)
12,6: (41377,257,38550,65535)  #A10196FF  srgba(161,1,150,1)
13,6: (41377,771,42405,65535)  #A103A5FF  srgba(161,3,165,1)
14,6: (41377,18504,62451,65535)  #A148F3FF  srgba(161,72,243,1)
15,6: (41377,42405,65021,65535)  #A1A5FDFF  srgba(161,165,253,1)
0,7: (41377,46517,65278,65535)  #A1B5FEFF  srgba(161,181,254,1)
1,7: (41634,2313,45746,65535)  #A209B2FF  srgba(162,9,178,1)
2,7: (41891,42919,65535,65535)  #A3A7FFFF  srgba(163,167,255,1)
3,7: (42148,2827,50886,65535)  #A40BC6FF  srgba(164,11,198,1)
4,7: (42148,13107,59110,65535)  #A433E6FF  srgba(164,51,230,1)
5,7: (42662,0,50886,65535)  #A600C6FF  srgba(166,0,198,1)
6,7: (44975,18247,59110,65535)  #AF47E6FF  srgba(175,71,230,1)
7,7: (45232,0,55512,65535)  #B000D8FF  srgba(176,0,216,1)
8,7: (45232,0,55769,65535)  #B000D9FF  srgba(176,0,217,1)
9,7: (45232,13878,53713,65535)  #B036D1FF  srgba(176,54,209,1)
10,7: (45746,1542,59624,65535)  #B206E8FF  srgba(178,6,232,1)
11,7: (46003,12850,47031,65535)  #B332B7FF  srgba(179,50,183,1)
12,7: (46003,25700,58853,65535)  #B364E5FF  srgba(179,100,229,1)
13,7: (46260,7967,60652,65535)  #B41FECFF  srgba(180,31,236,1)
14,7: (46260,22102,62451,65535)  #B456F3FF  srgba(180,86,243,1)
15,7: (46517,4883,56283,65535)  #B513DBFF  srgba(181,19,219,1)
0,8: (46517,23130,53713,65535)  #B55AD1FF  srgba(181,90,209,1)
1,8: (46517,27756,62451,65535)  #B56CF3FF  srgba(181,108,243,1)
2,8: (46774,46260,65278,65535)  #B6B4FEFF  srgba(182,180,254,1)
3,8: (47802,16448,64507,65535)  #BA40FBFF  srgba(186,64,251,1)
4,8: (47802,22359,64764,65535)  #BA57FCFF  srgba(186,87,252,1)
5,8: (48316,19532,47545,65535)  #BC4CB9FF  srgba(188,76,185,1)
6,8: (48830,13621,62194,65535)  #BE35F2FF  srgba(190,53,242,1)
7,8: (49087,771,41120,65535)  #BF03A0FF  srgba(191,3,160,1)
8,8: (49087,26728,65021,65535)  #BF68FDFF  srgba(191,104,253,1)
9,8: (49087,49344,65278,65535)  #BFC0FEFF  srgba(191,192,254,1)
10,8: (49344,18504,62451,65535)  #C048F3FF  srgba(192,72,243,1)
11,8: (49344,32639,65278,65535)  #C07FFEFF  srgba(192,127,254,1)
12,8: (49858,0,50886,65535)  #C200C6FF  srgba(194,0,198,1)
13,8: (50115,13107,59110,65535)  #C333E6FF  srgba(195,51,230,1)
14,8: (50372,3341,50886,65535)  #C40DC6FF  srgba(196,13,198,1)
15,8: (50629,1799,46260,65535)  #C507B4FF  srgba(197,7,180,1)
0,9: (53199,0,56026,65535)  #CF00DAFF  srgba(207,0,218,1)
1,9: (53456,5397,56797,65535)  #D015DDFF  srgba(208,21,221,1)
2,9: (53713,2313,60395,65535)  #D109EBFF  srgba(209,9,235,1)
3,9: (53713,8481,61166,65535)  #D121EEFF  srgba(209,33,238,1)
4,9: (54741,49601,65278,65535)  #D5C1FEFF  srgba(213,193,254,1)
5,9: (56283,13364,59881,65535)  #DB34E9FF  srgba(219,52,233,1)
6,9: (56540,13878,63222,65535)  #DC36F6FF  srgba(220,54,246,1)
7,9: (56540,14906,53713,65535)  #DC3AD1FF  srgba(220,58,209,1)
8,9: (56540,18504,63479,65535)  #DC48F7FF  srgba(220,72,247,1)
9,9: (56797,28784,65278,65535)  #DD70FEFF  srgba(221,112,254,1)
10,9: (56797,34438,65278,65535)  #DD86FEFF  srgba(221,134,254,1)
11,9: (57311,28527,58339,65535)  #DF6FE3FF  srgba(223,111,227,1)
12,9: (57568,26985,63993,65535)  #E069F9FF  srgba(224,105,249,1)
13,9: (57825,20046,59881,65535)  #E14EE9FF  srgba(225,78,233,1)
14,9: (57825,41120,65278,65535)  #E1A0FEFF  srgba(225,160,254,1)
15,9: (58082,22616,63993,65535)  #E258F9FF  srgba(226,88,249,1)
0,10: (58596,53713,65535,65535)  #E4D1FFFF  srgba(228,209,255,1)
1,10: (58853,1285,40092,65535)  #E5059CFF  srgba(229,5,156,1)
2,10: (60138,514,50629,65535)  #EA02C5FF  srgba(234,2,197,1)
3,10: (60395,2313,43433,65535)  #EB09A9FF  srgba(235,9,169,1)
4,10: (60395,4112,60909,65535)  #EB10EDFF  srgba(235,16,237,1)
5,10: (60395,14392,49087,65535)  #EB38BFFF  srgba(235,56,191,1)
6,10: (60652,1285,56540,65535)  #EC05DCFF  srgba(236,5,220,1)
7,10: (60652,29555,52171,65535)  #EC73CBFF  srgba(236,115,203,1)
8,10: (60652,35980,63993,65535)  #EC8CF9FF  srgba(236,140,249,1)
9,10: (60909,44718,63993,65535)  #EDAEF9FF  srgba(237,174,249,1)
10,10: (61166,29555,47288,65535)  #EE73B8FF  srgba(238,115,184,1)
11,10: (61166,31354,63993,65535)  #EE7AF9FF  srgba(238,122,249,1)
12,10: (61166,49344,65278,65535)  #EEC0FEFF  srgba(238,192,254,1)
13,10: (61423,17476,43433,65535)  #EF44A9FF  srgba(239,68,169,1)
14,10: (61423,38036,57568,65535)  #EF94E0FF  srgba(239,148,224,1)
15,10: (61680,9252,61423,65535)  #F024EFFF  srgba(240,36,239,1)
0,11: (62194,7710,57054,65535)  #F21EDEFF  srgba(242,30,222,1)
1,11: (62194,17733,46517,65535)  #F245B5FF  srgba(242,69,181,1)
2,11: (62194,21588,53713,65535)  #F254D1FF  srgba(242,84,209,1)
3,11: (62451,7196,50629,65535)  #F31CC5FF  srgba(243,28,197,1)
4,11: (62708,21845,49087,65535)  #F455BFFF  srgba(244,85,191,1)
5,11: (62965,3341,46260,65535)  #F50DB4FF  srgba(245,13,180,1)
6,11: (62965,16191,63222,65535)  #F53FF6FF  srgba(245,63,246,1)
7,11: (62965,28784,65535,65535)  #F570FFFF  srgba(245,112,255,1)
8,11: (62965,34438,65278,65535)  #F586FEFF  srgba(245,134,254,1)
9,11: (63222,13364,59881,65535)  #F634E9FF  srgba(246,52,233,1)
10,11: (63222,27242,63736,65535)  #F66AF8FF  srgba(246,106,248,1)
11,11: (63222,47545,57054,65535)  #F6B9DEFF  srgba(246,185,222,1)
12,11: (63222,53970,65535,65535)  #F6D2FFFF  srgba(246,210,255,1)
13,11: (63479,28784,58339,65535)  #F770E3FF  srgba(247,112,227,1)
14,11: (63479,41120,65278,65535)  #F7A0FEFF  srgba(247,160,254,1)
15,11: (63479,65278,65535,65535)  #F7FEFFFF  srgba(247,254,255,1)
0,12: (63736,42148,49601,65535)  #F8A4C1FF  srgba(248,164,193,1)
1,12: (63736,59367,65535,65535)  #F8E7FFFF  srgba(248,231,255,1)
2,12: (63993,54741,59624,65535)  #F9D5E8FF  srgba(249,213,232,1)
3,12: (64250,13878,53713,65535)  #FA36D1FF  srgba(250,54,209,1)
4,12: (64250,58339,63993,65535)  #FAE3F9FF  srgba(250,227,249,1)
5,12: (64250,58596,65278,65535)  #FAE4FEFF  srgba(250,228,254,1)
6,12: (64507,21074,59881,65535)  #FB52E9FF  srgba(251,82,233,1)
7,12: (64764,21845,63736,65535)  #FC55F8FF  srgba(252,85,248,1)
8,12: (64764,57311,65535,65535)  #FCDFFFFF  srgba(252,223,255,1)
9,12: (64764,65278,65278,65535)  #FCFEFEFF  srgba(252,254,254,1)
10,12: (65278,63993,65535,65535)  #FEF9FFFF  srgba(254,249,255,1)
11,12: (65278,64250,65535,65535)  #FEFAFFFF  srgba(254,250,255,1)
12,12: (65278,64764,65535,65535)  #FEFCFFFF  srgba(254,252,255,1)
13,12: (65278,65278,65535,65535)  #FEFEFFFF  srgba(254,254,255,1)
14,12: (65535,16962,61166,65535)  #FF42EEFF  srgba(255,66,238,1)
15,12: (65535,17733,52942,65535)  #FF45CEFF  srgba(255,69,206,1)
0,13: (65535,20817,64764,65535)  #FF51FCFF  srgba(255,81,252,1)
1,13: (65535,21331,48059,65535)  #FF53BBFF  srgba(255,83,187,1)
2,13: (65535,22102,44718,65535)  #FF56AEFF  srgba(255,86,174,1)
3,13: (65535,23901,61680,65535)  #FF5DF0FF  srgba(255,93,240,1)
4,13: (65535,25186,52942,65535)  #FF62CEFF  srgba(255,98,206,1)
5,13: (65535,25700,64764,65535)  #FF64FCFF  srgba(255,100,252,1)
6,13: (65535,27756,65021,65535)  #FF6CFDFF  srgba(255,108,253,1)
7,13: (65535,28013,46517,65535)  #FF6DB5FF  srgba(255,109,181,1)
8,13: (65535,28013,61680,65535)  #FF6DF0FF  srgba(255,109,240,1)
9,13: (65535,28527,52942,65535)  #FF6FCEFF  srgba(255,111,206,1)
10,13: (65535,30326,65021,65535)  #FF76FDFF  srgba(255,118,253,1)
11,13: (65535,31354,60395,65535)  #FF7AEBFF  srgba(255,122,235,1)
12,13: (65535,31611,53456,65535)  #FF7BD0FF  srgba(255,123,208,1)
13,13: (65535,32125,65021,65535)  #FF7DFDFF  srgba(255,125,253,1)
14,13: (65535,32382,63479,65535)  #FF7EF7FF  srgba(255,126,247,1)
15,13: (65535,33153,45489,65535)  #FF81B1FF  srgba(255,129,177,1)
0,14: (65535,33153,48830,65535)  #FF81BEFF  srgba(255,129,190,1)
1,14: (65535,34438,59881,65535)  #FF86E9FF  srgba(255,134,233,1)
2,14: (65535,34695,65278,65535)  #FF87FEFF  srgba(255,135,254,1)
3,14: (65535,34952,53456,65535)  #FF88D0FF  srgba(255,136,208,1)
4,14: (65535,38550,46774,65535)  #FF96B6FF  srgba(255,150,182,1)
5,14: (65535,38550,51143,65535)  #FF96C7FF  srgba(255,150,199,1)
6,14: (65535,38550,60395,65535)  #FF96EBFF  srgba(255,150,235,1)
7,14: (65535,38550,65021,65535)  #FF96FDFF  srgba(255,150,253,1)
8,14: (65535,38807,55255,65535)  #FF97D7FF  srgba(255,151,215,1)
9,14: (65535,38807,65535,65535)  #FF97FFFF  srgba(255,151,255,1)
10,14: (65535,41891,62194,65535)  #FFA3F2FF  srgba(255,163,242,1)
11,14: (65535,41891,65535,65535)  #FFA3FFFF  srgba(255,163,255,1)
12,14: (65535,42148,49087,65535)  #FFA4BFFF  srgba(255,164,191,1)
13,14: (65535,42148,55255,65535)  #FFA4D7FF  srgba(255,164,215,1)
14,14: (65535,42148,65021,65535)  #FFA4FDFF  srgba(255,164,253,1)
15,14: (65535,44975,50629,65535)  #FFAFC5FF  srgba(255,175,197,1)
0,15: (65535,47031,55512,65535)  #FFB7D8FF  srgba(255,183,216,1)
1,15: (65535,47802,60395,65535)  #FFBAEBFF  srgba(255,186,235,1)
2,15: (65535,48573,65535,65535)  #FFBDFFFF  srgba(255,189,255,1)
3,15: (65535,52685,65535,65535)  #FFCDFFFF  srgba(255,205,255,1)
4,15: (65535,52942,65278,65535)  #FFCEFEFF  srgba(255,206,254,1)
5,15: (65535,54227,65535,65535)  #FFD3FFFF  srgba(255,211,255,1)
6,15: (65535,55512,61680,65535)  #FFD8F0FF  srgba(255,216,240,1)
7,15: (65535,59110,65535,65535)  #FFE6FFFF  srgba(255,230,255,1)
8,15: (65535,61166,65535,65535)  #FFEEFFFF  srgba(255,238,255,1)
9,15: (65535,61937,65535,65535)  #FFF1FFFF  srgba(255,241,255,1)
10,15: (65535,62965,65278,65535)  #FFF5FEFF  srgba(255,245,254,1)
11,15: (65535,63479,65278,65535)  #FFF7FEFF  srgba(255,247,254,1)
12,15: (65535,63993,65278,65535)  #FFF9FEFF  srgba(255,249,254,1)
13,15: (65535,64250,65535,65535)  #FFFAFFFF  srgba(255,250,255,1)
14,15: (65535,65278,65535,65535)  #FFFEFFFF  srgba(255,254,255,1)
15,15: (0,65535,0,0)  #00FF0000  srgba(0,255,0,0)
