# ImageMagick pixel enumeration: 16,16,65535,srgba
0,0: (0,1285,0,65535)  #000500FF  srgba(0,5,0,1)
1,0: (0,5140,0,65535)  #001400FF  srgba(0,20,0,1)
2,0: (0,7196,0,65535)  #001C00FF  srgba(0,28,0,1)
3,0: (0,17476,0,65535)  #004400FF  srgba(0,68,0,1)
4,0: (257,0,514,65535)  #010002FF  srgba(1,0,2,1)
5,0: (257,0,1285,65535)  #010005FF  srgba(1,0,5,1)
6,0: (257,0,2056,65535)  #010008FF  srgba(1,0,8,1)
7,0: (257,0,4626,65535)  #010012FF  srgba(1,0,18,1)
8,0: (514,0,3084,65535)  #02000CFF  srgba(2,0,12,1)
9,0: (514,514,257,65535)  #020201FF  srgba(2,2,1,1)
10,0: (771,0,1028,65535)  #030004FF  srgba(3,0,4,1)
11,0: (771,0,1285,65535)  #030005FF  srgba(3,0,5,1)
12,0: (771,0,1542,65535)  #030006FF  srgba(3,0,6,1)
13,0: (771,0,1799,65535)  #030007FF  srgba(3,0,7,1)
14,0: (1285,514,2827,65535)  #05020BFF  srgba(5,2,11,1)
15,0: (1542,0,257,65535)  #060001FF  srgba(6,0,1,1)
0,1: (1542,0,2056,65535)  #060008FF  srgba(6,0,8,1)
1,1: (1542,56283,0,65535)  #06DB00FF  srgba(6,219,0,1)
2,1: (1799,50115,0,65535)  #07C300FF  srgba(7,195,0,1)
3,1: (2056,20303,0,65535)  #084F00FF  srgba(8,79,0,1)
4,1: (2056,44975,0,65535)  #08AF00FF  srgba(8,175,0,1)
5,1: (2313,1028,0,65535)  #090400FF  srgba(9,4,0,1)
6,1: (2313,5397,771,65535)  #091503FF  srgba(9,21,3,1)
7,1: (2570,23901,0,65535)  #0A5D00FF  srgba(10,93,0,1)
8,1: (2570,29041,0,65535)  #0A7100FF  srgba(10,113,0,1)
9,1: (2570,29555,0,65535)  #0A7300FF  srgba(10,115,0,1)
10,1: (2570,35209,0,65535)  #0A8900FF  srgba(10,137,0,1)
11,1: (2827,12850,0,65535)  #0B3200FF  srgba(11,50,0,1)
12,1: (2827,30069,1542,65535)  #0B7506FF  srgba(11,117,6,1)
13,1: (3084,0,0,65535)  #0C0000FF  srgba(12,0,0,1)
14,1: (3084,15934,1028,65535)  #0C3E04FF  srgba(12,62,4,1)
15,1: (3084,39835,0,65535)  #0C9B00FF  srgba(12,155,0,1)
0,2: (4112,60652,0,65535)  #10EC00FF  srgba(16,236,0,1)
1,2: (4626,0,1285,65535)  #120005FF  srgba(18,0,5,1)
2,2: (4626,5654,0,65535)  #121600FF  srgba(18,22,0,1)
3,2: (4626,31097,5911,65535)  #127917FF  srgba(18,121,23,1)
4,2: (4883,7710,0,65535)  #131E00FF  srgba(19,30,0,1)
5,2: (4883,17219,0,65535)  #134300FF  srgba(19,67,0,1)
6,2: (4883,64250,0,65535)  #13FA00FF  srgba(19,250,0,1)
7,2: (5140,0,1285,65535)  #140005FF  srgba(20,0,5,1)
8,2: (5397,6168,4883,65535)  #151813FF  srgba(21,24,19,1)
9,2: (5654,0,0,65535)  #160000FF  srgba(22,0,0,1)
10,2: (5654,0,0,65535)  #160000FF  srgba(22,0,0,1)
11,2: (5654,16705,5397,65535)  #164115FF  srgba(22,65,21,1)
12,2: (5911,44975,4883,65535)  #17AF13FF  srgba(23,175,19,1)
13,2: (6425,0,0,65535)  #190000FF  srgba(25,0,0,1)
14,2: (6682,0,0,65535)  #1A0000FF  srgba(26,0,0,1)
15,2: (6682,53713,4626,65535)  #1AD112FF  srgba(26,209,18,1)
0,3: (6682,53970,771,65535)  #1AD203FF  srgba(26,210,3,1)
1,3: (7453,257,0,65535)  #1D0100FF  srgba(29,1,0,1)
2,3: (7710,43690,257,65535)  #1EAA01FF  srgba(30,170,1,1)
3,3: (8738,64764,0,65535)  #22FC00FF  srgba(34,252,0,1)
4,3: (9766,0,0,65535)  #260000FF  srgba(38,0,0,1)
5,3: (11051,5397,0,65535)  #2B1500FF  srgba(43,21,0,1)
6,3: (11308,65021,0,65535)  #2CFD00FF  srgba(44,253,0,1)
7,3: (12336,0,0,65535)  #300000FF  srgba(48,0,0,1)
8,3: (12336,7453,4112,65535)  #301D10FF  srgba(48,29,16,1)
9,3: (12593,42662,0,65535)  #31A600FF  srgba(49,166,0,1)
10,3: (12593,50115,0,65535)  #31C300FF  srgba(49,195,0,1)
11,3: (12850,0,0,65535)  #320000FF  srgba(50,0,0,1)
12,3: (12850,49344,0,65535)  #32C000FF  srgba(50,192,0,1)
13,3: (12850,56540,0,65535)  #32DC00FF  srgba(50,220,0,1)
14,3: (13364,0,257,65535)  #340001FF  srgba(52,0,1,1)
15,3: (13621,0,0,65535)  #350000FF  srgba(53,0,0,1)
0,4: (13621,64764,0,65535)  #35FC00FF  srgba(53,252,0,1)
1,4: (14135,18504,6168,65535)  #374818FF  srgba(55,72,24,1)
2,4: (14135,29555,0,65535)  #377300FF  srgba(55,115,0,1)
3,4: (14392,2056,0,65535)  #380800FF  srgba(56,8,0,1)
4,4: (14392,19275,0,65535)  #384B00FF  srgba(56,75,0,1)
5,4: (14392,36494,0,65535)  #388E00FF  srgba(56,142,0,1)
6,4: (14906,6939,0,65535)  #3A1B00FF  srgba(58,27,0,1)
7,4: (15163,17476,1285,65535)  #3B4405FF  srgba(59,68,5,1)
8,4: (15420,8224,0,65535)  #3C2000FF  srgba(60,32,0,1)
9,4: (15677,60909,0,65535)  #3DED00FF  srgba(61,237,0,1)
10,4: (15934,33410,6425,65535)  #3E8219FF  srgba(62,130,25,1)
11,4: (16191,257,0,65535)  #3F0100FF  srgba(63,1,0,1)
12,4: (16191,44975,5140,65535)  #3FAF14FF  srgba(63,175,20,1)
13,4: (16448,32639,1799,65535)  #407F07FF  srgba(64,127,7,1)
14,4: (16962,0,0,65535)  #420000FF  srgba(66,0,0,1)
15,4: (16962,64507,0,65535)  #42FB00FF  srgba(66,251,0,1)
0,5: (18247,7196,771,65535)  #471C03FF  srgba(71,28,3,1)
1,5: (18247,55512,4112,65535)  #47D810FF  srgba(71,216,16,1)
2,5: (18247,57054,771,65535)  #47DE03FF  srgba(71,222,3,1)
3,5: (19018,6939,0,65535)  #4A1B00FF  srgba(74,27,0,1)
4,5: (20046,7453,3855,65535)  #4E1D0FFF  srgba(78,29,15,1)
5,5: (20303,0,0,65535)  #4F0000FF  srgba(79,0,0,1)
6,5: (20560,0,0,65535)  #500000FF  srgba(80,0,0,1)
7,5: (23130,19532,6168,65535)  #5A4C18FF  srgba(90,76,24,1)
8,5: (23387,29041,0,65535)  #5B7100FF  srgba(91,113,0,1)
9,5: (23387,36494,0,65535)  #5B8E00FF  srgba(91,142,0,1)
10,5: (23644,3341,0,65535)  #5C0D00FF  srgba(92,13,0,1)
11,5: (23644,19532,0,65535)  #5C4C00FF  srgba(92,76,0,1)
12,5: (23901,18247,1542,65535)  #5D4706FF  srgba(93,71,6,1)
13,5: (24158,32382,2313,65535)  #5E7E09FF  srgba(94,126,9,1)
14,5: (24158,63479,0,65535)  #5EF700FF  srgba(94,247,0,1)
15,5: (24415,32382,5397,65535)  #5F7E15FF  srgba(95,126,21,1)
0,6: (24415,54998,0,65535)  #5FD600FF  srgba(95,214,0,1)
1,6: (24929,47545,0,65535)  #61B900FF  srgba(97,185,0,1)
2,6: (25186,54741,4626,65535)  #62D512FF  srgba(98,213,18,1)
3,6: (26985,0,0,65535)  #690000FF  srgba(105,0,0,1)
4,6: (27756,44718,5397,65535)  #6CAE15FF  srgba(108,174,21,1)
5,6: (28013,57825,257,65535)  #6DE101FF  srgba(109,225,1,1)
6,6: (28270,44461,514,65535)  #6EAD02FF  srgba(110,173,2,1)
7,6: (29298,0,0,65535)  #720000FF  srgba(114,0,0,1)
8,6: (29298,0,257,65535)  #720001FF  srgba(114,0,1,1)
9,6: (30583,7453,1028,65535)  #771D04FF  srgba(119,29,4,1)
10,6: (30840,2313,0,65535)  #780900FF  srgba(120,9,0,1)
11,6: (31097,10023,0,65535)  #792700FF  srgba(121,39,0,1)
12,6: (31354,1285,514,65535)  #7A0502FF  srgba(122,5,2,1)
13,6: (31868,18761,0,65535)  #7C4900FF  srgba(124,73,0,1)
14,6: (32382,0,0,65535)  #7E0000FF  srgba(126,0,0,1)
15,6: (32382,63736,0,65535)  #7EF800FF  srgba(126,248,0,1)
0,7: (32639,19018,4883,65535)  #7F4A13FF  srgba(127,74,19,1)
1,7: (32639,28527,0,65535)  #7F6F00FF  srgba(127,111,0,1)
2,7: (32639,47545,0,65535)  #7FB900FF  srgba(127,185,0,1)
3,7: (32639,54998,0,65535)  #7FD600FF  srgba(127,214,0,1)
4,7: (32896,33153,6425,65535)  #808119FF  srgba(128,129,25,1)
5,7: (32896,36237,0,65535)  #808D00FF  srgba(128,141,0,1)
6,7: (33153,32382,514,65535)  #817E02FF  srgba(129,126,2,1)
7,7: (34181,18504,0,65535)  #854800FF  srgba(133,72,0,1)
8,7: (39321,0,0,65535)  #990000FF  srgba(153,0,0,1)
9,7: (39578,0,0,65535)  #9A0000FF  srgba(154,0,0,1)
10,7: (39835,63479,0,65535)  #9BF700FF  srgba(155,247,0,1)
11,7: (40092,0,257,65535)  #9C0001FF  srgba(156,0,1,1)
12,7: (40606,51657,0,65535)  #9EC900FF  srgba(158,201,0,1)
13,7: (40863,0,0,65535)  #9F0000FF  srgba(159,0,0,1)
14,7: (41377,5654,0,65535)  #A11600FF  srgba(161,22,0,1)
15,7: (41377,32896,514,65535)  #A18002FF  srgba(161,128,2,1)
0,8: (41634,2570,0,65535)  #A20A00FF  srgba(162,10,0,1)
1,8: (41891,9252,0,65535)  #A32400FF  srgba(163,36,0,1)
2,8: (42148,6168,3341,65535)  #A4180DFF  srgba(164,24,13,1)
3,8: (42405,1542,0,65535)  #A50600FF  srgba(165,6,0,1)
4,8: (42662,0,3084,65535)  #A6000CFF  srgba(166,0,12,1)
5,8: (42662,33410,6168,65535)  #A68218FF  srgba(166,130,24,1)
6,8: (43176,8738,0,65535)  #A82200FF  srgba(168,34,0,1)
7,8: (43433,17990,0,65535)  #A94600FF  srgba(169,70,0,1)
8,8: (43433,18504,3084,65535)  #A9480CFF  srgba(169,72,12,1)
9,8: (43690,18247,0,65535)  #AA4700FF  srgba(170,71,0,1)
10,8: (43690,28013,0,65535)  #AA6D00FF  srgba(170,109,0,1)
11,8: (43690,36237,0,65535)  #AA8D00FF  srgba(170,141,0,1)
12,8: (43947,44718,1542,65535)  #ABAE06FF  srgba(171,174,6,1)
13,8: (44204,57311,0,65535)  #ACDF00FF  srgba(172,223,0,1)
14,8: (44461,42919,0,65535)  #ADA700FF  srgba(173,167,0,1)
15,8: (44461,43690,6168,65535)  #ADAA18FF  srgba(173,170,24,1)
0,9: (44718,52685,5654,65535)  #AECD16FF  srgba(174,205,22,1)
1,9: (44718,54484,1542,65535)  #AED406FF  srgba(174,212,6,1)
2,9: (45746,0,0,65535)  #B20000FF  srgba(178,0,0,1)
3,9: (47545,62965,0,65535)  #B9F500FF  srgba(185,245,0,1)
4,9: (48316,51657,0,65535)  #BCC900FF  srgba(188,201,0,1)
5,9: (48830,0,257,65535)  #BE0001FF  srgba(190,0,1,1)
6,9: (51657,5140,0,65535)  #C91400FF  srgba(201,20,0,1)
7,9: (53456,11051,0,65535)  #D02B00FF  srgba(208,43,0,1)
8,9: (53713,15163,0,65535)  #D13B00FF  srgba(209,59,0,1)
9,9: (53713,36237,0,65535)  #D18D00FF  srgba(209,141,0,1)
10,9: (53970,5140,0,65535)  #D21400FF  srgba(210,20,0,1)
11,9: (53970,16962,0,65535)  #D24200FF  srgba(210,66,0,1)
12,9: (53970,17990,0,65535)  #D24600FF  srgba(210,70,0,1)
13,9: (54227,2313,0,65535)  #D30900FF  srgba(211,9,0,1)
14,9: (54484,514,0,65535)  #D40200FF  srgba(212,2,0,1)
15,9: (54484,24415,0,65535)  #D45F00FF  srgba(212,95,0,1)
0,10: (54484,29298,0,65535)  #D47200FF  srgba(212,114,0,1)
1,10: (54741,0,0,65535)  #D50000FF  srgba(213,0,0,1)
2,10: (54741,20303,0,65535)  #D54F00FF  srgba(213,79,0,1)
3,10: (54998,0,514,65535)  #D60002FF  srgba(214,0,2,1)
4,10: (54998,5911,5911,65535)  #D61717FF  srgba(214,23,23,1)
5,10: (55769,5140,0,65535)  #D91400FF  srgba(217,20,0,1)
6,10: (56026,14906,514,65535)  #DA3A02FF  srgba(218,58,2,1)
7,10: (56283,0,257,65535)  #DB0001FF  srgba(219,0,1,1)
8,10: (56540,25186,6425,65535)  #DC6219FF  srgba(220,98,25,1)
9,10: (57054,23130,257,65535)  #DE5A01FF  srgba(222,90,1,1)
10,10: (57311,1799,257,65535)  #DF0701FF  srgba(223,7,1,1)
11,10: (57825,36237,0,65535)  #E18D00FF  srgba(225,141,0,1)
12,10: (58339,34181,1542,65535)  #E38506FF  srgba(227,133,6,1)
13,10: (58339,45232,8224,65535)  #E3B020FF  srgba(227,176,32,1)
14,10: (58339,47802,0,65535)  #E3BA00FF  srgba(227,186,0,1)
15,10: (58853,42662,0,65535)  #E5A600FF  srgba(229,166,0,1)
0,11: (58853,54484,8738,65535)  #E5D422FF  srgba(229,212,34,1)
1,11: (58853,63222,0,65535)  #E5F600FF  srgba(229,246,0,1)
2,11: (59110,43176,0,65535)  #E6A800FF  srgba(230,168,0,1)
3,11: (59110,45746,3084,65535)  #E6B20CFF  srgba(230,178,12,1)
4,11: (59110,65021,0,65535)  #E6FD00FF  srgba(230,253,0,1)
5,11: (59367,0,0,65535)  #E70000FF  srgba(231,0,0,1)
6,11: (59367,53456,0,65535)  #E7D000FF  srgba(231,208,0,1)
7,11: (59881,46260,0,65535)  #E9B400FF  srgba(233,180,0,1)
8,11: (59881,52685,514,65535)  #E9CD02FF  srgba(233,205,2,1)
9,11: (59881,56540,3084,65535)  #E9DC0CFF  srgba(233,220,12,1)
10,11: (59881,62708,0,65535)  #E9F400FF  srgba(233,244,0,1)
11,11: (60652,16962,5397,65535)  #EC4215FF  srgba(236,66,21,1)
12,11: (60909,0,257,65535)  #ED0001FF  srgba(237,0,1,1)
13,11: (60909,36751,4626,65535)  #ED8F12FF  srgba(237,143,18,1)
14,11: (61166,0,0,65535)  #EE0000FF  srgba(238,0,0,1)
15,11: (61423,0,0,65535)  #EF0000FF  srgba(239,0,0,1)
0,12: (61937,5654,2827,65535)  #F1160BFF  srgba(241,22,11,1)
1,12: (61937,56797,0,65535)  #F1DD00FF  srgba(241,221,0,1)
2,12: (61937,57825,0,65535)  #F1E100FF  srgba(241,225,0,1)
3,12: (62194,56283,0,65535)  #F2DB00FF  srgba(242,219,0,1)
4,12: (62194,59624,0,65535)  #F2E800FF  srgba(242,232,0,1)
5,12: (62451,0,0,65535)  #F30000FF  srgba(243,0,0,1)
6,12: (62451,771,0,65535)  #F30300FF  srgba(243,3,0,1)
7,12: (62451,48316,0,65535)  #F3BC00FF  srgba(243,188,0,1)
8,12: (62708,3598,0,65535)  #F40E00FF  srgba(244,14,0,1)
9,12: (62708,10794,0,65535)  #F42A00FF  srgba(244,42,0,1)
10,12: (62965,6939,0,65535)  #F51B00FF  srgba(245,27,0,1)
11,12: (62965,15420,0,65535)  #F53C00FF  srgba(245,60,0,1)
12,12: (63222,7196,0,65535)  #F61C00FF  srgba(246,28,0,1)
13,12: (63222,17990,0,65535)  #F64600FF  srgba(246,70,0,1)
14,12: (63222,24929,0,65535)  #F66100FF  srgba(246,97,0,1)
15,12: (63222,29812,0,65535)  #F67400FF  srgba(246,116,0,1)
0,13: (63222,63479,1028,65535)  #F6F704FF  srgba(246,247,4,1)
1,13: (63479,2313,0,65535)  #F70900FF  srgba(247,9,0,1)
2,13: (63479,53713,0,65535)  #F7D100FF  srgba(247,209,0,1)
3,13: (63479,63222,0,65535)  #F7F600FF  srgba(247,246,0,1)
4,13: (63736,34438,0,65535)  #F88600FF  srgba(248,134,0,1)
5,13: (63736,38807,0,65535)  #F89700FF  srgba(248,151,0,1)
6,13: (63993,17219,0,65535)  #F94300FF  srgba(249,67,0,1)
7,13: (63993,64764,0,65535)  #F9FC00FF  srgba(249,252,0,1)
8,13: (64250,36751,9252,65535)  #FA8F24FF  srgba(250,143,36,1)
9,13: (64507,7710,4883,65535)  #FB1E13FF  srgba(251,30,19,1)
10,13: (64507,61680,0,65535)  #FBF000FF  srgba(251,240,0,1)
11,13: (64507,63222,0,65535)  #FBF600FF  srgba(251,246,0,1)
12,13: (64764,20303,257,65535)  #FC4F01FF  srgba(252,79,1,1)
13,13: (64764,36494,6939,65535)  #FC8E1BFF  srgba(252,142,27,1)
14,13: (65021,3855,771,65535)  #FD0F03FF  srgba(253,15,3,1)
15,13: (65021,12593,1028,65535)  #FD3104FF  srgba(253,49,4,1)
0,14: (65278,24158,1285,65535)  #FE5E05FF  srgba(254,94,5,1)
1,14: (65278,28013,6168,65535)  #FE6D18FF  srgba(254,109,24,1)
2,14: (65278,43433,5397,65535)  #FEA915FF  srgba(254,169,21,1)
3,14: (65278,44204,0,65535)  #FEAC00FF  srgba(254,172,0,1)
4,14: (65278,46517,2313,65535)  #FEB509FF  srgba(254,181,9,1)
5,14: (65278,46517,7710,65535)  #FEB51EFF  srgba(254,181,30,1)
6,14: (65278,46517,10023,65535)  #FEB527FF  srgba(254,181,39,1)
7,14: (65278,49601,0,65535)  #FEC100FF  srgba(254,193,0,1)
8,14: (65278,49601,5397,65535)  #FEC115FF  srgba(254,193,21,1)
9,14: (65278,53713,0,65535)  #FED100FF  srgba(254,209,0,1)
10,14: (65278,54741,2056,65535)  #FED508FF  srgba(254,213,8,1)
11,14: (65278,56540,7967,65535)  #FEDC1FFF  srgba(254,220,31,1)
12,14: (65278,57568,5140,65535)  #FEE014FF  srgba(254,224,20,1)
13,14: (65278,59110,0,65535)  #FEE600FF  srgba(254,230,0,1)
14,14: (65278,59367,2056,65535)  #FEE708FF  srgba(254,231,8,1)
15,14: (65278,62708,2313,65535)  #FEF409FF  srgba(254,244,9,1)
0,15: (65278,62965,0,65535)  #FEF500FF  srgba(254,245,0,1)
1,15: (65278,62965,514,65535)  #FEF502FF  srgba(254,245,2,1)
2,15: (65278,63222,0,65535)  #FEF600FF  srgba(254,246,0,1)
3,15: (65535,8738,2827,65535)  #FF220BFF  srgba(255,34,11,1)
4,15: (65535,9766,5140,65535)  #FF2614FF  srgba(255,38,20,1)
5,15: (65535,13364,1028,65535)  #FF3404FF  srgba(255,52,4,1)
6,15: (65535,15163,4626,65535)  #FF3B12FF  srgba(255,59,18,1)
7,15: (65535,16191,4883,65535)  #FF3F13FF  srgba(255,63,19,1)
8,15: (65535,24415,6425,65535)  #FF5F19FF  srgba(255,95,25,1)
9,15: (65535,24672,4883,65535)  #FF6013FF  srgba(255,96,19,1)
10,15: (65535,24672,8481,65535)  #FF6021FF  srgba(255,96,33,1)
11,15: (65535,34181,1542,65535)  #FF8506FF  srgba(255,133,6,1)
12,15: (65535,34438,1542,65535)  #FF8606FF  srgba(255,134,6,1)
13,15: (65535,35980,4626,65535)  #FF8C12FF  srgba(255,140,18,1)
14,15: (65535,36237,4626,65535)  #FF8D12FF  srgba(255,141,18,1)
15,15: (0,65535,0,0)  #00FF0000  srgba(0,255,0,0)
