# ImageMagick pixel enumeration: 16,16,65535,srgba
0,0: (45232,0,0,65535)  #B00000FF  srgba(176,0,0,1)
1,0: (45232,0,257,65535)  #B00001FF  srgba(176,0,1,1)
2,0: (45232,0,771,65535)  #B00003FF  srgba(176,0,3,1)
3,0: (45232,0,1285,65535)  #B00005FF  srgba(176,0,5,1)
4,0: (45232,0,1799,65535)  #B00007FF  srgba(176,0,7,1)
5,0: (45232,0,2313,65535)  #B00009FF  srgba(176,0,9,1)
6,0: (45232,0,2570,65535)  #B0000AFF  srgba(176,0,10,1)
7,0: (45232,0,3341,65535)  #B0000DFF  srgba(176,0,13,1)
8,0: (45232,0,3598,65535)  #B0000EFF  srgba(176,0,14,1)
9,0: (45232,0,4369,65535)  #B00011FF  srgba(176,0,17,1)
10,0: (45232,0,4626,65535)  #B00012FF  srgba(176,0,18,1)
11,0: (45232,0,5140,65535)  #B00014FF  srgba(176,0,20,1)
12,0: (45232,0,5654,65535)  #B00016FF  srgba(176,0,22,1)
13,0: (45232,0,7710,65535)  #B0001EFF  srgba(176,0,30,1)
14,0: (45232,0,8224,65535)  #B00020FF  srgba(176,0,32,1)
15,0: (45232,0,8995,65535)  #B00023FF  srgba(176,0,35,1)
0,1: (45232,0,10023,65535)  #B00027FF  srgba(176,0,39,1)
1,1: (45232,0,10537,65535)  #B00029FF  srgba(176,0,41,1)
2,1: (45232,0,11308,65535)  #B0002CFF  srgba(176,0,44,1)
3,1: (45232,0,11822,65535)  #B0002EFF  srgba(176,0,46,1)
4,1: (45489,0,4112,65535)  #B10010FF  srgba(177,0,16,1)
5,1: (45489,0,5140,65535)  #B10014FF  srgba(177,0,20,1)
6,1: (45489,0,5911,65535)  #B10017FF  srgba(177,0,23,1)
7,1: (45489,0,6425,65535)  #B10019FF  srgba(177,0,25,1)
8,1: (45489,0,6939,65535)  #B1001BFF  srgba(177,0,27,1)
9,1: (45489,0,8738,65535)  #B10022FF  srgba(177,0,34,1)
10,1: (45489,0,9509,65535)  #B10025FF  srgba(177,0,37,1)
11,1: (45489,0,12593,65535)  #B10031FF  srgba(177,0,49,1)
12,1: (45489,0,13364,65535)  #B10034FF  srgba(177,0,52,1)
13,1: (45489,0,13878,65535)  #B10036FF  srgba(177,0,54,1)
14,1: (45746,0,0,65535)  #B20000FF  srgba(178,0,0,1)
15,1: (45746,0,257,65535)  #B20001FF  srgba(178,0,1,1)
0,2: (45746,0,771,65535)  #B20003FF  srgba(178,0,3,1)
1,2: (45746,0,1285,65535)  #B20005FF  srgba(178,0,5,1)
2,2: (45746,0,1799,65535)  #B20007FF  srgba(178,0,7,1)
3,2: (45746,0,2313,65535)  #B20009FF  srgba(178,0,9,1)
4,2: (45746,0,2827,65535)  #B2000BFF  srgba(178,0,11,1)
5,2: (45746,0,3341,65535)  #B2000DFF  srgba(178,0,13,1)
6,2: (45746,0,3855,65535)  #B2000FFF  srgba(178,0,15,1)
7,2: (45746,0,4369,65535)  #B20011FF  srgba(178,0,17,1)
8,2: (45746,0,4883,65535)  #B20013FF  srgba(178,0,19,1)
9,2: (45746,0,5397,65535)  #B20015FF  srgba(178,0,21,1)
10,2: (45746,0,5654,65535)  #B20016FF  srgba(178,0,22,1)
11,2: (45746,0,5911,65535)  #B20017FF  srgba(178,0,23,1)
12,2: (45746,0,6168,65535)  #B20018FF  srgba(178,0,24,1)
13,2: (45746,0,6425,65535)  #B20019FF  srgba(178,0,25,1)
14,2: (45746,0,6939,65535)  #B2001BFF  srgba(178,0,27,1)
15,2: (45746,0,7453,65535)  #B2001DFF  srgba(178,0,29,1)
0,3: (45746,0,7710,65535)  #B2001EFF  srgba(178,0,30,1)
1,3: (45746,0,7967,65535)  #B2001FFF  srgba(178,0,31,1)
2,3: (45746,0,8224,65535)  #B20020FF  srgba(178,0,32,1)
3,3: (45746,0,8481,65535)  #B20021FF  srgba(178,0,33,1)
4,3: (45746,0,8995,65535)  #B20023FF  srgba(178,0,35,1)
5,3: (45746,0,9252,65535)  #B20024FF  srgba(178,0,36,1)
6,3: (45746,0,9509,65535)  #B20025FF  srgba(178,0,37,1)
7,3: (45746,0,9766,65535)  #B20026FF  srgba(178,0,38,1)
8,3: (45746,0,10280,65535)  #B20028FF  srgba(178,0,40,1)
9,3: (45746,0,10537,65535)  #B20029FF  srgba(178,0,41,1)
10,3: (45746,0,10794,65535)  #B2002AFF  srgba(178,0,42,1)
11,3: (45746,0,11051,65535)  #B2002BFF  srgba(178,0,43,1)
12,3: (45746,0,11308,65535)  #B2002CFF  srgba(178,0,44,1)
13,3: (45746,0,11565,65535)  #B2002DFF  srgba(178,0,45,1)
14,3: (45746,0,11822,65535)  #B2002EFF  srgba(178,0,46,1)
15,3: (45746,0,12079,65535)  #B2002FFF  srgba(178,0,47,1)
0,4: (45746,0,12336,65535)  #B20030FF  srgba(178,0,48,1)
1,4: (45746,0,12593,65535)  #B20031FF  srgba(178,0,49,1)
2,4: (45746,0,13107,65535)  #B20033FF  srgba(178,0,51,1)
3,4: (45746,0,13621,65535)  #B20035FF  srgba(178,0,53,1)
4,4: (45746,0,13878,65535)  #B20036FF  srgba(178,0,54,1)
5,4: (45746,0,14392,65535)  #B20038FF  srgba(178,0,56,1)
6,4: (46003,0,0,65535)  #B30000FF  srgba(179,0,0,1)
7,4: (46003,0,257,65535)  #B30001FF  srgba(179,0,1,1)
8,4: (46003,0,514,65535)  #B30002FF  srgba(179,0,2,1)
9,4: (46003,0,771,65535)  #B30003FF  srgba(179,0,3,1)
10,4: (46003,0,1028,65535)  #B30004FF  srgba(179,0,4,1)
11,4: (46003,0,1285,65535)  #B30005FF  srgba(179,0,5,1)
12,4: (46003,0,1542,65535)  #B30006FF  srgba(179,0,6,1)
13,4: (46003,0,1799,65535)  #B30007FF  srgba(179,0,7,1)
14,4: (46003,0,2056,65535)  #B30008FF  srgba(179,0,8,1)
15,4: (46003,0,2313,65535)  #B30009FF  srgba(179,0,9,1)
0,5: (46003,0,2570,65535)  #B3000AFF  srgba(179,0,10,1)
1,5: (46003,0,2827,65535)  #B3000BFF  srgba(179,0,11,1)
2,5: (46003,0,3084,65535)  #B3000CFF  srgba(179,0,12,1)
3,5: (46003,0,3341,65535)  #B3000DFF  srgba(179,0,13,1)
4,5: (46003,0,3598,65535)  #B3000EFF  srgba(179,0,14,1)
5,5: (46003,0,3855,65535)  #B3000FFF  srgba(179,0,15,1)
6,5: (46003,0,4112,65535)  #B30010FF  srgba(179,0,16,1)
7,5: (46003,0,4626,65535)  #B30012FF  srgba(179,0,18,1)
8,5: (46003,0,5140,65535)  #B30014FF  srgba(179,0,20,1)
9,5: (46003,0,5654,65535)  #B30016FF  srgba(179,0,22,1)
10,5: (46003,0,6168,65535)  #B30018FF  srgba(179,0,24,1)
11,5: (46003,0,6682,65535)  #B3001AFF  srgba(179,0,26,1)
12,5: (46003,0,7196,65535)  #B3001CFF  srgba(179,0,28,1)
13,5: (46003,0,7710,65535)  #B3001EFF  srgba(179,0,30,1)
14,5: (46003,0,8224,65535)  #B30020FF  srgba(179,0,32,1)
15,5: (46003,0,8738,65535)  #B30022FF  srgba(179,0,34,1)
0,6: (46003,0,9252,65535)  #B30024FF  srgba(179,0,36,1)
1,6: (46003,0,9766,65535)  #B30026FF  srgba(179,0,38,1)
2,6: (46003,0,10537,65535)  #B30029FF  srgba(179,0,41,1)
3,6: (46003,0,11051,65535)  #B3002BFF  srgba(179,0,43,1)
4,6: (46003,0,11565,65535)  #B3002DFF  srgba(179,0,45,1)
5,6: (46003,0,12079,65535)  #B3002FFF  srgba(179,0,47,1)
6,6: (46003,0,12593,65535)  #B30031FF  srgba(179,0,49,1)
7,6: (46003,0,13107,65535)  #B30033FF  srgba(179,0,51,1)
8,6: (46003,0,13621,65535)  #B30035FF  srgba(179,0,53,1)
9,6: (46003,0,14906,65535)  #B3003AFF  srgba(179,0,58,1)
10,6: (46260,0,0,65535)  #B40000FF  srgba(180,0,0,1)
11,6: (46260,0,257,65535)  #B40001FF  srgba(180,0,1,1)
12,6: (46260,0,514,65535)  #B40002FF  srgba(180,0,2,1)
13,6: (46260,0,771,65535)  #B40003FF  srgba(180,0,3,1)
14,6: (46260,0,1028,65535)  #B40004FF  srgba(180,0,4,1)
15,6: (46260,0,1285,65535)  #B40005FF  srgba(180,0,5,1)
0,7: (46260,0,1542,65535)  #B40006FF  srgba(180,0,6,1)
1,7: (46260,0,1799,65535)  #B40007FF  srgba(180,0,7,1)
2,7: (46260,0,2056,65535)  #B40008FF  srgba(180,0,8,1)
3,7: (46260,0,2313,65535)  #B40009FF  srgba(180,0,9,1)
4,7: (46260,0,2570,65535)  #B4000AFF  srgba(180,0,10,1)
5,7: (46260,0,2827,65535)  #B4000BFF  srgba(180,0,11,1)
6,7: (46260,0,3084,65535)  #B4000CFF  srgba(180,0,12,1)
7,7: (46260,0,3341,65535)  #B4000DFF  srgba(180,0,13,1)
8,7: (46260,0,3598,65535)  #B4000EFF  srgba(180,0,14,1)
9,7: (46260,0,3855,65535)  #B4000FFF  srgba(180,0,15,1)
10,7: (46260,0,4112,65535)  #B40010FF  srgba(180,0,16,1)
11,7: (46260,0,4369,65535)  #B40011FF  srgba(180,0,17,1)
12,7: (46260,0,4626,65535)  #B40012FF  srgba(180,0,18,1)
13,7: (46260,0,4883,65535)  #B40013FF  srgba(180,0,19,1)
14,7: (46260,0,5140,65535)  #B40014FF  srgba(180,0,20,1)
15,7: (46260,0,5397,65535)  #B40015FF  srgba(180,0,21,1)
0,8: (46260,0,5654,65535)  #B40016FF  srgba(180,0,22,1)
1,8: (46260,0,5911,65535)  #B40017FF  srgba(180,0,23,1)
2,8: (46260,0,6425,65535)  #B40019FF  srgba(180,0,25,1)
3,8: (46260,0,6939,65535)  #B4001BFF  srgba(180,0,27,1)
4,8: (46260,0,7196,65535)  #B4001CFF  srgba(180,0,28,1)
5,8: (46260,0,7453,65535)  #B4001DFF  srgba(180,0,29,1)
6,8: (46260,0,7710,65535)  #B4001EFF  srgba(180,0,30,1)
7,8: (46260,0,7967,65535)  #B4001FFF  srgba(180,0,31,1)
8,8: (46260,0,8481,65535)  #B40021FF  srgba(180,0,33,1)
9,8: (46260,0,8738,65535)  #B40022FF  srgba(180,0,34,1)
10,8: (46260,0,8995,65535)  #B40023FF  srgba(180,0,35,1)
11,8: (46260,0,9509,65535)  #B40025FF  srgba(180,0,37,1)
12,8: (46260,0,10280,65535)  #B40028FF  srgba(180,0,40,1)
13,8: (46260,0,10794,65535)  #B4002AFF  srgba(180,0,42,1)
14,8: (46260,0,11308,65535)  #B4002CFF  srgba(180,0,44,1)
15,8: (46260,0,11822,65535)  #B4002EFF  srgba(180,0,46,1)
0,9: (46260,0,12079,65535)  #B4002FFF  srgba(180,0,47,1)
1,9: (46260,0,12593,65535)  #B40031FF  srgba(180,0,49,1)
2,9: (46260,0,12850,65535)  #B40032FF  srgba(180,0,50,1)
3,9: (46260,0,13107,65535)  #B40033FF  srgba(180,0,51,1)
4,9: (46260,0,13364,65535)  #B40034FF  srgba(180,0,52,1)
5,9: (46260,0,13621,65535)  #B40035FF  srgba(180,0,53,1)
6,9: (46260,0,13878,65535)  #B40036FF  srgba(180,0,54,1)
7,9: (46260,0,14649,65535)  #B40039FF  srgba(180,0,57,1)
8,9: (46260,0,15420,65535)  #B4003CFF  srgba(180,0,60,1)
9,9: (46517,0,0,65535)  #B50000FF  srgba(181,0,0,1)
10,9: (46517,0,257,65535)  #B50001FF  srgba(181,0,1,1)
11,9: (46517,0,514,65535)  #B50002FF  srgba(181,0,2,1)
12,9: (46517,0,771,65535)  #B50003FF  srgba(181,0,3,1)
13,9: (46517,0,1028,65535)  #B50004FF  srgba(181,0,4,1)
14,9: (46517,0,1285,65535)  #B50005FF  srgba(181,0,5,1)
15,9: (46517,0,1542,65535)  #B50006FF  srgba(181,0,6,1)
0,10: (46517,0,1799,65535)  #B50007FF  srgba(181,0,7,1)
1,10: (46517,0,2056,65535)  #B50008FF  srgba(181,0,8,1)
2,10: (46517,0,2313,65535)  #B50009FF  srgba(181,0,9,1)
3,10: (46517,0,2570,65535)  #B5000AFF  srgba(181,0,10,1)
4,10: (46517,0,2827,65535)  #B5000BFF  srgba(181,0,11,1)
5,10: (46517,0,3084,65535)  #B5000CFF  srgba(181,0,12,1)
6,10: (46517,0,3341,65535)  #B5000DFF  srgba(181,0,13,1)
7,10: (46517,0,3598,65535)  #B5000EFF  srgba(181,0,14,1)
8,10: (46517,0,3855,65535)  #B5000FFF  srgba(181,0,15,1)
9,10: (46517,0,4112,65535)  #B50010FF  srgba(181,0,16,1)
10,10: (46517,0,4369,65535)  #B50011FF  srgba(181,0,17,1)
11,10: (46517,0,4626,65535)  #B50012FF  srgba(181,0,18,1)
12,10: (46517,0,4883,65535)  #B50013FF  srgba(181,0,19,1)
13,10: (46517,0,5140,65535)  #B50014FF  srgba(181,0,20,1)
14,10: (46517,0,5397,65535)  #B50015FF  srgba(181,0,21,1)
15,10: (46517,0,5654,65535)  #B50016FF  srgba(181,0,22,1)
0,11: (46517,0,5911,65535)  #B50017FF  srgba(181,0,23,1)
1,11: (46517,0,6168,65535)  #B50018FF  srgba(181,0,24,1)
2,11: (46517,0,6425,65535)  #B50019FF  srgba(181,0,25,1)
3,11: (46517,0,6682,65535)  #B5001AFF  srgba(181,0,26,1)
4,11: (46517,0,7196,65535)  #B5001CFF  srgba(181,0,28,1)
5,11: (46517,0,7196,65535)  #B5001CFF  srgba(181,0,28,1)
6,11: (46517,0,7710,65535)  #B5001EFF  srgba(181,0,30,1)
7,11: (46517,0,8224,65535)  #B50020FF  srgba(181,0,32,1)
8,11: (46517,0,8738,65535)  #B50022FF  srgba(181,0,34,1)
9,11: (46517,0,8738,65535)  #B50022FF  srgba(181,0,34,1)
10,11: (46517,0,9252,65535)  #B50024FF  srgba(181,0,36,1)
11,11: (46517,0,9766,65535)  #B50026FF  srgba(181,0,38,1)
12,11: (46517,0,10023,65535)  #B50027FF  srgba(181,0,39,1)
13,11: (46517,0,10280,65535)  #B50028FF  srgba(181,0,40,1)
14,11: (46517,0,10537,65535)  #B50029FF  srgba(181,0,41,1)
15,11: (46517,0,11051,65535)  #B5002BFF  srgba(181,0,43,1)
0,12: (46517,0,11565,65535)  #B5002DFF  srgba(181,0,45,1)
1,12: (46517,0,12079,65535)  #B5002FFF  srgba(181,0,47,1)
2,12: (46517,0,12593,65535)  #B50031FF  srgba(181,0,49,1)
3,12: (46517,0,12850,65535)  #B50032FF  srgba(181,0,50,1)
4,12: (46517,0,13107,65535)  #B50033FF  srgba(181,0,51,1)
5,12: (46517,0,13364,65535)  #B50034FF  srgba(181,0,52,1)
6,12: (46517,0,13621,65535)  #B50035FF  srgba(181,0,53,1)
7,12: (46517,0,13878,65535)  #B50036FF  srgba(181,0,54,1)
8,12: (46517,0,14392,65535)  #B50038FF  srgba(181,0,56,1)
9,12: (46774,0,0,65535)  #B60000FF  srgba(182,0,0,1)
10,12: (46774,0,257,65535)  #B60001FF  srgba(182,0,1,1)
11,12: (46774,0,514,65535)  #B60002FF  srgba(182,0,2,1)
12,12: (46774,0,771,65535)  #B60003FF  srgba(182,0,3,1)
13,12: (46774,0,1028,65535)  #B60004FF  srgba(182,0,4,1)
14,12: (46774,0,1285,65535)  #B60005FF  srgba(182,0,5,1)
15,12: (46774,0,1542,65535)  #B60006FF  srgba(182,0,6,1)
0,13: (46774,0,1799,65535)  #B60007FF  srgba(182,0,7,1)
1,13: (46774,0,2056,65535)  #B60008FF  srgba(182,0,8,1)
2,13: (46774,0,2313,65535)  #B60009FF  srgba(182,0,9,1)
3,13: (46774,0,2570,65535)  #B6000AFF  srgba(182,0,10,1)
4,13: (46774,0,2827,65535)  #B6000BFF  srgba(182,0,11,1)
5,13: (46774,0,3084,65535)  #B6000CFF  srgba(182,0,12,1)
6,13: (46774,0,3341,65535)  #B6000DFF  srgba(182,0,13,1)
7,13: (46774,0,3598,65535)  #B6000EFF  srgba(182,0,14,1)
8,13: (46774,0,3855,65535)  #B6000FFF  srgba(182,0,15,1)
9,13: (46774,0,4112,65535)  #B60010FF  srgba(182,0,16,1)
10,13: (46774,0,4369,65535)  #B60011FF  srgba(182,0,17,1)
11,13: (46774,0,4626,65535)  #B60012FF  srgba(182,0,18,1)
12,13: (46774,0,4883,65535)  #B60013FF  srgba(182,0,19,1)
13,13: (46774,0,5140,65535)  #B60014FF  srgba(182,0,20,1)
14,13: (46774,0,5397,65535)  #B60015FF  srgba(182,0,21,1)
15,13: (46774,0,5654,65535)  #B60016FF  srgba(182,0,22,1)
0,14: (46774,0,5911,65535)  #B60017FF  srgba(182,0,23,1)
1,14: (46774,0,6168,65535)  #B60018FF  srgba(182,0,24,1)
2,14: (46774,0,6425,65535)  #B60019FF  srgba(182,0,25,1)
3,14: (46774,0,6682,65535)  #B6001AFF  srgba(182,0,26,1)
4,14: (46774,0,7967,65535)  #B6001FFF  srgba(182,0,31,1)
5,14: (46774,0,9252,65535)  #B60024FF  srgba(182,0,36,1)
6,14: (46774,0,10023,65535)  #B60027FF  srgba(182,0,39,1)
7,14: (46774,0,11051,65535)  #B6002BFF  srgba(182,0,43,1)
8,14: (46774,0,12079,65535)  #B6002FFF  srgba(182,0,47,1)
9,14: (46774,0,13364,65535)  #B60034FF  srgba(182,0,52,1)
10,14: (47031,0,0,65535)  #B70000FF  srgba(183,0,0,1)
11,14: (47031,0,257,65535)  #B70001FF  srgba(183,0,1,1)
12,14: (47031,0,771,65535)  #B70003FF  srgba(183,0,3,1)
13,14: (47031,0,1285,65535)  #B70005FF  srgba(183,0,5,1)
14,14: (47031,0,1799,65535)  #B70007FF  srgba(183,0,7,1)
15,14: (47031,0,2313,65535)  #B70009FF  srgba(183,0,9,1)
0,15: (47031,0,2570,65535)  #B7000AFF  srgba(183,0,10,1)
1,15: (47031,0,3084,65535)  #B7000CFF  srgba(183,0,12,1)
2,15: (47031,0,3341,65535)  #B7000DFF  srgba(183,0,13,1)
3,15: (47031,0,3598,65535)  #B7000EFF  srgba(183,0,14,1)
4,15: (47031,0,4112,65535)  #B70010FF  srgba(183,0,16,1)
5,15: (47031,0,4369,65535)  #B70011FF  srgba(183,0,17,1)
6,15: (47031,0,4883,65535)  #B70013FF  srgba(183,0,19,1)
7,15: (47031,0,5654,65535)  #B70016FF  srgba(183,0,22,1)
8,15: (47031,0,5911,65535)  #B70017FF  srgba(183,0,23,1)
9,15: (47031,0,7196,65535)  #B7001CFF  srgba(183,0,28,1)
10,15: (47031,0,8224,65535)  #B70020FF  srgba(183,0,32,1)
11,15: (47288,0,0,65535)  #B80000FF  srgba(184,0,0,1)
12,15: (47288,0,257,65535)  #B80001FF  srgba(184,0,1,1)
13,15: (47288,0,5911,65535)  #B80017FF  srgba(184,0,23,1)
14,15: (47545,0,0,65535)  #B90000FF  srgba(185,0,0,1)
15,15: (0,65535,0,0)  #00FF0000  srgba(0,255,0,0)
