# ImageMagick pixel enumeration: 16,16,65535,srgba
0,0: (0,0,257,65535)  #000001FF  srgba(0,0,1,1)
1,0: (0,0,1028,65535)  #000004FF  srgba(0,0,4,1)
2,0: (0,0,1542,65535)  #000006FF  srgba(0,0,6,1)
3,0: (0,0,1799,65535)  #000007FF  srgba(0,0,7,1)
4,0: (0,1285,0,65535)  #000500FF  srgba(0,5,0,1)
5,0: (0,1542,0,65535)  #000600FF  srgba(0,6,0,1)
6,0: (0,2570,0,65535)  #000A00FF  srgba(0,10,0,1)
7,0: (0,3855,0,65535)  #000F00FF  srgba(0,15,0,1)
8,0: (0,6425,0,65535)  #001900FF  srgba(0,25,0,1)
9,0: (0,9252,0,65535)  #002400FF  srgba(0,36,0,1)
10,0: (0,9766,0,65535)  #002600FF  srgba(0,38,0,1)
11,0: (0,14135,0,65535)  #003700FF  srgba(0,55,0,1)
12,0: (0,19789,0,65535)  #004D00FF  srgba(0,77,0,1)
13,0: (0,25700,0,65535)  #006400FF  DarkGreen
14,0: (0,30583,0,65535)  #007700FF  srgba(0,119,0,1)
15,0: (257,0,0,65535)  #010000FF  srgba(1,0,0,1)
0,1: (257,0,771,65535)  #010003FF  srgba(1,0,3,1)
1,1: (771,0,0,65535)  #030000FF  srgba(3,0,0,1)
2,1: (771,0,1028,65535)  #030004FF  srgba(3,0,4,1)
3,1: (771,0,1542,65535)  #030006FF  srgba(3,0,6,1)
4,1: (771,0,2056,65535)  #030008FF  srgba(3,0,8,1)
5,1: (1028,0,514,65535)  #040002FF  srgba(4,0,2,1)
6,1: (1028,0,1285,65535)  #040005FF  srgba(4,0,5,1)
7,1: (1028,0,1542,65535)  #040006FF  srgba(4,0,6,1)
8,1: (1028,0,1799,65535)  #040007FF  srgba(4,0,7,1)
9,1: (1028,0,3084,65535)  #04000CFF  srgba(4,0,12,1)
10,1: (1285,0,1285,65535)  #050005FF  srgba(5,0,5,1)
11,1: (1285,0,1799,65535)  #050007FF  srgba(5,0,7,1)
12,1: (1542,0,771,65535)  #060003FF  srgba(6,0,3,1)
13,1: (1799,1799,0,65535)  #070700FF  srgba(7,7,0,1)
14,1: (2056,0,0,65535)  #080000FF  srgba(8,0,0,1)
15,1: (2313,0,514,65535)  #090002FF  srgba(9,0,2,1)
0,2: (2313,0,2056,65535)  #090008FF  srgba(9,0,8,1)
1,2: (2570,0,1285,65535)  #0A0005FF  srgba(10,0,5,1)
2,2: (2570,0,2827,65535)  #0A000BFF  srgba(10,0,11,1)
3,2: (3084,0,1542,65535)  #0C0006FF  srgba(12,0,6,1)
4,2: (3341,0,0,65535)  #0D0000FF  srgba(13,0,0,1)
5,2: (3598,0,514,65535)  #0E0002FF  srgba(14,0,2,1)
6,2: (4112,0,0,65535)  #100000FF  srgba(16,0,0,1)
7,2: (4369,6939,771,65535)  #111B03FF  srgba(17,27,3,1)
8,2: (4369,7967,0,65535)  #111F00FF  srgba(17,31,0,1)
9,2: (4369,22102,257,65535)  #115601FF  srgba(17,86,1,1)
10,2: (4369,28013,0,65535)  #116D00FF  srgba(17,109,0,1)
11,2: (4626,8481,0,65535)  #122100FF  srgba(18,33,0,1)
12,2: (4626,14135,0,65535)  #123700FF  srgba(18,55,0,1)
13,2: (4883,0,0,65535)  #130000FF  srgba(19,0,0,1)
14,2: (5654,0,0,65535)  #160000FF  srgba(22,0,0,1)
15,2: (5654,2056,0,65535)  #160800FF  srgba(22,8,0,1)
0,3: (6168,0,1028,65535)  #180004FF  srgba(24,0,4,1)
1,3: (6425,0,2827,65535)  #19000BFF  srgba(25,0,11,1)
2,3: (6682,0,0,65535)  #1A0000FF  srgba(26,0,0,1)
3,3: (7710,0,0,65535)  #1E0000FF  srgba(30,0,0,1)
4,3: (7710,0,1542,65535)  #1E0006FF  srgba(30,0,6,1)
5,3: (8224,0,0,65535)  #200000FF  srgba(32,0,0,1)
6,3: (9252,0,257,65535)  #240001FF  srgba(36,0,1,1)
7,3: (10023,0,0,65535)  #270000FF  srgba(39,0,0,1)
8,3: (10023,0,0,65535)  #270000FF  srgba(39,0,0,1)
9,3: (10280,257,0,65535)  #280100FF  srgba(40,1,0,1)
10,3: (10280,1285,1285,65535)  #280505FF  srgba(40,5,5,1)
11,3: (11051,0,0,65535)  #2B0000FF  srgba(43,0,0,1)
12,3: (11565,9252,514,65535)  #2D2402FF  srgba(45,36,2,1)
13,3: (11565,16705,771,65535)  #2D4103FF  srgba(45,65,3,1)
14,3: (11822,0,0,65535)  #2E0000FF  srgba(46,0,0,1)
15,3: (12336,0,0,65535)  #300000FF  srgba(48,0,0,1)
0,4: (12850,8995,0,65535)  #322300FF  srgba(50,35,0,1)
1,4: (13107,0,0,65535)  #330000FF  srgba(51,0,0,1)
2,4: (13107,0,1285,65535)  #330005FF  srgba(51,0,5,1)
3,4: (13621,0,3084,65535)  #35000CFF  srgba(53,0,12,1)
4,4: (13878,0,0,65535)  #360000FF  srgba(54,0,0,1)
5,4: (13878,17219,0,65535)  #364300FF  srgba(54,67,0,1)
6,4: (14135,0,4883,65535)  #370013FF  srgba(55,0,19,1)
7,4: (14135,24415,257,65535)  #375F01FF  srgba(55,95,1,1)
8,4: (14135,29041,257,65535)  #377101FF  srgba(55,113,1,1)
9,4: (14649,0,0,65535)  #390000FF  srgba(57,0,0,1)
10,4: (15420,0,0,65535)  #3C0000FF  srgba(60,0,0,1)
11,4: (15420,2570,0,65535)  #3C0A00FF  srgba(60,10,0,1)
12,4: (15677,2313,0,65535)  #3D0900FF  srgba(61,9,0,1)
13,4: (16962,0,0,65535)  #420000FF  srgba(66,0,0,1)
14,4: (17219,0,0,65535)  #430000FF  srgba(67,0,0,1)
15,4: (17219,1799,4626,65535)  #430712FF  srgba(67,7,18,1)
0,5: (17476,0,0,65535)  #440000FF  srgba(68,0,0,1)
1,5: (17990,0,1285,65535)  #460005FF  srgba(70,0,5,1)
2,5: (18504,0,3598,65535)  #48000EFF  srgba(72,0,14,1)
3,5: (18761,0,5911,65535)  #490017FF  srgba(73,0,23,1)
4,5: (18761,9252,0,65535)  #492400FF  srgba(73,36,0,1)
5,5: (19018,0,0,65535)  #4A0000FF  srgba(74,0,0,1)
6,5: (19532,0,0,65535)  #4C0000FF  srgba(76,0,0,1)
7,5: (20046,0,0,65535)  #4E0000FF  srgba(78,0,0,1)
8,5: (21331,0,0,65535)  #530000FF  srgba(83,0,0,1)
9,5: (21588,0,1542,65535)  #540006FF  srgba(84,0,6,1)
10,5: (21845,0,5654,65535)  #550016FF  srgba(85,0,22,1)
11,5: (22102,0,0,65535)  #560000FF  srgba(86,0,0,1)
12,5: (22102,9252,3855,65535)  #56240FFF  srgba(86,36,15,1)
13,5: (23130,17733,0,65535)  #5A4500FF  srgba(90,69,0,1)
14,5: (23387,2313,1028,65535)  #5B0904FF  srgba(91,9,4,1)
15,5: (23387,16962,3855,65535)  #5B420FFF  srgba(91,66,15,1)
0,6: (23644,0,0,65535)  #5C0000FF  srgba(92,0,0,1)
1,6: (24929,0,5140,65535)  #610014FF  srgba(97,0,20,1)
2,6: (24929,29298,1542,65535)  #617206FF  srgba(97,114,6,1)
3,6: (25186,0,2056,65535)  #620008FF  srgba(98,0,8,1)
4,6: (25186,0,8481,65535)  #620021FF  srgba(98,0,33,1)
5,6: (25700,0,0,65535)  #640000FF  srgba(100,0,0,1)
6,6: (25957,8995,257,65535)  #652301FF  srgba(101,35,1,1)
7,6: (25957,24415,1799,65535)  #655F07FF  srgba(101,95,7,1)
8,6: (27242,1542,8738,65535)  #6A0622FF  srgba(106,6,34,1)
9,6: (27756,2056,5140,65535)  #6C0814FF  srgba(108,8,20,1)
10,6: (28270,0,771,65535)  #6E0003FF  srgba(110,0,3,1)
11,6: (29041,0,5397,65535)  #710015FF  srgba(113,0,21,1)
12,6: (29041,2313,1285,65535)  #710905FF  srgba(113,9,5,1)
13,6: (29812,9252,4883,65535)  #742413FF  srgba(116,36,19,1)
14,6: (30326,17219,4369,65535)  #764311FF  srgba(118,67,17,1)
15,6: (30583,0,1285,65535)  #770005FF  srgba(119,0,5,1)
0,7: (30583,0,8224,65535)  #770020FF  srgba(119,0,32,1)
1,7: (30840,0,10537,65535)  #780029FF  srgba(120,0,41,1)
2,7: (31097,0,9509,65535)  #790025FF  srgba(121,0,37,1)
3,7: (31354,0,6168,65535)  #7A0018FF  srgba(122,0,24,1)
4,7: (31868,0,8738,65535)  #7C0022FF  srgba(124,0,34,1)
5,7: (32382,0,8995,65535)  #7E0023FF  srgba(126,0,35,1)
6,7: (32639,0,4626,65535)  #7F0012FF  srgba(127,0,18,1)
7,7: (32639,0,6168,65535)  #7F0018FF  srgba(127,0,24,1)
8,7: (32639,0,9766,65535)  #7F0026FF  srgba(127,0,38,1)
9,7: (32639,0,10280,65535)  #7F0028FF  srgba(127,0,40,1)
10,7: (32896,0,2570,65535)  #80000AFF  srgba(128,0,10,1)
11,7: (32896,0,6939,65535)  #80001BFF  srgba(128,0,27,1)
12,7: (32896,0,11051,65535)  #80002BFF  srgba(128,0,43,1)
13,7: (33153,0,8224,65535)  #810020FF  srgba(129,0,32,1)
14,7: (33410,0,9252,65535)  #820024FF  srgba(130,0,36,1)
15,7: (34695,10023,2570,65535)  #87270AFF  srgba(135,39,10,1)
0,8: (34952,10023,7967,65535)  #88271FFF  srgba(136,39,31,1)
1,8: (35980,0,1028,65535)  #8C0004FF  srgba(140,0,4,1)
2,8: (35980,0,3598,65535)  #8C000EFF  srgba(140,0,14,1)
3,8: (35980,0,6682,65535)  #8C001AFF  srgba(140,0,26,1)
4,8: (35980,0,9766,65535)  #8C0026FF  srgba(140,0,38,1)
5,8: (36237,0,6425,65535)  #8D0019FF  srgba(141,0,25,1)
6,8: (36237,16962,1799,65535)  #8D4207FF  srgba(141,66,7,1)
7,8: (36494,0,1799,65535)  #8E0007FF  srgba(142,0,7,1)
8,8: (36494,26985,1285,65535)  #8E6905FF  srgba(142,105,5,1)
9,8: (36751,0,3598,65535)  #8F000EFF  srgba(143,0,14,1)
10,8: (36751,0,9509,65535)  #8F0025FF  srgba(143,0,37,1)
11,8: (36751,16448,7196,65535)  #8F401CFF  srgba(143,64,28,1)
12,8: (37008,0,10794,65535)  #90002AFF  srgba(144,0,42,1)
13,8: (37008,0,10794,65535)  #90002AFF  srgba(144,0,42,1)
14,8: (37265,257,3855,65535)  #91010FFF  srgba(145,1,15,1)
15,8: (37265,26728,6168,65535)  #916818FF  srgba(145,104,24,1)
0,9: (37522,4369,2570,65535)  #92110AFF  srgba(146,17,10,1)
1,9: (37779,0,13107,65535)  #930033FF  srgba(147,0,51,1)
2,9: (37779,4369,8995,65535)  #931123FF  srgba(147,17,35,1)
3,9: (38807,0,9252,65535)  #970024FF  srgba(151,0,36,1)
4,9: (38807,257,8995,65535)  #970123FF  srgba(151,1,35,1)
5,9: (39321,0,13364,65535)  #990034FF  srgba(153,0,52,1)
6,9: (41377,0,4883,65535)  #A10013FF  srgba(161,0,19,1)
7,9: (41634,0,2570,65535)  #A2000AFF  srgba(162,0,10,1)
8,9: (41634,0,6939,65535)  #A2001BFF  srgba(162,0,27,1)
9,9: (42662,0,10023,65535)  #A60027FF  srgba(166,0,39,1)
10,9: (42662,9766,2827,65535)  #A6260BFF  srgba(166,38,11,1)
11,9: (42919,0,12593,65535)  #A70031FF  srgba(167,0,49,1)
12,9: (43947,257,13364,65535)  #AB0134FF  srgba(171,1,52,1)
13,9: (44204,0,4883,65535)  #AC0013FF  srgba(172,0,19,1)
14,9: (44204,514,3341,65535)  #AC020DFF  srgba(172,2,13,1)
15,9: (44461,9766,9766,65535)  #AD2626FF  srgba(173,38,38,1)
0,10: (44718,0,10023,65535)  #AE0027FF  srgba(174,0,39,1)
1,10: (45746,0,9509,65535)  #B20025FF  srgba(178,0,37,1)
2,10: (46260,0,9252,65535)  #B40024FF  srgba(180,0,36,1)
3,10: (46260,0,13878,65535)  #B40036FF  srgba(180,0,54,1)
4,10: (46260,0,14649,65535)  #B40039FF  srgba(180,0,57,1)
5,10: (46774,0,4883,65535)  #B60013FF  srgba(182,0,19,1)
6,10: (46774,0,8738,65535)  #B60022FF  srgba(182,0,34,1)
7,10: (46774,0,13364,65535)  #B60034FF  srgba(182,0,52,1)
8,10: (47288,0,5140,65535)  #B80014FF  srgba(184,0,20,1)
9,10: (48059,0,17733,65535)  #BB0045FF  srgba(187,0,69,1)
10,10: (48573,0,3855,65535)  #BD000FFF  srgba(189,0,15,1)
11,10: (48573,0,12593,65535)  #BD0031FF  srgba(189,0,49,1)
12,10: (49087,4369,5140,65535)  #BF1114FF  srgba(191,17,20,1)
13,10: (49344,0,7196,65535)  #C0001CFF  srgba(192,0,28,1)
14,10: (49344,26728,5140,65535)  #C06814FF  srgba(192,104,20,1)
15,10: (49601,0,5654,65535)  #C10016FF  srgba(193,0,22,1)
0,11: (49858,0,11051,65535)  #C2002BFF  srgba(194,0,43,1)
1,11: (50629,0,6425,65535)  #C50019FF  srgba(197,0,25,1)
2,11: (50886,257,5654,65535)  #C60116FF  srgba(198,1,22,1)
3,11: (50886,16705,5140,65535)  #C64114FF  srgba(198,65,20,1)
4,11: (51143,0,16448,65535)  #C70040FF  srgba(199,0,64,1)
5,11: (51143,257,12079,65535)  #C7012FFF  srgba(199,1,47,1)
6,11: (51657,0,10280,65535)  #C90028FF  srgba(201,0,40,1)
7,11: (51657,0,11308,65535)  #C9002CFF  srgba(201,0,44,1)
8,11: (52685,0,14649,65535)  #CD0039FF  srgba(205,0,57,1)
9,11: (52942,27499,12336,65535)  #CE6B30FF  srgba(206,107,48,1)
10,11: (53456,0,11051,65535)  #D0002BFF  srgba(208,0,43,1)
11,11: (53456,9766,6682,65535)  #D0261AFF  srgba(208,38,26,1)
12,11: (53456,16705,11822,65535)  #D0412EFF  srgba(208,65,46,1)
13,11: (54227,0,17219,65535)  #D30043FF  srgba(211,0,67,1)
14,11: (54227,514,17733,65535)  #D30245FF  srgba(211,2,69,1)
15,11: (54741,0,6425,65535)  #D50019FF  srgba(213,0,25,1)
0,12: (54741,0,19789,65535)  #D5004DFF  srgba(213,0,77,1)
1,12: (54998,4369,11565,65535)  #D6112DFF  srgba(214,17,45,1)
2,12: (55255,0,17476,65535)  #D70044FF  srgba(215,0,68,1)
3,12: (55512,0,14906,65535)  #D8003AFF  srgba(216,0,58,1)
4,12: (55769,4369,16705,65535)  #D91141FF  srgba(217,17,65,1)
5,12: (56026,0,20046,65535)  #DA004EFF  srgba(218,0,78,1)
6,12: (56540,0,11051,65535)  #DC002BFF  srgba(220,0,43,1)
7,12: (56540,9509,14392,65535)  #DC2538FF  srgba(220,37,56,1)
8,12: (57054,4369,6682,65535)  #DE111AFF  srgba(222,17,26,1)
9,12: (57825,0,8224,65535)  #E10020FF  srgba(225,0,32,1)
10,12: (57825,0,11822,65535)  #E1002EFF  srgba(225,0,46,1)
11,12: (58596,0,14649,65535)  #E40039FF  srgba(228,0,57,1)
12,12: (58853,0,17990,65535)  #E50046FF  srgba(229,0,70,1)
13,12: (58853,0,18504,65535)  #E50048FF  srgba(229,0,72,1)
14,12: (60909,514,10023,65535)  #ED0227FF  srgba(237,2,39,1)
15,12: (61423,0,8738,65535)  #EF0022FF  srgba(239,0,34,1)
0,13: (61423,0,11051,65535)  #EF002BFF  srgba(239,0,43,1)
1,13: (61423,9509,8224,65535)  #EF2520FF  srgba(239,37,32,1)
2,13: (61680,0,12850,65535)  #F00032FF  srgba(240,0,50,1)
3,13: (61680,0,19789,65535)  #F0004DFF  srgba(240,0,77,1)
4,13: (62194,0,14906,65535)  #F2003AFF  srgba(242,0,58,1)
5,13: (62194,0,17990,65535)  #F20046FF  srgba(242,0,70,1)
6,13: (62451,0,16705,65535)  #F30041FF  srgba(243,0,65,1)
7,13: (62965,0,13107,65535)  #F50033FF  srgba(245,0,51,1)
8,13: (63222,0,12079,65535)  #F6002FFF  srgba(246,0,47,1)
9,13: (63222,0,14392,65535)  #F60038FF  srgba(246,0,56,1)
10,13: (63222,0,14906,65535)  #F6003AFF  srgba(246,0,58,1)
11,13: (63222,0,15934,65535)  #F6003EFF  srgba(246,0,62,1)
12,13: (63222,0,18761,65535)  #F60049FF  srgba(246,0,73,1)
13,13: (63479,0,13878,65535)  #F70036FF  srgba(247,0,54,1)
14,13: (63479,0,16962,65535)  #F70042FF  srgba(247,0,66,1)
15,13: (63479,9766,13878,65535)  #F72636FF  srgba(247,38,54,1)
0,14: (63993,0,14649,65535)  #F90039FF  srgba(249,0,57,1)
1,14: (63993,0,16448,65535)  #F90040FF  srgba(249,0,64,1)
2,14: (63993,0,16962,65535)  #F90042FF  srgba(249,0,66,1)
3,14: (63993,0,17733,65535)  #F90045FF  srgba(249,0,69,1)
4,14: (63993,0,17990,65535)  #F90046FF  srgba(249,0,70,1)
5,14: (63993,0,19532,65535)  #F9004CFF  srgba(249,0,76,1)
6,14: (63993,0,24415,65535)  #F9005FFF  srgba(249,0,95,1)
7,14: (64250,0,15163,65535)  #FA003BFF  srgba(250,0,59,1)
8,14: (64250,0,16962,65535)  #FA0042FF  srgba(250,0,66,1)
9,14: (64250,0,17219,65535)  #FA0043FF  srgba(250,0,67,1)
10,14: (64250,0,18761,65535)  #FA0049FF  srgba(250,0,73,1)
11,14: (64250,0,19018,65535)  #FA004AFF  srgba(250,0,74,1)
12,14: (64507,0,14649,65535)  #FB0039FF  srgba(251,0,57,1)
13,14: (64507,0,15163,65535)  #FB003BFF  srgba(251,0,59,1)
14,14: (64507,0,16705,65535)  #FB0041FF  srgba(251,0,65,1)
15,14: (64507,257,15163,65535)  #FB013BFF  srgba(251,1,59,1)
0,15: (64507,17219,10280,65535)  #FB4328FF  srgba(251,67,40,1)
1,15: (64764,0,12850,65535)  #FC0032FF  srgba(252,0,50,1)
2,15: (64764,0,13107,65535)  #FC0033FF  srgba(252,0,51,1)
3,15: (64764,514,12850,65535)  #FC0232FF  srgba(252,2,50,1)
4,15: (64764,4112,11822,65535)  #FC102EFF  srgba(252,16,46,1)
5,15: (64764,23901,14392,65535)  #FC5D38FF  srgba(252,93,56,1)
6,15: (64764,25957,10280,65535)  #FC6528FF  srgba(252,101,40,1)
7,15: (65021,3855,15934,65535)  #FD0F3EFF  srgba(253,15,62,1)
8,15: (65021,15677,14649,65535)  #FD3D39FF  srgba(253,61,57,1)
9,15: (65278,0,16191,65535)  #FE003FFF  srgba(254,0,63,1)
10,15: (65278,0,18247,65535)  #FE0047FF  srgba(254,0,71,1)
11,15: (65278,8738,11822,65535)  #FE222EFF  srgba(254,34,46,1)
12,15: (65278,8738,15163,65535)  #FE223BFF  srgba(254,34,59,1)
13,15: (65535,4883,15420,65535)  #FF133CFF  srgba(255,19,60,1)
14,15: (65535,5397,12336,65535)  #FF1530FF  srgba(255,21,48,1)
15,15: (0,65535,0,0)  #00FF0000  srgba(0,255,0,0)
