# ImageMagick pixel enumeration: 16,16,65535,srgba
0,0: (11565,1799,24929,65535)  #2D0761FF  srgba(45,7,97,1)
1,0: (14392,514,22873,65535)  #380259FF  srgba(56,2,89,1)
2,0: (14649,771,24929,65535)  #390361FF  srgba(57,3,97,1)
3,0: (16191,257,19789,65535)  #3F014DFF  srgba(63,1,77,1)
4,0: (18247,514,25186,65535)  #470262FF  srgba(71,2,98,1)
5,0: (20303,257,22616,65535)  #4F0158FF  srgba(79,1,88,1)
6,0: (20817,257,0,65535)  #510100FF  srgba(81,1,0,1)
7,0: (21588,257,17733,65535)  #540145FF  srgba(84,1,69,1)
8,0: (21845,0,514,65535)  #550002FF  srgba(85,0,2,1)
9,0: (24672,0,24415,65535)  #60005FFF  srgba(96,0,95,1)
10,0: (24672,0,26728,65535)  #600068FF  srgba(96,0,104,1)
11,0: (25186,2570,25443,65535)  #620A63FF  srgba(98,10,99,1)
12,0: (25957,257,1799,65535)  #650107FF  srgba(101,1,7,1)
13,0: (26214,0,25700,65535)  #660064FF  srgba(102,0,100,1)
14,0: (26214,257,0,65535)  #660100FF  srgba(102,1,0,1)
15,0: (26471,257,20560,65535)  #670150FF  srgba(103,1,80,1)
0,1: (32125,0,0,65535)  #7D0000FF  srgba(125,0,0,1)
1,1: (34181,0,0,65535)  #850000FF  srgba(133,0,0,1)
2,1: (34695,514,25443,65535)  #870263FF  srgba(135,2,99,1)
3,1: (34952,0,9766,65535)  #880026FF  srgba(136,0,38,1)
4,1: (34952,0,19275,65535)  #88004BFF  srgba(136,0,75,1)
5,1: (34952,2827,0,65535)  #880B00FF  srgba(136,11,0,1)
6,1: (35209,0,22359,65535)  #890057FF  srgba(137,0,87,1)
7,1: (35209,1542,24158,65535)  #89065EFF  srgba(137,6,94,1)
8,1: (35466,0,24158,65535)  #8A005EFF  srgba(138,0,94,1)
9,1: (35466,1285,22359,65535)  #8A0557FF  srgba(138,5,87,1)
10,1: (35980,257,1799,65535)  #8C0107FF  srgba(140,1,7,1)
11,1: (38293,0,0,65535)  #950000FF  srgba(149,0,0,1)
12,1: (38293,0,26728,65535)  #950068FF  srgba(149,0,104,1)
13,1: (38550,0,27499,65535)  #96006BFF  srgba(150,0,107,1)
14,1: (38550,0,28270,65535)  #96006EFF  srgba(150,0,110,1)
15,1: (39321,257,26728,65535)  #990168FF  srgba(153,1,104,1)
0,2: (42148,514,32125,65535)  #A4027DFF  srgba(164,2,125,1)
1,2: (43433,0,25443,65535)  #A90063FF  srgba(169,0,99,1)
2,2: (43433,514,0,65535)  #A90200FF  srgba(169,2,0,1)
3,2: (43690,514,24158,65535)  #AA025EFF  srgba(170,2,94,1)
4,2: (44204,0,0,65535)  #AC0000FF  srgba(172,0,0,1)
5,2: (44204,3855,0,65535)  #AC0F00FF  srgba(172,15,0,1)
6,2: (44718,0,3341,65535)  #AE000DFF  srgba(174,0,13,1)
7,2: (45232,0,20560,65535)  #B00050FF  srgba(176,0,80,1)
8,2: (45489,0,22616,65535)  #B10058FF  srgba(177,0,88,1)
9,2: (45489,514,5397,65535)  #B10215FF  srgba(177,2,21,1)
10,2: (45489,3084,5397,65535)  #B10C15FF  srgba(177,12,21,1)
11,2: (45746,0,15677,65535)  #B2003DFF  srgba(178,0,61,1)
12,2: (46003,0,8224,65535)  #B30020FF  srgba(179,0,32,1)
13,2: (46774,771,18761,65535)  #B60349FF  srgba(182,3,73,1)
14,2: (46774,2827,22359,65535)  #B60B57FF  srgba(182,11,87,1)
15,2: (47031,771,22359,65535)  #B70357FF  srgba(183,3,87,1)
0,3: (47031,2827,19532,65535)  #B70B4CFF  srgba(183,11,76,1)
1,3: (48316,257,25700,65535)  #BC0164FF  srgba(188,1,100,1)
2,3: (48316,257,28527,65535)  #BC016FFF  srgba(188,1,111,1)
3,3: (48316,514,23901,65535)  #BC025DFF  srgba(188,2,93,1)
4,3: (48316,1285,35209,65535)  #BC0589FF  srgba(188,5,137,1)
5,3: (48573,0,26728,65535)  #BD0068FF  srgba(189,0,104,1)
6,3: (48573,257,24929,65535)  #BD0161FF  srgba(189,1,97,1)
7,3: (48573,2313,21074,65535)  #BD0952FF  srgba(189,9,82,1)
8,3: (48573,2313,21588,65535)  #BD0954FF  srgba(189,9,84,1)
9,3: (48573,2313,22102,65535)  #BD0956FF  srgba(189,9,86,1)
10,3: (48573,3084,22102,65535)  #BD0C56FF  srgba(189,12,86,1)
11,3: (48830,0,7710,65535)  #BE001EFF  srgba(190,0,30,1)
12,3: (48830,1542,20303,65535)  #BE064FFF  srgba(190,6,79,1)
13,3: (48830,1542,21331,65535)  #BE0653FF  srgba(190,6,83,1)
14,3: (48830,1542,22102,65535)  #BE0656FF  srgba(190,6,86,1)
15,3: (48830,1542,22873,65535)  #BE0659FF  srgba(190,6,89,1)
0,4: (48830,2313,15934,65535)  #BE093EFF  srgba(190,9,62,1)
1,4: (48830,2313,22616,65535)  #BE0958FF  srgba(190,9,88,1)
2,4: (48830,2827,19275,65535)  #BE0B4BFF  srgba(190,11,75,1)
3,4: (48830,3084,15677,65535)  #BE0C3DFF  srgba(190,12,61,1)
4,4: (49087,1285,17990,65535)  #BF0546FF  srgba(191,5,70,1)
5,4: (49087,2827,22102,65535)  #BF0B56FF  srgba(191,11,86,1)
6,4: (49344,0,12593,65535)  #C00031FF  srgba(192,0,49,1)
7,4: (49344,0,17476,65535)  #C00044FF  srgba(192,0,68,1)
8,4: (49344,0,19789,65535)  #C0004DFF  srgba(192,0,77,1)
9,4: (49344,0,20817,65535)  #C00051FF  srgba(192,0,81,1)
10,4: (49344,4112,4112,65535)  #C01010FF  srgba(192,16,16,1)
11,4: (49601,0,514,65535)  #C10002FF  srgba(193,0,2,1)
12,4: (49601,0,21588,65535)  #C10054FF  srgba(193,0,84,1)
13,4: (49601,0,22102,65535)  #C10056FF  srgba(193,0,86,1)
14,4: (49601,0,22873,65535)  #C10059FF  srgba(193,0,89,1)
15,4: (49601,0,22873,65535)  #C10059FF  srgba(193,0,89,1)
0,5: (49601,0,24158,65535)  #C1005EFF  srgba(193,0,94,1)
1,5: (49601,0,25700,65535)  #C10064FF  srgba(193,0,100,1)
2,5: (49601,0,26728,65535)  #C10068FF  srgba(193,0,104,1)
3,5: (49601,0,27756,65535)  #C1006CFF  srgba(193,0,108,1)
4,5: (49601,257,29041,65535)  #C10171FF  srgba(193,1,113,1)
5,5: (49601,1285,2056,65535)  #C10508FF  srgba(193,5,8,1)
6,5: (49601,1285,32125,65535)  #C1057DFF  srgba(193,5,125,1)
7,5: (49601,2056,39064,65535)  #C10898FF  srgba(193,8,152,1)
8,5: (49601,4112,21588,65535)  #C11054FF  srgba(193,16,84,1)
9,5: (50115,7710,20046,65535)  #C31E4EFF  srgba(195,30,78,1)
10,5: (50372,0,25186,65535)  #C40062FF  srgba(196,0,98,1)
11,5: (50629,0,24158,65535)  #C5005EFF  srgba(197,0,94,1)
12,5: (50629,0,25700,65535)  #C50064FF  srgba(197,0,100,1)
13,5: (50629,0,25957,65535)  #C50065FF  srgba(197,0,101,1)
14,5: (50629,0,26471,65535)  #C50067FF  srgba(197,0,103,1)
15,5: (50629,0,27499,65535)  #C5006BFF  srgba(197,0,107,1)
0,6: (50629,0,31097,65535)  #C50079FF  srgba(197,0,121,1)
1,6: (50629,0,38293,65535)  #C50095FF  srgba(197,0,149,1)
2,6: (50629,257,28527,65535)  #C5016FFF  srgba(197,1,111,1)
3,6: (50629,771,37008,65535)  #C50390FF  srgba(197,3,144,1)
4,6: (50886,0,24158,65535)  #C6005EFF  srgba(198,0,94,1)
5,6: (50886,2056,25700,65535)  #C60864FF  srgba(198,8,100,1)
6,6: (50886,5140,37522,65535)  #C61492FF  srgba(198,20,146,1)
7,6: (50886,13364,35980,65535)  #C6348CFF  srgba(198,52,140,1)
8,6: (51143,0,21845,65535)  #C70055FF  srgba(199,0,85,1)
9,6: (51143,0,22873,65535)  #C70059FF  srgba(199,0,89,1)
10,6: (51143,514,18247,65535)  #C70247FF  srgba(199,2,71,1)
11,6: (51143,771,23901,65535)  #C7035DFF  srgba(199,3,93,1)
12,6: (51143,2570,23901,65535)  #C70A5DFF  srgba(199,10,93,1)
13,6: (51143,6168,23901,65535)  #C7185DFF  srgba(199,24,93,1)
14,6: (51400,0,10280,65535)  #C80028FF  srgba(200,0,40,1)
15,6: (51400,257,257,65535)  #C80101FF  srgba(200,1,1,1)
0,7: (51400,1028,22873,65535)  #C80459FF  srgba(200,4,89,1)
1,7: (51400,1285,20817,65535)  #C80551FF  srgba(200,5,81,1)
2,7: (51400,2570,21845,65535)  #C80A55FF  srgba(200,10,85,1)
3,7: (51400,3341,22873,65535)  #C80D59FF  srgba(200,13,89,1)
4,7: (51657,0,25957,65535)  #C90065FF  srgba(201,0,101,1)
5,7: (51657,257,0,65535)  #C90100FF  srgba(201,1,0,1)
6,7: (51657,257,24158,65535)  #C9015EFF  srgba(201,1,94,1)
7,7: (51657,771,25700,65535)  #C90364FF  srgba(201,3,100,1)
8,7: (51657,3855,23901,65535)  #C90F5DFF  srgba(201,15,93,1)
9,7: (51657,4626,25700,65535)  #C91264FF  srgba(201,18,100,1)
10,7: (51657,5654,22873,65535)  #C91659FF  srgba(201,22,89,1)
11,7: (51657,7453,20560,65535)  #C91D50FF  srgba(201,29,80,1)
12,7: (51657,7453,21845,65535)  #C91D55FF  srgba(201,29,85,1)
13,7: (51657,7453,23901,65535)  #C91D5DFF  srgba(201,29,93,1)
14,7: (51657,7967,22873,65535)  #C91F59FF  srgba(201,31,89,1)
15,7: (51657,11051,22102,65535)  #C92B56FF  srgba(201,43,86,1)
0,8: (51657,11822,21074,65535)  #C92E52FF  srgba(201,46,82,1)
1,8: (51657,14135,20303,65535)  #C9374FFF  srgba(201,55,79,1)
2,8: (51657,14649,22102,65535)  #C93956FF  srgba(201,57,86,1)
3,8: (51657,15163,19275,65535)  #C93B4BFF  srgba(201,59,75,1)
4,8: (51657,15677,21074,65535)  #C93D52FF  srgba(201,61,82,1)
5,8: (51914,0,29555,65535)  #CA0073FF  srgba(202,0,115,1)
6,8: (52171,257,25957,65535)  #CB0165FF  srgba(203,1,101,1)
7,8: (52171,771,24158,65535)  #CB035EFF  srgba(203,3,94,1)
8,8: (52171,1028,29812,65535)  #CB0474FF  srgba(203,4,116,1)
9,8: (52171,1799,22616,65535)  #CB0758FF  srgba(203,7,88,1)
10,8: (52171,3855,20560,65535)  #CB0F50FF  srgba(203,15,80,1)
11,8: (52171,4112,24158,65535)  #CB105EFF  srgba(203,16,94,1)
12,8: (52171,5397,25700,65535)  #CB1564FF  srgba(203,21,100,1)
13,8: (52171,5654,22616,65535)  #CB1658FF  srgba(203,22,88,1)
14,8: (52171,6939,30583,65535)  #CB1B77FF  srgba(203,27,119,1)
15,8: (52171,7710,23901,65535)  #CB1E5DFF  srgba(203,30,93,1)
0,9: (52171,7967,20817,65535)  #CB1F51FF  srgba(203,31,81,1)
1,9: (52171,8481,22616,65535)  #CB2158FF  srgba(203,33,88,1)
2,9: (52171,11051,22359,65535)  #CB2B57FF  srgba(203,43,87,1)
3,9: (52171,13364,22359,65535)  #CB3457FF  srgba(203,52,87,1)
4,9: (52428,1028,25700,65535)  #CC0464FF  srgba(204,4,100,1)
5,9: (52428,2827,22616,65535)  #CC0B58FF  srgba(204,11,88,1)
6,9: (52428,3341,24158,65535)  #CC0D5EFF  srgba(204,13,94,1)
7,9: (52428,4883,20560,65535)  #CC1350FF  srgba(204,19,80,1)
8,9: (52428,6939,25443,65535)  #CC1B63FF  srgba(204,27,99,1)
9,9: (52428,7196,22359,65535)  #CC1C57FF  srgba(204,28,87,1)
10,9: (52428,8481,24158,65535)  #CC215EFF  srgba(204,33,94,1)
11,9: (52428,9252,22359,65535)  #CC2457FF  srgba(204,36,87,1)
12,9: (52428,10280,20817,65535)  #CC2851FF  srgba(204,40,81,1)
13,9: (52428,12336,24158,65535)  #CC305EFF  srgba(204,48,94,1)
14,9: (52428,13107,20817,65535)  #CC3351FF  srgba(204,51,81,1)
15,9: (52428,15420,24158,65535)  #CC3C5EFF  srgba(204,60,94,1)
0,10: (52428,16448,21845,65535)  #CC4055FF  srgba(204,64,85,1)
1,10: (52685,0,41120,65535)  #CD00A0FF  srgba(205,0,160,1)
2,10: (52685,4369,23901,65535)  #CD115DFF  srgba(205,17,93,1)
3,10: (52685,7196,22616,65535)  #CD1C58FF  srgba(205,28,88,1)
4,10: (52685,9509,23644,65535)  #CD255CFF  srgba(205,37,92,1)
5,10: (52685,12336,22359,65535)  #CD3057FF  srgba(205,48,87,1)
6,10: (52685,16962,20817,65535)  #CD4251FF  srgba(205,66,81,1)
7,10: (52685,17219,19532,65535)  #CD434CFF  srgba(205,67,76,1)
8,10: (52942,0,0,65535)  #CE0000FF  srgba(206,0,0,1)
9,10: (52942,5911,44718,65535)  #CE17AEFF  srgba(206,23,174,1)
10,10: (52942,6168,38550,65535)  #CE1896FF  srgba(206,24,150,1)
11,10: (52942,16962,21845,65535)  #CE4255FF  srgba(206,66,85,1)
12,10: (53199,12336,22359,65535)  #CF3057FF  srgba(207,48,87,1)
13,10: (53199,14392,24672,65535)  #CF3860FF  srgba(207,56,96,1)
14,10: (53199,19789,20560,65535)  #CF4D50FF  srgba(207,77,80,1)
15,10: (53199,20303,22359,65535)  #CF4F57FF  srgba(207,79,87,1)
0,11: (53456,0,10794,65535)  #D0002AFF  srgba(208,0,42,1)
1,11: (53456,1799,0,65535)  #D00700FF  srgba(208,7,0,1)
2,11: (53456,1799,22616,65535)  #D00758FF  srgba(208,7,88,1)
3,11: (53456,8224,22616,65535)  #D02058FF  srgba(208,32,88,1)
4,11: (53456,16448,22102,65535)  #D04056FF  srgba(208,64,86,1)
5,11: (53456,20817,23901,65535)  #D0515DFF  srgba(208,81,93,1)
6,11: (53456,21074,21588,65535)  #D05254FF  srgba(208,82,84,1)
7,11: (53713,257,0,65535)  #D10100FF  srgba(209,1,0,1)
8,11: (53713,257,10023,65535)  #D10127FF  srgba(209,1,39,1)
9,11: (53713,257,30840,65535)  #D10178FF  srgba(209,1,120,1)
10,11: (53713,771,25957,65535)  #D10365FF  srgba(209,3,101,1)
11,11: (53713,1028,1285,65535)  #D10405FF  srgba(209,4,5,1)
12,11: (53713,1542,24158,65535)  #D1065EFF  srgba(209,6,94,1)
13,11: (53713,3341,20046,65535)  #D10D4EFF  srgba(209,13,78,1)
14,11: (53713,6939,31354,65535)  #D11B7AFF  srgba(209,27,122,1)
15,11: (53713,8481,24158,65535)  #D1215EFF  srgba(209,33,94,1)
0,12: (53713,21588,21331,65535)  #D15453FF  srgba(209,84,83,1)
1,12: (54227,3341,11308,65535)  #D30D2CFF  srgba(211,13,44,1)
2,12: (54227,7196,25957,65535)  #D31C65FF  srgba(211,28,101,1)
3,12: (54227,13878,34181,65535)  #D33685FF  srgba(211,54,133,1)
4,12: (54484,14392,41377,65535)  #D438A1FF  srgba(212,56,161,1)
5,12: (54741,0,49601,65535)  #D500C1FF  srgba(213,0,193,1)
6,12: (54741,19275,34181,65535)  #D54B85FF  srgba(213,75,133,1)
7,12: (54741,20046,41377,65535)  #D54EA1FF  srgba(213,78,161,1)
8,12: (54998,6682,49087,65535)  #D61ABFFF  srgba(214,26,191,1)
9,12: (55769,0,53970,65535)  #D900D2FF  srgba(217,0,210,1)
10,12: (56026,1542,39064,65535)  #DA0698FF  srgba(218,6,152,1)
11,12: (56026,21331,25700,65535)  #DA5364FF  srgba(218,83,100,1)
12,12: (56283,1542,44975,65535)  #DB06AFFF  srgba(219,6,175,1)
13,12: (56283,2056,31097,65535)  #DB0879FF  srgba(219,8,121,1)
14,12: (56283,14649,47031,65535)  #DB39B7FF  srgba(219,57,183,1)
15,12: (56540,0,53713,65535)  #DC00D1FF  srgba(220,0,209,1)
0,13: (56540,5911,52942,65535)  #DC17CEFF  srgba(220,23,206,1)
1,13: (56540,15420,26728,65535)  #DC3C68FF  srgba(220,60,104,1)
2,13: (56797,8738,45232,65535)  #DD22B0FF  srgba(221,34,176,1)
3,13: (56797,20817,47031,65535)  #DD51B7FF  srgba(221,81,183,1)
4,13: (57054,8738,39064,65535)  #DE2298FF  srgba(222,34,152,1)
5,13: (57568,8738,31354,65535)  #E0227AFF  srgba(224,34,122,1)
6,13: (57825,13878,49858,65535)  #E136C2FF  srgba(225,54,194,1)
7,13: (57825,25957,27242,65535)  #E1656AFF  srgba(225,101,106,1)
8,13: (58082,2313,49858,65535)  #E209C2FF  srgba(226,9,194,1)
9,13: (58082,19275,49858,65535)  #E24BC2FF  srgba(226,75,194,1)
10,13: (58339,16191,51400,65535)  #E33FC8FF  srgba(227,63,200,1)
11,13: (58596,9766,49858,65535)  #E426C2FF  srgba(228,38,194,1)
12,13: (58853,2313,52428,65535)  #E509CCFF  srgba(229,9,204,1)
13,13: (58853,25186,49601,65535)  #E562C1FF  srgba(229,98,193,1)
14,13: (58853,28270,48316,65535)  #E56EBCFF  srgba(229,110,188,1)
15,13: (59110,4626,54227,65535)  #E612D3FF  srgba(230,18,211,1)
0,14: (59110,10023,52428,65535)  #E627CCFF  srgba(230,39,204,1)
1,14: (59110,26214,34181,65535)  #E66685FF  srgba(230,102,133,1)
2,14: (59110,27242,46517,65535)  #E66AB5FF  srgba(230,106,181,1)
3,14: (59110,30840,29812,65535)  #E67874FF  srgba(230,120,116,1)
4,14: (59367,15934,54227,65535)  #E73ED3FF  srgba(231,62,211,1)
5,14: (59367,16448,52685,65535)  #E740CDFF  srgba(231,64,205,1)
6,14: (59367,26728,41377,65535)  #E768A1FF  srgba(231,104,161,1)
7,14: (59367,33924,49601,65535)  #E784C1FF  srgba(231,132,193,1)
8,14: (59624,14906,34952,65535)  #E83A88FF  srgba(232,58,136,1)
9,14: (59624,15420,41891,65535)  #E83CA3FF  srgba(232,60,163,1)
10,14: (59624,16448,47545,65535)  #E840B9FF  srgba(232,64,185,1)
11,14: (59624,25186,50629,65535)  #E862C5FF  srgba(232,98,197,1)
12,14: (59881,4112,56540,65535)  #E910DCFF  srgba(233,16,220,1)
13,14: (59881,15163,49858,65535)  #E93BC2FF  srgba(233,59,194,1)
14,14: (59881,20046,49858,65535)  #E94EC2FF  srgba(233,78,194,1)
15,14: (59881,21074,35209,65535)  #E95289FF  srgba(233,82,137,1)
0,15: (59881,21331,41891,65535)  #E953A3FF  srgba(233,83,163,1)
1,15: (59881,22102,47802,65535)  #E956BAFF  srgba(233,86,186,1)
2,15: (59881,24929,51657,65535)  #E961C9FF  srgba(233,97,201,1)
3,15: (59881,30069,49344,65535)  #E975C0FF  srgba(233,117,192,1)
4,15: (59881,31868,35466,65535)  #E97C8AFF  srgba(233,124,138,1)
5,15: (59881,33153,46774,65535)  #E981B6FF  srgba(233,129,182,1)
6,15: (59881,33924,48316,65535)  #E984BCFF  srgba(233,132,188,1)
7,15: (60138,16962,51400,65535)  #EA42C8FF  srgba(234,66,200,1)
8,15: (60138,25186,49601,65535)  #EA62C1FF  srgba(234,98,193,1)
9,15: (60138,28527,48573,65535)  #EA6FBDFF  srgba(234,111,189,1)
10,15: (60138,30069,50629,65535)  #EA75C5FF  srgba(234,117,197,1)
11,15: (60138,33153,41377,65535)  #EA81A1FF  srgba(234,129,161,1)
12,15: (60395,33667,49858,65535)  #EB83C2FF  srgba(235,131,194,1)
13,15: (61166,24672,53456,65535)  #EE60D0FF  srgba(238,96,208,1)
14,15: (62708,16962,55512,65535)  #F442D8FF  srgba(244,66,216,1)
15,15: (0,65535,0,0)  #00FF0000  srgba(0,255,0,0)
