# ImageMagick pixel enumeration: 16,16,65535,srgba
0,0: (0,0,0,65535)  #000000FF  black
1,0: (0,0,771,65535)  #000003FF  srgba(0,0,3,1)
2,0: (0,0,4626,65535)  #000012FF  srgba(0,0,18,1)
3,0: (0,0,10794,65535)  #00002AFF  srgba(0,0,42,1)
4,0: (0,0,17219,65535)  #000043FF  srgba(0,0,67,1)
5,0: (0,0,19275,65535)  #00004BFF  srgba(0,0,75,1)
6,0: (0,0,23387,65535)  #00005BFF  srgba(0,0,91,1)
7,0: (0,257,23387,65535)  #00015BFF  srgba(0,1,91,1)
8,0: (0,514,29555,65535)  #000273FF  srgba(0,2,115,1)
9,0: (0,1542,35209,65535)  #000689FF  srgba(0,6,137,1)
10,0: (0,2056,23644,65535)  #00085CFF  srgba(0,8,92,1)
11,0: (0,2827,33410,65535)  #000B82FF  srgba(0,11,130,1)
12,0: (0,3084,39578,65535)  #000C9AFF  srgba(0,12,154,1)
13,0: (0,4112,38293,65535)  #001095FF  srgba(0,16,149,1)
14,0: (0,5397,44461,65535)  #0015ADFF  srgba(0,21,173,1)
15,0: (0,6939,49858,65535)  #001BC2FF  srgba(0,27,194,1)
0,1: (0,7196,37008,65535)  #001C90FF  srgba(0,28,144,1)
1,1: (0,8224,56797,65535)  #0020DDFF  srgba(0,32,221,1)
2,1: (0,11822,60395,65535)  #002EEBFF  srgba(0,46,235,1)
3,1: (0,11822,62965,65535)  #002EF5FF  srgba(0,46,245,1)
4,1: (0,12079,49087,65535)  #002FBFFF  srgba(0,47,191,1)
5,1: (0,12079,56283,65535)  #002FDBFF  srgba(0,47,219,1)
6,1: (0,12593,65021,65535)  #0031FDFF  srgba(0,49,253,1)
7,1: (0,16705,65278,65535)  #0041FEFF  srgba(0,65,254,1)
8,1: (0,20817,65278,65535)  #0051FEFF  srgba(0,81,254,1)
9,1: (0,25443,65021,65535)  #0063FDFF  srgba(0,99,253,1)
10,1: (0,27242,65021,65535)  #006AFDFF  srgba(0,106,253,1)
11,1: (0,27242,65535,65535)  #006AFFFF  srgba(0,106,255,1)
12,1: (0,27499,65535,65535)  #006BFFFF  srgba(0,107,255,1)
13,1: (0,27756,65021,65535)  #006CFDFF  srgba(0,108,253,1)
14,1: (0,28270,64764,65535)  #006EFCFF  srgba(0,110,252,1)
15,1: (0,30583,64250,65535)  #0077FAFF  srgba(0,119,250,1)
0,2: (0,31868,64764,65535)  #007CFCFF  srgba(0,124,252,1)
1,2: (0,32382,64250,65535)  #007EFAFF  srgba(0,126,250,1)
2,2: (0,32639,64764,65535)  #007FFCFF  srgba(0,127,252,1)
3,2: (0,33667,65021,65535)  #0083FDFF  srgba(0,131,253,1)
4,2: (0,36751,65535,65535)  #008FFFFF  srgba(0,143,255,1)
5,2: (0,38036,65021,65535)  #0094FDFF  srgba(0,148,253,1)
6,2: (0,38293,63222,65535)  #0095F6FF  srgba(0,149,246,1)
7,2: (0,38550,64764,65535)  #0096FCFF  srgba(0,150,252,1)
8,2: (0,41891,65021,65535)  #00A3FDFF  srgba(0,163,253,1)
9,2: (0,48059,65021,65535)  #00BBFDFF  srgba(0,187,253,1)
10,2: (257,771,20560,65535)  #010350FF  srgba(1,3,80,1)
11,2: (257,2827,33667,65535)  #010B83FF  srgba(1,11,131,1)
12,2: (257,6939,46774,65535)  #011BB6FF  srgba(1,27,182,1)
13,2: (257,8738,57311,65535)  #0122DFFF  srgba(1,34,223,1)
14,2: (257,13621,60652,65535)  #0135ECFF  srgba(1,53,236,1)
15,2: (257,15934,65278,65535)  #013EFEFF  srgba(1,62,254,1)
0,3: (257,30840,65021,65535)  #0178FDFF  srgba(1,120,253,1)
1,3: (257,35980,65535,65535)  #018CFFFF  srgba(1,140,255,1)
2,3: (257,44718,64764,65535)  #01AEFCFF  srgba(1,174,252,1)
3,3: (514,5654,46774,65535)  #0216B6FF  srgba(2,22,182,1)
4,3: (514,11565,49344,65535)  #022DC0FF  srgba(2,45,192,1)
5,3: (514,12593,59367,65535)  #0231E7FF  srgba(2,49,231,1)
6,3: (514,16705,65021,65535)  #0241FDFF  srgba(2,65,253,1)
7,3: (514,27756,65535,65535)  #026CFFFF  srgba(2,108,255,1)
8,3: (514,36494,65535,65535)  #028EFFFF  srgba(2,142,255,1)
9,3: (514,43947,65278,65535)  #02ABFEFF  srgba(2,171,254,1)
10,3: (514,48573,65535,65535)  #02BDFFFF  srgba(2,189,255,1)
11,3: (771,16448,63993,65535)  #0340F9FF  srgba(3,64,249,1)
12,3: (1028,0,0,65535)  #040000FF  srgba(4,0,0,1)
13,3: (1028,3598,32382,65535)  #040E7EFF  srgba(4,14,126,1)
14,3: (1028,8481,48573,65535)  #0421BDFF  srgba(4,33,189,1)
15,3: (1542,0,257,65535)  #060001FF  srgba(6,0,1,1)
0,4: (1542,0,2313,65535)  #060009FF  srgba(6,0,9,1)
1,4: (1799,0,514,65535)  #070002FF  srgba(7,0,2,1)
2,4: (1799,16705,49601,65535)  #0741C1FF  srgba(7,65,193,1)
3,4: (1799,49858,64250,65535)  #07C2FAFF  srgba(7,194,250,1)
4,4: (2570,0,1285,65535)  #0A0005FF  srgba(10,0,5,1)
5,4: (2570,0,3598,65535)  #0A000EFF  srgba(10,0,14,1)
6,4: (2570,2313,18761,65535)  #0A0949FF  srgba(10,9,73,1)
7,4: (2570,33153,64250,65535)  #0A81FAFF  srgba(10,129,250,1)
8,4: (2570,52428,64764,65535)  #0ACCFCFF  srgba(10,204,252,1)
9,4: (2827,0,4369,65535)  #0B0011FF  srgba(11,0,17,1)
10,4: (2827,33153,65278,65535)  #0B81FEFF  srgba(11,129,254,1)
11,4: (2827,54227,65278,65535)  #0BD3FEFF  srgba(11,211,254,1)
12,4: (4112,53970,63222,65535)  #10D2F6FF  srgba(16,210,246,1)
13,4: (4626,12593,34695,65535)  #123187FF  srgba(18,49,135,1)
14,4: (4626,33153,64764,65535)  #1281FCFF  srgba(18,129,252,1)
15,4: (5140,0,0,65535)  #140000FF  srgba(20,0,0,1)
0,5: (6425,514,5397,65535)  #190215FF  srgba(25,2,21,1)
1,5: (6425,19532,52685,65535)  #194CCDFF  srgba(25,76,205,1)
2,5: (6682,16191,43433,65535)  #1A3FA9FF  srgba(26,63,169,1)
3,5: (7196,24672,58339,65535)  #1C60E3FF  srgba(28,96,227,1)
4,5: (7967,2313,7710,65535)  #1F091EFF  srgba(31,9,30,1)
5,5: (10537,58596,65021,65535)  #29E4FDFF  srgba(41,228,253,1)
6,5: (11051,47545,65021,65535)  #2BB9FDFF  srgba(43,185,253,1)
7,5: (11051,50115,60395,65535)  #2BC3EBFF  srgba(43,195,235,1)
8,5: (11308,56283,65278,65535)  #2CDBFEFF  srgba(44,219,254,1)
9,5: (11822,4112,15677,65535)  #2E103DFF  srgba(46,16,61,1)
10,5: (11822,6168,18504,65535)  #2E1848FF  srgba(46,24,72,1)
11,5: (11822,34695,65278,65535)  #2E87FEFF  srgba(46,135,254,1)
12,5: (12079,47288,65278,65535)  #2FB8FEFF  srgba(47,184,254,1)
13,5: (12593,19532,46517,65535)  #314CB5FF  srgba(49,76,181,1)
14,5: (12850,9766,20046,65535)  #32264EFF  srgba(50,38,78,1)
15,5: (13621,771,3084,65535)  #35030CFF  srgba(53,3,12,1)
0,6: (13621,33924,65021,65535)  #3584FDFF  srgba(53,132,253,1)
1,6: (13621,62965,65278,65535)  #35F5FEFF  srgba(53,245,254,1)
2,6: (13878,37779,57568,65535)  #3693E0FF  srgba(54,147,224,1)
3,6: (14649,0,0,65535)  #390000FF  srgba(57,0,0,1)
4,6: (15163,16448,33667,65535)  #3B4083FF  srgba(59,64,131,1)
5,6: (15420,5140,10794,65535)  #3C142AFF  srgba(60,20,42,1)
6,6: (15677,24415,44975,65535)  #3D5FAFFF  srgba(61,95,175,1)
7,6: (15934,3341,5397,65535)  #3E0D15FF  srgba(62,13,21,1)
8,6: (16705,52942,64250,65535)  #41CEFAFF  srgba(65,206,250,1)
9,6: (16962,35980,62965,65535)  #428CF5FF  srgba(66,140,245,1)
10,6: (17733,57311,63222,65535)  #45DFF6FF  srgba(69,223,246,1)
11,6: (17990,34695,64250,65535)  #4687FAFF  srgba(70,135,250,1)
12,6: (18761,63736,64250,65535)  #49F8FAFF  srgba(73,248,250,1)
13,6: (18761,65021,65278,65535)  #49FDFEFF  srgba(73,253,254,1)
14,6: (19018,9509,17476,65535)  #4A2544FF  srgba(74,37,68,1)
15,6: (19018,53456,64764,65535)  #4AD0FCFF  srgba(74,208,252,1)
0,7: (19275,32125,59624,65535)  #4B7DE8FF  srgba(75,125,232,1)
1,7: (19532,35209,64764,65535)  #4C89FCFF  srgba(76,137,252,1)
2,7: (20046,24415,34181,65535)  #4E5F85FF  srgba(78,95,133,1)
3,7: (20046,65021,65021,65535)  #4EFDFDFF  srgba(78,253,253,1)
4,7: (20303,25957,54998,65535)  #4F65D6FF  srgba(79,101,214,1)
5,7: (20303,29298,58339,65535)  #4F72E3FF  srgba(79,114,227,1)
6,7: (20303,32125,48573,65535)  #4F7DBDFF  srgba(79,125,189,1)
7,7: (20560,64507,64764,65535)  #50FBFCFF  srgba(80,251,252,1)
8,7: (21331,20560,43947,65535)  #5350ABFF  srgba(83,80,171,1)
9,7: (21845,47545,65278,65535)  #55B9FEFF  srgba(85,185,254,1)
10,7: (22359,36237,65278,65535)  #578DFEFF  srgba(87,141,254,1)
11,7: (22616,55512,65278,65535)  #58D8FEFF  srgba(88,216,254,1)
12,7: (23130,63993,65278,65535)  #5AF9FEFF  srgba(90,249,254,1)
13,7: (23387,4626,6168,65535)  #5B1218FF  srgba(91,18,24,1)
14,7: (23644,2313,771,65535)  #5C0903FF  srgba(92,9,3,1)
15,7: (24158,29041,40606,65535)  #5E719EFF  srgba(94,113,158,1)
0,8: (24158,65021,64764,65535)  #5EFDFCFF  srgba(94,253,252,1)
1,8: (24672,9509,11308,65535)  #60252CFF  srgba(96,37,44,1)
2,8: (25186,7453,7453,65535)  #621D1DFF  srgba(98,29,29,1)
3,8: (26214,25443,36494,65535)  #66638EFF  srgba(102,99,142,1)
4,8: (26214,65021,65278,65535)  #66FDFEFF  srgba(102,253,254,1)
5,8: (26471,9766,15677,65535)  #67263DFF  srgba(103,38,61,1)
6,8: (26728,63993,65021,65535)  #68F9FDFF  srgba(104,249,253,1)
7,8: (27242,11822,20303,65535)  #6A2E4FFF  srgba(106,46,79,1)
8,8: (28013,14649,26728,65535)  #6D3968FF  srgba(109,57,104,1)
9,8: (29298,14649,15677,65535)  #72393DFF  srgba(114,57,61,1)
10,8: (29298,19532,28784,65535)  #724C70FF  srgba(114,76,112,1)
11,8: (29555,17476,20817,65535)  #734451FF  srgba(115,68,81,1)
12,8: (30583,5911,3341,65535)  #77170DFF  srgba(119,23,13,1)
13,8: (30583,8481,8481,65535)  #772121FF  srgba(119,33,33,1)
14,8: (31611,12079,10537,65535)  #7B2F29FF  srgba(123,47,41,1)
15,8: (33153,33667,59624,65535)  #8183E8FF  srgba(129,131,232,1)
0,9: (34438,65278,65278,65535)  #86FEFEFF  srgba(134,254,254,1)
1,9: (34952,28270,35466,65535)  #886E8AFF  srgba(136,110,138,1)
2,9: (34952,51143,63222,65535)  #88C7F6FF  srgba(136,199,246,1)
3,9: (35209,40092,65278,65535)  #899CFEFF  srgba(137,156,254,1)
4,9: (35466,52942,65278,65535)  #8ACEFEFF  srgba(138,206,254,1)
5,9: (35723,34181,37008,65535)  #8B8590FF  srgba(139,133,144,1)
6,9: (36494,25443,27756,65535)  #8E636CFF  srgba(142,99,108,1)
7,9: (36751,65021,65278,65535)  #8FFDFEFF  srgba(143,253,254,1)
8,9: (37265,26985,47031,65535)  #9169B7FF  srgba(145,105,183,1)
9,9: (37522,20046,30326,65535)  #924E76FF  srgba(146,78,118,1)
10,9: (37779,8738,5397,65535)  #932215FF  srgba(147,34,21,1)
11,9: (37779,19275,25443,65535)  #934B63FF  srgba(147,75,99,1)
12,9: (38036,11051,10280,65535)  #942B28FF  srgba(148,43,40,1)
13,9: (38036,15934,20046,65535)  #943E4EFF  srgba(148,62,78,1)
14,9: (38036,65021,64764,65535)  #94FDFCFF  srgba(148,253,252,1)
15,9: (38293,50115,64764,65535)  #95C3FCFF  srgba(149,195,252,1)
0,10: (38293,64764,65278,65535)  #95FCFEFF  srgba(149,252,254,1)
1,10: (38550,13621,15677,65535)  #96353DFF  srgba(150,53,61,1)
2,10: (38550,19018,23130,65535)  #964A5AFF  srgba(150,74,90,1)
3,10: (38807,14649,11308,65535)  #97392CFF  srgba(151,57,44,1)
4,10: (38807,61423,65278,65535)  #97EFFEFF  srgba(151,239,254,1)
5,10: (39064,64764,64764,65535)  #98FCFCFF  srgba(152,252,252,1)
6,10: (39321,18761,16191,65535)  #99493FFF  srgba(153,73,63,1)
7,10: (39321,19532,20560,65535)  #994C50FF  srgba(153,76,80,1)
8,10: (39835,33924,48573,65535)  #9B84BDFF  srgba(155,132,189,1)
9,10: (40349,16448,15677,65535)  #9D403DFF  srgba(157,64,61,1)
10,10: (40606,63479,64250,65535)  #9EF7FAFF  srgba(158,247,250,1)
11,10: (41377,61423,64764,65535)  #A1EFFCFF  srgba(161,239,252,1)
12,10: (41891,35209,58853,65535)  #A389E5FF  srgba(163,137,229,1)
13,10: (43176,24158,22873,65535)  #A85E59FF  srgba(168,94,89,1)
14,10: (43690,26214,26728,65535)  #AA6668FF  srgba(170,102,104,1)
15,10: (43947,20303,24158,65535)  #AB4F5EFF  srgba(171,79,94,1)
0,11: (44204,15677,11308,65535)  #AC3D2CFF  srgba(172,61,44,1)
1,11: (44204,19532,19789,65535)  #AC4C4DFF  srgba(172,76,77,1)
2,11: (44461,11051,7967,65535)  #AD2B1FFF  srgba(173,43,31,1)
3,11: (44461,65278,65278,65535)  #ADFEFEFF  srgba(173,254,254,1)
4,11: (44975,19018,16962,65535)  #AF4A42FF  srgba(175,74,66,1)
5,11: (45232,49858,62708,65535)  #B0C2F4FF  srgba(176,194,244,1)
6,11: (46517,44718,47545,65535)  #B5AEB9FF  srgba(181,174,185,1)
7,11: (48059,25700,35723,65535)  #BB648BFF  srgba(187,100,139,1)
8,11: (48316,32896,36237,65535)  #BC808DFF  srgba(188,128,141,1)
9,11: (48316,47545,54484,65535)  #BCB9D4FF  srgba(188,185,212,1)
10,11: (48573,24415,21588,65535)  #BD5F54FF  srgba(189,95,84,1)
11,11: (48573,26985,26214,65535)  #BD6966FF  srgba(189,105,102,1)
12,11: (48830,65021,64764,65535)  #BEFDFCFF  srgba(190,253,252,1)
13,11: (49087,19275,16191,65535)  #BF4B3FFF  srgba(191,75,63,1)
14,11: (49087,65021,65278,65535)  #BFFDFEFF  srgba(191,253,254,1)
15,11: (49858,21074,24672,65535)  #C25260FF  srgba(194,82,96,1)
0,12: (50372,20817,19532,65535)  #C4514CFF  srgba(196,81,76,1)
1,12: (50372,43176,65278,65535)  #C4A8FEFF  srgba(196,168,254,1)
2,12: (50372,53713,65278,65535)  #C4D1FEFF  srgba(196,209,254,1)
3,12: (50629,36237,57054,65535)  #C58DDEFF  srgba(197,141,222,1)
4,12: (52428,64764,65278,65535)  #CCFCFEFF  srgba(204,252,254,1)
5,12: (52685,16191,11308,65535)  #CD3F2CFF  srgba(205,63,44,1)
6,12: (52685,24672,25957,65535)  #CD6065FF  srgba(205,96,101,1)
7,12: (52942,20046,15677,65535)  #CE4E3DFF  srgba(206,78,61,1)
8,12: (52942,61423,65278,65535)  #CEEFFEFF  srgba(206,239,254,1)
9,12: (53713,65278,65278,65535)  #D1FEFEFF  srgba(209,254,254,1)
10,12: (53970,26728,22616,65535)  #D26858FF  srgba(210,104,88,1)
11,12: (54484,65021,64764,65535)  #D4FDFCFF  srgba(212,253,252,1)
12,12: (54998,24158,19532,65535)  #D65E4CFF  srgba(214,94,76,1)
13,12: (54998,65021,65278,65535)  #D6FDFEFF  srgba(214,253,254,1)
14,12: (55255,34181,45489,65535)  #D785B1FF  srgba(215,133,177,1)
15,12: (55512,28784,26471,65535)  #D87067FF  srgba(216,112,103,1)
0,13: (55512,31868,28527,65535)  #D87C6FFF  srgba(216,124,111,1)
1,13: (55512,59624,64764,65535)  #D8E8FCFF  srgba(216,232,252,1)
2,13: (56283,28784,34952,65535)  #DB7088FF  srgba(219,112,136,1)
3,13: (56540,26985,28013,65535)  #DC696DFF  srgba(220,105,109,1)
4,13: (57054,51143,56797,65535)  #DEC7DDFF  srgba(222,199,221,1)
5,13: (57054,64764,64764,65535)  #DEFCFCFF  srgba(222,252,252,1)
6,13: (57311,33924,37265,65535)  #DF8491FF  srgba(223,132,145,1)
7,13: (57311,51914,61680,65535)  #DFCAF0FF  srgba(223,202,240,1)
8,13: (57568,20560,15934,65535)  #E0503EFF  srgba(224,80,62,1)
9,13: (57825,24672,25957,65535)  #E16065FF  srgba(225,96,101,1)
10,13: (58082,37779,54998,65535)  #E293D6FF  srgba(226,147,214,1)
11,13: (58082,61680,62965,65535)  #E2F0F5FF  srgba(226,240,245,1)
12,13: (58596,45232,48316,65535)  #E4B0BCFF  srgba(228,176,188,1)
13,13: (59110,65278,65278,65535)  #E6FEFEFF  srgba(230,254,254,1)
14,13: (59367,64764,65278,65535)  #E7FCFEFF  srgba(231,252,254,1)
15,13: (63479,64764,65278,65535)  #F7FCFEFF  srgba(247,252,254,1)
0,14: (63736,26985,23387,65535)  #F8695BFF  srgba(248,105,91,1)
1,14: (63736,31354,32639,65535)  #F87A7FFF  srgba(248,122,127,1)
2,14: (63736,65278,65278,65535)  #F8FEFEFF  srgba(248,254,254,1)
3,14: (63993,45232,56540,65535)  #F9B0DCFF  srgba(249,176,220,1)
4,14: (63993,64507,65021,65535)  #F9FBFDFF  srgba(249,251,253,1)
5,14: (63993,64507,65278,65535)  #F9FBFEFF  srgba(249,251,254,1)
6,14: (64250,37522,34438,65535)  #FA9286FF  srgba(250,146,134,1)
7,14: (64250,38293,41634,65535)  #FA95A2FF  srgba(250,149,162,1)
8,14: (64250,44204,49087,65535)  #FAACBFFF  srgba(250,172,191,1)
9,14: (64250,54741,60395,65535)  #FAD5EBFF  srgba(250,213,235,1)
10,14: (64250,61680,62708,65535)  #FAF0F4FF  srgba(250,240,244,1)
11,14: (64507,44204,42662,65535)  #FBACA6FF  srgba(251,172,166,1)
12,14: (64507,52428,52171,65535)  #FBCCCBFF  srgba(251,204,203,1)
13,14: (64507,58339,65278,65535)  #FBE3FEFF  srgba(251,227,254,1)
14,14: (65021,65021,65021,65535)  #FDFDFDFF  srgba(253,253,253,1)
15,14: (65278,27756,24158,65535)  #FE6C5EFF  srgba(254,108,94,1)
0,15: (65278,32639,28784,65535)  #FE7F70FF  srgba(254,127,112,1)
1,15: (65278,35209,33153,65535)  #FE8981FF  srgba(254,137,129,1)
2,15: (65278,38550,37008,65535)  #FE9690FF  srgba(254,150,144,1)
3,15: (65278,39835,40349,65535)  #FE9B9DFF  srgba(254,155,157,1)
4,15: (65278,40349,44975,65535)  #FE9DAFFF  srgba(254,157,175,1)
5,15: (65278,44461,41891,65535)  #FEADA3FF  srgba(254,173,163,1)
6,15: (65278,46517,52428,65535)  #FEB5CCFF  srgba(254,181,204,1)
7,15: (65278,46774,46774,65535)  #FEB6B6FF  srgba(254,182,182,1)
8,15: (65278,50372,62451,65535)  #FEC4F3FF  srgba(254,196,243,1)
9,15: (65278,50629,52685,65535)  #FEC5CDFF  srgba(254,197,205,1)
10,15: (65278,54484,54484,65535)  #FED4D4FF  srgba(254,212,212,1)
11,15: (65278,55255,62965,65535)  #FED7F5FF  srgba(254,215,245,1)
12,15: (65278,59367,63222,65535)  #FEE7F6FF  srgba(254,231,246,1)
13,15: (65278,63736,65021,65535)  #FEF8FDFF  srgba(254,248,253,1)
14,15: (65278,65278,65278,65535)  #FEFEFEFF  srgba(254,254,254,1)
15,15: (0,65535,0,0)  #00FF0000  srgba(0,255,0,0)
