# ImageMagick pixel enumeration: 16,16,65535,srgba
0,0: (0,24415,32125,65535)  #005F7DFF  srgba(0,95,125,1)
1,0: (0,24929,33153,65535)  #006181FF  srgba(0,97,129,1)
2,0: (0,30069,38036,65535)  #007594FF  srgba(0,117,148,1)
3,0: (0,30069,39064,65535)  #007598FF  srgba(0,117,152,1)
4,0: (0,30840,39321,65535)  #007899FF  srgba(0,120,153,1)
5,0: (0,31868,40606,65535)  #007C9EFF  srgba(0,124,158,1)
6,0: (0,34181,42148,65535)  #0085A4FF  srgba(0,133,164,1)
7,0: (257,25700,34181,65535)  #016485FF  srgba(1,100,133,1)
8,0: (257,26985,34952,65535)  #016988FF  srgba(1,105,136,1)
9,0: (257,27499,35980,65535)  #016B8CFF  srgba(1,107,140,1)
10,0: (257,28784,37779,65535)  #017093FF  srgba(1,112,147,1)
11,0: (257,34438,42919,65535)  #0186A7FF  srgba(1,134,167,1)
12,0: (257,34952,42919,65535)  #0188A7FF  srgba(1,136,167,1)
13,0: (514,31611,39578,65535)  #027B9AFF  srgba(2,123,154,1)
14,0: (514,33153,41891,65535)  #0281A3FF  srgba(2,129,163,1)
15,0: (514,47545,58339,65535)  #02B9E3FF  srgba(2,185,227,1)
0,1: (1799,28527,36751,65535)  #076F8FFF  srgba(7,111,143,1)
1,1: (1799,30069,38807,65535)  #077597FF  srgba(7,117,151,1)
2,1: (1799,34181,42148,65535)  #0785A4FF  srgba(7,133,164,1)
3,1: (2056,24415,32382,65535)  #085F7EFF  srgba(8,95,126,1)
4,1: (2056,25443,32639,65535)  #08637FFF  srgba(8,99,127,1)
5,1: (2056,26985,35466,65535)  #08698AFF  srgba(8,105,138,1)
6,1: (2313,49087,59881,65535)  #09BFE9FF  srgba(9,191,233,1)
7,1: (2570,28527,35466,65535)  #0A6F8AFF  srgba(10,111,138,1)
8,1: (2827,26471,32639,65535)  #0B677FFF  srgba(11,103,127,1)
9,1: (2827,30840,39578,65535)  #0B789AFF  srgba(11,120,154,1)
10,1: (2827,31868,40349,65535)  #0B7C9DFF  srgba(11,124,157,1)
11,1: (3084,28013,36751,65535)  #0C6D8FFF  srgba(12,109,143,1)
12,1: (3341,26471,34181,65535)  #0D6785FF  srgba(13,103,133,1)
13,1: (3341,35209,43947,65535)  #0D89ABFF  srgba(13,137,171,1)
14,1: (3855,28784,37522,65535)  #0F7092FF  srgba(15,112,146,1)
15,1: (3855,29812,38293,65535)  #0F7495FF  srgba(15,116,149,1)
0,2: (4112,30840,38550,65535)  #107896FF  srgba(16,120,150,1)
1,2: (4369,32896,41377,65535)  #1180A1FF  srgba(17,128,161,1)
2,2: (4369,33410,41891,65535)  #1182A3FF  srgba(17,130,163,1)
3,2: (4626,27756,35723,65535)  #126C8BFF  srgba(18,108,139,1)
4,2: (4626,31354,39835,65535)  #127A9BFF  srgba(18,122,155,1)
5,2: (4883,29812,37008,65535)  #137490FF  srgba(19,116,144,1)
6,2: (4883,34181,42919,65535)  #1385A7FF  srgba(19,133,167,1)
7,2: (5654,26985,35209,65535)  #166989FF  srgba(22,105,137,1)
8,2: (6168,33410,42405,65535)  #1882A5FF  srgba(24,130,165,1)
9,2: (6425,27499,35466,65535)  #196B8AFF  srgba(25,107,138,1)
10,2: (6425,30069,39064,65535)  #197598FF  srgba(25,117,152,1)
11,2: (6425,34181,41891,65535)  #1985A3FF  srgba(25,133,163,1)
12,2: (6425,34952,42662,65535)  #1988A6FF  srgba(25,136,166,1)
13,2: (6682,24929,32639,65535)  #1A617FFF  srgba(26,97,127,1)
14,2: (6682,31868,40606,65535)  #1A7C9EFF  srgba(26,124,158,1)
15,2: (6682,34438,43433,65535)  #1A86A9FF  srgba(26,134,169,1)
0,3: (6682,47545,58339,65535)  #1AB9E3FF  srgba(26,185,227,1)
1,3: (6939,26471,32896,65535)  #1B6780FF  srgba(27,103,128,1)
2,3: (6939,30840,39578,65535)  #1B789AFF  srgba(27,120,154,1)
3,3: (6939,31868,39578,65535)  #1B7C9AFF  srgba(27,124,154,1)
4,3: (7196,32125,38293,65535)  #1C7D95FF  srgba(28,125,149,1)
5,3: (7196,33410,43176,65535)  #1C82A8FF  srgba(28,130,168,1)
6,3: (7196,46517,55769,65535)  #1CB5D9FF  srgba(28,181,217,1)
7,3: (7710,32382,39835,65535)  #1E7E9BFF  srgba(30,126,155,1)
8,3: (7710,36237,43433,65535)  #1E8DA9FF  srgba(30,141,169,1)
9,3: (7967,26471,34181,65535)  #1F6785FF  srgba(31,103,133,1)
10,3: (8224,28527,36237,65535)  #206F8DFF  srgba(32,111,141,1)
11,3: (8738,25700,32125,65535)  #22647DFF  srgba(34,100,125,1)
12,3: (8738,25957,32639,65535)  #22657FFF  srgba(34,101,127,1)
13,3: (8738,32382,41377,65535)  #227EA1FF  srgba(34,126,161,1)
14,3: (8738,32896,41891,65535)  #2280A3FF  srgba(34,128,163,1)
15,3: (8738,34952,43947,65535)  #2288ABFF  srgba(34,136,171,1)
0,4: (8995,30840,38293,65535)  #237895FF  srgba(35,120,149,1)
1,4: (9252,28013,35466,65535)  #246D8AFF  srgba(36,109,138,1)
2,4: (9252,28527,34438,65535)  #246F86FF  srgba(36,111,134,1)
3,4: (9252,32125,40606,65535)  #247D9EFF  srgba(36,125,158,1)
4,4: (9252,50115,60909,65535)  #24C3EDFF  srgba(36,195,237,1)
5,4: (9509,26985,32896,65535)  #256980FF  srgba(37,105,128,1)
6,4: (9509,38550,47802,65535)  #2596BAFF  srgba(37,150,186,1)
7,4: (10023,25957,31611,65535)  #27657BFF  srgba(39,101,123,1)
8,4: (10023,27499,33924,65535)  #276B84FF  srgba(39,107,132,1)
9,4: (10023,29298,37265,65535)  #277291FF  srgba(39,114,145,1)
10,4: (10023,41120,49601,65535)  #27A0C1FF  srgba(39,160,193,1)
11,4: (10280,26728,32896,65535)  #286880FF  srgba(40,104,128,1)
12,4: (10280,28013,33924,65535)  #286D84FF  srgba(40,109,132,1)
13,4: (10280,43176,52171,65535)  #28A8CBFF  srgba(40,168,203,1)
14,4: (10280,45232,55255,65535)  #28B0D7FF  srgba(40,176,215,1)
15,4: (10280,46260,56026,65535)  #28B4DAFF  srgba(40,180,218,1)
0,5: (10280,52942,64250,65535)  #28CEFAFF  srgba(40,206,250,1)
1,5: (10280,54227,65278,65535)  #28D3FEFF  srgba(40,211,254,1)
2,5: (10537,26728,32896,65535)  #296880FF  srgba(41,104,128,1)
3,5: (10537,29812,36751,65535)  #29748FFF  srgba(41,116,143,1)
4,5: (10537,43947,53456,65535)  #29ABD0FF  srgba(41,171,208,1)
5,5: (10794,29041,35723,65535)  #2A718BFF  srgba(42,113,139,1)
6,5: (10794,31611,39835,65535)  #2A7B9BFF  srgba(42,123,155,1)
7,5: (10794,46774,56797,65535)  #2AB6DDFF  srgba(42,182,221,1)
8,5: (10794,47288,57825,65535)  #2AB8E1FF  srgba(42,184,225,1)
9,5: (11051,26728,32896,65535)  #2B6880FF  srgba(43,104,128,1)
10,5: (11051,27242,33410,65535)  #2B6A82FF  srgba(43,106,130,1)
11,5: (11051,30069,37522,65535)  #2B7592FF  srgba(43,117,146,1)
12,5: (11051,43690,53456,65535)  #2BAAD0FF  srgba(43,170,208,1)
13,5: (11308,26214,32382,65535)  #2C667EFF  srgba(44,102,126,1)
14,5: (11308,26471,32639,65535)  #2C677FFF  srgba(44,103,127,1)
15,5: (11308,28270,34952,65535)  #2C6E88FF  srgba(44,110,136,1)
0,6: (11308,29041,35466,65535)  #2C718AFF  srgba(44,113,138,1)
1,6: (11308,29298,36751,65535)  #2C728FFF  srgba(44,114,143,1)
2,6: (11308,30326,38036,65535)  #2C7694FF  srgba(44,118,148,1)
3,6: (11308,40349,49601,65535)  #2C9DC1FF  srgba(44,157,193,1)
4,6: (11308,41891,51143,65535)  #2CA3C7FF  srgba(44,163,199,1)
5,6: (11308,45489,55512,65535)  #2CB1D8FF  srgba(44,177,216,1)
6,6: (11308,47288,57311,65535)  #2CB8DFFF  srgba(44,184,223,1)
7,6: (11308,52428,63479,65535)  #2CCCF7FF  srgba(44,204,247,1)
8,6: (11565,26728,32382,65535)  #2D687EFF  srgba(45,104,126,1)
9,6: (11565,27499,32639,65535)  #2D6B7FFF  srgba(45,107,127,1)
10,6: (11565,27756,33924,65535)  #2D6C84FF  srgba(45,108,132,1)
11,6: (11565,29041,35723,65535)  #2D718BFF  srgba(45,113,139,1)
12,6: (11565,31097,39321,65535)  #2D7999FF  srgba(45,121,153,1)
13,6: (11565,31354,39321,65535)  #2D7A99FF  srgba(45,122,153,1)
14,6: (11565,32125,40349,65535)  #2D7D9DFF  srgba(45,125,157,1)
15,6: (11565,33410,41634,65535)  #2D82A2FF  srgba(45,130,162,1)
0,7: (11565,34438,42662,65535)  #2D86A6FF  srgba(45,134,166,1)
1,7: (11565,38550,47545,65535)  #2D96B9FF  srgba(45,150,185,1)
2,7: (11822,29041,36494,65535)  #2E718EFF  srgba(46,113,142,1)
3,7: (11822,29555,37008,65535)  #2E7390FF  srgba(46,115,144,1)
4,7: (11822,30069,36751,65535)  #2E758FFF  srgba(46,117,143,1)
5,7: (11822,31097,38550,65535)  #2E7996FF  srgba(46,121,150,1)
6,7: (11822,31611,39321,65535)  #2E7B99FF  srgba(46,123,153,1)
7,7: (11822,35466,43690,65535)  #2E8AAAFF  srgba(46,138,170,1)
8,7: (11822,35723,44461,65535)  #2E8BADFF  srgba(46,139,173,1)
9,7: (12079,29812,35723,65535)  #2F748BFF  srgba(47,116,139,1)
10,7: (12079,30583,38293,65535)  #2F7795FF  srgba(47,119,149,1)
11,7: (12079,31611,39578,65535)  #2F7B9AFF  srgba(47,123,154,1)
12,7: (12079,32639,40863,65535)  #2F7F9FFF  srgba(47,127,159,1)
13,7: (12079,34438,43176,65535)  #2F86A8FF  srgba(47,134,168,1)
14,7: (12336,26728,34695,65535)  #306887FF  srgba(48,104,135,1)
15,7: (12850,32382,40863,65535)  #327E9FFF  srgba(50,126,159,1)
0,8: (12850,35980,43690,65535)  #328CAAFF  srgba(50,140,170,1)
1,8: (13107,30840,36751,65535)  #33788FFF  srgba(51,120,143,1)
2,8: (13364,30840,37522,65535)  #347892FF  srgba(52,120,146,1)
3,8: (14135,33667,42919,65535)  #3783A7FF  srgba(55,131,167,1)
4,8: (14392,29041,33410,65535)  #387182FF  srgba(56,113,130,1)
5,8: (14392,39835,48573,65535)  #389BBDFF  srgba(56,155,189,1)
6,8: (14649,37265,46003,65535)  #3991B3FF  srgba(57,145,179,1)
7,8: (14906,30840,32896,65535)  #3A7880FF  srgba(58,120,128,1)
8,8: (15163,28013,35466,65535)  #3B6D8AFF  srgba(59,109,138,1)
9,8: (15420,53456,62965,65535)  #3CD0F5FF  srgba(60,208,245,1)
10,8: (15677,32382,38293,65535)  #3D7E95FF  srgba(61,126,149,1)
11,8: (15934,42919,51914,65535)  #3EA7CAFF  srgba(62,167,202,1)
12,8: (16448,24929,33924,65535)  #406184FF  srgba(64,97,132,1)
13,8: (16448,29298,37522,65535)  #407292FF  srgba(64,114,146,1)
14,8: (16962,33667,39321,65535)  #428399FF  srgba(66,131,153,1)
15,8: (17476,28013,31611,65535)  #446D7BFF  srgba(68,109,123,1)
0,9: (17733,26471,34952,65535)  #456788FF  srgba(69,103,136,1)
1,9: (17733,30840,40606,65535)  #45789EFF  srgba(69,120,158,1)
2,9: (17990,31097,35466,65535)  #46798AFF  srgba(70,121,138,1)
3,9: (17990,34438,40606,65535)  #46869EFF  srgba(70,134,158,1)
4,9: (17990,36751,42662,65535)  #468FA6FF  srgba(70,143,166,1)
5,9: (17990,48573,60652,65535)  #46BDECFF  srgba(70,189,236,1)
6,9: (18247,24672,31868,65535)  #47607CFF  srgba(71,96,124,1)
7,9: (18247,48830,57568,65535)  #47BEE0FF  srgba(71,190,224,1)
8,9: (18504,22873,31354,65535)  #48597AFF  srgba(72,89,122,1)
9,9: (19275,31611,36494,65535)  #4B7B8EFF  srgba(75,123,142,1)
10,9: (20303,29298,32639,65535)  #4F727FFF  srgba(79,114,127,1)
11,9: (20817,30840,32896,65535)  #517880FF  srgba(81,120,128,1)
12,9: (20817,44461,57311,65535)  #51ADDFFF  srgba(81,173,223,1)
13,9: (23901,34695,43433,65535)  #5D87A9FF  srgba(93,135,169,1)
14,9: (23901,51914,61680,65535)  #5DCAF0FF  srgba(93,202,240,1)
15,9: (24158,42662,59881,65535)  #5EA6E9FF  srgba(94,166,233,1)
0,10: (24415,36751,41634,65535)  #5F8FA2FF  srgba(95,143,162,1)
1,10: (24672,32382,42919,65535)  #607EA7FF  srgba(96,126,167,1)
2,10: (24929,32382,37522,65535)  #617E92FF  srgba(97,126,146,1)
3,10: (24929,34695,40349,65535)  #61879DFF  srgba(97,135,157,1)
4,10: (25186,42148,47288,65535)  #62A4B8FF  srgba(98,164,184,1)
5,10: (25957,27242,32125,65535)  #656A7DFF  srgba(101,106,125,1)
6,10: (25957,30326,36494,65535)  #65768EFF  srgba(101,118,142,1)
7,10: (26214,30069,32382,65535)  #66757EFF  srgba(102,117,126,1)
8,10: (26214,31611,40606,65535)  #667B9EFF  srgba(102,123,158,1)
9,10: (26728,42662,54741,65535)  #68A6D5FF  srgba(104,166,213,1)
10,10: (26985,36751,49087,65535)  #698FBFFF  srgba(105,143,191,1)
11,10: (26985,48830,60909,65535)  #69BEEDFF  srgba(105,190,237,1)
12,10: (27242,26728,29812,65535)  #6A6874FF  srgba(106,104,116,1)
13,10: (27242,26985,30583,65535)  #6A6977FF  srgba(106,105,119,1)
14,10: (27242,27756,35466,65535)  #6A6C8AFF  srgba(106,108,138,1)
15,10: (27499,41891,57054,65535)  #6BA3DEFF  srgba(107,163,222,1)
0,11: (27756,38550,57054,65535)  #6C96DEFF  srgba(108,150,222,1)
1,11: (27756,40349,60395,65535)  #6C9DEBFF  srgba(108,157,235,1)
2,11: (28270,34438,50886,65535)  #6E86C6FF  srgba(110,134,198,1)
3,11: (28270,34952,37779,65535)  #6E8893FF  srgba(110,136,147,1)
4,11: (28270,37265,52428,65535)  #6E91CCFF  srgba(110,145,204,1)
5,11: (28270,38293,55255,65535)  #6E95D7FF  srgba(110,149,215,1)
6,11: (28270,39835,54741,65535)  #6E9BD5FF  srgba(110,155,213,1)
7,11: (28270,40606,60138,65535)  #6E9EEAFF  srgba(110,158,234,1)
8,11: (28527,38293,53970,65535)  #6F95D2FF  srgba(111,149,210,1)
9,11: (28527,40863,57311,65535)  #6F9FDFFF  srgba(111,159,223,1)
10,11: (28784,33924,38807,65535)  #708497FF  srgba(112,132,151,1)
11,11: (28784,37265,53456,65535)  #7091D0FF  srgba(112,145,208,1)
12,11: (28784,39578,54741,65535)  #709AD5FF  srgba(112,154,213,1)
13,11: (29041,35466,50372,65535)  #718AC4FF  srgba(113,138,196,1)
14,11: (29041,40606,57054,65535)  #719EDEFF  srgba(113,158,222,1)
15,11: (29298,30840,44461,65535)  #7278ADFF  srgba(114,120,173,1)
0,12: (29298,34438,44718,65535)  #7286AEFF  srgba(114,134,174,1)
1,12: (29298,34438,48316,65535)  #7286BCFF  srgba(114,134,188,1)
2,12: (29298,35723,51143,65535)  #728BC7FF  srgba(114,139,199,1)
3,12: (29555,32125,33153,65535)  #737D81FF  srgba(115,125,129,1)
4,12: (29555,32125,35209,65535)  #737D89FF  srgba(115,125,137,1)
5,12: (30069,33667,36237,65535)  #75838DFF  srgba(117,131,141,1)
6,12: (30069,35723,51143,65535)  #758BC7FF  srgba(117,139,199,1)
7,12: (30326,30583,44204,65535)  #7677ACFF  srgba(118,119,172,1)
8,12: (30583,35209,43947,65535)  #7789ABFF  srgba(119,137,171,1)
9,12: (30840,22873,29812,65535)  #785974FF  srgba(120,89,116,1)
10,12: (30840,22873,31097,65535)  #785979FF  srgba(120,89,121,1)
11,12: (31097,22359,28784,65535)  #795770FF  srgba(121,87,112,1)
12,12: (31097,26728,28784,65535)  #796870FF  srgba(121,104,112,1)
13,12: (31097,32382,37522,65535)  #797E92FF  srgba(121,126,146,1)
14,12: (31354,30326,36237,65535)  #7A768DFF  srgba(122,118,141,1)
15,12: (31354,44461,58596,65535)  #7AADE4FF  srgba(122,173,228,1)
0,13: (31611,21331,27499,65535)  #7B536BFF  srgba(123,83,107,1)
1,13: (31611,36237,43433,65535)  #7B8DA9FF  srgba(123,141,169,1)
2,13: (31868,30069,43433,65535)  #7C75A9FF  srgba(124,117,169,1)
3,13: (31868,40863,50372,65535)  #7C9FC4FF  srgba(124,159,196,1)
4,13: (32125,20046,26728,65535)  #7D4E68FF  srgba(125,78,104,1)
5,13: (32382,19018,26471,65535)  #7E4A67FF  srgba(126,74,103,1)
6,13: (32382,19789,27499,65535)  #7E4D6BFF  srgba(126,77,107,1)
7,13: (32382,21074,29041,65535)  #7E5271FF  srgba(126,82,113,1)
8,13: (32382,21845,30840,65535)  #7E5578FF  srgba(126,85,120,1)
9,13: (32382,49087,60138,65535)  #7EBFEAFF  srgba(126,191,234,1)
10,13: (32639,26728,35980,65535)  #7F688CFF  srgba(127,104,140,1)
11,13: (32639,37779,36751,65535)  #7F938FFF  srgba(127,147,143,1)
12,13: (32896,19018,25443,65535)  #804A63FF  srgba(128,74,99,1)
13,13: (32896,43690,50629,65535)  #80AAC5FF  srgba(128,170,197,1)
14,13: (33153,32639,42919,65535)  #817FA7FF  srgba(129,127,167,1)
15,13: (33153,40349,43690,65535)  #819DAAFF  srgba(129,157,170,1)
0,14: (33410,26214,26214,65535)  #826666FF  srgba(130,102,102,1)
1,14: (33410,26471,31868,65535)  #82677CFF  srgba(130,103,124,1)
2,14: (33924,30069,31097,65535)  #847579FF  srgba(132,117,121,1)
3,14: (33924,43433,45232,65535)  #84A9B0FF  srgba(132,169,176,1)
4,14: (34181,26471,30583,65535)  #856777FF  srgba(133,103,119,1)
5,14: (34181,26728,29812,65535)  #856874FF  srgba(133,104,116,1)
6,14: (34695,46774,48573,65535)  #87B6BDFF  srgba(135,182,189,1)
7,14: (35209,47031,52685,65535)  #89B7CDFF  srgba(137,183,205,1)
8,14: (35723,33924,42405,65535)  #8B84A5FF  srgba(139,132,165,1)
9,14: (37779,30840,31097,65535)  #937879FF  srgba(147,120,121,1)
10,14: (38036,55255,57568,65535)  #94D7E0FF  srgba(148,215,224,1)
11,14: (39064,30583,26728,65535)  #987768FF  srgba(152,119,104,1)
12,14: (39064,54998,53713,65535)  #98D6D1FF  srgba(152,214,209,1)
13,14: (39578,34438,30583,65535)  #9A8677FF  srgba(154,134,119,1)
14,14: (39578,37522,32639,65535)  #9A927FFF  srgba(154,146,127,1)
15,14: (40092,36237,31611,65535)  #9C8D7BFF  srgba(156,141,123,1)
0,15: (40092,38550,33667,65535)  #9C9683FF  srgba(156,150,131,1)
1,15: (41120,56283,55255,65535)  #A0DBD7FF  srgba(160,219,215,1)
2,15: (41377,33410,27499,65535)  #A1826BFF  srgba(161,130,107,1)
3,15: (41377,58339,56797,65535)  #A1E3DDFF  srgba(161,227,221,1)
4,15: (41891,34952,28013,65535)  #A3886DFF  srgba(163,136,109,1)
5,15: (42148,36237,29298,65535)  #A48D72FF  srgba(164,141,114,1)
6,15: (42148,49601,47288,65535)  #A4C1B8FF  srgba(164,193,184,1)
7,15: (42405,55255,51400,65535)  #A5D7C8FF  srgba(165,215,200,1)
8,15: (42405,56797,51914,65535)  #A5DDCAFF  srgba(165,221,202,1)
9,15: (42662,37522,30069,65535)  #A69275FF  srgba(166,146,117,1)
10,15: (43176,39064,31097,65535)  #A89879FF  srgba(168,152,121,1)
11,15: (44718,54998,50886,65535)  #AED6C6FF  srgba(174,214,198,1)
12,15: (44718,59110,54741,65535)  #AEE6D5FF  srgba(174,230,213,1)
13,15: (45489,58596,51657,65535)  #B1E4C9FF  srgba(177,228,201,1)
14,15: (46774,53970,49344,65535)  #B6D2C0FF  srgba(182,210,192,1)
15,15: (0,65535,0,0)  #00FF0000  srgba(0,255,0,0)
