# ImageMagick pixel enumeration: 16,16,65535,srgba
0,0: (0,0,0,65535)  #000000FF  black
1,0: (0,0,257,65535)  #000001FF  srgba(0,0,1,1)
2,0: (0,0,771,65535)  #000003FF  srgba(0,0,3,1)
3,0: (0,514,3084,65535)  #00020CFF  srgba(0,2,12,1)
4,0: (0,771,0,65535)  #000300FF  srgba(0,3,0,1)
5,0: (0,1799,1285,65535)  #000705FF  srgba(0,7,5,1)
6,0: (0,2056,257,65535)  #000801FF  srgba(0,8,1,1)
7,0: (0,2827,0,65535)  #000B00FF  srgba(0,11,0,1)
8,0: (0,2827,514,65535)  #000B02FF  srgba(0,11,2,1)
9,0: (0,4883,0,65535)  #001300FF  srgba(0,19,0,1)
10,0: (0,5140,771,65535)  #001403FF  srgba(0,20,3,1)
11,0: (0,5654,257,65535)  #001601FF  srgba(0,22,1,1)
12,0: (0,5911,514,65535)  #001702FF  srgba(0,23,2,1)
13,0: (0,7196,1285,65535)  #001C05FF  srgba(0,28,5,1)
14,0: (0,8481,771,65535)  #002103FF  srgba(0,33,3,1)
15,0: (0,10280,1285,65535)  #002805FF  srgba(0,40,5,1)
0,1: (0,12079,1542,65535)  #002F06FF  srgba(0,47,6,1)
1,1: (0,12593,2056,65535)  #003108FF  srgba(0,49,8,1)
2,1: (0,13878,3084,65535)  #00360CFF  srgba(0,54,12,1)
3,1: (0,16705,3341,65535)  #00410DFF  srgba(0,65,13,1)
4,1: (0,19018,3598,65535)  #004A0EFF  srgba(0,74,14,1)
5,1: (0,21588,4112,65535)  #005410FF  srgba(0,84,16,1)
6,1: (0,21588,4626,65535)  #005412FF  srgba(0,84,18,1)
7,1: (0,22616,5397,65535)  #005815FF  srgba(0,88,21,1)
8,1: (0,25186,5397,65535)  #006215FF  srgba(0,98,21,1)
9,1: (0,28013,5654,65535)  #006D16FF  srgba(0,109,22,1)
10,1: (0,28270,6425,65535)  #006E19FF  srgba(0,110,25,1)
11,1: (0,28784,6939,65535)  #00701BFF  srgba(0,112,27,1)
12,1: (0,32125,6939,65535)  #007D1BFF  srgba(0,125,27,1)
13,1: (257,0,514,65535)  #010002FF  srgba(1,0,2,1)
14,1: (257,0,771,65535)  #010003FF  srgba(1,0,3,1)
15,1: (257,257,0,65535)  #010100FF  srgba(1,1,0,1)
0,2: (514,10023,1542,65535)  #022706FF  srgba(2,39,6,1)
1,2: (514,19275,4369,65535)  #024B11FF  srgba(2,75,17,1)
2,2: (514,26471,6168,65535)  #026718FF  srgba(2,103,24,1)
3,2: (771,0,1799,65535)  #030007FF  srgba(3,0,7,1)
4,2: (771,4112,257,65535)  #031001FF  srgba(3,16,1,1)
5,2: (771,14649,3341,65535)  #03390DFF  srgba(3,57,13,1)
6,2: (771,17990,5654,65535)  #034616FF  srgba(3,70,22,1)
7,2: (771,22359,5397,65535)  #035715FF  srgba(3,87,21,1)
8,2: (771,29555,7196,65535)  #03731CFF  srgba(3,115,28,1)
9,2: (1028,6682,1542,65535)  #041A06FF  srgba(4,26,6,1)
10,2: (1285,6939,771,65535)  #051B03FF  srgba(5,27,3,1)
11,2: (1285,9766,1542,65535)  #052606FF  srgba(5,38,6,1)
12,2: (1542,514,3341,65535)  #06020DFF  srgba(6,2,13,1)
13,2: (1799,514,514,65535)  #070202FF  srgba(7,2,2,1)
14,2: (2313,771,7453,65535)  #09031DFF  srgba(9,3,29,1)
15,2: (2570,5140,5654,65535)  #0A1416FF  srgba(10,20,22,1)
0,3: (2570,27756,10023,65535)  #0A6C27FF  srgba(10,108,39,1)
1,3: (3084,17990,6168,65535)  #0C4618FF  srgba(12,70,24,1)
2,3: (3855,0,0,65535)  #0F0000FF  srgba(15,0,0,1)
3,3: (3855,12593,9766,65535)  #0F3126FF  srgba(15,49,38,1)
4,3: (4369,9252,1542,65535)  #112406FF  srgba(17,36,6,1)
5,3: (4626,19532,10537,65535)  #124C29FF  srgba(18,76,41,1)
6,3: (5140,11822,6168,65535)  #142E18FF  srgba(20,46,24,1)
7,3: (5397,5654,257,65535)  #151601FF  srgba(21,22,1,1)
8,3: (6168,1285,9509,65535)  #180525FF  srgba(24,5,37,1)
9,3: (6425,1542,12336,65535)  #190630FF  srgba(25,6,48,1)
10,3: (7196,1028,2570,65535)  #1C040AFF  srgba(28,4,10,1)
11,3: (7453,1799,15420,65535)  #1D073CFF  srgba(29,7,60,1)
12,3: (7453,4369,10537,65535)  #1D1129FF  srgba(29,17,41,1)
13,3: (8224,257,0,65535)  #200100FF  srgba(32,1,0,1)
14,3: (8224,5140,4112,65535)  #201410FF  srgba(32,20,16,1)
15,3: (8738,4626,514,65535)  #221202FF  srgba(34,18,2,1)
0,4: (8995,4626,13364,65535)  #231234FF  srgba(35,18,52,1)
1,4: (9509,2056,20817,65535)  #250851FF  srgba(37,8,81,1)
2,4: (9509,11565,11822,65535)  #252D2EFF  srgba(37,45,46,1)
3,4: (10280,26728,18247,65535)  #286847FF  srgba(40,104,71,1)
4,4: (10537,771,514,65535)  #290302FF  srgba(41,3,2,1)
5,4: (11051,5397,16191,65535)  #2B153FFF  srgba(43,21,63,1)
6,4: (11308,5397,18504,65535)  #2C1548FF  srgba(44,21,72,1)
7,4: (11308,9252,18504,65535)  #2C2448FF  srgba(44,36,72,1)
8,4: (11308,18247,17990,65535)  #2C4746FF  srgba(44,71,70,1)
9,4: (11565,514,0,65535)  #2D0200FF  srgba(45,2,0,1)
10,4: (11822,4883,23130,65535)  #2E135AFF  srgba(46,19,90,1)
11,4: (13878,6939,17733,65535)  #361B45FF  srgba(54,27,69,1)
12,4: (14906,6425,26471,65535)  #3A1967FF  srgba(58,25,103,1)
13,4: (15420,7453,19018,65535)  #3C1D4AFF  srgba(60,29,74,1)
14,4: (15420,7710,21074,65535)  #3C1E52FF  srgba(60,30,82,1)
15,4: (15420,9766,18504,65535)  #3C2648FF  srgba(60,38,72,1)
0,5: (15420,23130,21588,65535)  #3C5A54FF  srgba(60,90,84,1)
1,5: (15677,514,257,65535)  #3D0201FF  srgba(61,2,1,1)
2,5: (15934,1285,514,65535)  #3E0502FF  srgba(62,5,2,1)
3,5: (15934,9509,20303,65535)  #3E254FFF  srgba(62,37,79,1)
4,5: (16191,26214,23901,65535)  #3F665DFF  srgba(63,102,93,1)
5,5: (16448,9509,21331,65535)  #402553FF  srgba(64,37,83,1)
6,5: (16705,19789,16448,65535)  #414D40FF  srgba(65,77,64,1)
7,5: (16962,9766,22359,65535)  #422657FF  srgba(66,38,87,1)
8,5: (16962,12593,21331,65535)  #423153FF  srgba(66,49,83,1)
9,5: (17219,13107,17733,65535)  #433345FF  srgba(67,51,69,1)
10,5: (17476,4112,3855,65535)  #44100FFF  srgba(68,16,15,1)
11,5: (17733,10023,9509,65535)  #452725FF  srgba(69,39,37,1)
12,5: (17990,7453,28013,65535)  #461D6DFF  srgba(70,29,109,1)
13,5: (17990,10280,24415,65535)  #46285FFF  srgba(70,40,95,1)
14,5: (17990,12850,7967,65535)  #46321FFF  srgba(70,50,31,1)
15,5: (18504,1028,2313,65535)  #480409FF  srgba(72,4,9,1)
0,6: (18504,4626,13621,65535)  #481235FF  srgba(72,18,53,1)
1,6: (18504,10794,29298,65535)  #482A72FF  srgba(72,42,114,1)
2,6: (18761,11822,24158,65535)  #492E5EFF  srgba(73,46,94,1)
3,6: (18761,14906,23901,65535)  #493A5DFF  srgba(73,58,93,1)
4,6: (18761,24158,25957,65535)  #495E65FF  srgba(73,94,101,1)
5,6: (19789,771,514,65535)  #4D0302FF  srgba(77,3,2,1)
6,6: (19789,11822,25957,65535)  #4D2E65FF  srgba(77,46,101,1)
7,6: (20046,14649,25957,65535)  #4E3965FF  srgba(78,57,101,1)
8,6: (20303,12079,28527,65535)  #4F2F6FFF  srgba(79,47,111,1)
9,6: (20303,12593,26214,65535)  #4F3166FF  srgba(79,49,102,1)
10,6: (20560,11308,34181,65535)  #502C85FF  srgba(80,44,133,1)
11,6: (21845,12850,29041,65535)  #553271FF  srgba(85,50,113,1)
12,6: (21845,26985,29812,65535)  #556974FF  srgba(85,105,116,1)
13,6: (22102,1799,771,65535)  #560703FF  srgba(86,7,3,1)
14,6: (22102,18504,29298,65535)  #564872FF  srgba(86,72,114,1)
15,6: (22616,14392,29812,65535)  #583874FF  srgba(88,56,116,1)
0,7: (22873,2056,2056,65535)  #590808FF  srgba(89,8,8,1)
1,7: (23130,15420,30326,65535)  #5A3C76FF  srgba(90,60,118,1)
2,7: (23901,13107,34952,65535)  #5D3388FF  srgba(93,51,136,1)
3,7: (24672,16448,34181,65535)  #604085FF  srgba(96,64,133,1)
4,7: (25443,15934,28784,65535)  #633E70FF  srgba(99,62,112,1)
5,7: (25700,14906,38807,65535)  #643A97FF  srgba(100,58,151,1)
6,7: (25957,2313,1285,65535)  #650905FF  srgba(101,9,5,1)
7,7: (25957,15163,31868,65535)  #653B7CFF  srgba(101,59,124,1)
8,7: (26214,15934,21588,65535)  #663E54FF  srgba(102,62,84,1)
9,7: (26471,22616,36237,65535)  #67588DFF  srgba(103,88,141,1)
10,7: (26471,28784,35209,65535)  #677089FF  srgba(103,112,137,1)
11,7: (26728,16448,31868,65535)  #68407CFF  srgba(104,64,124,1)
12,7: (26728,22359,31868,65535)  #68577CFF  srgba(104,87,124,1)
13,7: (26985,15934,42405,65535)  #693EA5FF  srgba(105,62,165,1)
14,7: (26985,16705,34952,65535)  #694188FF  srgba(105,65,136,1)
15,7: (26985,18761,30326,65535)  #694976FF  srgba(105,73,118,1)
0,8: (27756,14649,30326,65535)  #6C3976FF  srgba(108,57,118,1)
1,8: (28013,18504,36237,65535)  #6D488DFF  srgba(109,72,141,1)
2,8: (28270,18761,38293,65535)  #6E4995FF  srgba(110,73,149,1)
3,8: (28527,19018,41634,65535)  #6F4AA2FF  srgba(111,74,162,1)
4,8: (28784,3084,5911,65535)  #700C17FF  srgba(112,12,23,1)
5,8: (29298,3084,2313,65535)  #720C09FF  srgba(114,12,9,1)
6,8: (29298,3598,11308,65535)  #720E2CFF  srgba(114,14,44,1)
7,8: (29555,10794,25700,65535)  #732A64FF  srgba(115,42,100,1)
8,8: (29812,2827,1542,65535)  #740B06FF  srgba(116,11,6,1)
9,8: (29812,24672,38807,65535)  #746097FF  srgba(116,96,151,1)
10,8: (30069,7967,18247,65535)  #751F47FF  srgba(117,31,71,1)
11,8: (30069,20817,40092,65535)  #75519CFF  srgba(117,81,156,1)
12,8: (30326,19532,39578,65535)  #764C9AFF  srgba(118,76,154,1)
13,8: (31097,19018,42405,65535)  #794AA5FF  srgba(121,74,165,1)
14,8: (31097,34952,40092,65535)  #79889CFF  srgba(121,136,156,1)
15,8: (31354,20817,41377,65535)  #7A51A1FF  srgba(122,81,161,1)
0,9: (31611,8738,7453,65535)  #7B221DFF  srgba(123,34,29,1)
1,9: (31611,19275,46774,65535)  #7B4BB6FF  srgba(123,75,182,1)
2,9: (31611,23130,41120,65535)  #7B5AA0FF  srgba(123,90,160,1)
3,9: (31868,3598,3598,65535)  #7C0E0EFF  srgba(124,14,14,1)
4,9: (32125,3341,2827,65535)  #7D0D0BFF  srgba(125,13,11,1)
5,9: (32896,3341,2313,65535)  #800D09FF  srgba(128,13,9,1)
6,9: (33153,21845,42919,65535)  #8155A7FF  srgba(129,85,167,1)
7,9: (33410,23644,41377,65535)  #825CA1FF  srgba(130,92,161,1)
8,9: (33924,14906,28527,65535)  #843A6FFF  srgba(132,58,111,1)
9,9: (33924,22616,45746,65535)  #8458B2FF  srgba(132,88,178,1)
10,9: (33924,28013,41377,65535)  #846DA1FF  srgba(132,109,161,1)
11,9: (34181,14392,25186,65535)  #853862FF  srgba(133,56,98,1)
12,9: (34181,25186,43947,65535)  #8562ABFF  srgba(133,98,171,1)
13,9: (34438,22616,48059,65535)  #8658BBFF  srgba(134,88,187,1)
14,9: (34695,22616,50886,65535)  #8758C6FF  srgba(135,88,198,1)
15,9: (35209,5397,12850,65535)  #891532FF  srgba(137,21,50,1)
0,10: (35209,23901,46003,65535)  #895DB3FF  srgba(137,93,179,1)
1,10: (35209,26471,45746,65535)  #8967B2FF  srgba(137,103,178,1)
2,10: (35723,25186,48059,65535)  #8B62BBFF  srgba(139,98,187,1)
3,10: (35980,25443,51143,65535)  #8C63C7FF  srgba(140,99,199,1)
4,10: (36494,3855,3084,65535)  #8E0F0CFF  srgba(142,15,12,1)
5,10: (36751,36237,47545,65535)  #8F8DB9FF  srgba(143,141,185,1)
6,10: (37008,24672,47545,65535)  #9060B9FF  srgba(144,96,185,1)
7,10: (37265,25186,48316,65535)  #9162BCFF  srgba(145,98,188,1)
8,10: (37522,22873,43176,65535)  #9259A8FF  srgba(146,89,168,1)
9,10: (37522,25186,49087,65535)  #9262BFFF  srgba(146,98,191,1)
10,10: (37779,25186,51400,65535)  #9362C8FF  srgba(147,98,200,1)
11,10: (37779,28527,47031,65535)  #936FB7FF  srgba(147,111,183,1)
12,10: (38293,27242,49344,65535)  #956AC0FF  srgba(149,106,192,1)
13,10: (38550,27242,51914,65535)  #966ACAFF  srgba(150,106,202,1)
14,10: (38807,4369,3855,65535)  #97110FFF  srgba(151,17,15,1)
15,10: (39321,4369,3341,65535)  #99110DFF  srgba(153,17,13,1)
0,11: (39578,26728,51400,65535)  #9A68C8FF  srgba(154,104,200,1)
1,11: (39835,4369,7710,65535)  #9B111EFF  srgba(155,17,30,1)
2,11: (39835,25186,47031,65535)  #9B62B7FF  srgba(155,98,183,1)
3,11: (39835,26985,52171,65535)  #9B69CBFF  srgba(155,105,203,1)
4,11: (39835,29555,50115,65535)  #9B73C3FF  srgba(155,115,195,1)
5,11: (40092,27756,53456,65535)  #9C6CD0FF  srgba(156,108,208,1)
6,11: (40863,9766,24415,65535)  #9F265FFF  srgba(159,38,95,1)
7,11: (40863,27756,57825,65535)  #9F6CE1FF  srgba(159,108,225,1)
8,11: (41120,28270,55769,65535)  #A06ED9FF  srgba(160,110,217,1)
9,11: (41377,26471,48830,65535)  #A167BEFF  srgba(161,103,190,1)
10,11: (41377,28784,53199,65535)  #A170CFFF  srgba(161,112,207,1)
11,11: (41377,31097,51143,65535)  #A179C7FF  srgba(161,121,199,1)
12,11: (41377,35466,49601,65535)  #A18AC1FF  srgba(161,138,193,1)
13,11: (41634,7453,17733,65535)  #A21D45FF  srgba(162,29,69,1)
14,11: (42148,29298,54484,65535)  #A472D4FF  srgba(164,114,212,1)
15,11: (42405,29298,58082,65535)  #A572E2FF  srgba(165,114,226,1)
0,12: (42662,34952,54741,65535)  #A688D5FF  srgba(166,136,213,1)
1,12: (42919,4626,4369,65535)  #A71211FF  srgba(167,18,17,1)
2,12: (42919,30326,56797,65535)  #A776DDFF  srgba(167,118,221,1)
3,12: (43433,4626,3341,65535)  #A9120DFF  srgba(169,18,13,1)
4,12: (43433,30583,59367,65535)  #A977E7FF  srgba(169,119,231,1)
5,12: (43947,5397,11565,65535)  #AB152DFF  srgba(171,21,45,1)
6,12: (44461,4626,3855,65535)  #AD120FFF  srgba(173,18,15,1)
7,12: (44461,5140,3855,65535)  #AD140FFF  srgba(173,20,15,1)
8,12: (44461,30326,51657,65535)  #AD76C9FF  srgba(173,118,201,1)
9,12: (44718,31097,58339,65535)  #AE79E3FF  srgba(174,121,227,1)
10,12: (44975,6425,6425,65535)  #AF1919FF  srgba(175,25,25,1)
11,12: (44975,31354,60909,65535)  #AF7AEDFF  srgba(175,122,237,1)
12,12: (45489,5397,5397,65535)  #B11515FF  srgba(177,21,21,1)
13,12: (45746,4883,5654,65535)  #B21316FF  srgba(178,19,22,1)
14,12: (45746,35723,56283,65535)  #B28BDBFF  srgba(178,139,219,1)
15,12: (46003,32125,60909,65535)  #B37DEDFF  srgba(179,125,237,1)
0,13: (46260,5397,4626,65535)  #B41512FF  srgba(180,21,18,1)
1,13: (46774,32382,61680,65535)  #B67EF0FF  srgba(182,126,240,1)
2,13: (46774,34438,61166,65535)  #B686EEFF  srgba(182,134,238,1)
3,13: (47288,5397,4883,65535)  #B81513FF  srgba(184,21,19,1)
4,13: (47545,24672,47031,65535)  #B960B7FF  srgba(185,96,183,1)
5,13: (47802,19018,37265,65535)  #BA4A91FF  srgba(186,74,145,1)
6,13: (48059,5397,4112,65535)  #BB1510FF  srgba(187,21,16,1)
7,13: (48059,5911,4369,65535)  #BB1711FF  srgba(187,23,17,1)
8,13: (48059,32639,61680,65535)  #BB7FF0FF  srgba(187,127,240,1)
9,13: (48573,34181,63736,65535)  #BD85F8FF  srgba(189,133,248,1)
10,13: (48830,34952,62708,65535)  #BE88F4FF  srgba(190,136,244,1)
11,13: (48830,35723,61423,65535)  #BE8BEFFF  srgba(190,139,239,1)
12,13: (48830,38036,57054,65535)  #BE94DEFF  srgba(190,148,222,1)
13,13: (49087,36494,60138,65535)  #BF8EEAFF  srgba(191,142,234,1)
14,13: (49858,5654,4112,65535)  #C21610FF  srgba(194,22,16,1)
15,13: (49858,6682,9509,65535)  #C21A25FF  srgba(194,26,37,1)
0,14: (49858,36237,63993,65535)  #C28DF9FF  srgba(194,141,249,1)
1,14: (50629,5654,4883,65535)  #C51613FF  srgba(197,22,19,1)
2,14: (50886,5397,4112,65535)  #C61510FF  srgba(198,21,16,1)
3,14: (50886,5911,4883,65535)  #C61713FF  srgba(198,23,19,1)
4,14: (50886,11565,24929,65535)  #C62D61FF  srgba(198,45,97,1)
5,14: (51143,5911,4626,65535)  #C71712FF  srgba(199,23,18,1)
6,14: (51400,5911,4883,65535)  #C81713FF  srgba(200,23,19,1)
7,14: (51400,5911,5397,65535)  #C81715FF  srgba(200,23,21,1)
8,14: (52171,37008,63736,65535)  #CB90F8FF  srgba(203,144,248,1)
9,14: (52428,37008,62708,65535)  #CC90F4FF  srgba(204,144,244,1)
10,14: (52685,37522,64507,65535)  #CD92FBFF  srgba(205,146,251,1)
11,14: (52942,42919,60395,65535)  #CEA7EBFF  srgba(206,167,235,1)
12,14: (53456,39321,61680,65535)  #D099F0FF  srgba(208,153,240,1)
13,14: (53713,39064,63736,65535)  #D198F8FF  srgba(209,152,248,1)
14,14: (53970,39064,64764,65535)  #D298FCFF  srgba(210,152,252,1)
15,14: (53970,39835,63222,65535)  #D29BF6FF  srgba(210,155,246,1)
0,15: (53970,40863,64764,65535)  #D29FFCFF  srgba(210,159,252,1)
1,15: (56283,40606,64764,65535)  #DB9EFCFF  srgba(219,158,252,1)
2,15: (56540,40349,63993,65535)  #DC9DF9FF  srgba(220,157,249,1)
3,15: (57311,40606,63222,65535)  #DF9EF6FF  srgba(223,158,246,1)
4,15: (57311,40863,62194,65535)  #DF9FF2FF  srgba(223,159,242,1)
5,15: (57568,41120,63479,65535)  #E0A0F7FF  srgba(224,160,247,1)
6,15: (58596,43947,65021,65535)  #E4ABFDFF  srgba(228,171,253,1)
7,15: (58853,41891,63993,65535)  #E5A3F9FF  srgba(229,163,249,1)
8,15: (58853,41891,64764,65535)  #E5A3FCFF  srgba(229,163,252,1)
9,15: (59110,43690,63479,65535)  #E6AAF7FF  srgba(230,170,247,1)
10,15: (61937,44461,64250,65535)  #F1ADFAFF  srgba(241,173,250,1)
11,15: (62965,46517,65021,65535)  #F5B5FDFF  srgba(245,181,253,1)
12,15: (63222,46260,63993,65535)  #F6B4F9FF  srgba(246,180,249,1)
13,15: (64250,48059,64250,65535)  #FABBFAFF  srgba(250,187,250,1)
14,15: (64507,48316,65278,65535)  #FBBCFEFF  srgba(251,188,254,1)
15,15: (0,65535,0,0)  #00FF0000  srgba(0,255,0,0)
