# ImageMagick pixel enumeration: 16,16,65535,srgba
0,0: (1028,20303,33410,65535)  #044F82FF  srgba(4,79,130,1)
1,0: (1285,20046,36494,65535)  #054E8EFF  srgba(5,78,142,1)
2,0: (2313,20303,30840,65535)  #094F78FF  srgba(9,79,120,1)
3,0: (2313,21588,36751,65535)  #09548FFF  srgba(9,84,143,1)
4,0: (3598,23130,35980,65535)  #0E5A8CFF  srgba(14,90,140,1)
5,0: (4626,17476,33667,65535)  #124483FF  srgba(18,68,131,1)
6,0: (4626,23644,31097,65535)  #125C79FF  srgba(18,92,121,1)
7,0: (4626,23901,33924,65535)  #125D84FF  srgba(18,93,132,1)
8,0: (4883,20046,37779,65535)  #134E93FF  srgba(19,78,147,1)
9,0: (5654,17733,37008,65535)  #164590FF  srgba(22,69,144,1)
10,0: (6425,22616,37265,65535)  #195891FF  srgba(25,88,145,1)
11,0: (6939,24929,35980,65535)  #1B618CFF  srgba(27,97,140,1)
12,0: (8224,16962,31097,65535)  #204279FF  srgba(32,66,121,1)
13,0: (8738,19275,28527,65535)  #224B6FFF  srgba(34,75,111,1)
14,0: (8995,14906,33667,65535)  #233A83FF  srgba(35,58,131,1)
15,0: (8995,25700,33667,65535)  #236483FF  srgba(35,100,131,1)
0,1: (9509,25186,30583,65535)  #256277FF  srgba(37,98,119,1)
1,1: (9766,18247,38036,65535)  #264794FF  srgba(38,71,148,1)
2,1: (10794,24158,37522,65535)  #2A5E92FF  srgba(42,94,146,1)
3,1: (10794,27499,32639,65535)  #2A6B7FFF  srgba(42,107,127,1)
4,1: (11051,15420,37008,65535)  #2B3C90FF  srgba(43,60,144,1)
5,1: (11565,26985,35466,65535)  #2D698AFF  srgba(45,105,138,1)
6,1: (11822,22873,39321,65535)  #2E5999FF  srgba(46,89,153,1)
7,1: (11822,26471,37265,65535)  #2E6791FF  srgba(46,103,145,1)
8,1: (12850,19275,39578,65535)  #324B9AFF  srgba(50,75,154,1)
9,1: (12850,24672,30583,65535)  #326077FF  srgba(50,96,119,1)
10,1: (13107,14392,31354,65535)  #33387AFF  srgba(51,56,122,1)
11,1: (13107,28013,32382,65535)  #336D7EFF  srgba(51,109,126,1)
12,1: (14135,12336,32896,65535)  #373080FF  srgba(55,48,128,1)
13,1: (14906,14649,37779,65535)  #3A3993FF  srgba(58,57,147,1)
14,1: (15420,28784,30583,65535)  #3C7077FF  srgba(60,112,119,1)
15,1: (15420,29298,33410,65535)  #3C7282FF  srgba(60,114,130,1)
0,2: (15677,23387,27756,65535)  #3D5B6CFF  srgba(61,91,108,1)
1,2: (15934,27242,37008,65535)  #3E6A90FF  srgba(62,106,144,1)
2,2: (16705,23644,39835,65535)  #415C9BFF  srgba(65,92,155,1)
3,2: (17219,15677,28013,65535)  #433D6DFF  srgba(67,61,109,1)
4,2: (17476,30069,35980,65535)  #44758CFF  srgba(68,117,140,1)
5,2: (17733,22102,25700,65535)  #455664FF  srgba(69,86,100,1)
6,2: (17990,10794,32125,65535)  #462A7DFF  srgba(70,42,125,1)
7,2: (18504,30326,33153,65535)  #487681FF  srgba(72,118,129,1)
8,2: (19018,13878,30326,65535)  #4A3676FF  srgba(74,54,118,1)
9,2: (19275,16191,38807,65535)  #4B3F97FF  srgba(75,63,151,1)
10,2: (19275,31097,30840,65535)  #4B7978FF  srgba(75,121,120,1)
11,2: (19532,10023,35980,65535)  #4C278CFF  srgba(76,39,140,1)
12,2: (19789,9766,32125,65535)  #4D267DFF  srgba(77,38,125,1)
13,2: (19789,30069,28784,65535)  #4D7570FF  srgba(77,117,112,1)
14,2: (20046,32382,33153,65535)  #4E7E81FF  srgba(78,126,129,1)
15,2: (20303,18504,40349,65535)  #4F489DFF  srgba(79,72,157,1)
0,3: (21074,11051,28013,65535)  #522B6DFF  srgba(82,43,109,1)
1,3: (21331,13364,38293,65535)  #533495FF  srgba(83,52,149,1)
2,3: (21331,14135,26214,65535)  #533766FF  srgba(83,55,102,1)
3,3: (21331,26214,38807,65535)  #536697FF  srgba(83,102,151,1)
4,3: (22102,31354,36751,65535)  #567A8FFF  srgba(86,122,143,1)
5,3: (22616,24158,41120,65535)  #585EA0FF  srgba(88,94,160,1)
6,3: (22873,32896,32125,65535)  #59807DFF  srgba(89,128,125,1)
7,3: (23901,7196,32125,65535)  #5D1C7DFF  srgba(93,28,125,1)
8,3: (23901,8995,36751,65535)  #5D238FFF  srgba(93,35,143,1)
9,3: (24929,31611,28270,65535)  #617B6EFF  srgba(97,123,110,1)
10,3: (25443,23130,25443,65535)  #635A63FF  srgba(99,90,99,1)
11,3: (25443,33924,31868,65535)  #63847CFF  srgba(99,132,124,1)
12,3: (26214,18504,40863,65535)  #66489FFF  srgba(102,72,159,1)
13,3: (26214,35723,31868,65535)  #668B7CFF  srgba(102,139,124,1)
14,3: (26471,32125,37008,65535)  #677D90FF  srgba(103,125,144,1)
15,3: (26728,13107,24929,65535)  #683361FF  srgba(104,51,97,1)
0,4: (26985,31097,26728,65535)  #697968FF  srgba(105,121,104,1)
1,4: (27242,25957,39064,65535)  #6A6598FF  srgba(106,101,152,1)
2,4: (27499,16962,39578,65535)  #6B429AFF  srgba(107,66,154,1)
3,4: (27756,31097,39578,65535)  #6C799AFF  srgba(108,121,154,1)
4,4: (28270,14135,22873,65535)  #6E3759FF  srgba(110,55,89,1)
5,4: (28270,22102,22616,65535)  #6E5658FF  srgba(110,86,88,1)
6,4: (28270,35723,29041,65535)  #6E8B71FF  srgba(110,139,113,1)
7,4: (28527,7967,28013,65535)  #6F1F6DFF  srgba(111,31,109,1)
8,4: (28527,12593,39064,65535)  #6F3198FF  srgba(111,49,152,1)
9,4: (28527,30069,25186,65535)  #6F7562FF  srgba(111,117,98,1)
10,4: (28527,35209,36751,65535)  #6F898FFF  srgba(111,137,143,1)
11,4: (28784,8738,37265,65535)  #702291FF  srgba(112,34,145,1)
12,4: (28784,24415,41377,65535)  #705FA1FF  srgba(112,95,161,1)
13,4: (29041,4883,35980,65535)  #71138CFF  srgba(113,19,140,1)
14,4: (29298,10023,26214,65535)  #722766FF  srgba(114,39,102,1)
15,4: (29298,35209,27499,65535)  #72896BFF  srgba(114,137,107,1)
0,5: (29555,4369,31868,65535)  #73117CFF  srgba(115,17,124,1)
1,5: (29812,37008,31868,65535)  #74907CFF  srgba(116,144,124,1)
2,5: (30069,17990,41120,65535)  #7546A0FF  srgba(117,70,160,1)
3,5: (32896,38036,30069,65535)  #809475FF  srgba(128,148,117,1)
4,5: (33667,2056,34438,65535)  #830886FF  srgba(131,8,134,1)
5,5: (33667,4369,33410,65535)  #831182FF  srgba(131,17,130,1)
6,5: (33667,31611,25186,65535)  #837B62FF  srgba(131,123,98,1)
7,5: (33667,35723,32639,65535)  #838B7FFF  srgba(131,139,127,1)
8,5: (33924,2056,30326,65535)  #840876FF  srgba(132,8,118,1)
9,5: (33924,8481,35980,65535)  #84218CFF  srgba(132,33,140,1)
10,5: (33924,15934,39835,65535)  #843E9BFF  srgba(132,62,155,1)
11,5: (33924,37779,35723,65535)  #84938BFF  srgba(132,147,139,1)
12,5: (34181,16191,41120,65535)  #853FA0FF  srgba(133,63,160,1)
13,5: (34181,23644,23901,65535)  #855C5DFF  srgba(133,92,93,1)
14,5: (34438,7967,25957,65535)  #861F65FF  srgba(134,31,101,1)
15,5: (34695,12593,40092,65535)  #87319CFF  srgba(135,49,156,1)
0,6: (34695,16705,24158,65535)  #87415EFF  srgba(135,65,94,1)
1,6: (34695,18504,21331,65535)  #874853FF  srgba(135,72,83,1)
2,6: (34695,37522,27499,65535)  #87926BFF  srgba(135,146,107,1)
3,6: (35466,36751,25700,65535)  #8A8F64FF  srgba(138,143,100,1)
4,6: (35723,25443,21588,65535)  #8B6354FF  srgba(139,99,84,1)
5,6: (35980,2570,26728,65535)  #8C0A68FF  srgba(140,10,104,1)
6,6: (36237,34438,37522,65535)  #8D8692FF  srgba(141,134,146,1)
7,6: (36237,38293,30069,65535)  #8D9575FF  srgba(141,149,117,1)
8,6: (36494,24158,42148,65535)  #8E5EA4FF  srgba(142,94,164,1)
9,6: (36494,24929,39835,65535)  #8E619BFF  srgba(142,97,155,1)
10,6: (36751,23901,19532,65535)  #8F5D4CFF  srgba(143,93,76,1)
11,6: (37008,27499,38036,65535)  #906B94FF  srgba(144,107,148,1)
12,6: (37008,30069,40349,65535)  #90759DFF  srgba(144,117,157,1)
13,6: (37265,18761,31097,65535)  #914979FF  srgba(145,73,121,1)
14,6: (37522,2313,33667,65535)  #920983FF  srgba(146,9,131,1)
15,6: (37522,35980,39835,65535)  #928C9BFF  srgba(146,140,155,1)
0,7: (37779,7710,36237,65535)  #931E8DFF  srgba(147,30,141,1)
1,7: (37779,18761,36237,65535)  #93498DFF  srgba(147,73,141,1)
2,7: (38036,25957,33153,65535)  #946581FF  srgba(148,101,129,1)
3,7: (38293,10794,39835,65535)  #952A9BFF  srgba(149,42,155,1)
4,7: (38293,38293,36494,65535)  #95958EFF  srgba(149,149,142,1)
5,7: (38550,11051,22873,65535)  #962B59FF  srgba(150,43,89,1)
6,7: (38550,14906,39835,65535)  #963A9BFF  srgba(150,58,155,1)
7,7: (38807,6939,39578,65535)  #971B9AFF  srgba(151,27,154,1)
8,7: (38807,34952,33410,65535)  #978882FF  srgba(151,136,130,1)
9,7: (39064,15163,41120,65535)  #983BA0FF  srgba(152,59,160,1)
10,7: (39321,24415,24672,65535)  #995F60FF  srgba(153,95,96,1)
11,7: (39321,31354,23901,65535)  #997A5DFF  srgba(153,122,93,1)
12,7: (39835,5397,23130,65535)  #9B155AFF  srgba(155,21,90,1)
13,7: (40092,17990,18761,65535)  #9C4649FF  srgba(156,70,73,1)
14,7: (40349,38550,26214,65535)  #9D9666FF  srgba(157,150,102,1)
15,7: (40606,16191,24672,65535)  #9E3F60FF  srgba(158,63,96,1)
0,8: (40863,7453,25443,65535)  #9F1D63FF  srgba(159,29,99,1)
1,8: (40863,12850,40349,65535)  #9F329DFF  srgba(159,50,157,1)
2,8: (40863,16191,21074,65535)  #9F3F52FF  srgba(159,63,82,1)
3,8: (41120,35466,23901,65535)  #A08A5DFF  srgba(160,138,93,1)
4,8: (41377,28784,21588,65535)  #A17054FF  srgba(161,112,84,1)
5,8: (41634,26728,19532,65535)  #A2684CFF  srgba(162,104,76,1)
6,8: (41634,38807,24158,65535)  #A2975EFF  srgba(162,151,94,1)
7,8: (42405,1799,25957,65535)  #A50765FF  srgba(165,7,101,1)
8,8: (42662,9509,21074,65535)  #A62552FF  srgba(166,37,82,1)
9,8: (42919,2313,32639,65535)  #A7097FFF  srgba(167,9,127,1)
10,8: (43176,14906,40092,65535)  #A83A9CFF  srgba(168,58,156,1)
11,8: (43433,8224,38293,65535)  #A92095FF  srgba(169,32,149,1)
12,8: (43433,26471,39835,65535)  #A9679BFF  srgba(169,103,155,1)
13,8: (43690,3084,37522,65535)  #AA0C92FF  srgba(170,12,146,1)
14,8: (43690,8481,34438,65535)  #AA2186FF  srgba(170,33,134,1)
15,8: (43690,21588,41634,65535)  #AA54A2FF  srgba(170,84,162,1)
0,9: (44204,30326,39835,65535)  #AC769BFF  srgba(172,118,155,1)
1,9: (44461,38807,34695,65535)  #AD9787FF  srgba(173,151,135,1)
2,9: (44718,18761,33924,65535)  #AE4984FF  srgba(174,73,132,1)
3,9: (44718,29812,41634,65535)  #AE74A2FF  srgba(174,116,162,1)
4,9: (44718,35980,34695,65535)  #AE8C87FF  srgba(174,140,135,1)
5,9: (44975,27499,34695,65535)  #AF6B87FF  srgba(175,107,135,1)
6,9: (45232,36494,39321,65535)  #B08E99FF  srgba(176,142,153,1)
7,9: (45489,12593,40606,65535)  #B1319EFF  srgba(177,49,158,1)
8,9: (45489,18761,18761,65535)  #B14949FF  srgba(177,73,73,1)
9,9: (45746,6682,40092,65535)  #B21A9CFF  srgba(178,26,156,1)
10,9: (45746,10537,40606,65535)  #B2299EFF  srgba(178,41,158,1)
11,9: (45746,31868,38036,65535)  #B27C94FF  srgba(178,124,148,1)
12,9: (45746,36494,41634,65535)  #B28EA2FF  srgba(178,142,162,1)
13,9: (46003,30069,19789,65535)  #B3754DFF  srgba(179,117,77,1)
14,9: (46003,32125,33924,65535)  #B37D84FF  srgba(179,125,132,1)
15,9: (46260,6168,22873,65535)  #B41859FF  srgba(180,24,89,1)
0,10: (46260,14392,19018,65535)  #B4384AFF  srgba(180,56,74,1)
1,10: (46517,10280,19789,65535)  #B5284DFF  srgba(181,40,77,1)
2,10: (47288,10537,17990,65535)  #B82946FF  srgba(184,41,70,1)
3,10: (47288,15934,24158,65535)  #B83E5EFF  srgba(184,62,94,1)
4,10: (47288,27756,24415,65535)  #B86C5FFF  srgba(184,108,95,1)
5,10: (47545,1285,25700,65535)  #B90564FF  srgba(185,5,100,1)
6,10: (47545,35980,23130,65535)  #B98C5AFF  srgba(185,140,90,1)
7,10: (47545,39321,23901,65535)  #B9995DFF  srgba(185,153,93,1)
8,10: (47802,7453,25186,65535)  #BA1D62FF  srgba(186,29,98,1)
9,10: (47802,28013,40092,65535)  #BA6D9CFF  srgba(186,109,156,1)
10,10: (48059,23130,44461,65535)  #BB5AADFF  srgba(187,90,173,1)
11,10: (48573,8995,20817,65535)  #BD2351FF  srgba(189,35,81,1)
12,10: (49087,26471,41891,65535)  #BF67A3FF  srgba(191,103,163,1)
13,10: (49087,31611,23387,65535)  #BF7B5BFF  srgba(191,123,91,1)
14,10: (49344,30583,44204,65535)  #C077ACFF  srgba(192,119,172,1)
15,10: (49858,29041,20303,65535)  #C2714FFF  srgba(194,113,79,1)
0,11: (50372,13878,18504,65535)  #C43648FF  srgba(196,54,72,1)
1,11: (50629,3598,25186,65535)  #C50E62FF  srgba(197,14,98,1)
2,11: (50629,11051,41120,65535)  #C52BA0FF  srgba(197,43,160,1)
3,11: (50886,26471,17733,65535)  #C66745FF  srgba(198,103,69,1)
4,11: (51143,10537,39835,65535)  #C7299BFF  srgba(199,41,155,1)
5,11: (51143,31868,39835,65535)  #C77C9BFF  srgba(199,124,155,1)
6,11: (51400,34952,19532,65535)  #C8884CFF  srgba(200,136,76,1)
7,11: (51657,7453,41120,65535)  #C91DA0FF  srgba(201,29,160,1)
8,11: (51914,1542,25443,65535)  #CA0663FF  srgba(202,6,99,1)
9,11: (52171,2827,23130,65535)  #CB0B5AFF  srgba(203,11,90,1)
10,11: (52171,4112,38293,65535)  #CB1095FF  srgba(203,16,149,1)
11,11: (52171,9766,42662,65535)  #CB26A6FF  srgba(203,38,166,1)
12,11: (52171,29555,33924,65535)  #CB7384FF  srgba(203,115,132,1)
13,11: (52171,32896,35723,65535)  #CB808BFF  srgba(203,128,139,1)
14,11: (52428,3855,33667,65535)  #CC0F83FF  srgba(204,15,131,1)
15,11: (52428,5654,39835,65535)  #CC169BFF  srgba(204,22,155,1)
0,12: (52428,7196,22873,65535)  #CC1C59FF  srgba(204,28,89,1)
1,12: (52685,31354,41891,65535)  #CD7AA3FF  srgba(205,122,163,1)
2,12: (53199,8224,20560,65535)  #CF2050FF  srgba(207,32,80,1)
3,12: (53199,10280,17990,65535)  #CF2846FF  srgba(207,40,70,1)
4,12: (53199,35466,36237,65535)  #CF8A8DFF  srgba(207,138,141,1)
5,12: (53199,35723,39321,65535)  #CF8B99FF  srgba(207,139,153,1)
6,12: (53199,35980,41891,65535)  #CF8CA3FF  srgba(207,140,163,1)
7,12: (53199,37779,36237,65535)  #CF938DFF  srgba(207,147,141,1)
8,12: (53199,39064,20303,65535)  #CF984FFF  srgba(207,152,79,1)
9,12: (53456,10537,34438,65535)  #D02986FF  srgba(208,41,134,1)
10,12: (53713,7453,25443,65535)  #D11D63FF  srgba(209,29,99,1)
11,12: (53970,39578,23387,65535)  #D29A5BFF  srgba(210,154,91,1)
12,12: (55255,20046,33410,65535)  #D74E82FF  srgba(215,78,130,1)
13,12: (55769,5911,42919,65535)  #D917A7FF  srgba(217,23,167,1)
14,12: (56540,7710,23644,65535)  #DC1E5CFF  srgba(220,30,92,1)
15,12: (56797,7453,21074,65535)  #DD1D52FF  srgba(221,29,82,1)
0,13: (57311,7196,41120,65535)  #DF1CA0FF  srgba(223,28,160,1)
1,13: (57311,35723,24415,65535)  #DF8B5FFF  srgba(223,139,95,1)
2,13: (58082,1285,24415,65535)  #E2055FFF  srgba(226,5,95,1)
3,13: (58082,24158,39835,65535)  #E25E9BFF  srgba(226,94,155,1)
4,13: (58596,4112,23901,65535)  #E4105DFF  srgba(228,16,93,1)
5,13: (58596,7710,18247,65535)  #E41E47FF  srgba(228,30,71,1)
6,13: (58853,7196,19532,65535)  #E51C4CFF  srgba(229,28,76,1)
7,13: (58853,8224,16448,65535)  #E52040FF  srgba(229,32,64,1)
8,13: (59110,39064,19275,65535)  #E6984BFF  srgba(230,152,75,1)
9,13: (59624,8738,32639,65535)  #E8227FFF  srgba(232,34,127,1)
10,13: (59624,33153,33410,65535)  #E88182FF  srgba(232,129,130,1)
11,13: (59881,35466,18504,65535)  #E98A48FF  srgba(233,138,72,1)
12,13: (60138,6425,38807,65535)  #EA1997FF  srgba(234,25,151,1)
13,13: (60395,7196,24158,65535)  #EB1C5EFF  srgba(235,28,94,1)
14,13: (60652,6168,20817,65535)  #EC1851FF  srgba(236,24,81,1)
15,13: (60652,36751,37522,65535)  #EC8F92FF  srgba(236,143,146,1)
0,14: (60909,3341,41120,65535)  #ED0DA0FF  srgba(237,13,160,1)
1,14: (61680,2056,21074,65535)  #F00852FF  srgba(240,8,82,1)
2,14: (61680,22873,17219,65535)  #F05943FF  srgba(240,89,67,1)
3,14: (61680,37522,39578,65535)  #F0929AFF  srgba(240,146,154,1)
4,14: (61937,2570,39064,65535)  #F10A98FF  srgba(241,10,152,1)
5,14: (61937,4112,42405,65535)  #F110A5FF  srgba(241,16,165,1)
6,14: (61937,5397,32639,65535)  #F1157FFF  srgba(241,21,127,1)
7,14: (61937,22616,41891,65535)  #F158A3FF  srgba(241,88,163,1)
8,14: (61937,23901,20303,65535)  #F15D4FFF  srgba(241,93,79,1)
9,14: (62194,31097,24929,65535)  #F27961FF  srgba(242,121,97,1)
10,14: (62194,36494,32125,65535)  #F28E7DFF  srgba(242,142,125,1)
11,14: (62194,37265,41377,65535)  #F291A1FF  srgba(242,145,161,1)
12,14: (62708,1028,24158,65535)  #F4045EFF  srgba(244,4,94,1)
13,14: (62708,2827,16705,65535)  #F40B41FF  srgba(244,11,65,1)
14,14: (62708,3598,44461,65535)  #F40EADFF  srgba(244,14,173,1)
15,14: (62708,20303,24929,65535)  #F44F61FF  srgba(244,79,97,1)
0,15: (62708,39321,35723,65535)  #F4998BFF  srgba(244,153,139,1)
1,15: (62965,39064,23901,65535)  #F5985DFF  srgba(245,152,93,1)
2,15: (63222,2827,18247,65535)  #F60B47FF  srgba(246,11,71,1)
3,15: (63479,2313,32639,65535)  #F7097FFF  srgba(247,9,127,1)
4,15: (63479,28784,32125,65535)  #F7707DFF  srgba(247,112,125,1)
5,15: (63479,36237,44461,65535)  #F78DADFF  srgba(247,141,173,1)
6,15: (63736,2056,19532,65535)  #F8084CFF  srgba(248,8,76,1)
7,15: (64250,3598,24158,65535)  #FA0E5EFF  srgba(250,14,94,1)
8,15: (64250,25700,44204,65535)  #FA64ACFF  srgba(250,100,172,1)
9,15: (64250,39578,18504,65535)  #FA9A48FF  srgba(250,154,72,1)
10,15: (64507,20560,32639,65535)  #FB507FFF  srgba(251,80,127,1)
11,15: (64764,26471,48316,65535)  #FC67BCFF  srgba(252,103,188,1)
12,15: (64764,35723,24672,65535)  #FC8B60FF  srgba(252,139,96,1)
13,15: (65021,1028,24158,65535)  #FD045EFF  srgba(253,4,94,1)
14,15: (65278,1285,20817,65535)  #FE0551FF  srgba(254,5,81,1)
15,15: (0,65535,0,0)  #00FF0000  srgba(0,255,0,0)
