# ImageMagick pixel enumeration: 16,16,65535,srgba
0,0: (4369,6939,9252,65535)  #111B24FF  srgba(17,27,36,1)
1,0: (4369,6939,10537,65535)  #111B29FF  srgba(17,27,41,1)
2,0: (4369,7196,9252,65535)  #111C24FF  srgba(17,28,36,1)
3,0: (4369,7453,3598,65535)  #111D0EFF  srgba(17,29,14,1)
4,0: (4369,7710,1799,65535)  #111E07FF  srgba(17,30,7,1)
5,0: (4626,6939,12079,65535)  #121B2FFF  srgba(18,27,47,1)
6,0: (4626,7196,7710,65535)  #121C1EFF  srgba(18,28,30,1)
7,0: (4626,7453,5911,65535)  #121D17FF  srgba(18,29,23,1)
8,0: (4626,7710,0,65535)  #121E00FF  srgba(18,30,0,1)
9,0: (4626,7967,5140,65535)  #121F14FF  srgba(18,31,20,1)
10,0: (4883,7196,14135,65535)  #131C37FF  srgba(19,28,55,1)
11,0: (4883,7453,4883,65535)  #131D13FF  srgba(19,29,19,1)
12,0: (4883,7710,6682,65535)  #131E1AFF  srgba(19,30,26,1)
13,0: (4883,7967,1542,65535)  #131F06FF  srgba(19,31,6,1)
14,0: (4883,7967,3341,65535)  #131F0DFF  srgba(19,31,13,1)
15,0: (4883,7967,10280,65535)  #131F28FF  srgba(19,31,40,1)
0,1: (5140,7453,3598,65535)  #141D0EFF  srgba(20,29,14,1)
1,1: (5140,7710,1799,65535)  #141E07FF  srgba(20,30,7,1)
2,1: (5140,7967,8995,65535)  #141F23FF  srgba(20,31,35,1)
3,1: (5140,7967,12079,65535)  #141F2FFF  srgba(20,31,47,1)
4,1: (5140,7967,14392,65535)  #141F38FF  srgba(20,31,56,1)
5,1: (5140,8224,0,65535)  #142000FF  srgba(20,32,0,1)
6,1: (5140,8224,1028,65535)  #142004FF  srgba(20,32,4,1)
7,1: (5140,8224,7453,65535)  #14201DFF  srgba(20,32,29,1)
8,1: (5140,8481,3084,65535)  #14210CFF  srgba(20,33,12,1)
9,1: (5140,8481,4883,65535)  #142113FF  srgba(20,33,19,1)
10,1: (5140,8738,0,65535)  #142200FF  srgba(20,34,0,1)
11,1: (5397,8224,257,65535)  #152001FF  srgba(21,32,1,1)
12,1: (5911,7967,12593,65535)  #171F31FF  srgba(23,31,49,1)
13,1: (5911,7967,14906,65535)  #171F3AFF  srgba(23,31,58,1)
14,1: (5911,8224,9766,65535)  #172026FF  srgba(23,32,38,1)
15,1: (5911,8481,4112,65535)  #172110FF  srgba(23,33,16,1)
0,2: (5911,8481,7196,65535)  #17211CFF  srgba(23,33,28,1)
1,2: (5911,8481,16448,65535)  #172140FF  srgba(23,33,64,1)
2,2: (6168,8738,1028,65535)  #182204FF  srgba(24,34,4,1)
3,2: (6168,8738,2827,65535)  #18220BFF  srgba(24,34,11,1)
4,2: (6168,8738,5397,65535)  #182215FF  srgba(24,34,21,1)
5,2: (6168,8738,11565,65535)  #18222DFF  srgba(24,34,45,1)
6,2: (6168,8738,13621,65535)  #182235FF  srgba(24,34,53,1)
7,2: (6168,8995,9509,65535)  #182325FF  srgba(24,35,37,1)
8,2: (6168,9252,0,65535)  #182400FF  srgba(24,36,0,1)
9,2: (6168,9252,4883,65535)  #182413FF  srgba(24,36,19,1)
10,2: (6168,9252,6682,65535)  #18241AFF  srgba(24,36,26,1)
11,2: (6168,9509,0,65535)  #182500FF  srgba(24,37,0,1)
12,2: (6168,9509,2827,65535)  #18250BFF  srgba(24,37,11,1)
13,2: (6425,9509,771,65535)  #192503FF  srgba(25,37,3,1)
14,2: (6939,8995,5397,65535)  #1B2315FF  srgba(27,35,21,1)
15,2: (6939,9766,771,65535)  #1B2603FF  srgba(27,38,3,1)
0,3: (7196,8738,9252,65535)  #1C2224FF  srgba(28,34,36,1)
1,3: (7196,8995,16705,65535)  #1C2341FF  srgba(28,35,65,1)
2,3: (7453,8995,14392,65535)  #1D2338FF  srgba(29,35,56,1)
3,3: (7710,8995,12079,65535)  #1E232FFF  srgba(30,35,47,1)
4,3: (7710,10280,9252,65535)  #1E2824FF  srgba(30,40,36,1)
5,3: (8481,10537,5654,65535)  #212916FF  srgba(33,41,22,1)
6,3: (8738,10537,9252,65535)  #222924FF  srgba(34,41,36,1)
7,3: (8738,10794,514,65535)  #222A02FF  srgba(34,42,2,1)
8,3: (8738,10794,13878,65535)  #222A36FF  srgba(34,42,54,1)
9,3: (8738,11051,11822,65535)  #222B2EFF  srgba(34,43,46,1)
10,3: (9252,11308,16448,65535)  #242C40FF  srgba(36,44,64,1)
11,3: (9766,11308,9509,65535)  #262C25FF  srgba(38,44,37,1)
12,3: (10023,12336,514,65535)  #273002FF  srgba(39,48,2,1)
13,3: (10023,12336,8738,65535)  #273022FF  srgba(39,48,34,1)
14,3: (10280,12593,5911,65535)  #283117FF  srgba(40,49,23,1)
15,3: (10537,11822,12079,65535)  #292E2FFF  srgba(41,46,47,1)
0,4: (10537,11822,14135,65535)  #292E37FF  srgba(41,46,55,1)
1,4: (10537,12593,10280,65535)  #293128FF  srgba(41,49,40,1)
2,4: (11822,13621,11822,65535)  #2E352EFF  srgba(46,53,46,1)
3,4: (11822,13621,14135,65535)  #2E3537FF  srgba(46,53,55,1)
4,4: (12336,13621,10280,65535)  #303528FF  srgba(48,53,40,1)
5,4: (12336,14135,8738,65535)  #303722FF  srgba(48,55,34,1)
6,4: (12593,13878,257,65535)  #313601FF  srgba(49,54,1,1)
7,4: (12593,14392,4883,65535)  #313813FF  srgba(49,56,19,1)
8,4: (12850,14135,16705,65535)  #323741FF  srgba(50,55,65,1)
9,4: (13364,14649,12079,65535)  #34392FFF  srgba(52,57,47,1)
10,4: (13364,15420,10280,65535)  #343C28FF  srgba(52,60,40,1)
11,4: (13621,14649,14135,65535)  #353937FF  srgba(53,57,55,1)
12,4: (13878,15934,12850,65535)  #363E32FF  srgba(54,62,50,1)
13,4: (15420,16448,9252,65535)  #3C4024FF  srgba(60,64,36,1)
14,4: (15420,16448,11308,65535)  #3C402CFF  srgba(60,64,44,1)
15,4: (15420,16705,14392,65535)  #3C4138FF  srgba(60,65,56,1)
0,5: (15677,16448,1285,65535)  #3D4005FF  srgba(61,64,5,1)
1,5: (15677,16705,12593,65535)  #3D4131FF  srgba(61,65,49,1)
2,5: (16191,17476,16191,65535)  #3F443FFF  srgba(63,68,63,1)
3,5: (16191,17733,17990,65535)  #3F4546FF  srgba(63,69,70,1)
4,5: (16962,17733,14392,65535)  #424538FF  srgba(66,69,56,1)
5,5: (17990,18761,12336,65535)  #464930FF  srgba(70,73,48,1)
6,5: (18247,19275,14392,65535)  #474B38FF  srgba(71,75,56,1)
7,5: (18761,19018,11051,65535)  #494A2BFF  srgba(73,74,43,1)
8,5: (19018,19532,514,65535)  #4A4C02FF  srgba(74,76,2,1)
9,5: (19275,19532,5911,65535)  #4B4C17FF  srgba(75,76,23,1)
10,5: (20046,20303,14392,65535)  #4E4F38FF  srgba(78,79,56,1)
11,5: (20046,20303,16191,65535)  #4E4F3FFF  srgba(78,79,63,1)
12,5: (20046,20817,18504,65535)  #4E5148FF  srgba(78,81,72,1)
13,5: (21074,20560,12336,65535)  #525030FF  srgba(82,80,48,1)
14,5: (22616,22102,14392,65535)  #585638FF  srgba(88,86,56,1)
15,5: (23130,22873,771,65535)  #5A5903FF  srgba(90,89,3,1)
0,6: (23387,22616,10537,65535)  #5B5829FF  srgba(91,88,41,1)
1,6: (23387,24158,19532,65535)  #5B5E4CFF  srgba(91,94,76,1)
2,6: (23644,23130,12336,65535)  #5C5A30FF  srgba(92,90,48,1)
3,6: (23644,23901,16448,65535)  #5C5D40FF  srgba(92,93,64,1)
4,6: (23901,23130,5140,65535)  #5D5A14FF  srgba(93,90,20,1)
5,6: (24672,24415,14649,65535)  #605F39FF  srgba(96,95,57,1)
6,6: (26214,25443,14649,65535)  #666339FF  srgba(102,99,57,1)
7,6: (26471,25700,16448,65535)  #676440FF  srgba(103,100,64,1)
8,6: (26985,25700,12850,65535)  #696432FF  srgba(105,100,50,1)
9,6: (27756,26728,4369,65535)  #6C6811FF  srgba(108,104,17,1)
10,6: (28270,28013,18761,65535)  #6E6D49FF  srgba(110,109,73,1)
11,6: (28527,26728,10794,65535)  #6F682AFF  srgba(111,104,42,1)
12,6: (28527,28784,21588,65535)  #6F7054FF  srgba(111,112,84,1)
13,6: (28784,27242,14649,65535)  #706A39FF  srgba(112,106,57,1)
14,6: (29041,28270,16705,65535)  #716E41FF  srgba(113,110,65,1)
15,6: (29812,27756,12850,65535)  #746C32FF  srgba(116,108,50,1)
0,7: (31611,30583,4883,65535)  #7B7713FF  srgba(123,119,19,1)
1,7: (32125,30326,14135,65535)  #7D7637FF  srgba(125,118,55,1)
2,7: (32125,30583,9509,65535)  #7D7725FF  srgba(125,119,37,1)
3,7: (32639,31354,17219,65535)  #7F7A43FF  srgba(127,122,67,1)
4,7: (32639,32125,21074,65535)  #7F7D52FF  srgba(127,125,82,1)
5,7: (32896,30583,11565,65535)  #80772DFF  srgba(128,119,45,1)
6,7: (35209,32382,8481,65535)  #897E21FF  srgba(137,126,33,1)
7,7: (35209,34181,21074,65535)  #898552FF  srgba(137,133,82,1)
8,7: (35466,32639,13878,65535)  #8A7F36FF  srgba(138,127,54,1)
9,7: (35723,33667,17476,65535)  #8B8344FF  srgba(139,131,68,1)
10,7: (36751,33924,11565,65535)  #8F842DFF  srgba(143,132,45,1)
11,7: (37008,34695,8995,65535)  #908723FF  srgba(144,135,35,1)
12,7: (37779,35209,14135,65535)  #938937FF  srgba(147,137,55,1)
13,7: (37779,36237,18247,65535)  #938D47FF  srgba(147,141,71,1)
14,7: (38293,37008,23130,65535)  #95905AFF  srgba(149,144,90,1)
15,7: (38550,37008,20817,65535)  #969051FF  srgba(150,144,81,1)
0,8: (39835,37522,18247,65535)  #9B9247FF  srgba(155,146,71,1)
1,8: (41120,37265,11565,65535)  #A0912DFF  srgba(160,145,45,1)
2,8: (41120,37779,14392,65535)  #A09338FF  srgba(160,147,56,1)
3,8: (42148,39578,17990,65535)  #A49A46FF  srgba(164,154,70,1)
4,8: (42148,39835,21588,65535)  #A49B54FF  srgba(164,155,84,1)
5,8: (43947,40863,13878,65535)  #AB9F36FF  srgba(171,159,54,1)
6,8: (44975,41377,18504,65535)  #AFA148FF  srgba(175,161,72,1)
7,8: (46003,42919,21074,65535)  #B3A752FF  srgba(179,167,82,1)
8,8: (46003,43176,18504,65535)  #B3A848FF  srgba(179,168,72,1)
9,8: (46260,43433,23130,65535)  #B4A95AFF  srgba(180,169,90,1)
10,8: (46517,43433,22102,65535)  #B5A956FF  srgba(181,169,86,1)
11,8: (47545,43433,14392,65535)  #B9A938FF  srgba(185,169,56,1)
12,8: (47802,43947,18504,65535)  #BAAB48FF  srgba(186,171,72,1)
13,8: (48573,45232,24929,65535)  #BDB061FF  srgba(189,176,97,1)
14,8: (49344,44718,18761,65535)  #C0AE49FF  srgba(192,174,73,1)
15,8: (49601,44975,21074,65535)  #C1AF52FF  srgba(193,175,82,1)
0,9: (49601,46003,18504,65535)  #C1B348FF  srgba(193,179,72,1)
1,9: (50629,46260,23130,65535)  #C5B45AFF  srgba(197,180,90,1)
2,9: (50629,46517,18504,65535)  #C5B548FF  srgba(197,181,72,1)
3,9: (50886,46003,22359,65535)  #C6B357FF  srgba(198,179,87,1)
4,9: (51400,47031,21074,65535)  #C8B752FF  srgba(200,183,82,1)
5,9: (51400,48059,25443,65535)  #C8BB63FF  srgba(200,187,99,1)
6,9: (51657,47802,28784,65535)  #C9BA70FF  srgba(201,186,112,1)
7,9: (51914,47031,18504,65535)  #CAB748FF  srgba(202,183,72,1)
8,9: (51914,47545,22359,65535)  #CAB957FF  srgba(202,185,87,1)
9,9: (51914,47802,23387,65535)  #CABA5BFF  srgba(202,186,91,1)
10,9: (52171,48059,17990,65535)  #CBBB46FF  srgba(203,187,70,1)
11,9: (52171,48059,34695,65535)  #CBBB87FF  srgba(203,187,135,1)
12,9: (52685,48059,14906,65535)  #CDBB3AFF  srgba(205,187,58,1)
13,9: (53199,47802,22359,65535)  #CFBA57FF  srgba(207,186,87,1)
14,9: (53456,48316,18761,65535)  #D0BC49FF  srgba(208,188,73,1)
15,9: (53713,48316,24672,65535)  #D1BC60FF  srgba(209,188,96,1)
0,10: (53713,48316,26214,65535)  #D1BC66FF  srgba(209,188,102,1)
1,10: (53713,48316,28270,65535)  #D1BC6EFF  srgba(209,188,110,1)
2,10: (53713,48316,48573,65535)  #D1BCBDFF  srgba(209,188,189,1)
3,10: (53713,48573,16705,65535)  #D1BD41FF  srgba(209,189,65,1)
4,10: (53713,48573,42919,65535)  #D1BDA7FF  srgba(209,189,167,1)
5,10: (53713,48830,25957,65535)  #D1BE65FF  srgba(209,190,101,1)
6,10: (53713,49344,16705,65535)  #D1C041FF  srgba(209,192,65,1)
7,10: (53713,49344,22102,65535)  #D1C056FF  srgba(209,192,86,1)
8,10: (53970,48573,22873,65535)  #D2BD59FF  srgba(210,189,89,1)
9,10: (53970,48573,34181,65535)  #D2BD85FF  srgba(210,189,133,1)
10,10: (53970,48830,22359,65535)  #D2BE57FF  srgba(210,190,87,1)
11,10: (53970,48830,29041,65535)  #D2BE71FF  srgba(210,190,113,1)
12,10: (53970,48830,39321,65535)  #D2BE99FF  srgba(210,190,153,1)
13,10: (53970,49344,19789,65535)  #D2C04DFF  srgba(210,192,77,1)
14,10: (53970,49344,24929,65535)  #D2C061FF  srgba(210,192,97,1)
15,10: (54227,48059,30840,65535)  #D3BB78FF  srgba(211,187,120,1)
0,11: (54227,48573,32125,65535)  #D3BD7DFF  srgba(211,189,125,1)
1,11: (54227,49344,14906,65535)  #D3C03AFF  srgba(211,192,58,1)
2,11: (54484,48059,33410,65535)  #D4BB82FF  srgba(212,187,130,1)
3,11: (54484,48316,31868,65535)  #D4BC7CFF  srgba(212,188,124,1)
4,11: (54484,48573,14906,65535)  #D4BD3AFF  srgba(212,189,58,1)
5,11: (54484,48573,25957,65535)  #D4BD65FF  srgba(212,189,101,1)
6,11: (54484,48573,28784,65535)  #D4BD70FF  srgba(212,189,112,1)
7,11: (54484,48573,30326,65535)  #D4BD76FF  srgba(212,189,118,1)
8,11: (54484,48573,31611,65535)  #D4BD7BFF  srgba(212,189,123,1)
9,11: (54484,48573,35209,65535)  #D4BD89FF  srgba(212,189,137,1)
10,11: (54484,48830,21331,65535)  #D4BE53FF  srgba(212,190,83,1)
11,11: (54484,48830,23130,65535)  #D4BE5AFF  srgba(212,190,90,1)
12,11: (54484,48830,24672,65535)  #D4BE60FF  srgba(212,190,96,1)
13,11: (54484,48830,37522,65535)  #D4BE92FF  srgba(212,190,146,1)
14,11: (54484,49087,17733,65535)  #D4BF45FF  srgba(212,191,69,1)
15,11: (54484,49087,19275,65535)  #D4BF4BFF  srgba(212,191,75,1)
0,12: (54484,49087,29041,65535)  #D4BF71FF  srgba(212,191,113,1)
1,12: (54484,49344,20560,65535)  #D4C050FF  srgba(212,192,80,1)
2,12: (54484,49344,22873,65535)  #D4C059FF  srgba(212,192,89,1)
3,12: (54484,49344,25957,65535)  #D4C065FF  srgba(212,192,101,1)
4,12: (54484,49601,16705,65535)  #D4C141FF  srgba(212,193,65,1)
5,12: (54484,49601,18761,65535)  #D4C149FF  srgba(212,193,73,1)
6,12: (54741,47545,64250,65535)  #D5B9FAFF  srgba(213,185,250,1)
7,12: (54741,48059,44975,65535)  #D5BBAFFF  srgba(213,187,175,1)
8,12: (54741,48059,60652,65535)  #D5BBECFF  srgba(213,187,236,1)
9,12: (54741,48316,41891,65535)  #D5BCA3FF  srgba(213,188,163,1)
10,12: (54741,48316,47802,65535)  #D5BCBAFF  srgba(213,188,186,1)
11,12: (54741,48316,50115,65535)  #D5BCC3FF  srgba(213,188,195,1)
12,12: (54741,48316,52942,65535)  #D5BCCEFF  srgba(213,188,206,1)
13,12: (54741,48316,56540,65535)  #D5BCDCFF  srgba(213,188,220,1)
14,12: (54741,48573,39064,65535)  #D5BD98FF  srgba(213,189,152,1)
15,12: (54741,48573,41377,65535)  #D5BDA1FF  srgba(213,189,161,1)
0,13: (54741,48573,44461,65535)  #D5BDADFF  srgba(213,189,173,1)
1,13: (54998,48316,29812,65535)  #D6BC74FF  srgba(214,188,116,1)
2,13: (54998,48573,27499,65535)  #D6BD6BFF  srgba(214,189,107,1)
3,13: (54998,48830,22616,65535)  #D6BE58FF  srgba(214,190,88,1)
4,13: (54998,48830,24672,65535)  #D6BE60FF  srgba(214,190,96,1)
5,13: (54998,49087,17990,65535)  #D6BF46FF  srgba(214,191,70,1)
6,13: (54998,49087,26728,65535)  #D6BF68FF  srgba(214,191,104,1)
7,13: (54998,49087,32382,65535)  #D6BF7EFF  srgba(214,191,126,1)
8,13: (54998,49087,33924,65535)  #D6BF84FF  srgba(214,191,132,1)
9,13: (54998,49344,20560,65535)  #D6C050FF  srgba(214,192,80,1)
10,13: (54998,49344,22359,65535)  #D6C057FF  srgba(214,192,87,1)
11,13: (54998,49344,24415,65535)  #D6C05FFF  srgba(214,192,95,1)
12,13: (55255,48059,41377,65535)  #D7BBA1FF  srgba(215,187,161,1)
13,13: (55255,48059,43433,65535)  #D7BBA9FF  srgba(215,187,169,1)
14,13: (55255,48059,45489,65535)  #D7BBB1FF  srgba(215,187,177,1)
15,13: (55255,48316,32382,65535)  #D7BC7EFF  srgba(215,188,126,1)
0,14: (55255,48316,35980,65535)  #D7BC8CFF  srgba(215,188,140,1)
1,14: (55255,48316,38807,65535)  #D7BC97FF  srgba(215,188,151,1)
2,14: (55255,48573,34181,65535)  #D7BD85FF  srgba(215,189,133,1)
3,14: (55255,48573,38036,65535)  #D7BD94FF  srgba(215,189,148,1)
4,14: (55255,48573,41120,65535)  #D7BDA0FF  srgba(215,189,160,1)
5,14: (55255,48573,42919,65535)  #D7BDA7FF  srgba(215,189,167,1)
6,14: (55255,48830,35723,65535)  #D7BE8BFF  srgba(215,190,139,1)
7,14: (55255,49087,29812,65535)  #D7BF74FF  srgba(215,191,116,1)
8,14: (55255,49858,17476,65535)  #D7C244FF  srgba(215,194,68,1)
9,14: (55512,47545,62708,65535)  #D8B9F4FF  srgba(216,185,244,1)
10,14: (55512,47802,57825,65535)  #D8BAE1FF  srgba(216,186,225,1)
11,14: (55512,47802,60395,65535)  #D8BAEBFF  srgba(216,186,235,1)
12,14: (55512,48059,48316,65535)  #D8BBBCFF  srgba(216,187,188,1)
13,14: (55512,48059,58082,65535)  #D8BBE2FF  srgba(216,187,226,1)
14,14: (55512,48059,60138,65535)  #D8BBEAFF  srgba(216,187,234,1)
15,14: (55512,48573,45232,65535)  #D8BDB0FF  srgba(216,189,176,1)
0,15: (55512,48573,46774,65535)  #D8BDB6FF  srgba(216,189,182,1)
1,15: (55769,47545,64507,65535)  #D9B9FBFF  srgba(217,185,251,1)
2,15: (55769,47802,55512,65535)  #D9BAD8FF  srgba(217,186,216,1)
3,15: (55769,47802,65278,65535)  #D9BAFEFF  srgba(217,186,254,1)
4,15: (55769,48059,51400,65535)  #D9BBC8FF  srgba(217,187,200,1)
5,15: (55769,48059,52685,65535)  #D9BBCDFF  srgba(217,187,205,1)
6,15: (55769,48059,54227,65535)  #D9BBD3FF  srgba(217,187,211,1)
7,15: (55769,48059,62708,65535)  #D9BBF4FF  srgba(217,187,244,1)
8,15: (55769,48316,54484,65535)  #D9BCD4FF  srgba(217,188,212,1)
9,15: (55769,48316,56797,65535)  #D9BCDDFF  srgba(217,188,221,1)
10,15: (55769,48573,49087,65535)  #D9BDBFFF  srgba(217,189,191,1)
11,15: (55769,48573,51657,65535)  #D9BDC9FF  srgba(217,189,201,1)
12,15: (56283,48316,64507,65535)  #DBBCFBFF  srgba(219,188,251,1)
13,15: (56540,48316,65278,65535)  #DCBCFEFF  srgba(220,188,254,1)
14,15: (56797,47802,65021,65535)  #DDBAFDFF  srgba(221,186,253,1)
15,15: (0,65535,0,0)  #00FF0000  srgba(0,255,0,0)
