# ImageMagick pixel enumeration: 16,16,65535,srgba
0,0: (18247,64764,65535,65535)  #47FCFFFF  srgba(71,252,255,1)
1,0: (19275,65021,65535,65535)  #4BFDFFFF  srgba(75,253,255,1)
2,0: (19532,64250,65535,65535)  #4CFAFFFF  srgba(76,250,255,1)
3,0: (19789,64764,65535,65535)  #4DFCFFFF  srgba(77,252,255,1)
4,0: (20303,35980,65535,65535)  #4F8CFFFF  srgba(79,140,255,1)
5,0: (20560,58082,65535,65535)  #50E2FFFF  srgba(80,226,255,1)
6,0: (20560,63479,65278,65535)  #50F7FEFF  srgba(80,247,254,1)
7,0: (20560,64250,65278,65535)  #50FAFEFF  srgba(80,250,254,1)
8,0: (20817,51657,65535,65535)  #51C9FFFF  srgba(81,201,255,1)
9,0: (20817,64507,65535,65535)  #51FBFFFF  srgba(81,251,255,1)
10,0: (21074,62965,65535,65535)  #52F5FFFF  srgba(82,245,255,1)
11,0: (21074,64764,65535,65535)  #52FCFFFF  srgba(82,252,255,1)
12,0: (21331,31868,65278,65535)  #537CFEFF  srgba(83,124,254,1)
13,0: (21331,43947,65535,65535)  #53ABFFFF  srgba(83,171,255,1)
14,0: (21331,52428,65278,65535)  #53CCFEFF  srgba(83,204,254,1)
15,0: (21331,63993,65535,65535)  #53F9FFFF  srgba(83,249,255,1)
0,1: (21588,22359,65535,65535)  #5457FFFF  srgba(84,87,255,1)
1,1: (21588,28270,65535,65535)  #546EFFFF  srgba(84,110,255,1)
2,1: (21588,42148,65278,65535)  #54A4FEFF  srgba(84,164,254,1)
3,1: (21845,22359,65278,65535)  #5557FEFF  srgba(85,87,254,1)
4,1: (22359,33153,59624,65535)  #5781E8FF  srgba(87,129,232,1)
5,1: (22359,36237,65535,65535)  #578DFFFF  srgba(87,141,255,1)
6,1: (22359,63993,65535,65535)  #57F9FFFF  srgba(87,249,255,1)
7,1: (23130,62708,65535,65535)  #5AF4FFFF  srgba(90,244,255,1)
8,1: (23130,64764,65535,65535)  #5AFCFFFF  srgba(90,252,255,1)
9,1: (23387,50886,65535,65535)  #5BC6FFFF  srgba(91,198,255,1)
10,1: (23387,57311,65535,65535)  #5BDFFFFF  srgba(91,223,255,1)
11,1: (23644,35466,65535,65535)  #5C8AFFFF  srgba(92,138,255,1)
12,1: (23644,62451,65278,65535)  #5CF3FEFF  srgba(92,243,254,1)
13,1: (23901,22102,65535,65535)  #5D56FFFF  srgba(93,86,255,1)
14,1: (23901,28270,65535,65535)  #5D6EFFFF  srgba(93,110,255,1)
15,1: (23901,43176,65535,65535)  #5DA8FFFF  srgba(93,168,255,1)
0,2: (23901,63993,65535,65535)  #5DF9FFFF  srgba(93,249,255,1)
1,2: (23901,64507,65535,65535)  #5DFBFFFF  srgba(93,251,255,1)
2,2: (25186,25700,65535,65535)  #6264FFFF  srgba(98,100,255,1)
3,2: (25186,35466,65535,65535)  #628AFFFF  srgba(98,138,255,1)
4,2: (25186,43176,65535,65535)  #62A8FFFF  srgba(98,168,255,1)
5,2: (25186,44975,59881,65535)  #62AFE9FF  srgba(98,175,233,1)
6,2: (25186,52942,65535,65535)  #62CEFFFF  srgba(98,206,255,1)
7,2: (25186,62451,65535,65535)  #62F3FFFF  srgba(98,243,255,1)
8,2: (26214,64764,65535,65535)  #66FCFFFF  srgba(102,252,255,1)
9,2: (26471,25443,65535,65535)  #6763FFFF  srgba(103,99,255,1)
10,2: (26471,63993,65535,65535)  #67F9FFFF  srgba(103,249,255,1)
11,2: (26728,39321,65535,65535)  #6899FFFF  srgba(104,153,255,1)
12,2: (26728,64764,63993,65535)  #68FCF9FF  srgba(104,252,249,1)
13,2: (26728,65021,65535,65535)  #68FDFFFF  srgba(104,253,255,1)
14,2: (27242,23644,64764,65535)  #6A5CFCFF  srgba(106,92,252,1)
15,2: (27242,54998,65535,65535)  #6AD6FFFF  srgba(106,214,255,1)
0,3: (27242,62965,65535,65535)  #6AF5FFFF  srgba(106,245,255,1)
1,3: (27499,32125,64764,65535)  #6B7DFCFF  srgba(107,125,252,1)
2,3: (28270,62965,65278,65535)  #6EF5FEFF  srgba(110,245,254,1)
3,3: (28784,42148,64507,65535)  #70A4FBFF  srgba(112,164,251,1)
4,3: (29041,25700,65535,65535)  #7164FFFF  srgba(113,100,255,1)
5,3: (29298,59624,65535,65535)  #72E8FFFF  srgba(114,232,255,1)
6,3: (29555,33410,52171,65535)  #7382CBFF  srgba(115,130,203,1)
7,3: (29555,52428,64507,65535)  #73CCFBFF  srgba(115,204,251,1)
8,3: (29812,39835,65535,65535)  #749BFFFF  srgba(116,155,255,1)
9,3: (30326,62965,62965,65535)  #76F5F5FF  srgba(118,245,245,1)
10,3: (30326,65021,60395,65535)  #76FDEBFF  srgba(118,253,235,1)
11,3: (30840,45232,54741,65535)  #78B0D5FF  srgba(120,176,213,1)
12,3: (31097,29298,59881,65535)  #7972E9FF  srgba(121,114,233,1)
13,3: (31868,64764,63736,65535)  #7CFCF8FF  srgba(124,252,248,1)
14,3: (32125,47802,60138,65535)  #7DBAEAFF  srgba(125,186,234,1)
15,3: (32896,58082,65535,65535)  #80E2FFFF  srgba(128,226,255,1)
0,4: (35723,62708,61423,65535)  #8BF4EFFF  srgba(139,244,239,1)
1,4: (35980,32639,47031,65535)  #8C7FB7FF  srgba(140,127,183,1)
2,4: (35980,64764,59624,65535)  #8CFCE8FF  srgba(140,252,232,1)
3,4: (36494,23901,58596,65535)  #8E5DE4FF  srgba(142,93,228,1)
4,4: (36751,33667,58596,65535)  #8F83E4FF  srgba(143,131,228,1)
5,4: (36751,46003,50629,65535)  #8FB3C5FF  srgba(143,179,197,1)
6,4: (36751,65021,55255,65535)  #8FFDD7FF  srgba(143,253,215,1)
7,4: (37008,43690,59367,65535)  #90AAE7FF  srgba(144,170,231,1)
8,4: (37265,62708,57825,65535)  #91F4E1FF  srgba(145,244,225,1)
9,4: (37522,52942,59367,65535)  #92CEE7FF  srgba(146,206,231,1)
10,4: (38550,65021,51143,65535)  #96FDC7FF  srgba(150,253,199,1)
11,4: (39321,32382,40606,65535)  #997E9EFF  srgba(153,126,158,1)
12,4: (39321,45489,44461,65535)  #99B1ADFF  srgba(153,177,173,1)
13,4: (39578,29298,52428,65535)  #9A72CCFF  srgba(154,114,204,1)
14,4: (39578,62451,54741,65535)  #9AF3D5FF  srgba(154,243,213,1)
15,4: (40092,48316,54484,65535)  #9CBCD4FF  srgba(156,188,212,1)
0,5: (40606,65278,46260,65535)  #9EFEB4FF  srgba(158,254,180,1)
1,5: (40863,62451,50886,65535)  #9FF3C6FF  srgba(159,243,198,1)
2,5: (44461,59367,52685,65535)  #ADE7CDFF  srgba(173,231,205,1)
3,5: (44461,64507,49344,65535)  #ADFBC0FF  srgba(173,251,192,1)
4,5: (45489,29298,50115,65535)  #B172C3FF  srgba(177,114,195,1)
5,5: (46260,43947,51143,65535)  #B4ABC7FF  srgba(180,171,199,1)
6,5: (47031,30326,38293,65535)  #B77695FF  srgba(183,118,149,1)
7,5: (47802,58853,44461,65535)  #BAE5ADFF  srgba(186,229,173,1)
8,5: (48059,65021,41120,65535)  #BBFDA0FF  srgba(187,253,160,1)
9,5: (48316,30326,43690,65535)  #BC76AAFF  srgba(188,118,170,1)
10,5: (48316,43176,39064,65535)  #BCA898FF  srgba(188,168,152,1)
11,5: (48573,64250,48830,65535)  #BDFABEFF  srgba(189,250,190,1)
12,5: (49087,43690,44718,65535)  #BFAAAEFF  srgba(191,170,174,1)
13,5: (49858,59110,50886,65535)  #C2E6C6FF  srgba(194,230,198,1)
14,5: (50629,42148,31868,65535)  #C5A47CFF  srgba(197,164,124,1)
15,5: (50629,57825,39064,65535)  #C5E198FF  srgba(197,225,152,1)
0,6: (50629,64507,44718,65535)  #C5FBAEFF  srgba(197,251,174,1)
1,6: (50886,56540,33667,65535)  #C6DC83FF  srgba(198,220,131,1)
2,6: (51657,27242,31354,65535)  #C96A7AFF  srgba(201,106,122,1)
3,6: (51657,33410,31097,65535)  #C98279FF  srgba(201,130,121,1)
4,6: (52171,65278,34181,65535)  #CBFE85FF  srgba(203,254,133,1)
5,6: (53456,58596,44204,65535)  #D0E4ACFF  srgba(208,228,172,1)
6,6: (54484,29812,38036,65535)  #D47494FF  srgba(212,116,148,1)
7,6: (55512,64764,40092,65535)  #D8FC9CFF  srgba(216,252,156,1)
8,6: (56797,42662,30840,65535)  #DDA678FF  srgba(221,166,120,1)
9,6: (56797,44204,38293,65535)  #DDAC95FF  srgba(221,172,149,1)
10,6: (56797,57568,37265,65535)  #DDE091FF  srgba(221,224,145,1)
11,6: (56797,65021,31868,65535)  #DDFD7CFF  srgba(221,253,124,1)
12,6: (57311,56797,30326,65535)  #DFDD76FF  srgba(223,221,118,1)
13,6: (59110,34695,21331,65535)  #E68753FF  srgba(230,135,83,1)
14,6: (59110,58596,43433,65535)  #E6E4A9FF  srgba(230,228,169,1)
15,6: (59367,27499,21588,65535)  #E76B54FF  srgba(231,107,84,1)
0,7: (60395,53199,22102,65535)  #EBCF56FF  srgba(235,207,86,1)
1,7: (60652,65021,22616,65535)  #ECFD58FF  srgba(236,253,88,1)
2,7: (60909,42148,20817,65535)  #EDA451FF  srgba(237,164,81,1)
3,7: (61166,25186,29298,65535)  #EE6272FF  srgba(238,98,114,1)
4,7: (61166,32896,29555,65535)  #EE8073FF  srgba(238,128,115,1)
5,7: (61423,64764,32639,65535)  #EFFC7FFF  srgba(239,252,127,1)
6,7: (61937,65021,27499,65535)  #F1FD6BFF  srgba(241,253,107,1)
7,7: (62451,43433,29555,65535)  #F3A973FF  srgba(243,169,115,1)
8,7: (62708,36751,10794,65535)  #F48F2AFF  srgba(244,143,42,1)
9,7: (63222,57054,28527,65535)  #F6DE6FFF  srgba(246,222,111,1)
10,7: (63222,57568,35723,65535)  #F6E08BFF  srgba(246,224,139,1)
11,7: (63222,65021,20817,65535)  #F6FD51FF  srgba(246,253,81,1)
12,7: (63736,53456,20560,65535)  #F8D050FF  srgba(248,208,80,1)
13,7: (63993,34181,19789,65535)  #F9854DFF  srgba(249,133,77,1)
14,7: (64250,25700,19789,65535)  #FA644DFF  srgba(250,100,77,1)
15,7: (64250,42662,1028,65535)  #FAA604FF  srgba(250,166,4,1)
0,8: (64250,49087,10537,65535)  #FABF29FF  srgba(250,191,41,1)
1,8: (64507,35980,1542,65535)  #FB8C06FF  srgba(251,140,6,1)
2,8: (64507,49344,1028,65535)  #FBC004FF  srgba(251,192,4,1)
3,8: (64507,65278,3598,65535)  #FBFE0EFF  srgba(251,254,14,1)
4,8: (64764,28527,1285,65535)  #FC6F05FF  srgba(252,111,5,1)
5,8: (64764,61166,0,65535)  #FCEE00FF  srgba(252,238,0,1)
6,8: (64764,64507,16448,65535)  #FCFB40FF  srgba(252,251,64,1)
7,8: (64764,64764,21845,65535)  #FCFC55FF  srgba(252,252,85,1)
8,8: (65021,26985,10537,65535)  #FD6929FF  srgba(253,105,41,1)
9,8: (65021,47802,18504,65535)  #FDBA48FF  srgba(253,186,72,1)
10,8: (65021,60395,10280,65535)  #FDEB28FF  srgba(253,235,40,1)
11,8: (65021,65278,3855,65535)  #FDFE0FFF  srgba(253,254,15,1)
12,8: (65278,24415,10537,65535)  #FE5F29FF  srgba(254,95,41,1)
13,8: (65278,24929,1542,65535)  #FE6106FF  srgba(254,97,6,1)
14,8: (65278,42148,17990,65535)  #FEA446FF  srgba(254,164,70,1)
15,8: (65278,44461,1542,65535)  #FEAD06FF  srgba(254,173,6,1)
0,9: (65278,51143,1799,65535)  #FEC707FF  srgba(254,199,7,1)
1,9: (65278,53970,514,65535)  #FED202FF  srgba(254,210,2,1)
2,9: (65278,55255,4626,65535)  #FED712FF  srgba(254,215,18,1)
3,9: (65278,55769,0,65535)  #FED900FF  srgba(254,217,0,1)
4,9: (65278,58082,18761,65535)  #FEE249FF  srgba(254,226,73,1)
5,9: (65278,61423,514,65535)  #FEEF02FF  srgba(254,239,2,1)
6,9: (65278,61680,4112,65535)  #FEF010FF  srgba(254,240,16,1)
7,9: (65278,64764,0,65535)  #FEFC00FF  srgba(254,252,0,1)
8,9: (65278,65278,2827,65535)  #FEFE0BFF  srgba(254,254,11,1)
9,9: (65278,65278,10023,65535)  #FEFE27FF  srgba(254,254,39,1)
10,9: (65535,20303,1542,65535)  #FF4F06FF  srgba(255,79,6,1)
11,9: (65535,21331,10280,65535)  #FF5328FF  srgba(255,83,40,1)
12,9: (65535,21588,2056,65535)  #FF5408FF  srgba(255,84,8,1)
13,9: (65535,22616,10537,65535)  #FF5829FF  srgba(255,88,41,1)
14,9: (65535,22873,4883,65535)  #FF5913FF  srgba(255,89,19,1)
15,9: (65535,23130,0,65535)  #FF5A00FF  srgba(255,90,0,1)
0,10: (65535,23130,1028,65535)  #FF5A04FF  srgba(255,90,4,1)
1,10: (65535,24415,16962,65535)  #FF5F42FF  srgba(255,95,66,1)
2,10: (65535,24929,1542,65535)  #FF6106FF  srgba(255,97,6,1)
3,10: (65535,25186,16962,65535)  #FF6242FF  srgba(255,98,66,1)
4,10: (65535,27242,10537,65535)  #FF6A29FF  srgba(255,106,41,1)
5,10: (65535,27499,1799,65535)  #FF6B07FF  srgba(255,107,7,1)
6,10: (65535,27499,3341,65535)  #FF6B0DFF  srgba(255,107,13,1)
7,10: (65535,27756,5140,65535)  #FF6C14FF  srgba(255,108,20,1)
8,10: (65535,27756,10537,65535)  #FF6C29FF  srgba(255,108,41,1)
9,10: (65535,28270,0,65535)  #FF6E00FF  srgba(255,110,0,1)
10,10: (65535,28527,1542,65535)  #FF6F06FF  srgba(255,111,6,1)
11,10: (65535,28784,0,65535)  #FF7000FF  srgba(255,112,0,1)
12,10: (65535,29812,0,65535)  #FF7400FF  srgba(255,116,0,1)
13,10: (65535,29812,1542,65535)  #FF7406FF  srgba(255,116,6,1)
14,10: (65535,29812,5140,65535)  #FF7414FF  srgba(255,116,20,1)
15,10: (65535,30840,10794,65535)  #FF782AFF  srgba(255,120,42,1)
0,11: (65535,32639,17219,65535)  #FF7F43FF  srgba(255,127,67,1)
1,11: (65535,33153,2056,65535)  #FF8108FF  srgba(255,129,8,1)
2,11: (65535,33924,10537,65535)  #FF8429FF  srgba(255,132,41,1)
3,11: (65535,33924,17219,65535)  #FF8443FF  srgba(255,132,67,1)
4,11: (65535,34438,10537,65535)  #FF8629FF  srgba(255,134,41,1)
5,11: (65535,34695,0,65535)  #FF8700FF  srgba(255,135,0,1)
6,11: (65535,35466,0,65535)  #FF8A00FF  srgba(255,138,0,1)
7,11: (65535,35466,3341,65535)  #FF8A0DFF  srgba(255,138,13,1)
8,11: (65535,35466,10280,65535)  #FF8A28FF  srgba(255,138,40,1)
9,11: (65535,35723,1285,65535)  #FF8B05FF  srgba(255,139,5,1)
10,11: (65535,35723,4883,65535)  #FF8B13FF  srgba(255,139,19,1)
11,11: (65535,35980,3341,65535)  #FF8C0DFF  srgba(255,140,13,1)
12,11: (65535,36494,0,65535)  #FF8E00FF  srgba(255,142,0,1)
13,11: (65535,37265,10280,65535)  #FF9128FF  srgba(255,145,40,1)
14,11: (65535,38293,0,65535)  #FF9500FF  srgba(255,149,0,1)
15,11: (65535,39064,1285,65535)  #FF9805FF  srgba(255,152,5,1)
0,12: (65535,39321,10537,65535)  #FF9929FF  srgba(255,153,41,1)
1,12: (65535,40349,3341,65535)  #FF9D0DFF  srgba(255,157,13,1)
2,12: (65535,40349,10280,65535)  #FF9D28FF  srgba(255,157,40,1)
3,12: (65535,40349,10537,65535)  #FF9D29FF  srgba(255,157,41,1)
4,12: (65535,40606,0,65535)  #FF9E00FF  srgba(255,158,0,1)
5,12: (65535,41377,17476,65535)  #FFA144FF  srgba(255,161,68,1)
6,12: (65535,42919,1028,65535)  #FFA704FF  srgba(255,167,4,1)
7,12: (65535,42919,10537,65535)  #FFA729FF  srgba(255,167,41,1)
8,12: (65535,43176,4883,65535)  #FFA813FF  srgba(255,168,19,1)
9,12: (65535,43433,0,65535)  #FFA900FF  srgba(255,169,0,1)
10,12: (65535,43947,3598,65535)  #FFAB0EFF  srgba(255,171,14,1)
11,12: (65535,45232,0,65535)  #FFB000FF  srgba(255,176,0,1)
12,12: (65535,46260,10280,65535)  #FFB428FF  srgba(255,180,40,1)
13,12: (65535,46260,10537,65535)  #FFB429FF  srgba(255,180,41,1)
14,12: (65535,46517,10280,65535)  #FFB528FF  srgba(255,181,40,1)
15,12: (65535,47031,0,65535)  #FFB700FF  srgba(255,183,0,1)
0,13: (65535,47545,3341,65535)  #FFB90DFF  srgba(255,185,13,1)
1,13: (65535,48830,17733,65535)  #FFBE45FF  srgba(255,190,69,1)
2,13: (65535,49344,0,65535)  #FFC000FF  srgba(255,192,0,1)
3,13: (65535,49344,4883,65535)  #FFC013FF  srgba(255,192,19,1)
4,13: (65535,49601,1028,65535)  #FFC104FF  srgba(255,193,4,1)
5,13: (65535,50372,10023,65535)  #FFC427FF  srgba(255,196,39,1)
6,13: (65535,51400,10280,65535)  #FFC828FF  srgba(255,200,40,1)
7,13: (65535,51400,10537,65535)  #FFC829FF  srgba(255,200,41,1)
8,13: (65535,51657,771,65535)  #FFC903FF  srgba(255,201,3,1)
9,13: (65535,54484,10537,65535)  #FFD429FF  srgba(255,212,41,1)
10,13: (65535,54998,10280,65535)  #FFD628FF  srgba(255,214,40,1)
11,13: (65535,54998,15677,65535)  #FFD63DFF  srgba(255,214,61,1)
12,13: (65535,55255,1285,65535)  #FFD705FF  srgba(255,215,5,1)
13,13: (65535,55255,4626,65535)  #FFD712FF  srgba(255,215,18,1)
14,13: (65535,55255,20303,65535)  #FFD74FFF  srgba(255,215,79,1)
15,13: (65535,55512,0,65535)  #FFD800FF  srgba(255,216,0,1)
0,14: (65535,56026,10280,65535)  #FFDA28FF  srgba(255,218,40,1)
1,14: (65535,59367,10537,65535)  #FFE729FF  srgba(255,231,41,1)
2,14: (65535,60138,0,65535)  #FFEA00FF  srgba(255,234,0,1)
3,14: (65535,60138,4626,65535)  #FFEA12FF  srgba(255,234,18,1)
4,14: (65535,60138,10280,65535)  #FFEA28FF  srgba(255,234,40,1)
5,14: (65535,60395,10537,65535)  #FFEB29FF  srgba(255,235,41,1)
6,14: (65535,61680,4626,65535)  #FFF012FF  srgba(255,240,18,1)
7,14: (65535,62194,771,65535)  #FFF203FF  srgba(255,242,3,1)
8,14: (65535,62194,10280,65535)  #FFF228FF  srgba(255,242,40,1)
9,14: (65535,62708,0,65535)  #FFF400FF  srgba(255,244,0,1)
10,14: (65535,62708,0,65535)  #FFF400FF  srgba(255,244,0,1)
11,14: (65535,63222,4626,65535)  #FFF612FF  srgba(255,246,18,1)
12,14: (65535,63993,0,65535)  #FFF900FF  srgba(255,249,0,1)
13,14: (65535,63993,10280,65535)  #FFF928FF  srgba(255,249,40,1)
14,14: (65535,64764,257,65535)  #FFFC01FF  srgba(255,252,1,1)
15,14: (65535,64764,15420,65535)  #FFFC3CFF  srgba(255,252,60,1)
0,15: (65535,64764,19275,65535)  #FFFC4BFF  srgba(255,252,75,1)
1,15: (65535,65021,257,65535)  #FFFD01FF  srgba(255,253,1,1)
2,15: (65535,65021,2570,65535)  #FFFD0AFF  srgba(255,253,10,1)
3,15: (65535,65021,3855,65535)  #FFFD0FFF  srgba(255,253,15,1)
4,15: (65535,65278,1285,65535)  #FFFE05FF  srgba(255,254,5,1)
5,15: (65535,65278,2056,65535)  #FFFE08FF  srgba(255,254,8,1)
6,15: (65535,65278,4112,65535)  #FFFE10FF  srgba(255,254,16,1)
7,15: (65535,65278,5654,65535)  #FFFE16FF  srgba(255,254,22,1)
8,15: (65535,65278,7196,65535)  #FFFE1CFF  srgba(255,254,28,1)
9,15: (65535,65278,8738,65535)  #FFFE22FF  srgba(255,254,34,1)
10,15: (65535,65278,9252,65535)  #FFFE24FF  srgba(255,254,36,1)
11,15: (65535,65278,11308,65535)  #FFFE2CFF  srgba(255,254,44,1)
12,15: (65535,65278,12336,65535)  #FFFE30FF  srgba(255,254,48,1)
13,15: (65535,65278,12850,65535)  #FFFE32FF  srgba(255,254,50,1)
14,15: (65535,65535,2056,65535)  #FFFF08FF  srgba(255,255,8,1)
15,15: (0,65535,0,0)  #00FF0000  srgba(0,255,0,0)
