# ImageMagick pixel enumeration: 16,16,65535,srgba
0,0: (0,0,0,65535)  #000000FF  black
1,0: (0,0,3084,65535)  #00000CFF  srgba(0,0,12,1)
2,0: (0,0,6939,65535)  #00001BFF  srgba(0,0,27,1)
3,0: (0,0,11308,65535)  #00002CFF  srgba(0,0,44,1)
4,0: (0,771,16705,65535)  #000341FF  srgba(0,3,65,1)
5,0: (0,1285,514,65535)  #000502FF  srgba(0,5,2,1)
6,0: (0,1542,0,65535)  #000600FF  srgba(0,6,0,1)
7,0: (0,1542,13107,65535)  #000633FF  srgba(0,6,51,1)
8,0: (0,2056,6939,65535)  #00081BFF  srgba(0,8,27,1)
9,0: (0,2056,10280,65535)  #000828FF  srgba(0,8,40,1)
10,0: (0,2056,19275,65535)  #00084BFF  srgba(0,8,75,1)
11,0: (0,2056,21331,65535)  #000853FF  srgba(0,8,83,1)
12,0: (0,2313,23644,65535)  #00095CFF  srgba(0,9,92,1)
13,0: (0,2570,3084,65535)  #000A0CFF  srgba(0,10,12,1)
14,0: (0,2570,16448,65535)  #000A40FF  srgba(0,10,64,1)
15,0: (0,2570,25186,65535)  #000A62FF  srgba(0,10,98,1)
0,1: (0,3084,28270,65535)  #000C6EFF  srgba(0,12,110,1)
1,1: (0,3341,29298,65535)  #000D72FF  srgba(0,13,114,1)
2,1: (0,3598,32382,65535)  #000E7EFF  srgba(0,14,126,1)
3,1: (0,4369,36237,65535)  #00118DFF  srgba(0,17,141,1)
4,1: (0,4369,38807,65535)  #001197FF  srgba(0,17,151,1)
5,1: (0,4626,41377,65535)  #0012A1FF  srgba(0,18,161,1)
6,1: (0,5140,39835,65535)  #00149BFF  srgba(0,20,155,1)
7,1: (0,5140,42148,65535)  #0014A4FF  srgba(0,20,164,1)
8,1: (0,5397,44718,65535)  #0015AEFF  srgba(0,21,174,1)
9,1: (0,5654,47288,65535)  #0016B8FF  srgba(0,22,184,1)
10,1: (0,5911,50115,65535)  #0017C3FF  srgba(0,23,195,1)
11,1: (0,6168,48830,65535)  #0018BEFF  srgba(0,24,190,1)
12,1: (0,6168,51914,65535)  #0018CAFF  srgba(0,24,202,1)
13,1: (0,6425,51400,65535)  #0019C8FF  srgba(0,25,200,1)
14,1: (0,6425,53970,65535)  #0019D2FF  srgba(0,25,210,1)
15,1: (0,6682,52428,65535)  #001ACCFF  srgba(0,26,204,1)
0,2: (0,6939,45232,65535)  #001BB0FF  srgba(0,27,176,1)
1,2: (0,6939,52685,65535)  #001BCDFF  srgba(0,27,205,1)
2,2: (0,6939,55769,65535)  #001BD9FF  srgba(0,27,217,1)
3,2: (0,7196,32896,65535)  #001C80FF  srgba(0,28,128,1)
4,2: (0,7196,58853,65535)  #001CE5FF  srgba(0,28,229,1)
5,2: (0,7453,59110,65535)  #001DE6FF  srgba(0,29,230,1)
6,2: (0,7710,4626,65535)  #001E12FF  srgba(0,30,18,1)
7,2: (0,7710,15934,65535)  #001E3EFF  srgba(0,30,62,1)
8,2: (0,7710,23644,65535)  #001E5CFF  srgba(0,30,92,1)
9,2: (0,7710,61937,65535)  #001EF1FF  srgba(0,30,241,1)
10,2: (0,7967,62194,65535)  #001FF2FF  srgba(0,31,242,1)
11,2: (0,8224,40092,65535)  #00209CFF  srgba(0,32,156,1)
12,2: (0,8738,514,65535)  #002202FF  srgba(0,34,2,1)
13,2: (0,8738,10794,65535)  #00222AFF  srgba(0,34,42,1)
14,2: (0,8995,51400,65535)  #0023C8FF  srgba(0,35,200,1)
15,2: (0,8995,60909,65535)  #0023EDFF  srgba(0,35,237,1)
0,3: (0,11308,4112,65535)  #002C10FF  srgba(0,44,16,1)
1,3: (0,12079,32382,65535)  #002F7EFF  srgba(0,47,126,1)
2,3: (0,13621,23387,65535)  #00355BFF  srgba(0,53,91,1)
3,3: (0,13878,15934,65535)  #00363EFF  srgba(0,54,62,1)
4,3: (0,15163,10537,65535)  #003B29FF  srgba(0,59,41,1)
5,3: (0,15420,2570,65535)  #003C0AFF  srgba(0,60,10,1)
6,3: (0,16448,5397,65535)  #004015FF  srgba(0,64,21,1)
7,3: (0,21588,4883,65535)  #005413FF  srgba(0,84,19,1)
8,3: (0,24415,25186,65535)  #005F62FF  srgba(0,95,98,1)
9,3: (0,24672,9766,65535)  #006026FF  srgba(0,96,38,1)
10,3: (0,24672,11565,65535)  #00602DFF  srgba(0,96,45,1)
11,3: (0,25957,5654,65535)  #006516FF  srgba(0,101,22,1)
12,3: (0,26985,8738,65535)  #006922FF  srgba(0,105,34,1)
13,3: (0,27242,17219,65535)  #006A43FF  srgba(0,106,67,1)
14,3: (0,28784,13621,65535)  #007035FF  srgba(0,112,53,1)
15,3: (0,30583,6425,65535)  #007719FF  srgba(0,119,25,1)
0,4: (0,33924,9766,65535)  #008426FF  srgba(0,132,38,1)
1,4: (0,34438,7196,65535)  #00861CFF  srgba(0,134,28,1)
2,4: (0,34952,8481,65535)  #008821FF  srgba(0,136,33,1)
3,4: (0,37008,11308,65535)  #00902CFF  srgba(0,144,44,1)
4,4: (0,39064,7196,65535)  #00981CFF  srgba(0,152,28,1)
5,4: (0,39835,8738,65535)  #009B22FF  srgba(0,155,34,1)
6,4: (0,40606,9766,65535)  #009E26FF  srgba(0,158,38,1)
7,4: (0,46003,9509,65535)  #00B325FF  srgba(0,179,37,1)
8,4: (0,48059,11051,65535)  #00BB2BFF  srgba(0,187,43,1)
9,4: (0,54998,11308,65535)  #00D62CFF  srgba(0,214,44,1)
10,4: (0,61937,13621,65535)  #00F135FF  srgba(0,241,53,1)
11,4: (257,1028,1542,65535)  #010406FF  srgba(1,4,6,1)
12,4: (257,1285,6939,65535)  #01051BFF  srgba(1,5,27,1)
13,4: (257,1542,13107,65535)  #010633FF  srgba(1,6,51,1)
14,4: (257,1542,18761,65535)  #010649FF  srgba(1,6,73,1)
15,4: (257,2827,24415,65535)  #010B5FFF  srgba(1,11,95,1)
0,5: (257,3598,28784,65535)  #010E70FF  srgba(1,14,112,1)
1,5: (257,4626,33153,65535)  #011281FF  srgba(1,18,129,1)
2,5: (514,7196,58082,65535)  #021CE2FF  srgba(2,28,226,1)
3,5: (771,514,5911,65535)  #030217FF  srgba(3,2,23,1)
4,5: (771,1799,771,65535)  #030703FF  srgba(3,7,3,1)
5,5: (771,2056,10537,65535)  #030829FF  srgba(3,8,41,1)
6,5: (771,2056,13878,65535)  #030836FF  srgba(3,8,54,1)
7,5: (771,2570,19275,65535)  #030A4BFF  srgba(3,10,75,1)
8,5: (771,3598,26214,65535)  #030E66FF  srgba(3,14,102,1)
9,5: (771,3855,5911,65535)  #030F17FF  srgba(3,15,23,1)
10,5: (771,6682,44204,65535)  #031AACFF  srgba(3,26,172,1)
11,5: (771,8224,37008,65535)  #032090FF  srgba(3,32,144,1)
12,5: (771,8738,59624,65535)  #0322E8FF  srgba(3,34,232,1)
13,5: (771,9766,2056,65535)  #032608FF  srgba(3,38,8,1)
14,5: (771,9766,29812,65535)  #032674FF  srgba(3,38,116,1)
15,5: (771,10023,5140,65535)  #032714FF  srgba(3,39,20,1)
0,6: (771,10023,9509,65535)  #032725FF  srgba(3,39,37,1)
1,6: (771,10537,19789,65535)  #03294DFF  srgba(3,41,77,1)
2,6: (771,11051,14135,65535)  #032B37FF  srgba(3,43,55,1)
3,6: (771,18247,4369,65535)  #034711FF  srgba(3,71,17,1)
4,6: (771,19275,8224,65535)  #034B20FF  srgba(3,75,32,1)
5,6: (771,28013,9509,65535)  #036D25FF  srgba(3,109,37,1)
6,6: (771,28270,6682,65535)  #036E1AFF  srgba(3,110,26,1)
7,6: (771,33924,8995,65535)  #038423FF  srgba(3,132,35,1)
8,6: (771,39578,9766,65535)  #039A26FF  srgba(3,154,38,1)
9,6: (771,45746,10794,65535)  #03B22AFF  srgba(3,178,42,1)
10,6: (1028,8738,51400,65535)  #0422C8FF  srgba(4,34,200,1)
11,6: (1285,10794,43947,65535)  #052AABFF  srgba(5,42,171,1)
12,6: (1542,9252,36494,65535)  #06248EFF  srgba(6,36,142,1)
13,6: (1542,10280,29041,65535)  #062871FF  srgba(6,40,113,1)
14,6: (1542,48573,12850,65535)  #06BD32FF  srgba(6,189,50,1)
15,6: (1542,56283,13107,65535)  #06DB33FF  srgba(6,219,51,1)
0,7: (1799,4112,25957,65535)  #071065FF  srgba(7,16,101,1)
1,7: (1799,9509,2570,65535)  #07250AFF  srgba(7,37,10,1)
2,7: (1799,10794,16962,65535)  #072A42FF  srgba(7,42,66,1)
3,7: (1799,19532,34952,65535)  #074C88FF  srgba(7,76,136,1)
4,7: (1799,60395,14392,65535)  #07EB38FF  srgba(7,235,56,1)
5,7: (2056,9252,8224,65535)  #082420FF  srgba(8,36,32,1)
6,7: (2056,18504,4883,65535)  #084813FF  srgba(8,72,19,1)
7,7: (2056,19018,8995,65535)  #084A23FF  srgba(8,74,35,1)
8,7: (2056,28784,7196,65535)  #08701CFF  srgba(8,112,28,1)
9,7: (2056,30840,10023,65535)  #087827FF  srgba(8,120,39,1)
10,7: (2056,55512,11308,65535)  #08D82CFF  srgba(8,216,44,1)
11,7: (2313,2313,8481,65535)  #090921FF  srgba(9,9,33,1)
12,7: (2313,2313,14392,65535)  #090938FF  srgba(9,9,56,1)
13,7: (2313,3341,2056,65535)  #090D08FF  srgba(9,13,8,1)
14,7: (2313,3341,19532,65535)  #090D4CFF  srgba(9,13,76,1)
15,7: (2313,39578,9766,65535)  #099A26FF  srgba(9,154,38,1)
0,8: (2570,0,1028,65535)  #0A0004FF  srgba(10,0,4,1)
1,8: (2827,9766,31354,65535)  #0B267AFF  srgba(11,38,122,1)
2,8: (2827,11051,17476,65535)  #0B2B44FF  srgba(11,43,68,1)
3,8: (2827,19789,22102,65535)  #0B4D56FF  srgba(11,77,86,1)
4,8: (3084,22359,13107,65535)  #0C5733FF  srgba(12,87,51,1)
5,8: (3084,63222,13364,65535)  #0CF634FF  srgba(12,246,52,1)
6,8: (3598,21845,17219,65535)  #0E5543FF  srgba(14,85,67,1)
7,8: (3855,26728,24158,65535)  #0F685EFF  srgba(15,104,94,1)
8,8: (4112,22359,15163,65535)  #10573BFF  srgba(16,87,59,1)
9,8: (4112,34952,12850,65535)  #108832FF  srgba(16,136,50,1)
10,8: (4369,29298,14392,65535)  #117238FF  srgba(17,114,56,1)
11,8: (4626,8481,31354,65535)  #12217AFF  srgba(18,33,122,1)
12,8: (4626,50115,10794,65535)  #12C32AFF  srgba(18,195,42,1)
13,8: (4883,1285,5397,65535)  #130515FF  srgba(19,5,21,1)
14,8: (4883,1285,14906,65535)  #13053AFF  srgba(19,5,58,1)
15,8: (5140,1028,771,65535)  #140403FF  srgba(20,4,3,1)
0,9: (5654,63479,14392,65535)  #16F738FF  srgba(22,247,56,1)
1,9: (5911,36494,15163,65535)  #178E3BFF  srgba(23,142,59,1)
2,9: (6168,10280,5654,65535)  #182816FF  srgba(24,40,22,1)
3,9: (6682,45746,10023,65535)  #1AB227FF  srgba(26,178,39,1)
4,9: (6939,19532,7196,65535)  #1B4C1CFF  srgba(27,76,28,1)
5,9: (7196,64250,14392,65535)  #1CFA38FF  srgba(28,250,56,1)
6,9: (7453,30583,8481,65535)  #1D7721FF  srgba(29,119,33,1)
7,9: (7453,64507,15163,65535)  #1DFB3BFF  srgba(29,251,59,1)
8,9: (7710,9766,1028,65535)  #1E2604FF  srgba(30,38,4,1)
9,9: (7710,11822,17476,65535)  #1E2E44FF  srgba(30,46,68,1)
10,9: (7710,37265,16962,65535)  #1E9142FF  srgba(30,145,66,1)
11,9: (8224,18247,3084,65535)  #20470CFF  srgba(32,71,12,1)
12,9: (8224,28784,5140,65535)  #207014FF  srgba(32,112,20,1)
13,9: (8481,53456,14392,65535)  #21D038FF  srgba(33,208,56,1)
14,9: (8995,39578,8481,65535)  #239A21FF  srgba(35,154,33,1)
15,9: (9252,56540,15163,65535)  #24DC3BFF  srgba(36,220,59,1)
0,10: (9509,56026,11051,65535)  #25DA2BFF  srgba(37,218,43,1)
1,10: (9766,56797,13107,65535)  #26DD33FF  srgba(38,221,51,1)
2,10: (9766,62965,15163,65535)  #26F53BFF  srgba(38,245,59,1)
3,10: (9766,63479,13621,65535)  #26F735FF  srgba(38,247,53,1)
4,10: (10537,35980,21845,65535)  #298C55FF  srgba(41,140,85,1)
5,10: (11308,61937,16448,65535)  #2CF140FF  srgba(44,241,64,1)
6,10: (11822,1542,0,65535)  #2E0600FF  srgba(46,6,0,1)
7,10: (11822,48573,12850,65535)  #2EBD32FF  srgba(46,189,50,1)
8,10: (12336,3084,2827,65535)  #300C0BFF  srgba(48,12,11,1)
9,10: (13878,60395,14392,65535)  #36EB38FF  srgba(54,235,56,1)
10,10: (15420,51914,22102,65535)  #3CCA56FF  srgba(60,202,86,1)
11,10: (16705,63479,14392,65535)  #41F738FF  srgba(65,247,56,1)
12,10: (16962,63479,13621,65535)  #42F735FF  srgba(66,247,53,1)
13,10: (17990,64250,14392,65535)  #46FA38FF  srgba(70,250,56,1)
14,10: (18247,56797,13107,65535)  #47DD33FF  srgba(71,221,51,1)
15,10: (18247,64507,15163,65535)  #47FB3BFF  srgba(71,251,59,1)
0,11: (18504,15677,4112,65535)  #483D10FF  srgba(72,61,16,1)
1,11: (18504,22102,5140,65535)  #485614FF  srgba(72,86,20,1)
2,11: (18504,28784,6425,65535)  #487019FF  srgba(72,112,25,1)
3,11: (18761,9252,2570,65535)  #49240AFF  srgba(73,36,10,1)
4,11: (19275,46774,10023,65535)  #4BB627FF  srgba(75,182,39,1)
5,11: (19275,54227,11051,65535)  #4BD32BFF  srgba(75,211,43,1)
6,11: (19532,37008,6939,65535)  #4C901BFF  srgba(76,144,27,1)
7,11: (19789,39321,9766,65535)  #4D9926FF  srgba(77,153,38,1)
8,11: (20560,3084,1285,65535)  #500C05FF  srgba(80,12,5,1)
9,11: (25700,63736,13878,65535)  #64F836FF  srgba(100,248,54,1)
10,11: (26214,63993,14649,65535)  #66F939FF  srgba(102,249,57,1)
11,11: (26728,60652,13364,65535)  #68EC34FF  srgba(104,236,52,1)
12,11: (28013,9252,3341,65535)  #6D240DFF  srgba(109,36,13,1)
13,11: (28013,15420,4626,65535)  #6D3C12FF  srgba(109,60,18,1)
14,11: (28013,22102,5397,65535)  #6D5615FF  srgba(109,86,21,1)
15,11: (28270,28784,6939,65535)  #6E701BFF  srgba(110,112,27,1)
0,12: (29298,52428,12593,65535)  #72CC31FF  srgba(114,204,49,1)
1,12: (29555,64250,15163,65535)  #73FA3BFF  srgba(115,250,59,1)
2,12: (29555,64250,15934,65535)  #73FA3EFF  srgba(115,250,62,1)
3,12: (30069,48316,14135,65535)  #75BC37FF  srgba(117,188,55,1)
4,12: (30326,4112,2056,65535)  #761008FF  srgba(118,16,8,1)
5,12: (30326,56797,13878,65535)  #76DD36FF  srgba(118,221,54,1)
6,12: (30326,56797,19789,65535)  #76DD4DFF  srgba(118,221,77,1)
7,12: (30583,20046,15163,65535)  #774E3BFF  srgba(119,78,59,1)
8,12: (30583,53456,11051,65535)  #77D02BFF  srgba(119,208,43,1)
9,12: (30583,56540,12850,65535)  #77DC32FF  srgba(119,220,50,1)
10,12: (30840,36751,7453,65535)  #788F1DFF  srgba(120,143,29,1)
11,12: (30840,46517,10280,65535)  #78B528FF  srgba(120,181,40,1)
12,12: (31097,39064,10023,65535)  #799827FF  srgba(121,152,39,1)
13,12: (32125,34181,15420,65535)  #7D853CFF  srgba(125,133,60,1)
14,12: (32639,43176,14906,65535)  #7FA83AFF  srgba(127,168,58,1)
15,12: (32639,63993,14649,65535)  #7FF939FF  srgba(127,249,57,1)
0,13: (32896,61166,14392,65535)  #80EE38FF  srgba(128,238,56,1)
1,13: (32896,61166,16705,65535)  #80EE41FF  srgba(128,238,65,1)
2,13: (33153,63736,13878,65535)  #81F836FF  srgba(129,248,54,1)
3,13: (33924,52685,16705,65535)  #84CD41FF  srgba(132,205,65,1)
4,13: (35723,52685,13364,65535)  #8BCD34FF  srgba(139,205,52,1)
5,13: (37008,60909,13364,65535)  #90ED34FF  srgba(144,237,52,1)
6,13: (37522,10537,4112,65535)  #922910FF  srgba(146,41,16,1)
7,13: (37779,22873,6168,65535)  #935918FF  srgba(147,89,24,1)
8,13: (38036,16705,5140,65535)  #944114FF  srgba(148,65,20,1)
9,13: (38036,29041,7453,65535)  #94711DFF  srgba(148,113,29,1)
10,13: (40092,37008,8995,65535)  #9C9023FF  srgba(156,144,35,1)
11,13: (40092,63993,14649,65535)  #9CF939FF  srgba(156,249,57,1)
12,13: (41634,51657,11308,65535)  #A2C92CFF  srgba(162,201,44,1)
13,13: (41891,52428,12593,65535)  #A3CC31FF  srgba(163,204,49,1)
14,13: (42148,44718,10280,65535)  #A4AE28FF  srgba(164,174,40,1)
15,13: (43947,48316,13878,65535)  #ABBC36FF  srgba(171,188,54,1)
0,14: (44718,13107,4883,65535)  #AE3313FF  srgba(174,51,19,1)
1,14: (44975,21074,6168,65535)  #AF5218FF  srgba(175,82,24,1)
2,14: (45489,56540,12850,65535)  #B1DC32FF  srgba(177,220,50,1)
3,14: (46260,56797,15934,65535)  #B4DD3EFF  srgba(180,221,62,1)
4,14: (46260,63993,14906,65535)  #B4F93AFF  srgba(180,249,58,1)
5,14: (46774,28270,7710,65535)  #B66E1EFF  srgba(182,110,30,1)
6,14: (46774,37008,9252,65535)  #B69024FF  srgba(182,144,36,1)
7,14: (47802,61166,13878,65535)  #BAEE36FF  srgba(186,238,54,1)
8,14: (48059,61423,15934,65535)  #BBEF3EFF  srgba(187,239,62,1)
9,14: (48573,17990,6168,65535)  #BD4618FF  srgba(189,70,24,1)
10,14: (50886,49858,11308,65535)  #C6C22CFF  srgba(198,194,44,1)
11,14: (52171,43947,10794,65535)  #CBAB2AFF  srgba(203,171,42,1)
12,14: (52428,63736,14906,65535)  #CCF83AFF  srgba(204,248,58,1)
13,14: (53713,37008,9766,65535)  #D19026FF  srgba(209,144,38,1)
14,14: (53713,38036,14906,65535)  #D1943AFF  srgba(209,148,58,1)
15,14: (53970,19789,6682,65535)  #D24D1AFF  srgba(210,77,26,1)
0,15: (55255,60909,14135,65535)  #D7ED37FF  srgba(215,237,55,1)
1,15: (56283,28784,8224,65535)  #DB7020FF  srgba(219,112,32,1)
2,15: (56283,44718,13364,65535)  #DBAE34FF  srgba(219,174,52,1)
3,15: (56797,52171,12593,65535)  #DDCB31FF  srgba(221,203,49,1)
4,15: (58339,52685,14649,65535)  #E3CD39FF  srgba(227,205,57,1)
5,15: (59367,61166,15163,65535)  #E7EE3BFF  srgba(231,238,59,1)
6,15: (59624,48316,13107,65535)  #E8BC33FF  srgba(232,188,51,1)
7,15: (59881,60652,14649,65535)  #E9EC39FF  srgba(233,236,57,1)
8,15: (59881,61166,16448,65535)  #E9EE40FF  srgba(233,238,64,1)
9,15: (60652,48830,11565,65535)  #ECBE2DFF  srgba(236,190,45,1)
10,15: (61937,37522,10023,65535)  #F19227FF  srgba(241,146,39,1)
11,15: (62708,43690,11051,65535)  #F4AA2BFF  srgba(244,170,43,1)
12,15: (62708,56797,13621,65535)  #F4DD35FF  srgba(244,221,53,1)
13,15: (62965,59881,14135,65535)  #F5E937FF  srgba(245,233,55,1)
14,15: (63479,57568,14906,65535)  #F7E03AFF  srgba(247,224,58,1)
15,15: (0,65535,0,0)  #00FF0000  srgba(0,255,0,0)
