# ImageMagick pixel enumeration: 16,16,65535,srgba
0,0: (0,0,0,65535)  #000000FF  black
1,0: (0,0,514,65535)  #000002FF  srgba(0,0,2,1)
2,0: (0,0,771,65535)  #000003FF  srgba(0,0,3,1)
3,0: (0,0,1028,65535)  #000004FF  srgba(0,0,4,1)
4,0: (0,257,0,65535)  #000100FF  srgba(0,1,0,1)
5,0: (257,0,0,65535)  #010000FF  srgba(1,0,0,1)
6,0: (257,0,257,65535)  #010001FF  srgba(1,0,1,1)
7,0: (257,0,771,65535)  #010003FF  srgba(1,0,3,1)
8,0: (257,0,771,65535)  #010003FF  srgba(1,0,3,1)
9,0: (257,0,1285,65535)  #010005FF  srgba(1,0,5,1)
10,0: (257,257,257,65535)  #010101FF  srgba(1,1,1,1)
11,0: (514,0,1542,65535)  #020006FF  srgba(2,0,6,1)
12,0: (514,257,1028,65535)  #020104FF  srgba(2,1,4,1)
13,0: (771,0,0,65535)  #030000FF  srgba(3,0,0,1)
14,0: (771,514,257,65535)  #030201FF  srgba(3,2,1,1)
15,0: (1028,0,771,65535)  #040003FF  srgba(4,0,3,1)
0,1: (1542,0,0,65535)  #060000FF  srgba(6,0,0,1)
1,1: (1542,0,257,65535)  #060001FF  srgba(6,0,1,1)
2,1: (1542,0,1285,65535)  #060005FF  srgba(6,0,5,1)
3,1: (1799,0,0,65535)  #070000FF  srgba(7,0,0,1)
4,1: (2313,0,0,65535)  #090000FF  srgba(9,0,0,1)
5,1: (2827,0,257,65535)  #0B0001FF  srgba(11,0,1,1)
6,1: (3084,257,514,65535)  #0C0102FF  srgba(12,1,2,1)
7,1: (3341,0,0,65535)  #0D0000FF  srgba(13,0,0,1)
8,1: (4369,257,514,65535)  #110102FF  srgba(17,1,2,1)
9,1: (4626,0,0,65535)  #120000FF  srgba(18,0,0,1)
10,1: (4626,0,0,65535)  #120000FF  srgba(18,0,0,1)
11,1: (5140,1028,1028,65535)  #140404FF  srgba(20,4,4,1)
12,1: (5911,0,0,65535)  #170000FF  srgba(23,0,0,1)
13,1: (5911,1799,514,65535)  #170702FF  srgba(23,7,2,1)
14,1: (5911,1799,2056,65535)  #170708FF  srgba(23,7,8,1)
15,1: (6168,1285,771,65535)  #180503FF  srgba(24,5,3,1)
0,2: (6425,257,257,65535)  #190101FF  srgba(25,1,1,1)
1,2: (6425,771,1028,65535)  #190304FF  srgba(25,3,4,1)
2,2: (6939,1028,1028,65535)  #1B0404FF  srgba(27,4,4,1)
3,2: (7196,3084,514,65535)  #1C0C02FF  srgba(28,12,2,1)
4,2: (7453,0,0,65535)  #1D0000FF  srgba(29,0,0,1)
5,2: (7967,1542,2056,65535)  #1F0608FF  srgba(31,6,8,1)
6,2: (8224,257,514,65535)  #200102FF  srgba(32,1,2,1)
7,2: (8481,1285,1028,65535)  #210504FF  srgba(33,5,4,1)
8,2: (8738,0,0,65535)  #220000FF  srgba(34,0,0,1)
9,2: (8738,5654,3598,65535)  #22160EFF  srgba(34,22,14,1)
10,2: (9766,0,0,65535)  #260000FF  srgba(38,0,0,1)
11,2: (9766,1799,2313,65535)  #260709FF  srgba(38,7,9,1)
12,2: (10023,257,257,65535)  #270101FF  srgba(39,1,1,1)
13,2: (10023,514,1028,65535)  #270204FF  srgba(39,2,4,1)
14,2: (10537,1285,1028,65535)  #290504FF  srgba(41,5,4,1)
15,2: (11051,0,0,65535)  #2B0000FF  srgba(43,0,0,1)
0,3: (11308,3598,0,65535)  #2C0E00FF  srgba(44,14,0,1)
1,3: (11308,8995,6939,65535)  #2C231BFF  srgba(44,35,27,1)
2,3: (11565,1799,2056,65535)  #2D0708FF  srgba(45,7,8,1)
3,3: (11822,257,257,65535)  #2E0101FF  srgba(46,1,1,1)
4,3: (11822,7196,3855,65535)  #2E1C0FFF  srgba(46,28,15,1)
5,3: (12336,0,0,65535)  #300000FF  srgba(48,0,0,1)
6,3: (13107,257,257,65535)  #330101FF  srgba(51,1,1,1)
7,3: (13364,1028,1028,65535)  #340404FF  srgba(52,4,4,1)
8,3: (13878,0,0,65535)  #360000FF  srgba(54,0,0,1)
9,3: (14135,1285,1799,65535)  #370507FF  srgba(55,5,7,1)
10,3: (14135,10280,7196,65535)  #37281CFF  srgba(55,40,28,1)
11,3: (14392,8224,3598,65535)  #38200EFF  srgba(56,32,14,1)
12,3: (14906,514,514,65535)  #3A0202FF  srgba(58,2,2,1)
13,3: (14906,6939,257,65535)  #3A1B01FF  srgba(58,27,1,1)
14,3: (15163,1028,771,65535)  #3B0403FF  srgba(59,4,3,1)
15,3: (15934,3855,0,65535)  #3E0F00FF  srgba(62,15,0,1)
0,4: (16191,771,771,65535)  #3F0303FF  srgba(63,3,3,1)
1,4: (17219,11308,7196,65535)  #432C1CFF  srgba(67,44,28,1)
2,4: (17476,8995,2827,65535)  #44230BFF  srgba(68,35,11,1)
3,4: (17990,16448,14392,65535)  #464038FF  srgba(70,64,56,1)
4,4: (18504,11051,4112,65535)  #482B10FF  srgba(72,43,16,1)
5,4: (18761,13364,8224,65535)  #493420FF  srgba(73,52,32,1)
6,4: (18761,14135,9766,65535)  #493726FF  srgba(73,55,38,1)
7,4: (18761,14649,11051,65535)  #49392BFF  srgba(73,57,43,1)
8,4: (19275,8224,0,65535)  #4B2000FF  srgba(75,32,0,1)
9,4: (22616,8481,0,65535)  #582100FF  srgba(88,33,0,1)
10,4: (22873,15163,8995,65535)  #593B23FF  srgba(89,59,35,1)
11,4: (22873,21845,19789,65535)  #59554DFF  srgba(89,85,77,1)
12,4: (23130,11565,1285,65535)  #5A2D05FF  srgba(90,45,5,1)
13,4: (23130,12593,4369,65535)  #5A3111FF  srgba(90,49,17,1)
14,4: (23130,16191,11051,65535)  #5A3F2BFF  srgba(90,63,43,1)
15,4: (24158,14649,5397,65535)  #5E3915FF  srgba(94,57,21,1)
0,5: (25700,18504,12336,65535)  #644830FF  srgba(100,72,48,1)
1,5: (26214,10280,257,65535)  #662801FF  srgba(102,40,1,1)
2,5: (26728,12593,1028,65535)  #683104FF  srgba(104,49,4,1)
3,5: (26985,14135,1542,65535)  #693706FF  srgba(105,55,6,1)
4,5: (26985,16191,7967,65535)  #693F1FFF  srgba(105,63,31,1)
5,5: (27499,20560,13364,65535)  #6B5034FF  srgba(107,80,52,1)
6,5: (27756,14649,3855,65535)  #6C390FFF  srgba(108,57,15,1)
7,5: (27756,15163,5140,65535)  #6C3B14FF  srgba(108,59,20,1)
8,5: (28013,19018,9766,65535)  #6D4A26FF  srgba(109,74,38,1)
9,5: (28013,22359,19018,65535)  #6D574AFF  srgba(109,87,74,1)
10,5: (28270,25700,23130,65535)  #6E645AFF  srgba(110,100,90,1)
11,5: (29041,18504,6168,65535)  #714818FF  srgba(113,72,24,1)
12,5: (29041,21588,14906,65535)  #71543AFF  srgba(113,84,58,1)
13,5: (29555,10794,0,65535)  #732A00FF  srgba(115,42,0,1)
14,5: (30069,16448,6939,65535)  #75401BFF  srgba(117,64,27,1)
15,5: (30326,14906,1542,65535)  #763A06FF  srgba(118,58,6,1)
0,6: (30583,22873,16191,65535)  #77593FFF  srgba(119,89,63,1)
1,6: (30840,12593,257,65535)  #783101FF  srgba(120,49,1,1)
2,6: (31611,16448,5140,65535)  #7B4014FF  srgba(123,64,20,1)
3,6: (31611,18761,5140,65535)  #7B4914FF  srgba(123,73,20,1)
4,6: (31611,20046,8738,65535)  #7B4E22FF  srgba(123,78,34,1)
5,6: (31868,21074,12593,65535)  #7C5231FF  srgba(124,82,49,1)
6,6: (31868,24929,18504,65535)  #7C6148FF  srgba(124,97,72,1)
7,6: (32382,16191,3598,65535)  #7E3F0EFF  srgba(126,63,14,1)
8,6: (32639,15163,1028,65535)  #7F3B04FF  srgba(127,59,4,1)
9,6: (33153,23130,15163,65535)  #815A3BFF  srgba(129,90,59,1)
10,6: (33410,19018,4626,65535)  #824A12FF  srgba(130,74,18,1)
11,6: (33410,20560,8224,65535)  #825020FF  srgba(130,80,32,1)
12,6: (33667,22873,12850,65535)  #835932FF  srgba(131,89,50,1)
13,6: (34181,24158,16191,65535)  #855E3FFF  srgba(133,94,63,1)
14,6: (34181,24672,16962,65535)  #856042FF  srgba(133,96,66,1)
15,6: (35209,15420,514,65535)  #893C02FF  srgba(137,60,2,1)
0,7: (35466,18504,4112,65535)  #8A4810FF  srgba(138,72,16,1)
1,7: (35466,20560,7710,65535)  #8A501EFF  srgba(138,80,30,1)
2,7: (35723,20560,5140,65535)  #8B5014FF  srgba(139,80,20,1)
3,7: (35723,22616,8481,65535)  #8B5821FF  srgba(139,88,33,1)
4,7: (38036,19275,5140,65535)  #944B14FF  srgba(148,75,20,1)
5,7: (38293,21331,6939,65535)  #95531BFF  srgba(149,83,27,1)
6,7: (38550,16705,0,65535)  #964100FF  srgba(150,65,0,1)
7,7: (38550,20303,4112,65535)  #964F10FF  srgba(150,79,16,1)
8,7: (38550,22359,7710,65535)  #96571EFF  srgba(150,87,30,1)
9,7: (38807,17733,1799,65535)  #974507FF  srgba(151,69,7,1)
10,7: (39064,20560,6168,65535)  #985018FF  srgba(152,80,24,1)
11,7: (39064,23644,8224,65535)  #985C20FF  srgba(152,92,32,1)
12,7: (39321,22359,6425,65535)  #995719FF  srgba(153,87,25,1)
13,7: (39578,24672,12850,65535)  #9A6032FF  srgba(154,96,50,1)
14,7: (39835,19275,1285,65535)  #9B4B05FF  srgba(155,75,5,1)
15,7: (39835,26728,16191,65535)  #9B683FFF  srgba(155,104,63,1)
0,8: (40092,21331,5397,65535)  #9C5315FF  srgba(156,83,21,1)
1,8: (40092,24672,11308,65535)  #9C602CFF  srgba(156,96,44,1)
2,8: (40606,22616,5911,65535)  #9E5817FF  srgba(158,88,23,1)
3,8: (40606,24158,10537,65535)  #9E5E29FF  srgba(158,94,41,1)
4,8: (40863,21331,3855,65535)  #9F530FFF  srgba(159,83,15,1)
5,8: (40863,21588,6425,65535)  #9F5419FF  srgba(159,84,25,1)
6,8: (40863,22359,4626,65535)  #9F5712FF  srgba(159,87,18,1)
7,8: (41120,20560,2827,65535)  #A0500BFF  srgba(160,80,11,1)
8,8: (41634,22873,6425,65535)  #A25919FF  srgba(162,89,25,1)
9,8: (41634,23130,7710,65535)  #A25A1EFF  srgba(162,90,30,1)
10,8: (42148,25186,10794,65535)  #A4622AFF  srgba(164,98,42,1)
11,8: (42148,29812,19532,65535)  #A4744CFF  srgba(164,116,76,1)
12,8: (43433,22616,6425,65535)  #A95819FF  srgba(169,88,25,1)
13,8: (43690,21588,4369,65535)  #AA5411FF  srgba(170,84,17,1)
14,8: (43947,20817,257,65535)  #AB5101FF  srgba(171,81,1,1)
15,8: (43947,22616,3598,65535)  #AB580EFF  srgba(171,88,14,1)
0,9: (43947,24158,7710,65535)  #AB5E1EFF  srgba(171,94,30,1)
1,9: (44204,23387,5140,65535)  #AC5B14FF  srgba(172,91,20,1)
2,9: (44204,23644,6168,65535)  #AC5C18FF  srgba(172,92,24,1)
3,9: (44461,23387,2056,65535)  #AD5B08FF  srgba(173,91,8,1)
4,9: (46260,22616,514,65535)  #B45802FF  srgba(180,88,2,1)
5,9: (46260,22873,4369,65535)  #B45911FF  srgba(180,89,17,1)
6,9: (46517,24415,6168,65535)  #B55F18FF  srgba(181,95,24,1)
7,9: (46517,25186,7710,65535)  #B5621EFF  srgba(181,98,30,1)
8,9: (46774,24415,3341,65535)  #B65F0DFF  srgba(182,95,13,1)
9,9: (47031,29041,13107,65535)  #B77133FF  srgba(183,113,51,1)
10,9: (47288,26985,8481,65535)  #B86921FF  srgba(184,105,33,1)
11,9: (47288,28013,11308,65535)  #B86D2CFF  srgba(184,109,44,1)
12,9: (48059,23644,4626,65535)  #BB5C12FF  srgba(187,92,18,1)
13,9: (48059,41891,33667,65535)  #BBA383FF  srgba(187,163,131,1)
14,9: (48316,23387,1285,65535)  #BC5B05FF  srgba(188,91,5,1)
15,9: (48316,24929,3598,65535)  #BC610EFF  srgba(188,97,14,1)
0,10: (48316,25443,7453,65535)  #BC631DFF  srgba(188,99,29,1)
1,10: (48316,28270,10537,65535)  #BC6E29FF  srgba(188,110,41,1)
2,10: (48573,35723,23644,65535)  #BD8B5CFF  srgba(189,139,92,1)
3,10: (48830,31354,15934,65535)  #BE7A3EFF  srgba(190,122,62,1)
4,10: (49858,26985,6425,65535)  #C26919FF  srgba(194,105,25,1)
5,10: (49858,27756,9252,65535)  #C26C24FF  srgba(194,108,36,1)
6,10: (50372,34181,19789,65535)  #C4854DFF  srgba(196,133,77,1)
7,10: (50629,24929,2313,65535)  #C56109FF  srgba(197,97,9,1)
8,10: (50629,25186,5911,65535)  #C56217FF  srgba(197,98,23,1)
9,10: (51400,27242,7967,65535)  #C86A1FFF  srgba(200,106,31,1)
10,10: (51657,29041,9509,65535)  #C97125FF  srgba(201,113,37,1)
11,10: (51657,29041,10794,65535)  #C9712AFF  srgba(201,113,42,1)
12,10: (51914,26985,4369,65535)  #CA6911FF  srgba(202,105,17,1)
13,10: (51914,28527,6682,65535)  #CA6F1AFF  srgba(202,111,26,1)
14,10: (52428,29555,11308,65535)  #CC732CFF  srgba(204,115,44,1)
15,10: (52942,31354,12850,65535)  #CE7A32FF  srgba(206,122,50,1)
0,11: (53199,29812,10537,65535)  #CF7429FF  srgba(207,116,41,1)
1,11: (53199,39064,25186,65535)  #CF9862FF  srgba(207,152,98,1)
2,11: (53199,39835,26728,65535)  #CF9B68FF  srgba(207,155,104,1)
3,11: (53456,40092,25957,65535)  #D09C65FF  srgba(208,156,101,1)
4,11: (53713,40606,26471,65535)  #D19E67FF  srgba(209,158,103,1)
5,11: (53713,41120,26985,65535)  #D1A069FF  srgba(209,160,105,1)
6,11: (54227,30840,10794,65535)  #D3782AFF  srgba(211,120,42,1)
7,11: (54484,27756,4369,65535)  #D46C11FF  srgba(212,108,17,1)
8,11: (54484,28270,7453,65535)  #D46E1DFF  srgba(212,110,29,1)
9,11: (54484,33410,15677,65535)  #D4823DFF  srgba(212,130,61,1)
10,11: (54484,40863,26985,65535)  #D49F69FF  srgba(212,159,105,1)
11,11: (54741,30326,9252,65535)  #D57624FF  srgba(213,118,36,1)
12,11: (55255,29812,6168,65535)  #D77418FF  srgba(215,116,24,1)
13,11: (55512,31868,11308,65535)  #D87C2CFF  srgba(216,124,44,1)
14,11: (56026,40092,24415,65535)  #DA9C5FFF  srgba(218,156,95,1)
15,11: (57054,32382,12593,65535)  #DE7E31FF  srgba(222,126,49,1)
0,12: (57054,37008,19275,65535)  #DE904BFF  srgba(222,144,75,1)
1,12: (57311,30069,5911,65535)  #DF7517FF  srgba(223,117,23,1)
2,12: (57311,30583,8738,65535)  #DF7722FF  srgba(223,119,34,1)
3,12: (57568,36494,16191,65535)  #E08E3FFF  srgba(224,142,63,1)
4,12: (58339,31868,10537,65535)  #E37C29FF  srgba(227,124,41,1)
5,12: (58339,39578,20303,65535)  #E39A4FFF  srgba(227,154,79,1)
6,12: (59367,30840,6168,65535)  #E77818FF  srgba(231,120,24,1)
7,12: (59624,30840,8481,65535)  #E87821FF  srgba(232,120,33,1)
8,12: (59624,32896,7196,65535)  #E8801CFF  srgba(232,128,28,1)
9,12: (60138,33153,9509,65535)  #EA8125FF  srgba(234,129,37,1)
10,12: (60138,38036,16448,65535)  #EA9440FF  srgba(234,148,64,1)
11,12: (60395,34438,12850,65535)  #EB8632FF  srgba(235,134,50,1)
12,12: (60909,38807,19018,65535)  #ED974AFF  srgba(237,151,74,1)
13,12: (61166,33667,10794,65535)  #EE832AFF  srgba(238,131,42,1)
14,12: (61166,37008,13621,65535)  #EE9035FF  srgba(238,144,53,1)
15,12: (61423,38550,16191,65535)  #EF963FFF  srgba(239,150,63,1)
0,13: (61937,35209,10537,65535)  #F18929FF  srgba(241,137,41,1)
1,13: (62194,33667,7710,65535)  #F2831EFF  srgba(242,131,30,1)
2,13: (62194,34695,11308,65535)  #F2872CFF  srgba(242,135,44,1)
3,13: (62451,41634,19532,65535)  #F3A24CFF  srgba(243,162,76,1)
4,13: (62965,35209,9252,65535)  #F58924FF  srgba(245,137,36,1)
5,13: (63222,37522,13364,65535)  #F69234FF  srgba(246,146,52,1)
6,13: (63222,38036,15677,65535)  #F6943DFF  srgba(246,148,61,1)
7,13: (63222,39321,16191,65535)  #F6993FFF  srgba(246,153,63,1)
8,13: (63993,38293,10794,65535)  #F9952AFF  srgba(249,149,42,1)
9,13: (63993,38293,11308,65535)  #F9952CFF  srgba(249,149,44,1)
10,13: (64250,36494,9252,65535)  #FA8E24FF  srgba(250,142,36,1)
11,13: (64250,37522,9509,65535)  #FA9225FF  srgba(250,146,37,1)
12,13: (64250,37779,13107,65535)  #FA9333FF  srgba(250,147,51,1)
13,13: (64507,38036,10537,65535)  #FB9429FF  srgba(251,148,41,1)
14,13: (64507,38293,10794,65535)  #FB952AFF  srgba(251,149,42,1)
15,13: (64764,37265,9766,65535)  #FC9126FF  srgba(252,145,38,1)
0,14: (64764,38293,10023,65535)  #FC9527FF  srgba(252,149,39,1)
1,14: (64764,38293,10794,65535)  #FC952AFF  srgba(252,149,42,1)
2,14: (65021,36751,9766,65535)  #FD8F26FF  srgba(253,143,38,1)
3,14: (65021,38293,10537,65535)  #FD9529FF  srgba(253,149,41,1)
4,14: (65021,38550,10023,65535)  #FD9627FF  srgba(253,150,39,1)
5,14: (65021,38550,10537,65535)  #FD9629FF  srgba(253,150,41,1)
6,14: (65021,38550,10794,65535)  #FD962AFF  srgba(253,150,42,1)
7,14: (65021,38550,11308,65535)  #FD962CFF  srgba(253,150,44,1)
8,14: (65021,38807,10280,65535)  #FD9728FF  srgba(253,151,40,1)
9,14: (65278,37265,9509,65535)  #FE9125FF  srgba(254,145,37,1)
10,14: (65278,37522,10023,65535)  #FE9227FF  srgba(254,146,39,1)
11,14: (65278,37522,12593,65535)  #FE9231FF  srgba(254,146,49,1)
12,14: (65278,37779,10023,65535)  #FE9327FF  srgba(254,147,39,1)
13,14: (65278,37779,10537,65535)  #FE9329FF  srgba(254,147,41,1)
14,14: (65278,38036,10023,65535)  #FE9427FF  srgba(254,148,39,1)
15,14: (65278,38293,10537,65535)  #FE9529FF  srgba(254,149,41,1)
0,15: (65278,38293,10794,65535)  #FE952AFF  srgba(254,149,42,1)
1,15: (65278,39064,10280,65535)  #FE9828FF  srgba(254,152,40,1)
2,15: (65278,39064,10794,65535)  #FE982AFF  srgba(254,152,42,1)
3,15: (65278,39321,11308,65535)  #FE992CFF  srgba(254,153,44,1)
4,15: (65278,39835,11051,65535)  #FE9B2BFF  srgba(254,155,43,1)
5,15: (65278,39835,12336,65535)  #FE9B30FF  srgba(254,155,48,1)
6,15: (65535,37008,10537,65535)  #FF9029FF  srgba(255,144,41,1)
7,15: (65535,38036,10537,65535)  #FF9429FF  srgba(255,148,41,1)
8,15: (65535,38293,10794,65535)  #FF952AFF  srgba(255,149,42,1)
9,15: (65535,38293,10794,65535)  #FF952AFF  srgba(255,149,42,1)
10,15: (65535,38550,11308,65535)  #FF962CFF  srgba(255,150,44,1)
11,15: (65535,38807,10537,65535)  #FF9729FF  srgba(255,151,41,1)
12,15: (65535,38807,10537,65535)  #FF9729FF  srgba(255,151,41,1)
13,15: (65535,38807,11308,65535)  #FF972CFF  srgba(255,151,44,1)
14,15: (65535,39321,10794,65535)  #FF992AFF  srgba(255,153,42,1)
15,15: (0,65535,0,0)  #00FF0000  srgba(0,255,0,0)
