# ImageMagick pixel enumeration: 16,16,65535,srgba
0,0: (0,0,0,65535)  #000000FF  black
1,0: (0,42148,38293,65535)  #00A495FF  srgba(0,164,149,1)
2,0: (0,42148,38807,65535)  #00A497FF  srgba(0,164,151,1)
3,0: (0,42148,39835,65535)  #00A49BFF  srgba(0,164,155,1)
4,0: (0,42405,37522,65535)  #00A592FF  srgba(0,165,146,1)
5,0: (0,42405,40092,65535)  #00A59CFF  srgba(0,165,156,1)
6,0: (0,42405,40606,65535)  #00A59EFF  srgba(0,165,158,1)
7,0: (0,42662,39835,65535)  #00A69BFF  srgba(0,166,155,1)
8,0: (0,55255,59624,65535)  #00D7E8FF  srgba(0,215,232,1)
9,0: (0,57054,52942,65535)  #00DECEFF  srgba(0,222,206,1)
10,0: (0,57054,53713,65535)  #00DED1FF  srgba(0,222,209,1)
11,0: (0,57054,55255,65535)  #00DED7FF  srgba(0,222,215,1)
12,0: (0,57054,55512,65535)  #00DED8FF  srgba(0,222,216,1)
13,0: (0,57311,52942,65535)  #00DFCEFF  srgba(0,223,206,1)
14,0: (0,57568,52428,65535)  #00E0CCFF  srgba(0,224,204,1)
15,0: (0,57568,53970,65535)  #00E0D2FF  srgba(0,224,210,1)
0,1: (0,57825,51143,65535)  #00E1C7FF  srgba(0,225,199,1)
1,1: (0,57825,52171,65535)  #00E1CBFF  srgba(0,225,203,1)
2,1: (0,57825,52942,65535)  #00E1CEFF  srgba(0,225,206,1)
3,1: (0,57825,54998,65535)  #00E1D6FF  srgba(0,225,214,1)
4,1: (0,58082,51914,65535)  #00E2CAFF  srgba(0,226,202,1)
5,1: (0,58082,53713,65535)  #00E2D1FF  srgba(0,226,209,1)
6,1: (0,58082,53970,65535)  #00E2D2FF  srgba(0,226,210,1)
7,1: (0,58339,46517,65535)  #00E3B5FF  srgba(0,227,181,1)
8,1: (0,58339,47545,65535)  #00E3B9FF  srgba(0,227,185,1)
9,1: (0,58339,52685,65535)  #00E3CDFF  srgba(0,227,205,1)
10,1: (0,58596,51914,65535)  #00E4CAFF  srgba(0,228,202,1)
11,1: (0,58596,52942,65535)  #00E4CEFF  srgba(0,228,206,1)
12,1: (0,58596,53199,65535)  #00E4CFFF  srgba(0,228,207,1)
13,1: (257,10280,10023,65535)  #012827FF  srgba(1,40,39,1)
14,1: (257,41634,39321,65535)  #01A299FF  srgba(1,162,153,1)
15,1: (257,46003,42405,65535)  #01B3A5FF  srgba(1,179,165,1)
0,2: (257,55512,51400,65535)  #01D8C8FF  srgba(1,216,200,1)
1,2: (257,55512,53713,65535)  #01D8D1FF  srgba(1,216,209,1)
2,2: (257,58082,52428,65535)  #01E2CCFF  srgba(1,226,204,1)
3,2: (257,58339,54484,65535)  #01E3D4FF  srgba(1,227,212,1)
4,2: (514,1542,5397,65535)  #020615FF  srgba(2,6,21,1)
5,2: (514,40863,38550,65535)  #029F96FF  srgba(2,159,150,1)
6,2: (514,47802,46517,65535)  #02BAB5FF  srgba(2,186,181,1)
7,2: (514,53970,48316,65535)  #02D2BCFF  srgba(2,210,188,1)
8,2: (514,54741,59367,65535)  #02D5E7FF  srgba(2,213,231,1)
9,2: (771,257,0,65535)  #030100FF  srgba(3,1,0,1)
10,2: (771,514,771,65535)  #030203FF  srgba(3,2,3,1)
11,2: (771,4883,3341,65535)  #03130DFF  srgba(3,19,13,1)
12,2: (771,41891,39835,65535)  #03A39BFF  srgba(3,163,155,1)
13,2: (771,42405,39064,65535)  #03A598FF  srgba(3,165,152,1)
14,2: (1028,41891,38807,65535)  #04A397FF  srgba(4,163,151,1)
15,2: (1028,48059,58853,65535)  #04BBE5FF  srgba(4,187,229,1)
0,3: (1285,42405,38293,65535)  #05A595FF  srgba(5,165,149,1)
1,3: (1285,48316,50372,65535)  #05BCC4FF  srgba(5,188,196,1)
2,3: (1542,8995,21331,65535)  #062353FF  srgba(6,35,83,1)
3,3: (1542,42405,39835,65535)  #06A59BFF  srgba(6,165,155,1)
4,3: (1799,38550,32896,65535)  #079680FF  srgba(7,150,128,1)
5,3: (1799,58082,46774,65535)  #07E2B6FF  srgba(7,226,182,1)
6,3: (1799,59881,57054,65535)  #07E9DEFF  srgba(7,233,222,1)
7,3: (2056,28527,45746,65535)  #086FB2FF  srgba(8,111,178,1)
8,3: (2056,42662,38807,65535)  #08A697FF  srgba(8,166,151,1)
9,3: (2313,42662,36751,65535)  #09A68FFF  srgba(9,166,143,1)
10,3: (2313,58082,53199,65535)  #09E2CFFF  srgba(9,226,207,1)
11,3: (2570,20046,19789,65535)  #0A4E4DFF  srgba(10,78,77,1)
12,3: (2570,41891,41377,65535)  #0AA3A1FF  srgba(10,163,161,1)
13,3: (2570,46517,42919,65535)  #0AB5A7FF  srgba(10,181,167,1)
14,3: (2827,35723,48573,65535)  #0B8BBDFF  srgba(11,139,189,1)
15,3: (3084,45489,39835,65535)  #0CB19BFF  srgba(12,177,155,1)
0,4: (3084,53713,47802,65535)  #0CD1BAFF  srgba(12,209,186,1)
1,4: (3341,11822,13364,65535)  #0D2E34FF  srgba(13,46,52,1)
2,4: (3341,20560,30840,65535)  #0D5078FF  srgba(13,80,120,1)
3,4: (3341,27242,37779,65535)  #0D6A93FF  srgba(13,106,147,1)
4,4: (3341,39578,49858,65535)  #0D9AC2FF  srgba(13,154,194,1)
5,4: (3341,43690,37522,65535)  #0DAA92FF  srgba(13,170,146,1)
6,4: (3341,54741,51143,65535)  #0DD5C7FF  srgba(13,213,199,1)
7,4: (3598,41634,39064,65535)  #0EA298FF  srgba(14,162,152,1)
8,4: (3598,43433,38807,65535)  #0EA997FF  srgba(14,169,151,1)
9,4: (3598,54484,53713,65535)  #0ED4D1FF  srgba(14,212,209,1)
10,4: (3855,18761,15420,65535)  #0F493CFF  srgba(15,73,60,1)
11,4: (3855,41634,40863,65535)  #0FA29FFF  srgba(15,162,159,1)
12,4: (3855,41891,43176,65535)  #0FA3A8FF  srgba(15,163,168,1)
13,4: (3855,42662,47288,65535)  #0FA6B8FF  srgba(15,166,184,1)
14,4: (3855,43176,39835,65535)  #0FA89BFF  srgba(15,168,155,1)
15,4: (3855,43433,38293,65535)  #0FA995FF  srgba(15,169,149,1)
0,5: (4112,42662,42405,65535)  #10A6A5FF  srgba(16,166,165,1)
1,5: (4112,43690,35980,65535)  #10AA8CFF  srgba(16,170,140,1)
2,5: (4369,33410,30326,65535)  #118276FF  srgba(17,130,118,1)
3,5: (4369,39835,38036,65535)  #119B94FF  srgba(17,155,148,1)
4,5: (4369,42405,41377,65535)  #11A5A1FF  srgba(17,165,161,1)
5,5: (4883,30583,28527,65535)  #13776FFF  srgba(19,119,111,1)
6,5: (5140,38807,37779,65535)  #149793FF  srgba(20,151,147,1)
7,5: (5140,41120,43947,65535)  #14A0ABFF  srgba(20,160,171,1)
8,5: (5397,41377,40863,65535)  #15A19FFF  srgba(21,161,159,1)
9,5: (5397,42148,38293,65535)  #15A495FF  srgba(21,164,149,1)
10,5: (5397,58082,54484,65535)  #15E2D4FF  srgba(21,226,212,1)
11,5: (5654,27242,19789,65535)  #166A4DFF  srgba(22,106,77,1)
12,5: (5654,42405,40606,65535)  #16A59EFF  srgba(22,165,158,1)
13,5: (5654,49087,33410,65535)  #16BF82FF  srgba(22,191,130,1)
14,5: (5654,53456,58339,65535)  #16D0E3FF  srgba(22,208,227,1)
15,5: (5911,5911,5140,65535)  #171714FF  srgba(23,23,20,1)
0,6: (5911,42148,37522,65535)  #17A492FF  srgba(23,164,146,1)
1,6: (6168,40092,42405,65535)  #189CA5FF  srgba(24,156,165,1)
2,6: (6425,37522,37522,65535)  #199292FF  srgba(25,146,146,1)
3,6: (6939,42662,39835,65535)  #1BA69BFF  srgba(27,166,155,1)
4,6: (7196,41891,39835,65535)  #1CA39BFF  srgba(28,163,155,1)
5,6: (7196,61423,59881,65535)  #1CEFE9FF  srgba(28,239,233,1)
6,6: (7453,47288,46517,65535)  #1DB8B5FF  srgba(29,184,181,1)
7,6: (7710,38036,32639,65535)  #1E947FFF  srgba(30,148,127,1)
8,6: (7710,40863,39064,65535)  #1E9F98FF  srgba(30,159,152,1)
9,6: (7710,50372,27499,65535)  #1EC46BFF  srgba(30,196,107,1)
10,6: (7967,52942,47031,65535)  #1FCEB7FF  srgba(31,206,183,1)
11,6: (8224,48316,58082,65535)  #20BCE2FF  srgba(32,188,226,1)
12,6: (8481,23387,16962,65535)  #215B42FF  srgba(33,91,66,1)
13,6: (8481,42405,39835,65535)  #21A59BFF  srgba(33,165,155,1)
14,6: (8481,46003,42662,65535)  #21B3A6FF  srgba(33,179,166,1)
15,6: (8481,53456,51143,65535)  #21D0C7FF  srgba(33,208,199,1)
0,7: (8738,42148,38807,65535)  #22A497FF  srgba(34,164,151,1)
1,7: (8995,53970,53713,65535)  #23D2D1FF  srgba(35,210,209,1)
2,7: (9252,48316,50629,65535)  #24BCC5FF  srgba(36,188,197,1)
3,7: (9766,10280,10537,65535)  #262829FF  srgba(38,40,41,1)
4,7: (10023,41634,39064,65535)  #27A298FF  srgba(39,162,152,1)
5,7: (10023,59367,57054,65535)  #27E7DEFF  srgba(39,231,222,1)
6,7: (15677,19018,15934,65535)  #3D4A3EFF  srgba(61,74,62,1)
7,7: (15677,44204,34952,65535)  #3DAC88FF  srgba(61,172,136,1)
8,7: (15934,7196,5911,65535)  #3E1C17FF  srgba(62,28,23,1)
9,7: (15934,13878,15677,65535)  #3E363DFF  srgba(62,54,61,1)
10,7: (15934,42919,38293,65535)  #3EA795FF  srgba(62,167,149,1)
11,7: (16191,51143,51914,65535)  #3FC7CAFF  srgba(63,199,202,1)
12,7: (16448,42662,39064,65535)  #40A698FF  srgba(64,166,152,1)
13,7: (16448,43176,40863,65535)  #40A89FFF  srgba(64,168,159,1)
14,7: (16448,52942,55769,65535)  #40CED9FF  srgba(64,206,217,1)
15,7: (16705,41120,40092,65535)  #41A09CFF  srgba(65,160,156,1)
0,8: (16705,41377,38293,65535)  #41A195FF  srgba(65,161,149,1)
1,8: (16962,41891,40092,65535)  #42A39CFF  srgba(66,163,156,1)
2,8: (17219,41634,40092,65535)  #43A29CFF  srgba(67,162,156,1)
3,8: (17219,50629,47802,65535)  #43C5BAFF  srgba(67,197,186,1)
4,8: (17476,43947,48830,65535)  #44ABBEFF  srgba(68,171,190,1)
5,8: (17733,40863,36751,65535)  #459F8FFF  srgba(69,159,143,1)
6,8: (18504,46774,46517,65535)  #48B6B5FF  srgba(72,182,181,1)
7,8: (19018,61423,60138,65535)  #4AEFEAFF  srgba(74,239,234,1)
8,8: (19789,35980,28270,65535)  #4D8C6EFF  srgba(77,140,110,1)
9,8: (19789,59110,57054,65535)  #4DE6DEFF  srgba(77,230,222,1)
10,8: (20560,40606,40349,65535)  #509E9DFF  srgba(80,158,157,1)
11,8: (21331,38036,33924,65535)  #539484FF  srgba(83,148,132,1)
12,8: (21588,43690,43947,65535)  #54AAABFF  srgba(84,170,171,1)
13,8: (21845,36751,40863,65535)  #558F9FFF  srgba(85,143,159,1)
14,8: (22102,41120,47545,65535)  #56A0B9FF  srgba(86,160,185,1)
15,8: (22359,19275,23130,65535)  #574B5AFF  srgba(87,75,90,1)
0,9: (22616,41377,43947,65535)  #58A1ABFF  srgba(88,161,171,1)
1,9: (23130,24158,24672,65535)  #5A5E60FF  srgba(90,94,96,1)
2,9: (23387,20817,16705,65535)  #5B5141FF  srgba(91,81,65,1)
3,9: (23901,30326,31611,65535)  #5D767BFF  srgba(93,118,123,1)
4,9: (24158,28013,24929,65535)  #5E6D61FF  srgba(94,109,97,1)
5,9: (24415,39835,45489,65535)  #5F9BB1FF  srgba(95,155,177,1)
6,9: (24672,42662,36751,65535)  #60A68FFF  srgba(96,166,143,1)
7,9: (24672,43176,40863,65535)  #60A89FFF  srgba(96,168,159,1)
8,9: (24929,42662,38293,65535)  #61A695FF  srgba(97,166,149,1)
9,9: (24929,42662,39064,65535)  #61A698FF  srgba(97,166,152,1)
10,9: (25186,37008,45746,65535)  #6290B2FF  srgba(98,144,178,1)
11,9: (25443,49087,52171,65535)  #63BFCBFF  srgba(99,191,203,1)
12,9: (25700,6939,8481,65535)  #641B21FF  srgba(100,27,33,1)
13,9: (25957,41891,40092,65535)  #65A39CFF  srgba(101,163,156,1)
14,9: (25957,53456,53199,65535)  #65D0CFFF  srgba(101,208,207,1)
15,9: (26214,11308,16191,65535)  #662C3FFF  srgba(102,44,63,1)
0,10: (26214,41120,40349,65535)  #66A09DFF  srgba(102,160,157,1)
1,10: (26471,41377,38293,65535)  #67A195FF  srgba(103,161,149,1)
2,10: (26471,61166,60395,65535)  #67EEEBFF  srgba(103,238,235,1)
3,10: (26728,41634,40092,65535)  #68A29CFF  srgba(104,162,156,1)
4,10: (26728,54227,57568,65535)  #68D3E0FF  srgba(104,211,224,1)
5,10: (26985,40349,36751,65535)  #699D8FFF  srgba(105,157,143,1)
6,10: (27242,44204,47288,65535)  #6AACB8FF  srgba(106,172,184,1)
7,10: (28270,48830,47545,65535)  #6EBEB9FF  srgba(110,190,185,1)
8,10: (28527,46003,46260,65535)  #6FB3B4FF  srgba(111,179,180,1)
9,10: (30583,59624,57568,65535)  #77E8E0FF  srgba(119,232,224,1)
10,10: (32639,42405,40092,65535)  #7FA59CFF  srgba(127,165,156,1)
11,10: (32639,60909,60652,65535)  #7FEDECFF  srgba(127,237,236,1)
12,10: (33667,31354,32382,65535)  #837A7EFF  srgba(131,122,126,1)
13,10: (33667,42662,37779,65535)  #83A693FF  srgba(131,166,147,1)
14,10: (34695,14135,13107,65535)  #873733FF  srgba(135,55,51,1)
15,10: (34952,43690,40606,65535)  #88AA9EFF  srgba(136,170,158,1)
0,11: (34952,46003,46517,65535)  #88B3B5FF  srgba(136,179,181,1)
1,11: (35209,42662,40092,65535)  #89A69CFF  srgba(137,166,156,1)
2,11: (35466,39835,36494,65535)  #8A9B8EFF  srgba(138,155,142,1)
3,11: (35466,41891,38293,65535)  #8AA395FF  srgba(138,163,149,1)
4,11: (35980,27756,22616,65535)  #8C6C58FF  srgba(140,108,88,1)
5,11: (35980,40349,40606,65535)  #8C9D9EFF  srgba(140,157,158,1)
6,11: (36494,41891,40349,65535)  #8EA39DFF  srgba(142,163,157,1)
7,11: (36494,51143,49858,65535)  #8EC7C2FF  srgba(142,199,194,1)
8,11: (36751,41634,40349,65535)  #8FA29DFF  srgba(143,162,157,1)
9,11: (37265,61937,61166,65535)  #91F1EEFF  srgba(145,241,238,1)
10,11: (38293,17990,21074,65535)  #954652FF  srgba(149,70,82,1)
11,11: (38550,44461,45489,65535)  #96ADB1FF  srgba(150,173,177,1)
12,11: (38807,32639,31354,65535)  #977F7AFF  srgba(151,127,122,1)
13,11: (38807,42405,40092,65535)  #97A59CFF  srgba(151,165,156,1)
14,11: (39321,42662,37522,65535)  #99A692FF  srgba(153,166,146,1)
15,11: (39578,42405,44718,65535)  #9AA5AEFF  srgba(154,165,174,1)
0,12: (39578,58596,59367,65535)  #9AE4E7FF  srgba(154,228,231,1)
1,12: (39835,40092,36237,65535)  #9B9C8DFF  srgba(155,156,141,1)
2,12: (40606,45746,47288,65535)  #9EB2B8FF  srgba(158,178,184,1)
3,12: (40606,52942,55255,65535)  #9ECED7FF  srgba(158,206,215,1)
4,12: (40863,41891,38036,65535)  #9FA394FF  srgba(159,163,148,1)
5,12: (40863,56540,59367,65535)  #9FDCE7FF  srgba(159,220,231,1)
6,12: (41120,53456,59367,65535)  #A0D0E7FF  srgba(160,208,231,1)
7,12: (41120,58596,56797,65535)  #A0E4DDFF  srgba(160,228,221,1)
8,12: (41120,62194,61680,65535)  #A0F2F0FF  srgba(160,242,240,1)
9,12: (41634,56797,55512,65535)  #A2DDD8FF  srgba(162,221,216,1)
10,12: (41891,41634,40606,65535)  #A3A29EFF  srgba(163,162,158,1)
11,12: (42148,42662,37779,65535)  #A4A693FF  srgba(164,166,147,1)
12,12: (42148,42662,41120,65535)  #A4A6A0FF  srgba(164,166,160,1)
13,12: (42405,51914,50886,65535)  #A5CAC6FF  srgba(165,202,198,1)
14,12: (42662,42662,43947,65535)  #A6A6ABFF  srgba(166,166,171,1)
15,12: (42919,58082,56283,65535)  #A7E2DBFF  srgba(167,226,219,1)
0,13: (43176,42919,43947,65535)  #A8A7ABFF  srgba(168,167,171,1)
1,13: (43176,58339,56540,65535)  #A8E3DCFF  srgba(168,227,220,1)
2,13: (43433,58339,56540,65535)  #A9E3DCFF  srgba(169,227,220,1)
3,13: (43433,58339,56797,65535)  #A9E3DDFF  srgba(169,227,221,1)
4,13: (43433,58339,58596,65535)  #A9E3E4FF  srgba(169,227,228,1)
5,13: (43690,41634,41377,65535)  #AAA2A1FF  srgba(170,162,161,1)
6,13: (43690,58596,56540,65535)  #AAE4DCFF  srgba(170,228,220,1)
7,13: (43947,62194,62194,65535)  #ABF2F2FF  srgba(171,242,242,1)
8,13: (44204,43176,44204,65535)  #ACA8ACFF  srgba(172,168,172,1)
9,13: (44461,42919,43176,65535)  #ADA7A8FF  srgba(173,167,168,1)
10,13: (44975,42919,41891,65535)  #AFA7A3FF  srgba(175,167,163,1)
11,13: (44975,51400,57568,65535)  #AFC8E0FF  srgba(175,200,224,1)
12,13: (44975,58082,56026,65535)  #AFE2DAFF  srgba(175,226,218,1)
13,13: (45232,45489,46774,65535)  #B0B1B6FF  srgba(176,177,182,1)
14,13: (45232,55512,56797,65535)  #B0D8DDFF  srgba(176,216,221,1)
15,13: (45489,51143,53456,65535)  #B1C7D0FF  srgba(177,199,208,1)
0,14: (45746,39321,37008,65535)  #B29990FF  srgba(178,153,144,1)
1,14: (46003,50629,50372,65535)  #B3C5C4FF  srgba(179,197,196,1)
2,14: (47288,29812,32896,65535)  #B87480FF  srgba(184,116,128,1)
3,14: (48316,61423,61937,65535)  #BCEFF1FF  srgba(188,239,241,1)
4,14: (49858,47802,48316,65535)  #C2BABCFF  srgba(194,186,188,1)
5,14: (50372,51657,51914,65535)  #C4C9CAFF  srgba(196,201,202,1)
6,14: (51914,40863,40606,65535)  #CA9F9EFF  srgba(202,159,158,1)
7,14: (51914,42148,42148,65535)  #CAA4A4FF  srgba(202,164,164,1)
8,14: (52171,43176,44975,65535)  #CBA8AFFF  srgba(203,168,175,1)
9,14: (52685,53456,56283,65535)  #CDD0DBFF  srgba(205,208,219,1)
10,14: (52942,51400,51657,65535)  #CEC8C9FF  srgba(206,200,201,1)
11,14: (52942,60138,61166,65535)  #CEEAEEFF  srgba(206,234,238,1)
12,14: (53199,42919,43690,65535)  #CFA7AAFF  srgba(207,167,170,1)
13,14: (53199,55769,57568,65535)  #CFD9E0FF  srgba(207,217,224,1)
14,14: (54227,42662,43433,65535)  #D3A6A9FF  srgba(211,166,169,1)
15,14: (55255,42919,43947,65535)  #D7A7ABFF  srgba(215,167,171,1)
0,15: (55255,58082,56797,65535)  #D7E2DDFF  srgba(215,226,221,1)
1,15: (55769,43176,43433,65535)  #D9A8A9FF  srgba(217,168,169,1)
2,15: (56797,59110,60652,65535)  #DDE6ECFF  srgba(221,230,236,1)
3,15: (57054,53199,51657,65535)  #DECFC9FF  srgba(222,207,201,1)
4,15: (57311,42662,43176,65535)  #DFA6A8FF  srgba(223,166,168,1)
5,15: (58339,42919,43690,65535)  #E3A7AAFF  srgba(227,167,170,1)
6,15: (58339,43176,43690,65535)  #E3A8AAFF  srgba(227,168,170,1)
7,15: (58339,58339,58853,65535)  #E3E3E5FF  srgba(227,227,229,1)
8,15: (58596,42662,43433,65535)  #E4A6A9FF  srgba(228,166,169,1)
9,15: (58596,56797,57568,65535)  #E4DDE0FF  srgba(228,221,224,1)
10,15: (58596,58596,59367,65535)  #E4E4E7FF  srgba(228,228,231,1)
11,15: (58853,55255,57825,65535)  #E5D7E1FF  srgba(229,215,225,1)
12,15: (59110,58853,59624,65535)  #E6E5E8FF  srgba(230,229,232,1)
13,15: (59367,58853,58596,65535)  #E7E5E4FF  srgba(231,229,228,1)
14,15: (59367,59110,59881,65535)  #E7E6E9FF  srgba(231,230,233,1)
15,15: (0,65535,0,0)  #00FF0000  srgba(0,255,0,0)
