# ImageMagick pixel enumeration: 16,16,65535,srgba
0,0: (0,0,0,65535)  #000000FF  black
1,0: (0,0,514,65535)  #000002FF  srgba(0,0,2,1)
2,0: (0,0,1799,65535)  #000007FF  srgba(0,0,7,1)
3,0: (0,0,4112,65535)  #000010FF  srgba(0,0,16,1)
4,0: (0,0,6168,65535)  #000018FF  srgba(0,0,24,1)
5,0: (0,0,8738,65535)  #000022FF  srgba(0,0,34,1)
6,0: (0,0,10537,65535)  #000029FF  srgba(0,0,41,1)
7,0: (0,0,13621,65535)  #000035FF  srgba(0,0,53,1)
8,0: (0,0,14135,65535)  #000037FF  srgba(0,0,55,1)
9,0: (0,0,14906,65535)  #00003AFF  srgba(0,0,58,1)
10,0: (0,2313,13364,65535)  #000934FF  srgba(0,9,52,1)
11,0: (257,0,9509,65535)  #010025FF  srgba(1,0,37,1)
12,0: (257,0,10280,65535)  #010028FF  srgba(1,0,40,1)
13,0: (257,0,11051,65535)  #01002BFF  srgba(1,0,43,1)
14,0: (257,0,15420,65535)  #01003CFF  srgba(1,0,60,1)
15,0: (257,257,14649,65535)  #010139FF  srgba(1,1,57,1)
0,1: (257,257,15677,65535)  #01013DFF  srgba(1,1,61,1)
1,1: (514,0,13364,65535)  #020034FF  srgba(2,0,52,1)
2,1: (514,0,14392,65535)  #020038FF  srgba(2,0,56,1)
3,1: (514,0,14906,65535)  #02003AFF  srgba(2,0,58,1)
4,1: (771,0,8224,65535)  #030020FF  srgba(3,0,32,1)
5,1: (771,0,11051,65535)  #03002BFF  srgba(3,0,43,1)
6,1: (771,0,13621,65535)  #030035FF  srgba(3,0,53,1)
7,1: (771,0,15163,65535)  #03003BFF  srgba(3,0,59,1)
8,1: (771,0,15420,65535)  #03003CFF  srgba(3,0,60,1)
9,1: (771,0,15934,65535)  #03003EFF  srgba(3,0,62,1)
10,1: (771,257,771,65535)  #030103FF  srgba(3,1,3,1)
11,1: (771,257,5654,65535)  #030116FF  srgba(3,1,22,1)
12,1: (771,514,3084,65535)  #03020CFF  srgba(3,2,12,1)
13,1: (771,1028,13107,65535)  #030433FF  srgba(3,4,51,1)
14,1: (771,3598,14906,65535)  #030E3AFF  srgba(3,14,58,1)
15,1: (1028,0,14135,65535)  #040037FF  srgba(4,0,55,1)
0,2: (1028,0,14906,65535)  #04003AFF  srgba(4,0,58,1)
1,2: (1285,0,15163,65535)  #05003BFF  srgba(5,0,59,1)
2,2: (1285,0,15934,65535)  #05003EFF  srgba(5,0,62,1)
3,2: (1285,257,1542,65535)  #050106FF  srgba(5,1,6,1)
4,2: (1285,514,14906,65535)  #05023AFF  srgba(5,2,58,1)
5,2: (1285,1028,15420,65535)  #05043CFF  srgba(5,4,60,1)
6,2: (1285,9252,15163,65535)  #05243BFF  srgba(5,36,59,1)
7,2: (1542,0,13107,65535)  #060033FF  srgba(6,0,51,1)
8,2: (1542,0,15163,65535)  #06003BFF  srgba(6,0,59,1)
9,2: (1542,0,15420,65535)  #06003CFF  srgba(6,0,60,1)
10,2: (1542,0,15934,65535)  #06003EFF  srgba(6,0,62,1)
11,2: (1542,257,16448,65535)  #060140FF  srgba(6,1,64,1)
12,2: (1799,1028,16191,65535)  #07043FFF  srgba(7,4,63,1)
13,2: (2056,0,12336,65535)  #080030FF  srgba(8,0,48,1)
14,2: (2056,0,12593,65535)  #080031FF  srgba(8,0,49,1)
15,2: (2056,0,13364,65535)  #080034FF  srgba(8,0,52,1)
0,3: (2056,2056,15420,65535)  #08083CFF  srgba(8,8,60,1)
1,3: (2313,0,257,65535)  #090001FF  srgba(9,0,1,1)
2,3: (2313,0,14135,65535)  #090037FF  srgba(9,0,55,1)
3,3: (2313,257,4626,65535)  #090112FF  srgba(9,1,18,1)
4,3: (2313,257,16191,65535)  #09013FFF  srgba(9,1,63,1)
5,3: (2313,1799,3855,65535)  #09070FFF  srgba(9,7,15,1)
6,3: (2570,0,9766,65535)  #0A0026FF  srgba(10,0,38,1)
7,3: (2570,0,14649,65535)  #0A0039FF  srgba(10,0,57,1)
8,3: (2570,0,15163,65535)  #0A003BFF  srgba(10,0,59,1)
9,3: (2570,0,15163,65535)  #0A003BFF  srgba(10,0,59,1)
10,3: (2570,257,15420,65535)  #0A013CFF  srgba(10,1,60,1)
11,3: (2827,0,4626,65535)  #0B0012FF  srgba(11,0,18,1)
12,3: (2827,0,7453,65535)  #0B001DFF  srgba(11,0,29,1)
13,3: (2827,514,10794,65535)  #0B022AFF  srgba(11,2,42,1)
14,3: (3084,514,14135,65535)  #0C0237FF  srgba(12,2,55,1)
15,3: (3855,1799,16962,65535)  #0F0742FF  srgba(15,7,66,1)
0,4: (4112,257,16191,65535)  #10013FFF  srgba(16,1,63,1)
1,4: (4626,257,13364,65535)  #120134FF  srgba(18,1,52,1)
2,4: (4626,3084,16705,65535)  #120C41FF  srgba(18,12,65,1)
3,4: (4883,257,15163,65535)  #13013BFF  srgba(19,1,59,1)
4,4: (4883,514,1799,65535)  #130207FF  srgba(19,2,7,1)
5,4: (4883,8481,18247,65535)  #132147FF  srgba(19,33,71,1)
6,4: (5397,3084,18504,65535)  #150C48FF  srgba(21,12,72,1)
7,4: (5654,257,13621,65535)  #160135FF  srgba(22,1,53,1)
8,4: (5654,5140,17733,65535)  #161445FF  srgba(22,20,69,1)
9,4: (5911,514,16448,65535)  #170240FF  srgba(23,2,64,1)
10,4: (6168,514,6682,65535)  #18021AFF  srgba(24,2,26,1)
11,4: (6168,1799,16962,65535)  #180742FF  srgba(24,7,66,1)
12,4: (6682,771,15163,65535)  #1A033BFF  srgba(26,3,59,1)
13,4: (6682,1285,1285,65535)  #1A0505FF  srgba(26,5,5,1)
14,4: (7196,771,13107,65535)  #1C0333FF  srgba(28,3,51,1)
15,4: (7196,8738,21331,65535)  #1C2253FF  srgba(28,34,83,1)
0,5: (7453,3084,6939,65535)  #1D0C1BFF  srgba(29,12,27,1)
1,5: (7453,5140,20046,65535)  #1D144EFF  srgba(29,20,78,1)
2,5: (7710,12593,21845,65535)  #1E3155FF  srgba(30,49,85,1)
3,5: (7967,1799,16962,65535)  #1F0742FF  srgba(31,7,66,1)
4,5: (7967,3341,11822,65535)  #1F0D2EFF  srgba(31,13,46,1)
5,5: (7967,7196,7453,65535)  #1F1C1DFF  srgba(31,28,29,1)
6,5: (8224,3084,17733,65535)  #200C45FF  srgba(32,12,69,1)
7,5: (8481,3084,2056,65535)  #210C08FF  srgba(33,12,8,1)
8,5: (9252,8995,9766,65535)  #242326FF  srgba(36,35,38,1)
9,5: (10023,3341,17476,65535)  #270D44FF  srgba(39,13,68,1)
10,5: (10537,3855,18761,65535)  #290F49FF  srgba(41,15,73,1)
11,5: (10537,4883,20046,65535)  #29134EFF  srgba(41,19,78,1)
12,5: (10537,13621,23901,65535)  #29355DFF  srgba(41,53,93,1)
13,5: (11565,4369,11308,65535)  #2D112CFF  srgba(45,17,44,1)
14,5: (11822,4626,3341,65535)  #2E120DFF  srgba(46,18,13,1)
15,5: (12079,4883,19018,65535)  #2F134AFF  srgba(47,19,74,1)
0,6: (12593,8481,12336,65535)  #312130FF  srgba(49,33,48,1)
1,6: (12593,10794,20817,65535)  #312A51FF  srgba(49,42,81,1)
2,6: (12850,5654,20817,65535)  #321651FF  srgba(50,22,81,1)
3,6: (12850,13107,25957,65535)  #323365FF  srgba(50,51,101,1)
4,6: (12850,17476,24929,65535)  #324461FF  srgba(50,68,97,1)
5,6: (13107,5911,12336,65535)  #331730FF  srgba(51,23,48,1)
6,6: (13107,6168,5654,65535)  #331816FF  srgba(51,24,22,1)
7,6: (13621,7710,21331,65535)  #351E53FF  srgba(53,30,83,1)
8,6: (13621,8481,21588,65535)  #352154FF  srgba(53,33,84,1)
9,6: (13878,5140,19018,65535)  #36144AFF  srgba(54,20,74,1)
10,6: (13878,7196,21074,65535)  #361C52FF  srgba(54,28,82,1)
11,6: (13878,8738,23644,65535)  #36225CFF  srgba(54,34,92,1)
12,6: (14392,19532,28270,65535)  #384C6EFF  srgba(56,76,110,1)
13,6: (14906,6425,21074,65535)  #3A1952FF  srgba(58,25,82,1)
14,6: (15163,11308,24158,65535)  #3B2C5EFF  srgba(59,44,94,1)
15,6: (15934,11822,26214,65535)  #3E2E66FF  srgba(62,46,102,1)
0,7: (16191,21845,30840,65535)  #3F5578FF  srgba(63,85,120,1)
1,7: (16448,7710,21588,65535)  #401E54FF  srgba(64,30,84,1)
2,7: (16448,7967,13107,65535)  #401F33FF  srgba(64,31,51,1)
3,7: (16448,8481,23644,65535)  #40215CFF  srgba(64,33,92,1)
4,7: (16705,7967,6425,65535)  #411F19FF  srgba(65,31,25,1)
5,7: (16962,8738,21845,65535)  #422255FF  srgba(66,34,85,1)
6,7: (17219,8224,9766,65535)  #432026FF  srgba(67,32,38,1)
7,7: (17219,9766,22359,65535)  #432657FF  srgba(67,38,87,1)
8,7: (17476,10280,18504,65535)  #442848FF  srgba(68,40,72,1)
9,7: (17733,8995,23644,65535)  #45235CFF  srgba(69,35,92,1)
10,7: (17990,10537,24158,65535)  #46295EFF  srgba(70,41,94,1)
11,7: (17990,12079,26471,65535)  #462F67FF  srgba(70,47,103,1)
12,7: (17990,17476,18504,65535)  #464448FF  srgba(70,68,72,1)
13,7: (19018,25957,33410,65535)  #4A6582FF  srgba(74,101,130,1)
14,7: (19275,17733,24158,65535)  #4B455EFF  srgba(75,69,94,1)
15,7: (19532,9766,8224,65535)  #4C2620FF  srgba(76,38,32,1)
0,8: (19532,10280,11822,65535)  #4C282EFF  srgba(76,40,46,1)
1,8: (19789,9509,21845,65535)  #4D2555FF  srgba(77,37,85,1)
2,8: (20046,10023,23901,65535)  #4E275DFF  srgba(78,39,93,1)
3,8: (20046,10280,24929,65535)  #4E2861FF  srgba(78,40,97,1)
4,8: (20046,21588,31868,65535)  #4E547CFF  srgba(78,84,124,1)
5,8: (20303,20303,22873,65535)  #4F4F59FF  srgba(79,79,89,1)
6,8: (20817,12079,26728,65535)  #512F68FF  srgba(81,47,104,1)
7,8: (20817,28270,35723,65535)  #516E8BFF  srgba(81,110,139,1)
8,8: (21074,10794,11051,65535)  #522A2BFF  srgba(82,42,43,1)
9,8: (21331,10280,8481,65535)  #532821FF  srgba(83,40,33,1)
10,8: (21588,10537,8995,65535)  #542923FF  srgba(84,41,35,1)
11,8: (21588,10537,9509,65535)  #542925FF  srgba(84,41,37,1)
12,8: (21588,12079,24672,65535)  #542F60FF  srgba(84,47,96,1)
13,8: (21588,12079,25700,65535)  #542F64FF  srgba(84,47,100,1)
14,8: (21845,12593,22102,65535)  #553156FF  srgba(85,49,86,1)
15,8: (22102,13621,27499,65535)  #56356BFF  srgba(86,53,107,1)
0,9: (22359,21074,22873,65535)  #575259FF  srgba(87,82,89,1)
1,9: (22873,14906,29298,65535)  #593A72FF  srgba(89,58,114,1)
2,9: (23130,12336,26728,65535)  #5A3068FF  srgba(90,48,104,1)
3,9: (23387,18504,24672,65535)  #5B4860FF  srgba(91,72,96,1)
4,9: (23644,14392,28527,65535)  #5C386FFF  srgba(92,56,111,1)
5,9: (23901,13878,27499,65535)  #5D366BFF  srgba(93,54,107,1)
6,9: (24415,29298,37522,65535)  #5F7292FF  srgba(95,114,146,1)
7,9: (24672,32125,37779,65535)  #607D93FF  srgba(96,125,147,1)
8,9: (24929,15163,29298,65535)  #613B72FF  srgba(97,59,114,1)
9,9: (25186,19018,32125,65535)  #624A7DFF  srgba(98,74,125,1)
10,9: (25443,13107,25957,65535)  #633365FF  srgba(99,51,101,1)
11,9: (25443,13878,27242,65535)  #63366AFF  srgba(99,54,106,1)
12,9: (25443,27242,34695,65535)  #636A87FF  srgba(99,106,135,1)
13,9: (25700,16191,30069,65535)  #643F75FF  srgba(100,63,117,1)
14,9: (25700,17990,30583,65535)  #644677FF  srgba(100,70,119,1)
15,9: (25700,18504,24929,65535)  #644861FF  srgba(100,72,97,1)
0,10: (26214,14392,27756,65535)  #66386CFF  srgba(102,56,108,1)
1,10: (26214,15163,29555,65535)  #663B73FF  srgba(102,59,115,1)
2,10: (26214,33667,40606,65535)  #66839EFF  srgba(102,131,158,1)
3,10: (26471,14392,28013,65535)  #67386DFF  srgba(103,56,109,1)
4,10: (26471,14906,28527,65535)  #673A6FFF  srgba(103,58,111,1)
5,10: (26728,16705,30583,65535)  #684177FF  srgba(104,65,119,1)
6,10: (26985,15420,25957,65535)  #693C65FF  srgba(105,60,101,1)
7,10: (27242,17219,26471,65535)  #6A4367FF  srgba(106,67,103,1)
8,10: (27242,36237,41891,65535)  #6A8DA3FF  srgba(106,141,163,1)
9,10: (27499,15420,28270,65535)  #6B3C6EFF  srgba(107,60,110,1)
10,10: (27499,16448,27499,65535)  #6B406BFF  srgba(107,64,107,1)
11,10: (27756,15420,29298,65535)  #6C3C72FF  srgba(108,60,114,1)
12,10: (28013,15163,28527,65535)  #6D3B6FFF  srgba(109,59,111,1)
13,10: (28270,16191,30069,65535)  #6E3F75FF  srgba(110,63,117,1)
14,10: (28527,15163,27242,65535)  #6F3B6AFF  srgba(111,59,106,1)
15,10: (28784,15163,27756,65535)  #703B6CFF  srgba(112,59,108,1)
0,11: (28784,15163,28270,65535)  #703B6EFF  srgba(112,59,110,1)
1,11: (28784,17990,31354,65535)  #70467AFF  srgba(112,70,122,1)
2,11: (29041,15420,28527,65535)  #713C6FFF  srgba(113,60,111,1)
3,11: (29041,15934,28784,65535)  #713E70FF  srgba(113,62,112,1)
4,11: (29041,16191,30069,65535)  #713F75FF  srgba(113,63,117,1)
5,11: (29041,16448,30069,65535)  #714075FF  srgba(113,64,117,1)
6,11: (29041,16705,28527,65535)  #71416FFF  srgba(113,65,111,1)
7,11: (29041,39321,43947,65535)  #7199ABFF  srgba(113,153,171,1)
8,11: (29298,15163,28013,65535)  #723B6DFF  srgba(114,59,109,1)
9,11: (29298,15163,28527,65535)  #723B6FFF  srgba(114,59,111,1)
10,11: (29298,15677,29555,65535)  #723D73FF  srgba(114,61,115,1)
11,11: (29298,16705,29812,65535)  #724174FF  srgba(114,65,116,1)
12,11: (29298,17476,29812,65535)  #724474FF  srgba(114,68,116,1)
13,11: (29555,15677,29041,65535)  #733D71FF  srgba(115,61,113,1)
14,11: (29812,15677,29555,65535)  #743D73FF  srgba(116,61,115,1)
15,11: (29812,16191,29298,65535)  #743F72FF  srgba(116,63,114,1)
0,12: (29812,16191,30069,65535)  #743F75FF  srgba(116,63,117,1)
1,12: (30069,15677,28784,65535)  #753D70FF  srgba(117,61,112,1)
2,12: (30069,16191,29041,65535)  #753F71FF  srgba(117,63,113,1)
3,12: (30069,16191,30069,65535)  #753F75FF  srgba(117,63,117,1)
4,12: (30069,16448,29555,65535)  #754073FF  srgba(117,64,115,1)
5,12: (30326,16448,30069,65535)  #764075FF  srgba(118,64,117,1)
6,12: (30583,16448,29555,65535)  #774073FF  srgba(119,64,115,1)
7,12: (30840,17733,30069,65535)  #784575FF  srgba(120,69,117,1)
8,12: (31097,39064,44975,65535)  #7998AFFF  srgba(121,152,175,1)
9,12: (31354,40092,45746,65535)  #7A9CB2FF  srgba(122,156,178,1)
10,12: (31611,32639,40092,65535)  #7B7F9CFF  srgba(123,127,156,1)
11,12: (31611,41377,46260,65535)  #7BA1B4FF  srgba(123,161,180,1)
12,12: (31868,42919,46517,65535)  #7CA7B5FF  srgba(124,167,181,1)
13,12: (32125,20560,31097,65535)  #7D5079FF  srgba(125,80,121,1)
14,12: (32125,43947,46517,65535)  #7DABB5FF  srgba(125,171,181,1)
15,12: (32639,44718,47031,65535)  #7FAEB7FF  srgba(127,174,183,1)
0,13: (33667,43433,47802,65535)  #83A9BAFF  srgba(131,169,186,1)
1,13: (33667,44975,48059,65535)  #83AFBBFF  srgba(131,175,187,1)
2,13: (33924,23130,32896,65535)  #845A80FF  srgba(132,90,128,1)
3,13: (33924,44718,46774,65535)  #84AEB6FF  srgba(132,174,182,1)
4,13: (34438,42405,46003,65535)  #86A5B3FF  srgba(134,165,179,1)
5,13: (35209,26214,34181,65535)  #896685FF  srgba(137,102,133,1)
6,13: (35980,45746,47031,65535)  #8CB2B7FF  srgba(140,178,183,1)
7,13: (36494,46003,48316,65535)  #8EB3BCFF  srgba(142,179,188,1)
8,13: (37265,34181,41891,65535)  #9185A3FF  srgba(145,133,163,1)
9,13: (37522,27499,37008,65535)  #926B90FF  srgba(146,107,144,1)
10,13: (38293,31354,38036,65535)  #957A94FF  srgba(149,122,148,1)
11,13: (39064,47802,48830,65535)  #98BABEFF  srgba(152,186,190,1)
12,13: (40863,49601,50886,65535)  #9FC1C6FF  srgba(159,193,198,1)
13,13: (41891,32639,41120,65535)  #A37FA0FF  srgba(163,127,160,1)
14,13: (43433,35980,42662,65535)  #A98CA6FF  srgba(169,140,166,1)
15,13: (43690,50629,51400,65535)  #AAC5C8FF  srgba(170,197,200,1)
0,14: (44204,38807,43433,65535)  #AC97A9FF  srgba(172,151,169,1)
1,14: (44975,42148,47288,65535)  #AFA4B8FF  srgba(175,164,184,1)
2,14: (45232,38293,46003,65535)  #B095B3FF  srgba(176,149,179,1)
3,14: (46260,52685,53970,65535)  #B4CDD2FF  srgba(180,205,210,1)
4,14: (47288,50115,53713,65535)  #B8C3D1FF  srgba(184,195,209,1)
5,14: (48059,54484,55255,65535)  #BBD4D7FF  srgba(187,212,215,1)
6,14: (49087,41891,48316,65535)  #BFA3BCFF  srgba(191,163,188,1)
7,14: (49087,45489,49601,65535)  #BFB1C1FF  srgba(191,177,193,1)
8,14: (49601,48830,50629,65535)  #C1BEC5FF  srgba(193,190,197,1)
9,14: (50629,57311,57568,65535)  #C5DFE0FF  srgba(197,223,224,1)
10,14: (53713,47802,52942,65535)  #D1BACEFF  srgba(209,186,206,1)
11,14: (53713,59110,59367,65535)  #D1E6E7FF  srgba(209,230,231,1)
12,14: (54484,52171,54227,65535)  #D4CBD3FF  srgba(212,203,211,1)
13,14: (55769,53199,56797,65535)  #D9CFDDFF  srgba(217,207,221,1)
14,14: (56283,58853,58853,65535)  #DBE5E5FF  srgba(219,229,229,1)
15,14: (56540,61166,61423,65535)  #DCEEEFFF  srgba(220,238,239,1)
0,15: (58596,57311,58596,65535)  #E4DFE4FF  srgba(228,223,228,1)
1,15: (58853,53970,58596,65535)  #E5D2E4FF  srgba(229,210,228,1)
2,15: (58853,60395,60138,65535)  #E5EBEAFF  srgba(229,235,234,1)
3,15: (58853,61937,62194,65535)  #E5F1F2FF  srgba(229,241,242,1)
4,15: (60652,59881,60395,65535)  #ECE9EBFF  srgba(236,233,235,1)
5,15: (60652,62451,62194,65535)  #ECF3F2FF  srgba(236,243,242,1)
6,15: (60909,60652,61680,65535)  #EDECF0FF  srgba(237,236,240,1)
7,15: (61680,61166,61166,65535)  #F0EEEEFF  srgba(240,238,238,1)
8,15: (61680,61423,61937,65535)  #F0EFF1FF  srgba(240,239,241,1)
9,15: (61680,62451,62194,65535)  #F0F3F2FF  srgba(240,243,242,1)
10,15: (62194,61680,61937,65535)  #F2F0F1FF  srgba(242,240,241,1)
11,15: (62451,62451,61166,65535)  #F3F3EEFF  srgba(243,243,238,1)
12,15: (62451,62451,62451,65535)  #F3F3F3FF  srgba(243,243,243,1)
13,15: (62451,62708,62451,65535)  #F3F4F3FF  srgba(243,244,243,1)
14,15: (62708,60395,62965,65535)  #F4EBF5FF  srgba(244,235,245,1)
15,15: (0,65535,0,0)  #00FF0000  srgba(0,255,0,0)
