# ImageMagick pixel enumeration: 16,16,65535,srgba
0,0: (0,0,0,65535)  #000000FF  black
1,0: (0,0,257,65535)  #000001FF  srgba(0,0,1,1)
2,0: (1028,0,1028,65535)  #040004FF  srgba(4,0,4,1)
3,0: (4883,3084,2827,65535)  #130C0BFF  srgba(19,12,11,1)
4,0: (6168,6425,6425,65535)  #181919FF  srgba(24,25,25,1)
5,0: (8995,16448,17219,65535)  #234043FF  srgba(35,64,67,1)
6,0: (9766,10537,5397,65535)  #262915FF  srgba(38,41,21,1)
7,0: (10280,1028,1799,65535)  #280407FF  srgba(40,4,7,1)
8,0: (10794,1799,19018,65535)  #2A074AFF  srgba(42,7,74,1)
9,0: (11822,0,9252,65535)  #2E0024FF  srgba(46,0,36,1)
10,0: (12593,0,24158,65535)  #31005EFF  srgba(49,0,94,1)
11,0: (12850,40349,43690,65535)  #329DAAFF  srgba(50,157,170,1)
12,0: (14649,63736,65535,65535)  #39F8FFFF  srgba(57,248,255,1)
13,0: (15420,16191,2570,65535)  #3C3F0AFF  srgba(60,63,10,1)
14,0: (15677,63479,64764,65535)  #3DF7FCFF  srgba(61,247,252,1)
15,0: (16448,63479,65278,65535)  #40F7FEFF  srgba(64,247,254,1)
0,1: (17733,61166,65021,65535)  #45EEFDFF  srgba(69,238,253,1)
1,1: (18504,62451,65021,65535)  #48F3FDFF  srgba(72,243,253,1)
2,1: (18761,58596,65021,65535)  #49E4FDFF  srgba(73,228,253,1)
3,1: (19018,21331,26728,65535)  #4A5368FF  srgba(74,83,104,1)
4,1: (19275,63479,65535,65535)  #4BF7FFFF  srgba(75,247,255,1)
5,1: (19532,52428,64764,65535)  #4CCCFCFF  srgba(76,204,252,1)
6,1: (19789,15420,60138,65535)  #4D3CEAFF  srgba(77,60,234,1)
7,1: (20817,1028,2570,65535)  #51040AFF  srgba(81,4,10,1)
8,1: (20817,36751,60909,65535)  #518FEDFF  srgba(81,143,237,1)
9,1: (21074,56283,59881,65535)  #52DBE9FF  srgba(82,219,233,1)
10,1: (21331,1799,6939,65535)  #53071BFF  srgba(83,7,27,1)
11,1: (21331,3341,59624,65535)  #530DE8FF  srgba(83,13,232,1)
12,1: (22359,26214,26471,65535)  #576667FF  srgba(87,102,103,1)
13,1: (22616,23901,13621,65535)  #585D35FF  srgba(88,93,53,1)
14,1: (22873,21845,17990,65535)  #595546FF  srgba(89,85,70,1)
15,1: (23130,50115,64764,65535)  #5AC3FCFF  srgba(90,195,252,1)
0,2: (23130,57568,65021,65535)  #5AE0FDFF  srgba(90,224,253,1)
1,2: (23130,62451,65278,65535)  #5AF3FEFF  srgba(90,243,254,1)
2,2: (23387,61166,65021,65535)  #5BEEFDFF  srgba(91,238,253,1)
3,2: (23644,42148,64250,65535)  #5CA4FAFF  srgba(92,164,250,1)
4,2: (23644,63479,65278,65535)  #5CF7FEFF  srgba(92,247,254,1)
5,2: (24158,0,37265,65535)  #5E0091FF  srgba(94,0,145,1)
6,2: (24158,2313,48830,65535)  #5E09BEFF  srgba(94,9,190,1)
7,2: (24415,15934,60138,65535)  #5F3EEAFF  srgba(95,62,234,1)
8,2: (24415,22873,25957,65535)  #5F5965FF  srgba(95,89,101,1)
9,2: (25443,0,59881,65535)  #6300E9FF  srgba(99,0,233,1)
10,2: (25443,37522,61166,65535)  #6392EEFF  srgba(99,146,238,1)
11,2: (25700,2570,27499,65535)  #640A6BFF  srgba(100,10,107,1)
12,2: (25700,63479,65535,65535)  #64F7FFFF  srgba(100,247,255,1)
13,2: (26214,62194,65021,65535)  #66F2FDFF  srgba(102,242,253,1)
14,2: (26214,63479,64507,65535)  #66F7FBFF  srgba(102,247,251,1)
15,2: (26471,59881,65021,65535)  #67E9FDFF  srgba(103,233,253,1)
0,3: (26728,53199,64764,65535)  #68CFFCFF  srgba(104,207,252,1)
1,3: (26985,26728,19018,65535)  #69684AFF  srgba(105,104,74,1)
2,3: (27242,26985,25700,65535)  #6A6964FF  srgba(106,105,100,1)
3,3: (27242,59110,60652,65535)  #6AE6ECFF  srgba(106,230,236,1)
4,3: (27756,19018,64250,65535)  #6C4AFAFF  srgba(108,74,250,1)
5,3: (28013,3084,59624,65535)  #6D0CE8FF  srgba(109,12,232,1)
6,3: (28013,29041,64250,65535)  #6D71FAFF  srgba(109,113,250,1)
7,3: (28013,30326,11565,65535)  #6D762DFF  srgba(109,118,45,1)
8,3: (28270,3084,63736,65535)  #6E0CF8FF  srgba(110,12,248,1)
9,3: (28784,0,64250,65535)  #7000FAFF  srgba(112,0,250,1)
10,3: (28784,16191,60138,65535)  #703FEAFF  srgba(112,63,234,1)
11,3: (29041,41891,64507,65535)  #71A3FBFF  srgba(113,163,251,1)
12,3: (29041,43433,61423,65535)  #71A9EFFF  srgba(113,169,239,1)
13,3: (29041,61166,64507,65535)  #71EEFBFF  srgba(113,238,251,1)
14,3: (29298,31868,60909,65535)  #727CEDFF  srgba(114,124,237,1)
15,3: (29298,53199,64764,65535)  #72CFFCFF  srgba(114,207,252,1)
0,4: (30069,42405,34952,65535)  #75A588FF  srgba(117,165,136,1)
1,4: (30326,0,59624,65535)  #7600E8FF  srgba(118,0,232,1)
2,4: (30583,60652,60909,65535)  #77ECEDFF  srgba(119,236,237,1)
3,4: (30840,2313,48830,65535)  #7809BEFF  srgba(120,9,190,1)
4,4: (31097,0,64250,65535)  #7900FAFF  srgba(121,0,250,1)
5,4: (31097,50886,64764,65535)  #79C6FCFF  srgba(121,198,252,1)
6,4: (31097,59367,64507,65535)  #79E7FBFF  srgba(121,231,251,1)
7,4: (31354,257,62451,65535)  #7A01F3FF  srgba(122,1,243,1)
8,4: (31611,0,64250,65535)  #7B00FAFF  srgba(123,0,250,1)
9,4: (32382,1285,64250,65535)  #7E05FAFF  srgba(126,5,250,1)
10,4: (32639,13621,59881,65535)  #7F35E9FF  srgba(127,53,233,1)
11,4: (32639,25443,60652,65535)  #7F63ECFF  srgba(127,99,236,1)
12,4: (32639,41891,64250,65535)  #7FA3FAFF  srgba(127,163,250,1)
13,4: (32639,53456,64764,65535)  #7FD0FCFF  srgba(127,208,252,1)
14,4: (33153,14392,42405,65535)  #8138A5FF  srgba(129,56,165,1)
15,4: (33410,0,59110,65535)  #8200E6FF  srgba(130,0,230,1)
0,5: (33410,39064,60652,65535)  #8298ECFF  srgba(130,152,236,1)
1,5: (33924,28270,35466,65535)  #846E8AFF  srgba(132,110,138,1)
2,5: (34181,14392,31354,65535)  #85387AFF  srgba(133,56,122,1)
3,5: (34181,60909,59881,65535)  #85EDE9FF  srgba(133,237,233,1)
4,5: (34952,0,63736,65535)  #8800F8FF  srgba(136,0,248,1)
5,5: (34952,1799,60395,65535)  #8807EBFF  srgba(136,7,235,1)
6,5: (34952,51657,64764,65535)  #88C9FCFF  srgba(136,201,252,1)
7,5: (36237,40092,64764,65535)  #8D9CFCFF  srgba(141,156,252,1)
8,5: (36751,1542,63993,65535)  #8F06F9FF  srgba(143,6,249,1)
9,5: (36751,39578,11565,65535)  #8F9A2DFF  srgba(143,154,45,1)
10,5: (37008,0,55255,65535)  #9000D7FF  srgba(144,0,215,1)
11,5: (37008,28784,64764,65535)  #9070FCFF  srgba(144,112,252,1)
12,5: (37265,0,60138,65535)  #9100EAFF  srgba(145,0,234,1)
13,5: (37265,0,62451,65535)  #9100F3FF  srgba(145,0,243,1)
14,5: (37265,40092,19789,65535)  #919C4DFF  srgba(145,156,77,1)
15,5: (37522,0,63736,65535)  #9200F8FF  srgba(146,0,248,1)
0,6: (37522,0,63736,65535)  #9200F8FF  srgba(146,0,248,1)
1,6: (37522,17219,64764,65535)  #9243FCFF  srgba(146,67,252,1)
2,6: (37779,0,12336,65535)  #930030FF  srgba(147,0,48,1)
3,6: (37779,0,61937,65535)  #9300F1FF  srgba(147,0,241,1)
4,6: (37779,31611,8481,65535)  #937B21FF  srgba(147,123,33,1)
5,6: (38036,0,47545,65535)  #9400B9FF  srgba(148,0,185,1)
6,6: (38293,2313,49858,65535)  #9509C2FF  srgba(149,9,194,1)
7,6: (38293,63222,58082,65535)  #95F6E2FF  srgba(149,246,226,1)
8,6: (38550,0,36237,65535)  #96008DFF  srgba(150,0,141,1)
9,6: (39321,59110,56540,65535)  #99E6DCFF  srgba(153,230,220,1)
10,6: (39321,62451,56540,65535)  #99F3DCFF  srgba(153,243,220,1)
11,6: (39578,0,62451,65535)  #9A00F3FF  srgba(154,0,243,1)
12,6: (39835,0,42662,65535)  #9B00A6FF  srgba(155,0,166,1)
13,6: (39835,39835,57054,65535)  #9B9BDEFF  srgba(155,155,222,1)
14,6: (40092,0,60909,65535)  #9C00EDFF  srgba(156,0,237,1)
15,6: (40092,0,63479,65535)  #9C00F7FF  srgba(156,0,247,1)
0,7: (40606,0,62451,65535)  #9E00F3FF  srgba(158,0,243,1)
1,7: (40606,13621,56540,65535)  #9E35DCFF  srgba(158,53,220,1)
2,7: (40606,46517,43433,65535)  #9EB5A9FF  srgba(158,181,169,1)
3,7: (40863,43690,22102,65535)  #9FAA56FF  srgba(159,170,86,1)
4,7: (41120,43690,17733,65535)  #A0AA45FF  srgba(160,170,69,1)
5,7: (41377,31354,15677,65535)  #A17A3DFF  srgba(161,122,61,1)
6,7: (41891,0,58596,65535)  #A300E4FF  srgba(163,0,228,1)
7,7: (41891,25443,56540,65535)  #A363DCFF  srgba(163,99,220,1)
8,7: (42405,63479,52428,65535)  #A5F7CCFF  srgba(165,247,204,1)
9,7: (43433,17219,9252,65535)  #A94324FF  srgba(169,67,36,1)
10,7: (44718,2570,34181,65535)  #AE0A85FF  srgba(174,10,133,1)
11,7: (44975,2056,15420,65535)  #AF083CFF  srgba(175,8,60,1)
12,7: (45489,15934,20817,65535)  #B13E51FF  srgba(177,62,81,1)
13,7: (45489,43690,42919,65535)  #B1AAA7FF  srgba(177,170,167,1)
14,7: (45489,48059,20560,65535)  #B1BB50FF  srgba(177,187,80,1)
15,7: (45746,0,41634,65535)  #B200A2FF  srgba(178,0,162,1)
0,8: (46003,0,28013,65535)  #B3006DFF  srgba(179,0,109,1)
1,8: (46003,0,37779,65535)  #B30093FF  srgba(179,0,147,1)
2,8: (46003,0,47288,65535)  #B300B8FF  srgba(179,0,184,1)
3,8: (46003,0,57054,65535)  #B300DEFF  srgba(179,0,222,1)
4,8: (46003,50886,43947,65535)  #B3C6ABFF  srgba(179,198,171,1)
5,8: (46517,62194,50629,65535)  #B5F2C5FF  srgba(181,242,197,1)
6,8: (46517,63736,48573,65535)  #B5F8BDFF  srgba(181,248,189,1)
7,8: (46517,63736,50372,65535)  #B5F8C4FF  srgba(181,248,196,1)
8,8: (47288,16191,31611,65535)  #B83F7BFF  srgba(184,63,123,1)
9,8: (47545,0,52171,65535)  #B900CBFF  srgba(185,0,203,1)
10,8: (47545,54227,53199,65535)  #B9D3CFFF  srgba(185,211,207,1)
11,8: (47802,15163,44204,65535)  #BA3BACFF  srgba(186,59,172,1)
12,8: (48059,2313,47802,65535)  #BB09BAFF  srgba(187,9,186,1)
13,8: (48316,29555,37008,65535)  #BC7390FF  srgba(188,115,144,1)
14,8: (48830,63736,46774,65535)  #BEF8B6FF  srgba(190,248,182,1)
15,8: (49344,40349,52428,65535)  #C09DCCFF  srgba(192,157,204,1)
0,9: (49344,53970,49087,65535)  #C0D2BFFF  srgba(192,210,191,1)
1,9: (50629,47802,21074,65535)  #C5BA52FF  srgba(197,186,82,1)
2,9: (50886,46003,44461,65535)  #C6B3ADFF  srgba(198,179,173,1)
3,9: (50886,57054,45232,65535)  #C6DEB0FF  srgba(198,222,176,1)
4,9: (51400,0,41891,65535)  #C800A3FF  srgba(200,0,163,1)
5,9: (51400,43433,34438,65535)  #C8A986FF  srgba(200,169,134,1)
6,9: (51657,0,47031,65535)  #C900B7FF  srgba(201,0,183,1)
7,9: (51657,64250,43947,65535)  #C9FAABFF  srgba(201,250,171,1)
8,9: (51914,0,36494,65535)  #CA008EFF  srgba(202,0,142,1)
9,9: (52171,52685,34952,65535)  #CBCD88FF  srgba(203,205,136,1)
10,9: (52171,64250,39064,65535)  #CBFA98FF  srgba(203,250,152,1)
11,9: (52428,0,29812,65535)  #CC0074FF  srgba(204,0,116,1)
12,9: (52685,56540,17476,65535)  #CDDC44FF  srgba(205,220,68,1)
13,9: (54741,64507,31611,65535)  #D5FB7BFF  srgba(213,251,123,1)
14,9: (55255,64507,37265,65535)  #D7FB91FF  srgba(215,251,145,1)
15,9: (57054,64507,30326,65535)  #DEFB76FF  srgba(222,251,118,1)
0,10: (57311,0,41377,65535)  #DF00A1FF  srgba(223,0,161,1)
1,10: (58339,0,33410,65535)  #E30082FF  srgba(227,0,130,1)
2,10: (58339,18761,40863,65535)  #E3499FFF  srgba(227,73,159,1)
3,10: (58339,34438,40606,65535)  #E3869EFF  srgba(227,134,158,1)
4,10: (58596,56026,19275,65535)  #E4DA4BFF  srgba(228,218,75,1)
5,10: (58853,57825,53199,65535)  #E5E1CFFF  srgba(229,225,207,1)
6,10: (58853,58339,44975,65535)  #E5E3AFFF  srgba(229,227,175,1)
7,10: (58853,64250,28270,65535)  #E5FA6EFF  srgba(229,250,110,1)
8,10: (59110,0,28013,65535)  #E6006DFF  srgba(230,0,109,1)
9,10: (59110,42919,39321,65535)  #E6A799FF  srgba(230,167,153,1)
10,10: (59110,60909,35980,65535)  #E6ED8CFF  srgba(230,237,140,1)
11,10: (59624,64507,23901,65535)  #E8FB5DFF  srgba(232,251,93,1)
12,10: (59881,40092,13878,65535)  #E99C36FF  srgba(233,156,54,1)
13,10: (59881,61423,23644,65535)  #E9EF5CFF  srgba(233,239,92,1)
14,10: (59881,64250,21845,65535)  #E9FA55FF  srgba(233,250,85,1)
15,10: (59881,64507,22359,65535)  #E9FB57FF  srgba(233,251,87,1)
0,11: (60138,0,23901,65535)  #EA005DFF  srgba(234,0,93,1)
1,11: (60652,26471,11565,65535)  #EC672DFF  srgba(236,103,45,1)
2,11: (60652,64507,21845,65535)  #ECFB55FF  srgba(236,251,85,1)
3,11: (60652,64764,22616,65535)  #ECFC58FF  srgba(236,252,88,1)
4,11: (60909,60138,30069,65535)  #EDEA75FF  srgba(237,234,117,1)
5,11: (61166,64764,22102,65535)  #EEFC56FF  srgba(238,252,86,1)
6,11: (61423,13364,8738,65535)  #EF3422FF  srgba(239,52,34,1)
7,11: (61423,64507,22616,65535)  #EFFB58FF  srgba(239,251,88,1)
8,11: (61423,64507,23130,65535)  #EFFB5AFF  srgba(239,251,90,1)
9,11: (61423,65021,22616,65535)  #EFFD58FF  srgba(239,253,88,1)
10,11: (61680,7967,7967,65535)  #F01F1FFF  srgba(240,31,31,1)
11,11: (61680,43433,16962,65535)  #F0A942FF  srgba(240,169,66,1)
12,11: (61680,47031,18761,65535)  #F0B749FF  srgba(240,183,73,1)
13,11: (61680,47802,22102,65535)  #F0BA56FF  srgba(240,186,86,1)
14,11: (61680,64250,23644,65535)  #F0FA5CFF  srgba(240,250,92,1)
15,11: (61937,3084,7196,65535)  #F10C1CFF  srgba(241,12,28,1)
0,12: (61937,23387,31354,65535)  #F15B7AFF  srgba(241,91,122,1)
1,12: (61937,47545,18504,65535)  #F1B948FF  srgba(241,185,72,1)
2,12: (61937,48573,18761,65535)  #F1BD49FF  srgba(241,189,73,1)
3,12: (61937,50115,19275,65535)  #F1C34BFF  srgba(241,195,75,1)
4,12: (62194,20046,11822,65535)  #F24E2EFF  srgba(242,78,46,1)
5,12: (62194,44718,22102,65535)  #F2AE56FF  srgba(242,174,86,1)
6,12: (62194,45746,20046,65535)  #F2B24EFF  srgba(242,178,78,1)
7,12: (62194,63736,24415,65535)  #F2F85FFF  srgba(242,248,95,1)
8,12: (62194,64250,32639,65535)  #F2FA7FFF  srgba(242,250,127,1)
9,12: (62451,43433,18504,65535)  #F3A948FF  srgba(243,169,72,1)
10,12: (62451,54484,24158,65535)  #F3D45EFF  srgba(243,212,94,1)
11,12: (62451,55512,34695,65535)  #F3D887FF  srgba(243,216,135,1)
12,12: (62451,61166,24929,65535)  #F3EE61FF  srgba(243,238,97,1)
13,12: (62708,0,17476,65535)  #F40044FF  srgba(244,0,68,1)
14,12: (62708,0,17990,65535)  #F40046FF  srgba(244,0,70,1)
15,12: (62708,0,18504,65535)  #F40048FF  srgba(244,0,72,1)
0,13: (62708,0,19789,65535)  #F4004DFF  srgba(244,0,77,1)
1,13: (62708,0,21074,65535)  #F40052FF  srgba(244,0,82,1)
2,13: (62708,49601,34695,65535)  #F4C187FF  srgba(244,193,135,1)
3,13: (62708,63479,25186,65535)  #F4F762FF  srgba(244,247,98,1)
4,13: (62965,0,22873,65535)  #F50059FF  srgba(245,0,89,1)
5,13: (62965,3341,17219,65535)  #F50D43FF  srgba(245,13,67,1)
6,13: (62965,27499,15677,65535)  #F56B3DFF  srgba(245,107,61,1)
7,13: (62965,35466,31097,65535)  #F58A79FF  srgba(245,138,121,1)
8,13: (62965,43176,31868,65535)  #F5A87CFF  srgba(245,168,124,1)
9,13: (62965,63222,25957,65535)  #F5F665FF  srgba(245,246,101,1)
10,13: (63222,0,15934,65535)  #F6003EFF  srgba(246,0,62,1)
11,13: (63222,2313,10280,65535)  #F60928FF  srgba(246,9,40,1)
12,13: (63222,2313,13107,65535)  #F60933FF  srgba(246,9,51,1)
13,13: (63222,8738,12850,65535)  #F62232FF  srgba(246,34,50,1)
14,13: (63479,0,13107,65535)  #F70033FF  srgba(247,0,51,1)
15,13: (63479,9509,17476,65535)  #F72544FF  srgba(247,37,68,1)
0,14: (63479,14906,12850,65535)  #F73A32FF  srgba(247,58,50,1)
1,14: (63479,15420,17733,65535)  #F73C45FF  srgba(247,60,69,1)
2,14: (63479,40349,20046,65535)  #F79D4EFF  srgba(247,157,78,1)
3,14: (63736,21331,15420,65535)  #F8533CFF  srgba(248,83,60,1)
4,14: (63736,22873,18761,65535)  #F85949FF  srgba(248,89,73,1)
5,14: (63736,27756,28784,65535)  #F86C70FF  srgba(248,108,112,1)
6,14: (63736,30069,19018,65535)  #F8754AFF  srgba(248,117,74,1)
7,14: (63736,42662,29041,65535)  #F8A671FF  srgba(248,166,113,1)
8,14: (63736,52428,30069,65535)  #F8CC75FF  srgba(248,204,117,1)
9,14: (63736,60395,27499,65535)  #F8EB6BFF  srgba(248,235,107,1)
10,14: (63736,61166,25443,65535)  #F8EE63FF  srgba(248,238,99,1)
11,14: (63993,12593,22102,65535)  #F93156FF  srgba(249,49,86,1)
12,14: (63993,20560,22359,65535)  #F95057FF  srgba(249,80,87,1)
13,14: (63993,23387,26985,65535)  #F95B69FF  srgba(249,91,105,1)
14,14: (63993,28270,22359,65535)  #F96E57FF  srgba(249,110,87,1)
15,14: (63993,31097,25186,65535)  #F97962FF  srgba(249,121,98,1)
0,15: (63993,37008,25186,65535)  #F99062FF  srgba(249,144,98,1)
1,15: (63993,42662,24929,65535)  #F9A661FF  srgba(249,166,97,1)
2,15: (63993,56797,27756,65535)  #F9DD6CFF  srgba(249,221,108,1)
3,15: (64250,21588,24929,65535)  #FA5461FF  srgba(250,84,97,1)
4,15: (64250,31868,26985,65535)  #FA7C69FF  srgba(250,124,105,1)
5,15: (64250,36237,26985,65535)  #FA8D69FF  srgba(250,141,105,1)
6,15: (64250,36237,28784,65535)  #FA8D70FF  srgba(250,141,112,1)
7,15: (64250,37008,22359,65535)  #FA9057FF  srgba(250,144,87,1)
8,15: (64250,42148,26985,65535)  #FAA469FF  srgba(250,164,105,1)
9,15: (64250,48573,23387,65535)  #FABD5BFF  srgba(250,189,91,1)
10,15: (64250,51657,27756,65535)  #FAC96CFF  srgba(250,201,108,1)
11,15: (64250,54227,24672,65535)  #FAD360FF  srgba(250,211,96,1)
12,15: (64507,43433,22359,65535)  #FBA957FF  srgba(251,169,87,1)
13,15: (65021,57825,29812,65535)  #FDE174FF  srgba(253,225,116,1)
14,15: (65278,52171,30069,65535)  #FECB75FF  srgba(254,203,117,1)
15,15: (0,65535,0,0)  #00FF0000  srgba(0,255,0,0)
