# ImageMagick pixel enumeration: 16,16,65535,srgba
0,0: (0,0,0,65535)  #000000FF  black
1,0: (0,1285,0,65535)  #000500FF  srgba(0,5,0,1)
2,0: (514,7967,5911,65535)  #021F17FF  srgba(2,31,23,1)
3,0: (514,64507,32639,65535)  #02FB7FFF  srgba(2,251,127,1)
4,0: (771,771,2056,65535)  #030308FF  srgba(3,3,8,1)
5,0: (771,8224,20046,65535)  #03204EFF  srgba(3,32,78,1)
6,0: (771,21074,17733,65535)  #035245FF  srgba(3,82,69,1)
7,0: (771,64507,35209,65535)  #03FB89FF  srgba(3,251,137,1)
8,0: (771,64507,38036,65535)  #03FB94FF  srgba(3,251,148,1)
9,0: (771,64507,40863,65535)  #03FB9FFF  srgba(3,251,159,1)
10,0: (771,64507,42919,65535)  #03FBA7FF  srgba(3,251,167,1)
11,0: (1028,23387,24929,65535)  #045B61FF  srgba(4,91,97,1)
12,0: (1028,62708,41634,65535)  #04F4A2FF  srgba(4,244,162,1)
13,0: (1028,62965,33667,65535)  #04F583FF  srgba(4,245,131,1)
14,0: (1285,6682,25700,65535)  #051A64FF  srgba(5,26,100,1)
15,0: (1285,61937,36237,65535)  #05F18DFF  srgba(5,241,141,1)
0,1: (1285,62708,38550,65535)  #05F496FF  srgba(5,244,150,1)
1,1: (1542,24158,35466,65535)  #065E8AFF  srgba(6,94,138,1)
2,1: (1542,37779,27242,65535)  #06936AFF  srgba(6,147,106,1)
3,1: (1799,4626,35466,65535)  #07128AFF  srgba(7,18,138,1)
4,1: (1799,61423,43690,65535)  #07EFAAFF  srgba(7,239,170,1)
5,1: (2056,54998,34952,65535)  #08D688FF  srgba(8,214,136,1)
6,1: (2313,40092,36237,65535)  #099C8DFF  srgba(9,156,141,1)
7,1: (2313,56026,39321,65535)  #09DA99FF  srgba(9,218,153,1)
8,1: (2313,58853,44975,65535)  #09E5AFFF  srgba(9,229,175,1)
9,1: (2313,62708,44461,65535)  #09F4ADFF  srgba(9,244,173,1)
10,1: (3341,54484,44718,65535)  #0DD4AEFF  srgba(13,212,174,1)
11,1: (3598,44718,44204,65535)  #0EAEACFF  srgba(14,174,172,1)
12,1: (3855,64507,39835,65535)  #0FFB9BFF  srgba(15,251,155,1)
13,1: (4369,64507,43433,65535)  #11FBA9FF  srgba(17,251,169,1)
14,1: (5140,64507,33667,65535)  #14FB83FF  srgba(20,251,131,1)
15,1: (5140,64507,36494,65535)  #14FB8EFF  srgba(20,251,142,1)
0,2: (5397,64507,46517,65535)  #15FBB5FF  srgba(21,251,181,1)
1,2: (6425,64764,39835,65535)  #19FC9BFF  srgba(25,252,155,1)
2,2: (6939,6168,8738,65535)  #1B1822FF  srgba(27,24,34,1)
3,2: (6939,58339,51914,65535)  #1BE3CAFF  srgba(27,227,202,1)
4,2: (7453,64507,48573,65535)  #1DFBBDFF  srgba(29,251,189,1)
5,2: (7710,64764,43690,65535)  #1EFCAAFF  srgba(30,252,170,1)
6,2: (7967,13878,28527,65535)  #1F366FFF  srgba(31,54,111,1)
7,2: (7967,26728,28784,65535)  #1F6870FF  srgba(31,104,112,1)
8,2: (8224,11822,39321,65535)  #202E99FF  srgba(32,46,153,1)
9,2: (8224,26728,41120,65535)  #2068A0FF  srgba(32,104,160,1)
10,2: (8481,2313,29555,65535)  #210973FF  srgba(33,9,115,1)
11,2: (8481,18761,15420,65535)  #21493CFF  srgba(33,73,60,1)
12,2: (9509,514,39578,65535)  #25029AFF  srgba(37,2,154,1)
13,2: (9766,12336,13621,65535)  #263035FF  srgba(38,48,53,1)
14,2: (10023,64764,34952,65535)  #27FC88FF  srgba(39,252,136,1)
15,2: (10023,64764,39835,65535)  #27FC9BFF  srgba(39,252,155,1)
0,3: (10280,64507,43433,65535)  #28FBA9FF  srgba(40,251,169,1)
1,3: (10537,62194,35980,65535)  #29F28CFF  srgba(41,242,140,1)
2,3: (10537,62194,41377,65535)  #29F2A1FF  srgba(41,242,161,1)
3,3: (10537,64507,50372,65535)  #29FBC4FF  srgba(41,251,196,1)
4,3: (11051,56797,46260,65535)  #2BDDB4FF  srgba(43,221,180,1)
5,3: (11051,62194,46003,65535)  #2BF2B3FF  srgba(43,242,179,1)
6,3: (11308,37265,32382,65535)  #2C917EFF  srgba(44,145,126,1)
7,3: (11308,42662,40606,65535)  #2CA69EFF  srgba(44,166,158,1)
8,3: (11308,55512,40863,65535)  #2CD89FFF  srgba(44,216,159,1)
9,3: (11308,64507,46517,65535)  #2CFBB5FF  srgba(44,251,181,1)
10,3: (11308,64764,52685,65535)  #2CFCCDFF  srgba(44,252,205,1)
11,3: (11565,49858,46003,65535)  #2DC2B3FF  srgba(45,194,179,1)
12,3: (11565,50629,52942,65535)  #2DC5CEFF  srgba(45,197,206,1)
13,3: (11565,50886,35209,65535)  #2DC689FF  srgba(45,198,137,1)
14,3: (11822,40606,46003,65535)  #2E9EB3FF  srgba(46,158,179,1)
15,3: (12079,42405,52942,65535)  #2FA5CEFF  srgba(47,165,206,1)
0,4: (12079,62708,51914,65535)  #2FF4CAFF  srgba(47,244,202,1)
1,4: (12079,64507,48830,65535)  #2FFBBEFF  srgba(47,251,190,1)
2,4: (13107,64507,43690,65535)  #33FBAAFF  srgba(51,251,170,1)
3,4: (14392,58339,53456,65535)  #38E3D0FF  srgba(56,227,208,1)
4,4: (15163,64764,47802,65535)  #3BFCBAFF  srgba(59,252,186,1)
5,4: (15420,64507,39835,65535)  #3CFB9BFF  srgba(60,251,155,1)
6,4: (15420,64764,34952,65535)  #3CFC88FF  srgba(60,252,136,1)
7,4: (15934,18504,18761,65535)  #3E4849FF  srgba(62,72,73,1)
8,4: (16191,1285,32125,65535)  #3F057DFF  srgba(63,5,125,1)
9,4: (16191,11565,41120,65535)  #3F2DA0FF  srgba(63,45,160,1)
10,4: (16191,16448,27499,65535)  #3F406BFF  srgba(63,64,107,1)
11,4: (16191,26728,41634,65535)  #3F68A2FF  srgba(63,104,162,1)
12,4: (16448,2056,22616,65535)  #400858FF  srgba(64,8,88,1)
13,4: (16705,27499,28270,65535)  #416B6EFF  srgba(65,107,110,1)
14,4: (16962,514,41891,65535)  #4202A3FF  srgba(66,2,163,1)
15,4: (16962,64507,43690,65535)  #42FBAAFF  srgba(66,251,170,1)
0,5: (16962,64507,51400,65535)  #42FBC8FF  srgba(66,251,200,1)
1,5: (17476,64764,54741,65535)  #44FCD5FF  srgba(68,252,213,1)
2,5: (18247,29041,53456,65535)  #4771D0FF  srgba(71,113,208,1)
3,5: (18247,64507,47802,65535)  #47FBBAFF  srgba(71,251,186,1)
4,5: (19532,15420,53199,65535)  #4C3CCFFF  srgba(76,60,207,1)
5,5: (20303,59367,39578,65535)  #4FE79AFF  srgba(79,231,154,1)
6,5: (20560,19789,22102,65535)  #504D56FF  srgba(80,77,86,1)
7,5: (20560,62708,54227,65535)  #50F4D3FF  srgba(80,244,211,1)
8,5: (20817,16705,26471,65535)  #514167FF  srgba(81,65,103,1)
9,5: (20817,43176,33667,65535)  #51A883FF  srgba(81,168,131,1)
10,5: (21074,41634,46517,65535)  #52A2B5FF  srgba(82,162,181,1)
11,5: (21074,44461,40606,65535)  #52AD9EFF  srgba(82,173,158,1)
12,5: (21074,53970,46260,65535)  #52D2B4FF  srgba(82,210,180,1)
13,5: (21074,61680,46517,65535)  #52F0B5FF  srgba(82,240,181,1)
14,5: (21331,64507,40092,65535)  #53FB9CFF  srgba(83,251,156,1)
15,5: (21588,514,52942,65535)  #5402CEFF  srgba(84,2,206,1)
0,6: (21588,58596,52685,65535)  #54E4CDFF  srgba(84,228,205,1)
1,6: (21588,64507,46260,65535)  #54FBB4FF  srgba(84,251,180,1)
2,6: (21588,64764,53970,65535)  #54FCD2FF  srgba(84,252,210,1)
3,6: (22102,50115,55255,65535)  #56C3D7FF  srgba(86,195,215,1)
4,6: (22102,64507,49858,65535)  #56FBC2FF  srgba(86,251,194,1)
5,6: (22359,17476,24929,65535)  #574461FF  srgba(87,68,97,1)
6,6: (22359,41377,54484,65535)  #57A1D4FF  srgba(87,161,212,1)
7,6: (22616,58596,58853,65535)  #58E4E5FF  srgba(88,228,229,1)
8,6: (23644,64764,58082,65535)  #5CFCE2FF  srgba(92,252,226,1)
9,6: (23901,2313,39835,65535)  #5D099BFF  srgba(93,9,155,1)
10,6: (24415,2056,46517,65535)  #5F08B5FF  srgba(95,8,181,1)
11,6: (24672,27499,28270,65535)  #606B6EFF  srgba(96,107,110,1)
12,6: (24929,64507,53970,65535)  #61FBD2FF  srgba(97,251,210,1)
13,6: (26471,16448,42662,65535)  #6740A6FF  srgba(103,64,166,1)
14,6: (26471,28013,42919,65535)  #676DA7FF  srgba(103,109,167,1)
15,6: (26471,64764,39321,65535)  #67FC99FF  srgba(103,252,153,1)
0,7: (26728,62708,53456,65535)  #68F4D0FF  srgba(104,244,208,1)
1,7: (26728,64507,49858,65535)  #68FBC2FF  srgba(104,251,194,1)
2,7: (27242,64507,43947,65535)  #6AFBABFF  srgba(106,251,171,1)
3,7: (27756,62708,58853,65535)  #6CF4E5FF  srgba(108,244,229,1)
4,7: (27756,64507,58596,65535)  #6CFBE4FF  srgba(108,251,228,1)
5,7: (28013,64507,46517,65535)  #6DFBB5FF  srgba(109,251,181,1)
6,7: (28527,10280,29555,65535)  #6F2873FF  srgba(111,40,115,1)
7,7: (28527,52171,39064,65535)  #6FCB98FF  srgba(111,203,152,1)
8,7: (28784,64507,54227,65535)  #70FBD3FF  srgba(112,251,211,1)
9,7: (29298,35980,37265,65535)  #728C91FF  srgba(114,140,145,1)
10,7: (29555,13364,54484,65535)  #7334D4FF  srgba(115,52,212,1)
11,7: (29555,28013,55255,65535)  #736DD7FF  srgba(115,109,215,1)
12,7: (29555,57568,46774,65535)  #73E0B6FF  srgba(115,224,182,1)
13,7: (29812,58853,55512,65535)  #74E5D8FF  srgba(116,229,216,1)
14,7: (30069,771,54998,65535)  #7503D6FF  srgba(117,3,214,1)
15,7: (31354,64250,57825,65535)  #7AFAE1FF  srgba(122,250,225,1)
0,8: (31611,64507,60652,65535)  #7BFBECFF  srgba(123,251,236,1)
1,8: (31868,2570,44461,65535)  #7C0AADFF  srgba(124,10,173,1)
2,8: (31868,49344,53970,65535)  #7CC0D2FF  srgba(124,192,210,1)
3,8: (31868,58853,62451,65535)  #7CE5F3FF  srgba(124,229,243,1)
4,8: (32382,39835,52428,65535)  #7E9BCCFF  srgba(126,155,204,1)
5,8: (32382,64507,49858,65535)  #7EFBC2FF  srgba(126,251,194,1)
6,8: (32896,40349,59881,65535)  #809DE9FF  srgba(128,157,233,1)
7,8: (32896,49858,61423,65535)  #80C2EFFF  srgba(128,194,239,1)
8,8: (33153,40606,45746,65535)  #819EB2FF  srgba(129,158,178,1)
9,8: (33410,62708,56026,65535)  #82F4DAFF  srgba(130,244,218,1)
10,8: (33924,39064,39321,65535)  #849899FF  srgba(132,152,153,1)
11,8: (34181,64250,54484,65535)  #85FAD4FF  srgba(133,250,212,1)
12,8: (34438,64250,59110,65535)  #86FAE6FF  srgba(134,250,230,1)
13,8: (34952,62708,60909,65535)  #88F4EDFF  srgba(136,244,237,1)
14,8: (35466,64507,62451,65535)  #8AFBF3FF  srgba(138,251,243,1)
15,8: (36237,59110,56026,65535)  #8DE6DAFF  srgba(141,230,218,1)
0,9: (37008,1028,56797,65535)  #9004DDFF  srgba(144,4,221,1)
1,9: (37265,13878,55512,65535)  #9136D8FF  srgba(145,54,216,1)
2,9: (37265,28013,55512,65535)  #916DD8FF  srgba(145,109,216,1)
3,9: (37522,64250,59110,65535)  #92FAE6FF  srgba(146,250,230,1)
4,9: (37779,47031,39835,65535)  #93B79BFF  srgba(147,183,155,1)
5,9: (37779,59110,62965,65535)  #93E6F5FF  srgba(147,230,245,1)
6,9: (38293,64250,62708,65535)  #95FAF4FF  srgba(149,250,244,1)
7,9: (38550,26985,45489,65535)  #9669B1FF  srgba(150,105,177,1)
8,9: (39835,15677,46003,65535)  #9B3DB3FF  srgba(155,61,179,1)
9,9: (39835,54484,46774,65535)  #9BD4B6FF  srgba(155,212,182,1)
10,9: (39835,62708,57825,65535)  #9BF4E1FF  srgba(155,244,225,1)
11,9: (40349,62708,61166,65535)  #9DF4EEFF  srgba(157,244,238,1)
12,9: (40863,2827,45232,65535)  #9F0BB0FF  srgba(159,11,176,1)
13,9: (40863,42662,46003,65535)  #9FA6B3FF  srgba(159,166,179,1)
14,9: (40863,63993,61680,65535)  #9FF9F0FF  srgba(159,249,240,1)
15,9: (41634,62708,63222,65535)  #A2F4F6FF  srgba(162,244,246,1)
0,10: (41634,63993,62965,65535)  #A2F9F5FF  srgba(162,249,245,1)
1,10: (42148,63993,56283,65535)  #A4F9DBFF  srgba(164,249,219,1)
2,10: (42405,63736,59881,65535)  #A5F8E9FF  srgba(165,248,233,1)
3,10: (42405,63993,64250,65535)  #A5F9FAFF  srgba(165,249,250,1)
4,10: (42919,49601,53713,65535)  #A7C1D1FF  srgba(167,193,209,1)
5,10: (42919,59624,62451,65535)  #A7E8F3FF  srgba(167,232,243,1)
6,10: (43176,42662,55255,65535)  #A8A6D7FF  srgba(168,166,215,1)
7,10: (43690,36751,54227,65535)  #AA8FD3FF  srgba(170,143,211,1)
8,10: (44204,59624,64764,65535)  #ACE8FCFF  srgba(172,232,252,1)
9,10: (44461,43947,62194,65535)  #ADABF2FF  srgba(173,171,242,1)
10,10: (44718,49858,63222,65535)  #AEC2F6FF  srgba(174,194,246,1)
11,10: (44718,59110,59881,65535)  #AEE6E9FF  srgba(174,230,233,1)
12,10: (44975,15163,52171,65535)  #AF3BCBFF  srgba(175,59,203,1)
13,10: (44975,27242,52942,65535)  #AF6ACEFF  srgba(175,106,206,1)
14,10: (44975,37779,62194,65535)  #AF93F2FF  srgba(175,147,242,1)
15,10: (44975,57054,56026,65535)  #AFDEDAFF  srgba(175,222,218,1)
0,11: (44975,63993,65278,65535)  #AFF9FEFF  srgba(175,249,254,1)
1,11: (45232,2313,55255,65535)  #B009D7FF  srgba(176,9,215,1)
2,11: (45232,63736,61423,65535)  #B0F8EFFF  srgba(176,248,239,1)
3,11: (45746,1028,62451,65535)  #B204F3FF  srgba(178,4,243,1)
4,11: (45746,15163,60138,65535)  #B23BEAFF  srgba(178,59,234,1)
5,11: (45746,27756,60909,65535)  #B26CEDFF  srgba(178,108,237,1)
6,11: (46003,62708,61680,65535)  #B3F4F0FF  srgba(179,244,240,1)
7,11: (46003,63993,64250,65535)  #B3F9FAFF  srgba(179,249,250,1)
8,11: (46260,63736,63222,65535)  #B4F8F6FF  srgba(180,248,246,1)
9,11: (46517,62708,63479,65535)  #B5F4F7FF  srgba(181,244,247,1)
10,11: (47802,60395,62708,65535)  #BAEBF4FF  srgba(186,235,244,1)
11,11: (47802,62708,65021,65535)  #BAF4FDFF  srgba(186,244,253,1)
12,11: (47802,63736,65278,65535)  #BAF8FEFF  srgba(186,248,254,1)
13,11: (48316,60138,64764,65535)  #BCEAFCFF  srgba(188,234,252,1)
14,11: (49087,63479,64250,65535)  #BFF7FAFF  srgba(191,247,250,1)
15,11: (49344,63736,65278,65535)  #C0F8FEFF  srgba(192,248,254,1)
0,12: (50886,62708,65278,65535)  #C6F4FEFF  srgba(198,244,254,1)
1,12: (50886,63736,65278,65535)  #C6F8FEFF  srgba(198,248,254,1)
2,12: (51657,43176,54998,65535)  #C9A8D6FF  srgba(201,168,214,1)
3,12: (51657,62451,64507,65535)  #C9F3FBFF  srgba(201,243,251,1)
4,12: (51914,16962,51914,65535)  #CA42CAFF  srgba(202,66,202,1)
5,12: (52171,62708,64250,65535)  #CBF4FAFF  srgba(203,244,250,1)
6,12: (52428,62451,63993,65535)  #CCF3F9FF  srgba(204,243,249,1)
7,12: (52428,62451,64764,65535)  #CCF3FCFF  srgba(204,243,252,1)
8,12: (52942,56283,54741,65535)  #CEDBD5FF  srgba(206,219,213,1)
9,12: (53199,51143,60909,65535)  #CFC7EDFF  srgba(207,199,237,1)
10,12: (53456,52685,58596,65535)  #D0CDE4FF  srgba(208,205,228,1)
11,12: (53456,56797,64507,65535)  #D0DDFBFF  srgba(208,221,251,1)
12,12: (53456,62451,62451,65535)  #D0F3F3FF  srgba(208,243,243,1)
13,12: (53713,3341,62965,65535)  #D10DF5FF  srgba(209,13,245,1)
14,12: (53713,3855,52428,65535)  #D10FCCFF  srgba(209,15,204,1)
15,12: (53713,39321,58596,65535)  #D199E4FF  srgba(209,153,228,1)
0,13: (53713,61166,64250,65535)  #D1EEFAFF  srgba(209,238,250,1)
1,13: (53970,15677,55255,65535)  #D23DD7FF  srgba(210,61,215,1)
2,13: (53970,62451,63479,65535)  #D2F3F7FF  srgba(210,243,247,1)
3,13: (53970,62451,65278,65535)  #D2F3FEFF  srgba(210,243,254,1)
4,13: (54227,40349,62708,65535)  #D39DF4FF  srgba(211,157,244,1)
5,13: (54227,61680,65278,65535)  #D3F0FEFF  srgba(211,240,254,1)
6,13: (54484,23130,57311,65535)  #D45ADFFF  srgba(212,90,223,1)
7,13: (54484,60395,61680,65535)  #D4EBF0FF  srgba(212,235,240,1)
8,13: (54484,61680,64507,65535)  #D4F0FBFF  srgba(212,240,251,1)
9,13: (54741,56797,65278,65535)  #D5DDFEFF  srgba(213,221,254,1)
10,13: (54741,61680,64764,65535)  #D5F0FCFF  srgba(213,240,252,1)
11,13: (54741,62194,64507,65535)  #D5F2FBFF  srgba(213,242,251,1)
12,13: (54741,63479,65278,65535)  #D5F7FEFF  srgba(213,247,254,1)
13,13: (54998,52171,62965,65535)  #D6CBF5FF  srgba(214,203,245,1)
14,13: (54998,62451,64764,65535)  #D6F3FCFF  srgba(214,243,252,1)
15,13: (55255,1799,55255,65535)  #D707D7FF  srgba(215,7,215,1)
0,14: (55255,62451,65278,65535)  #D7F3FEFF  srgba(215,243,254,1)
1,14: (55512,10537,57311,65535)  #D829DFFF  srgba(216,41,223,1)
2,14: (55512,41891,64250,65535)  #D8A3FAFF  srgba(216,163,250,1)
3,14: (55769,1799,57311,65535)  #D907DFFF  srgba(217,7,223,1)
4,14: (55769,39064,60909,65535)  #D998EDFF  srgba(217,152,237,1)
5,14: (56026,25443,60138,65535)  #DA63EAFF  srgba(218,99,234,1)
6,14: (56026,51400,65278,65535)  #DAC8FEFF  srgba(218,200,254,1)
7,14: (56283,0,63479,65535)  #DB00F7FF  srgba(219,0,247,1)
8,14: (56283,11822,59881,65535)  #DB2EE9FF  srgba(219,46,233,1)
9,14: (56283,60909,65278,65535)  #DBEDFEFF  srgba(219,237,254,1)
10,14: (56797,38036,65278,65535)  #DD94FEFF  srgba(221,148,254,1)
11,14: (56797,45489,65278,65535)  #DDB1FEFF  srgba(221,177,254,1)
12,14: (57054,1285,60138,65535)  #DE05EAFF  srgba(222,5,234,1)
13,14: (57311,18247,62965,65535)  #DF47F5FF  srgba(223,71,245,1)
14,14: (58082,28527,62965,65535)  #E26FF5FF  srgba(226,111,245,1)
15,14: (58082,50372,64507,65535)  #E2C4FBFF  srgba(226,196,251,1)
0,15: (58339,5397,65278,65535)  #E315FEFF  srgba(227,21,254,1)
1,15: (59110,15420,65278,65535)  #E63CFEFF  srgba(230,60,254,1)
2,15: (59110,56283,64507,65535)  #E6DBFBFF  srgba(230,219,251,1)
3,15: (60138,0,65021,65535)  #EA00FDFF  srgba(234,0,253,1)
4,15: (60138,26728,65278,65535)  #EA68FEFF  srgba(234,104,254,1)
5,15: (60395,56283,65278,65535)  #EBDBFEFF  srgba(235,219,254,1)
6,15: (60652,0,65021,65535)  #EC00FDFF  srgba(236,0,253,1)
7,15: (60652,3084,62965,65535)  #EC0CF5FF  srgba(236,12,245,1)
8,15: (60909,39578,62965,65535)  #ED9AF5FF  srgba(237,154,245,1)
9,15: (62194,41377,64250,65535)  #F2A1FAFF  srgba(242,161,250,1)
10,15: (62965,51143,65278,65535)  #F5C7FEFF  srgba(245,199,254,1)
11,15: (63993,0,63736,65535)  #F900F8FF  srgba(249,0,248,1)
12,15: (63993,41377,65278,65535)  #F9A1FEFF  srgba(249,161,254,1)
13,15: (64764,0,65021,65535)  #FC00FDFF  srgba(252,0,253,1)
14,15: (65278,0,65021,65535)  #FE00FDFF  srgba(254,0,253,1)
15,15: (0,65535,0,0)  #00FF0000  srgba(0,255,0,0)
