# ImageMagick pixel enumeration: 16,16,65535,srgba
0,0: (0,0,0,65535)  #000000FF  black
1,0: (1028,25700,19789,65535)  #04644DFF  srgba(4,100,77,1)
2,0: (1285,28784,17219,65535)  #057043FF  srgba(5,112,67,1)
3,0: (2056,24929,29555,65535)  #086173FF  srgba(8,97,115,1)
4,0: (2570,33667,5140,65535)  #0A8314FF  srgba(10,131,20,1)
5,0: (2827,771,771,65535)  #0B0303FF  srgba(11,3,3,1)
6,0: (3084,23130,40349,65535)  #0C5A9DFF  srgba(12,90,157,1)
7,0: (3341,30840,7967,65535)  #0D781FFF  srgba(13,120,31,1)
8,0: (3341,34695,0,65535)  #0D8700FF  srgba(13,135,0,1)
9,0: (3341,34695,1542,65535)  #0D8706FF  srgba(13,135,6,1)
10,0: (3598,27499,9509,65535)  #0E6B25FF  srgba(14,107,37,1)
11,0: (4112,0,257,65535)  #100001FF  srgba(16,0,1,1)
12,0: (4112,5397,1799,65535)  #101507FF  srgba(16,21,7,1)
13,0: (4112,21588,45489,65535)  #1054B1FF  srgba(16,84,177,1)
14,0: (4112,27756,19018,65535)  #106C4AFF  srgba(16,108,74,1)
15,0: (4369,32896,10794,65535)  #11802AFF  srgba(17,128,42,1)
0,1: (4626,11822,1285,65535)  #122E05FF  srgba(18,46,5,1)
1,1: (4883,25443,30583,65535)  #136377FF  srgba(19,99,119,1)
2,1: (5140,2827,2313,65535)  #140B09FF  srgba(20,11,9,1)
3,1: (5140,19789,49087,65535)  #144DBFFF  srgba(20,77,191,1)
4,1: (5140,24415,39064,65535)  #145F98FF  srgba(20,95,152,1)
5,1: (5911,0,2313,65535)  #170009FF  srgba(23,0,9,1)
6,1: (5911,11822,11051,65535)  #172E2BFF  srgba(23,46,43,1)
7,1: (6168,21331,52171,65535)  #1853CBFF  srgba(24,83,203,1)
8,1: (6425,0,9509,65535)  #190025FF  srgba(25,0,37,1)
9,1: (6682,6168,9509,65535)  #1A1825FF  srgba(26,24,37,1)
10,1: (6682,22873,48059,65535)  #1A59BBFF  srgba(26,89,187,1)
11,1: (6682,23130,41377,65535)  #1A5AA1FF  srgba(26,90,161,1)
12,1: (6682,26471,1285,65535)  #1A6705FF  srgba(26,103,5,1)
13,1: (6939,21331,49344,65535)  #1B53C0FF  srgba(27,83,192,1)
14,1: (6939,26214,38807,65535)  #1B6697FF  srgba(27,102,151,1)
15,1: (7196,0,4626,65535)  #1C0012FF  srgba(28,0,18,1)
0,2: (7196,31097,514,65535)  #1C7902FF  srgba(28,121,2,1)
1,2: (7453,1028,8224,65535)  #1D0420FF  srgba(29,4,32,1)
2,2: (7453,13621,30069,65535)  #1D3575FF  srgba(29,53,117,1)
3,2: (7453,19275,53970,65535)  #1D4BD2FF  srgba(29,75,210,1)
4,2: (7710,771,3855,65535)  #1E030FFF  srgba(30,3,15,1)
5,2: (7710,3084,8481,65535)  #1E0C21FF  srgba(30,12,33,1)
6,2: (7710,21588,44204,65535)  #1E54ACFF  srgba(30,84,172,1)
7,2: (7710,24672,46260,65535)  #1E60B4FF  srgba(30,96,180,1)
8,2: (7967,19532,51657,65535)  #1F4CC9FF  srgba(31,76,201,1)
9,2: (7967,35466,0,65535)  #1F8A00FF  srgba(31,138,0,1)
10,2: (8224,19275,56797,65535)  #204BDDFF  srgba(32,75,221,1)
11,2: (8481,1285,20046,65535)  #21054EFF  srgba(33,5,78,1)
12,2: (8481,35980,4883,65535)  #218C13FF  srgba(33,140,19,1)
13,2: (8738,10794,20303,65535)  #222A4FFF  srgba(34,42,79,1)
14,2: (8738,22873,53456,65535)  #2259D0FF  srgba(34,89,208,1)
15,2: (8995,3341,29041,65535)  #230D71FF  srgba(35,13,113,1)
0,3: (8995,21331,54227,65535)  #2353D3FF  srgba(35,83,211,1)
1,3: (8995,38036,11051,65535)  #23942BFF  srgba(35,148,43,1)
2,3: (9252,34695,23901,65535)  #24875DFF  srgba(36,135,93,1)
3,3: (9509,32896,0,65535)  #258000FF  srgba(37,128,0,1)
4,3: (9509,34952,1285,65535)  #258805FF  srgba(37,136,5,1)
5,3: (9766,19532,46260,65535)  #264CB4FF  srgba(38,76,180,1)
6,3: (9766,28527,18504,65535)  #266F48FF  srgba(38,111,72,1)
7,3: (10023,16448,44975,65535)  #2740AFFF  srgba(39,64,175,1)
8,3: (10023,27242,29812,65535)  #276A74FF  srgba(39,106,116,1)
9,3: (10537,8995,42662,65535)  #2923A6FF  srgba(41,35,166,1)
10,3: (10537,16191,53713,65535)  #293FD1FF  srgba(41,63,209,1)
11,3: (10537,16962,56797,65535)  #2942DDFF  srgba(41,66,221,1)
12,3: (10794,17476,59624,65535)  #2A44E8FF  srgba(42,68,232,1)
13,3: (11051,19018,57568,65535)  #2B4AE0FF  srgba(43,74,224,1)
14,3: (11565,2313,5397,65535)  #2D0915FF  srgba(45,9,21,1)
15,3: (11822,21588,30326,65535)  #2E5476FF  srgba(46,84,118,1)
0,4: (11822,35209,39321,65535)  #2E8999FF  srgba(46,137,153,1)
1,4: (12079,24929,55255,65535)  #2F61D7FF  srgba(47,97,215,1)
2,4: (12336,22616,19018,65535)  #30584AFF  srgba(48,88,74,1)
3,4: (12593,18761,61166,65535)  #3149EEFF  srgba(49,73,238,1)
4,4: (12593,42405,24929,65535)  #31A561FF  srgba(49,165,97,1)
5,4: (12850,3341,11051,65535)  #320D2BFF  srgba(50,13,43,1)
6,4: (13107,28784,52942,65535)  #3370CEFF  srgba(51,112,206,1)
7,4: (13364,3084,5911,65535)  #340C17FF  srgba(52,12,23,1)
8,4: (14135,9252,6425,65535)  #372419FF  srgba(55,36,25,1)
9,4: (14135,34181,50115,65535)  #3785C3FF  srgba(55,133,195,1)
10,4: (14392,30326,771,65535)  #387603FF  srgba(56,118,3,1)
11,4: (14649,17219,61937,65535)  #3943F1FF  srgba(57,67,241,1)
12,4: (14906,8481,11565,65535)  #3A212DFF  srgba(58,33,45,1)
13,4: (14906,15420,60909,65535)  #3A3CEDFF  srgba(58,60,237,1)
14,4: (15163,4112,11565,65535)  #3B102DFF  srgba(59,16,45,1)
15,4: (15163,25957,3341,65535)  #3B650DFF  srgba(59,101,13,1)
0,5: (15420,26471,0,65535)  #3C6700FF  srgba(60,103,0,1)
1,5: (16962,10023,14649,65535)  #422739FF  srgba(66,39,57,1)
2,5: (17219,3084,5140,65535)  #430C14FF  srgba(67,12,20,1)
3,5: (17990,3341,27242,65535)  #460D6AFF  srgba(70,13,106,1)
4,5: (18504,9509,19018,65535)  #48254AFF  srgba(72,37,74,1)
5,5: (18504,12850,27242,65535)  #48326AFF  srgba(72,50,106,1)
6,5: (18504,14392,61680,65535)  #4838F0FF  srgba(72,56,240,1)
7,5: (19018,3855,12593,65535)  #4A0F31FF  srgba(74,15,49,1)
8,5: (19018,8224,7710,65535)  #4A201EFF  srgba(74,32,30,1)
9,5: (19018,9766,12079,65535)  #4A262FFF  srgba(74,38,47,1)
10,5: (20560,12593,56797,65535)  #5031DDFF  srgba(80,49,221,1)
11,5: (20560,14135,51914,65535)  #5037CAFF  srgba(80,55,202,1)
12,5: (21074,13621,5397,65535)  #523515FF  srgba(82,53,21,1)
13,5: (21331,14392,42919,65535)  #5338A7FF  srgba(83,56,167,1)
14,5: (21331,26214,257,65535)  #536601FF  srgba(83,102,1,1)
15,5: (21588,13621,61680,65535)  #5435F0FF  srgba(84,53,240,1)
0,6: (21588,28784,60909,65535)  #5470EDFF  srgba(84,112,237,1)
1,6: (21845,5140,41891,65535)  #5514A3FF  srgba(85,20,163,1)
2,6: (21845,10537,60395,65535)  #5529EBFF  srgba(85,41,235,1)
3,6: (21845,12079,15420,65535)  #552F3CFF  srgba(85,47,60,1)
4,6: (22359,28013,257,65535)  #576D01FF  srgba(87,109,1,1)
5,6: (22616,6939,51657,65535)  #581BC9FF  srgba(88,27,201,1)
6,6: (22616,21074,51914,65535)  #5852CAFF  srgba(88,82,202,1)
7,6: (22873,30326,257,65535)  #597601FF  srgba(89,118,1,1)
8,6: (23387,8995,23130,65535)  #5B235AFF  srgba(91,35,90,1)
9,6: (23387,13621,19018,65535)  #5B354AFF  srgba(91,53,74,1)
10,6: (23387,21845,63993,65535)  #5B55F9FF  srgba(91,85,249,1)
11,6: (23644,7196,30840,65535)  #5C1C78FF  srgba(92,28,120,1)
12,6: (23644,23387,0,65535)  #5C5B00FF  srgba(92,91,0,1)
13,6: (23901,7196,56797,65535)  #5D1CDDFF  srgba(93,28,221,1)
14,6: (23901,8224,59624,65535)  #5D20E8FF  srgba(93,32,232,1)
15,6: (24415,15934,24415,65535)  #5F3E5FFF  srgba(95,62,95,1)
0,7: (24672,21074,32382,65535)  #60527EFF  srgba(96,82,126,1)
1,7: (24929,21331,10537,65535)  #615329FF  srgba(97,83,41,1)
2,7: (25443,20046,19018,65535)  #634E4AFF  srgba(99,78,74,1)
3,7: (25443,30326,6682,65535)  #63761AFF  srgba(99,118,26,1)
4,7: (25700,36237,46517,65535)  #648DB5FF  srgba(100,141,181,1)
5,7: (25957,26471,5397,65535)  #656715FF  srgba(101,103,21,1)
6,7: (26214,27756,46517,65535)  #666CB5FF  srgba(102,108,181,1)
7,7: (26214,38293,514,65535)  #669502FF  srgba(102,149,2,1)
8,7: (26214,41891,12336,65535)  #66A330FF  srgba(102,163,48,1)
9,7: (26471,35209,13364,65535)  #678934FF  srgba(103,137,52,1)
10,7: (27499,23130,1542,65535)  #6B5A06FF  srgba(107,90,6,1)
11,7: (27756,15934,18504,65535)  #6C3E48FF  srgba(108,62,72,1)
12,7: (27756,20560,23130,65535)  #6C505AFF  srgba(108,80,90,1)
13,7: (28013,8738,60138,65535)  #6D22EAFF  srgba(109,34,234,1)
14,7: (28013,25957,257,65535)  #6D6501FF  srgba(109,101,1,1)
15,7: (28784,8738,54227,65535)  #7022D3FF  srgba(112,34,211,1)
0,8: (28784,30069,23130,65535)  #70755AFF  srgba(112,117,90,1)
1,8: (28784,38293,34695,65535)  #709587FF  srgba(112,149,135,1)
2,8: (29041,21588,26471,65535)  #715467FF  srgba(113,84,103,1)
3,8: (29298,26214,21845,65535)  #726655FF  srgba(114,102,85,1)
4,8: (29555,16191,27242,65535)  #733F6AFF  srgba(115,63,106,1)
5,8: (29555,22873,0,65535)  #735900FF  srgba(115,89,0,1)
6,8: (30326,4883,55512,65535)  #7613D8FF  srgba(118,19,216,1)
7,8: (30326,11308,42405,65535)  #762CA5FF  srgba(118,44,165,1)
8,8: (30583,7967,26471,65535)  #771F67FF  srgba(119,31,103,1)
9,8: (30583,21845,31097,65535)  #775579FF  srgba(119,85,121,1)
10,8: (31097,5140,58853,65535)  #7914E5FF  srgba(121,20,229,1)
11,8: (31097,7196,34181,65535)  #791C85FF  srgba(121,28,133,1)
12,8: (31354,6939,15677,65535)  #7A1B3DFF  srgba(122,27,61,1)
13,8: (31354,31611,33924,65535)  #7A7B84FF  srgba(122,123,132,1)
14,8: (32896,26214,28013,65535)  #80666DFF  srgba(128,102,109,1)
15,8: (32896,29041,61937,65535)  #8071F1FF  srgba(128,113,241,1)
0,9: (33153,22873,30326,65535)  #815976FF  srgba(129,89,118,1)
1,9: (33410,2827,54484,65535)  #820BD4FF  srgba(130,11,212,1)
2,9: (33410,10537,61423,65535)  #8229EFFF  srgba(130,41,239,1)
3,9: (33410,22359,24672,65535)  #825760FF  srgba(130,87,96,1)
4,9: (33410,26471,32382,65535)  #82677EFF  srgba(130,103,126,1)
5,9: (33410,29041,32639,65535)  #82717FFF  srgba(130,113,127,1)
6,9: (33667,2827,42919,65535)  #830BA7FF  srgba(131,11,167,1)
7,9: (33667,6939,60138,65535)  #831BEAFF  srgba(131,27,234,1)
8,9: (34181,21588,257,65535)  #855401FF  srgba(133,84,1,1)
9,9: (34181,21588,5654,65535)  #855416FF  srgba(133,84,22,1)
10,9: (34181,22102,64507,65535)  #8556FBFF  srgba(133,86,251,1)
11,9: (34438,21588,49087,65535)  #8654BFFF  srgba(134,84,191,1)
12,9: (34695,8738,53456,65535)  #8722D0FF  srgba(135,34,208,1)
13,9: (35980,4626,55255,65535)  #8C12D7FF  srgba(140,18,215,1)
14,9: (35980,9252,4112,65535)  #8C2410FF  srgba(140,36,16,1)
15,9: (36237,22873,32125,65535)  #8D597DFF  srgba(141,89,125,1)
0,10: (36494,4626,58853,65535)  #8E12E5FF  srgba(142,18,229,1)
1,10: (36494,14906,14906,65535)  #8E3A3AFF  srgba(142,58,58,1)
2,10: (37265,32125,44975,65535)  #917DAFFF  srgba(145,125,175,1)
3,10: (37779,2570,54484,65535)  #930AD4FF  srgba(147,10,212,1)
4,10: (38036,12850,0,65535)  #943200FF  srgba(148,50,0,1)
5,10: (38293,29298,35466,65535)  #95728AFF  srgba(149,114,138,1)
6,10: (38550,10280,42405,65535)  #9628A5FF  srgba(150,40,165,1)
7,10: (38807,20046,257,65535)  #974E01FF  srgba(151,78,1,1)
8,10: (38807,28784,32125,65535)  #97707DFF  srgba(151,112,125,1)
9,10: (39064,15934,2827,65535)  #983E0BFF  srgba(152,62,11,1)
10,10: (39321,16705,0,65535)  #994100FF  srgba(153,65,0,1)
11,10: (39578,20560,2570,65535)  #9A500AFF  srgba(154,80,10,1)
12,10: (40349,21331,16191,65535)  #9D533FFF  srgba(157,83,63,1)
13,10: (40863,2570,56283,65535)  #9F0ADBFF  srgba(159,10,219,1)
14,10: (40863,4112,57311,65535)  #9F10DFFF  srgba(159,16,223,1)
15,10: (40863,7453,59367,65535)  #9F1DE7FF  srgba(159,29,231,1)
0,11: (40863,22102,33667,65535)  #9F5683FF  srgba(159,86,131,1)
1,11: (40863,28270,27242,65535)  #9F6E6AFF  srgba(159,110,106,1)
2,11: (41120,3341,52171,65535)  #A00DCBFF  srgba(160,13,203,1)
3,11: (41120,10280,33667,65535)  #A02883FF  srgba(160,40,131,1)
4,11: (41377,771,51400,65535)  #A103C8FF  srgba(161,3,200,1)
5,11: (41377,2570,43690,65535)  #A10AAAFF  srgba(161,10,170,1)
6,11: (41377,7710,14906,65535)  #A11E3AFF  srgba(161,30,58,1)
7,11: (41891,10023,25700,65535)  #A32764FF  srgba(163,39,100,1)
8,11: (41891,33667,771,65535)  #A38303FF  srgba(163,131,3,1)
9,11: (42405,37522,11822,65535)  #A5922EFF  srgba(165,146,46,1)
10,11: (42662,29812,36494,65535)  #A6748EFF  srgba(166,116,142,1)
11,11: (42919,10794,3341,65535)  #A72A0DFF  srgba(167,42,13,1)
12,11: (42919,13621,0,65535)  #A73500FF  srgba(167,53,0,1)
13,11: (42919,33924,38550,65535)  #A78496FF  srgba(167,132,150,1)
14,11: (42919,34952,35980,65535)  #A7888CFF  srgba(167,136,140,1)
15,11: (42919,35723,32639,65535)  #A78B7FFF  srgba(167,139,127,1)
0,12: (43176,23644,63736,65535)  #A85CF8FF  srgba(168,92,248,1)
1,12: (43433,28527,50629,65535)  #A96FC5FF  srgba(169,111,197,1)
2,12: (43433,31354,42405,65535)  #A97AA5FF  srgba(169,122,165,1)
3,12: (43433,33667,21074,65535)  #A98352FF  srgba(169,131,82,1)
4,12: (43690,3341,34952,65535)  #AA0D88FF  srgba(170,13,136,1)
5,12: (43690,43947,17219,65535)  #AAAB43FF  srgba(170,171,67,1)
6,12: (43947,2056,54227,65535)  #AB08D3FF  srgba(171,8,211,1)
7,12: (43947,5654,57054,65535)  #AB16DEFF  srgba(171,22,222,1)
8,12: (44204,1542,49858,65535)  #AC06C2FF  srgba(172,6,194,1)
9,12: (44204,3855,26985,65535)  #AC0F69FF  srgba(172,15,105,1)
10,12: (44718,28270,3341,65535)  #AE6E0DFF  srgba(174,110,13,1)
11,12: (44718,39321,50115,65535)  #AE99C3FF  srgba(174,153,195,1)
12,12: (44975,12336,2056,65535)  #AF3008FF  srgba(175,48,8,1)
13,12: (45232,37779,41377,65535)  #B093A1FF  srgba(176,147,161,1)
14,12: (45232,38807,43947,65535)  #B097ABFF  srgba(176,151,171,1)
15,12: (45232,48316,49601,65535)  #B0BCC1FF  srgba(176,188,193,1)
0,13: (45489,514,44461,65535)  #B102ADFF  srgba(177,2,173,1)
1,13: (45489,3855,42919,65535)  #B10FA7FF  srgba(177,15,167,1)
2,13: (45489,38036,38807,65535)  #B19497FF  srgba(177,148,151,1)
3,13: (46003,1799,49087,65535)  #B307BFFF  srgba(179,7,191,1)
4,13: (46003,1799,52942,65535)  #B307CEFF  srgba(179,7,206,1)
5,13: (46003,6682,56540,65535)  #B31ADCFF  srgba(179,26,220,1)
6,13: (46517,5397,15420,65535)  #B5153CFF  srgba(181,21,60,1)
7,13: (46517,9509,12336,65535)  #B52530FF  srgba(181,37,48,1)
8,13: (47545,11308,3598,65535)  #B92C0EFF  srgba(185,44,14,1)
9,13: (48830,1542,42662,65535)  #BE06A6FF  srgba(190,6,166,1)
10,13: (49087,4112,40863,65535)  #BF109FFF  srgba(191,16,159,1)
11,13: (49087,6168,27499,65535)  #BF186BFF  srgba(191,24,107,1)
12,13: (49344,3598,27499,65535)  #C00E6BFF  srgba(192,14,107,1)
13,13: (49344,5911,17476,65535)  #C01744FF  srgba(192,23,68,1)
14,13: (49344,38293,43176,65535)  #C095A8FF  srgba(192,149,168,1)
15,13: (49601,3855,48830,65535)  #C10FBEFF  srgba(193,15,190,1)
0,14: (49858,3084,34181,65535)  #C20C85FF  srgba(194,12,133,1)
1,14: (49858,6682,55255,65535)  #C21AD7FF  srgba(194,26,215,1)
2,14: (49858,40349,43690,65535)  #C29DAAFF  srgba(194,157,170,1)
3,14: (50115,9766,13621,65535)  #C32635FF  srgba(195,38,53,1)
4,14: (50886,5911,28784,65535)  #C61770FF  srgba(198,23,112,1)
5,14: (50886,32896,42919,65535)  #C680A7FF  srgba(198,128,167,1)
6,14: (51143,24929,63222,65535)  #C761F6FF  srgba(199,97,246,1)
7,14: (51143,40092,47288,65535)  #C79CB8FF  srgba(199,156,184,1)
8,14: (51400,36494,52428,65535)  #C88ECCFF  srgba(200,142,204,1)
9,14: (51657,3598,40349,65535)  #C90E9DFF  srgba(201,14,157,1)
10,14: (51657,28270,50886,65535)  #C96EC6FF  srgba(201,110,198,1)
11,14: (51657,43176,45746,65535)  #C9A8B2FF  srgba(201,168,178,1)
12,14: (51657,43433,50886,65535)  #C9A9C6FF  srgba(201,169,198,1)
13,14: (51657,47288,50115,65535)  #C9B8C3FF  srgba(201,184,195,1)
14,14: (51914,14392,60652,65535)  #CA38ECFF  srgba(202,56,236,1)
15,14: (52171,21588,6939,65535)  #CB541BFF  srgba(203,84,27,1)
0,15: (52685,40092,53970,65535)  #CD9CD2FF  srgba(205,156,210,1)
1,15: (53199,47031,50372,65535)  #CFB7C4FF  srgba(207,183,196,1)
2,15: (54741,47545,51143,65535)  #D5B9C7FF  srgba(213,185,199,1)
3,15: (54998,10280,30069,65535)  #D62875FF  srgba(214,40,117,1)
4,15: (55769,10794,41377,65535)  #D92AA1FF  srgba(217,42,161,1)
5,15: (56283,44204,52942,65535)  #DBACCEFF  srgba(219,172,206,1)
6,15: (56540,20817,33153,65535)  #DC5181FF  srgba(220,81,129,1)
7,15: (56540,21074,20303,65535)  #DC524FFF  srgba(220,82,79,1)
8,15: (56797,48573,52685,65535)  #DDBDCDFF  srgba(221,189,205,1)
9,15: (59367,50115,52942,65535)  #E7C3CEFF  srgba(231,195,206,1)
10,15: (60138,51657,57568,65535)  #EAC9E0FF  srgba(234,201,224,1)
11,15: (63222,53713,56283,65535)  #F6D1DBFF  srgba(246,209,219,1)
12,15: (64250,55769,59624,65535)  #FAD9E8FF  srgba(250,217,232,1)
13,15: (64764,56026,62708,65535)  #FCDAF4FF  srgba(252,218,244,1)
14,15: (65278,60138,63479,65535)  #FEEAF7FF  srgba(254,234,247,1)
15,15: (0,65535,0,0)  #00FF0000  srgba(0,255,0,0)
