# ImageMagick pixel enumeration: 16,16,65535,srgba
0,0: (0,1285,257,65535)  #000501FF  srgba(0,5,1,1)
1,0: (0,10023,13107,65535)  #002733FF  srgba(0,39,51,1)
2,0: (0,10794,22102,65535)  #002A56FF  srgba(0,42,86,1)
3,0: (0,11565,30840,65535)  #002D78FF  srgba(0,45,120,1)
4,0: (0,19018,31354,65535)  #004A7AFF  srgba(0,74,122,1)
5,0: (0,19275,22616,65535)  #004B58FF  srgba(0,75,88,1)
6,0: (0,19532,13878,65535)  #004C36FF  srgba(0,76,54,1)
7,0: (0,32639,0,65535)  #007F00FF  srgba(0,127,0,1)
8,0: (0,43176,0,65535)  #00A800FF  srgba(0,168,0,1)
9,0: (0,43947,0,65535)  #00AB00FF  srgba(0,171,0,1)
10,0: (0,44975,257,65535)  #00AF01FF  srgba(0,175,1,1)
11,0: (0,47802,0,65535)  #00BA00FF  srgba(0,186,0,1)
12,0: (0,49601,0,65535)  #00C100FF  srgba(0,193,0,1)
13,0: (0,52171,0,65535)  #00CB00FF  srgba(0,203,0,1)
14,0: (0,52685,0,65535)  #00CD00FF  srgba(0,205,0,1)
15,0: (0,53713,0,65535)  #00D100FF  srgba(0,209,0,1)
0,1: (0,55769,0,65535)  #00D900FF  srgba(0,217,0,1)
1,1: (257,514,0,65535)  #010200FF  srgba(1,2,0,1)
2,1: (257,11565,31097,65535)  #012D79FF  srgba(1,45,121,1)
3,1: (257,19532,31097,65535)  #014C79FF  srgba(1,76,121,1)
4,1: (257,29041,1799,65535)  #017107FF  srgba(1,113,7,1)
5,1: (257,29298,48316,65535)  #0172BCFF  srgba(1,114,188,1)
6,1: (257,37779,0,65535)  #019300FF  srgba(1,147,0,1)
7,1: (257,50886,2827,65535)  #01C60BFF  srgba(1,198,11,1)
8,1: (514,27756,0,65535)  #026C00FF  srgba(2,108,0,1)
9,1: (514,28013,56026,65535)  #026DDAFF  srgba(2,109,218,1)
10,1: (514,30069,0,65535)  #027500FF  srgba(2,117,0,1)
11,1: (514,37008,0,65535)  #029000FF  srgba(2,144,0,1)
12,1: (514,53713,257,65535)  #02D101FF  srgba(2,209,1,1)
13,1: (771,19532,0,65535)  #034C00FF  srgba(3,76,0,1)
14,1: (771,38293,771,65535)  #039503FF  srgba(3,149,3,1)
15,1: (1028,14135,48830,65535)  #0437BEFF  srgba(4,55,190,1)
0,2: (1028,36751,8224,65535)  #048F20FF  srgba(4,143,32,1)
1,2: (1285,43690,4369,65535)  #05AA11FF  srgba(5,170,17,1)
2,2: (1542,3084,2313,65535)  #060C09FF  srgba(6,12,9,1)
3,2: (1542,5911,0,65535)  #061700FF  srgba(6,23,0,1)
4,2: (1542,12336,38807,65535)  #063097FF  srgba(6,48,151,1)
5,2: (1542,18504,2827,65535)  #06480BFF  srgba(6,72,11,1)
6,2: (1799,38293,37522,65535)  #079592FF  srgba(7,149,146,1)
7,2: (1799,39835,26728,65535)  #079B68FF  srgba(7,155,104,1)
8,2: (2056,9252,0,65535)  #082400FF  srgba(8,36,0,1)
9,2: (2056,27756,25186,65535)  #086C62FF  srgba(8,108,98,1)
10,2: (2056,43433,0,65535)  #08A900FF  srgba(8,169,0,1)
11,2: (2313,10023,2827,65535)  #09270BFF  srgba(9,39,11,1)
12,2: (2313,10280,257,65535)  #092801FF  srgba(9,40,1,1)
13,2: (2313,13107,0,65535)  #093300FF  srgba(9,51,0,1)
14,2: (2313,28527,16191,65535)  #096F3FFF  srgba(9,111,63,1)
15,2: (2313,29298,37522,65535)  #097292FF  srgba(9,114,146,1)
0,3: (2313,35980,57054,65535)  #098CDEFF  srgba(9,140,222,1)
1,3: (2313,37265,47288,65535)  #0991B8FF  srgba(9,145,184,1)
2,3: (2570,28784,8995,65535)  #0A7023FF  srgba(10,112,35,1)
3,3: (2827,19532,38807,65535)  #0B4C97FF  srgba(11,76,151,1)
4,3: (3084,51914,0,65535)  #0CCA00FF  srgba(12,202,0,1)
5,3: (3341,9252,16191,65535)  #0D243FFF  srgba(13,36,63,1)
6,3: (3341,19532,257,65535)  #0D4C01FF  srgba(13,76,1,1)
7,3: (3341,44204,257,65535)  #0DAC01FF  srgba(13,172,1,1)
8,3: (3855,14135,257,65535)  #0F3701FF  srgba(15,55,1,1)
9,3: (4369,4626,257,65535)  #111201FF  srgba(17,18,1,1)
10,3: (4883,50115,2827,65535)  #13C30BFF  srgba(19,195,11,1)
11,3: (5397,21331,56797,65535)  #1553DDFF  srgba(21,83,221,1)
12,3: (7453,20817,46774,65535)  #1D51B6FF  srgba(29,81,182,1)
13,3: (7710,18504,0,65535)  #1E4800FF  srgba(30,72,0,1)
14,3: (7710,28527,1542,65535)  #1E6F06FF  srgba(30,111,6,1)
15,3: (7967,35466,0,65535)  #1F8A00FF  srgba(31,138,0,1)
0,4: (8224,11051,30840,65535)  #202B78FF  srgba(32,43,120,1)
1,4: (8224,12850,0,65535)  #203200FF  srgba(32,50,0,1)
2,4: (8481,19275,20560,65535)  #214B50FF  srgba(33,75,80,1)
3,4: (8738,9509,2570,65535)  #22250AFF  srgba(34,37,10,1)
4,4: (8738,9766,0,65535)  #222600FF  srgba(34,38,0,1)
5,4: (9252,10023,257,65535)  #242701FF  srgba(36,39,1,1)
6,4: (9509,6425,0,65535)  #251900FF  srgba(37,25,0,1)
7,4: (9509,18504,12079,65535)  #25482FFF  srgba(37,72,47,1)
8,4: (11051,26728,0,65535)  #2B6800FF  srgba(43,104,0,1)
9,4: (11051,26985,0,65535)  #2B6900FF  srgba(43,105,0,1)
10,4: (11051,34181,0,65535)  #2B8500FF  srgba(43,133,0,1)
11,4: (11308,16705,1799,65535)  #2C4107FF  srgba(44,65,7,1)
12,4: (11565,13107,0,65535)  #2D3300FF  srgba(45,51,0,1)
13,4: (11565,52171,0,65535)  #2DCB00FF  srgba(45,203,0,1)
14,4: (12079,10794,14135,65535)  #2F2A37FF  srgba(47,42,55,1)
15,4: (12336,16448,257,65535)  #304001FF  srgba(48,64,1,1)
0,5: (12336,18761,0,65535)  #304900FF  srgba(48,73,0,1)
1,5: (12336,29041,54998,65535)  #3071D6FF  srgba(48,113,214,1)
2,5: (12593,43176,11565,65535)  #31A82DFF  srgba(49,168,45,1)
3,5: (13107,20303,30840,65535)  #334F78FF  srgba(51,79,120,1)
4,5: (13107,34695,0,65535)  #338700FF  srgba(51,135,0,1)
5,5: (13878,43176,1285,65535)  #36A805FF  srgba(54,168,5,1)
6,5: (14906,49601,0,65535)  #3AC100FF  srgba(58,193,0,1)
7,5: (15163,28527,47031,65535)  #3B6FB7FF  srgba(59,111,183,1)
8,5: (15163,43176,0,65535)  #3BA800FF  srgba(59,168,0,1)
9,5: (15420,49344,3855,65535)  #3CC00FFF  srgba(60,192,15,1)
10,5: (15677,8995,0,65535)  #3D2300FF  srgba(61,35,0,1)
11,5: (15677,37008,1285,65535)  #3D9005FF  srgba(61,144,5,1)
12,5: (15934,43947,0,65535)  #3EAB00FF  srgba(62,171,0,1)
13,5: (16448,4626,0,65535)  #401200FF  srgba(64,18,0,1)
14,5: (16448,9509,1542,65535)  #402506FF  srgba(64,37,6,1)
15,5: (16705,10023,0,65535)  #412700FF  srgba(65,39,0,1)
0,6: (16705,13364,0,65535)  #413400FF  srgba(65,52,0,1)
1,6: (16705,35980,54998,65535)  #418CD6FF  srgba(65,140,214,1)
2,6: (16705,37008,12336,65535)  #419030FF  srgba(65,144,48,1)
3,6: (17219,36494,46517,65535)  #438EB5FF  srgba(67,142,181,1)
4,6: (17219,38807,26214,65535)  #439766FF  srgba(67,151,102,1)
5,6: (17476,16705,2827,65535)  #44410BFF  srgba(68,65,11,1)
6,6: (17476,38036,37522,65535)  #449492FF  srgba(68,148,146,1)
7,6: (17733,4883,0,65535)  #451300FF  srgba(69,19,0,1)
8,6: (17990,14649,0,65535)  #463900FF  srgba(70,57,0,1)
9,6: (17990,19275,0,65535)  #464B00FF  srgba(70,75,0,1)
10,6: (17990,20817,2827,65535)  #46510BFF  srgba(70,81,11,1)
11,6: (18247,20560,0,65535)  #475000FF  srgba(71,80,0,1)
12,6: (18504,28013,1542,65535)  #486D06FF  srgba(72,109,6,1)
13,6: (18761,19532,15934,65535)  #494C3EFF  srgba(73,76,62,1)
14,6: (18761,27499,24672,65535)  #496B60FF  srgba(73,107,96,1)
15,6: (18761,28527,36237,65535)  #496F8DFF  srgba(73,111,141,1)
0,7: (19018,31354,0,65535)  #4A7A00FF  srgba(74,122,0,1)
1,7: (19275,26471,0,65535)  #4B6700FF  srgba(75,103,0,1)
2,7: (19275,27756,16191,65535)  #4B6C3FFF  srgba(75,108,63,1)
3,7: (19275,37008,0,65535)  #4B9000FF  srgba(75,144,0,1)
4,7: (19532,27756,7710,65535)  #4C6C1EFF  srgba(76,108,30,1)
5,7: (19532,33410,257,65535)  #4C8201FF  srgba(76,130,1,1)
6,7: (19789,26471,0,65535)  #4D6700FF  srgba(77,103,0,1)
7,7: (24158,11051,257,65535)  #5E2B01FF  srgba(94,43,1,1)
8,7: (24415,14649,0,65535)  #5F3900FF  srgba(95,57,0,1)
9,7: (24415,18761,257,65535)  #5F4901FF  srgba(95,73,1,1)
10,7: (24672,4369,257,65535)  #601101FF  srgba(96,17,1,1)
11,7: (24672,20817,0,65535)  #605100FF  srgba(96,81,0,1)
12,7: (24929,2570,0,65535)  #610A00FF  srgba(97,10,0,1)
13,7: (24929,8995,0,65535)  #612300FF  srgba(97,35,0,1)
14,7: (25443,46517,0,65535)  #63B500FF  srgba(99,181,0,1)
15,7: (25957,17990,4626,65535)  #654612FF  srgba(101,70,18,1)
0,8: (26214,22359,7710,65535)  #66571EFF  srgba(102,87,30,1)
1,8: (26214,25186,0,65535)  #666200FF  srgba(102,98,0,1)
2,8: (26214,28527,0,65535)  #666F00FF  srgba(102,111,0,1)
3,8: (26214,33410,0,65535)  #668200FF  srgba(102,130,0,1)
4,8: (26214,35723,49858,65535)  #668BC2FF  srgba(102,139,194,1)
5,8: (26471,22102,18761,65535)  #675649FF  srgba(103,86,73,1)
6,8: (26471,36494,41634,65535)  #678EA2FF  srgba(103,142,162,1)
7,8: (26728,25957,8738,65535)  #686522FF  srgba(104,101,34,1)
8,8: (26728,28527,50372,65535)  #686FC4FF  srgba(104,111,196,1)
9,8: (26728,38807,31611,65535)  #68977BFF  srgba(104,151,123,1)
10,8: (26985,9509,3855,65535)  #69250FFF  srgba(105,37,15,1)
11,8: (26985,26214,1799,65535)  #696607FF  srgba(105,102,7,1)
12,8: (27242,27756,30583,65535)  #6A6C77FF  srgba(106,108,119,1)
13,8: (27242,29298,41634,65535)  #6A72A2FF  srgba(106,114,162,1)
14,8: (27499,26728,17733,65535)  #6B6845FF  srgba(107,104,69,1)
15,8: (27499,34695,4626,65535)  #6B8712FF  srgba(107,135,18,1)
0,9: (27756,38036,0,65535)  #6C9400FF  srgba(108,148,0,1)
1,9: (28013,31354,4883,65535)  #6D7A13FF  srgba(109,122,19,1)
2,9: (28013,33924,31097,65535)  #6D8479FF  srgba(109,132,121,1)
3,9: (29298,12850,19018,65535)  #72324AFF  srgba(114,50,74,1)
4,9: (29555,41120,0,65535)  #73A000FF  srgba(115,160,0,1)
5,9: (29812,19275,19532,65535)  #744B4CFF  srgba(116,75,76,1)
6,9: (30069,38807,18761,65535)  #759749FF  srgba(117,151,73,1)
7,9: (30326,31354,18247,65535)  #767A47FF  srgba(118,122,71,1)
8,9: (30840,41891,3598,65535)  #78A30EFF  srgba(120,163,14,1)
9,9: (31097,21845,30069,65535)  #795575FF  srgba(121,85,117,1)
10,9: (31097,26985,0,65535)  #796900FF  srgba(121,105,0,1)
11,9: (31097,34438,19018,65535)  #79864AFF  srgba(121,134,74,1)
12,9: (31354,21845,49344,65535)  #7A55C0FF  srgba(122,85,192,1)
13,9: (31611,16191,29812,65535)  #7B3F74FF  srgba(123,63,116,1)
14,9: (31611,17476,51143,65535)  #7B44C7FF  srgba(123,68,199,1)
15,9: (31868,8995,257,65535)  #7C2301FF  srgba(124,35,1,1)
0,10: (31868,19018,39321,65535)  #7C4A99FF  srgba(124,74,153,1)
1,10: (32125,16448,257,65535)  #7D4001FF  srgba(125,64,1,1)
2,10: (32125,32125,43176,65535)  #7D7DA8FF  srgba(125,125,168,1)
3,10: (32382,1542,257,65535)  #7E0601FF  srgba(126,6,1,1)
4,10: (32382,15677,0,65535)  #7E3D00FF  srgba(126,61,0,1)
5,10: (32382,21331,0,65535)  #7E5300FF  srgba(126,83,0,1)
6,10: (32382,21588,257,65535)  #7E5401FF  srgba(126,84,1,1)
7,10: (32382,37779,4369,65535)  #7E9311FF  srgba(126,147,17,1)
8,10: (32896,7196,0,65535)  #801C00FF  srgba(128,28,0,1)
9,10: (32896,31611,33153,65535)  #807B81FF  srgba(128,123,129,1)
10,10: (33153,27242,17219,65535)  #816A43FF  srgba(129,106,67,1)
11,10: (33410,514,0,65535)  #820200FF  srgba(130,2,0,1)
12,10: (33410,21845,5397,65535)  #825515FF  srgba(130,85,21,1)
13,10: (33410,33410,0,65535)  #828200FF  srgba(130,130,0,1)
14,10: (33667,31097,27242,65535)  #83796AFF  srgba(131,121,106,1)
15,10: (33924,44718,0,65535)  #84AE00FF  srgba(132,174,0,1)
0,11: (34181,37779,0,65535)  #859300FF  srgba(133,147,0,1)
1,11: (34695,26985,2056,65535)  #876908FF  srgba(135,105,8,1)
2,11: (34952,26985,8995,65535)  #886923FF  srgba(136,105,35,1)
3,11: (34952,31097,4883,65535)  #887913FF  srgba(136,121,19,1)
4,11: (34952,34695,4883,65535)  #888713FF  srgba(136,135,19,1)
5,11: (35209,27242,0,65535)  #896A00FF  srgba(137,106,0,1)
6,11: (37265,31097,41634,65535)  #9179A2FF  srgba(145,121,162,1)
7,11: (38293,30840,27242,65535)  #95786AFF  srgba(149,120,106,1)
8,11: (38293,34181,17990,65535)  #958546FF  srgba(149,133,70,1)
9,11: (38550,2056,0,65535)  #960800FF  srgba(150,8,0,1)
10,11: (39064,18504,257,65535)  #984801FF  srgba(152,72,1,1)
11,11: (39321,1285,257,65535)  #990501FF  srgba(153,5,1,1)
12,11: (39321,3598,4626,65535)  #990E12FF  srgba(153,14,18,1)
13,11: (39321,13107,5140,65535)  #993314FF  srgba(153,51,20,1)
14,11: (39321,18247,6168,65535)  #994718FF  srgba(153,71,24,1)
15,11: (39321,20817,0,65535)  #995100FF  srgba(153,81,0,1)
0,12: (39321,22102,18761,65535)  #995649FF  srgba(153,86,73,1)
1,12: (39578,26471,17733,65535)  #9A6745FF  srgba(154,103,69,1)
2,12: (39578,30840,33153,65535)  #9A7881FF  srgba(154,120,129,1)
3,12: (39835,14649,0,65535)  #9B3900FF  srgba(155,57,0,1)
4,12: (39835,15420,19018,65535)  #9B3C4AFF  srgba(155,60,74,1)
5,12: (40863,34181,0,65535)  #9F8500FF  srgba(159,133,0,1)
6,12: (40863,39321,0,65535)  #9F9900FF  srgba(159,153,0,1)
7,12: (41120,22102,6425,65535)  #A05619FF  srgba(160,86,25,1)
8,12: (41377,25957,0,65535)  #A16500FF  srgba(161,101,0,1)
9,12: (41377,30326,0,65535)  #A17600FF  srgba(161,118,0,1)
10,12: (41891,25700,7967,65535)  #A3641FFF  srgba(163,100,31,1)
11,12: (41891,35723,4883,65535)  #A38B13FF  srgba(163,139,19,1)
12,12: (42148,26214,1799,65535)  #A46607FF  srgba(164,102,7,1)
13,12: (42148,33667,17733,65535)  #A48345FF  srgba(164,131,69,1)
14,12: (42405,2827,0,65535)  #A50B00FF  srgba(165,11,0,1)
15,12: (42405,31354,5654,65535)  #A57A16FF  srgba(165,122,22,1)
0,13: (42662,8738,257,65535)  #A62201FF  srgba(166,34,1,1)
1,13: (44204,8224,0,65535)  #AC2000FF  srgba(172,32,0,1)
2,13: (44718,17733,35466,65535)  #AE458AFF  srgba(174,69,138,1)
3,13: (44718,18247,257,65535)  #AE4701FF  srgba(174,71,1,1)
4,13: (44975,18247,28784,65535)  #AF4770FF  srgba(175,71,112,1)
5,13: (44975,21074,0,65535)  #AF5200FF  srgba(175,82,0,1)
6,13: (45232,29298,26985,65535)  #B07269FF  srgba(176,114,105,1)
7,13: (45489,14649,0,65535)  #B13900FF  srgba(177,57,0,1)
8,13: (45746,27499,17990,65535)  #B26B46FF  srgba(178,107,70,1)
9,13: (47288,21074,18247,65535)  #B85247FF  srgba(184,82,71,1)
10,13: (47545,34438,17219,65535)  #B98643FF  srgba(185,134,67,1)
11,13: (47545,36237,0,65535)  #B98D00FF  srgba(185,141,0,1)
12,13: (48059,14649,50629,65535)  #BB39C5FF  srgba(187,57,197,1)
13,13: (48316,14906,41891,65535)  #BC3AA3FF  srgba(188,58,163,1)
14,13: (48316,30326,5911,65535)  #BC7617FF  srgba(188,118,23,1)
15,13: (48573,21845,6425,65535)  #BD5519FF  srgba(189,85,25,1)
0,14: (48573,31868,0,65535)  #BD7C00FF  srgba(189,124,0,1)
1,14: (49344,25700,0,65535)  #C06400FF  srgba(192,100,0,1)
2,14: (49344,25700,4112,65535)  #C06410FF  srgba(192,100,16,1)
3,14: (49858,12850,19018,65535)  #C2324AFF  srgba(194,50,74,1)
4,14: (49858,29298,0,65535)  #C27200FF  srgba(194,114,0,1)
5,14: (50115,10794,5911,65535)  #C32A17FF  srgba(195,42,23,1)
6,14: (50629,17476,5911,65535)  #C54417FF  srgba(197,68,23,1)
7,14: (50629,32382,4369,65535)  #C57E11FF  srgba(197,126,17,1)
8,14: (51400,13364,0,65535)  #C83400FF  srgba(200,52,0,1)
9,14: (51657,13621,257,65535)  #C93501FF  srgba(201,53,1,1)
10,14: (51657,35723,4883,65535)  #C98B13FF  srgba(201,139,19,1)
11,14: (52942,26728,17476,65535)  #CE6844FF  srgba(206,104,68,1)
12,14: (53456,21588,0,65535)  #D05400FF  srgba(208,84,0,1)
13,14: (53456,21845,257,65535)  #D05501FF  srgba(208,85,1,1)
14,14: (54741,14135,35209,65535)  #D53789FF  srgba(213,55,137,1)
15,14: (54741,20303,17733,65535)  #D54F45FF  srgba(213,79,69,1)
0,15: (54998,18247,0,65535)  #D64700FF  srgba(214,71,0,1)
1,15: (55255,15420,28784,65535)  #D73C70FF  srgba(215,60,112,1)
2,15: (55512,29812,3855,65535)  #D8740FFF  srgba(216,116,15,1)
3,15: (55512,34695,0,65535)  #D88700FF  srgba(216,135,0,1)
4,15: (55769,21331,4626,65535)  #D95312FF  srgba(217,83,18,1)
5,15: (56026,18761,257,65535)  #DA4901FF  srgba(218,73,1,1)
6,15: (57054,25186,0,65535)  #DE6200FF  srgba(222,98,0,1)
7,15: (58082,15677,18247,65535)  #E23D47FF  srgba(226,61,71,1)
8,15: (58339,17476,6168,65535)  #E34418FF  srgba(227,68,24,1)
9,15: (58596,31868,0,65535)  #E47C00FF  srgba(228,124,0,1)
10,15: (58853,25957,3598,65535)  #E5650EFF  srgba(229,101,14,1)
11,15: (60395,22102,0,65535)  #EB5600FF  srgba(235,86,0,1)
12,15: (60652,21845,257,65535)  #EC5501FF  srgba(236,85,1,1)
13,15: (62194,29298,0,65535)  #F27200FF  srgba(242,114,0,1)
14,15: (62708,25443,0,65535)  #F46300FF  srgba(244,99,0,1)
15,15: (0,65535,0,0)  #00FF0000  srgba(0,255,0,0)
