# ImageMagick pixel enumeration: 16,16,65535,srgba
0,0: (0,0,0,65535)  #000000FF  black
1,0: (0,13878,23387,65535)  #00365BFF  srgba(0,54,91,1)
2,0: (0,14135,26471,65535)  #003767FF  srgba(0,55,103,1)
3,0: (0,14649,19789,65535)  #00394DFF  srgba(0,57,77,1)
4,0: (0,15420,15934,65535)  #003C3EFF  srgba(0,60,62,1)
5,0: (0,20560,47288,65535)  #0050B8FF  srgba(0,80,184,1)
6,0: (0,21845,41120,65535)  #0055A0FF  srgba(0,85,160,1)
7,0: (0,22873,33667,65535)  #005983FF  srgba(0,89,131,1)
8,0: (0,24158,26985,65535)  #005E69FF  srgba(0,94,105,1)
9,0: (257,14135,19532,65535)  #01374CFF  srgba(1,55,76,1)
10,0: (257,20560,26214,65535)  #015066FF  srgba(1,80,102,1)
11,0: (257,34438,46260,65535)  #0186B4FF  srgba(1,134,180,1)
12,0: (514,17990,19532,65535)  #02464CFF  srgba(2,70,76,1)
13,0: (771,8224,48316,65535)  #0320BCFF  srgba(3,32,188,1)
14,0: (1028,10537,7710,65535)  #04291EFF  srgba(4,41,30,1)
15,0: (1028,11308,0,65535)  #042C00FF  srgba(4,44,0,1)
0,1: (1028,14649,15677,65535)  #04393DFF  srgba(4,57,61,1)
1,1: (1285,257,0,65535)  #050100FF  srgba(5,1,0,1)
2,1: (1285,7967,48573,65535)  #051FBDFF  srgba(5,31,189,1)
3,1: (1285,34695,37522,65535)  #058792FF  srgba(5,135,146,1)
4,1: (1542,12593,12593,65535)  #063131FF  srgba(6,49,49,1)
5,1: (1542,34695,40863,65535)  #06879FFF  srgba(6,135,159,1)
6,1: (1799,0,257,65535)  #070001FF  srgba(7,0,1,1)
7,1: (1799,7453,48830,65535)  #071DBEFF  srgba(7,29,190,1)
8,1: (2313,5654,1028,65535)  #091604FF  srgba(9,22,4,1)
9,1: (2570,771,514,65535)  #0A0302FF  srgba(10,3,2,1)
10,1: (2570,7196,48830,65535)  #0A1CBEFF  srgba(10,28,190,1)
11,1: (3084,6425,51400,65535)  #0C19C8FF  srgba(12,25,200,1)
12,1: (3084,7710,43947,65535)  #0C1EABFF  srgba(12,30,171,1)
13,1: (3084,12850,19275,65535)  #0C324BFF  srgba(12,50,75,1)
14,1: (3084,14135,13364,65535)  #0C3734FF  srgba(12,55,52,1)
15,1: (3084,15163,11822,65535)  #0C3B2EFF  srgba(12,59,46,1)
0,2: (3341,8224,40606,65535)  #0D209EFF  srgba(13,32,158,1)
1,2: (3341,13878,10023,65535)  #0D3627FF  srgba(13,54,39,1)
2,2: (3341,18247,1799,65535)  #0D4707FF  srgba(13,71,7,1)
3,2: (3598,6682,47802,65535)  #0E1ABAFF  srgba(14,26,186,1)
4,2: (3598,8738,36751,65535)  #0E228FFF  srgba(14,34,143,1)
5,2: (3598,33410,33924,65535)  #0E8284FF  srgba(14,130,132,1)
6,2: (4112,0,0,65535)  #100000FF  srgba(16,0,0,1)
7,2: (4112,5911,4883,65535)  #101713FF  srgba(16,23,19,1)
8,2: (4626,7196,6425,65535)  #121C19FF  srgba(18,28,25,1)
9,2: (4626,8224,8224,65535)  #122020FF  srgba(18,32,32,1)
10,2: (4626,12079,12336,65535)  #122F30FF  srgba(18,47,48,1)
11,2: (5140,6425,46517,65535)  #1419B5FF  srgba(20,25,181,1)
12,2: (5397,7453,39578,65535)  #151D9AFF  srgba(21,29,154,1)
13,2: (5654,15934,8224,65535)  #163E20FF  srgba(22,62,32,1)
14,2: (5911,0,0,65535)  #170000FF  srgba(23,0,0,1)
15,2: (5911,514,0,65535)  #170200FF  srgba(23,2,0,1)
0,3: (6168,0,0,65535)  #180000FF  srgba(24,0,0,1)
1,3: (6168,1799,1542,65535)  #180706FF  srgba(24,7,6,1)
2,3: (6682,0,0,65535)  #1A0000FF  srgba(26,0,0,1)
3,3: (6682,14135,0,65535)  #1A3700FF  srgba(26,55,0,1)
4,3: (6682,28013,26214,65535)  #1A6D66FF  srgba(26,109,102,1)
5,3: (6939,31097,30326,65535)  #1B7976FF  srgba(27,121,118,1)
6,3: (7196,0,0,65535)  #1C0000FF  srgba(28,0,0,1)
7,3: (7196,10537,7453,65535)  #1C291DFF  srgba(28,41,29,1)
8,3: (7453,771,514,65535)  #1D0302FF  srgba(29,3,2,1)
9,3: (7453,16448,15677,65535)  #1D403DFF  srgba(29,64,61,1)
10,3: (7710,5397,1285,65535)  #1E1505FF  srgba(30,21,5,1)
11,3: (7967,6168,40863,65535)  #1F189FFF  srgba(31,24,159,1)
12,3: (7967,8481,28013,65535)  #1F216DFF  srgba(31,33,109,1)
13,3: (7967,15677,0,65535)  #1F3D00FF  srgba(31,61,0,1)
14,3: (8224,2827,4112,65535)  #200B10FF  srgba(32,11,16,1)
15,3: (8481,257,0,65535)  #210100FF  srgba(33,1,0,1)
0,4: (8481,7196,35209,65535)  #211C89FF  srgba(33,28,137,1)
1,4: (8738,1028,771,65535)  #220403FF  srgba(34,4,3,1)
2,4: (8738,2570,2313,65535)  #220A09FF  srgba(34,10,9,1)
3,4: (8738,11565,0,65535)  #222D00FF  srgba(34,45,0,1)
4,4: (9252,2827,2827,65535)  #240B0BFF  srgba(36,11,11,1)
5,4: (9252,20303,19789,65535)  #244F4DFF  srgba(36,79,77,1)
6,4: (9509,2056,1799,65535)  #250807FF  srgba(37,8,7,1)
7,4: (9509,5397,4883,65535)  #251513FF  srgba(37,21,19,1)
8,4: (10023,15163,0,65535)  #273B00FF  srgba(39,59,0,1)
9,4: (10023,21331,24158,65535)  #27535EFF  srgba(39,83,94,1)
10,4: (10537,11822,11051,65535)  #292E2BFF  srgba(41,46,43,1)
11,4: (10537,12079,37522,65535)  #292F92FF  srgba(41,47,146,1)
12,4: (10794,4112,3084,65535)  #2A100CFF  srgba(42,16,12,1)
13,4: (10794,6682,2313,65535)  #2A1A09FF  srgba(42,26,9,1)
14,4: (11051,7710,6939,65535)  #2B1E1BFF  srgba(43,30,27,1)
15,4: (11565,5654,4883,65535)  #2D1613FF  srgba(45,22,19,1)
0,5: (11565,11051,2313,65535)  #2D2B09FF  srgba(45,43,9,1)
1,5: (11565,14135,1028,65535)  #2D3704FF  srgba(45,55,4,1)
2,5: (13107,5654,4883,65535)  #331613FF  srgba(51,22,19,1)
3,5: (13878,0,257,65535)  #360001FF  srgba(54,0,1,1)
4,5: (13878,8224,7453,65535)  #36201DFF  srgba(54,32,29,1)
5,5: (13878,10280,26985,65535)  #362869FF  srgba(54,40,105,1)
6,5: (13878,10537,3598,65535)  #36290EFF  srgba(54,41,14,1)
7,5: (13878,12336,0,65535)  #363000FF  srgba(54,48,0,1)
8,5: (14135,12336,11565,65535)  #37302DFF  srgba(55,48,45,1)
9,5: (14392,8995,3855,65535)  #38230FFF  srgba(56,35,15,1)
10,5: (14392,10023,514,65535)  #382702FF  srgba(56,39,2,1)
11,5: (14392,10794,514,65535)  #382A02FF  srgba(56,42,2,1)
12,5: (14392,20817,19532,65535)  #38514CFF  srgba(56,81,76,1)
13,5: (14649,7453,771,65535)  #391D03FF  srgba(57,29,3,1)
14,5: (14649,11051,8481,65535)  #392B21FF  srgba(57,43,33,1)
15,5: (14649,29298,44718,65535)  #3972AEFF  srgba(57,114,174,1)
0,6: (14906,9509,1028,65535)  #3A2504FF  srgba(58,37,4,1)
1,6: (14906,16448,15163,65535)  #3A403BFF  srgba(58,64,59,1)
2,6: (14906,23644,23644,65535)  #3A5C5CFF  srgba(58,92,92,1)
3,6: (14906,28784,28270,65535)  #3A706EFF  srgba(58,112,110,1)
4,6: (14906,30326,33153,65535)  #3A7681FF  srgba(58,118,129,1)
5,6: (15163,29812,37779,65535)  #3B7493FF  srgba(59,116,147,1)
6,6: (15677,15677,771,65535)  #3D3D03FF  srgba(61,61,3,1)
7,6: (15677,24929,24415,65535)  #3D615FFF  srgba(61,97,95,1)
8,6: (16705,8995,257,65535)  #412301FF  srgba(65,35,1,1)
9,6: (16962,8224,4112,65535)  #422010FF  srgba(66,32,16,1)
10,6: (16962,11051,0,65535)  #422B00FF  srgba(66,43,0,1)
11,6: (16962,12336,5911,65535)  #423017FF  srgba(66,48,23,1)
12,6: (16962,19789,39835,65535)  #424D9BFF  srgba(66,77,155,1)
13,6: (17219,12593,11051,65535)  #43312BFF  srgba(67,49,43,1)
14,6: (17476,8481,514,65535)  #442102FF  srgba(68,33,2,1)
15,6: (17733,3084,257,65535)  #450C01FF  srgba(69,12,1,1)
0,7: (17990,15934,9509,65535)  #463E25FF  srgba(70,62,37,1)
1,7: (18247,16191,14392,65535)  #473F38FF  srgba(71,63,56,1)
2,7: (18504,28270,28270,65535)  #486E6EFF  srgba(72,110,110,1)
3,7: (19018,20303,4112,65535)  #4A4F10FF  srgba(74,79,16,1)
4,7: (19532,22102,45232,65535)  #4C56B0FF  srgba(76,86,176,1)
5,7: (19789,19018,18504,65535)  #4D4A48FF  srgba(77,74,72,1)
6,7: (20046,16962,14392,65535)  #4E4238FF  srgba(78,66,56,1)
7,7: (20046,22359,20817,65535)  #4E5751FF  srgba(78,87,81,1)
8,7: (20303,12593,10794,65535)  #4F312AFF  srgba(79,49,42,1)
9,7: (20817,3855,257,65535)  #510F01FF  srgba(81,15,1,1)
10,7: (20817,20560,19275,65535)  #51504BFF  srgba(81,80,75,1)
11,7: (20817,22102,23387,65535)  #51565BFF  srgba(81,86,91,1)
12,7: (21074,4883,0,65535)  #521300FF  srgba(82,19,0,1)
13,7: (21074,10023,257,65535)  #522701FF  srgba(82,39,1,1)
14,7: (21074,12850,257,65535)  #523201FF  srgba(82,50,1,1)
15,7: (21074,26985,41120,65535)  #5269A0FF  srgba(82,105,160,1)
0,8: (21331,10280,0,65535)  #532800FF  srgba(83,40,0,1)
1,8: (21331,12850,0,65535)  #533200FF  srgba(83,50,0,1)
2,8: (21331,20046,12593,65535)  #534E31FF  srgba(83,78,49,1)
3,8: (21588,7710,4369,65535)  #541E11FF  srgba(84,30,17,1)
4,8: (21588,17219,10794,65535)  #54432AFF  srgba(84,67,42,1)
5,8: (21588,28013,28013,65535)  #546D6DFF  srgba(84,109,109,1)
6,8: (21845,16705,6939,65535)  #55411BFF  srgba(85,65,27,1)
7,8: (21845,20303,15677,65535)  #554F3DFF  srgba(85,79,61,1)
8,8: (21845,20560,5654,65535)  #555016FF  srgba(85,80,22,1)
9,8: (22102,17476,14906,65535)  #56443AFF  srgba(86,68,58,1)
10,8: (22102,23644,23130,65535)  #565C5AFF  srgba(86,92,90,1)
11,8: (22359,24929,24415,65535)  #57615FFF  srgba(87,97,95,1)
12,8: (22873,15934,257,65535)  #593E01FF  srgba(89,62,1,1)
13,8: (23130,23644,7710,65535)  #5A5C1EFF  srgba(90,92,30,1)
14,8: (23387,26471,26471,65535)  #5B6767FF  srgba(91,103,103,1)
15,8: (23644,26214,7710,65535)  #5C661EFF  srgba(92,102,30,1)
0,9: (23901,6168,5397,65535)  #5D1815FF  srgba(93,24,21,1)
1,9: (23901,24929,41120,65535)  #5D61A0FF  srgba(93,97,160,1)
2,9: (24415,24158,43433,65535)  #5F5EA9FF  srgba(95,94,169,1)
3,9: (24672,7453,0,65535)  #601D00FF  srgba(96,29,0,1)
4,9: (24672,10280,257,65535)  #602801FF  srgba(96,40,1,1)
5,9: (24672,13107,0,65535)  #603300FF  srgba(96,51,0,1)
6,9: (24929,20817,7967,65535)  #61511FFF  srgba(97,81,31,1)
7,9: (24929,21074,12593,65535)  #615231FF  srgba(97,82,49,1)
8,9: (24929,21588,15934,65535)  #61543EFF  srgba(97,84,62,1)
9,9: (24929,22873,19275,65535)  #61594BFF  srgba(97,89,75,1)
10,9: (25186,23387,43690,65535)  #625BAAFF  srgba(98,91,170,1)
11,9: (25443,20560,771,65535)  #635003FF  srgba(99,80,3,1)
12,9: (25700,24415,15934,65535)  #645F3EFF  srgba(100,95,62,1)
13,9: (26214,26985,9252,65535)  #666924FF  srgba(102,105,36,1)
14,9: (26985,9252,1542,65535)  #692406FF  srgba(105,36,6,1)
15,9: (26985,10280,0,65535)  #692800FF  srgba(105,40,0,1)
0,10: (26985,27242,15163,65535)  #696A3BFF  srgba(105,106,59,1)
1,10: (27242,10537,0,65535)  #6A2900FF  srgba(106,41,0,1)
2,10: (27242,22873,19789,65535)  #6A594DFF  srgba(106,89,77,1)
3,10: (27499,27242,10023,65535)  #6B6A27FF  srgba(107,106,39,1)
4,10: (27499,29298,8995,65535)  #6B7223FF  srgba(107,114,35,1)
5,10: (27756,26471,19532,65535)  #6C674CFF  srgba(108,103,76,1)
6,10: (27756,26985,19532,65535)  #6C694CFF  srgba(108,105,76,1)
7,10: (28013,25957,20046,65535)  #6D654EFF  srgba(109,101,78,1)
8,10: (28270,24929,24158,65535)  #6E615EFF  srgba(110,97,94,1)
9,10: (28270,25443,23901,65535)  #6E635DFF  srgba(110,99,93,1)
10,10: (28270,25700,20046,65535)  #6E644EFF  srgba(110,100,78,1)
11,10: (28527,23644,24929,65535)  #6F5C61FF  srgba(111,92,97,1)
12,10: (28527,26214,21588,65535)  #6F6654FF  srgba(111,102,84,1)
13,10: (28784,24415,19789,65535)  #705F4DFF  srgba(112,95,77,1)
14,10: (28784,27499,13364,65535)  #706B34FF  srgba(112,107,52,1)
15,10: (28784,29555,41120,65535)  #7073A0FF  srgba(112,115,160,1)
0,11: (29041,9509,514,65535)  #712502FF  srgba(113,37,2,1)
1,11: (29041,19018,1542,65535)  #714A06FF  srgba(113,74,6,1)
2,11: (29041,25957,16448,65535)  #716540FF  srgba(113,101,64,1)
3,11: (29041,28013,9766,65535)  #716D26FF  srgba(113,109,38,1)
4,11: (29298,20817,38807,65535)  #725197FF  srgba(114,81,151,1)
5,11: (29298,24929,4112,65535)  #726110FF  srgba(114,97,16,1)
6,11: (29298,25957,14649,65535)  #726539FF  srgba(114,101,57,1)
7,11: (29298,26214,18504,65535)  #726648FF  srgba(114,102,72,1)
8,11: (29298,28784,5397,65535)  #727015FF  srgba(114,112,21,1)
9,11: (29555,25957,12079,65535)  #73652FFF  srgba(115,101,47,1)
10,11: (29555,26214,22102,65535)  #736656FF  srgba(115,102,86,1)
11,11: (29812,25186,19532,65535)  #74624CFF  srgba(116,98,76,1)
12,11: (30069,25700,19275,65535)  #75644BFF  srgba(117,100,75,1)
13,11: (31097,25700,15420,65535)  #79643CFF  srgba(121,100,60,1)
14,11: (31097,26214,10794,65535)  #79662AFF  srgba(121,102,42,1)
15,11: (31097,28784,25443,65535)  #797063FF  srgba(121,112,99,1)
0,12: (31354,8481,514,65535)  #7A2102FF  srgba(122,33,2,1)
1,12: (31354,22102,2313,65535)  #7A5609FF  srgba(122,86,9,1)
2,12: (31354,27756,9252,65535)  #7A6C24FF  srgba(122,108,36,1)
3,12: (31611,26728,6682,65535)  #7B681AFF  srgba(123,104,26,1)
4,12: (31868,28270,2056,65535)  #7C6E08FF  srgba(124,110,8,1)
5,12: (32382,30326,29298,65535)  #7E7672FF  srgba(126,118,114,1)
6,12: (32896,25443,12336,65535)  #806330FF  srgba(128,99,48,1)
7,12: (33153,25186,3855,65535)  #81620FFF  srgba(129,98,15,1)
8,12: (33667,33153,32639,65535)  #83817FFF  srgba(131,129,127,1)
9,12: (33667,35980,40092,65535)  #838C9CFF  srgba(131,140,156,1)
10,12: (33924,32125,29812,65535)  #847D74FF  srgba(132,125,116,1)
11,12: (34695,24672,1799,65535)  #876007FF  srgba(135,96,7,1)
12,12: (34695,25186,10023,65535)  #876227FF  srgba(135,98,39,1)
13,12: (34695,28527,1285,65535)  #876F05FF  srgba(135,111,5,1)
14,12: (34695,29298,8481,65535)  #877221FF  srgba(135,114,33,1)
15,12: (34952,28270,0,65535)  #886E00FF  srgba(136,110,0,1)
0,13: (35466,33667,29555,65535)  #8A8373FF  srgba(138,131,115,1)
1,13: (36237,6939,514,65535)  #8D1B02FF  srgba(141,27,2,1)
2,13: (36237,24672,4626,65535)  #8D6012FF  srgba(141,96,18,1)
3,13: (36237,34438,33153,65535)  #8D8681FF  srgba(141,134,129,1)
4,13: (36494,35723,34695,65535)  #8E8B87FF  srgba(142,139,135,1)
5,13: (36494,40349,46003,65535)  #8E9DB3FF  srgba(142,157,179,1)
6,13: (36751,36751,36494,65535)  #8F8F8EFF  srgba(143,143,142,1)
7,13: (37008,35980,28270,65535)  #908C6EFF  srgba(144,140,110,1)
8,13: (37779,28270,0,65535)  #936E00FF  srgba(147,110,0,1)
9,13: (38036,31097,4883,65535)  #947913FF  srgba(148,121,19,1)
10,13: (38036,38807,28270,65535)  #94976EFF  srgba(148,151,110,1)
11,13: (38293,36494,34952,65535)  #958E88FF  srgba(149,142,136,1)
12,13: (38550,37779,37522,65535)  #969392FF  srgba(150,147,146,1)
13,13: (38550,41377,41634,65535)  #96A1A2FF  srgba(150,161,162,1)
14,13: (38550,42148,47545,65535)  #96A4B9FF  srgba(150,164,185,1)
15,13: (39321,23901,2570,65535)  #995D0AFF  srgba(153,93,10,1)
0,14: (40092,38036,36751,65535)  #9C948FFF  srgba(156,148,143,1)
1,14: (40092,41891,46774,65535)  #9CA3B6FF  srgba(156,163,182,1)
2,14: (40349,39578,38293,65535)  #9D9A95FF  srgba(157,154,149,1)
3,14: (40606,40606,41377,65535)  #9E9EA1FF  srgba(158,158,161,1)
4,14: (40606,43176,42919,65535)  #9EA8A7FF  srgba(158,168,167,1)
5,14: (41377,30840,3084,65535)  #A1780CFF  srgba(161,120,12,1)
6,14: (41634,39064,38036,65535)  #A29894FF  srgba(162,152,148,1)
7,14: (41891,38807,33924,65535)  #A39784FF  srgba(163,151,132,1)
8,14: (41891,39835,39064,65535)  #A39B98FF  srgba(163,155,152,1)
9,14: (41891,41891,43176,65535)  #A3A3A8FF  srgba(163,163,168,1)
10,14: (41891,41891,44204,65535)  #A3A3ACFF  srgba(163,163,172,1)
11,14: (42148,39835,37008,65535)  #A49B90FF  srgba(164,155,144,1)
12,14: (42405,40349,39835,65535)  #A59D9BFF  srgba(165,157,155,1)
13,14: (42405,41377,41377,65535)  #A5A1A1FF  srgba(165,161,161,1)
14,14: (42405,41634,42148,65535)  #A5A2A4FF  srgba(165,162,164,1)
15,14: (42662,40606,39064,65535)  #A69E98FF  srgba(166,158,152,1)
0,15: (42662,40606,44461,65535)  #A69EADFF  srgba(166,158,173,1)
1,15: (42919,40606,36237,65535)  #A79E8DFF  srgba(167,158,141,1)
2,15: (42919,40606,37779,65535)  #A79E93FF  srgba(167,158,147,1)
3,15: (42919,40606,41120,65535)  #A79EA0FF  srgba(167,158,160,1)
4,15: (42919,40863,42148,65535)  #A79FA4FF  srgba(167,159,164,1)
5,15: (42919,40863,42919,65535)  #A79FA7FF  srgba(167,159,167,1)
6,15: (42919,42405,37008,65535)  #A7A590FF  srgba(167,165,144,1)
7,15: (43176,40606,31354,65535)  #A89E7AFF  srgba(168,158,122,1)
8,15: (43176,41120,39321,65535)  #A8A099FF  srgba(168,160,153,1)
9,15: (43176,41634,37522,65535)  #A8A292FF  srgba(168,162,146,1)
10,15: (44204,42148,31611,65535)  #ACA47BFF  srgba(172,164,123,1)
11,15: (44461,42919,26471,65535)  #ADA767FF  srgba(173,167,103,1)
12,15: (44718,40349,13878,65535)  #AE9D36FF  srgba(174,157,54,1)
13,15: (46260,42405,25957,65535)  #B4A565FF  srgba(180,165,101,1)
14,15: (46774,42919,21331,65535)  #B6A753FF  srgba(182,167,83,1)
15,15: (0,65535,0,0)  #00FF0000  srgba(0,255,0,0)
