# ImageMagick pixel enumeration: 16,16,65535,srgba
0,0: (0,0,0,65535)  #000000FF  black
1,0: (0,0,17990,65535)  #000046FF  srgba(0,0,70,1)
2,0: (0,0,19532,65535)  #00004CFF  srgba(0,0,76,1)
3,0: (0,2313,0,65535)  #000900FF  srgba(0,9,0,1)
4,0: (257,0,0,65535)  #010000FF  srgba(1,0,0,1)
5,0: (257,1542,0,65535)  #010600FF  srgba(1,6,0,1)
6,0: (514,514,0,65535)  #020200FF  srgba(2,2,0,1)
7,0: (2056,2827,257,65535)  #080B01FF  srgba(8,11,1,1)
8,0: (7710,8481,4369,65535)  #1E2111FF  srgba(30,33,17,1)
9,0: (8481,8481,4626,65535)  #212112FF  srgba(33,33,18,1)
10,0: (9509,9766,5654,65535)  #252616FF  srgba(37,38,22,1)
11,0: (9766,25700,62965,65535)  #2664F5FF  srgba(38,100,245,1)
12,0: (10023,25186,63479,65535)  #2762F7FF  srgba(39,98,247,1)
13,0: (10023,25700,63479,65535)  #2764F7FF  srgba(39,100,247,1)
14,0: (10280,10023,5911,65535)  #282717FF  srgba(40,39,23,1)
15,0: (10280,25443,62708,65535)  #2863F4FF  srgba(40,99,244,1)
0,1: (10537,25186,62451,65535)  #2962F3FF  srgba(41,98,243,1)
1,1: (10794,24672,62965,65535)  #2A60F5FF  srgba(42,96,245,1)
2,1: (11051,25700,63736,65535)  #2B64F8FF  srgba(43,100,248,1)
3,1: (11308,24929,62708,65535)  #2C61F4FF  srgba(44,97,244,1)
4,1: (11308,24929,63736,65535)  #2C61F8FF  srgba(44,97,248,1)
5,1: (12593,13621,4369,65535)  #313511FF  srgba(49,53,17,1)
6,1: (12593,24929,63736,65535)  #3161F8FF  srgba(49,97,248,1)
7,1: (12593,25186,62194,65535)  #3162F2FF  srgba(49,98,242,1)
8,1: (12850,25443,62451,65535)  #3263F3FF  srgba(50,99,243,1)
9,1: (12850,25957,63736,65535)  #3265F8FF  srgba(50,101,248,1)
10,1: (13107,25443,61423,65535)  #3363EFFF  srgba(51,99,239,1)
11,1: (13107,25957,62965,65535)  #3365F5FF  srgba(51,101,245,1)
12,1: (13364,25700,62708,65535)  #3464F4FF  srgba(52,100,244,1)
13,1: (13878,25443,44461,65535)  #3663ADFF  srgba(54,99,173,1)
14,1: (14135,25700,58339,65535)  #3764E3FF  srgba(55,100,227,1)
15,1: (14906,25700,63993,65535)  #3A64F9FF  srgba(58,100,249,1)
0,2: (15677,27756,64250,65535)  #3D6CFAFF  srgba(61,108,250,1)
1,2: (16448,26985,62708,65535)  #4069F4FF  srgba(64,105,244,1)
2,2: (16705,26985,61423,65535)  #4169EFFF  srgba(65,105,239,1)
3,2: (17219,26985,57825,65535)  #4369E1FF  srgba(67,105,225,1)
4,2: (17476,27756,64250,65535)  #446CFAFF  srgba(68,108,250,1)
5,2: (17990,26985,43690,65535)  #4669AAFF  srgba(70,105,170,1)
6,2: (17990,27242,21845,65535)  #466A55FF  srgba(70,106,85,1)
7,2: (17990,29812,62194,65535)  #4674F2FF  srgba(70,116,242,1)
8,2: (17990,30069,64507,65535)  #4675FBFF  srgba(70,117,251,1)
9,2: (18247,27499,23387,65535)  #476B5BFF  srgba(71,107,91,1)
10,2: (18247,29555,49601,65535)  #4773C1FF  srgba(71,115,193,1)
11,2: (18504,30326,59624,65535)  #4876E8FF  srgba(72,118,232,1)
12,2: (18504,30583,55512,65535)  #4877D8FF  srgba(72,119,216,1)
13,2: (20817,28013,24158,65535)  #516D5EFF  srgba(81,109,94,1)
14,2: (21074,31354,64507,65535)  #527AFBFF  srgba(82,122,251,1)
15,2: (21331,28527,21588,65535)  #536F54FF  srgba(83,111,84,1)
0,3: (21588,30840,61166,65535)  #5478EEFF  srgba(84,120,238,1)
1,3: (21588,31097,56026,65535)  #5479DAFF  srgba(84,121,218,1)
2,3: (21845,30583,43176,65535)  #5577A8FF  srgba(85,119,168,1)
3,3: (22359,32125,49344,65535)  #577DC0FF  srgba(87,125,192,1)
4,3: (22873,31354,26214,65535)  #597A66FF  srgba(89,122,102,1)
5,3: (22873,34438,60395,65535)  #5986EBFF  srgba(89,134,235,1)
6,3: (22873,34695,55255,65535)  #5987D7FF  srgba(89,135,215,1)
7,3: (23644,35723,49344,65535)  #5C8BC0FF  srgba(92,139,192,1)
8,3: (24158,36494,42919,65535)  #5E8EA7FF  srgba(94,142,167,1)
9,3: (25700,35466,64764,65535)  #648AFCFF  srgba(100,138,252,1)
10,3: (26214,31868,7453,65535)  #667C1DFF  srgba(102,124,29,1)
11,3: (26471,34695,58339,65535)  #6787E3FF  srgba(103,135,227,1)
12,3: (27242,36751,57825,65535)  #6A8FE1FF  srgba(106,143,225,1)
13,3: (27242,38293,49344,65535)  #6A95C0FF  srgba(106,149,192,1)
14,3: (27499,39321,42919,65535)  #6B99A7FF  srgba(107,153,167,1)
15,3: (28013,34438,21331,65535)  #6D8653FF  srgba(109,134,83,1)
0,4: (28013,39321,59110,65535)  #6D99E6FF  srgba(109,153,230,1)
1,4: (28013,39578,53970,65535)  #6D9AD2FF  srgba(109,154,210,1)
2,4: (28784,35466,28270,65535)  #708A6EFF  srgba(112,138,110,1)
3,4: (30069,39578,65021,65535)  #759AFDFF  srgba(117,154,253,1)
4,4: (31354,39321,56540,65535)  #7A99DCFF  srgba(122,153,220,1)
5,4: (31354,40349,48573,65535)  #7A9DBDFF  srgba(122,157,189,1)
6,4: (31611,42662,56283,65535)  #7BA6DBFF  srgba(123,166,219,1)
7,4: (31868,41377,25186,65535)  #7CA162FF  srgba(124,161,98,1)
8,4: (32382,43690,41891,65535)  #7EAAA3FF  srgba(126,170,163,1)
9,4: (33153,39835,8224,65535)  #819B20FF  srgba(129,155,32,1)
10,4: (33667,40349,40092,65535)  #839D9CFF  srgba(131,157,156,1)
11,4: (33667,44204,48316,65535)  #83ACBCFF  srgba(131,172,188,1)
12,4: (33924,42662,56797,65535)  #84A6DDFF  srgba(132,166,221,1)
13,4: (34181,42919,65021,65535)  #85A7FDFF  srgba(133,167,253,1)
14,4: (34695,46774,45232,65535)  #87B6B0FF  srgba(135,182,176,1)
15,4: (35466,47288,53456,65535)  #8AB8D0FF  srgba(138,184,208,1)
0,5: (36494,44204,57311,65535)  #8EACDFFF  srgba(142,172,223,1)
1,5: (36494,46774,62194,65535)  #8EB6F2FF  srgba(142,182,242,1)
2,5: (37008,43176,23901,65535)  #90A85DFF  srgba(144,168,93,1)
3,5: (37522,40606,35723,65535)  #929E8BFF  srgba(146,158,139,1)
4,5: (38036,38807,37522,65535)  #949792FF  srgba(148,151,146,1)
5,5: (38550,47288,29041,65535)  #96B871FF  srgba(150,184,113,1)
6,5: (38550,48059,45746,65535)  #96BBB2FF  srgba(150,187,178,1)
7,5: (39064,49858,37522,65535)  #98C292FF  srgba(152,194,146,1)
8,5: (39321,38807,36237,65535)  #99978DFF  srgba(153,151,141,1)
9,5: (40092,47802,53713,65535)  #9CBAD1FF  srgba(156,186,209,1)
10,5: (40092,47802,62451,65535)  #9CBAF3FF  srgba(156,186,243,1)
11,5: (40092,51914,41634,65535)  #9CCAA2FF  srgba(156,202,162,1)
12,5: (40349,51914,47802,65535)  #9DCABAFF  srgba(157,202,186,1)
13,5: (40606,40606,37779,65535)  #9E9E93FF  srgba(158,158,147,1)
14,5: (40863,49858,62451,65535)  #9FC2F3FF  srgba(159,194,243,1)
15,5: (40863,51657,30840,65535)  #9FC978FF  srgba(159,201,120,1)
0,6: (41120,51914,53456,65535)  #A0CAD0FF  srgba(160,202,208,1)
1,6: (42148,52171,62451,65535)  #A4CBF3FF  srgba(164,203,243,1)
2,6: (43176,50629,20046,65535)  #A8C54EFF  srgba(168,197,78,1)
3,6: (44461,53713,42919,65535)  #ADD1A7FF  srgba(173,209,167,1)
4,6: (44718,53199,48316,65535)  #AECFBCFF  srgba(174,207,188,1)
5,6: (44975,56283,37265,65535)  #AFDB91FF  srgba(175,219,145,1)
6,6: (45232,54484,29812,65535)  #B0D474FF  srgba(176,212,116,1)
7,6: (45232,57311,47031,65535)  #B0DFB7FF  srgba(176,223,183,1)
8,6: (45489,57311,41634,65535)  #B1DFA2FF  srgba(177,223,162,1)
9,6: (46003,50629,12336,65535)  #B3C530FF  srgba(179,197,48,1)
10,6: (46003,53713,54741,65535)  #B3D1D5FF  srgba(179,209,213,1)
11,6: (46003,53713,62194,65535)  #B3D1F2FF  srgba(179,209,242,1)
12,6: (48059,56540,29298,65535)  #BBDC72FF  srgba(187,220,114,1)
13,6: (48316,59110,37008,65535)  #BCE690FF  srgba(188,230,144,1)
14,6: (48573,55512,46517,65535)  #BDD8B5FF  srgba(189,216,181,1)
15,6: (48573,58082,63479,65535)  #BDE2F7FF  srgba(189,226,247,1)
0,7: (48573,60138,30583,65535)  #BDEA77FF  srgba(189,234,119,1)
1,7: (49087,58596,53456,65535)  #BFE4D0FF  srgba(191,228,208,1)
2,7: (49344,59110,57825,65535)  #C0E6E1FF  srgba(192,230,225,1)
3,7: (49344,59367,46774,65535)  #C0E7B6FF  srgba(192,231,182,1)
4,7: (49344,59624,41120,65535)  #C0E8A0FF  srgba(192,232,160,1)
5,7: (49601,57311,48573,65535)  #C1DFBDFF  srgba(193,223,189,1)
6,7: (49601,57568,43176,65535)  #C1E0A8FF  srgba(193,224,168,1)
7,7: (50115,57311,20560,65535)  #C3DF50FF  srgba(195,223,80,1)
8,7: (50629,58596,36237,65535)  #C5E48DFF  srgba(197,228,141,1)
9,7: (50629,61423,35466,65535)  #C5EF8AFF  srgba(197,239,138,1)
10,7: (50886,59367,28527,65535)  #C6E76FFF  srgba(198,231,111,1)
11,7: (51143,61937,28527,65535)  #C7F16FFF  srgba(199,241,111,1)
12,7: (51914,56026,20560,65535)  #CADA50FF  srgba(202,218,80,1)
13,7: (52428,58082,50372,65535)  #CCE2C4FF  srgba(204,226,196,1)
14,7: (52685,56283,20560,65535)  #CDDB50FF  srgba(205,219,80,1)
15,7: (52685,59881,40606,65535)  #CDE99EFF  srgba(205,233,158,1)
0,8: (52685,59881,43947,65535)  #CDE9ABFF  srgba(205,233,171,1)
1,8: (52685,60909,57054,65535)  #CDEDDEFF  srgba(205,237,222,1)
2,8: (52685,61680,56797,65535)  #CDF0DDFF  srgba(205,240,221,1)
3,8: (52942,59624,36237,65535)  #CEE88DFF  srgba(206,232,141,1)
4,8: (52942,61423,55512,65535)  #CEEFD8FF  srgba(206,239,216,1)
5,8: (53199,59624,31611,65535)  #CFE87BFF  srgba(207,232,123,1)
6,8: (53199,61680,30583,65535)  #CFF077FF  srgba(207,240,119,1)
7,8: (53456,60652,54998,65535)  #D0ECD6FF  srgba(208,236,214,1)
8,8: (53456,61423,34695,65535)  #D0EF87FF  srgba(208,239,135,1)
9,8: (53456,62451,26214,65535)  #D0F366FF  srgba(208,243,102,1)
10,8: (53713,55512,21331,65535)  #D1D853FF  srgba(209,216,83,1)
11,8: (53713,60652,26471,65535)  #D1EC67FF  srgba(209,236,103,1)
12,8: (53713,62451,20817,65535)  #D1F351FF  srgba(209,243,81,1)
13,8: (53970,54484,41634,65535)  #D2D4A2FF  srgba(210,212,162,1)
14,8: (53970,60138,50115,65535)  #D2EAC3FF  srgba(210,234,195,1)
15,8: (53970,64507,51143,65535)  #D2FBC7FF  srgba(210,251,199,1)
0,9: (54227,61680,50629,65535)  #D3F0C5FF  srgba(211,240,197,1)
1,9: (54227,63736,21588,65535)  #D3F854FF  srgba(211,248,84,1)
2,9: (54227,63993,38550,65535)  #D3F996FF  srgba(211,249,150,1)
3,9: (54741,63736,25700,65535)  #D5F864FF  srgba(213,248,100,1)
4,9: (54741,63993,31097,65535)  #D5F979FF  srgba(213,249,121,1)
5,9: (54998,57568,21588,65535)  #D6E054FF  srgba(214,224,84,1)
6,9: (55255,54741,42148,65535)  #D7D5A4FF  srgba(215,213,164,1)
7,9: (55255,61423,20560,65535)  #D7EF50FF  srgba(215,239,80,1)
8,9: (55255,62451,19789,65535)  #D7F34DFF  srgba(215,243,77,1)
9,9: (55769,63736,18247,65535)  #D9F847FF  srgba(217,248,71,1)
10,9: (56283,57054,31354,65535)  #DBDE7AFF  srgba(219,222,122,1)
11,9: (56283,62194,24929,65535)  #DBF261FF  srgba(219,242,97,1)
12,9: (56283,62708,20303,65535)  #DBF44FFF  srgba(219,244,79,1)
13,9: (56540,57311,32896,65535)  #DCDF80FF  srgba(220,223,128,1)
14,9: (56540,59624,29298,65535)  #DCE872FF  srgba(220,232,114,1)
15,9: (56540,59881,21845,65535)  #DCE955FF  srgba(220,233,85,1)
0,10: (56540,60909,17476,65535)  #DCED44FF  srgba(220,237,68,1)
1,10: (56540,61166,14649,65535)  #DCEE39FF  srgba(220,238,57,1)
2,10: (56540,62708,16705,65535)  #DCF441FF  srgba(220,244,65,1)
3,10: (56797,59624,43176,65535)  #DDE8A8FF  srgba(221,232,168,1)
4,10: (57054,63736,21074,65535)  #DEF852FF  srgba(222,248,82,1)
5,10: (57311,58082,46260,65535)  #DFE2B4FF  srgba(223,226,180,1)
6,10: (57311,59367,22102,65535)  #DFE756FF  srgba(223,231,86,1)
7,10: (57311,59624,34952,65535)  #DFE888FF  srgba(223,232,136,1)
8,10: (57311,60652,20303,65535)  #DFEC4FFF  srgba(223,236,79,1)
9,10: (57311,60909,16191,65535)  #DFED3FFF  srgba(223,237,63,1)
10,10: (57311,61423,14649,65535)  #DFEF39FF  srgba(223,239,57,1)
11,10: (57311,61680,35209,65535)  #DFF089FF  srgba(223,240,137,1)
12,10: (57311,61937,28270,65535)  #DFF16EFF  srgba(223,241,110,1)
13,10: (57311,63736,16705,65535)  #DFF841FF  srgba(223,248,65,1)
14,10: (57568,57311,44975,65535)  #E0DFAFFF  srgba(224,223,175,1)
15,10: (57568,59624,23901,65535)  #E0E85DFF  srgba(224,232,93,1)
0,11: (57568,60652,16705,65535)  #E0EC41FF  srgba(224,236,65,1)
1,11: (57568,60909,25957,65535)  #E0ED65FF  srgba(224,237,101,1)
2,11: (57568,62451,15677,65535)  #E0F33DFF  srgba(224,243,61,1)
3,11: (57568,62708,17990,65535)  #E0F446FF  srgba(224,244,70,1)
4,11: (57568,63736,15420,65535)  #E0F83CFF  srgba(224,248,60,1)
5,11: (57825,58082,45489,65535)  #E1E2B1FF  srgba(225,226,177,1)
6,11: (57825,62965,14906,65535)  #E1F53AFF  srgba(225,245,58,1)
7,11: (57825,63736,14906,65535)  #E1F83AFF  srgba(225,248,58,1)
8,11: (58339,61680,14392,65535)  #E3F038FF  srgba(227,240,56,1)
9,11: (58339,62708,14392,65535)  #E3F438FF  srgba(227,244,56,1)
10,11: (58339,62965,14392,65535)  #E3F538FF  srgba(227,245,56,1)
11,11: (58339,63222,13621,65535)  #E3F635FF  srgba(227,246,53,1)
12,11: (58339,63479,14392,65535)  #E3F738FF  srgba(227,247,56,1)
13,11: (58339,63479,14906,65535)  #E3F73AFF  srgba(227,247,58,1)
14,11: (58339,63736,17990,65535)  #E3F846FF  srgba(227,248,70,1)
15,11: (58339,63993,15420,65535)  #E3F93CFF  srgba(227,249,60,1)
0,12: (58596,61423,37522,65535)  #E4EF92FF  srgba(228,239,146,1)
1,12: (58596,62451,14392,65535)  #E4F338FF  srgba(228,243,56,1)
2,12: (58596,63736,15163,65535)  #E4F83BFF  srgba(228,248,59,1)
3,12: (58596,63736,15934,65535)  #E4F83EFF  srgba(228,248,62,1)
4,12: (58853,61937,17219,65535)  #E5F143FF  srgba(229,241,67,1)
5,12: (58853,62194,19532,65535)  #E5F24CFF  srgba(229,242,76,1)
6,12: (58853,62451,16191,65535)  #E5F33FFF  srgba(229,243,63,1)
7,12: (58853,62965,14392,65535)  #E5F538FF  srgba(229,245,56,1)
8,12: (58853,62965,15420,65535)  #E5F53CFF  srgba(229,245,60,1)
9,12: (58853,63736,14649,65535)  #E5F839FF  srgba(229,248,57,1)
10,12: (59110,62965,15677,65535)  #E6F53DFF  srgba(230,245,61,1)
11,12: (59110,63479,14906,65535)  #E6F73AFF  srgba(230,247,58,1)
12,12: (59110,63993,15420,65535)  #E6F93CFF  srgba(230,249,60,1)
13,12: (59367,62965,14135,65535)  #E7F537FF  srgba(231,245,55,1)
14,12: (59367,63222,14906,65535)  #E7F63AFF  srgba(231,246,58,1)
15,12: (59367,63736,14649,65535)  #E7F839FF  srgba(231,248,57,1)
0,13: (59367,63736,15163,65535)  #E7F83BFF  srgba(231,248,59,1)
1,13: (59367,63736,16191,65535)  #E7F83FFF  srgba(231,248,63,1)
2,13: (59624,62708,13621,65535)  #E8F435FF  srgba(232,244,53,1)
3,13: (59624,62708,14649,65535)  #E8F439FF  srgba(232,244,57,1)
4,13: (59624,63479,15163,65535)  #E8F73BFF  srgba(232,247,59,1)
5,13: (59624,63736,14649,65535)  #E8F839FF  srgba(232,248,57,1)
6,13: (59624,63993,15420,65535)  #E8F93CFF  srgba(232,249,60,1)
7,13: (59624,64250,15934,65535)  #E8FA3EFF  srgba(232,250,62,1)
8,13: (59881,62965,14906,65535)  #E9F53AFF  srgba(233,245,58,1)
9,13: (59881,63736,14906,65535)  #E9F83AFF  srgba(233,248,58,1)
10,13: (59881,63736,15420,65535)  #E9F83CFF  srgba(233,248,60,1)
11,13: (59881,64507,15420,65535)  #E9FB3CFF  srgba(233,251,60,1)
12,13: (59881,64764,15420,65535)  #E9FC3CFF  srgba(233,252,60,1)
13,13: (60138,61423,25186,65535)  #EAEF62FF  srgba(234,239,98,1)
14,13: (60138,61423,31097,65535)  #EAEF79FF  srgba(234,239,121,1)
15,13: (60138,61680,37008,65535)  #EAF090FF  srgba(234,240,144,1)
0,14: (60138,61680,37265,65535)  #EAF091FF  srgba(234,240,145,1)
1,14: (60138,62708,14649,65535)  #EAF439FF  srgba(234,244,57,1)
2,14: (60138,62708,18761,65535)  #EAF449FF  srgba(234,244,73,1)
3,14: (60138,62965,15163,65535)  #EAF53BFF  srgba(234,245,59,1)
4,14: (60138,63993,15677,65535)  #EAF93DFF  srgba(234,249,61,1)
5,14: (60138,64250,15420,65535)  #EAFA3CFF  srgba(234,250,60,1)
6,14: (60138,64250,15934,65535)  #EAFA3EFF  srgba(234,250,62,1)
7,14: (60395,61937,38036,65535)  #EBF194FF  srgba(235,241,148,1)
8,14: (60395,62965,14906,65535)  #EBF53AFF  srgba(235,245,58,1)
9,14: (60395,62965,16191,65535)  #EBF53FFF  srgba(235,245,63,1)
10,14: (60395,63222,14906,65535)  #EBF63AFF  srgba(235,246,58,1)
11,14: (60395,63479,15420,65535)  #EBF73CFF  srgba(235,247,60,1)
12,14: (60395,64250,15934,65535)  #EBFA3EFF  srgba(235,250,62,1)
13,14: (60652,62965,14392,65535)  #ECF538FF  srgba(236,245,56,1)
14,14: (60652,63993,15420,65535)  #ECF93CFF  srgba(236,249,60,1)
15,14: (60909,62965,15420,65535)  #EDF53CFF  srgba(237,245,60,1)
0,15: (60909,63479,15420,65535)  #EDF73CFF  srgba(237,247,60,1)
1,15: (60909,63993,15677,65535)  #EDF93DFF  srgba(237,249,61,1)
2,15: (60909,64250,16448,65535)  #EDFA40FF  srgba(237,250,64,1)
3,15: (61166,62965,14906,65535)  #EEF53AFF  srgba(238,245,58,1)
4,15: (61166,62965,15163,65535)  #EEF53BFF  srgba(238,245,59,1)
5,15: (61423,63993,15420,65535)  #EFF93CFF  srgba(239,249,60,1)
6,15: (61423,63993,15677,65535)  #EFF93DFF  srgba(239,249,61,1)
7,15: (61680,62965,14906,65535)  #F0F53AFF  srgba(240,245,58,1)
8,15: (61680,63993,15934,65535)  #F0F93EFF  srgba(240,249,62,1)
9,15: (61937,63479,15420,65535)  #F1F73CFF  srgba(241,247,60,1)
10,15: (61937,63736,15677,65535)  #F1F83DFF  srgba(241,248,61,1)
11,15: (61937,63993,15934,65535)  #F1F93EFF  srgba(241,249,62,1)
12,15: (62194,62708,15420,65535)  #F2F43CFF  srgba(242,244,60,1)
13,15: (62194,63736,15420,65535)  #F2F83CFF  srgba(242,248,60,1)
14,15: (62451,62451,14906,65535)  #F3F33AFF  srgba(243,243,58,1)
15,15: (0,65535,0,0)  #00FF0000  srgba(0,255,0,0)
