# ImageMagick pixel enumeration: 16,16,65535,srgba
0,0: (0,0,0,65535)  #000000FF  black
1,0: (0,0,0,65535)  #000000FF  black
2,0: (0,6425,0,65535)  #001900FF  srgba(0,25,0,1)
3,0: (0,19018,0,65535)  #004A00FF  srgba(0,74,0,1)
4,0: (0,20817,2056,65535)  #005108FF  srgba(0,81,8,1)
5,0: (0,23901,0,65535)  #005D00FF  srgba(0,93,0,1)
6,0: (0,24415,2570,65535)  #005F0AFF  srgba(0,95,10,1)
7,0: (257,771,514,65535)  #010302FF  srgba(1,3,2,1)
8,0: (257,15677,5140,65535)  #013D14FF  srgba(1,61,20,1)
9,0: (771,15934,10794,65535)  #033E2AFF  srgba(3,62,42,1)
10,0: (771,20817,0,65535)  #035100FF  srgba(3,81,0,1)
11,0: (1285,1285,0,65535)  #050500FF  srgba(5,5,0,1)
12,0: (1542,12336,4883,65535)  #063013FF  srgba(6,48,19,1)
13,0: (1542,12850,9509,65535)  #063225FF  srgba(6,50,37,1)
14,0: (2056,15934,16448,65535)  #083E40FF  srgba(8,62,64,1)
15,0: (2827,15677,31611,65535)  #0B3D7BFF  srgba(11,61,123,1)
0,1: (4112,20303,3598,65535)  #104F0EFF  srgba(16,79,14,1)
1,1: (4883,17219,0,65535)  #134300FF  srgba(19,67,0,1)
2,1: (5911,22359,0,65535)  #175700FF  srgba(23,87,0,1)
3,1: (6425,26471,0,65535)  #196700FF  srgba(25,103,0,1)
4,1: (6682,12593,17990,65535)  #1A3146FF  srgba(26,49,70,1)
5,1: (6682,16191,7967,65535)  #1A3F1FFF  srgba(26,63,31,1)
6,1: (7967,27756,17476,65535)  #1F6C44FF  srgba(31,108,68,1)
7,1: (8481,30840,5140,65535)  #217814FF  srgba(33,120,20,1)
8,1: (8995,11822,27242,65535)  #232E6AFF  srgba(35,46,106,1)
9,1: (8995,18761,0,65535)  #234900FF  srgba(35,73,0,1)
10,1: (9509,8995,8738,65535)  #252322FF  srgba(37,35,34,1)
11,1: (9509,17476,34952,65535)  #254488FF  srgba(37,68,136,1)
12,1: (9509,19018,16962,65535)  #254A42FF  srgba(37,74,66,1)
13,1: (9509,19532,0,65535)  #254C00FF  srgba(37,76,0,1)
14,1: (10280,20303,0,65535)  #284F00FF  srgba(40,79,0,1)
15,1: (11051,15677,48830,65535)  #2B3DBEFF  srgba(43,61,190,1)
0,2: (11051,22873,5397,65535)  #2B5915FF  srgba(43,89,21,1)
1,2: (11308,17219,48059,65535)  #2C43BBFF  srgba(44,67,187,1)
2,2: (11308,22102,0,65535)  #2C5600FF  srgba(44,86,0,1)
3,2: (11822,15677,7196,65535)  #2E3D1CFF  srgba(46,61,28,1)
4,2: (11822,50115,7453,65535)  #2EC31DFF  srgba(46,195,29,1)
5,2: (12079,16191,43433,65535)  #2F3FA9FF  srgba(47,63,169,1)
6,2: (12593,17733,45746,65535)  #3145B2FF  srgba(49,69,178,1)
7,2: (12593,58853,11822,65535)  #31E52EFF  srgba(49,229,46,1)
8,2: (13107,12850,8224,65535)  #333220FF  srgba(51,50,32,1)
9,2: (13364,12593,18504,65535)  #343148FF  srgba(52,49,72,1)
10,2: (13621,12850,56283,65535)  #3532DBFF  srgba(53,50,219,1)
11,2: (13621,17219,44204,65535)  #3543ACFF  srgba(53,67,172,1)
12,2: (14135,18761,47288,65535)  #3749B8FF  srgba(55,73,184,1)
13,2: (14135,24158,28527,65535)  #375E6FFF  srgba(55,94,111,1)
14,2: (14392,20046,4883,65535)  #384E13FF  srgba(56,78,19,1)
15,2: (14906,19532,0,65535)  #3A4C00FF  srgba(58,76,0,1)
0,3: (15163,63736,13878,65535)  #3BF836FF  srgba(59,248,54,1)
1,3: (15677,12850,3855,65535)  #3D320FFF  srgba(61,50,15,1)
2,3: (15677,18761,0,65535)  #3D4900FF  srgba(61,73,0,1)
3,3: (15677,20560,0,65535)  #3D5000FF  srgba(61,80,0,1)
4,3: (15934,17990,36494,65535)  #3E468EFF  srgba(62,70,142,1)
5,3: (15934,27242,0,65535)  #3E6A00FF  srgba(62,106,0,1)
6,3: (16191,9509,31868,65535)  #3F257CFF  srgba(63,37,124,1)
7,3: (16191,17733,41120,65535)  #3F45A0FF  srgba(63,69,160,1)
8,3: (16191,63222,14649,65535)  #3FF639FF  srgba(63,246,57,1)
9,3: (16448,34438,4369,65535)  #408611FF  srgba(64,134,17,1)
10,3: (16705,17990,39064,65535)  #414698FF  srgba(65,70,152,1)
11,3: (16962,16191,34695,65535)  #423F87FF  srgba(66,63,135,1)
12,3: (17733,29298,17990,65535)  #457246FF  srgba(69,114,70,1)
13,3: (17733,48830,20817,65535)  #45BE51FF  srgba(69,190,81,1)
14,3: (17733,57311,26985,65535)  #45DF69FF  srgba(69,223,105,1)
15,3: (17990,15677,43433,65535)  #463DA9FF  srgba(70,61,169,1)
0,4: (17990,63736,16191,65535)  #46F83FFF  srgba(70,248,63,1)
1,4: (18247,17733,37265,65535)  #474591FF  srgba(71,69,145,1)
2,4: (18247,49344,6939,65535)  #47C01BFF  srgba(71,192,27,1)
3,4: (18247,59110,11565,65535)  #47E62DFF  srgba(71,230,45,1)
4,4: (18504,63993,14392,65535)  #48F938FF  srgba(72,249,56,1)
5,4: (18761,64250,14649,65535)  #49FA39FF  srgba(73,250,57,1)
6,4: (19018,12079,54741,65535)  #4A2FD5FF  srgba(74,47,213,1)
7,4: (19275,9252,63222,65535)  #4B24F6FF  srgba(75,36,246,1)
8,4: (19275,59624,18761,65535)  #4BE849FF  srgba(75,232,73,1)
9,4: (19275,61680,16962,65535)  #4BF042FF  srgba(75,240,66,1)
10,4: (19275,63993,14135,65535)  #4BF937FF  srgba(75,249,55,1)
11,4: (21845,52942,39835,65535)  #55CE9BFF  srgba(85,206,155,1)
12,4: (21845,55255,26471,65535)  #55D767FF  srgba(85,215,103,1)
13,4: (21845,57825,29298,65535)  #55E172FF  srgba(85,225,114,1)
14,4: (22102,54998,29555,65535)  #56D673FF  srgba(86,214,115,1)
15,4: (22359,14906,7710,65535)  #573A1EFF  srgba(87,58,30,1)
0,5: (22359,21074,4626,65535)  #575212FF  srgba(87,82,18,1)
1,5: (22616,14135,17733,65535)  #583745FF  srgba(88,55,69,1)
2,5: (22616,14906,31097,65535)  #583A79FF  srgba(88,58,121,1)
3,5: (22616,16962,38550,65535)  #584296FF  srgba(88,66,150,1)
4,5: (22616,22359,0,65535)  #585700FF  srgba(88,87,0,1)
5,5: (22616,28270,23387,65535)  #586E5BFF  srgba(88,110,91,1)
6,5: (22616,47802,5911,65535)  #58BA17FF  srgba(88,186,23,1)
7,5: (22616,63736,14392,65535)  #58F838FF  srgba(88,248,56,1)
8,5: (23130,31868,7967,65535)  #5A7C1FFF  srgba(90,124,31,1)
9,5: (23130,51914,8481,65535)  #5ACA21FF  srgba(90,202,33,1)
10,5: (23130,63736,14135,65535)  #5AF837FF  srgba(90,248,55,1)
11,5: (23387,25700,34181,65535)  #5B6485FF  srgba(91,100,133,1)
12,5: (23644,61937,13107,65535)  #5CF133FF  srgba(92,241,51,1)
13,5: (24158,17476,42662,65535)  #5E44A6FF  srgba(94,68,166,1)
14,5: (24158,54484,36237,65535)  #5ED48DFF  srgba(94,212,141,1)
15,5: (24158,57568,26728,65535)  #5EE068FF  srgba(94,224,104,1)
0,6: (24158,63222,16705,65535)  #5EF641FF  srgba(94,246,65,1)
1,6: (24415,9252,54998,65535)  #5F24D6FF  srgba(95,36,214,1)
2,6: (24415,14649,53713,65535)  #5F39D1FF  srgba(95,57,209,1)
3,6: (24672,8995,62194,65535)  #6023F2FF  srgba(96,35,242,1)
4,6: (24672,55769,23644,65535)  #60D95CFF  srgba(96,217,92,1)
5,6: (25186,18247,42919,65535)  #6247A7FF  srgba(98,71,167,1)
6,6: (25700,8481,63222,65535)  #6421F6FF  srgba(100,33,246,1)
7,6: (25700,15934,43433,65535)  #643EA9FF  srgba(100,62,169,1)
8,6: (25957,12850,42662,65535)  #6532A6FF  srgba(101,50,166,1)
9,6: (26214,54484,32639,65535)  #66D47FFF  srgba(102,212,127,1)
10,6: (26728,24158,0,65535)  #685E00FF  srgba(104,94,0,1)
11,6: (26728,29555,22616,65535)  #687358FF  srgba(104,115,88,1)
12,6: (26728,64250,14649,65535)  #68FA39FF  srgba(104,250,57,1)
13,6: (26985,15934,65021,65535)  #693EFDFF  srgba(105,62,253,1)
14,6: (26985,24929,0,65535)  #696100FF  srgba(105,97,0,1)
15,6: (27242,15677,47545,65535)  #6A3DB9FF  srgba(106,61,185,1)
0,7: (27242,63222,13621,65535)  #6AF635FF  srgba(106,246,53,1)
1,7: (27499,46774,50886,65535)  #6BB6C6FF  srgba(107,182,198,1)
2,7: (27756,13107,64507,65535)  #6C33FBFF  srgba(108,51,251,1)
3,7: (28013,8995,63479,65535)  #6D23F7FF  srgba(109,35,247,1)
4,7: (28013,54741,26214,65535)  #6DD566FF  srgba(109,213,102,1)
5,7: (28013,59881,12336,65535)  #6DE930FF  srgba(109,233,48,1)
6,7: (28270,21074,49858,65535)  #6E52C2FF  srgba(110,82,194,1)
7,7: (28270,54741,23130,65535)  #6ED55AFF  srgba(110,213,90,1)
8,7: (28527,9509,60909,65535)  #6F25EDFF  srgba(111,37,237,1)
9,7: (28784,50372,7710,65535)  #70C41EFF  srgba(112,196,30,1)
10,7: (28784,63479,16191,65535)  #70F73FFF  srgba(112,247,63,1)
11,7: (28784,63736,13878,65535)  #70F836FF  srgba(112,248,54,1)
12,7: (29041,28527,2313,65535)  #716F09FF  srgba(113,111,9,1)
13,7: (29041,33410,35980,65535)  #71828CFF  srgba(113,130,140,1)
14,7: (29041,41891,65535,65535)  #71A3FFFF  srgba(113,163,255,1)
15,7: (29298,13878,12850,65535)  #723632FF  srgba(114,54,50,1)
0,8: (29298,22359,42919,65535)  #7257A7FF  srgba(114,87,167,1)
1,8: (29298,60652,17476,65535)  #72EC44FF  srgba(114,236,68,1)
2,8: (29555,18247,50886,65535)  #7347C6FF  srgba(115,71,198,1)
3,8: (29555,21074,37779,65535)  #735293FF  srgba(115,82,147,1)
4,8: (29555,25186,65021,65535)  #7362FDFF  srgba(115,98,253,1)
5,8: (29812,32382,24929,65535)  #747E61FF  srgba(116,126,97,1)
6,8: (29812,63993,14135,65535)  #74F937FF  srgba(116,249,55,1)
7,8: (30069,8481,63222,65535)  #7521F6FF  srgba(117,33,246,1)
8,8: (30069,64250,14649,65535)  #75FA39FF  srgba(117,250,57,1)
9,8: (30326,9766,63993,65535)  #7626F9FF  srgba(118,38,249,1)
10,8: (30583,18504,46774,65535)  #7748B6FF  srgba(119,72,182,1)
11,8: (31611,8481,62194,65535)  #7B21F2FF  srgba(123,33,242,1)
12,8: (31868,28013,52942,65535)  #7C6DCEFF  srgba(124,109,206,1)
13,8: (32125,40092,65021,65535)  #7D9CFDFF  srgba(125,156,253,1)
14,8: (32382,14135,55769,65535)  #7E37D9FF  srgba(126,55,217,1)
15,8: (32639,8995,63479,65535)  #7F23F7FF  srgba(127,35,247,1)
0,9: (32639,9509,55769,65535)  #7F25D9FF  srgba(127,37,217,1)
1,9: (32639,16962,38550,65535)  #7F4296FF  srgba(127,66,150,1)
2,9: (33153,16448,35209,65535)  #814089FF  srgba(129,64,137,1)
3,9: (33410,50629,8481,65535)  #82C521FF  srgba(130,197,33,1)
4,9: (33667,63736,14135,65535)  #83F837FF  srgba(131,248,55,1)
5,9: (33924,24158,42919,65535)  #845EA7FF  srgba(132,94,167,1)
6,9: (33924,64250,14649,65535)  #84FA39FF  srgba(132,250,57,1)
7,9: (34181,63222,13878,65535)  #85F636FF  srgba(133,246,54,1)
8,9: (34438,39321,58082,65535)  #8699E2FF  srgba(134,153,226,1)
9,9: (34952,52942,29041,65535)  #88CE71FF  srgba(136,206,113,1)
10,9: (35209,57311,30583,65535)  #89DF77FF  srgba(137,223,119,1)
11,9: (35466,18504,43690,65535)  #8A48AAFF  srgba(138,72,170,1)
12,9: (35466,57054,25443,65535)  #8ADE63FF  srgba(138,222,99,1)
13,9: (35466,60138,25700,65535)  #8AEA64FF  srgba(138,234,100,1)
14,9: (35466,61166,16962,65535)  #8AEE42FF  srgba(138,238,66,1)
15,9: (35723,60138,13621,65535)  #8BEA35FF  srgba(139,234,53,1)
0,10: (35723,60909,18247,65535)  #8BED47FF  srgba(139,237,71,1)
1,10: (36494,8738,63222,65535)  #8E22F6FF  srgba(142,34,246,1)
2,10: (36494,26728,36237,65535)  #8E688DFF  srgba(142,104,141,1)
3,10: (36751,10537,63993,65535)  #8F29F9FF  srgba(143,41,249,1)
4,10: (37008,15934,43433,65535)  #903EA9FF  srgba(144,62,169,1)
5,10: (37008,35723,27756,65535)  #908B6CFF  srgba(144,139,108,1)
6,10: (37008,53199,24158,65535)  #90CF5EFF  srgba(144,207,94,1)
7,10: (37779,22616,54484,65535)  #9358D4FF  srgba(147,88,212,1)
8,10: (37779,49344,38550,65535)  #93C096FF  srgba(147,192,150,1)
9,10: (38550,15163,30583,65535)  #963B77FF  srgba(150,59,119,1)
10,10: (38807,10023,60909,65535)  #9727EDFF  srgba(151,39,237,1)
11,10: (39064,11308,54484,65535)  #982CD4FF  srgba(152,44,212,1)
12,10: (39064,16962,48830,65535)  #9842BEFF  srgba(152,66,190,1)
13,10: (39064,39835,65021,65535)  #989BFDFF  srgba(152,155,253,1)
14,10: (39064,44975,40349,65535)  #98AF9DFF  srgba(152,175,157,1)
15,10: (39321,36494,54227,65535)  #998ED3FF  srgba(153,142,211,1)
0,11: (39578,42405,65278,65535)  #9AA5FEFF  srgba(154,165,254,1)
1,11: (39835,44204,65278,65535)  #9BACFEFF  srgba(155,172,254,1)
2,11: (40349,10280,63736,65535)  #9D28F8FF  srgba(157,40,248,1)
3,11: (40349,20303,47545,65535)  #9D4FB9FF  srgba(157,79,185,1)
4,11: (40349,20560,42662,65535)  #9D50A6FF  srgba(157,80,166,1)
5,11: (40349,43690,52942,65535)  #9DAACEFF  srgba(157,170,206,1)
6,11: (40349,55769,33924,65535)  #9DD984FF  srgba(157,217,132,1)
7,11: (40606,34952,65021,65535)  #9E88FDFF  srgba(158,136,253,1)
8,11: (40863,60909,16962,65535)  #9FED42FF  srgba(159,237,66,1)
9,11: (41120,49344,50629,65535)  #A0C0C5FF  srgba(160,192,197,1)
10,11: (41634,47545,52685,65535)  #A2B9CDFF  srgba(162,185,205,1)
11,11: (41891,42405,62194,65535)  #A3A5F2FF  srgba(163,165,242,1)
12,11: (42662,59624,21074,65535)  #A6E852FF  srgba(166,232,82,1)
13,11: (42919,11565,63736,65535)  #A72DF8FF  srgba(167,45,248,1)
14,11: (42919,54998,23130,65535)  #A7D65AFF  srgba(167,214,90,1)
15,11: (43176,10794,60909,65535)  #A82AEDFF  srgba(168,42,237,1)
0,12: (43176,13364,51143,65535)  #A834C7FF  srgba(168,52,199,1)
1,12: (43176,46003,47545,65535)  #A8B3B9FF  srgba(168,179,185,1)
2,12: (43433,56026,30069,65535)  #A9DA75FF  srgba(169,218,117,1)
3,12: (44204,42919,65021,65535)  #ACA7FDFF  srgba(172,167,253,1)
4,12: (44204,50629,37522,65535)  #ACC592FF  srgba(172,197,146,1)
5,12: (44461,17476,38550,65535)  #AD4496FF  srgba(173,68,150,1)
6,12: (44461,39321,61166,65535)  #AD99EEFF  srgba(173,153,238,1)
7,12: (44461,45232,46003,65535)  #ADB0B3FF  srgba(173,176,179,1)
8,12: (44461,53456,30840,65535)  #ADD078FF  srgba(173,208,120,1)
9,12: (44718,44975,41891,65535)  #AEAFA3FF  srgba(174,175,163,1)
10,12: (44975,25186,56283,65535)  #AF62DBFF  srgba(175,98,219,1)
11,12: (44975,54484,33667,65535)  #AFD483FF  srgba(175,212,131,1)
12,12: (44975,55255,26214,65535)  #AFD766FF  srgba(175,215,102,1)
13,12: (45489,16962,34952,65535)  #B14288FF  srgba(177,66,136,1)
14,12: (46003,10794,63736,65535)  #B32AF8FF  srgba(179,42,248,1)
15,12: (46517,11308,60395,65535)  #B52CEBFF  srgba(181,44,235,1)
0,13: (47031,17990,42405,65535)  #B746A5FF  srgba(183,70,165,1)
1,13: (47031,38807,65278,65535)  #B797FEFF  srgba(183,151,254,1)
2,13: (47031,52428,35466,65535)  #B7CC8AFF  srgba(183,204,138,1)
3,13: (47288,14906,48316,65535)  #B83ABCFF  srgba(184,58,188,1)
4,13: (48059,48059,42148,65535)  #BBBBA4FF  srgba(187,187,164,1)
5,13: (48316,16448,43947,65535)  #BC40ABFF  srgba(188,64,171,1)
6,13: (48316,53970,29555,65535)  #BCD273FF  srgba(188,210,115,1)
7,13: (48316,55255,29041,65535)  #BCD771FF  srgba(188,215,113,1)
8,13: (48830,20046,65021,65535)  #BE4EFDFF  srgba(190,78,253,1)
9,13: (48830,38036,53456,65535)  #BE94D0FF  srgba(190,148,208,1)
10,13: (48830,41377,65278,65535)  #BEA1FEFF  srgba(190,161,254,1)
11,13: (49344,41377,61423,65535)  #C0A1EFFF  srgba(192,161,239,1)
12,13: (49344,46774,53970,65535)  #C0B6D2FF  srgba(192,182,210,1)
13,13: (50115,31611,36494,65535)  #C37B8EFF  srgba(195,123,142,1)
14,13: (50115,42662,63222,65535)  #C3A6F6FF  srgba(195,166,246,1)
15,13: (50372,54227,26471,65535)  #C4D367FF  srgba(196,211,103,1)
0,14: (50629,31097,42919,65535)  #C579A7FF  srgba(197,121,167,1)
1,14: (50886,46260,42662,65535)  #C6B4A6FF  srgba(198,180,166,1)
2,14: (51143,38807,65021,65535)  #C797FDFF  srgba(199,151,253,1)
3,14: (51400,44718,57825,65535)  #C8AEE1FF  srgba(200,174,225,1)
4,14: (51657,55512,26214,65535)  #C9D866FF  srgba(201,216,102,1)
5,14: (51914,48059,38293,65535)  #CABB95FF  srgba(202,187,149,1)
6,14: (52685,15934,47288,65535)  #CD3EB8FF  srgba(205,62,184,1)
7,14: (53199,47031,39321,65535)  #CFB799FF  srgba(207,183,153,1)
8,14: (53713,55255,27756,65535)  #D1D76CFF  srgba(209,215,108,1)
9,14: (53970,43947,46260,65535)  #D2ABB4FF  srgba(210,171,180,1)
10,14: (53970,52428,28784,65535)  #D2CC70FF  srgba(210,204,112,1)
11,14: (55255,44461,38036,65535)  #D7AD94FF  srgba(215,173,148,1)
12,14: (56026,46260,35466,65535)  #DAB48AFF  srgba(218,180,138,1)
13,14: (56026,54227,26214,65535)  #DAD366FF  srgba(218,211,102,1)
14,14: (56283,36494,64764,65535)  #DB8EFCFF  srgba(219,142,252,1)
15,14: (58082,29555,54484,65535)  #E273D4FF  srgba(226,115,212,1)
0,15: (59110,47545,29812,65535)  #E6B974FF  srgba(230,185,116,1)
1,15: (59624,43947,37522,65535)  #E8AB92FF  srgba(232,171,146,1)
2,15: (60395,37265,58596,65535)  #EB91E4FF  srgba(235,145,228,1)
3,15: (60652,38293,59110,65535)  #EC95E6FF  srgba(236,149,230,1)
4,15: (60909,39835,61166,65535)  #ED9BEEFF  srgba(237,155,238,1)
5,15: (60909,41891,65278,65535)  #EDA3FEFF  srgba(237,163,254,1)
6,15: (60909,46003,45746,65535)  #EDB3B2FF  srgba(237,179,178,1)
7,15: (61423,39835,55769,65535)  #EF9BD9FF  srgba(239,155,217,1)
8,15: (61423,43947,57568,65535)  #EFABE0FF  srgba(239,171,224,1)
9,15: (62451,40092,65278,65535)  #F39CFEFF  srgba(243,156,254,1)
10,15: (62451,43690,47031,65535)  #F3AAB7FF  srgba(243,170,183,1)
11,15: (62708,39064,65278,65535)  #F498FEFF  srgba(244,152,254,1)
12,15: (62965,44718,51400,65535)  #F5AEC8FF  srgba(245,174,200,1)
13,15: (63736,41377,60909,65535)  #F8A1EDFF  srgba(248,161,237,1)
14,15: (65021,37522,65021,65535)  #FD92FDFF  srgba(253,146,253,1)
15,15: (0,65535,0,0)  #00FF0000  srgba(0,255,0,0)
