# ImageMagick pixel enumeration: 16,16,65535,srgba
0,0: (0,0,0,65535)  #000000FF  black
1,0: (0,0,257,65535)  #000001FF  srgba(0,0,1,1)
2,0: (0,0,4112,65535)  #000010FF  srgba(0,0,16,1)
3,0: (0,0,26214,65535)  #000066FF  srgba(0,0,102,1)
4,0: (0,257,16191,65535)  #00013FFF  srgba(0,1,63,1)
5,0: (0,514,514,65535)  #000202FF  srgba(0,2,2,1)
6,0: (0,514,4883,65535)  #000213FF  srgba(0,2,19,1)
7,0: (0,1028,2570,65535)  #00040AFF  srgba(0,4,10,1)
8,0: (0,1542,34952,65535)  #000688FF  srgba(0,6,136,1)
9,0: (0,2570,17990,65535)  #000A46FF  srgba(0,10,70,1)
10,0: (0,2827,8224,65535)  #000B20FF  srgba(0,11,32,1)
11,0: (0,4883,14392,65535)  #001338FF  srgba(0,19,56,1)
12,0: (0,5140,48316,65535)  #0014BCFF  srgba(0,20,188,1)
13,0: (0,5911,3084,65535)  #00170CFF  srgba(0,23,12,1)
14,0: (0,7967,60909,65535)  #001FEDFF  srgba(0,31,237,1)
15,0: (0,7967,62194,65535)  #001FF2FF  srgba(0,31,242,1)
0,1: (0,7967,62708,65535)  #001FF4FF  srgba(0,31,244,1)
1,1: (0,7967,63736,65535)  #001FF8FF  srgba(0,31,248,1)
2,1: (0,12079,63479,65535)  #002FF7FF  srgba(0,47,247,1)
3,1: (0,13621,62708,65535)  #0035F4FF  srgba(0,53,244,1)
4,1: (0,14135,60395,65535)  #0037EBFF  srgba(0,55,235,1)
5,1: (0,14906,3598,65535)  #003A0EFF  srgba(0,58,14,1)
6,1: (0,15677,17733,65535)  #003D45FF  srgba(0,61,69,1)
7,1: (0,16962,49087,65535)  #0042BFFF  srgba(0,66,191,1)
8,1: (0,19018,35466,65535)  #004A8AFF  srgba(0,74,138,1)
9,1: (0,20303,63736,65535)  #004FF8FF  srgba(0,79,248,1)
10,1: (0,22359,62708,65535)  #0057F4FF  srgba(0,87,244,1)
11,1: (0,23387,63479,65535)  #005BF7FF  srgba(0,91,247,1)
12,1: (0,23901,60138,65535)  #005DEAFF  srgba(0,93,234,1)
13,1: (0,27242,49601,65535)  #006AC1FF  srgba(0,106,193,1)
14,1: (0,28013,38293,65535)  #006D95FF  srgba(0,109,149,1)
15,1: (0,28527,16705,65535)  #006F41FF  srgba(0,111,65,1)
0,2: (0,30840,58853,65535)  #0078E5FF  srgba(0,120,229,1)
1,2: (0,31354,62708,65535)  #007AF4FF  srgba(0,122,244,1)
2,2: (0,34181,43690,65535)  #0085AAFF  srgba(0,133,170,1)
3,2: (0,34438,50115,65535)  #0086C3FF  srgba(0,134,195,1)
4,2: (0,35466,59624,65535)  #008AE8FF  srgba(0,138,232,1)
5,2: (0,37779,35209,65535)  #009389FF  srgba(0,147,137,1)
6,2: (0,38293,62708,65535)  #0095F4FF  srgba(0,149,244,1)
7,2: (0,38807,60395,65535)  #0097EBFF  srgba(0,151,235,1)
8,2: (0,39321,63479,65535)  #0099F7FF  srgba(0,153,247,1)
9,2: (0,39835,62194,65535)  #009BF2FF  srgba(0,155,242,1)
10,2: (0,39835,62708,65535)  #009BF4FF  srgba(0,155,244,1)
11,2: (0,40092,63736,65535)  #009CF8FF  srgba(0,156,248,1)
12,2: (0,40349,62708,65535)  #009DF4FF  srgba(0,157,244,1)
13,2: (0,40349,62965,65535)  #009DF5FF  srgba(0,157,245,1)
14,2: (0,40606,61680,65535)  #009EF0FF  srgba(0,158,240,1)
15,2: (0,40606,63736,65535)  #009EF8FF  srgba(0,158,248,1)
0,3: (0,40863,61680,65535)  #009FF0FF  srgba(0,159,240,1)
1,3: (0,40863,62451,65535)  #009FF3FF  srgba(0,159,243,1)
2,3: (0,40863,63479,65535)  #009FF7FF  srgba(0,159,247,1)
3,3: (0,41120,50886,65535)  #00A0C6FF  srgba(0,160,198,1)
4,3: (0,41120,62708,65535)  #00A0F4FF  srgba(0,160,244,1)
5,3: (0,41634,60395,65535)  #00A2EBFF  srgba(0,162,235,1)
6,3: (0,42919,62451,65535)  #00A7F3FF  srgba(0,167,243,1)
7,3: (257,7967,62965,65535)  #011FF5FF  srgba(1,31,245,1)
8,3: (257,40349,63479,65535)  #019DF7FF  srgba(1,157,247,1)
9,3: (257,41377,63736,65535)  #01A1F8FF  srgba(1,161,248,1)
10,3: (514,0,28013,65535)  #02006DFF  srgba(2,0,109,1)
11,3: (514,33153,61680,65535)  #0281F0FF  srgba(2,129,240,1)
12,3: (514,33924,63479,65535)  #0284F7FF  srgba(2,132,247,1)
13,3: (514,34438,59881,65535)  #0286E9FF  srgba(2,134,233,1)
14,3: (514,40606,63736,65535)  #029EF8FF  srgba(2,158,248,1)
15,3: (771,16191,64250,65535)  #033FFAFF  srgba(3,63,250,1)
0,4: (771,26985,63736,65535)  #0369F8FF  srgba(3,105,248,1)
1,4: (771,38807,35466,65535)  #03978AFF  srgba(3,151,138,1)
2,4: (771,40349,60138,65535)  #039DEAFF  srgba(3,157,234,1)
3,4: (771,41120,55512,65535)  #03A0D8FF  srgba(3,160,216,1)
4,4: (771,41634,63736,65535)  #03A2F8FF  srgba(3,162,248,1)
5,4: (1028,0,3855,65535)  #04000FFF  srgba(4,0,15,1)
6,4: (1028,22359,63736,65535)  #0457F8FF  srgba(4,87,248,1)
7,4: (1028,28013,50886,65535)  #046DC6FF  srgba(4,109,198,1)
8,4: (1028,33410,44975,65535)  #0482AFFF  srgba(4,130,175,1)
9,4: (1028,38293,61680,65535)  #0495F0FF  srgba(4,149,240,1)
10,4: (1285,1799,1542,65535)  #050706FF  srgba(5,7,6,1)
11,4: (1285,7453,52685,65535)  #051DCDFF  srgba(5,29,205,1)
12,4: (1285,40092,50372,65535)  #059CC4FF  srgba(5,156,196,1)
13,4: (1285,40349,43433,65535)  #059DA9FF  srgba(5,157,169,1)
14,4: (1542,3341,16448,65535)  #060D40FF  srgba(6,13,64,1)
15,4: (1542,36751,63993,65535)  #068FF9FF  srgba(6,143,249,1)
0,5: (1542,39578,63993,65535)  #069AF9FF  srgba(6,154,249,1)
1,5: (1799,0,20046,65535)  #07004EFF  srgba(7,0,78,1)
2,5: (1799,3855,9766,65535)  #070F26FF  srgba(7,15,38,1)
3,5: (1799,23387,61680,65535)  #075BF0FF  srgba(7,91,240,1)
4,5: (1799,35723,56026,65535)  #078BDAFF  srgba(7,139,218,1)
5,5: (2313,28270,41377,65535)  #096EA1FF  srgba(9,110,161,1)
6,5: (2313,31611,25443,65535)  #097B63FF  srgba(9,123,99,1)
7,5: (2313,32125,13878,65535)  #097D36FF  srgba(9,125,54,1)
8,5: (2570,24672,43433,65535)  #0A60A9FF  srgba(10,96,169,1)
9,5: (2827,10537,61937,65535)  #0B29F1FF  srgba(11,41,241,1)
10,5: (2827,23901,32639,65535)  #0B5D7FFF  srgba(11,93,127,1)
11,5: (3084,4112,24415,65535)  #0C105FFF  srgba(12,16,95,1)
12,5: (3084,8224,63222,65535)  #0C20F6FF  srgba(12,32,246,1)
13,5: (3084,27242,58853,65535)  #0C6AE5FF  srgba(12,106,229,1)
14,5: (3341,21074,9509,65535)  #0D5225FF  srgba(13,82,37,1)
15,5: (3341,24929,52171,65535)  #0D61CBFF  srgba(13,97,203,1)
0,6: (3341,31611,64507,65535)  #0D7BFBFF  srgba(13,123,251,1)
1,6: (3341,41377,64250,65535)  #0DA1FAFF  srgba(13,161,250,1)
2,6: (3341,42148,64250,65535)  #0DA4FAFF  srgba(13,164,250,1)
3,6: (3598,6939,61680,65535)  #0E1BF0FF  srgba(14,27,240,1)
4,6: (3855,11822,8224,65535)  #0F2E20FF  srgba(15,46,32,1)
5,6: (4369,14392,59110,65535)  #1138E6FF  srgba(17,56,230,1)
6,6: (4369,14906,64764,65535)  #113AFCFF  srgba(17,58,252,1)
7,6: (4369,20046,21845,65535)  #114E55FF  srgba(17,78,85,1)
8,6: (4626,11051,34695,65535)  #122B87FF  srgba(18,43,135,1)
9,6: (4626,14392,41377,65535)  #1238A1FF  srgba(18,56,161,1)
10,6: (4626,39321,64507,65535)  #1299FBFF  srgba(18,153,251,1)
11,6: (4883,7967,39578,65535)  #131F9AFF  srgba(19,31,154,1)
12,6: (4883,30583,32382,65535)  #13777EFF  srgba(19,119,126,1)
13,6: (5140,7196,34438,65535)  #141C86FF  srgba(20,28,134,1)
14,6: (5397,8738,36237,65535)  #15228DFF  srgba(21,34,141,1)
15,6: (5397,21588,58596,65535)  #1554E4FF  srgba(21,84,228,1)
0,7: (5654,6682,60138,65535)  #161AEAFF  srgba(22,26,234,1)
1,7: (6168,16962,53199,65535)  #1842CFFF  srgba(24,66,207,1)
2,7: (6425,44461,65278,65535)  #19ADFEFF  srgba(25,173,254,1)
3,7: (7453,32125,61680,65535)  #1D7DF0FF  srgba(29,125,240,1)
4,7: (7710,34952,60138,65535)  #1E88EAFF  srgba(30,136,234,1)
5,7: (8481,28270,35466,65535)  #216E8AFF  srgba(33,110,138,1)
6,7: (8481,31611,63993,65535)  #217BF9FF  srgba(33,123,249,1)
7,7: (8481,37008,63993,65535)  #2190F9FF  srgba(33,144,249,1)
8,7: (8738,6425,61423,65535)  #2219EFFF  srgba(34,25,239,1)
9,7: (8738,29555,35466,65535)  #22738AFF  srgba(34,115,138,1)
10,7: (8738,37779,61680,65535)  #2293F0FF  srgba(34,147,240,1)
11,7: (8738,39064,64250,65535)  #2298FAFF  srgba(34,152,250,1)
12,7: (8995,8481,63736,65535)  #2321F8FF  srgba(35,33,248,1)
13,7: (9252,5654,55512,65535)  #2416D8FF  srgba(36,22,216,1)
14,7: (10794,12336,64764,65535)  #2A30FCFF  srgba(42,48,252,1)
15,7: (11051,5140,60138,65535)  #2B14EAFF  srgba(43,20,234,1)
0,8: (15163,19275,20817,65535)  #3B4B51FF  srgba(59,75,81,1)
1,8: (15163,29812,38036,65535)  #3B7494FF  srgba(59,116,148,1)
2,8: (15420,19275,23130,65535)  #3C4B5AFF  srgba(60,75,90,1)
3,8: (15677,2570,23130,65535)  #3D0A5AFF  srgba(61,10,90,1)
4,8: (15677,36751,61166,65535)  #3D8FEEFF  srgba(61,143,238,1)
5,8: (15934,5397,60395,65535)  #3E15EBFF  srgba(62,21,235,1)
6,8: (15934,14392,52685,65535)  #3E38CDFF  srgba(62,56,205,1)
7,8: (15934,38036,62965,65535)  #3E94F5FF  srgba(62,148,245,1)
8,8: (16191,6682,58082,65535)  #3F1AE2FF  srgba(63,26,226,1)
9,8: (16191,22359,62965,65535)  #3F57F5FF  srgba(63,87,245,1)
10,8: (16191,36751,65021,65535)  #3F8FFDFF  srgba(63,143,253,1)
11,8: (16448,4112,58339,65535)  #4010E3FF  srgba(64,16,227,1)
12,8: (16448,27499,60652,65535)  #406BECFF  srgba(64,107,236,1)
13,8: (16448,34181,49858,65535)  #4085C2FF  srgba(64,133,194,1)
14,8: (16705,7710,62965,65535)  #411EF5FF  srgba(65,30,245,1)
15,8: (16705,9766,64764,65535)  #4126FCFF  srgba(65,38,252,1)
0,9: (16962,15420,60909,65535)  #423CEDFF  srgba(66,60,237,1)
1,9: (16962,19532,57568,65535)  #424CE0FF  srgba(66,76,224,1)
2,9: (16962,23901,55512,65535)  #425DD8FF  srgba(66,93,216,1)
3,9: (16962,37522,49087,65535)  #4292BFFF  srgba(66,146,191,1)
4,9: (17219,31868,58339,65535)  #437CE3FF  srgba(67,124,227,1)
5,9: (17219,42662,65278,65535)  #43A6FEFF  srgba(67,166,254,1)
6,9: (17476,32125,60652,65535)  #447DECFF  srgba(68,125,236,1)
7,9: (17990,35466,60909,65535)  #468AEDFF  srgba(70,138,237,1)
8,9: (17990,40863,65278,65535)  #469FFEFF  srgba(70,159,254,1)
9,9: (18247,21845,29555,65535)  #475573FF  srgba(71,85,115,1)
10,9: (18247,24415,65021,65535)  #475FFDFF  srgba(71,95,253,1)
11,9: (18247,34695,46774,65535)  #4787B6FF  srgba(71,135,182,1)
12,9: (18504,2827,57568,65535)  #480BE0FF  srgba(72,11,224,1)
13,9: (18761,6682,55769,65535)  #491AD9FF  srgba(73,26,217,1)
14,9: (18761,12336,65278,65535)  #4930FEFF  srgba(73,48,254,1)
15,9: (19018,8224,41634,65535)  #4A20A2FF  srgba(74,32,162,1)
0,10: (19275,8738,63222,65535)  #4B22F6FF  srgba(75,34,246,1)
1,10: (19532,34438,60909,65535)  #4C86EDFF  srgba(76,134,237,1)
2,10: (19789,35209,62965,65535)  #4D89F5FF  srgba(77,137,245,1)
3,10: (20817,2056,25700,65535)  #510864FF  srgba(81,8,100,1)
4,10: (21074,2570,56026,65535)  #520ADAFF  srgba(82,10,218,1)
5,10: (21588,34695,61166,65535)  #5487EEFF  srgba(84,135,238,1)
6,10: (21845,1799,55769,65535)  #5507D9FF  srgba(85,7,217,1)
7,10: (21845,32382,60909,65535)  #557EEDFF  srgba(85,126,237,1)
8,10: (22616,2827,53713,65535)  #580BD1FF  srgba(88,11,209,1)
9,10: (22616,37522,65021,65535)  #5892FDFF  srgba(88,146,253,1)
10,10: (23130,10537,63222,65535)  #5A29F6FF  srgba(90,41,246,1)
11,10: (23387,2313,57054,65535)  #5B09DEFF  srgba(91,9,222,1)
12,10: (23901,1542,55512,65535)  #5D06D8FF  srgba(93,6,216,1)
13,10: (23901,30069,58082,65535)  #5D75E2FF  srgba(93,117,226,1)
14,10: (24158,40349,65278,65535)  #5E9DFEFF  srgba(94,157,254,1)
15,10: (24415,2313,56026,65535)  #5F09DAFF  srgba(95,9,218,1)
0,11: (24672,14649,57825,65535)  #6039E1FF  srgba(96,57,225,1)
1,11: (24672,34695,61166,65535)  #6087EEFF  srgba(96,135,238,1)
2,11: (24672,38293,63222,65535)  #6095F6FF  srgba(96,149,246,1)
3,11: (25186,6939,61166,65535)  #621BEEFF  srgba(98,27,238,1)
4,11: (25443,4112,57825,65535)  #6310E1FF  srgba(99,16,225,1)
5,11: (25700,12079,65021,65535)  #642FFDFF  srgba(100,47,253,1)
6,11: (25700,38807,65278,65535)  #6497FEFF  srgba(100,151,254,1)
7,11: (25957,15677,60909,65535)  #653DEDFF  srgba(101,61,237,1)
8,11: (25957,23387,62965,65535)  #655BF5FF  srgba(101,91,245,1)
9,11: (26728,14649,65278,65535)  #6839FEFF  srgba(104,57,254,1)
10,11: (26728,30326,60652,65535)  #6876ECFF  srgba(104,118,236,1)
11,11: (26985,3084,55769,65535)  #690CD9FF  srgba(105,12,217,1)
12,11: (26985,7967,62965,65535)  #691FF5FF  srgba(105,31,245,1)
13,11: (27242,20046,52171,65535)  #6A4ECBFF  srgba(106,78,203,1)
14,11: (27499,21074,65278,65535)  #6B52FEFF  srgba(107,82,254,1)
15,11: (28270,8738,63222,65535)  #6E22F6FF  srgba(110,34,246,1)
0,12: (28527,38807,65021,65535)  #6F97FDFF  srgba(111,151,253,1)
1,12: (30583,36751,65021,65535)  #778FFDFF  srgba(119,143,253,1)
2,12: (32125,14906,65278,65535)  #7D3AFEFF  srgba(125,58,254,1)
3,12: (32639,4369,28013,65535)  #7F116DFF  srgba(127,17,109,1)
4,12: (32639,17990,65278,65535)  #7F46FEFF  srgba(127,70,254,1)
5,12: (33153,5654,52428,65535)  #8116CCFF  srgba(129,22,204,1)
6,12: (33153,12593,65278,65535)  #8131FEFF  srgba(129,49,254,1)
7,12: (33153,37008,51143,65535)  #8190C7FF  srgba(129,144,199,1)
8,12: (33410,9252,64507,65535)  #8224FBFF  srgba(130,36,251,1)
9,12: (33924,21074,55769,65535)  #8452D9FF  srgba(132,82,217,1)
10,12: (34438,37265,63479,65535)  #8691F7FF  srgba(134,145,247,1)
11,12: (35980,6939,60909,65535)  #8C1BEDFF  srgba(140,27,237,1)
12,12: (36237,15934,65278,65535)  #8D3EFEFF  srgba(141,62,254,1)
13,12: (36237,37265,64764,65535)  #8D91FCFF  srgba(141,145,252,1)
14,12: (36494,34952,63222,65535)  #8E88F6FF  srgba(142,136,246,1)
15,12: (37265,17990,65278,65535)  #9146FEFF  srgba(145,70,254,1)
0,13: (37779,4626,58082,65535)  #9312E2FF  srgba(147,18,226,1)
1,13: (37779,8738,63222,65535)  #9322F6FF  srgba(147,34,246,1)
2,13: (38036,26985,58082,65535)  #9469E2FF  srgba(148,105,226,1)
3,13: (38807,31611,61423,65535)  #977BEFFF  srgba(151,123,239,1)
4,13: (39064,18761,43947,65535)  #9849ABFF  srgba(152,73,171,1)
5,13: (39064,35723,64507,65535)  #988BFBFF  srgba(152,139,251,1)
6,13: (39835,16191,65278,65535)  #9B3FFEFF  srgba(155,63,254,1)
7,13: (40092,7967,43176,65535)  #9C1FA8FF  srgba(156,31,168,1)
8,13: (40349,18247,65278,65535)  #9D47FEFF  srgba(157,71,254,1)
9,13: (40349,18504,60909,65535)  #9D48EDFF  srgba(157,72,237,1)
10,13: (41120,7967,55769,65535)  #A01FD9FF  srgba(160,31,217,1)
11,13: (41377,34438,64507,65535)  #A186FBFF  srgba(161,134,251,1)
12,13: (43176,35723,51143,65535)  #A88BC7FF  srgba(168,139,199,1)
13,13: (43433,16448,63222,65535)  #A940F6FF  srgba(169,64,246,1)
14,13: (44204,34181,63479,65535)  #AC85F7FF  srgba(172,133,247,1)
15,13: (44461,9766,63222,65535)  #AD26F6FF  srgba(173,38,246,1)
0,14: (44718,10023,64507,65535)  #AE27FBFF  srgba(174,39,251,1)
1,14: (44975,10280,63479,65535)  #AF28F7FF  srgba(175,40,247,1)
2,14: (45232,8995,63222,65535)  #B023F6FF  srgba(176,35,246,1)
3,14: (45489,13364,58082,65535)  #B134E2FF  srgba(177,52,226,1)
4,14: (45489,33667,64507,65535)  #B183FBFF  srgba(177,131,251,1)
5,14: (45746,7710,60909,65535)  #B21EEDFF  srgba(178,30,237,1)
6,14: (46003,8224,58339,65535)  #B320E3FF  srgba(179,32,227,1)
7,14: (46003,14392,65278,65535)  #B338FEFF  srgba(179,56,254,1)
8,14: (46260,25186,51400,65535)  #B462C8FF  srgba(180,98,200,1)
9,14: (46260,29812,64764,65535)  #B474FCFF  srgba(180,116,252,1)
10,14: (47288,31611,63479,65535)  #B87BF7FF  srgba(184,123,247,1)
11,14: (47802,32639,63479,65535)  #BA7FF7FF  srgba(186,127,247,1)
12,14: (48316,32125,64507,65535)  #BC7DFBFF  srgba(188,125,251,1)
13,14: (49344,32382,63993,65535)  #C07EF9FF  srgba(192,126,249,1)
14,14: (49858,32125,63993,65535)  #C27DF9FF  srgba(194,125,249,1)
15,14: (49858,32639,63479,65535)  #C27FF7FF  srgba(194,127,247,1)
0,15: (50629,32125,64250,65535)  #C57DFAFF  srgba(197,125,250,1)
1,15: (51143,30326,63479,65535)  #C776F7FF  srgba(199,118,247,1)
2,15: (52171,27499,64764,65535)  #CB6BFCFF  srgba(203,107,252,1)
3,15: (52685,8995,51400,65535)  #CD23C8FF  srgba(205,35,200,1)
4,15: (52942,10023,63222,65535)  #CE27F6FF  srgba(206,39,246,1)
5,15: (53713,10537,64507,65535)  #D129FBFF  srgba(209,41,251,1)
6,15: (55512,12850,65278,65535)  #D832FEFF  srgba(216,50,254,1)
7,15: (55769,9252,61423,65535)  #D924EFFF  srgba(217,36,239,1)
8,15: (55769,14392,61423,65535)  #D938EFFF  srgba(217,56,239,1)
9,15: (58339,10280,63222,65535)  #E328F6FF  srgba(227,40,246,1)
10,15: (58339,23901,65278,65535)  #E35DFEFF  srgba(227,93,254,1)
11,15: (60909,10794,64250,65535)  #ED2AFAFF  srgba(237,42,250,1)
12,15: (61166,11308,63479,65535)  #EE2CF7FF  srgba(238,44,247,1)
13,15: (62451,11051,63479,65535)  #F32BF7FF  srgba(243,43,247,1)
14,15: (62708,10794,63222,65535)  #F42AF6FF  srgba(244,42,246,1)
15,15: (0,65535,0,0)  #00FF0000  srgba(0,255,0,0)
