# ImageMagick pixel enumeration: 16,16,65535,srgba
0,0: (257,257,257,65535)  #010101FF  srgba(1,1,1,1)
1,0: (257,257,1028,65535)  #010104FF  srgba(1,1,4,1)
2,0: (257,1028,514,65535)  #010402FF  srgba(1,4,2,1)
3,0: (771,771,771,65535)  #030303FF  grey1
4,0: (1028,1028,1028,65535)  #040404FF  srgba(4,4,4,1)
5,0: (1285,1285,1285,65535)  #050505FF  grey2
6,0: (1542,1542,2056,65535)  #060608FF  srgba(6,6,8,1)
7,0: (2056,1285,1028,65535)  #080504FF  srgba(8,5,4,1)
8,0: (2056,2056,2313,65535)  #080809FF  srgba(8,8,9,1)
9,0: (2313,1799,4369,65535)  #090711FF  srgba(9,7,17,1)
10,0: (2570,2313,2570,65535)  #0A090AFF  srgba(10,9,10,1)
11,0: (2827,2827,2827,65535)  #0B0B0BFF  srgba(11,11,11,1)
12,0: (3084,2056,7710,65535)  #0C081EFF  srgba(12,8,30,1)
13,0: (3084,3084,3084,65535)  #0C0C0CFF  srgba(12,12,12,1)
14,0: (3341,4112,4112,65535)  #0D1010FF  srgba(13,16,16,1)
15,0: (3598,514,514,65535)  #0E0202FF  srgba(14,2,2,1)
0,1: (3598,3598,3598,65535)  #0E0E0EFF  srgba(14,14,14,1)
1,1: (4112,4112,4112,65535)  #101010FF  srgba(16,16,16,1)
2,1: (4369,3341,3084,65535)  #110D0CFF  srgba(17,13,12,1)
3,1: (4369,4112,4369,65535)  #111011FF  srgba(17,16,17,1)
4,1: (4369,4626,4369,65535)  #111211FF  srgba(17,18,17,1)
5,1: (4883,4883,4883,65535)  #131313FF  srgba(19,19,19,1)
6,1: (5140,5911,5397,65535)  #141715FF  srgba(20,23,21,1)
7,1: (5397,4626,7710,65535)  #15121EFF  srgba(21,18,30,1)
8,1: (5397,5140,5397,65535)  #151415FF  srgba(21,20,21,1)
9,1: (5654,5397,4626,65535)  #161512FF  srgba(22,21,18,1)
10,1: (5911,5911,5911,65535)  #171717FF  grey9
11,1: (5911,5911,6168,65535)  #171718FF  srgba(23,23,24,1)
12,1: (6168,3341,12336,65535)  #180D30FF  srgba(24,13,48,1)
13,1: (6168,5911,5397,65535)  #181715FF  srgba(24,23,21,1)
14,1: (6168,6168,6168,65535)  #181818FF  srgba(24,24,24,1)
15,1: (6425,5140,7967,65535)  #19141FFF  srgba(25,20,31,1)
0,2: (6682,5140,4626,65535)  #1A1412FF  srgba(26,20,18,1)
1,2: (6939,2056,2570,65535)  #1B080AFF  srgba(27,8,10,1)
2,2: (6939,6939,6939,65535)  #1B1B1BFF  srgba(27,27,27,1)
3,2: (7196,5140,8224,65535)  #1C1420FF  srgba(28,20,32,1)
4,2: (7453,514,514,65535)  #1D0202FF  srgba(29,2,2,1)
5,2: (7710,5140,5397,65535)  #1E1415FF  srgba(30,20,21,1)
6,2: (8224,7967,7967,65535)  #201F1FFF  srgba(32,31,31,1)
7,2: (9252,9252,9252,65535)  #242424FF  grey14
8,2: (9509,3855,19275,65535)  #250F4BFF  srgba(37,15,75,1)
9,2: (10280,8995,16448,65535)  #282340FF  srgba(40,35,64,1)
10,2: (10794,10794,11051,65535)  #2A2A2BFF  srgba(42,42,43,1)
11,2: (11308,3855,4369,65535)  #2C0F11FF  srgba(44,15,17,1)
12,2: (11565,11565,11822,65535)  #2D2D2EFF  srgba(45,45,46,1)
13,2: (11822,2056,2570,65535)  #2E080AFF  srgba(46,8,10,1)
14,2: (11822,11822,12336,65535)  #2E2E30FF  srgba(46,46,48,1)
15,2: (12850,12850,12850,65535)  #323232FF  srgba(50,50,50,1)
0,3: (13107,257,514,65535)  #330102FF  srgba(51,1,2,1)
1,3: (13107,13107,12850,65535)  #333332FF  srgba(51,51,50,1)
2,3: (13364,13364,13621,65535)  #343435FF  srgba(52,52,53,1)
3,3: (13878,5140,6168,65535)  #361418FF  srgba(54,20,24,1)
4,3: (14649,10794,9766,65535)  #392A26FF  srgba(57,42,38,1)
5,3: (14649,12079,18504,65535)  #392F48FF  srgba(57,47,72,1)
6,3: (14906,14906,14392,65535)  #3A3A38FF  srgba(58,58,56,1)
7,3: (15163,9252,24415,65535)  #3B245FFF  srgba(59,36,95,1)
8,3: (15420,3855,33410,65535)  #3C0F82FF  srgba(60,15,130,1)
9,3: (15934,15934,15934,65535)  #3E3E3EFF  srgba(62,62,62,1)
10,3: (16705,13621,24415,65535)  #41355FFF  srgba(65,53,95,1)
11,3: (16962,16705,16962,65535)  #424142FF  srgba(66,65,66,1)
12,3: (17219,5140,7453,65535)  #43141DFF  srgba(67,20,29,1)
13,3: (17476,17476,17733,65535)  #444445FF  srgba(68,68,69,1)
14,3: (18247,2313,2570,65535)  #47090AFF  srgba(71,9,10,1)
15,3: (18761,18761,18761,65535)  #494949FF  srgba(73,73,73,1)
0,4: (19789,18504,17990,65535)  #4D4846FF  srgba(77,72,70,1)
1,4: (20046,4626,5397,65535)  #4E1215FF  srgba(78,18,21,1)
2,4: (20046,20046,19789,65535)  #4E4E4DFF  srgba(78,78,77,1)
3,4: (20303,14135,31097,65535)  #4F3779FF  srgba(79,55,121,1)
4,4: (20303,20303,20303,65535)  #4F4F4FFF  grey31
5,4: (21074,20560,22102,65535)  #525056FF  srgba(82,80,86,1)
6,4: (22102,22102,22102,65535)  #565656FF  srgba(86,86,86,1)
7,4: (22102,63736,56026,65535)  #56F8DAFF  srgba(86,248,218,1)
8,4: (22873,1285,514,65535)  #590502FF  srgba(89,5,2,1)
9,4: (22873,12593,38036,65535)  #593194FF  srgba(89,49,148,1)
10,4: (23387,19275,36751,65535)  #5B4B8FFF  srgba(91,75,143,1)
11,4: (23387,22873,23130,65535)  #5B595AFF  srgba(91,89,90,1)
12,4: (24158,4112,4369,65535)  #5E1011FF  srgba(94,16,17,1)
13,4: (24158,20817,18761,65535)  #5E5149FF  srgba(94,81,73,1)
14,4: (24415,15163,12850,65535)  #5F3B32FF  srgba(95,59,50,1)
15,4: (24672,64250,50886,65535)  #60FAC6FF  srgba(96,250,198,1)
0,5: (25186,25186,24929,65535)  #626261FF  srgba(98,98,97,1)
1,5: (26214,20046,38807,65535)  #664E97FF  srgba(102,78,151,1)
2,5: (26471,56283,62451,65535)  #67DBF3FF  srgba(103,219,243,1)
3,5: (26471,64507,47545,65535)  #67FBB9FF  srgba(103,251,185,1)
4,5: (26728,63222,55769,65535)  #68F6D9FF  srgba(104,246,217,1)
5,5: (26985,7967,6682,65535)  #691F1AFF  srgba(105,31,26,1)
6,5: (27242,27242,26985,65535)  #6A6A69FF  srgba(106,106,105,1)
7,5: (27499,12850,50629,65535)  #6B32C5FF  srgba(107,50,197,1)
8,5: (27756,27242,30069,65535)  #6C6A75FF  srgba(108,106,117,1)
9,5: (28013,57311,52942,65535)  #6DDFCEFF  srgba(109,223,206,1)
10,5: (28270,28270,28013,65535)  #6E6E6DFF  srgba(110,110,109,1)
11,5: (28784,3598,2570,65535)  #700E0AFF  srgba(112,14,10,1)
12,5: (29041,46003,65021,65535)  #71B3FDFF  srgba(113,179,253,1)
13,5: (29298,4626,60909,65535)  #7212EDFF  srgba(114,18,237,1)
14,5: (29298,20303,41377,65535)  #724FA1FF  srgba(114,79,161,1)
15,5: (29555,21845,60909,65535)  #7355EDFF  srgba(115,85,237,1)
0,6: (29555,29555,29555,65535)  #737373FF  grey45
1,6: (29555,47545,61166,65535)  #73B9EEFF  srgba(115,185,238,1)
2,6: (30069,48830,52171,65535)  #75BECBFF  srgba(117,190,203,1)
3,6: (30583,30326,30326,65535)  #777676FF  srgba(119,118,118,1)
4,6: (30840,11308,64250,65535)  #782CFAFF  srgba(120,44,250,1)
5,6: (30840,22616,48059,65535)  #7858BBFF  srgba(120,88,187,1)
6,6: (30840,28784,25957,65535)  #787065FF  srgba(120,112,101,1)
7,6: (31097,4112,65278,65535)  #7910FEFF  srgba(121,16,254,1)
8,6: (31868,28527,39321,65535)  #7C6F99FF  srgba(124,111,153,1)
9,6: (32125,34438,41120,65535)  #7D86A0FF  srgba(125,134,160,1)
10,6: (32125,62451,55255,65535)  #7DF3D7FF  srgba(125,243,215,1)
11,6: (32125,63479,50629,65535)  #7DF7C5FF  srgba(125,247,197,1)
12,6: (32382,16191,52685,65535)  #7E3FCDFF  srgba(126,63,205,1)
13,6: (32382,32382,32125,65535)  #7E7E7DFF  srgba(126,126,125,1)
14,6: (32896,49858,45746,65535)  #80C2B2FF  srgba(128,194,178,1)
15,6: (33153,60138,47545,65535)  #81EAB9FF  srgba(129,234,185,1)
0,7: (33410,35980,63222,65535)  #828CF6FF  srgba(130,140,246,1)
1,7: (33667,56540,60395,65535)  #83DCEBFF  srgba(131,220,235,1)
2,7: (33667,56797,51657,65535)  #83DDC9FF  srgba(131,221,201,1)
3,7: (34181,24672,50115,65535)  #8560C3FF  srgba(133,96,195,1)
4,7: (34181,34181,34181,65535)  #858585FF  grey52
5,7: (34438,24415,60138,65535)  #865FEAFF  srgba(134,95,234,1)
6,7: (34438,45489,63736,65535)  #86B1F8FF  srgba(134,177,248,1)
7,7: (34438,46260,53713,65535)  #86B4D1FF  srgba(134,180,209,1)
8,7: (34952,34952,39321,65535)  #888899FF  srgba(136,136,153,1)
9,7: (35209,35209,35209,65535)  #898989FF  srgba(137,137,137,1)
10,7: (35723,35466,35466,65535)  #8B8A8AFF  srgba(139,138,138,1)
11,7: (35980,35723,35723,65535)  #8C8B8BFF  srgba(140,139,139,1)
12,7: (35980,63993,47288,65535)  #8CF9B8FF  srgba(140,249,184,1)
13,7: (36751,36494,35980,65535)  #8F8E8CFF  srgba(143,142,140,1)
14,7: (37265,22616,56797,65535)  #9158DDFF  srgba(145,88,221,1)
15,7: (37265,37008,36751,65535)  #91908FFF  srgba(145,144,143,1)
0,8: (37522,28784,50115,65535)  #9270C3FF  srgba(146,112,195,1)
1,8: (38036,29298,25700,65535)  #947264FF  srgba(148,114,100,1)
2,8: (38036,34438,63736,65535)  #9486F8FF  srgba(148,134,248,1)
3,8: (38036,46517,43947,65535)  #94B5ABFF  srgba(148,181,171,1)
4,8: (38293,34695,54998,65535)  #9587D6FF  srgba(149,135,214,1)
5,8: (38293,36237,41634,65535)  #958DA2FF  srgba(149,141,162,1)
6,8: (38293,48316,61937,65535)  #95BCF1FF  srgba(149,188,241,1)
7,8: (38550,8481,5140,65535)  #962114FF  srgba(150,33,20,1)
8,8: (38550,33924,33153,65535)  #968481FF  srgba(150,132,129,1)
9,8: (38550,38550,38036,65535)  #969694FF  srgba(150,150,148,1)
10,8: (38550,41634,61680,65535)  #96A2F0FF  srgba(150,162,240,1)
11,8: (38550,63222,50629,65535)  #96F6C5FF  srgba(150,246,197,1)
12,8: (38807,20817,62708,65535)  #9751F4FF  srgba(151,81,244,1)
13,8: (38807,49087,52171,65535)  #97BFCBFF  srgba(151,191,203,1)
14,8: (39064,10280,9252,65535)  #982824FF  srgba(152,40,36,1)
15,8: (39064,42662,52942,65535)  #98A6CEFF  srgba(152,166,206,1)
0,9: (39064,57054,50886,65535)  #98DEC6FF  srgba(152,222,198,1)
1,9: (39321,26985,65278,65535)  #9969FEFF  srgba(153,105,254,1)
2,9: (39321,28527,57568,65535)  #996FE0FF  srgba(153,111,224,1)
3,9: (39321,35209,49087,65535)  #9989BFFF  srgba(153,137,191,1)
4,9: (39578,21331,65021,65535)  #9A53FDFF  srgba(154,83,253,1)
5,9: (39578,39835,39835,65535)  #9A9B9BFF  srgba(154,155,155,1)
6,9: (40092,27242,62708,65535)  #9C6AF4FF  srgba(156,106,244,1)
7,9: (40606,59624,47031,65535)  #9EE8B7FF  srgba(158,232,183,1)
8,9: (40863,40606,40606,65535)  #9F9E9EFF  srgba(159,158,158,1)
9,9: (40863,42919,41891,65535)  #9FA7A3FF  srgba(159,167,163,1)
10,9: (40863,61166,56797,65535)  #9FEEDDFF  srgba(159,238,221,1)
11,9: (41120,41120,41120,65535)  #A0A0A0FF  srgba(160,160,160,1)
12,9: (41120,55512,61423,65535)  #A0D8EFFF  srgba(160,216,239,1)
13,9: (41377,15677,12079,65535)  #A13D2FFF  srgba(161,61,47,1)
14,9: (41377,61937,53456,65535)  #A1F1D0FF  srgba(161,241,208,1)
15,9: (41634,56283,55512,65535)  #A2DBD8FF  srgba(162,219,216,1)
0,10: (41891,41891,41891,65535)  #A3A3A3FF  grey64
1,10: (42148,13107,4883,65535)  #A43313FF  srgba(164,51,19,1)
2,10: (42148,55769,46260,65535)  #A4D9B4FF  srgba(164,217,180,1)
3,10: (42405,32639,62965,65535)  #A57FF5FF  srgba(165,127,245,1)
4,10: (42405,35723,55512,65535)  #A58BD8FF  srgba(165,139,216,1)
5,10: (42405,42405,42405,65535)  #A5A5A5FF  srgba(165,165,165,1)
6,10: (42405,42919,41634,65535)  #A5A7A2FF  srgba(165,167,162,1)
7,10: (42919,36751,62708,65535)  #A78FF4FF  srgba(167,143,244,1)
8,10: (43690,43433,42405,65535)  #AAA9A5FF  srgba(170,169,165,1)
9,10: (43947,48059,62451,65535)  #ABBBF3FF  srgba(171,187,243,1)
10,10: (44204,62708,50629,65535)  #ACF4C5FF  srgba(172,244,197,1)
11,10: (44461,41634,61680,65535)  #ADA2F0FF  srgba(173,162,240,1)
12,10: (44461,42662,52428,65535)  #ADA6CCFF  srgba(173,166,204,1)
13,10: (44461,49087,51400,65535)  #ADBFC8FF  srgba(173,191,200,1)
14,10: (44718,44461,44718,65535)  #AEADAEFF  srgba(174,173,174,1)
15,10: (44975,57311,50372,65535)  #AFDFC4FF  srgba(175,223,196,1)
0,11: (45232,61937,47031,65535)  #B0F1B7FF  srgba(176,241,183,1)
1,11: (45746,51657,46517,65535)  #B2C9B5FF  srgba(178,201,181,1)
2,11: (46260,46260,46003,65535)  #B4B4B3FF  srgba(180,180,179,1)
3,11: (47288,47545,47031,65535)  #B8B9B7FF  srgba(184,185,183,1)
4,11: (48316,47545,49601,65535)  #BCB9C1FF  srgba(188,185,193,1)
5,11: (48573,48059,45232,65535)  #BDBBB0FF  srgba(189,187,176,1)
6,11: (48573,48316,48830,65535)  #BDBCBEFF  srgba(189,188,190,1)
7,11: (49087,48830,49344,65535)  #BFBEC0FF  srgba(191,190,192,1)
8,11: (49858,49858,49344,65535)  #C2C2C0FF  srgba(194,194,192,1)
9,11: (50372,41634,63222,65535)  #C4A2F6FF  srgba(196,162,246,1)
10,11: (51400,44718,39321,65535)  #C8AE99FF  srgba(200,174,153,1)
11,11: (51400,52428,49858,65535)  #C8CCC2FF  srgba(200,204,194,1)
12,11: (51400,53199,61680,65535)  #C8CFF0FF  srgba(200,207,240,1)
13,11: (51657,51657,51657,65535)  #C9C9C9FF  grey79
14,11: (51914,48059,62708,65535)  #CABBF4FF  srgba(202,187,244,1)
15,11: (52171,61166,51914,65535)  #CBEECAFF  srgba(203,238,202,1)
0,12: (52685,14906,3084,65535)  #CD3A0CFF  srgba(205,58,12,1)
1,12: (52685,60909,49344,65535)  #CDEDC0FF  srgba(205,237,192,1)
2,12: (52942,53199,52171,65535)  #CECFCBFF  srgba(206,207,203,1)
3,12: (52942,54484,47031,65535)  #CED4B7FF  srgba(206,212,183,1)
4,12: (53199,42148,35723,65535)  #CFA48BFF  srgba(207,164,139,1)
5,12: (53199,61423,47288,65535)  #CFEFB8FF  srgba(207,239,184,1)
6,12: (53456,13878,8738,65535)  #D03622FF  srgba(208,54,34,1)
7,12: (53456,52942,44461,65535)  #D0CEADFF  srgba(208,206,173,1)
8,12: (53456,59110,55512,65535)  #D0E6D8FF  srgba(208,230,216,1)
9,12: (53456,61680,44975,65535)  #D0F0AFFF  srgba(208,240,175,1)
10,12: (53970,16448,0,65535)  #D24000FF  srgba(210,64,0,1)
11,12: (53970,53970,54227,65535)  #D2D2D3FF  srgba(210,210,211,1)
12,12: (53970,54998,52428,65535)  #D2D6CCFF  srgba(210,214,204,1)
13,12: (54998,21074,0,65535)  #D65200FF  srgba(214,82,0,1)
14,12: (55769,55769,55769,65535)  #D9D9D9FF  grey85
15,12: (56283,48316,43176,65535)  #DBBCA8FF  srgba(219,188,168,1)
0,13: (56283,56797,56283,65535)  #DBDDDBFF  srgba(219,221,219,1)
1,13: (56540,21074,771,65535)  #DC5203FF  srgba(220,82,3,1)
2,13: (56540,30583,27756,65535)  #DC776CFF  srgba(220,119,108,1)
3,13: (57568,57568,57054,65535)  #E0E0DEFF  srgba(224,224,222,1)
4,13: (57825,15677,11051,65535)  #E13D2BFF  srgba(225,61,43,1)
5,13: (57825,17219,13621,65535)  #E14335FF  srgba(225,67,53,1)
6,13: (58082,15677,2056,65535)  #E23D08FF  srgba(226,61,8,1)
7,13: (58082,54227,62708,65535)  #E2D3F4FF  srgba(226,211,244,1)
8,13: (58339,16705,0,65535)  #E34100FF  srgba(227,65,0,1)
9,13: (58596,58853,58082,65535)  #E4E5E2FF  srgba(228,229,226,1)
10,13: (58853,47031,39578,65535)  #E5B79AFF  srgba(229,183,154,1)
11,13: (58853,58596,59881,65535)  #E5E4E9FF  srgba(229,228,233,1)
12,13: (59110,26985,19789,65535)  #E6694DFF  srgba(230,105,77,1)
13,13: (59110,55769,48573,65535)  #E6D9BDFF  srgba(230,217,189,1)
14,13: (59624,59624,59624,65535)  #E8E8E8FF  grey91
15,13: (59624,61166,48573,65535)  #E8EEBDFF  srgba(232,238,189,1)
0,14: (60652,60652,60652,65535)  #ECECECFF  srgba(236,236,236,1)
1,14: (60652,60909,58082,65535)  #ECEDE2FF  srgba(236,237,226,1)
2,14: (60909,26214,14392,65535)  #ED6638FF  srgba(237,102,56,1)
3,14: (61423,59110,48573,65535)  #EFE6BDFF  srgba(239,230,189,1)
4,14: (61423,61680,60909,65535)  #EFF0EDFF  srgba(239,240,237,1)
5,14: (61680,39321,28270,65535)  #F0996EFF  srgba(240,153,110,1)
6,14: (61680,60395,43947,65535)  #F0EBABFF  srgba(240,235,171,1)
7,14: (61937,60138,45746,65535)  #F1EAB2FF  srgba(241,234,178,1)
8,14: (62451,21074,11308,65535)  #F3522CFF  srgba(243,82,44,1)
9,14: (62451,53713,43433,65535)  #F3D1A9FF  srgba(243,209,169,1)
10,14: (62451,60652,48316,65535)  #F3ECBCFF  srgba(243,236,188,1)
11,14: (62708,21074,1028,65535)  #F45204FF  srgba(244,82,4,1)
12,14: (62708,54741,45232,65535)  #F4D5B0FF  srgba(244,213,176,1)
13,14: (62708,62451,62451,65535)  #F4F3F3FF  srgba(244,243,243,1)
14,14: (62965,21074,0,65535)  #F55200FF  srgba(245,82,0,1)
15,14: (63479,15934,8481,65535)  #F73E21FF  srgba(247,62,33,1)
0,15: (63479,18247,8738,65535)  #F74722FF  srgba(247,71,34,1)
1,15: (63736,16448,2570,65535)  #F8400AFF  srgba(248,64,10,1)
2,15: (63736,38293,19018,65535)  #F8954AFF  srgba(248,149,74,1)
3,15: (63736,55769,47802,65535)  #F8D9BAFF  srgba(248,217,186,1)
4,15: (63993,63993,63993,65535)  #F9F9F9FF  srgba(249,249,249,1)
5,15: (64250,16962,0,65535)  #FA4200FF  srgba(250,66,0,1)
6,15: (64764,64507,64507,65535)  #FCFBFBFF  srgba(252,251,251,1)
7,15: (65021,20046,514,65535)  #FD4E02FF  srgba(253,78,2,1)
8,15: (65021,21588,0,65535)  #FD5400FF  srgba(253,84,0,1)
9,15: (65021,65021,65021,65535)  #FDFDFDFF  srgba(253,253,253,1)
10,15: (65278,16191,2827,65535)  #FE3F0BFF  srgba(254,63,11,1)
11,15: (65278,17476,0,65535)  #FE4400FF  srgba(254,68,0,1)
12,15: (65278,17990,2056,65535)  #FE4608FF  srgba(254,70,8,1)
13,15: (65278,21074,0,65535)  #FE5200FF  srgba(254,82,0,1)
14,15: (65535,20817,771,65535)  #FF5103FF  srgba(255,81,3,1)
15,15: (0,65535,0,0)  #00FF0000  srgba(0,255,0,0)
