# ImageMagick pixel enumeration: 16,16,65535,srgba
0,0: (0,0,13107,65535)  #000033FF  srgba(0,0,51,1)
1,0: (0,0,13878,65535)  #000036FF  srgba(0,0,54,1)
2,0: (0,0,23387,65535)  #00005BFF  srgba(0,0,91,1)
3,0: (0,0,27756,65535)  #00006CFF  srgba(0,0,108,1)
4,0: (0,0,34695,65535)  #000087FF  srgba(0,0,135,1)
5,0: (0,0,43433,65535)  #0000A9FF  srgba(0,0,169,1)
6,0: (0,0,54484,65535)  #0000D4FF  srgba(0,0,212,1)
7,0: (0,0,55255,65535)  #0000D7FF  srgba(0,0,215,1)
8,0: (0,257,46517,65535)  #0001B5FF  srgba(0,1,181,1)
9,0: (0,257,57311,65535)  #0001DFFF  srgba(0,1,223,1)
10,0: (0,1285,63993,65535)  #0005F9FF  srgba(0,5,249,1)
11,0: (0,1285,65278,65535)  #0005FEFF  srgba(0,5,254,1)
12,0: (0,1799,64764,65535)  #0007FCFF  srgba(0,7,252,1)
13,0: (0,1799,65278,65535)  #0007FEFF  srgba(0,7,254,1)
14,0: (0,2056,65278,65535)  #0008FEFF  srgba(0,8,254,1)
15,0: (0,2056,65535,65535)  #0008FFFF  srgba(0,8,255,1)
0,1: (0,2313,65535,65535)  #0009FFFF  srgba(0,9,255,1)
1,1: (257,0,29041,65535)  #010071FF  srgba(1,0,113,1)
2,1: (257,1799,65021,65535)  #0107FDFF  srgba(1,7,253,1)
3,1: (257,1799,65535,65535)  #0107FFFF  srgba(1,7,255,1)
4,1: (257,1799,65535,65535)  #0107FFFF  srgba(1,7,255,1)
5,1: (771,1028,62965,65535)  #0304F5FF  srgba(3,4,245,1)
6,1: (771,1799,65021,65535)  #0307FDFF  srgba(3,7,253,1)
7,1: (771,1799,65278,65535)  #0307FEFF  srgba(3,7,254,1)
8,1: (1028,1542,65535,65535)  #0406FFFF  srgba(4,6,255,1)
9,1: (1285,1542,54741,65535)  #0506D5FF  srgba(5,6,213,1)
10,1: (1542,2313,65535,65535)  #0609FFFF  srgba(6,9,255,1)
11,1: (1799,2313,49087,65535)  #0709BFFF  srgba(7,9,191,1)
12,1: (1799,2313,65021,65535)  #0709FDFF  srgba(7,9,253,1)
13,1: (2056,2313,60652,65535)  #0809ECFF  srgba(8,9,236,1)
14,1: (3341,1285,52428,65535)  #0D05CCFF  srgba(13,5,204,1)
15,1: (4112,2570,63993,65535)  #100AF9FF  srgba(16,10,249,1)
0,2: (4883,1028,63479,65535)  #1304F7FF  srgba(19,4,247,1)
1,2: (5654,3084,65535,65535)  #160CFFFF  srgba(22,12,255,1)
2,2: (6168,3084,65021,65535)  #180CFDFF  srgba(24,12,253,1)
3,2: (8995,3855,63736,65535)  #230FF8FF  srgba(35,15,248,1)
4,2: (10794,4883,65535,65535)  #2A13FFFF  srgba(42,19,255,1)
5,2: (11051,4883,51143,65535)  #2B13C7FF  srgba(43,19,199,1)
6,2: (11822,5911,65021,65535)  #2E17FDFF  srgba(46,23,253,1)
7,2: (12079,5911,61166,65535)  #2F17EEFF  srgba(47,23,238,1)
8,2: (13107,6168,63479,65535)  #3318F7FF  srgba(51,24,247,1)
9,2: (14392,8224,65535,65535)  #3820FFFF  srgba(56,32,255,1)
10,2: (14392,10537,49087,65535)  #3829BFFF  srgba(56,41,191,1)
11,2: (15677,12593,40349,65535)  #3D319DFF  srgba(61,49,157,1)
12,2: (17219,10023,65021,65535)  #4327FDFF  srgba(67,39,253,1)
13,2: (17219,10280,63736,65535)  #4328F8FF  srgba(67,40,248,1)
14,2: (17476,10023,61166,65535)  #4427EEFF  srgba(68,39,238,1)
15,2: (19018,11822,65535,65535)  #4A2EFFFF  srgba(74,46,255,1)
0,3: (19018,12850,34438,65535)  #4A3286FF  srgba(74,50,134,1)
1,3: (20560,13878,21074,65535)  #503652FF  srgba(80,54,82,1)
2,3: (20817,13107,64764,65535)  #5133FCFF  srgba(81,51,252,1)
3,3: (21845,10537,50886,65535)  #5529C6FF  srgba(85,41,198,1)
4,3: (21845,14135,63736,65535)  #5537F8FF  srgba(85,55,248,1)
5,3: (22359,13621,61166,65535)  #5735EEFF  srgba(87,53,238,1)
6,3: (22359,14649,65535,65535)  #5739FFFF  srgba(87,57,255,1)
7,3: (24929,17990,65535,65535)  #6146FFFF  srgba(97,70,255,1)
8,3: (25186,16191,50372,65535)  #623FC4FF  srgba(98,63,196,1)
9,3: (25186,17733,63736,65535)  #6245F8FF  srgba(98,69,248,1)
10,3: (25700,18761,64764,65535)  #6449FCFF  srgba(100,73,252,1)
11,3: (26728,19789,61166,65535)  #684DEEFF  srgba(104,77,238,1)
12,3: (27499,20303,65535,65535)  #6B4FFFFF  srgba(107,79,255,1)
13,3: (27499,22873,49344,65535)  #6B59C0FF  srgba(107,89,192,1)
14,3: (28270,21331,63736,65535)  #6E53F8FF  srgba(110,83,248,1)
15,3: (29041,17733,34695,65535)  #714587FF  srgba(113,69,135,1)
0,4: (29298,21588,3855,65535)  #72540FFF  srgba(114,84,15,1)
1,4: (29555,19275,17733,65535)  #734B45FF  srgba(115,75,69,1)
2,4: (30326,22102,65535,65535)  #7656FFFF  srgba(118,86,255,1)
3,4: (30583,22359,0,65535)  #775700FF  srgba(119,87,0,1)
4,4: (31354,23387,64764,65535)  #7A5BFCFF  srgba(122,91,252,1)
5,4: (31354,24672,35209,65535)  #7A6089FF  srgba(122,96,137,1)
6,4: (32125,23901,63736,65535)  #7D5DF8FF  srgba(125,93,248,1)
7,4: (32125,24672,16191,65535)  #7D603FFF  srgba(125,96,63,1)
8,4: (32639,24415,60652,65535)  #7F5FECFF  srgba(127,95,236,1)
9,4: (32639,25186,65535,65535)  #7F62FFFF  srgba(127,98,255,1)
10,4: (33153,24672,51400,65535)  #8160C8FF  srgba(129,96,200,1)
11,4: (35209,26214,3084,65535)  #89660CFF  srgba(137,102,12,1)
12,4: (35466,26471,0,65535)  #8A6700FF  srgba(138,103,0,1)
13,4: (36751,26985,65021,65535)  #8F69FDFF  srgba(143,105,253,1)
14,4: (37265,25957,58853,65535)  #9165E5FF  srgba(145,101,229,1)
15,4: (37522,28527,0,65535)  #926F00FF  srgba(146,111,0,1)
0,5: (37779,28013,35980,65535)  #936D8CFF  srgba(147,109,140,1)
1,5: (37779,29041,45746,65535)  #9371B2FF  srgba(147,113,178,1)
2,5: (38293,29298,2570,65535)  #95720AFF  srgba(149,114,10,1)
3,5: (38807,30326,57311,65535)  #9776DFFF  srgba(151,118,223,1)
4,5: (39064,28784,17219,65535)  #987043FF  srgba(152,112,67,1)
5,5: (39835,28270,65021,65535)  #9B6EFDFF  srgba(155,110,253,1)
6,5: (39835,30840,0,65535)  #9B7800FF  srgba(155,120,0,1)
7,5: (40349,31611,2570,65535)  #9D7B0AFF  srgba(157,123,10,1)
8,5: (41120,32639,0,65535)  #A07F00FF  srgba(160,127,0,1)
9,5: (41634,32896,2570,65535)  #A2800AFF  srgba(162,128,10,1)
10,5: (41634,33410,0,65535)  #A28200FF  srgba(162,130,0,1)
11,5: (41891,33153,3084,65535)  #A3810CFF  srgba(163,129,12,1)
12,5: (41891,33410,1028,65535)  #A38204FF  srgba(163,130,4,1)
13,5: (41891,33667,0,65535)  #A38300FF  srgba(163,131,0,1)
14,5: (42148,32896,12850,65535)  #A48032FF  srgba(164,128,50,1)
15,5: (42148,33410,3084,65535)  #A4820CFF  srgba(164,130,12,1)
0,6: (42148,33410,14906,65535)  #A4823AFF  srgba(164,130,58,1)
1,6: (42148,33667,0,65535)  #A48300FF  srgba(164,131,0,1)
2,6: (42148,33667,0,65535)  #A48300FF  srgba(164,131,0,1)
3,6: (42148,33667,1799,65535)  #A48307FF  srgba(164,131,7,1)
4,6: (42405,32125,34695,65535)  #A57D87FF  srgba(165,125,135,1)
5,6: (42405,32896,10023,65535)  #A58027FF  srgba(165,128,39,1)
6,6: (42405,33153,5911,65535)  #A58117FF  srgba(165,129,23,1)
7,6: (42405,33153,11822,65535)  #A5812EFF  srgba(165,129,46,1)
8,6: (42405,33153,12079,65535)  #A5812FFF  srgba(165,129,47,1)
9,6: (42405,33410,5654,65535)  #A58216FF  srgba(165,130,22,1)
10,6: (42405,33667,3084,65535)  #A5830CFF  srgba(165,131,12,1)
11,6: (42405,33924,0,65535)  #A58400FF  srgba(165,132,0,1)
12,6: (42405,33924,771,65535)  #A58403FF  srgba(165,132,3,1)
13,6: (42405,34438,3084,65535)  #A5860CFF  srgba(165,134,12,1)
14,6: (42662,33153,10537,65535)  #A68129FF  srgba(166,129,41,1)
15,6: (42662,33410,5397,65535)  #A68215FF  srgba(166,130,21,1)
0,7: (42662,33410,5654,65535)  #A68216FF  srgba(166,130,22,1)
1,7: (42662,33410,9766,65535)  #A68226FF  srgba(166,130,38,1)
2,7: (42662,33410,11565,65535)  #A6822DFF  srgba(166,130,45,1)
3,7: (42662,33667,5397,65535)  #A68315FF  srgba(166,131,21,1)
4,7: (42662,33667,5654,65535)  #A68316FF  srgba(166,131,22,1)
5,7: (42662,33667,10280,65535)  #A68328FF  srgba(166,131,40,1)
6,7: (42662,33924,1285,65535)  #A68405FF  srgba(166,132,5,1)
7,7: (42662,33924,3341,65535)  #A6840DFF  srgba(166,132,13,1)
8,7: (42662,33924,4369,65535)  #A68411FF  srgba(166,132,17,1)
9,7: (42662,34181,514,65535)  #A68502FF  srgba(166,133,2,1)
10,7: (42919,29555,58339,65535)  #A773E3FF  srgba(167,115,227,1)
11,7: (42919,33667,0,65535)  #A78300FF  srgba(167,131,0,1)
12,7: (42919,33667,4369,65535)  #A78311FF  srgba(167,131,17,1)
13,7: (42919,33924,1542,65535)  #A78406FF  srgba(167,132,6,1)
14,7: (42919,33924,5397,65535)  #A78415FF  srgba(167,132,21,1)
15,7: (42919,33924,6425,65535)  #A78419FF  srgba(167,132,25,1)
0,8: (42919,34438,514,65535)  #A78602FF  srgba(167,134,2,1)
1,8: (43176,33924,11822,65535)  #A8842EFF  srgba(168,132,46,1)
2,8: (43176,34181,9766,65535)  #A88526FF  srgba(168,133,38,1)
3,8: (43176,34438,5140,65535)  #A88614FF  srgba(168,134,20,1)
4,8: (43176,34695,0,65535)  #A88700FF  srgba(168,135,0,1)
5,8: (43690,33924,2827,65535)  #AA840BFF  srgba(170,132,11,1)
6,8: (43947,33153,2827,65535)  #AB810BFF  srgba(171,129,11,1)
7,8: (43947,34695,5654,65535)  #AB8716FF  srgba(171,135,22,1)
8,8: (43947,36237,47031,65535)  #AB8DB7FF  srgba(171,141,183,1)
9,8: (43947,38293,59881,65535)  #AB95E9FF  srgba(171,149,233,1)
10,8: (44204,29298,64764,65535)  #AC72FCFF  srgba(172,114,252,1)
11,8: (44204,34181,13621,65535)  #AC8535FF  srgba(172,133,53,1)
12,8: (44461,34952,1028,65535)  #AD8804FF  srgba(173,136,4,1)
13,8: (44718,31354,46517,65535)  #AE7AB5FF  srgba(174,122,181,1)
14,8: (44718,35980,514,65535)  #AE8C02FF  srgba(174,140,2,1)
15,8: (44718,35980,3598,65535)  #AE8C0EFF  srgba(174,140,14,1)
0,9: (44975,36237,14649,65535)  #AF8D39FF  srgba(175,141,57,1)
1,9: (44975,36237,39578,65535)  #AF8D9AFF  srgba(175,141,154,1)
2,9: (45489,36237,9766,65535)  #B18D26FF  srgba(177,141,38,1)
3,9: (45489,44204,62451,65535)  #B1ACF3FF  srgba(177,172,243,1)
4,9: (45746,34695,0,65535)  #B28700FF  srgba(178,135,0,1)
5,9: (45746,36494,30583,65535)  #B28E77FF  srgba(178,142,119,1)
6,9: (46517,36237,0,65535)  #B58D00FF  srgba(181,141,0,1)
7,9: (47031,36237,1542,65535)  #B78D06FF  srgba(183,141,6,1)
8,9: (47545,37522,0,65535)  #B99200FF  srgba(185,146,0,1)
9,9: (47802,30583,57568,65535)  #BA77E0FF  srgba(186,119,224,1)
10,9: (47802,37008,17733,65535)  #BA9045FF  srgba(186,144,69,1)
11,9: (47802,38550,771,65535)  #BA9603FF  srgba(186,150,3,1)
12,9: (47802,38807,3598,65535)  #BA970EFF  srgba(186,151,14,1)
13,9: (48573,39064,0,65535)  #BD9800FF  srgba(189,152,0,1)
14,9: (48830,37522,59624,65535)  #BE92E8FF  srgba(190,146,232,1)
15,9: (49601,40606,13364,65535)  #C19E34FF  srgba(193,158,52,1)
0,10: (49858,40606,21074,65535)  #C29E52FF  srgba(194,158,82,1)
1,10: (50115,38550,1542,65535)  #C39606FF  srgba(195,150,6,1)
2,10: (50115,43690,32896,65535)  #C3AA80FF  srgba(195,170,128,1)
3,10: (50115,48059,38293,65535)  #C3BB95FF  srgba(195,187,149,1)
4,10: (50372,41377,2827,65535)  #C4A10BFF  srgba(196,161,11,1)
5,10: (50629,46517,48830,65535)  #C5B5BEFF  srgba(197,181,190,1)
6,10: (50886,40349,0,65535)  #C69D00FF  srgba(198,157,0,1)
7,10: (50886,45489,56283,65535)  #C6B1DBFF  srgba(198,177,219,1)
8,10: (51914,41377,2313,65535)  #CAA109FF  srgba(202,161,9,1)
9,10: (52171,38036,47288,65535)  #CB94B8FF  srgba(203,148,184,1)
10,10: (52171,39578,29041,65535)  #CB9A71FF  srgba(203,154,113,1)
11,10: (52171,43176,9766,65535)  #CBA826FF  srgba(203,168,38,1)
12,10: (53199,38550,37779,65535)  #CF9693FF  srgba(207,150,147,1)
13,10: (53713,42148,0,65535)  #D1A400FF  srgba(209,164,0,1)
14,10: (53713,44975,3084,65535)  #D1AF0CFF  srgba(209,175,12,1)
15,10: (53970,42405,2313,65535)  #D2A509FF  srgba(210,165,9,1)
0,11: (54741,44204,20046,65535)  #D5AC4EFF  srgba(213,172,78,1)
1,11: (54998,37779,58853,65535)  #D693E5FF  srgba(214,147,229,1)
2,11: (54998,45232,0,65535)  #D6B000FF  srgba(214,176,0,1)
3,11: (54998,47031,60909,65535)  #D6B7EDFF  srgba(214,183,237,1)
4,11: (54998,47288,52942,65535)  #D6B8CEFF  srgba(214,184,206,1)
5,11: (55512,44204,31611,65535)  #D8AC7BFF  srgba(216,172,123,1)
6,11: (55769,46003,2827,65535)  #D9B30BFF  srgba(217,179,11,1)
7,11: (56540,45746,13621,65535)  #DCB235FF  srgba(220,178,53,1)
8,11: (57568,46003,2570,65535)  #E0B30AFF  srgba(224,179,10,1)
9,11: (58082,49087,3084,65535)  #E2BF0CFF  srgba(226,191,12,1)
10,11: (58339,46774,0,65535)  #E3B600FF  srgba(227,182,0,1)
11,11: (59110,45489,20303,65535)  #E6B14FFF  srgba(230,177,79,1)
12,11: (59367,48830,9766,65535)  #E7BE26FF  srgba(231,190,38,1)
13,11: (59624,51143,16191,65535)  #E8C73FFF  srgba(232,199,63,1)
14,11: (59624,54484,60909,65535)  #E8D4EDFF  srgba(232,212,237,1)
15,11: (59881,49344,0,65535)  #E9C000FF  srgba(233,192,0,1)
0,12: (60652,57311,51914,65535)  #ECDFCAFF  srgba(236,223,202,1)
1,12: (60909,49087,1285,65535)  #EDBF05FF  srgba(237,191,5,1)
2,12: (60909,49087,4112,65535)  #EDBF10FF  srgba(237,191,16,1)
3,12: (61423,47545,31611,65535)  #EFB97BFF  srgba(239,185,123,1)
4,12: (61423,52171,0,65535)  #EFCB00FF  srgba(239,203,0,1)
5,12: (61937,52171,4369,65535)  #F1CB11FF  srgba(241,203,17,1)
6,12: (62194,54741,3341,65535)  #F2D50DFF  srgba(242,213,13,1)
7,12: (62451,52171,1285,65535)  #F3CB05FF  srgba(243,203,5,1)
8,12: (62965,53456,16191,65535)  #F5D03FFF  srgba(245,208,63,1)
9,12: (62965,58853,30583,65535)  #F5E577FF  srgba(245,229,119,1)
10,12: (63222,54998,9509,65535)  #F6D625FF  srgba(246,214,37,1)
11,12: (63222,62451,29812,65535)  #F6F374FF  srgba(246,243,116,1)
12,12: (63479,52942,0,65535)  #F7CE00FF  srgba(247,206,0,1)
13,12: (63736,55512,3084,65535)  #F8D80CFF  srgba(248,216,12,1)
14,12: (63736,58853,19018,65535)  #F8E54AFF  srgba(248,229,74,1)
15,12: (63993,56026,0,65535)  #F9DA00FF  srgba(249,218,0,1)
0,13: (63993,58853,12850,65535)  #F9E532FF  srgba(249,229,50,1)
1,13: (64250,59881,9509,65535)  #FAE925FF  srgba(250,233,37,1)
2,13: (64507,56797,1028,65535)  #FBDD04FF  srgba(251,221,4,1)
3,13: (64507,56797,4626,65535)  #FBDD12FF  srgba(251,221,18,1)
4,13: (64507,59110,0,65535)  #FBE600FF  srgba(251,230,0,1)
5,13: (64507,60395,1799,65535)  #FBEB07FF  srgba(251,235,7,1)
6,13: (64507,60395,5397,65535)  #FBEB15FF  srgba(251,235,21,1)
7,13: (64507,60652,0,65535)  #FBEC00FF  srgba(251,236,0,1)
8,13: (65021,59881,0,65535)  #FDE900FF  srgba(253,233,0,1)
9,13: (65021,60395,0,65535)  #FDEB00FF  srgba(253,235,0,1)
10,13: (65021,60909,2827,65535)  #FDED0BFF  srgba(253,237,11,1)
11,13: (65278,55255,1542,65535)  #FED706FF  srgba(254,215,6,1)
12,13: (65278,57054,19275,65535)  #FEDE4BFF  srgba(254,222,75,1)
13,13: (65278,57311,0,65535)  #FEDF00FF  srgba(254,223,0,1)
14,13: (65278,57311,1285,65535)  #FEDF05FF  srgba(254,223,5,1)
15,13: (65278,57825,5140,65535)  #FEE114FF  srgba(254,225,20,1)
0,14: (65278,58596,11822,65535)  #FEE42EFF  srgba(254,228,46,1)
1,14: (65278,58853,1285,65535)  #FEE505FF  srgba(254,229,5,1)
2,14: (65278,59110,0,65535)  #FEE600FF  srgba(254,230,0,1)
3,14: (65278,59624,0,65535)  #FEE800FF  srgba(254,232,0,1)
4,14: (65278,59624,771,65535)  #FEE803FF  srgba(254,232,3,1)
5,14: (65278,59624,5140,65535)  #FEE814FF  srgba(254,232,20,1)
6,14: (65278,59624,19018,65535)  #FEE84AFF  srgba(254,232,74,1)
7,14: (65278,59881,5140,65535)  #FEE914FF  srgba(254,233,20,1)
8,14: (65278,60138,0,65535)  #FEEA00FF  srgba(254,234,0,1)
9,14: (65278,60138,1028,65535)  #FEEA04FF  srgba(254,234,4,1)
10,14: (65278,60138,2313,65535)  #FEEA09FF  srgba(254,234,9,1)
11,14: (65278,60138,8481,65535)  #FEEA21FF  srgba(254,234,33,1)
12,14: (65278,60652,0,65535)  #FEEC00FF  srgba(254,236,0,1)
13,14: (65278,60652,771,65535)  #FEEC03FF  srgba(254,236,3,1)
14,14: (65278,60652,2570,65535)  #FEEC0AFF  srgba(254,236,10,1)
15,14: (65278,60652,5654,65535)  #FEEC16FF  srgba(254,236,22,1)
0,15: (65278,60652,7453,65535)  #FEEC1DFF  srgba(254,236,29,1)
1,15: (65278,60909,514,65535)  #FEED02FF  srgba(254,237,2,1)
2,15: (65278,61166,5397,65535)  #FEEE15FF  srgba(254,238,21,1)
3,15: (65278,61423,2827,65535)  #FEEF0BFF  srgba(254,239,11,1)
4,15: (65278,61423,7453,65535)  #FEEF1DFF  srgba(254,239,29,1)
5,15: (65278,61680,5654,65535)  #FEF016FF  srgba(254,240,22,1)
6,15: (65278,61680,8481,65535)  #FEF021FF  srgba(254,240,33,1)
7,15: (65278,61680,11822,65535)  #FEF02EFF  srgba(254,240,46,1)
8,15: (65278,62194,16705,65535)  #FEF241FF  srgba(254,242,65,1)
9,15: (65278,62965,22359,65535)  #FEF557FF  srgba(254,245,87,1)
10,15: (65278,64250,32382,65535)  #FEFA7EFF  srgba(254,250,126,1)
11,15: (65278,64507,58339,65535)  #FEFBE3FF  srgba(254,251,227,1)
12,15: (65278,64764,50629,65535)  #FEFCC5FF  srgba(254,252,197,1)
13,15: (65278,65535,58853,65535)  #FEFFE5FF  srgba(254,255,229,1)
14,15: (65535,60395,0,65535)  #FFEB00FF  srgba(255,235,0,1)
15,15: (0,65535,0,0)  #00FF0000  srgba(0,255,0,0)
