# ImageMagick pixel enumeration: 16,16,65535,srgba
0,0: (0,0,39835,65535)  #00009BFF  srgba(0,0,155,1)
1,0: (0,0,40606,65535)  #00009EFF  srgba(0,0,158,1)
2,0: (0,0,52428,65535)  #0000CCFF  srgba(0,0,204,1)
3,0: (0,257,52428,65535)  #0001CCFF  srgba(0,1,204,1)
4,0: (0,1285,31354,65535)  #00057AFF  srgba(0,5,122,1)
5,0: (0,1799,23387,65535)  #00075BFF  srgba(0,7,91,1)
6,0: (0,28784,41634,65535)  #0070A2FF  srgba(0,112,162,1)
7,0: (0,36237,29041,65535)  #008D71FF  srgba(0,141,113,1)
8,0: (0,37008,40349,65535)  #00909DFF  srgba(0,144,157,1)
9,0: (0,47802,37522,65535)  #00BA92FF  srgba(0,186,146,1)
10,0: (0,48316,28270,65535)  #00BC6EFF  srgba(0,188,110,1)
11,0: (0,49601,19018,65535)  #00C14AFF  srgba(0,193,74,1)
12,0: (0,50886,7453,65535)  #00C61DFF  srgba(0,198,29,1)
13,0: (0,56283,28527,65535)  #00DB6FFF  srgba(0,219,111,1)
14,0: (0,56540,37779,65535)  #00DC93FF  srgba(0,220,147,1)
15,0: (0,57311,38293,65535)  #00DF95FF  srgba(0,223,149,1)
0,1: (0,58596,29041,65535)  #00E471FF  srgba(0,228,113,1)
1,1: (0,58853,19532,65535)  #00E54CFF  srgba(0,229,76,1)
2,1: (0,59110,6425,65535)  #00E619FF  srgba(0,230,25,1)
3,1: (0,59367,37522,65535)  #00E792FF  srgba(0,231,146,1)
4,1: (0,59881,29041,65535)  #00E971FF  srgba(0,233,113,1)
5,1: (0,59881,36751,65535)  #00E98FFF  srgba(0,233,143,1)
6,1: (0,60138,27499,65535)  #00EA6BFF  srgba(0,234,107,1)
7,1: (0,60652,17476,65535)  #00EC44FF  srgba(0,236,68,1)
8,1: (0,60652,17733,65535)  #00EC45FF  srgba(0,236,69,1)
9,1: (0,61166,3855,65535)  #00EE0FFF  srgba(0,238,15,1)
10,1: (257,257,514,65535)  #010102FF  srgba(1,1,2,1)
11,1: (257,1799,11565,65535)  #01072DFF  srgba(1,7,45,1)
12,1: (257,10023,40092,65535)  #01279CFF  srgba(1,39,156,1)
13,1: (257,12079,48830,65535)  #012FBEFF  srgba(1,47,190,1)
14,1: (257,13364,58082,65535)  #0134E2FF  srgba(1,52,226,1)
15,1: (257,32896,17219,65535)  #018043FF  srgba(1,128,67,1)
0,2: (257,48830,37522,65535)  #01BE92FF  srgba(1,190,146,1)
1,2: (257,49601,28270,65535)  #01C16EFF  srgba(1,193,110,1)
2,2: (257,54227,19018,65535)  #01D34AFF  srgba(1,211,74,1)
3,2: (514,35980,28784,65535)  #028C70FF  srgba(2,140,112,1)
4,2: (514,58853,44975,65535)  #02E5AFFF  srgba(2,229,175,1)
5,2: (1028,32382,41377,65535)  #047EA1FF  srgba(4,126,161,1)
6,2: (1542,21845,28784,65535)  #065570FF  srgba(6,85,112,1)
7,2: (1542,51400,28270,65535)  #06C86EFF  srgba(6,200,110,1)
8,2: (1542,60395,27756,65535)  #06EB6CFF  srgba(6,235,108,1)
9,2: (2056,45746,46260,65535)  #08B2B4FF  srgba(8,178,180,1)
10,2: (2056,51143,37779,65535)  #08C793FF  srgba(8,199,147,1)
11,2: (2056,59367,51400,65535)  #08E7C8FF  srgba(8,231,200,1)
12,2: (2313,33410,51400,65535)  #0982C8FF  srgba(9,130,200,1)
13,2: (2313,61166,3084,65535)  #09EE0CFF  srgba(9,238,12,1)
14,2: (2570,32125,5140,65535)  #0A7D14FF  srgba(10,125,20,1)
15,2: (2570,52428,46003,65535)  #0ACCB3FF  srgba(10,204,179,1)
0,3: (2827,23644,57311,65535)  #0B5CDFFF  srgba(11,92,223,1)
1,3: (2827,45746,55512,65535)  #0BB2D8FF  srgba(11,178,216,1)
2,3: (2827,57054,5911,65535)  #0BDE17FF  srgba(11,222,23,1)
3,3: (3084,48573,6425,65535)  #0CBD19FF  srgba(12,189,25,1)
4,3: (4112,51657,18761,65535)  #10C949FF  srgba(16,201,73,1)
5,3: (4112,60395,37779,65535)  #10EB93FF  srgba(16,235,147,1)
6,3: (5397,31868,61423,65535)  #157CEFFF  srgba(21,124,239,1)
7,3: (7196,2570,41377,65535)  #1C0AA1FF  srgba(28,10,161,1)
8,3: (7453,0,1799,65535)  #1D0007FF  srgba(29,0,7,1)
9,3: (7710,5140,51143,65535)  #1E14C7FF  srgba(30,20,199,1)
10,3: (7710,5397,29041,65535)  #1E1571FF  srgba(30,21,113,1)
11,3: (7710,7196,5397,65535)  #1E1C15FF  srgba(30,28,21,1)
12,3: (7967,7967,59624,65535)  #1F1FE8FF  srgba(31,31,232,1)
13,3: (8224,53456,58853,65535)  #20D0E5FF  srgba(32,208,229,1)
14,3: (8481,16962,6168,65535)  #214218FF  srgba(33,66,24,1)
15,3: (8738,7453,15934,65535)  #221D3EFF  srgba(34,29,62,1)
0,4: (9766,16962,58339,65535)  #2642E3FF  srgba(38,66,227,1)
1,4: (9766,34952,27756,65535)  #26886CFF  srgba(38,136,108,1)
2,4: (10023,14135,41377,65535)  #2737A1FF  srgba(39,55,161,1)
3,4: (11051,47031,27756,65535)  #2BB76CFF  srgba(43,183,108,1)
4,4: (11051,55512,28013,65535)  #2BD86DFF  srgba(43,216,109,1)
5,4: (11308,61423,17733,65535)  #2CEF45FF  srgba(44,239,69,1)
6,4: (11822,47545,37779,65535)  #2EB993FF  srgba(46,185,147,1)
7,4: (12336,60138,49601,65535)  #30EAC1FF  srgba(48,234,193,1)
8,4: (12593,56283,38036,65535)  #31DB94FF  srgba(49,219,148,1)
9,4: (13107,34181,41891,65535)  #3385A3FF  srgba(51,133,163,1)
10,4: (13364,45232,61680,65535)  #34B0F0FF  srgba(52,176,240,1)
11,4: (13878,29812,16962,65535)  #367442FF  srgba(54,116,66,1)
12,4: (14135,17733,16448,65535)  #374540FF  srgba(55,69,64,1)
13,4: (14392,60909,28013,65535)  #38ED6DFF  srgba(56,237,109,1)
14,4: (14649,24415,41634,65535)  #395FA2FF  srgba(57,95,162,1)
15,4: (14649,57054,4112,65535)  #39DE10FF  srgba(57,222,16,1)
0,5: (14906,53456,64764,65535)  #3AD0FCFF  srgba(58,208,252,1)
1,5: (15163,29812,4112,65535)  #3B7410FF  srgba(59,116,16,1)
2,5: (15163,51657,18504,65535)  #3BC948FF  srgba(59,201,72,1)
3,5: (15420,47545,5397,65535)  #3CB915FF  srgba(60,185,21,1)
4,5: (15677,61423,3084,65535)  #3DEF0CFF  srgba(61,239,12,1)
5,5: (15934,59367,61423,65535)  #3EE7EFFF  srgba(62,231,239,1)
6,5: (15934,60652,38293,65535)  #3EEC95FF  srgba(62,236,149,1)
7,5: (16191,20046,27499,65535)  #3F4E6BFF  srgba(63,78,107,1)
8,5: (16448,25957,59624,65535)  #4065E8FF  srgba(64,101,232,1)
9,5: (17219,35980,61937,65535)  #438CF1FF  srgba(67,140,241,1)
10,5: (17733,18247,8224,65535)  #454720FF  srgba(69,71,32,1)
11,5: (19018,50886,65021,65535)  #4AC6FDFF  srgba(74,198,253,1)
12,5: (19018,60138,50115,65535)  #4AEAC3FF  srgba(74,234,195,1)
13,5: (19275,48316,53713,65535)  #4BBCD1FF  srgba(75,188,209,1)
14,5: (19275,48830,63993,65535)  #4BBEF9FF  srgba(75,190,249,1)
15,5: (19275,50372,65278,65535)  #4BC4FEFF  srgba(75,196,254,1)
0,6: (20303,8481,20303,65535)  #4F214FFF  srgba(79,33,79,1)
1,6: (20817,5397,30326,65535)  #511576FF  srgba(81,21,118,1)
2,6: (20817,6939,9252,65535)  #511B24FF  srgba(81,27,36,1)
3,6: (21331,1285,0,65535)  #530500FF  srgba(83,5,0,1)
4,6: (22873,17476,57311,65535)  #5944DFFF  srgba(89,68,223,1)
5,6: (23130,16705,40863,65535)  #5A419FFF  srgba(90,65,159,1)
6,6: (23387,7453,56026,65535)  #5B1DDAFF  srgba(91,29,218,1)
7,6: (23644,22359,8481,65535)  #5C5721FF  srgba(92,87,33,1)
8,6: (23901,3598,41120,65535)  #5D0EA0FF  srgba(93,14,160,1)
9,6: (24929,21074,26985,65535)  #615269FF  srgba(97,82,105,1)
10,6: (24929,34438,7453,65535)  #61861DFF  srgba(97,134,29,1)
11,6: (25957,54998,65021,65535)  #65D6FDFF  srgba(101,214,253,1)
12,6: (26471,46774,65278,65535)  #67B6FEFF  srgba(103,182,254,1)
13,6: (26471,58339,60395,65535)  #67E3EBFF  srgba(103,227,235,1)
14,6: (26471,58853,51914,65535)  #67E5CAFF  srgba(103,229,202,1)
15,6: (26728,29041,61937,65535)  #6871F1FF  srgba(104,113,241,1)
0,7: (26728,37779,63222,65535)  #6893F6FF  srgba(104,147,246,1)
1,7: (26985,60138,41120,65535)  #69EAA0FF  srgba(105,234,160,1)
2,7: (27242,22102,17219,65535)  #6A5643FF  srgba(106,86,67,1)
3,7: (27242,33924,27242,65535)  #6A846AFF  srgba(106,132,106,1)
4,7: (27242,46260,63736,65535)  #6AB4F8FF  srgba(106,180,248,1)
5,7: (28270,60652,2827,65535)  #6EEC0BFF  srgba(110,236,11,1)
6,7: (28270,60652,29555,65535)  #6EEC73FF  srgba(110,236,115,1)
7,7: (28784,60909,16705,65535)  #70ED41FF  srgba(112,237,65,1)
8,7: (29298,46003,54741,65535)  #72B3D5FF  srgba(114,179,213,1)
9,7: (29812,48316,41377,65535)  #74BCA1FF  srgba(116,188,161,1)
10,7: (30069,34438,16705,65535)  #758641FF  srgba(117,134,65,1)
11,7: (30583,47545,3084,65535)  #77B90CFF  srgba(119,185,12,1)
12,7: (31097,26471,49858,65535)  #7967C2FF  srgba(121,103,194,1)
13,7: (31097,46517,16191,65535)  #79B53FFF  srgba(121,181,63,1)
14,7: (31354,47288,29555,65535)  #7AB873FF  srgba(122,184,115,1)
15,7: (31868,25957,39578,65535)  #7C659AFF  srgba(124,101,154,1)
0,8: (32382,35980,50372,65535)  #7E8CC4FF  srgba(126,140,196,1)
1,8: (32639,35466,39578,65535)  #7F8A9AFF  srgba(127,138,154,1)
2,8: (33153,35723,5911,65535)  #818B17FF  srgba(129,139,23,1)
3,8: (33410,21074,4883,65535)  #825213FF  srgba(130,82,19,1)
4,8: (33667,4369,7196,65535)  #83111CFF  srgba(131,17,28,1)
5,8: (33667,5654,21331,65535)  #831653FF  srgba(131,22,83,1)
6,8: (33667,54741,65021,65535)  #83D5FDFF  srgba(131,213,253,1)
7,8: (33924,1542,0,65535)  #840600FF  srgba(132,6,0,1)
8,8: (34181,4112,30840,65535)  #851078FF  srgba(133,16,120,1)
9,8: (34181,21845,28013,65535)  #85556DFF  srgba(133,85,109,1)
10,8: (34695,56540,51143,65535)  #87DCC7FF  srgba(135,220,199,1)
11,8: (34952,4112,54741,65535)  #8810D5FF  srgba(136,16,213,1)
12,8: (34952,46774,65278,65535)  #88B6FEFF  srgba(136,182,254,1)
13,8: (35209,16962,57568,65535)  #8942E0FF  srgba(137,66,224,1)
14,8: (35209,56026,59110,65535)  #89DAE6FF  srgba(137,218,230,1)
15,8: (35466,15420,41120,65535)  #8A3CA0FF  srgba(138,60,160,1)
0,9: (35466,46260,63479,65535)  #8AB4F7FF  srgba(138,180,247,1)
1,9: (35466,59367,40606,65535)  #8AE79EFF  srgba(138,231,158,1)
2,9: (35723,1542,41120,65535)  #8B06A0FF  srgba(139,6,160,1)
3,9: (35980,37522,62451,65535)  #8C92F3FF  srgba(140,146,243,1)
4,9: (36237,29041,62194,65535)  #8D71F2FF  srgba(141,113,242,1)
5,9: (36494,34438,27756,65535)  #8E866CFF  srgba(142,134,108,1)
6,9: (36751,46260,54484,65535)  #8FB4D4FF  srgba(143,180,212,1)
7,9: (37265,59624,29041,65535)  #91E871FF  srgba(145,232,113,1)
8,9: (37522,48830,41120,65535)  #92BEA0FF  srgba(146,190,160,1)
9,9: (38036,60395,2570,65535)  #94EB0AFF  srgba(148,235,10,1)
10,9: (38293,60395,17476,65535)  #95EB44FF  srgba(149,235,68,1)
11,9: (38550,48830,2056,65535)  #96BE08FF  srgba(150,190,8,1)
12,9: (38550,49087,29041,65535)  #96BF71FF  srgba(150,191,113,1)
13,9: (38807,48059,17219,65535)  #97BB43FF  srgba(151,187,67,1)
14,9: (44204,58853,15677,65535)  #ACE53DFF  srgba(172,229,61,1)
15,9: (44461,59881,1799,65535)  #ADE907FF  srgba(173,233,7,1)
0,10: (44718,13621,58853,65535)  #AE35E5FF  srgba(174,53,229,1)
1,10: (44718,25186,31354,65535)  #AE627AFF  srgba(174,98,122,1)
2,10: (44718,35466,31354,65535)  #AE8A7AFF  srgba(174,138,122,1)
3,10: (44718,48573,18247,65535)  #AEBD47FF  srgba(174,189,71,1)
4,10: (44718,49344,4369,65535)  #AEC011FF  srgba(174,192,17,1)
5,10: (44718,56283,53970,65535)  #AEDBD2FF  srgba(174,219,210,1)
6,10: (44975,54998,63736,65535)  #AFD6F8FF  srgba(175,214,248,1)
7,10: (45232,49344,64507,65535)  #B0C0FBFF  srgba(176,192,251,1)
8,10: (45489,22616,58596,65535)  #B158E4FF  srgba(177,88,228,1)
9,10: (45489,45746,29041,65535)  #B1B271FF  srgba(177,178,113,1)
10,10: (45489,50115,53970,65535)  #B1C3D2FF  srgba(177,195,210,1)
11,10: (45489,56540,28270,65535)  #B1DC6EFF  srgba(177,220,110,1)
12,10: (45746,24158,20560,65535)  #B25E50FF  srgba(178,94,80,1)
13,10: (45746,30583,55255,65535)  #B277D7FF  srgba(178,119,215,1)
14,10: (45746,34438,63736,65535)  #B286F8FF  srgba(178,134,248,1)
15,10: (45746,35466,20817,65535)  #B28A51FF  srgba(178,138,81,1)
0,11: (45746,37008,55255,65535)  #B290D7FF  srgba(178,144,215,1)
1,11: (46003,26214,40606,65535)  #B3669EFF  srgba(179,102,158,1)
2,11: (46003,34695,39835,65535)  #B3879BFF  srgba(179,135,155,1)
3,11: (46003,43947,51143,65535)  #B3ABC7FF  srgba(179,171,199,1)
4,11: (46003,44204,64507,65535)  #B3ACFBFF  srgba(179,172,251,1)
5,11: (46003,45489,40863,65535)  #B3B19FFF  srgba(179,177,159,1)
6,11: (46003,56283,40092,65535)  #B3DB9CFF  srgba(179,219,156,1)
7,11: (46260,25700,46774,65535)  #B464B6FF  srgba(180,100,182,1)
8,11: (46260,34952,46517,65535)  #B488B5FF  srgba(180,136,181,1)
9,11: (46260,43947,57568,65535)  #B4ABE0FF  srgba(180,171,224,1)
10,11: (46517,10537,23644,65535)  #B5295CFF  srgba(181,41,92,1)
11,11: (47031,11308,4369,65535)  #B72C11FF  srgba(183,44,17,1)
12,11: (47288,0,43433,65535)  #B800A9FF  srgba(184,0,169,1)
13,11: (47545,23130,4626,65535)  #B95A12FF  srgba(185,90,18,1)
14,11: (47802,4369,33667,65535)  #BA1183FF  srgba(186,17,131,1)
15,11: (47802,16962,43690,65535)  #BA42AAFF  srgba(186,66,170,1)
0,12: (47802,35723,5140,65535)  #BA8B14FF  srgba(186,139,20,1)
1,12: (48059,0,23644,65535)  #BB005CFF  srgba(187,0,92,1)
2,12: (48059,1542,2570,65535)  #BB060AFF  srgba(187,6,10,1)
3,12: (48316,0,2313,65535)  #BC0009FF  srgba(188,0,9,1)
4,12: (49087,6168,43690,65535)  #BF18AAFF  srgba(191,24,170,1)
5,12: (50886,0,57054,65535)  #C600DEFF  srgba(198,0,222,1)
6,12: (50886,3598,58339,65535)  #C60EE3FF  srgba(198,14,227,1)
7,12: (51143,48573,15677,65535)  #C7BD3DFF  srgba(199,189,61,1)
8,12: (51400,58082,5911,65535)  #C8E217FF  srgba(200,226,23,1)
9,12: (51914,58082,17219,65535)  #CAE243FF  srgba(202,226,67,1)
10,12: (52171,58853,257,65535)  #CBE501FF  srgba(203,229,1,1)
11,12: (52685,24415,31868,65535)  #CD5F7CFF  srgba(205,95,124,1)
12,12: (52942,13364,58596,65535)  #CE34E4FF  srgba(206,52,228,1)
13,12: (54227,0,43947,65535)  #D300ABFF  srgba(211,0,171,1)
14,12: (54484,22616,58596,65535)  #D458E4FF  srgba(212,88,228,1)
15,12: (54998,48573,1799,65535)  #D6BD07FF  srgba(214,189,7,1)
0,13: (55255,33924,63736,65535)  #D784F8FF  srgba(215,132,248,1)
1,13: (55255,36494,55512,65535)  #D78ED8FF  srgba(215,142,216,1)
2,13: (55512,30326,55512,65535)  #D876D8FF  srgba(216,118,216,1)
3,13: (56026,0,58853,65535)  #DA00E5FF  srgba(218,0,229,1)
4,13: (56026,35209,31868,65535)  #DA897CFF  srgba(218,137,124,1)
5,13: (56283,0,3598,65535)  #DB000EFF  srgba(219,0,14,1)
6,13: (56540,1028,3855,65535)  #DC040FFF  srgba(220,4,15,1)
7,13: (56797,46260,32125,65535)  #DDB47DFF  srgba(221,180,125,1)
8,13: (57054,0,21588,65535)  #DE0054FF  srgba(222,0,84,1)
9,13: (57568,45489,42662,65535)  #E0B1A6FF  srgba(224,177,166,1)
10,13: (57825,35466,2313,65535)  #E18A09FF  srgba(225,138,9,1)
11,13: (57825,47545,15677,65535)  #E1B93DFF  srgba(225,185,61,1)
12,13: (57825,57568,32125,65535)  #E1E07DFF  srgba(225,224,125,1)
13,13: (58082,3341,33667,65535)  #E20D83FF  srgba(226,13,131,1)
14,13: (58339,35466,41120,65535)  #E38AA0FF  srgba(227,138,160,1)
15,13: (58339,44204,52685,65535)  #E3ACCDFF  srgba(227,172,205,1)
0,14: (58853,0,59881,65535)  #E500E9FF  srgba(229,0,233,1)
1,14: (58853,23644,3341,65535)  #E55C0DFF  srgba(229,92,13,1)
2,14: (58853,35466,47545,65535)  #E58AB9FF  srgba(229,138,185,1)
3,14: (58853,44461,61166,65535)  #E5ADEEFF  srgba(229,173,238,1)
4,14: (58853,51400,54484,65535)  #E5C8D4FF  srgba(229,200,212,1)
5,14: (58853,51914,62708,65535)  #E5CAF4FF  srgba(229,202,244,1)
6,14: (58853,57568,42405,65535)  #E5E0A5FF  srgba(229,224,165,1)
7,14: (59110,0,44718,65535)  #E600AEFF  srgba(230,0,174,1)
8,14: (59110,514,44461,65535)  #E602ADFF  srgba(230,2,173,1)
9,14: (59110,26471,41120,65535)  #E667A0FF  srgba(230,103,160,1)
10,14: (59367,58339,54484,65535)  #E7E3D4FF  srgba(231,227,212,1)
11,14: (59367,59881,61680,65535)  #E7E9F0FF  srgba(231,233,240,1)
12,14: (59624,26471,47545,65535)  #E867B9FF  srgba(232,103,185,1)
13,14: (59881,33667,17733,65535)  #E98345FF  srgba(233,131,69,1)
14,14: (60138,12850,7196,65535)  #EA321CFF  srgba(234,50,28,1)
15,14: (60395,10537,21845,65535)  #EB2955FF  srgba(235,41,85,1)
0,15: (60395,43690,65021,65535)  #EBAAFDFF  srgba(235,170,253,1)
1,15: (60652,0,64250,65535)  #EC00FAFF  srgba(236,0,250,1)
2,15: (60652,3855,58596,65535)  #EC0FE4FF  srgba(236,15,228,1)
3,15: (60909,0,55769,65535)  #ED00D9FF  srgba(237,0,217,1)
4,15: (60909,13621,44204,65535)  #ED35ACFF  srgba(237,53,172,1)
5,15: (61680,13621,59881,65535)  #F035E9FF  srgba(240,53,233,1)
6,15: (61680,21588,17219,65535)  #F05443FF  srgba(240,84,67,1)
7,15: (61937,23901,31611,65535)  #F15D7BFF  srgba(241,93,123,1)
8,15: (61937,35980,56797,65535)  #F18CDDFF  srgba(241,140,221,1)
9,15: (62194,29812,56797,65535)  #F274DDFF  srgba(242,116,221,1)
10,15: (62451,22616,56797,65535)  #F358DDFF  srgba(243,88,221,1)
11,15: (63222,33410,63736,65535)  #F682F8FF  srgba(246,130,248,1)
12,15: (63479,23130,64507,65535)  #F75AFBFF  srgba(247,90,251,1)
13,15: (64507,31611,65278,65535)  #FB7BFEFF  srgba(251,123,254,1)
14,15: (64764,37522,65278,65535)  #FC92FEFF  srgba(252,146,254,1)
15,15: (0,65535,0,0)  #00FF0000  srgba(0,255,0,0)
