# ImageMagick pixel enumeration: 16,16,65535,srgba
0,0: (257,771,59624,65535)  #0103E8FF  srgba(1,3,232,1)
1,0: (771,3084,62965,65535)  #030CF5FF  srgba(3,12,245,1)
2,0: (1285,514,56026,65535)  #0502DAFF  srgba(5,2,218,1)
3,0: (1285,5140,21588,65535)  #051454FF  srgba(5,20,84,1)
4,0: (1285,38550,64250,65535)  #0596FAFF  srgba(5,150,250,1)
5,0: (2313,60652,64250,65535)  #09ECFAFF  srgba(9,236,250,1)
6,0: (2570,35466,65278,65535)  #0A8AFEFF  srgba(10,138,254,1)
7,0: (4112,47802,65278,65535)  #10BAFEFF  srgba(16,186,254,1)
8,0: (4369,61166,65278,65535)  #11EEFEFF  srgba(17,238,254,1)
9,0: (4369,64764,64764,65535)  #11FCFCFF  srgba(17,252,252,1)
10,0: (5397,27756,63993,65535)  #156CF9FF  srgba(21,108,249,1)
11,0: (6168,8738,63736,65535)  #1822F8FF  srgba(24,34,248,1)
12,0: (6425,64764,65278,65535)  #19FCFEFF  srgba(25,252,254,1)
13,0: (6682,27242,59881,65535)  #1A6AE9FF  srgba(26,106,233,1)
14,0: (6939,17219,63736,65535)  #1B43F8FF  srgba(27,67,248,1)
15,0: (7710,18247,65278,65535)  #1E47FEFF  srgba(30,71,254,1)
0,1: (7967,8995,60138,65535)  #1F23EAFF  srgba(31,35,234,1)
1,1: (8738,1542,59881,65535)  #2206E9FF  srgba(34,6,233,1)
2,1: (8995,65278,65278,65535)  #23FEFEFF  srgba(35,254,254,1)
3,1: (9252,4626,47545,65535)  #2412B9FF  srgba(36,18,185,1)
4,1: (9509,4369,63479,65535)  #2511F7FF  srgba(37,17,247,1)
5,1: (10023,6939,65278,65535)  #271BFEFF  srgba(39,27,254,1)
6,1: (10537,4112,60395,65535)  #2910EBFF  srgba(41,16,235,1)
7,1: (11051,65021,65278,65535)  #2BFDFEFF  srgba(43,253,254,1)
8,1: (12336,24415,47288,65535)  #305FB8FF  srgba(48,95,184,1)
9,1: (12336,44461,51657,65535)  #30ADC9FF  srgba(48,173,201,1)
10,1: (13107,65278,64250,65535)  #33FEFAFF  srgba(51,254,250,1)
11,1: (13364,22359,54484,65535)  #3457D4FF  srgba(52,87,212,1)
12,1: (13621,59881,51400,65535)  #35E9C8FF  srgba(53,233,200,1)
13,1: (16191,9766,38036,65535)  #3F2694FF  srgba(63,38,148,1)
14,1: (16191,38807,63993,65535)  #3F97F9FF  srgba(63,151,249,1)
15,1: (16448,7967,63736,65535)  #401FF8FF  srgba(64,31,248,1)
0,2: (16448,58339,64250,65535)  #40E3FAFF  srgba(64,227,250,1)
1,2: (16962,64764,64507,65535)  #42FCFBFF  srgba(66,252,251,1)
2,2: (17476,35209,65278,65535)  #4489FEFF  srgba(68,137,254,1)
3,2: (17990,48316,65278,65535)  #46BCFEFF  srgba(70,188,254,1)
4,2: (18247,64764,65278,65535)  #47FCFEFF  srgba(71,252,254,1)
5,2: (18504,60395,65278,65535)  #48EBFEFF  srgba(72,235,254,1)
6,2: (20560,64507,55512,65535)  #50FBD8FF  srgba(80,251,216,1)
7,2: (20817,4626,63479,65535)  #5112F7FF  srgba(81,18,247,1)
8,2: (21331,65278,65278,65535)  #53FEFEFF  srgba(83,254,254,1)
9,2: (21588,27242,37779,65535)  #546A93FF  srgba(84,106,147,1)
10,2: (21845,5397,60395,65535)  #5515EBFF  srgba(85,21,235,1)
11,2: (22102,65278,57568,65535)  #56FEE0FF  srgba(86,254,224,1)
12,2: (23130,2313,54741,65535)  #5A09D5FF  srgba(90,9,213,1)
13,2: (23130,7710,63736,65535)  #5A1EF8FF  srgba(90,30,248,1)
14,2: (23387,28013,22359,65535)  #5B6D57FF  srgba(91,109,87,1)
15,2: (23387,45746,49601,65535)  #5BB2C1FF  srgba(91,178,193,1)
0,3: (23387,60909,49087,65535)  #5BEDBFFF  srgba(91,237,191,1)
1,3: (23644,65278,41377,65535)  #5CFEA1FF  srgba(92,254,161,1)
2,3: (23901,15163,65278,65535)  #5D3BFEFF  srgba(93,59,254,1)
3,3: (23901,65278,20046,65535)  #5DFE4EFF  srgba(93,254,78,1)
4,3: (24158,7453,65278,65535)  #5E1DFEFF  srgba(94,29,254,1)
5,3: (24158,54741,28270,65535)  #5ED56EFF  srgba(94,213,110,1)
6,3: (24158,64507,38036,65535)  #5EFB94FF  srgba(94,251,148,1)
7,3: (24158,65021,64507,65535)  #5EFDFBFF  srgba(94,253,251,1)
8,3: (24672,23130,63993,65535)  #605AF9FF  srgba(96,90,249,1)
9,3: (25186,12850,21845,65535)  #623255FF  srgba(98,50,85,1)
10,3: (25186,64507,17476,65535)  #62FB44FF  srgba(98,251,68,1)
11,3: (25443,10537,64250,65535)  #6329FAFF  srgba(99,41,250,1)
12,3: (25443,22359,59624,65535)  #6357E8FF  srgba(99,87,232,1)
13,3: (26985,55512,11822,65535)  #69D82EFF  srgba(105,216,46,1)
14,3: (27499,6168,48059,65535)  #6B18BBFF  srgba(107,24,187,1)
15,3: (28013,23901,47031,65535)  #6D5DB7FF  srgba(109,93,183,1)
0,4: (28270,65021,65278,65535)  #6EFDFEFF  srgba(110,253,254,1)
1,4: (29041,18504,54484,65535)  #7148D4FF  srgba(113,72,212,1)
2,4: (29555,63993,65278,65535)  #73F9FEFF  srgba(115,249,254,1)
3,4: (30583,39835,63993,65535)  #779BF9FF  srgba(119,155,249,1)
4,4: (31611,35209,65278,65535)  #7B89FEFF  srgba(123,137,254,1)
5,4: (31611,57054,63993,65535)  #7BDEF9FF  srgba(123,222,249,1)
6,4: (31611,64764,64507,65535)  #7BFCFBFF  srgba(123,252,251,1)
7,4: (32639,48316,65278,65535)  #7FBCFEFF  srgba(127,188,254,1)
8,4: (32639,64507,1285,65535)  #7FFB05FF  srgba(127,251,5,1)
9,4: (33410,65278,65278,65535)  #82FEFEFF  srgba(130,254,254,1)
10,4: (33924,58853,8481,65535)  #84E521FF  srgba(132,229,33,1)
11,4: (34438,8224,65278,65535)  #8620FEFF  srgba(134,32,254,1)
12,4: (34438,57568,24929,65535)  #86E061FF  srgba(134,224,97,1)
13,4: (34952,10794,65278,65535)  #882AFEFF  srgba(136,42,254,1)
14,4: (34952,17990,65278,65535)  #8846FEFF  srgba(136,70,254,1)
15,4: (34952,65278,64250,65535)  #88FEFAFF  srgba(136,254,250,1)
0,5: (35209,48059,58082,65535)  #89BBE2FF  srgba(137,187,226,1)
1,5: (35723,49601,44718,65535)  #8BC1AEFF  srgba(139,193,174,1)
2,5: (35723,60652,56026,65535)  #8BECDAFF  srgba(139,236,218,1)
3,5: (35723,65278,2313,65535)  #8BFE09FF  srgba(139,254,9,1)
4,5: (36237,59624,41377,65535)  #8DE8A1FF  srgba(141,232,161,1)
5,5: (37008,23130,63993,65535)  #905AF9FF  srgba(144,90,249,1)
6,5: (37265,7196,64250,65535)  #911CFAFF  srgba(145,28,250,1)
7,5: (37522,11308,64507,65535)  #922CFBFF  srgba(146,44,251,1)
8,5: (38293,64507,56283,65535)  #95FBDBFF  srgba(149,251,219,1)
9,5: (38550,65278,57568,65535)  #96FEE0FF  srgba(150,254,224,1)
10,5: (39064,54484,22616,65535)  #98D458FF  srgba(152,212,88,1)
11,5: (39321,61937,18247,65535)  #99F147FF  srgba(153,241,71,1)
12,5: (39835,65278,38293,65535)  #9BFE95FF  srgba(155,254,149,1)
13,5: (40092,60138,3084,65535)  #9CEA0CFF  srgba(156,234,12,1)
14,5: (40863,65278,15677,65535)  #9FFE3DFF  srgba(159,254,61,1)
15,5: (41377,23901,59110,65535)  #A15DE6FF  srgba(161,93,230,1)
0,6: (41634,62194,65278,65535)  #A2F2FEFF  srgba(162,242,254,1)
1,6: (41634,64507,31611,65535)  #A2FB7BFF  srgba(162,251,123,1)
2,6: (42405,6425,59110,65535)  #A519E6FF  srgba(165,25,230,1)
3,6: (42405,64507,1285,65535)  #A5FB05FF  srgba(165,251,5,1)
4,6: (43690,64507,11308,65535)  #AAFB2CFF  srgba(170,251,44,1)
5,6: (44204,65278,65278,65535)  #ACFEFEFF  srgba(172,254,254,1)
6,6: (44461,38550,65278,65535)  #AD96FEFF  srgba(173,150,254,1)
7,6: (44975,9252,65278,65535)  #AF24FEFF  srgba(175,36,254,1)
8,6: (44975,11822,7967,65535)  #AF2E1FFF  srgba(175,46,31,1)
9,6: (45232,8995,52428,65535)  #B023CCFF  srgba(176,35,204,1)
10,6: (45746,40092,63993,65535)  #B29CF9FF  srgba(178,156,249,1)
11,6: (46260,57054,63993,65535)  #B4DEF9FF  srgba(180,222,249,1)
12,6: (46260,62708,1028,65535)  #B4F404FF  srgba(180,244,4,1)
13,6: (46774,8995,36751,65535)  #B6238FFF  srgba(182,35,143,1)
14,6: (47031,65021,64250,65535)  #B7FDFAFF  srgba(183,253,250,1)
15,6: (47802,7453,63736,65535)  #BA1DF8FF  srgba(186,29,248,1)
0,7: (47802,65278,3084,65535)  #BAFE0CFF  srgba(186,254,12,1)
1,7: (48059,19789,65278,65535)  #BB4DFEFF  srgba(187,77,254,1)
2,7: (48573,10794,64764,65535)  #BD2AFCFF  srgba(189,42,252,1)
3,7: (48573,19789,63993,65535)  #BD4DF9FF  srgba(189,77,249,1)
4,7: (48830,28270,34438,65535)  #BE6E86FF  srgba(190,110,134,1)
5,7: (49087,26728,50115,65535)  #BF68C3FF  srgba(191,104,195,1)
6,7: (49344,29555,6682,65535)  #C0731AFF  srgba(192,115,26,1)
7,7: (49601,12079,65278,65535)  #C12FFEFF  srgba(193,47,254,1)
8,7: (50886,49087,38550,65535)  #C6BF96FF  srgba(198,191,150,1)
9,7: (51400,62451,37522,65535)  #C8F392FF  srgba(200,243,146,1)
10,7: (51657,59367,56026,65535)  #C9E7DAFF  srgba(201,231,218,1)
11,7: (51657,64507,2313,65535)  #C9FB09FF  srgba(201,251,9,1)
12,7: (51657,64764,63993,65535)  #C9FCF9FF  srgba(201,252,249,1)
13,7: (52171,43176,55769,65535)  #CBA8D9FF  srgba(203,168,217,1)
14,7: (52685,62194,21588,65535)  #CDF254FF  srgba(205,242,84,1)
15,7: (53970,47288,19789,65535)  #D2B84DFF  srgba(210,184,77,1)
0,8: (53970,61680,65278,65535)  #D2F0FEFF  srgba(210,240,254,1)
1,8: (53970,65021,65278,65535)  #D2FDFEFF  srgba(210,253,254,1)
2,8: (54227,9509,65278,65535)  #D325FEFF  srgba(211,37,254,1)
3,8: (54484,61937,9766,65535)  #D4F126FF  srgba(212,241,38,1)
4,8: (54741,65021,65278,65535)  #D5FDFEFF  srgba(213,253,254,1)
5,8: (55512,65278,4369,65535)  #D8FE11FF  srgba(216,254,17,1)
6,8: (56283,46517,1028,65535)  #DBB504FF  srgba(219,181,4,1)
7,8: (56283,65278,63222,65535)  #DBFEF6FF  srgba(219,254,246,1)
8,8: (56540,11308,3341,65535)  #DC2C0DFF  srgba(220,44,13,1)
9,8: (56797,64507,47031,65535)  #DDFBB7FF  srgba(221,251,183,1)
10,8: (57054,12336,65278,65535)  #DE30FEFF  srgba(222,48,254,1)
11,8: (57054,64764,59624,65535)  #DEFCE8FF  srgba(222,252,232,1)
12,8: (57054,65278,58596,65535)  #DEFEE4FF  srgba(222,254,228,1)
13,8: (57311,42919,65278,65535)  #DFA7FEFF  srgba(223,167,254,1)
14,8: (57568,65278,33667,65535)  #E0FE83FF  srgba(224,254,131,1)
15,8: (57825,50115,9252,65535)  #E1C324FF  srgba(225,195,36,1)
0,9: (58082,9766,63993,65535)  #E226F9FF  srgba(226,38,249,1)
1,9: (58082,64507,25443,65535)  #E2FB63FF  srgba(226,251,99,1)
2,9: (58082,64764,5911,65535)  #E2FC17FF  srgba(226,252,23,1)
3,9: (58082,64764,8738,65535)  #E2FC22FF  srgba(226,252,34,1)
4,9: (58339,30840,65278,65535)  #E378FEFF  srgba(227,120,254,1)
5,9: (58596,64764,16191,65535)  #E4FC3FFF  srgba(228,252,63,1)
6,9: (58853,7710,59624,65535)  #E51EE8FF  srgba(229,30,232,1)
7,9: (58853,22616,59110,65535)  #E558E6FF  srgba(229,88,230,1)
8,9: (58853,65021,6939,65535)  #E5FD1BFF  srgba(229,253,27,1)
9,9: (58853,65278,10794,65535)  #E5FE2AFF  srgba(229,254,42,1)
10,9: (59110,65021,18761,65535)  #E6FD49FF  srgba(230,253,73,1)
11,9: (59367,20817,65278,65535)  #E751FEFF  srgba(231,81,254,1)
12,9: (59624,16705,63993,65535)  #E841F9FF  srgba(232,65,249,1)
13,9: (59624,65278,65278,65535)  #E8FEFEFF  srgba(232,254,254,1)
14,9: (59881,25700,63993,65535)  #E964F9FF  srgba(233,100,249,1)
15,9: (59881,65021,65278,65535)  #E9FDFEFF  srgba(233,253,254,1)
0,10: (60138,64764,24929,65535)  #EAFC61FF  srgba(234,252,97,1)
1,10: (60138,65021,65278,65535)  #EAFDFEFF  srgba(234,253,254,1)
2,10: (60138,65278,7710,65535)  #EAFE1EFF  srgba(234,254,30,1)
3,10: (60395,12850,63479,65535)  #EB32F7FF  srgba(235,50,247,1)
4,10: (60395,65021,21845,65535)  #EBFD55FF  srgba(235,253,85,1)
5,10: (60395,65278,33410,65535)  #EBFE82FF  srgba(235,254,130,1)
6,10: (60652,29812,2313,65535)  #EC7409FF  srgba(236,116,9,1)
7,10: (60652,42662,63736,65535)  #ECA6F8FF  srgba(236,166,248,1)
8,10: (60652,60138,2570,65535)  #ECEA0AFF  srgba(236,234,10,1)
9,10: (60652,63222,63993,65535)  #ECF6F9FF  srgba(236,246,249,1)
10,10: (60909,65278,8481,65535)  #EDFE21FF  srgba(237,254,33,1)
11,10: (60909,65278,11822,65535)  #EDFE2EFF  srgba(237,254,46,1)
12,10: (61166,64764,48316,65535)  #EEFCBCFF  srgba(238,252,188,1)
13,10: (61166,65021,46774,65535)  #EEFDB6FF  srgba(238,253,182,1)
14,10: (61423,65021,63222,65535)  #EFFDF6FF  srgba(239,253,246,1)
15,10: (61423,65021,65278,65535)  #EFFDFEFF  srgba(239,253,254,1)
0,11: (61680,64764,59367,65535)  #F0FCE7FF  srgba(240,252,231,1)
1,11: (61680,65278,57568,65535)  #F0FEE0FF  srgba(240,254,224,1)
2,11: (61937,64764,10794,65535)  #F1FC2AFF  srgba(241,252,42,1)
3,11: (62451,64764,64764,65535)  #F3FCFCFF  srgba(243,252,252,1)
4,11: (62451,65021,7453,65535)  #F3FD1DFF  srgba(243,253,29,1)
5,11: (62451,65021,65278,65535)  #F3FDFEFF  srgba(243,253,254,1)
6,11: (62708,13878,1542,65535)  #F43606FF  srgba(244,54,6,1)
7,11: (62708,45489,1799,65535)  #F4B107FF  srgba(244,177,7,1)
8,11: (62708,65021,65278,65535)  #F4FDFEFF  srgba(244,253,254,1)
9,11: (62708,65021,65535,65535)  #F4FDFFFF  srgba(244,253,255,1)
10,11: (62708,65278,63993,65535)  #F4FEF9FF  srgba(244,254,249,1)
11,11: (63222,28527,1285,65535)  #F66F05FF  srgba(246,111,5,1)
12,11: (63479,64764,6939,65535)  #F7FC1BFF  srgba(247,252,27,1)
13,11: (63993,65278,63993,65535)  #F9FEF9FF  srgba(249,254,249,1)
14,11: (63993,65278,65021,65535)  #F9FEFDFF  srgba(249,254,253,1)
15,11: (64250,65021,64764,65535)  #FAFDFCFF  srgba(250,253,252,1)
0,12: (64250,65278,61166,65535)  #FAFEEEFF  srgba(250,254,238,1)
1,12: (64507,64764,7196,65535)  #FBFC1CFF  srgba(251,252,28,1)
2,12: (64764,64250,64764,65535)  #FCFAFCFF  srgba(252,250,252,1)
3,12: (64764,65021,9509,65535)  #FCFD25FF  srgba(252,253,37,1)
4,12: (64764,65021,54741,65535)  #FCFDD5FF  srgba(252,253,213,1)
5,12: (64764,65021,55255,65535)  #FCFDD7FF  srgba(252,253,215,1)
6,12: (64764,65278,56283,65535)  #FCFEDBFF  srgba(252,254,219,1)
7,12: (65021,12079,63479,65535)  #FD2FF7FF  srgba(253,47,247,1)
8,12: (65021,12336,48573,65535)  #FD30BDFF  srgba(253,48,189,1)
9,12: (65021,14135,257,65535)  #FD3701FF  srgba(253,55,1,1)
10,12: (65021,29812,257,65535)  #FD7401FF  srgba(253,116,1,1)
11,12: (65021,42148,52685,65535)  #FDA4CDFF  srgba(253,164,205,1)
12,12: (65021,44204,4626,65535)  #FDAC12FF  srgba(253,172,18,1)
13,12: (65021,51143,5397,65535)  #FDC715FF  srgba(253,199,21,1)
14,12: (65021,60909,32896,65535)  #FDED80FF  srgba(253,237,128,1)
15,12: (65021,62708,5911,65535)  #FDF417FF  srgba(253,244,23,1)
0,13: (65021,63736,12336,65535)  #FDF830FF  srgba(253,248,48,1)
1,13: (65021,63993,54227,65535)  #FDF9D3FF  srgba(253,249,211,1)
2,13: (65021,64764,33667,65535)  #FDFC83FF  srgba(253,252,131,1)
3,13: (65021,64764,54484,65535)  #FDFCD4FF  srgba(253,252,212,1)
4,13: (65021,65021,7967,65535)  #FDFD1FFF  srgba(253,253,31,1)
5,13: (65021,65021,24929,65535)  #FDFD61FF  srgba(253,253,97,1)
6,13: (65021,65021,30583,65535)  #FDFD77FF  srgba(253,253,119,1)
7,13: (65021,65021,35466,65535)  #FDFD8AFF  srgba(253,253,138,1)
8,13: (65278,9766,257,65535)  #FE2601FF  srgba(254,38,1,1)
9,13: (65278,12336,58082,65535)  #FE30E2FF  srgba(254,48,226,1)
10,13: (65278,13364,2827,65535)  #FE340BFF  srgba(254,52,11,1)
11,13: (65278,13621,55512,65535)  #FE35D8FF  srgba(254,53,216,1)
12,13: (65278,15420,10794,65535)  #FE3C2AFF  srgba(254,60,42,1)
13,13: (65278,15677,63993,65535)  #FE3DF9FF  srgba(254,61,249,1)
14,13: (65278,16705,57825,65535)  #FE41E1FF  srgba(254,65,225,1)
15,13: (65278,17219,54741,65535)  #FE43D5FF  srgba(254,67,213,1)
0,14: (65278,19018,257,65535)  #FE4A01FF  srgba(254,74,1,1)
1,14: (65278,20303,3598,65535)  #FE4F0EFF  srgba(254,79,14,1)
2,14: (65278,20560,50372,65535)  #FE50C4FF  srgba(254,80,196,1)
3,14: (65278,21074,64764,65535)  #FE52FCFF  srgba(254,82,252,1)
4,14: (65278,21588,7967,65535)  #FE541FFF  srgba(254,84,31,1)
5,14: (65278,24415,257,65535)  #FE5F01FF  srgba(254,95,1,1)
6,14: (65278,24672,35466,65535)  #FE608AFF  srgba(254,96,138,1)
7,14: (65278,25957,3598,65535)  #FE650EFF  srgba(254,101,14,1)
8,14: (65278,26471,65021,65535)  #FE67FDFF  srgba(254,103,253,1)
9,14: (65278,27242,8481,65535)  #FE6A21FF  srgba(254,106,33,1)
10,14: (65278,31097,3341,65535)  #FE790DFF  srgba(254,121,13,1)
11,14: (65278,31868,65021,65535)  #FE7CFDFF  srgba(254,124,253,1)
12,14: (65278,37008,1028,65535)  #FE9004FF  srgba(254,144,4,1)
13,14: (65278,38036,4112,65535)  #FE9410FF  srgba(254,148,16,1)
14,14: (65278,38036,65021,65535)  #FE94FDFF  srgba(254,148,253,1)
15,14: (65278,44204,65021,65535)  #FEACFDFF  srgba(254,172,253,1)
0,15: (65278,45489,11565,65535)  #FEB12DFF  srgba(254,177,45,1)
1,15: (65278,45489,27242,65535)  #FEB16AFF  srgba(254,177,106,1)
2,15: (65278,45489,38036,65535)  #FEB194FF  srgba(254,177,148,1)
3,15: (65278,49858,65021,65535)  #FEC2FDFF  srgba(254,194,253,1)
4,15: (65278,54998,11565,65535)  #FED62DFF  srgba(254,214,45,1)
5,15: (65278,54998,52942,65535)  #FED6CEFF  srgba(254,214,206,1)
6,15: (65278,54998,65021,65535)  #FED6FDFF  srgba(254,214,253,1)
7,15: (65278,58339,5654,65535)  #FEE316FF  srgba(254,227,22,1)
8,15: (65278,60138,65021,65535)  #FEEAFDFF  srgba(254,234,253,1)
9,15: (65278,65021,8995,65535)  #FEFD23FF  srgba(254,253,35,1)
10,15: (65278,65021,15163,65535)  #FEFD3BFF  srgba(254,253,59,1)
11,15: (65278,65021,24158,65535)  #FEFD5EFF  srgba(254,253,94,1)
12,15: (65278,65021,41891,65535)  #FEFDA3FF  srgba(254,253,163,1)
13,15: (65278,65278,16962,65535)  #FEFE42FF  srgba(254,254,66,1)
14,15: (65278,65278,65278,65535)  #FEFEFEFF  srgba(254,254,254,1)
15,15: (0,65535,0,0)  #00FF0000  srgba(0,255,0,0)
