# ImageMagick pixel enumeration: 16,16,65535,srgba
0,0: (0,7453,7710,65535)  #001D1EFF  srgba(0,29,30,1)
1,0: (0,33410,39321,65535)  #008299FF  srgba(0,130,153,1)
2,0: (0,37522,42662,65535)  #0092A6FF  srgba(0,146,166,1)
3,0: (0,40349,47031,65535)  #009DB7FF  srgba(0,157,183,1)
4,0: (257,2313,6682,65535)  #01091AFF  srgba(1,9,26,1)
5,0: (514,21074,26728,65535)  #025268FF  srgba(2,82,104,1)
6,0: (771,30840,36494,65535)  #03788EFF  srgba(3,120,142,1)
7,0: (1028,27756,34438,65535)  #046C86FF  srgba(4,108,134,1)
8,0: (1028,57311,60395,65535)  #04DFEBFF  srgba(4,223,235,1)
9,0: (1285,26471,29555,65535)  #056773FF  srgba(5,103,115,1)
10,0: (1285,48059,56026,65535)  #05BBDAFF  srgba(5,187,218,1)
11,0: (1542,1799,2827,65535)  #06070BFF  srgba(6,7,11,1)
12,0: (1542,11565,16191,65535)  #062D3FFF  srgba(6,45,63,1)
13,0: (1799,51400,57311,65535)  #07C8DFFF  srgba(7,200,223,1)
14,0: (2056,0,0,65535)  #080000FF  srgba(8,0,0,1)
15,0: (2056,0,0,65535)  #080000FF  srgba(8,0,0,1)
0,1: (2056,16962,21074,65535)  #084252FF  srgba(8,66,82,1)
1,1: (2313,0,514,65535)  #090002FF  srgba(9,0,2,1)
2,1: (2313,10537,12079,65535)  #09292FFF  srgba(9,41,47,1)
3,1: (2313,53713,56797,65535)  #09D1DDFF  srgba(9,209,221,1)
4,1: (2313,54227,61423,65535)  #09D3EFFF  srgba(9,211,239,1)
5,1: (3084,0,0,65535)  #0C0000FF  srgba(12,0,0,1)
6,1: (3084,44975,51143,65535)  #0CAFC7FF  srgba(12,175,199,1)
7,1: (3341,514,1028,65535)  #0D0204FF  srgba(13,2,4,1)
8,1: (3341,44461,47031,65535)  #0DADB7FF  srgba(13,173,183,1)
9,1: (3341,63479,64507,65535)  #0DF7FBFF  srgba(13,247,251,1)
10,1: (3341,63736,65278,65535)  #0DF8FEFF  srgba(13,248,254,1)
11,1: (3598,32639,37265,65535)  #0E7F91FF  srgba(14,127,145,1)
12,1: (3598,47288,50886,65535)  #0EB8C6FF  srgba(14,184,198,1)
13,1: (3855,50372,52171,65535)  #0FC4CBFF  srgba(15,196,203,1)
14,1: (4369,15420,15163,65535)  #113C3BFF  srgba(17,60,59,1)
15,1: (4626,16962,18247,65535)  #124247FF  srgba(18,66,71,1)
0,2: (4626,32382,35209,65535)  #127E89FF  srgba(18,126,137,1)
1,2: (4626,58082,64507,65535)  #12E2FBFF  srgba(18,226,251,1)
2,2: (4883,21074,21845,65535)  #135255FF  srgba(19,82,85,1)
3,2: (5140,0,0,65535)  #140000FF  srgba(20,0,0,1)
4,2: (5140,36237,39835,65535)  #148D9BFF  srgba(20,141,155,1)
5,2: (5140,65021,65278,65535)  #14FDFEFF  srgba(20,253,254,1)
6,2: (5397,7967,6939,65535)  #151F1BFF  srgba(21,31,27,1)
7,2: (5654,40606,46774,65535)  #169EB6FF  srgba(22,158,182,1)
8,2: (5911,37779,42662,65535)  #1793A6FF  srgba(23,147,166,1)
9,2: (6425,0,257,65535)  #190001FF  srgba(25,0,1,1)
10,2: (6682,33667,39321,65535)  #1A8399FF  srgba(26,131,153,1)
11,2: (6682,35723,37265,65535)  #1A8B91FF  srgba(26,139,145,1)
12,2: (6939,38807,39835,65535)  #1B979BFF  srgba(27,151,155,1)
13,2: (6939,57568,60652,65535)  #1BE0ECFF  srgba(27,224,236,1)
14,2: (7196,33667,34438,65535)  #1C8386FF  srgba(28,131,134,1)
15,2: (7710,65021,65278,65535)  #1EFDFEFF  srgba(30,253,254,1)
0,3: (8224,0,0,65535)  #200000FF  srgba(32,0,0,1)
1,3: (8224,35723,34695,65535)  #208B87FF  srgba(32,139,135,1)
2,3: (8481,32382,32639,65535)  #217E7FFF  srgba(33,126,127,1)
3,3: (9509,62965,63993,65535)  #25F5F9FF  srgba(37,245,249,1)
4,3: (9509,63222,65278,65535)  #25F6FEFF  srgba(37,246,254,1)
5,3: (11565,0,0,65535)  #2D0000FF  srgba(45,0,0,1)
6,3: (12336,23644,25443,65535)  #305C63FF  srgba(48,92,99,1)
7,3: (12593,0,0,65535)  #310000FF  srgba(49,0,0,1)
8,3: (12593,0,514,65535)  #310002FF  srgba(49,0,2,1)
9,3: (12593,21331,21845,65535)  #315355FF  srgba(49,83,85,1)
10,3: (12850,65021,65278,65535)  #32FDFEFF  srgba(50,253,254,1)
11,3: (13107,50629,56026,65535)  #33C5DAFF  srgba(51,197,218,1)
12,3: (13621,514,1028,65535)  #350204FF  srgba(53,2,4,1)
13,3: (13621,52171,56797,65535)  #35CBDDFF  srgba(53,203,221,1)
14,3: (14135,54227,58596,65535)  #37D3E4FF  srgba(55,211,228,1)
15,3: (14649,29555,33153,65535)  #397381FF  srgba(57,115,129,1)
0,4: (14906,11565,9766,65535)  #3A2D26FF  srgba(58,45,38,1)
1,4: (15163,6682,3341,65535)  #3B1A0DFF  srgba(59,26,13,1)
2,4: (15420,18504,16962,65535)  #3C4842FF  srgba(60,72,66,1)
3,4: (15934,26985,27242,65535)  #3E696AFF  srgba(62,105,106,1)
4,4: (16191,0,0,65535)  #3F0000FF  srgba(63,0,0,1)
5,4: (16191,28013,29555,65535)  #3F6D73FF  srgba(63,109,115,1)
6,4: (16191,58339,63479,65535)  #3FE3F7FF  srgba(63,227,247,1)
7,4: (16448,57311,59624,65535)  #40DFE8FF  srgba(64,223,232,1)
8,4: (16705,1028,1542,65535)  #410406FF  srgba(65,4,6,1)
9,4: (17219,2313,2827,65535)  #43090BFF  srgba(67,9,11,1)
10,4: (17219,65021,65278,65535)  #43FDFEFF  srgba(67,253,254,1)
11,4: (17476,39578,44204,65535)  #449AACFF  srgba(68,154,172,1)
12,4: (17733,22616,22102,65535)  #455856FF  srgba(69,88,86,1)
13,4: (17733,48573,55512,65535)  #45BDD8FF  srgba(69,189,216,1)
14,4: (17990,0,0,65535)  #460000FF  srgba(70,0,0,1)
15,4: (17990,24415,25700,65535)  #465F64FF  srgba(70,95,100,1)
0,5: (17990,49087,51400,65535)  #46BFC8FF  srgba(70,191,200,1)
1,5: (18247,62194,62965,65535)  #47F2F5FF  srgba(71,242,245,1)
2,5: (18247,63479,64764,65535)  #47F7FCFF  srgba(71,247,252,1)
3,5: (18504,44204,47802,65535)  #48ACBAFF  srgba(72,172,186,1)
4,5: (18504,63479,65278,65535)  #48F7FEFF  srgba(72,247,254,1)
5,5: (19018,257,514,65535)  #4A0102FF  srgba(74,1,2,1)
6,5: (19789,514,1028,65535)  #4D0204FF  srgba(77,2,4,1)
7,5: (20303,0,0,65535)  #4F0000FF  srgba(79,0,0,1)
8,5: (20560,0,0,65535)  #500000FF  srgba(80,0,0,1)
9,5: (21588,65021,65278,65535)  #54FDFEFF  srgba(84,253,254,1)
10,5: (22616,30069,31097,65535)  #587579FF  srgba(88,117,121,1)
11,5: (23130,33410,33667,65535)  #5A8283FF  srgba(90,130,131,1)
12,5: (23387,6682,2827,65535)  #5B1A0BFF  srgba(91,26,11,1)
13,5: (23644,36237,37522,65535)  #5C8D92FF  srgba(92,141,146,1)
14,5: (24415,257,0,65535)  #5F0100FF  srgba(95,1,0,1)
15,5: (24415,257,0,65535)  #5F0100FF  srgba(95,1,0,1)
0,6: (24415,28013,26728,65535)  #5F6D68FF  srgba(95,109,104,1)
1,6: (24672,514,514,65535)  #600202FF  srgba(96,2,2,1)
2,6: (24929,50629,55769,65535)  #61C5D9FF  srgba(97,197,217,1)
3,6: (25186,54227,58082,65535)  #62D3E2FF  srgba(98,211,226,1)
4,6: (25443,13107,10537,65535)  #633329FF  srgba(99,51,41,1)
5,6: (25443,52171,56540,65535)  #63CBDCFF  srgba(99,203,220,1)
6,6: (25957,58596,63222,65535)  #65E4F6FF  srgba(101,228,246,1)
7,6: (26214,57311,59624,65535)  #66DFE8FF  srgba(102,223,232,1)
8,6: (26471,2056,2313,65535)  #670809FF  srgba(103,8,9,1)
9,6: (26471,9766,6682,65535)  #67261AFF  srgba(103,38,26,1)
10,6: (26471,20817,17990,65535)  #675146FF  srgba(103,81,70,1)
11,6: (26728,1285,1285,65535)  #680505FF  srgba(104,5,5,1)
12,6: (26728,17733,13107,65535)  #684533FF  srgba(104,69,51,1)
13,6: (26728,24158,21845,65535)  #685E55FF  srgba(104,94,85,1)
14,6: (27499,40092,42919,65535)  #6B9CA7FF  srgba(107,156,167,1)
15,6: (27499,62708,63736,65535)  #6BF4F8FF  srgba(107,244,248,1)
0,7: (27499,63479,65278,65535)  #6BF7FEFF  srgba(107,247,254,1)
1,7: (27756,49087,50886,65535)  #6CBFC6FF  srgba(108,191,198,1)
2,7: (28270,257,0,65535)  #6E0100FF  srgba(110,1,0,1)
3,7: (28270,35466,35209,65535)  #6E8A89FF  srgba(110,138,137,1)
4,7: (28270,65021,65278,65535)  #6EFDFEFF  srgba(110,253,254,1)
5,7: (28527,257,0,65535)  #6F0100FF  srgba(111,1,0,1)
6,7: (28784,771,514,65535)  #700302FF  srgba(112,3,2,1)
7,7: (29041,6939,2570,65535)  #711B0AFF  srgba(113,27,10,1)
8,7: (29041,38036,38807,65535)  #719497FF  srgba(113,148,151,1)
9,7: (29041,43947,45746,65535)  #71ABB2FF  srgba(113,171,178,1)
10,7: (30583,39578,40606,65535)  #779A9EFF  srgba(119,154,158,1)
11,7: (31097,40092,41891,65535)  #799CA3FF  srgba(121,156,163,1)
12,7: (31611,514,0,65535)  #7B0200FF  srgba(123,2,0,1)
13,7: (32125,257,0,65535)  #7D0100FF  srgba(125,1,0,1)
14,7: (32639,41377,42148,65535)  #7FA1A4FF  srgba(127,161,164,1)
15,7: (33410,1028,771,65535)  #820403FF  srgba(130,4,3,1)
0,8: (33667,1542,1285,65535)  #830605FF  srgba(131,6,5,1)
1,8: (34181,514,0,65535)  #850200FF  srgba(133,2,0,1)
2,8: (34181,43690,45232,65535)  #85AAB0FF  srgba(133,170,176,1)
3,8: (34695,771,0,65535)  #870300FF  srgba(135,3,0,1)
4,8: (34695,63222,64764,65535)  #87F6FCFF  srgba(135,246,252,1)
5,8: (34952,12593,8995,65535)  #883123FF  srgba(136,49,35,1)
6,8: (34952,41891,42148,65535)  #88A3A4FF  srgba(136,163,164,1)
7,8: (34952,65021,65278,65535)  #88FDFEFF  srgba(136,253,254,1)
8,8: (35209,46260,46774,65535)  #89B4B6FF  srgba(137,180,182,1)
9,8: (35723,2056,1799,65535)  #8B0807FF  srgba(139,8,7,1)
10,8: (35723,30326,27499,65535)  #8B766BFF  srgba(139,118,107,1)
11,8: (35723,58596,61423,65535)  #8BE4EFFF  srgba(139,228,239,1)
12,8: (35980,2827,2827,65535)  #8C0B0BFF  srgba(140,11,11,1)
13,8: (35980,8738,4112,65535)  #8C2210FF  srgba(140,34,16,1)
14,8: (35980,38550,37265,65535)  #8C9691FF  srgba(140,150,145,1)
15,8: (36494,59881,62708,65535)  #8EE9F4FF  srgba(142,233,244,1)
0,9: (37008,771,0,65535)  #900300FF  srgba(144,3,0,1)
1,9: (37008,5911,3341,65535)  #90170DFF  srgba(144,23,13,1)
2,9: (37265,45746,47031,65535)  #91B2B7FF  srgba(145,178,183,1)
3,9: (37779,22102,18504,65535)  #935648FF  srgba(147,86,72,1)
4,9: (37779,54484,55512,65535)  #93D4D8FF  srgba(147,212,216,1)
5,9: (38036,47545,49858,65535)  #94B9C2FF  srgba(148,185,194,1)
6,9: (38550,1542,1028,65535)  #960604FF  srgba(150,6,4,1)
7,9: (38807,1028,0,65535)  #970400FF  srgba(151,4,0,1)
8,9: (38807,17476,11565,65535)  #97442DFF  srgba(151,68,45,1)
9,9: (38807,48059,48059,65535)  #97BBBBFF  srgba(151,187,187,1)
10,9: (38807,49087,50629,65535)  #97BFC5FF  srgba(151,191,197,1)
11,9: (38807,52171,53456,65535)  #97CBD0FF  srgba(151,203,208,1)
12,9: (38807,54484,58853,65535)  #97D4E5FF  srgba(151,212,229,1)
13,9: (39064,1285,514,65535)  #980502FF  srgba(152,5,2,1)
14,9: (39064,26471,20303,65535)  #98674FFF  srgba(152,103,79,1)
15,9: (39064,50629,51657,65535)  #98C5C9FF  srgba(152,197,201,1)
0,10: (39064,57311,59881,65535)  #98DFE9FF  srgba(152,223,233,1)
1,10: (39578,1028,0,65535)  #9A0400FF  srgba(154,4,0,1)
2,10: (39578,36494,33410,65535)  #9A8E82FF  srgba(154,142,130,1)
3,10: (39835,21331,13621,65535)  #9B5335FF  srgba(155,83,53,1)
4,10: (40349,6682,514,65535)  #9D1A02FF  srgba(157,26,2,1)
5,10: (40349,62965,64507,65535)  #9DF5FBFF  srgba(157,245,251,1)
6,10: (40606,11051,4369,65535)  #9E2B11FF  srgba(158,43,17,1)
7,10: (40863,46003,46517,65535)  #9FB3B5FF  srgba(159,179,181,1)
8,10: (41120,5397,257,65535)  #A01501FF  srgba(160,21,1,1)
9,10: (41377,56283,59110,65535)  #A1DBE6FF  srgba(161,219,230,1)
10,10: (41634,12593,8995,65535)  #A23123FF  srgba(162,49,35,1)
11,10: (42148,14135,4883,65535)  #A43713FF  srgba(164,55,19,1)
12,10: (42148,45232,42405,65535)  #A4B0A5FF  srgba(164,176,165,1)
13,10: (42148,65021,65278,65535)  #A4FDFEFF  srgba(164,253,254,1)
14,10: (42405,35466,30069,65535)  #A58A75FF  srgba(165,138,117,1)
15,10: (42405,42148,41377,65535)  #A5A4A1FF  srgba(165,164,161,1)
0,11: (42405,51914,53199,65535)  #A5CACFFF  srgba(165,202,207,1)
1,11: (42662,1542,0,65535)  #A60600FF  srgba(166,6,0,1)
2,11: (43176,2056,771,65535)  #A80803FF  srgba(168,8,3,1)
3,11: (43433,1285,0,65535)  #A90500FF  srgba(169,5,0,1)
4,11: (43690,30583,26471,65535)  #AA7767FF  srgba(170,119,103,1)
5,11: (43947,58596,59881,65535)  #ABE4E9FF  srgba(171,228,233,1)
6,11: (44204,52685,53713,65535)  #ACCDD1FF  srgba(172,205,209,1)
7,11: (44718,55769,56026,65535)  #AED9DAFF  srgba(174,217,218,1)
8,11: (44975,8738,3855,65535)  #AF220FFF  srgba(175,34,15,1)
9,11: (45232,59881,60909,65535)  #B0E9EDFF  srgba(176,233,237,1)
10,11: (45489,2827,2570,65535)  #B10B0AFF  srgba(177,11,10,1)
11,11: (45746,2570,1285,65535)  #B20A05FF  srgba(178,10,5,1)
12,11: (45746,5911,3084,65535)  #B2170CFF  srgba(178,23,12,1)
13,11: (45746,7967,257,65535)  #B21F01FF  srgba(178,31,1,1)
14,11: (46260,52428,52942,65535)  #B4CCCEFF  srgba(180,204,206,1)
15,11: (46517,1542,0,65535)  #B50600FF  srgba(181,6,0,1)
0,12: (46517,10794,514,65535)  #B52A02FF  srgba(181,42,2,1)
1,12: (47031,57311,58853,65535)  #B7DFE5FF  srgba(183,223,229,1)
2,12: (47545,63222,64507,65535)  #B9F6FBFF  srgba(185,246,251,1)
3,12: (48059,65021,65278,65535)  #BBFDFEFF  srgba(187,253,254,1)
4,12: (48316,2313,771,65535)  #BC0903FF  srgba(188,9,3,1)
5,12: (48316,49601,46774,65535)  #BCC1B6FF  srgba(188,193,182,1)
6,12: (48316,58596,59624,65535)  #BCE4E8FF  srgba(188,228,232,1)
7,12: (48830,2056,0,65535)  #BE0800FF  srgba(190,8,0,1)
8,12: (48830,60138,60652,65535)  #BEEAECFF  srgba(190,234,236,1)
9,12: (49087,61166,61423,65535)  #BFEEEFFF  srgba(191,238,239,1)
10,12: (49344,1799,0,65535)  #C00700FF  srgba(192,7,0,1)
11,12: (49601,14906,9509,65535)  #C13A25FF  srgba(193,58,37,1)
12,12: (49601,60395,60909,65535)  #C1EBEDFF  srgba(193,235,237,1)
13,12: (50115,39835,36494,65535)  #C39B8EFF  srgba(195,155,142,1)
14,12: (50115,56540,55512,65535)  #C3DCD8FF  srgba(195,220,216,1)
15,12: (50886,6682,257,65535)  #C61A01FF  srgba(198,26,1,1)
0,13: (51143,43690,37779,65535)  #C7AA93FF  srgba(199,170,147,1)
1,13: (51657,2313,0,65535)  #C90900FF  srgba(201,9,0,1)
2,13: (51657,5397,514,65535)  #C91502FF  srgba(201,21,2,1)
3,13: (51657,22359,12593,65535)  #C95731FF  srgba(201,87,49,1)
4,13: (52428,62708,62965,65535)  #CCF4F5FF  srgba(204,244,245,1)
5,13: (52428,63736,64250,65535)  #CCF8FAFF  srgba(204,248,250,1)
6,13: (52685,6168,2827,65535)  #CD180BFF  srgba(205,24,11,1)
7,13: (52942,2570,257,65535)  #CE0A01FF  srgba(206,10,1,1)
8,13: (53199,2827,1285,65535)  #CF0B05FF  srgba(207,11,5,1)
9,13: (53199,59624,60395,65535)  #CFE8EBFF  srgba(207,232,235,1)
10,13: (53199,64764,65278,65535)  #CFFCFEFF  srgba(207,252,254,1)
11,13: (53456,9509,3598,65535)  #D0250EFF  srgba(208,37,14,1)
12,13: (53456,24415,18761,65535)  #D05F49FF  srgba(208,95,73,1)
13,13: (53713,65278,65278,65535)  #D1FEFEFF  srgba(209,254,254,1)
14,13: (53970,52685,51143,65535)  #D2CDC7FF  srgba(210,205,199,1)
15,13: (53970,61680,61937,65535)  #D2F0F1FF  srgba(210,240,241,1)
0,14: (54227,2570,0,65535)  #D30A00FF  srgba(211,10,0,1)
1,14: (55255,63993,64764,65535)  #D7F9FCFF  srgba(215,249,252,1)
2,14: (55255,65278,65278,65535)  #D7FEFEFF  srgba(215,254,254,1)
3,14: (55512,31097,25700,65535)  #D87964FF  srgba(216,121,100,1)
4,14: (56283,64764,65021,65535)  #DBFCFDFF  srgba(219,252,253,1)
5,14: (57054,29555,20046,65535)  #DE734EFF  srgba(222,115,78,1)
6,14: (57825,7453,257,65535)  #E11D01FF  srgba(225,29,1,1)
7,14: (57825,65278,65021,65535)  #E1FEFDFF  srgba(225,254,253,1)
8,14: (58082,12850,3855,65535)  #E2320FFF  srgba(226,50,15,1)
9,14: (58339,5140,257,65535)  #E31401FF  srgba(227,20,1,1)
10,14: (58853,3341,0,65535)  #E50D00FF  srgba(229,13,0,1)
11,14: (58853,14906,9252,65535)  #E53A24FF  srgba(229,58,36,1)
12,14: (58853,39321,32125,65535)  #E5997DFF  srgba(229,153,125,1)
13,14: (58853,47802,41891,65535)  #E5BAA3FF  srgba(229,186,163,1)
14,14: (59624,17476,4369,65535)  #E84411FF  srgba(232,68,17,1)
15,14: (59881,3598,0,65535)  #E90E00FF  srgba(233,14,0,1)
0,15: (59881,3598,1285,65535)  #E90E05FF  srgba(233,14,5,1)
1,15: (59881,63736,62965,65535)  #E9F8F5FF  srgba(233,248,245,1)
2,15: (60138,6168,2570,65535)  #EA180AFF  srgba(234,24,10,1)
3,15: (60138,36751,26214,65535)  #EA8F66FF  srgba(234,143,102,1)
4,15: (61166,3855,514,65535)  #EE0F02FF  srgba(238,15,2,1)
5,15: (61166,51914,46517,65535)  #EECAB5FF  srgba(238,202,181,1)
6,15: (61423,9509,3341,65535)  #EF250DFF  srgba(239,37,13,1)
7,15: (62194,58596,53970,65535)  #F2E4D2FF  srgba(242,228,210,1)
8,15: (62708,24158,12079,65535)  #F45E2FFF  srgba(244,94,47,1)
9,15: (62965,6168,257,65535)  #F51801FF  srgba(245,24,1,1)
10,15: (62965,8481,257,65535)  #F52101FF  srgba(245,33,1,1)
11,15: (62965,45489,37265,65535)  #F5B191FF  srgba(245,177,145,1)
12,15: (63222,5140,0,65535)  #F61400FF  srgba(246,20,0,1)
13,15: (64250,3855,0,65535)  #FA0F00FF  srgba(250,15,0,1)
14,15: (64507,4112,0,65535)  #FB1000FF  srgba(251,16,0,1)
15,15: (0,65535,0,0)  #00FF0000  srgba(0,255,0,0)
