# ImageMagick pixel enumeration: 16,16,65535,srgba
0,0: (0,60138,4626,65535)  #00EA12FF  srgba(0,234,18,1)
1,0: (771,50115,0,65535)  #03C300FF  srgba(3,195,0,1)
2,0: (1028,37522,0,65535)  #049200FF  srgba(4,146,0,1)
3,0: (1285,0,0,65535)  #050000FF  srgba(5,0,0,1)
4,0: (1285,25443,0,65535)  #056300FF  srgba(5,99,0,1)
5,0: (1542,14649,0,65535)  #063900FF  srgba(6,57,0,1)
6,0: (1542,59110,0,65535)  #06E600FF  srgba(6,230,0,1)
7,0: (2570,0,0,65535)  #0A0000FF  srgba(10,0,0,1)
8,0: (2827,3598,0,65535)  #0B0E00FF  srgba(11,14,0,1)
9,0: (3084,0,0,65535)  #0C0000FF  srgba(12,0,0,1)
10,0: (4112,0,0,65535)  #100000FF  srgba(16,0,0,1)
11,0: (4626,0,0,65535)  #120000FF  srgba(18,0,0,1)
12,0: (5140,60652,3855,65535)  #14EC0FFF  srgba(20,236,15,1)
13,0: (6168,56283,3855,65535)  #18DB0FFF  srgba(24,219,15,1)
14,0: (7453,0,0,65535)  #1D0000FF  srgba(29,0,0,1)
15,0: (8224,17733,0,65535)  #204500FF  srgba(32,69,0,1)
0,1: (8224,35980,0,65535)  #208C00FF  srgba(32,140,0,1)
1,1: (8995,2570,4369,65535)  #230A11FF  srgba(35,10,17,1)
2,1: (9252,56026,0,65535)  #24DA00FF  srgba(36,218,0,1)
3,1: (10537,0,0,65535)  #290000FF  srgba(41,0,0,1)
4,1: (11051,61937,5140,65535)  #2BF114FF  srgba(43,241,20,1)
5,1: (11308,0,0,65535)  #2C0000FF  srgba(44,0,0,1)
6,1: (12850,0,0,65535)  #320000FF  srgba(50,0,0,1)
7,1: (14649,14649,4369,65535)  #393911FF  srgba(57,57,17,1)
8,1: (15420,0,0,65535)  #3C0000FF  srgba(60,0,0,1)
9,1: (15420,0,0,65535)  #3C0000FF  srgba(60,0,0,1)
10,1: (15420,18504,0,65535)  #3C4800FF  srgba(60,72,0,1)
11,1: (15420,36494,0,65535)  #3C8E00FF  srgba(60,142,0,1)
12,1: (16448,52428,0,65535)  #40CC00FF  srgba(64,204,0,1)
13,1: (16962,58853,17733,65535)  #42E545FF  srgba(66,229,69,1)
14,1: (16962,61423,0,65535)  #42EF00FF  srgba(66,239,0,1)
15,1: (17476,0,0,65535)  #440000FF  srgba(68,0,0,1)
0,2: (20046,0,0,65535)  #4E0000FF  srgba(78,0,0,1)
1,2: (21845,0,0,65535)  #550000FF  srgba(85,0,0,1)
2,2: (24415,48573,65278,65535)  #5FBDFEFF  srgba(95,189,254,1)
3,2: (24415,60138,65278,65535)  #5FEAFEFF  srgba(95,234,254,1)
4,2: (24415,63993,21588,65535)  #5FF954FF  srgba(95,249,84,1)
5,2: (24929,1028,6682,65535)  #61041AFF  srgba(97,4,26,1)
6,2: (25186,0,0,65535)  #620000FF  srgba(98,0,0,1)
7,2: (25957,18504,0,65535)  #654800FF  srgba(101,72,0,1)
8,2: (25957,36751,0,65535)  #658F00FF  srgba(101,143,0,1)
9,2: (26728,36237,0,65535)  #688D00FF  srgba(104,141,0,1)
10,2: (27499,771,0,65535)  #6B0300FF  srgba(107,3,0,1)
11,2: (27499,17990,0,65535)  #6B4600FF  srgba(107,70,0,1)
12,2: (27499,52685,0,65535)  #6BCD00FF  srgba(107,205,0,1)
13,2: (27756,0,0,65535)  #6C0000FF  srgba(108,0,0,1)
14,2: (27756,2827,0,65535)  #6C0B00FF  srgba(108,11,0,1)
15,2: (27756,62451,0,65535)  #6CF300FF  srgba(108,243,0,1)
0,3: (28527,34438,65278,65535)  #6F86FEFF  srgba(111,134,254,1)
1,3: (29041,0,0,65535)  #710000FF  srgba(113,0,0,1)
2,3: (29041,257,0,65535)  #710100FF  srgba(113,1,0,1)
3,3: (29041,19275,65278,65535)  #714BFEFF  srgba(113,75,254,1)
4,3: (29298,1028,23901,65535)  #72045DFF  srgba(114,4,93,1)
5,3: (29555,0,0,65535)  #730000FF  srgba(115,0,0,1)
6,3: (29555,65535,65278,65535)  #73FFFEFF  srgba(115,255,254,1)
7,3: (29812,0,0,65535)  #740000FF  srgba(116,0,0,1)
8,3: (29812,12336,20817,65535)  #743051FF  srgba(116,48,81,1)
9,3: (30583,0,0,65535)  #770000FF  srgba(119,0,0,1)
10,3: (30840,0,0,65535)  #780000FF  srgba(120,0,0,1)
11,3: (31097,4883,65535,65535)  #7913FFFF  srgba(121,19,255,1)
12,3: (31097,65278,65278,65535)  #79FEFEFF  srgba(121,254,254,1)
13,3: (31611,3598,52428,65535)  #7B0ECCFF  srgba(123,14,204,1)
14,3: (31868,257,0,65535)  #7C0100FF  srgba(124,1,0,1)
15,3: (32125,771,8738,65535)  #7D0322FF  srgba(125,3,34,1)
0,4: (32382,257,0,65535)  #7E0100FF  srgba(126,1,0,1)
1,4: (32382,63222,4369,65535)  #7EF611FF  srgba(126,246,17,1)
2,4: (32896,257,0,65535)  #800100FF  srgba(128,1,0,1)
3,4: (32896,257,0,65535)  #800100FF  srgba(128,1,0,1)
4,4: (32896,257,0,65535)  #800100FF  srgba(128,1,0,1)
5,4: (33153,64250,5911,65535)  #81FA17FF  srgba(129,250,23,1)
6,4: (33924,65535,36237,65535)  #84FF8DFF  srgba(132,255,141,1)
7,4: (34952,58082,0,65535)  #88E200FF  srgba(136,226,0,1)
8,4: (35723,65535,65278,65535)  #8BFFFEFF  srgba(139,255,254,1)
9,4: (35980,257,0,65535)  #8C0100FF  srgba(140,1,0,1)
10,4: (35980,58853,65278,65535)  #8CE5FEFF  srgba(140,229,254,1)
11,4: (36237,514,0,65535)  #8D0200FF  srgba(141,2,0,1)
12,4: (36237,41120,0,65535)  #8DA000FF  srgba(141,160,0,1)
13,4: (36494,46774,65278,65535)  #8EB6FEFF  srgba(142,182,254,1)
14,4: (36751,771,0,65535)  #8F0300FF  srgba(143,3,0,1)
15,4: (36751,21588,0,65535)  #8F5400FF  srgba(143,84,0,1)
0,5: (36751,31868,0,65535)  #8F7C00FF  srgba(143,124,0,1)
1,5: (36751,64250,19018,65535)  #8FFA4AFF  srgba(143,250,74,1)
2,5: (36751,65021,22873,65535)  #8FFD59FF  srgba(143,253,89,1)
3,5: (36751,65278,40092,65535)  #8FFE9CFF  srgba(143,254,156,1)
4,5: (37265,12336,0,65535)  #913000FF  srgba(145,48,0,1)
5,5: (37522,65535,54741,65535)  #92FFD5FF  srgba(146,255,213,1)
6,5: (37779,4369,58853,65535)  #9311E5FF  srgba(147,17,229,1)
7,5: (38550,1799,0,65535)  #960700FF  srgba(150,7,0,1)
8,5: (39835,35466,0,65535)  #9B8A00FF  srgba(155,138,0,1)
9,5: (40349,53456,0,65535)  #9DD000FF  srgba(157,208,0,1)
10,5: (40349,63736,0,65535)  #9DF800FF  srgba(157,248,0,1)
11,5: (40606,1542,11822,65535)  #9E062EFF  srgba(158,6,46,1)
12,5: (40606,16962,0,65535)  #9E4200FF  srgba(158,66,0,1)
13,5: (40606,33153,65278,65535)  #9E81FEFF  srgba(158,129,254,1)
14,5: (40606,44204,18247,65535)  #9EAC47FF  srgba(158,172,71,1)
15,5: (40863,3084,38807,65535)  #9F0C97FF  srgba(159,12,151,1)
0,6: (40863,17476,65535,65535)  #9F44FFFF  srgba(159,68,255,1)
1,6: (41377,11822,3855,65535)  #A12E0FFF  srgba(161,46,15,1)
2,6: (41634,2056,24158,65535)  #A2085EFF  srgba(162,8,94,1)
3,6: (41634,5397,65535,65535)  #A215FFFF  srgba(162,21,255,1)
4,6: (41634,63736,0,65535)  #A2F800FF  srgba(162,248,0,1)
5,6: (41634,64507,5397,65535)  #A2FB15FF  srgba(162,251,21,1)
6,6: (41891,52942,0,65535)  #A3CE00FF  srgba(163,206,0,1)
7,6: (42148,31611,3855,65535)  #A47B0FFF  srgba(164,123,15,1)
8,6: (42919,65278,65278,65535)  #A7FEFEFF  srgba(167,254,254,1)
9,6: (43176,1285,0,65535)  #A80500FF  srgba(168,5,0,1)
10,6: (43433,65535,65278,65535)  #A9FFFEFF  srgba(169,255,254,1)
11,6: (43947,65278,61680,65535)  #ABFEF0FF  srgba(171,254,240,1)
12,6: (43947,65535,27756,65535)  #ABFF6CFF  srgba(171,255,108,1)
13,6: (44975,48059,48316,65535)  #AFBBBCFF  srgba(175,187,188,1)
14,6: (46774,36237,0,65535)  #B68D00FF  srgba(182,141,0,1)
15,6: (47031,17990,0,65535)  #B74600FF  srgba(183,70,0,1)
0,7: (47288,47802,65278,65535)  #B8BAFEFF  srgba(184,186,254,1)
1,7: (47802,1799,0,65535)  #BA0700FF  srgba(186,7,0,1)
2,7: (48059,53970,0,65535)  #BBD200FF  srgba(187,210,0,1)
3,7: (48316,64250,0,65535)  #BCFA00FF  srgba(188,250,0,1)
4,7: (48573,5140,56540,65535)  #BD14DCFF  srgba(189,20,220,1)
5,7: (49087,65278,20817,65535)  #BFFE51FF  srgba(191,254,81,1)
6,7: (49344,65021,5140,65535)  #C0FD14FF  srgba(192,253,20,1)
7,7: (50372,65278,65278,65535)  #C4FEFEFF  srgba(196,254,254,1)
8,7: (50372,65535,18247,65535)  #C4FF47FF  srgba(196,255,71,1)
9,7: (50372,65535,33667,65535)  #C4FF83FF  srgba(196,255,131,1)
10,7: (51143,60138,65278,65535)  #C7EAFEFF  srgba(199,234,254,1)
11,7: (51143,65535,61166,65535)  #C7FFEEFF  srgba(199,255,238,1)
12,7: (52428,1799,0,65535)  #CC0700FF  srgba(204,7,0,1)
13,7: (52428,6425,65535,65535)  #CC19FFFF  srgba(204,25,255,1)
14,7: (53199,65535,65278,65535)  #CFFFFEFF  srgba(207,255,254,1)
15,7: (53456,34181,65278,65535)  #D085FEFF  srgba(208,133,254,1)
0,8: (53970,2827,0,65535)  #D20B00FF  srgba(210,11,0,1)
1,8: (54484,4112,39064,65535)  #D41098FF  srgba(212,16,152,1)
2,8: (54741,23901,65278,65535)  #D55DFEFF  srgba(213,93,254,1)
3,8: (54998,65535,64507,65535)  #D6FFFBFF  srgba(214,255,251,1)
4,8: (56540,13878,65278,65535)  #DC36FEFF  srgba(220,54,254,1)
5,8: (57054,3341,12593,65535)  #DE0D31FF  srgba(222,13,49,1)
6,8: (57568,3855,24929,65535)  #E00F61FF  srgba(224,15,97,1)
7,8: (58339,49601,0,65535)  #E3C100FF  srgba(227,193,0,1)
8,8: (58339,53713,0,65535)  #E3D100FF  srgba(227,209,0,1)
9,8: (58339,55255,514,65535)  #E3D702FF  srgba(227,215,2,1)
10,8: (58339,65278,2827,65535)  #E3FE0BFF  srgba(227,254,11,1)
11,8: (58596,31868,0,65535)  #E47C00FF  srgba(228,124,0,1)
12,8: (58853,14135,771,65535)  #E53703FF  srgba(229,55,3,1)
13,8: (58853,29041,0,65535)  #E57100FF  srgba(229,113,0,1)
14,8: (59110,65535,65278,65535)  #E6FFFEFF  srgba(230,255,254,1)
15,8: (59367,61166,0,65535)  #E7EE00FF  srgba(231,238,0,1)
0,9: (59624,28270,41634,65535)  #E86EA2FF  srgba(232,110,162,1)
1,9: (59624,64764,49858,65535)  #E8FCC2FF  srgba(232,252,194,1)
2,9: (59624,64764,64507,65535)  #E8FCFBFF  srgba(232,252,251,1)
3,9: (59624,65535,59881,65535)  #E8FFE9FF  srgba(232,255,233,1)
4,9: (59881,60395,58339,65535)  #E9EBE3FF  srgba(233,235,227,1)
5,9: (59881,65278,10023,65535)  #E9FE27FF  srgba(233,254,39,1)
6,9: (59881,65278,17476,65535)  #E9FE44FF  srgba(233,254,68,1)
7,9: (59881,65535,24158,65535)  #E9FF5EFF  srgba(233,255,94,1)
8,9: (59881,65535,34181,65535)  #E9FF85FF  srgba(233,255,133,1)
9,9: (59881,65535,47545,65535)  #E9FFB9FF  srgba(233,255,185,1)
10,9: (60138,2570,0,65535)  #EA0A00FF  srgba(234,10,0,1)
11,9: (60138,65278,65278,65535)  #EAFEFEFF  srgba(234,254,254,1)
12,9: (60138,65535,28527,65535)  #EAFF6FFF  srgba(234,255,111,1)
13,9: (60138,65535,59881,65535)  #EAFFE9FF  srgba(234,255,233,1)
14,9: (60652,50629,65278,65535)  #ECC5FEFF  srgba(236,197,254,1)
15,9: (60652,65535,47031,65535)  #ECFFB7FF  srgba(236,255,183,1)
0,10: (60652,65535,47545,65535)  #ECFFB9FF  srgba(236,255,185,1)
1,10: (60652,65535,58853,65535)  #ECFFE5FF  srgba(236,255,229,1)
2,10: (60909,65535,59110,65535)  #EDFFE6FF  srgba(237,255,230,1)
3,10: (61166,65535,57054,65535)  #EEFFDEFF  srgba(238,255,222,1)
4,10: (61423,63993,61937,65535)  #EFF9F1FF  srgba(239,249,241,1)
5,10: (61680,6425,60909,65535)  #F019EDFF  srgba(240,25,237,1)
6,10: (61680,59624,65278,65535)  #F0E8FEFF  srgba(240,232,254,1)
7,10: (61680,65535,62708,65535)  #F0FFF4FF  srgba(240,255,244,1)
8,10: (61937,65278,65278,65535)  #F1FEFEFF  srgba(241,254,254,1)
9,10: (61937,65535,62451,65535)  #F1FFF3FF  srgba(241,255,243,1)
10,10: (62194,5911,50115,65535)  #F217C3FF  srgba(242,23,195,1)
11,10: (62194,65535,48316,65535)  #F2FFBCFF  srgba(242,255,188,1)
12,10: (62451,65535,56797,65535)  #F3FFDDFF  srgba(243,255,221,1)
13,10: (62708,4369,771,65535)  #F41103FF  srgba(244,17,3,1)
14,10: (62965,65535,55769,65535)  #F5FFD9FF  srgba(245,255,217,1)
15,10: (62965,65535,64507,65535)  #F5FFFBFF  srgba(245,255,251,1)
0,11: (63479,7453,65535,65535)  #F71DFFFF  srgba(247,29,255,1)
1,11: (63736,65535,63222,65535)  #F8FFF6FF  srgba(248,255,246,1)
2,11: (63993,65535,63736,65535)  #F9FFF8FF  srgba(249,255,248,1)
3,11: (63993,65535,64250,65535)  #F9FFFAFF  srgba(249,255,250,1)
4,11: (64507,6168,37522,65535)  #FB1892FF  srgba(251,24,146,1)
5,11: (64507,65535,60395,65535)  #FBFFEBFF  srgba(251,255,235,1)
6,11: (64507,65535,64250,65535)  #FBFFFAFF  srgba(251,255,250,1)
7,11: (64507,65535,64764,65535)  #FBFFFCFF  srgba(251,255,252,1)
8,11: (64764,65278,64507,65535)  #FCFEFBFF  srgba(252,254,251,1)
9,11: (64764,65535,55512,65535)  #FCFFD8FF  srgba(252,255,216,1)
10,11: (65021,65278,61166,65535)  #FDFEEEFF  srgba(253,254,238,1)
11,11: (65021,65535,54741,65535)  #FDFFD5FF  srgba(253,255,213,1)
12,11: (65021,65535,55512,65535)  #FDFFD8FF  srgba(253,255,216,1)
13,11: (65021,65535,58596,65535)  #FDFFE4FF  srgba(253,255,228,1)
14,11: (65021,65535,59367,65535)  #FDFFE7FF  srgba(253,255,231,1)
15,11: (65278,5911,12850,65535)  #FE1732FF  srgba(254,23,50,1)
0,12: (65278,6168,24929,65535)  #FE1861FF  srgba(254,24,97,1)
1,12: (65278,11822,65278,65535)  #FE2EFEFF  srgba(254,46,254,1)
2,12: (65278,13621,42405,65535)  #FE35A5FF  srgba(254,53,165,1)
3,12: (65278,14906,0,65535)  #FE3A00FF  srgba(254,58,0,1)
4,12: (65278,19275,65278,65535)  #FE4BFEFF  srgba(254,75,254,1)
5,12: (65278,20303,0,65535)  #FE4F00FF  srgba(254,79,0,1)
6,12: (65278,21331,6939,65535)  #FE531BFF  srgba(254,83,27,1)
7,12: (65278,21845,514,65535)  #FE5502FF  srgba(254,85,2,1)
8,12: (65278,22102,2570,65535)  #FE560AFF  srgba(254,86,10,1)
9,12: (65278,25700,65278,65535)  #FE64FEFF  srgba(254,100,254,1)
10,12: (65278,31354,0,65535)  #FE7A00FF  srgba(254,122,0,1)
11,12: (65278,33153,65278,65535)  #FE81FEFF  srgba(254,129,254,1)
12,12: (65278,34181,0,65535)  #FE8500FF  srgba(254,133,0,1)
13,12: (65278,41891,65278,65535)  #FEA3FEFF  srgba(254,163,254,1)
14,12: (65278,43176,57311,65535)  #FEA8DFFF  srgba(254,168,223,1)
15,12: (65278,48316,0,65535)  #FEBC00FF  srgba(254,188,0,1)
0,13: (65278,51400,65278,65535)  #FEC8FEFF  srgba(254,200,254,1)
1,13: (65278,60138,0,65535)  #FEEA00FF  srgba(254,234,0,1)
2,13: (65278,61423,65278,65535)  #FEEFFEFF  srgba(254,239,254,1)
3,13: (65278,63222,4112,65535)  #FEF610FF  srgba(254,246,16,1)
4,13: (65278,64764,24672,65535)  #FEFC60FF  srgba(254,252,96,1)
5,13: (65278,65278,13878,65535)  #FEFE36FF  srgba(254,254,54,1)
6,13: (65278,65535,2827,65535)  #FEFF0BFF  srgba(254,255,11,1)
7,13: (65278,65535,4883,65535)  #FEFF13FF  srgba(254,255,19,1)
8,13: (65278,65535,7453,65535)  #FEFF1DFF  srgba(254,255,29,1)
9,13: (65278,65535,12593,65535)  #FEFF31FF  srgba(254,255,49,1)
10,13: (65278,65535,12593,65535)  #FEFF31FF  srgba(254,255,49,1)
11,13: (65278,65535,17219,65535)  #FEFF43FF  srgba(254,255,67,1)
12,13: (65278,65535,17476,65535)  #FEFF44FF  srgba(254,255,68,1)
13,13: (65278,65535,19789,65535)  #FEFF4DFF  srgba(254,255,77,1)
14,13: (65278,65535,21331,65535)  #FEFF53FF  srgba(254,255,83,1)
15,13: (65278,65535,25186,65535)  #FEFF62FF  srgba(254,255,98,1)
0,14: (65278,65535,31611,65535)  #FEFF7BFF  srgba(254,255,123,1)
1,14: (65278,65535,38036,65535)  #FEFF94FF  srgba(254,255,148,1)
2,14: (65278,65535,44461,65535)  #FEFFADFF  srgba(254,255,173,1)
3,14: (65278,65535,44718,65535)  #FEFFAEFF  srgba(254,255,174,1)
4,14: (65278,65535,45489,65535)  #FEFFB1FF  srgba(254,255,177,1)
5,14: (65278,65535,47545,65535)  #FEFFB9FF  srgba(254,255,185,1)
6,14: (65278,65535,54227,65535)  #FEFFD3FF  srgba(254,255,211,1)
7,14: (65278,65535,54998,65535)  #FEFFD6FF  srgba(254,255,214,1)
8,14: (65278,65535,57825,65535)  #FEFFE1FF  srgba(254,255,225,1)
9,14: (65278,65535,57825,65535)  #FEFFE1FF  srgba(254,255,225,1)
10,14: (65535,5397,2827,65535)  #FF150BFF  srgba(255,21,11,1)
11,14: (65535,5911,11051,65535)  #FF172BFF  srgba(255,23,43,1)
12,14: (65535,6168,18761,65535)  #FF1849FF  srgba(255,24,73,1)
13,14: (65535,6425,26214,65535)  #FF1966FF  srgba(255,25,102,1)
14,14: (65535,6425,33153,65535)  #FF1981FF  srgba(255,25,129,1)
15,14: (65535,6939,38293,65535)  #FF1B95FF  srgba(255,27,149,1)
0,15: (65535,6939,43176,65535)  #FF1BA8FF  srgba(255,27,168,1)
1,15: (65535,6939,44718,65535)  #FF1BAEFF  srgba(255,27,174,1)
2,15: (65535,7196,51400,65535)  #FF1CC8FF  srgba(255,28,200,1)
3,15: (65535,7196,52685,65535)  #FF1CCDFF  srgba(255,28,205,1)
4,15: (65535,7196,52942,65535)  #FF1CCEFF  srgba(255,28,206,1)
5,15: (65535,7710,60395,65535)  #FF1EEBFF  srgba(255,30,235,1)
6,15: (65535,7710,61166,65535)  #FF1EEEFF  srgba(255,30,238,1)
7,15: (65535,7710,65278,65535)  #FF1EFEFF  srgba(255,30,254,1)
8,15: (65535,8224,65535,65535)  #FF20FFFF  srgba(255,32,255,1)
9,15: (65535,8481,65535,65535)  #FF21FFFF  srgba(255,33,255,1)
10,15: (65535,8738,65535,65535)  #FF22FFFF  srgba(255,34,255,1)
11,15: (65535,65535,54998,65535)  #FFFFD6FF  srgba(255,255,214,1)
12,15: (65535,65535,55512,65535)  #FFFFD8FF  srgba(255,255,216,1)
13,15: (65535,65535,58339,65535)  #FFFFE3FF  srgba(255,255,227,1)
14,15: (65535,65535,58853,65535)  #FFFFE5FF  srgba(255,255,229,1)
15,15: (0,65535,0,0)  #00FF0000  srgba(0,255,0,0)
