# ImageMagick pixel enumeration: 16,16,65535,srgba
0,0: (0,514,0,65535)  #000200FF  srgba(0,2,0,1)
1,0: (0,1542,45489,65535)  #0006B1FF  srgba(0,6,177,1)
2,0: (0,1799,59110,65535)  #0007E6FF  srgba(0,7,230,1)
3,0: (0,2056,32639,65535)  #00087FFF  srgba(0,8,127,1)
4,0: (0,2313,19789,65535)  #00094DFF  srgba(0,9,77,1)
5,0: (0,2570,514,65535)  #000A02FF  srgba(0,10,2,1)
6,0: (0,2570,65021,65535)  #000AFDFF  srgba(0,10,253,1)
7,0: (0,2827,0,65535)  #000B00FF  srgba(0,11,0,1)
8,0: (0,3084,0,65535)  #000C00FF  srgba(0,12,0,1)
9,0: (0,3855,0,65535)  #000F00FF  srgba(0,15,0,1)
10,0: (0,4626,3855,65535)  #00120FFF  srgba(0,18,15,1)
11,0: (0,5397,257,65535)  #001501FF  srgba(0,21,1,1)
12,0: (0,7196,0,65535)  #001C00FF  srgba(0,28,0,1)
13,0: (0,7710,0,65535)  #001E00FF  srgba(0,30,0,1)
14,0: (0,8224,257,65535)  #002001FF  srgba(0,32,1,1)
15,0: (0,8995,0,65535)  #002300FF  srgba(0,35,0,1)
0,1: (0,9509,0,65535)  #002500FF  srgba(0,37,0,1)
1,1: (0,10023,65278,65535)  #0027FEFF  srgba(0,39,254,1)
2,1: (0,11308,0,65535)  #002C00FF  srgba(0,44,0,1)
3,1: (0,11565,0,65535)  #002D00FF  srgba(0,45,0,1)
4,1: (0,11822,514,65535)  #002E02FF  srgba(0,46,2,1)
5,1: (0,13878,0,65535)  #003600FF  srgba(0,54,0,1)
6,1: (0,14649,0,65535)  #003900FF  srgba(0,57,0,1)
7,1: (0,14906,0,65535)  #003A00FF  srgba(0,58,0,1)
8,1: (0,16705,257,65535)  #004101FF  srgba(0,65,1,1)
9,1: (0,16962,0,65535)  #004200FF  srgba(0,66,0,1)
10,1: (0,17476,0,65535)  #004400FF  srgba(0,68,0,1)
11,1: (0,17990,0,65535)  #004600FF  srgba(0,70,0,1)
12,1: (0,21331,0,65535)  #005300FF  srgba(0,83,0,1)
13,1: (0,21588,0,65535)  #005400FF  srgba(0,84,0,1)
14,1: (0,22873,0,65535)  #005900FF  srgba(0,89,0,1)
15,1: (0,23644,257,65535)  #005C01FF  srgba(0,92,1,1)
0,2: (0,25443,0,65535)  #006300FF  srgba(0,99,0,1)
1,2: (0,27756,0,65535)  #006C00FF  srgba(0,108,0,1)
2,2: (0,29812,0,65535)  #007400FF  srgba(0,116,0,1)
3,2: (0,36751,0,65535)  #008F00FF  srgba(0,143,0,1)
4,2: (0,40863,0,65535)  #009F00FF  srgba(0,159,0,1)
5,2: (0,42148,0,65535)  #00A400FF  srgba(0,164,0,1)
6,2: (0,42919,0,65535)  #00A700FF  srgba(0,167,0,1)
7,2: (0,44718,0,65535)  #00AE00FF  srgba(0,174,0,1)
8,2: (0,44718,514,65535)  #00AE02FF  srgba(0,174,2,1)
9,2: (0,45232,0,65535)  #00B000FF  srgba(0,176,0,1)
10,2: (0,46003,257,65535)  #00B301FF  srgba(0,179,1,1)
11,2: (0,46517,771,65535)  #00B503FF  srgba(0,181,3,1)
12,2: (0,47031,0,65535)  #00B700FF  srgba(0,183,0,1)
13,2: (0,47288,0,65535)  #00B800FF  srgba(0,184,0,1)
14,2: (257,3855,0,65535)  #010F00FF  srgba(1,15,0,1)
15,2: (257,44461,257,65535)  #01AD01FF  srgba(1,173,1,1)
0,3: (257,45489,0,65535)  #01B100FF  srgba(1,177,0,1)
1,3: (514,4112,514,65535)  #021002FF  srgba(2,16,2,1)
2,3: (514,13621,514,65535)  #023502FF  srgba(2,53,2,1)
3,3: (771,22616,514,65535)  #035802FF  srgba(3,88,2,1)
4,3: (771,30326,257,65535)  #037601FF  srgba(3,118,1,1)
5,3: (1028,44718,514,65535)  #04AE02FF  srgba(4,174,2,1)
6,3: (1285,23130,0,65535)  #055A00FF  srgba(5,90,0,1)
7,3: (1542,28527,771,65535)  #066F03FF  srgba(6,111,3,1)
8,3: (1799,13621,257,65535)  #073501FF  srgba(7,53,1,1)
9,3: (1799,14906,0,65535)  #073A00FF  srgba(7,58,0,1)
10,3: (1799,22616,0,65535)  #075800FF  srgba(7,88,0,1)
11,3: (2056,34438,514,65535)  #088602FF  srgba(8,134,2,1)
12,3: (2313,4112,0,65535)  #091000FF  srgba(9,16,0,1)
13,3: (2570,514,0,65535)  #0A0200FF  srgba(10,2,0,1)
14,3: (2570,6425,0,65535)  #0A1900FF  srgba(10,25,0,1)
15,3: (3341,44461,0,65535)  #0DAD00FF  srgba(13,173,0,1)
0,4: (3598,2827,63222,65535)  #0E0BF6FF  srgba(14,11,246,1)
1,4: (3855,6939,65021,65535)  #0F1BFDFF  srgba(15,27,253,1)
2,4: (3855,12593,65278,65535)  #0F31FEFF  srgba(15,49,254,1)
3,4: (4112,3341,27242,65535)  #100D6AFF  srgba(16,13,106,1)
4,4: (4369,31868,2056,65535)  #117C08FF  srgba(17,124,8,1)
5,4: (4626,2313,46774,65535)  #1209B6FF  srgba(18,9,182,1)
6,4: (4626,45746,2056,65535)  #12B208FF  srgba(18,178,8,1)
7,4: (4883,1799,5911,65535)  #130717FF  srgba(19,7,23,1)
8,4: (5397,10537,5397,65535)  #152915FF  srgba(21,41,21,1)
9,4: (5397,42148,1028,65535)  #15A404FF  srgba(21,164,4,1)
10,4: (5654,38036,0,65535)  #169400FF  srgba(22,148,0,1)
11,4: (6682,3341,514,65535)  #1A0D02FF  srgba(26,13,2,1)
12,4: (6682,44975,257,65535)  #1AAF01FF  srgba(26,175,1,1)
13,4: (7453,14135,514,65535)  #1D3702FF  srgba(29,55,2,1)
14,4: (8481,4112,0,65535)  #211000FF  srgba(33,16,0,1)
15,4: (8738,6939,0,65535)  #221B00FF  srgba(34,27,0,1)
0,5: (8738,14649,0,65535)  #223900FF  srgba(34,57,0,1)
1,5: (8738,14649,0,65535)  #223900FF  srgba(34,57,0,1)
2,5: (8995,22873,257,65535)  #235901FF  srgba(35,89,1,1)
3,5: (9252,514,0,65535)  #240200FF  srgba(36,2,0,1)
4,5: (10537,23901,0,65535)  #295D00FF  srgba(41,93,0,1)
5,5: (12336,47802,1028,65535)  #30BA04FF  srgba(48,186,4,1)
6,5: (13621,45489,514,65535)  #35B102FF  srgba(53,177,2,1)
7,5: (14135,33410,0,65535)  #378200FF  srgba(55,130,0,1)
8,5: (14392,28013,0,65535)  #386D00FF  srgba(56,109,0,1)
9,5: (14392,40092,0,65535)  #389C00FF  srgba(56,156,0,1)
10,5: (14649,37522,4369,65535)  #399211FF  srgba(57,146,17,1)
11,5: (15420,14649,257,65535)  #3C3901FF  srgba(60,57,1,1)
12,5: (15420,16705,0,65535)  #3C4100FF  srgba(60,65,0,1)
13,5: (15420,45232,0,65535)  #3CB000FF  srgba(60,176,0,1)
14,5: (15677,10537,0,65535)  #3D2900FF  srgba(61,41,0,1)
15,5: (15677,51400,4883,65535)  #3DC813FF  srgba(61,200,19,1)
0,6: (15934,2313,0,65535)  #3E0900FF  srgba(62,9,0,1)
1,6: (15934,3084,257,65535)  #3E0C01FF  srgba(62,12,1,1)
2,6: (16448,31097,9252,65535)  #407924FF  srgba(64,121,36,1)
3,6: (16448,47545,0,65535)  #40B900FF  srgba(64,185,0,1)
4,6: (16705,23644,4626,65535)  #415C12FF  srgba(65,92,18,1)
5,6: (17219,24158,0,65535)  #435E00FF  srgba(67,94,0,1)
6,6: (17219,24415,58082,65535)  #435FE2FF  srgba(67,95,226,1)
7,6: (17476,56797,9252,65535)  #44DD24FF  srgba(68,221,36,1)
8,6: (17733,44204,13621,65535)  #45AC35FF  srgba(69,172,53,1)
9,6: (17990,8224,2313,65535)  #462009FF  srgba(70,32,9,1)
10,6: (17990,23387,514,65535)  #465B02FF  srgba(70,91,2,1)
11,6: (17990,27242,771,65535)  #466A03FF  srgba(70,106,3,1)
12,6: (18247,44204,18761,65535)  #47AC49FF  srgba(71,172,73,1)
13,6: (18504,6425,60395,65535)  #4819EBFF  srgba(72,25,235,1)
14,6: (18504,6682,65278,65535)  #481AFEFF  srgba(72,26,254,1)
15,6: (18504,8738,9766,65535)  #482226FF  srgba(72,34,38,1)
0,7: (18504,47288,2056,65535)  #48B808FF  srgba(72,184,8,1)
1,7: (18761,4883,0,65535)  #491300FF  srgba(73,19,0,1)
2,7: (18761,5397,47031,65535)  #4915B7FF  srgba(73,21,183,1)
3,7: (18761,6168,35209,65535)  #491889FF  srgba(73,24,137,1)
4,7: (18761,6682,22616,65535)  #491A58FF  srgba(73,26,88,1)
5,7: (18761,14906,65278,65535)  #493AFEFF  srgba(73,58,254,1)
6,7: (19018,4369,257,65535)  #4A1101FF  srgba(74,17,1,1)
7,7: (19018,22359,65278,65535)  #4A57FEFF  srgba(74,87,254,1)
8,7: (19018,29298,2056,65535)  #4A7208FF  srgba(74,114,8,1)
9,7: (19275,14135,257,65535)  #4B3701FF  srgba(75,55,1,1)
10,7: (19275,14649,0,65535)  #4B3900FF  srgba(75,57,0,1)
11,7: (19275,30326,257,65535)  #4B7601FF  srgba(75,118,1,1)
12,7: (19789,30840,514,65535)  #4D7802FF  srgba(77,120,2,1)
13,7: (20046,6425,0,65535)  #4E1900FF  srgba(78,25,0,1)
14,7: (20046,29812,0,65535)  #4E7400FF  srgba(78,116,0,1)
15,7: (20046,34438,0,65535)  #4E8600FF  srgba(78,134,0,1)
0,8: (20817,14392,257,65535)  #513801FF  srgba(81,56,1,1)
1,8: (20817,22873,257,65535)  #515901FF  srgba(81,89,1,1)
2,8: (21331,22102,0,65535)  #535600FF  srgba(83,86,0,1)
3,8: (21331,29555,0,65535)  #537300FF  srgba(83,115,0,1)
4,8: (22359,24415,0,65535)  #575F00FF  srgba(87,95,0,1)
5,8: (22616,15934,0,65535)  #583E00FF  srgba(88,62,0,1)
6,8: (23901,27756,0,65535)  #5D6C00FF  srgba(93,108,0,1)
7,8: (24158,12593,514,65535)  #5E3102FF  srgba(94,49,2,1)
8,8: (25186,7196,41891,65535)  #621CA3FF  srgba(98,28,163,1)
9,8: (25443,6939,59881,65535)  #631BE9FF  srgba(99,27,233,1)
10,8: (25443,11565,65278,65535)  #632DFEFF  srgba(99,45,254,1)
11,8: (25957,28527,0,65535)  #656F00FF  srgba(101,111,0,1)
12,8: (26471,30583,0,65535)  #677700FF  srgba(103,119,0,1)
13,8: (27242,10280,23644,65535)  #6A285CFF  srgba(106,40,92,1)
14,8: (27499,3084,0,65535)  #6B0C00FF  srgba(107,12,0,1)
15,8: (27499,10537,8224,65535)  #6B2920FF  srgba(107,41,32,1)
0,9: (27499,21331,65278,65535)  #6B53FEFF  srgba(107,83,254,1)
1,9: (28270,9509,2313,65535)  #6E2509FF  srgba(110,37,9,1)
2,9: (28270,25186,65278,65535)  #6E62FEFF  srgba(110,98,254,1)
3,9: (28784,27499,771,65535)  #706B03FF  srgba(112,107,3,1)
4,9: (29041,13878,65278,65535)  #7136FEFF  srgba(113,54,254,1)
5,9: (29041,29041,2827,65535)  #71710BFF  srgba(113,113,11,1)
6,9: (29298,9509,59367,65535)  #7225E7FF  srgba(114,37,231,1)
7,9: (29298,10537,41377,65535)  #7229A1FF  srgba(114,41,161,1)
8,9: (29555,32639,0,65535)  #737F00FF  srgba(115,127,0,1)
9,9: (30069,29298,0,65535)  #757200FF  srgba(117,114,0,1)
10,9: (30069,35466,771,65535)  #758A03FF  srgba(117,138,3,1)
11,9: (30326,27756,65278,65535)  #766CFEFF  srgba(118,108,254,1)
12,9: (31354,43690,0,65535)  #7AAA00FF  srgba(122,170,0,1)
13,9: (31611,35980,17733,65535)  #7B8C45FF  srgba(123,140,69,1)
14,9: (31611,37265,0,65535)  #7B9100FF  srgba(123,145,0,1)
15,9: (32896,11565,45489,65535)  #802DB1FF  srgba(128,45,177,1)
0,10: (33410,31354,6168,65535)  #827A18FF  srgba(130,122,24,1)
1,10: (34695,14649,64764,65535)  #8739FCFF  srgba(135,57,252,1)
2,10: (34952,30326,0,65535)  #887600FF  srgba(136,118,0,1)
3,10: (35209,57054,6425,65535)  #89DE19FF  srgba(137,222,25,1)
4,10: (35980,27499,10794,65535)  #8C6B2AFF  srgba(140,107,42,1)
5,10: (35980,50372,0,65535)  #8CC400FF  srgba(140,196,0,1)
6,10: (36237,62965,17733,65535)  #8DF545FF  srgba(141,245,69,1)
7,10: (36494,49087,1028,65535)  #8EBF04FF  srgba(142,191,4,1)
8,10: (36751,21588,61423,65535)  #8F54EFFF  srgba(143,84,239,1)
9,10: (38036,9766,514,65535)  #942602FF  srgba(148,38,2,1)
10,10: (38036,60652,11051,65535)  #94EC2BFF  srgba(148,236,43,1)
11,10: (38293,45489,2827,65535)  #95B10BFF  srgba(149,177,11,1)
12,10: (38550,53456,3084,65535)  #96D00CFF  srgba(150,208,12,1)
13,10: (39064,32382,2827,65535)  #987E0BFF  srgba(152,126,11,1)
14,10: (39064,52685,31611,65535)  #98CD7BFF  srgba(152,205,123,1)
15,10: (39321,46517,10794,65535)  #99B52AFF  srgba(153,181,42,1)
0,11: (39835,42405,0,65535)  #9BA500FF  srgba(155,165,0,1)
1,11: (40092,48573,5911,65535)  #9CBD17FF  srgba(156,189,23,1)
2,11: (40606,6168,0,65535)  #9E1800FF  srgba(158,24,0,1)
3,11: (40606,41377,0,65535)  #9EA100FF  srgba(158,161,0,1)
4,11: (43176,9766,9252,65535)  #A82624FF  srgba(168,38,36,1)
5,11: (43433,40349,1028,65535)  #A99D04FF  srgba(169,157,4,1)
6,11: (43947,27756,771,65535)  #AB6C03FF  srgba(171,108,3,1)
7,11: (44461,8224,2056,65535)  #AD2008FF  srgba(173,32,8,1)
8,11: (45489,51143,0,65535)  #B1C700FF  srgba(177,199,0,1)
9,11: (45746,25186,54227,65535)  #B262D3FF  srgba(178,98,211,1)
10,11: (46003,10537,41634,65535)  #B329A2FF  srgba(179,41,162,1)
11,11: (47031,27756,0,65535)  #B76C00FF  srgba(183,108,0,1)
12,11: (48573,56283,6425,65535)  #BDDB19FF  srgba(189,219,25,1)
13,11: (48830,42919,0,65535)  #BEA700FF  srgba(190,167,0,1)
14,11: (50886,6682,0,65535)  #C61A00FF  srgba(198,26,0,1)
15,11: (51657,50115,1028,65535)  #C9C304FF  srgba(201,195,4,1)
0,12: (52428,50629,0,65535)  #CCC500FF  srgba(204,197,0,1)
1,12: (52685,53456,3084,65535)  #CDD00CFF  srgba(205,208,12,1)
2,12: (53199,33667,17219,65535)  #CF8343FF  srgba(207,131,67,1)
3,12: (55512,44461,0,65535)  #D8AD00FF  srgba(216,173,0,1)
4,12: (56283,50629,5911,65535)  #DBC517FF  srgba(219,197,23,1)
5,12: (56283,62194,17219,65535)  #DBF243FF  srgba(219,242,67,1)
6,12: (56540,59624,11051,65535)  #DCE82BFF  srgba(220,232,43,1)
7,12: (57568,46774,2827,65535)  #E0B60BFF  srgba(224,182,11,1)
8,12: (58082,56026,6168,65535)  #E2DA18FF  srgba(226,218,24,1)
9,12: (58339,3598,0,65535)  #E30E00FF  srgba(227,14,0,1)
10,12: (59110,5654,514,65535)  #E61602FF  srgba(230,22,2,1)
11,12: (59110,12079,0,65535)  #E62F00FF  srgba(230,47,0,1)
12,12: (59624,26728,0,65535)  #E86800FF  srgba(232,104,0,1)
13,12: (60395,53456,3084,65535)  #EBD00CFF  srgba(235,208,12,1)
14,12: (60652,13364,12336,65535)  #EC3430FF  srgba(236,52,48,1)
15,12: (60652,46003,0,65535)  #ECB300FF  srgba(236,179,0,1)
0,13: (60909,26471,0,65535)  #ED6700FF  srgba(237,103,0,1)
1,13: (61166,29555,771,65535)  #EE7303FF  srgba(238,115,3,1)
2,13: (61166,30069,6168,65535)  #EE7518FF  srgba(238,117,24,1)
3,13: (61166,40863,10794,65535)  #EE9F2AFF  srgba(238,159,42,1)
4,13: (61166,51143,0,65535)  #EEC700FF  srgba(238,199,0,1)
5,13: (61423,51400,1028,65535)  #EFC804FF  srgba(239,200,4,1)
6,13: (61937,38807,0,65535)  #F19700FF  srgba(241,151,0,1)
7,13: (62194,28527,2827,65535)  #F26F0BFF  srgba(242,111,11,1)
8,13: (62194,51657,257,65535)  #F2C901FF  srgba(242,201,1,1)
9,13: (62451,14392,5140,65535)  #F33814FF  srgba(243,56,20,1)
10,13: (62708,6939,1542,65535)  #F41B06FF  srgba(244,27,6,1)
11,13: (62708,12850,3341,65535)  #F4320DFF  srgba(244,50,13,1)
12,13: (62708,21845,11051,65535)  #F4552BFF  srgba(244,85,43,1)
13,13: (63479,14649,514,65535)  #F73902FF  srgba(247,57,2,1)
14,13: (63736,6682,0,65535)  #F81A00FF  srgba(248,26,0,1)
15,13: (63736,14135,0,65535)  #F83700FF  srgba(248,55,0,1)
0,14: (63736,14392,1799,65535)  #F83807FF  srgba(248,56,7,1)
1,14: (63736,35980,44204,65535)  #F88CACFF  srgba(248,140,172,1)
2,14: (63993,26214,0,65535)  #F96600FF  srgba(249,102,0,1)
3,14: (64507,50886,0,65535)  #FBC600FF  srgba(251,198,0,1)
4,14: (64764,50886,0,65535)  #FCC600FF  srgba(252,198,0,1)
5,14: (65021,7967,514,65535)  #FD1F02FF  srgba(253,31,2,1)
6,14: (65021,27499,0,65535)  #FD6B00FF  srgba(253,107,0,1)
7,14: (65021,42662,0,65535)  #FDA600FF  srgba(253,166,0,1)
8,14: (65021,44461,0,65535)  #FDAD00FF  srgba(253,173,0,1)
9,14: (65021,47031,0,65535)  #FDB700FF  srgba(253,183,0,1)
10,14: (65021,49344,0,65535)  #FDC000FF  srgba(253,192,0,1)
11,14: (65021,50372,0,65535)  #FDC400FF  srgba(253,196,0,1)
12,14: (65021,51657,0,65535)  #FDC900FF  srgba(253,201,0,1)
13,14: (65021,52942,0,65535)  #FDCE00FF  srgba(253,206,0,1)
14,14: (65278,7710,0,65535)  #FE1E00FF  srgba(254,30,0,1)
15,14: (65278,14906,0,65535)  #FE3A00FF  srgba(254,58,0,1)
0,15: (65278,24158,0,65535)  #FE5E00FF  srgba(254,94,0,1)
1,15: (65278,24415,771,65535)  #FE5F03FF  srgba(254,95,3,1)
2,15: (65278,25186,0,65535)  #FE6200FF  srgba(254,98,0,1)
3,15: (65278,29812,17990,65535)  #FE7446FF  srgba(254,116,70,1)
4,15: (65278,31868,0,65535)  #FE7C00FF  srgba(254,124,0,1)
5,15: (65278,34695,771,65535)  #FE8703FF  srgba(254,135,3,1)
6,15: (65278,42405,0,65535)  #FEA500FF  srgba(254,165,0,1)
7,15: (65278,47031,0,65535)  #FEB700FF  srgba(254,183,0,1)
8,15: (65278,47545,0,65535)  #FEB900FF  srgba(254,185,0,1)
9,15: (65278,50372,514,65535)  #FEC402FF  srgba(254,196,2,1)
10,15: (65278,50886,0,65535)  #FEC600FF  srgba(254,198,0,1)
11,15: (65278,51143,0,65535)  #FEC700FF  srgba(254,199,0,1)
12,15: (65278,51400,0,65535)  #FEC800FF  srgba(254,200,0,1)
13,15: (65535,7710,514,65535)  #FF1E02FF  srgba(255,30,2,1)
14,15: (65535,15934,514,65535)  #FF3E02FF  srgba(255,62,2,1)
15,15: (0,65535,0,0)  #00FF0000  srgba(0,255,0,0)
