# ImageMagick pixel enumeration: 16,16,65535,srgba
0,0: (0,0,0,65535)  #000000FF  black
1,0: (0,0,514,65535)  #000002FF  srgba(0,0,2,1)
2,0: (257,257,257,65535)  #010101FF  srgba(1,1,1,1)
3,0: (257,257,257,65535)  #010101FF  srgba(1,1,1,1)
4,0: (514,0,514,65535)  #020002FF  srgba(2,0,2,1)
5,0: (771,0,1028,65535)  #030004FF  srgba(3,0,4,1)
6,0: (1542,0,1799,65535)  #060007FF  srgba(6,0,7,1)
7,0: (2313,0,2056,65535)  #090008FF  srgba(9,0,8,1)
8,0: (2827,0,2827,65535)  #0B000BFF  srgba(11,0,11,1)
9,0: (3341,0,3855,65535)  #0D000FFF  srgba(13,0,15,1)
10,0: (4112,0,4369,65535)  #100011FF  srgba(16,0,17,1)
11,0: (4112,257,4112,65535)  #100110FF  srgba(16,1,16,1)
12,0: (4883,257,5397,65535)  #130115FF  srgba(19,1,21,1)
13,0: (5140,1799,5140,65535)  #140714FF  srgba(20,7,20,1)
14,0: (5397,0,4369,65535)  #150011FF  srgba(21,0,17,1)
15,0: (5397,257,5140,65535)  #150114FF  srgba(21,1,20,1)
0,1: (5397,257,5654,65535)  #150116FF  srgba(21,1,22,1)
1,1: (5397,771,5397,65535)  #150315FF  srgba(21,3,21,1)
2,1: (5397,1028,5397,65535)  #150415FF  srgba(21,4,21,1)
3,1: (5911,514,5654,65535)  #170216FF  srgba(23,2,22,1)
4,1: (6168,771,5911,65535)  #180317FF  srgba(24,3,23,1)
5,1: (6682,771,6682,65535)  #1A031AFF  srgba(26,3,26,1)
6,1: (6939,0,6168,65535)  #1B0018FF  srgba(27,0,24,1)
7,1: (6939,1028,6425,65535)  #1B0419FF  srgba(27,4,25,1)
8,1: (7196,1285,7196,65535)  #1C051CFF  srgba(28,5,28,1)
9,1: (7453,771,5397,65535)  #1D0315FF  srgba(29,3,21,1)
10,1: (7453,1028,7710,65535)  #1D041EFF  srgba(29,4,30,1)
11,1: (7710,2313,7967,65535)  #1E091FFF  srgba(30,9,31,1)
12,1: (7967,1542,8224,65535)  #1F0620FF  srgba(31,6,32,1)
13,1: (8738,0,8738,65535)  #220022FF  srgba(34,0,34,1)
14,1: (8738,1799,8738,65535)  #220722FF  srgba(34,7,34,1)
15,1: (9252,2056,8995,65535)  #240823FF  srgba(36,8,35,1)
0,2: (9509,2313,9509,65535)  #250925FF  srgba(37,9,37,1)
1,2: (10023,2570,9509,65535)  #270A25FF  srgba(39,10,37,1)
2,2: (10537,2313,10280,65535)  #290928FF  srgba(41,9,40,1)
3,2: (10537,5654,8995,65535)  #291623FF  srgba(41,22,35,1)
4,2: (11051,2827,10280,65535)  #2B0B28FF  srgba(43,11,40,1)
5,2: (11051,3084,10280,65535)  #2B0C28FF  srgba(43,12,40,1)
6,2: (11308,0,9252,65535)  #2C0024FF  srgba(44,0,36,1)
7,2: (11308,3598,10537,65535)  #2C0E29FF  srgba(44,14,41,1)
8,2: (11565,3855,10794,65535)  #2D0F2AFF  srgba(45,15,42,1)
9,2: (11822,3341,11308,65535)  #2E0D2CFF  srgba(46,13,44,1)
10,2: (11822,5654,10794,65535)  #2E162AFF  srgba(46,22,42,1)
11,2: (12079,3598,11565,65535)  #2F0E2DFF  srgba(47,14,45,1)
12,2: (12336,1542,10280,65535)  #300628FF  srgba(48,6,40,1)
13,2: (12593,6168,12593,65535)  #311831FF  srgba(49,24,49,1)
14,2: (12850,0,10023,65535)  #320027FF  srgba(50,0,39,1)
15,2: (12850,3341,12079,65535)  #320D2FFF  srgba(50,13,47,1)
0,3: (12850,4112,12336,65535)  #321030FF  srgba(50,16,48,1)
1,3: (12850,4369,12336,65535)  #321130FF  srgba(50,17,48,1)
2,3: (13364,3855,12593,65535)  #340F31FF  srgba(52,15,49,1)
3,3: (13878,0,13364,65535)  #360034FF  srgba(54,0,52,1)
4,3: (13878,4112,13107,65535)  #361033FF  srgba(54,16,51,1)
5,3: (14135,4626,13364,65535)  #371234FF  srgba(55,18,52,1)
6,3: (14649,4112,13364,65535)  #391034FF  srgba(57,16,52,1)
7,3: (14649,4626,14392,65535)  #391238FF  srgba(57,18,56,1)
8,3: (14906,0,10280,65535)  #3A0028FF  srgba(58,0,40,1)
9,3: (14906,4883,13621,65535)  #3A1335FF  srgba(58,19,53,1)
10,3: (14906,5654,13621,65535)  #3A1635FF  srgba(58,22,53,1)
11,3: (14906,8738,14906,65535)  #3A223AFF  srgba(58,34,58,1)
12,3: (15163,5140,13878,65535)  #3B1436FF  srgba(59,20,54,1)
13,3: (15163,7710,13364,65535)  #3B1E34FF  srgba(59,30,52,1)
14,3: (15420,4369,14649,65535)  #3C1139FF  srgba(60,17,57,1)
15,3: (15420,4626,13621,65535)  #3C1235FF  srgba(60,18,53,1)
0,4: (15677,2827,13364,65535)  #3D0B34FF  srgba(61,11,52,1)
1,4: (15677,4883,14392,65535)  #3D1338FF  srgba(61,19,56,1)
2,4: (15934,4883,14392,65535)  #3E1338FF  srgba(62,19,56,1)
3,4: (16448,0,14649,65535)  #400039FF  srgba(64,0,57,1)
4,4: (16448,5140,15163,65535)  #40143BFF  srgba(64,20,59,1)
5,4: (16448,5397,14649,65535)  #401539FF  srgba(64,21,57,1)
6,4: (16705,6425,15163,65535)  #41193BFF  srgba(65,25,59,1)
7,4: (16705,8995,16448,65535)  #412340FF  srgba(65,35,64,1)
8,4: (16962,3084,15163,65535)  #420C3BFF  srgba(66,12,59,1)
9,4: (16962,5911,15163,65535)  #42173BFF  srgba(66,23,59,1)
10,4: (16962,6168,15677,65535)  #42183DFF  srgba(66,24,61,1)
11,4: (17219,5911,16191,65535)  #43173FFF  srgba(67,23,63,1)
12,4: (17219,8224,15420,65535)  #43203CFF  srgba(67,32,60,1)
13,4: (17476,3598,20303,65535)  #440E4FFF  srgba(68,14,79,1)
14,4: (17733,5911,16191,65535)  #45173FFF  srgba(69,23,63,1)
15,4: (17733,6168,16705,65535)  #451841FF  srgba(69,24,65,1)
0,5: (17733,6939,16448,65535)  #451B40FF  srgba(69,27,64,1)
1,5: (17990,6682,16705,65535)  #461A41FF  srgba(70,26,65,1)
2,5: (17990,10537,20046,65535)  #46294EFF  srgba(70,41,78,1)
3,5: (18247,4883,18504,65535)  #471348FF  srgba(71,19,72,1)
4,5: (18247,5140,17990,65535)  #471446FF  srgba(71,20,70,1)
5,5: (18247,6168,17219,65535)  #471843FF  srgba(71,24,67,1)
6,5: (18247,6939,16448,65535)  #471B40FF  srgba(71,27,64,1)
7,5: (18247,7967,17219,65535)  #471F43FF  srgba(71,31,67,1)
8,5: (18247,8481,17990,65535)  #472146FF  srgba(71,33,70,1)
9,5: (18247,10023,18504,65535)  #472748FF  srgba(71,39,72,1)
10,5: (18504,0,15934,65535)  #48003EFF  srgba(72,0,62,1)
11,5: (18504,5911,16962,65535)  #481742FF  srgba(72,23,66,1)
12,5: (18504,6682,17219,65535)  #481A43FF  srgba(72,26,67,1)
13,5: (18761,6682,17733,65535)  #491A45FF  srgba(73,26,69,1)
14,5: (19275,6425,17476,65535)  #4B1944FF  srgba(75,25,68,1)
15,5: (19275,6682,17219,65535)  #4B1A43FF  srgba(75,26,67,1)
0,6: (19275,6682,17733,65535)  #4B1A45FF  srgba(75,26,69,1)
1,6: (19532,5654,16962,65535)  #4C1642FF  srgba(76,22,66,1)
2,6: (19532,6939,17990,65535)  #4C1B46FF  srgba(76,27,70,1)
3,6: (19532,8224,17476,65535)  #4C2044FF  srgba(76,32,68,1)
4,6: (19789,8224,18247,65535)  #4D2047FF  srgba(77,32,71,1)
5,6: (20046,3598,15420,65535)  #4E0E3CFF  srgba(78,14,60,1)
6,6: (20046,5397,18504,65535)  #4E1548FF  srgba(78,21,72,1)
7,6: (20046,7196,18504,65535)  #4E1C48FF  srgba(78,28,72,1)
8,6: (20046,7453,18504,65535)  #4E1D48FF  srgba(78,29,72,1)
9,6: (20046,7710,18761,65535)  #4E1E49FF  srgba(78,30,73,1)
10,6: (20303,6939,18761,65535)  #4F1B49FF  srgba(79,27,73,1)
11,6: (20303,7710,18761,65535)  #4F1E49FF  srgba(79,30,73,1)
12,6: (20560,7967,18761,65535)  #501F49FF  srgba(80,31,73,1)
13,6: (20817,3598,20560,65535)  #510E50FF  srgba(81,14,80,1)
14,6: (20817,6682,19789,65535)  #511A4DFF  srgba(81,26,77,1)
15,6: (20817,7453,19532,65535)  #511D4CFF  srgba(81,29,76,1)
0,7: (20817,14135,20817,65535)  #513751FF  srgba(81,55,81,1)
1,7: (21074,7196,19532,65535)  #521C4CFF  srgba(82,28,76,1)
2,7: (21074,8224,19532,65535)  #52204CFF  srgba(82,32,76,1)
3,7: (21588,7710,19789,65535)  #541E4DFF  srgba(84,30,77,1)
4,7: (21588,7967,19789,65535)  #541F4DFF  srgba(84,31,77,1)
5,7: (21588,8481,20046,65535)  #54214EFF  srgba(84,33,78,1)
6,7: (21588,9766,20303,65535)  #54264FFF  srgba(84,38,79,1)
7,7: (21845,8995,20303,65535)  #55234FFF  srgba(85,35,79,1)
8,7: (22616,7196,19532,65535)  #581C4CFF  srgba(88,28,76,1)
9,7: (22873,8481,20560,65535)  #592150FF  srgba(89,33,80,1)
10,7: (22873,8738,20817,65535)  #592251FF  srgba(89,34,81,1)
11,7: (22873,8738,20817,65535)  #592251FF  srgba(89,34,81,1)
12,7: (22873,8995,21588,65535)  #592354FF  srgba(89,35,84,1)
13,7: (23130,8224,21588,65535)  #5A2054FF  srgba(90,32,84,1)
14,7: (23387,9509,21074,65535)  #5B2552FF  srgba(91,37,82,1)
15,7: (23387,9509,21588,65535)  #5B2554FF  srgba(91,37,84,1)
0,8: (23387,9766,22359,65535)  #5B2657FF  srgba(91,38,87,1)
1,8: (23387,11308,22359,65535)  #5B2C57FF  srgba(91,44,87,1)
2,8: (23644,9509,22102,65535)  #5C2556FF  srgba(92,37,86,1)
3,8: (24158,8995,22102,65535)  #5E2356FF  srgba(94,35,86,1)
4,8: (24158,10280,22616,65535)  #5E2858FF  srgba(94,40,88,1)
5,8: (24415,7967,23901,65535)  #5F1F5DFF  srgba(95,31,93,1)
6,8: (24415,9509,22616,65535)  #5F2558FF  srgba(95,37,88,1)
7,8: (24415,9509,23130,65535)  #5F255AFF  srgba(95,37,90,1)
8,8: (24929,0,17476,65535)  #610044FF  srgba(97,0,68,1)
9,8: (24929,5397,29041,65535)  #611571FF  srgba(97,21,113,1)
10,8: (24929,10023,23387,65535)  #61275BFF  srgba(97,39,91,1)
11,8: (24929,10537,22873,65535)  #612959FF  srgba(97,41,89,1)
12,8: (25186,9509,22616,65535)  #622558FF  srgba(98,37,88,1)
13,8: (25186,9766,23901,65535)  #62265DFF  srgba(98,38,93,1)
14,8: (25186,17733,25443,65535)  #624563FF  srgba(98,69,99,1)
15,8: (25443,8481,22359,65535)  #632157FF  srgba(99,33,87,1)
0,9: (25443,10537,23644,65535)  #63295CFF  srgba(99,41,92,1)
1,9: (25700,8995,26214,65535)  #642366FF  srgba(100,35,102,1)
2,9: (25700,10023,23901,65535)  #64275DFF  srgba(100,39,93,1)
3,9: (25700,11308,22873,65535)  #642C59FF  srgba(100,44,89,1)
4,9: (25957,10280,24158,65535)  #65285EFF  srgba(101,40,94,1)
5,9: (25957,10794,24158,65535)  #652A5EFF  srgba(101,42,94,1)
6,9: (26471,10537,24929,65535)  #672961FF  srgba(103,41,97,1)
7,9: (26471,11051,24672,65535)  #672B60FF  srgba(103,43,96,1)
8,9: (26471,21074,26471,65535)  #675267FF  srgba(103,82,103,1)
9,9: (26728,10794,25700,65535)  #682A64FF  srgba(104,42,100,1)
10,9: (26728,11051,25443,65535)  #682B63FF  srgba(104,43,99,1)
11,9: (26985,0,24929,65535)  #690061FF  srgba(105,0,97,1)
12,9: (27242,6425,21588,65535)  #6A1954FF  srgba(106,25,84,1)
13,9: (27499,11308,25700,65535)  #6B2C64FF  srgba(107,44,100,1)
14,9: (27499,12593,25957,65535)  #6B3165FF  srgba(107,49,101,1)
15,9: (27756,12079,26214,65535)  #6C2F66FF  srgba(108,47,102,1)
0,10: (27756,15677,26985,65535)  #6C3D69FF  srgba(108,61,105,1)
1,10: (28270,11822,26214,65535)  #6E2E66FF  srgba(110,46,102,1)
2,10: (28527,12593,26214,65535)  #6F3166FF  srgba(111,49,102,1)
3,10: (28784,7453,30326,65535)  #701D76FF  srgba(112,29,118,1)
4,10: (28784,11822,26728,65535)  #702E68FF  srgba(112,46,104,1)
5,10: (29041,11051,25957,65535)  #712B65FF  srgba(113,43,101,1)
6,10: (29041,12079,27242,65535)  #712F6AFF  srgba(113,47,106,1)
7,10: (29041,12593,26985,65535)  #713169FF  srgba(113,49,105,1)
8,10: (29041,12850,27499,65535)  #71326BFF  srgba(113,50,107,1)
9,10: (29298,11822,28013,65535)  #722E6DFF  srgba(114,46,109,1)
10,10: (29298,12593,26471,65535)  #723167FF  srgba(114,49,103,1)
11,10: (29812,12593,27756,65535)  #74316CFF  srgba(116,49,108,1)
12,10: (30069,11822,27756,65535)  #752E6CFF  srgba(117,46,108,1)
13,10: (30583,13107,28013,65535)  #77336DFF  srgba(119,51,109,1)
14,10: (30583,17476,29041,65535)  #774471FF  srgba(119,68,113,1)
15,10: (30583,22873,29555,65535)  #775973FF  srgba(119,89,115,1)
0,11: (31354,6168,32382,65535)  #7A187EFF  srgba(122,24,126,1)
1,11: (31354,10537,28527,65535)  #7A296FFF  srgba(122,41,111,1)
2,11: (31354,13621,29041,65535)  #7A3571FF  srgba(122,53,113,1)
3,11: (32125,15677,29812,65535)  #7D3D74FF  srgba(125,61,116,1)
4,11: (32382,14135,30326,65535)  #7E3776FF  srgba(126,55,118,1)
5,11: (33667,14649,31097,65535)  #833979FF  srgba(131,57,121,1)
6,11: (33667,15677,31097,65535)  #833D79FF  srgba(131,61,121,1)
7,11: (34438,14906,31868,65535)  #863A7CFF  srgba(134,58,124,1)
8,11: (34952,19275,31868,65535)  #884B7CFF  srgba(136,75,124,1)
9,11: (35209,15934,32382,65535)  #893E7EFF  srgba(137,62,126,1)
10,11: (35466,14906,32896,65535)  #8A3A80FF  srgba(138,58,128,1)
11,11: (35466,16705,32639,65535)  #8A417FFF  srgba(138,65,127,1)
12,11: (35980,5397,37008,65535)  #8C1590FF  srgba(140,21,144,1)
13,11: (36237,0,26985,65535)  #8D0069FF  srgba(141,0,105,1)
14,11: (36237,6425,32896,65535)  #8D1980FF  srgba(141,25,128,1)
15,11: (36494,26728,35723,65535)  #8E688BFF  srgba(142,104,139,1)
0,12: (37008,16705,34438,65535)  #904186FF  srgba(144,65,134,1)
1,12: (37779,20046,35466,65535)  #934E8AFF  srgba(147,78,138,1)
2,12: (38293,17733,35466,65535)  #95458AFF  srgba(149,69,138,1)
3,12: (38293,18504,35723,65535)  #95488BFF  srgba(149,72,139,1)
4,12: (38550,5911,41377,65535)  #9617A1FF  srgba(150,23,161,1)
5,12: (40092,18247,37265,65535)  #9C4791FF  srgba(156,71,145,1)
6,12: (40349,18761,37265,65535)  #9D4991FF  srgba(157,73,145,1)
7,12: (40349,20817,37265,65535)  #9D5191FF  srgba(157,81,145,1)
8,12: (41634,20046,38550,65535)  #A24E96FF  srgba(162,78,150,1)
9,12: (42662,0,37779,65535)  #A60093FF  srgba(166,0,147,1)
10,12: (42662,20817,39321,65535)  #A65199FF  srgba(166,81,153,1)
11,12: (43176,13878,39835,65535)  #A8369BFF  srgba(168,54,155,1)
12,12: (44204,20046,39835,65535)  #AC4E9BFF  srgba(172,78,155,1)
13,12: (44461,6168,41120,65535)  #AD18A0FF  srgba(173,24,160,1)
14,12: (44718,23130,39835,65535)  #AE5A9BFF  srgba(174,90,155,1)
15,12: (44975,21074,41891,65535)  #AF52A3FF  srgba(175,82,163,1)
0,13: (44975,25443,42148,65535)  #AF63A4FF  srgba(175,99,164,1)
1,13: (47545,25186,44718,65535)  #B962AEFF  srgba(185,98,174,1)
2,13: (49858,5911,43433,65535)  #C217A9FF  srgba(194,23,169,1)
3,13: (50629,41634,48059,65535)  #C5A2BBFF  srgba(197,162,187,1)
4,13: (51657,6168,49087,65535)  #C918BFFF  srgba(201,24,191,1)
5,13: (51657,21331,47031,65535)  #C953B7FF  srgba(201,83,183,1)
6,13: (52428,29812,48059,65535)  #CC74BBFF  srgba(204,116,187,1)
7,13: (58082,20046,50886,65535)  #E24EC6FF  srgba(226,78,198,1)
8,13: (58082,30069,51914,65535)  #E275CAFF  srgba(226,117,202,1)
9,13: (58596,43433,56797,65535)  #E4A9DDFF  srgba(228,169,221,1)
10,13: (59624,8481,53970,65535)  #E821D2FF  srgba(232,33,210,1)
11,13: (60138,13878,54741,65535)  #EA36D5FF  srgba(234,54,213,1)
12,13: (60395,51400,59624,65535)  #EBC8E8FF  srgba(235,200,232,1)
13,13: (60652,23130,58082,65535)  #EC5AE2FF  srgba(236,90,226,1)
14,13: (62194,57825,62194,65535)  #F2E1F2FF  srgba(242,225,242,1)
15,13: (62708,33410,61680,65535)  #F482F0FF  srgba(244,130,240,1)
0,14: (63479,23387,61423,65535)  #F75BEFFF  srgba(247,91,239,1)
1,14: (63993,43433,62708,65535)  #F9A9F4FF  srgba(249,169,244,1)
2,14: (64250,54998,63479,65535)  #FAD6F7FF  srgba(250,214,247,1)
3,14: (64507,43176,64764,65535)  #FBA8FCFF  srgba(251,168,252,1)
4,14: (64507,57054,64507,65535)  #FBDEFBFF  srgba(251,222,251,1)
5,14: (64507,64507,64764,65535)  #FBFBFCFF  srgba(251,251,252,1)
6,14: (64764,35723,64250,65535)  #FC8BFAFF  srgba(252,139,250,1)
7,14: (64764,64507,63993,65535)  #FCFBF9FF  srgba(252,251,249,1)
8,14: (64764,64764,65021,65535)  #FCFCFDFF  srgba(252,252,253,1)
9,14: (65021,21074,60909,65535)  #FD52EDFF  srgba(253,82,237,1)
10,14: (65021,27756,64250,65535)  #FD6CFAFF  srgba(253,108,250,1)
11,14: (65021,30840,65021,65535)  #FD78FDFF  srgba(253,120,253,1)
12,14: (65021,32125,61423,65535)  #FD7DEFFF  srgba(253,125,239,1)
13,14: (65021,36494,65021,65535)  #FD8EFDFF  srgba(253,142,253,1)
14,14: (65021,45489,65021,65535)  #FDB1FDFF  srgba(253,177,253,1)
15,14: (65021,52685,65021,65535)  #FDCDFDFF  srgba(253,205,253,1)
0,15: (65021,53456,65021,65535)  #FDD0FDFF  srgba(253,208,253,1)
1,15: (65278,27756,65535,65535)  #FE6CFFFF  srgba(254,108,255,1)
2,15: (65278,33410,65535,65535)  #FE82FFFF  srgba(254,130,255,1)
3,15: (65278,36494,65535,65535)  #FE8EFFFF  srgba(254,142,255,1)
4,15: (65278,40606,65278,65535)  #FE9EFEFF  srgba(254,158,254,1)
5,15: (65278,41377,65021,65535)  #FEA1FDFF  srgba(254,161,253,1)
6,15: (65278,41891,64507,65535)  #FEA3FBFF  srgba(254,163,251,1)
7,15: (65278,44461,65278,65535)  #FEADFEFF  srgba(254,173,254,1)
8,15: (65278,50372,65278,65535)  #FEC4FEFF  srgba(254,196,254,1)
9,15: (65278,51657,63993,65535)  #FEC9F9FF  srgba(254,201,249,1)
10,15: (65278,56283,65278,65535)  #FEDBFEFF  srgba(254,219,254,1)
11,15: (65278,60909,65278,65535)  #FEEDFEFF  srgba(254,237,254,1)
12,15: (65278,62708,65021,65535)  #FEF4FDFF  srgba(254,244,253,1)
13,15: (65278,64250,64764,65535)  #FEFAFCFF  srgba(254,250,252,1)
14,15: (65278,64507,65278,65535)  #FEFBFEFF  srgba(254,251,254,1)
15,15: (0,65535,0,0)  #00FF0000  srgba(0,255,0,0)
