# ImageMagick pixel enumeration: 16,16,65535,srgba
0,0: (0,0,0,65535)  #000000FF  black
1,0: (0,0,0,65535)  #000000FF  black
2,0: (0,0,1028,65535)  #000004FF  srgba(0,0,4,1)
3,0: (0,0,5140,65535)  #000014FF  srgba(0,0,20,1)
4,0: (0,0,7453,65535)  #00001DFF  srgba(0,0,29,1)
5,0: (0,0,7967,65535)  #00001FFF  srgba(0,0,31,1)
6,0: (0,0,10280,65535)  #000028FF  srgba(0,0,40,1)
7,0: (0,257,10023,65535)  #000127FF  srgba(0,1,39,1)
8,0: (0,257,12079,65535)  #00012FFF  srgba(0,1,47,1)
9,0: (0,257,13878,65535)  #000136FF  srgba(0,1,54,1)
10,0: (0,771,14649,65535)  #000339FF  srgba(0,3,57,1)
11,0: (0,771,16448,65535)  #000340FF  srgba(0,3,64,1)
12,0: (0,1028,17990,65535)  #000446FF  srgba(0,4,70,1)
13,0: (0,1542,19789,65535)  #00064DFF  srgba(0,6,77,1)
14,0: (0,1542,21331,65535)  #000653FF  srgba(0,6,83,1)
15,0: (0,1799,22873,65535)  #000759FF  srgba(0,7,89,1)
0,1: (0,2313,24672,65535)  #000960FF  srgba(0,9,96,1)
1,1: (0,3084,26471,65535)  #000C67FF  srgba(0,12,103,1)
2,1: (0,3084,28527,65535)  #000C6FFF  srgba(0,12,111,1)
3,1: (0,3341,30069,65535)  #000D75FF  srgba(0,13,117,1)
4,1: (0,3341,31611,65535)  #000D7BFF  srgba(0,13,123,1)
5,1: (0,3855,33924,65535)  #000F84FF  srgba(0,15,132,1)
6,1: (0,4112,36237,65535)  #00108DFF  srgba(0,16,141,1)
7,1: (0,4626,35980,65535)  #00128CFF  srgba(0,18,140,1)
8,1: (0,4626,37522,65535)  #001292FF  srgba(0,18,146,1)
9,1: (0,4626,38807,65535)  #001297FF  srgba(0,18,151,1)
10,1: (0,4626,40349,65535)  #00129DFF  srgba(0,18,157,1)
11,1: (0,4626,42148,65535)  #0012A4FF  srgba(0,18,164,1)
12,1: (257,0,4369,65535)  #010011FF  srgba(1,0,17,1)
13,1: (257,0,5140,65535)  #010014FF  srgba(1,0,20,1)
14,1: (257,514,14906,65535)  #01023AFF  srgba(1,2,58,1)
15,1: (257,1028,16962,65535)  #010442FF  srgba(1,4,66,1)
0,2: (257,1028,18247,65535)  #010447FF  srgba(1,4,71,1)
1,2: (257,1285,19789,65535)  #01054DFF  srgba(1,5,77,1)
2,2: (257,2056,22616,65535)  #010858FF  srgba(1,8,88,1)
3,2: (257,2570,28270,65535)  #010A6EFF  srgba(1,10,110,1)
4,2: (257,2827,24672,65535)  #010B60FF  srgba(1,11,96,1)
5,2: (257,3084,26728,65535)  #010C68FF  srgba(1,12,104,1)
6,2: (257,3341,29555,65535)  #010D73FF  srgba(1,13,115,1)
7,2: (257,4369,32896,65535)  #011180FF  srgba(1,17,128,1)
8,2: (257,4626,42405,65535)  #0112A5FF  srgba(1,18,165,1)
9,2: (257,4883,38550,65535)  #011396FF  srgba(1,19,150,1)
10,2: (257,5140,42148,65535)  #0114A4FF  srgba(1,20,164,1)
11,2: (257,5397,44461,65535)  #0115ADFF  srgba(1,21,173,1)
12,2: (257,5654,46260,65535)  #0116B4FF  srgba(1,22,180,1)
13,2: (514,0,1542,65535)  #020006FF  srgba(2,0,6,1)
14,2: (514,0,2827,65535)  #02000BFF  srgba(2,0,11,1)
15,2: (514,1542,20303,65535)  #02064FFF  srgba(2,6,79,1)
0,3: (514,2570,25957,65535)  #020A65FF  srgba(2,10,101,1)
1,3: (514,2570,26985,65535)  #020A69FF  srgba(2,10,105,1)
2,3: (514,3855,33153,65535)  #020F81FF  srgba(2,15,129,1)
3,3: (514,4112,37265,65535)  #021091FF  srgba(2,16,145,1)
4,3: (514,4369,39835,65535)  #02119BFF  srgba(2,17,155,1)
5,3: (771,514,13878,65535)  #030236FF  srgba(3,2,54,1)
6,3: (771,1799,22873,65535)  #030759FF  srgba(3,7,89,1)
7,3: (771,4112,39064,65535)  #031098FF  srgba(3,16,152,1)
8,3: (771,4369,38807,65535)  #031197FF  srgba(3,17,151,1)
9,3: (1028,0,0,65535)  #040000FF  srgba(4,0,0,1)
10,3: (1028,0,257,65535)  #040001FF  srgba(4,0,1,1)
11,3: (1028,1028,16962,65535)  #040442FF  srgba(4,4,66,1)
12,3: (1028,2313,24415,65535)  #04095FFF  srgba(4,9,95,1)
13,3: (1028,3084,29298,65535)  #040C72FF  srgba(4,12,114,1)
14,3: (1028,4112,35723,65535)  #04108BFF  srgba(4,16,139,1)
15,3: (1285,0,0,65535)  #050000FF  srgba(5,0,0,1)
0,4: (1285,0,0,65535)  #050000FF  srgba(5,0,0,1)
1,4: (1285,0,1542,65535)  #050006FF  srgba(5,0,6,1)
2,4: (1285,0,4369,65535)  #050011FF  srgba(5,0,17,1)
3,4: (1285,0,6682,65535)  #05001AFF  srgba(5,0,26,1)
4,4: (1285,0,8738,65535)  #050022FF  srgba(5,0,34,1)
5,4: (1285,0,11308,65535)  #05002CFF  srgba(5,0,44,1)
6,4: (1285,257,1799,65535)  #050107FF  srgba(5,1,7,1)
7,4: (1285,3084,26728,65535)  #050C68FF  srgba(5,12,104,1)
8,4: (1285,3855,33153,65535)  #050F81FF  srgba(5,15,129,1)
9,4: (1542,0,5140,65535)  #060014FF  srgba(6,0,20,1)
10,4: (1542,0,5140,65535)  #060014FF  srgba(6,0,20,1)
11,4: (1542,257,0,65535)  #060100FF  srgba(6,1,0,1)
12,4: (1542,257,8224,65535)  #060120FF  srgba(6,1,32,1)
13,4: (1542,514,11308,65535)  #06022CFF  srgba(6,2,44,1)
14,4: (1542,1542,20046,65535)  #06064EFF  srgba(6,6,78,1)
15,4: (1542,4626,37008,65535)  #061290FF  srgba(6,18,144,1)
0,5: (1799,514,257,65535)  #070201FF  srgba(7,2,1,1)
1,5: (2056,771,5397,65535)  #080315FF  srgba(8,3,21,1)
2,5: (2056,1028,257,65535)  #080401FF  srgba(8,4,1,1)
3,5: (2056,4626,41891,65535)  #0812A3FF  srgba(8,18,163,1)
4,5: (2313,771,14135,65535)  #090337FF  srgba(9,3,55,1)
5,5: (2313,1028,16962,65535)  #090442FF  srgba(9,4,66,1)
6,5: (2570,2056,22616,65535)  #0A0858FF  srgba(10,8,88,1)
7,5: (2570,3341,29041,65535)  #0A0D71FF  srgba(10,13,113,1)
8,5: (3084,1028,0,65535)  #0C0400FF  srgba(12,4,0,1)
9,5: (3084,1028,1799,65535)  #0C0407FF  srgba(12,4,7,1)
10,5: (3084,4626,35209,65535)  #0C1289FF  srgba(12,18,137,1)
11,5: (3341,1285,257,65535)  #0D0501FF  srgba(13,5,1,1)
12,5: (3598,1285,15677,65535)  #0E053DFF  srgba(14,5,61,1)
13,5: (3855,771,7967,65535)  #0F031FFF  srgba(15,3,31,1)
14,5: (3855,771,11051,65535)  #0F032BFF  srgba(15,3,43,1)
15,5: (3855,1028,4883,65535)  #0F0413FF  srgba(15,4,19,1)
0,6: (3855,1799,20046,65535)  #0F074EFF  srgba(15,7,78,1)
1,6: (3855,3084,23130,65535)  #0F0C5AFF  srgba(15,12,90,1)
2,6: (3855,3855,32896,65535)  #0F0F80FF  srgba(15,15,128,1)
3,6: (4112,1799,0,65535)  #100700FF  srgba(16,7,0,1)
4,6: (4369,1799,1799,65535)  #110707FF  srgba(17,7,7,1)
5,6: (4369,2056,257,65535)  #110801FF  srgba(17,8,1,1)
6,6: (4369,2827,257,65535)  #110B01FF  srgba(17,11,1,1)
7,6: (4626,2827,0,65535)  #120B00FF  srgba(18,11,0,1)
8,6: (4626,2827,1799,65535)  #120B07FF  srgba(18,11,7,1)
9,6: (4883,3341,26471,65535)  #130D67FF  srgba(19,13,103,1)
10,6: (4883,3855,1285,65535)  #130F05FF  srgba(19,15,5,1)
11,6: (5140,2570,7967,65535)  #140A1FFF  srgba(20,10,31,1)
12,6: (5140,2570,11051,65535)  #140A2BFF  srgba(20,10,43,1)
13,6: (5397,2056,15677,65535)  #15083DFF  srgba(21,8,61,1)
14,6: (5397,3084,4883,65535)  #150C13FF  srgba(21,12,19,1)
15,6: (5397,3598,29041,65535)  #150E71FF  srgba(21,14,113,1)
0,7: (5397,4112,0,65535)  #151000FF  srgba(21,16,0,1)
1,7: (5654,3341,15934,65535)  #160D3EFF  srgba(22,13,62,1)
2,7: (5654,4112,1285,65535)  #161005FF  srgba(22,16,5,1)
3,7: (5911,5140,37522,65535)  #171492FF  srgba(23,20,146,1)
4,7: (5911,5397,43947,65535)  #1715ABFF  srgba(23,21,171,1)
5,7: (6168,3598,1285,65535)  #180E05FF  srgba(24,14,5,1)
6,7: (6168,3855,771,65535)  #180F03FF  srgba(24,15,3,1)
7,7: (6425,4369,0,65535)  #191100FF  srgba(25,17,0,1)
8,7: (6425,4369,1542,65535)  #191106FF  srgba(25,17,6,1)
9,7: (6425,4626,30583,65535)  #191277FF  srgba(25,18,119,1)
10,7: (6682,3598,10537,65535)  #1A0E29FF  srgba(26,14,41,1)
11,7: (6682,3855,7453,65535)  #1A0F1DFF  srgba(26,15,29,1)
12,7: (6682,4112,4626,65535)  #1A1012FF  srgba(26,16,18,1)
13,7: (6682,5140,1542,65535)  #1A1406FF  srgba(26,20,6,1)
14,7: (6682,5397,0,65535)  #1A1500FF  srgba(26,21,0,1)
15,7: (6939,4626,22359,65535)  #1B1257FF  srgba(27,18,87,1)
0,8: (7196,4626,15677,65535)  #1C123DFF  srgba(28,18,61,1)
1,8: (7196,5911,0,65535)  #1C1700FF  srgba(28,23,0,1)
2,8: (7453,3598,22102,65535)  #1D0E56FF  srgba(29,14,86,1)
3,8: (7453,4883,1542,65535)  #1D1306FF  srgba(29,19,6,1)
4,8: (7453,5397,1028,65535)  #1D1504FF  srgba(29,21,4,1)
5,8: (7453,5654,40863,65535)  #1D169FFF  srgba(29,22,159,1)
6,8: (7453,5911,1799,65535)  #1D1707FF  srgba(29,23,7,1)
7,8: (7453,6425,257,65535)  #1D1901FF  srgba(29,25,1,1)
8,8: (7710,3855,15934,65535)  #1E0F3EFF  srgba(30,15,62,1)
9,8: (7710,4626,8995,65535)  #1E1223FF  srgba(30,18,35,1)
10,8: (7710,5397,1542,65535)  #1E1506FF  srgba(30,21,6,1)
11,8: (7967,5140,4626,65535)  #1F1412FF  srgba(31,20,18,1)
12,8: (7967,5397,30069,65535)  #1F1575FF  srgba(31,21,117,1)
13,8: (7967,5911,514,65535)  #1F1702FF  srgba(31,23,2,1)
14,8: (7967,6682,1028,65535)  #1F1A04FF  srgba(31,26,4,1)
15,8: (8224,5397,24158,65535)  #20155EFF  srgba(32,21,94,1)
0,9: (8224,5911,1799,65535)  #201707FF  srgba(32,23,7,1)
1,9: (8224,6425,3855,65535)  #20190FFF  srgba(32,25,15,1)
2,9: (8224,6939,257,65535)  #201B01FF  srgba(32,27,1,1)
3,9: (8224,7196,1028,65535)  #201C04FF  srgba(32,28,4,1)
4,9: (8481,4626,15163,65535)  #21123BFF  srgba(33,18,59,1)
5,9: (8481,4883,9252,65535)  #211324FF  srgba(33,19,36,1)
6,9: (8481,5397,16448,65535)  #211540FF  srgba(33,21,64,1)
7,9: (8738,4626,21331,65535)  #221253FF  srgba(34,18,83,1)
8,9: (8738,6939,1799,65535)  #221B07FF  srgba(34,27,7,1)
9,9: (8738,7196,514,65535)  #221C02FF  srgba(34,28,2,1)
10,9: (8995,6682,7196,65535)  #231A1CFF  srgba(35,26,28,1)
11,9: (8995,6939,5397,65535)  #231B15FF  srgba(35,27,21,1)
12,9: (8995,7710,1799,65535)  #231E07FF  srgba(35,30,7,1)
13,9: (8995,7967,1028,65535)  #231F04FF  srgba(35,31,4,1)
14,9: (9252,5654,36494,65535)  #24168EFF  srgba(36,22,142,1)
15,9: (9252,6425,10280,65535)  #241928FF  srgba(36,25,40,1)
0,10: (9252,6682,41891,65535)  #241AA3FF  srgba(36,26,163,1)
1,10: (9252,7453,1799,65535)  #241D07FF  srgba(36,29,7,1)
2,10: (9252,7967,771,65535)  #241F03FF  srgba(36,31,3,1)
3,10: (9252,8224,2056,65535)  #242008FF  srgba(36,32,8,1)
4,10: (9252,8738,1028,65535)  #242204FF  srgba(36,34,4,1)
5,10: (9509,6682,24158,65535)  #251A5EFF  srgba(37,26,94,1)
6,10: (9509,7453,3855,65535)  #251D0FFF  srgba(37,29,15,1)
7,10: (9766,5654,23644,65535)  #26165CFF  srgba(38,22,92,1)
8,10: (9766,5654,29041,65535)  #261671FF  srgba(38,22,113,1)
9,10: (9766,5911,17219,65535)  #261743FF  srgba(38,23,67,1)
10,10: (9766,7967,2056,65535)  #261F08FF  srgba(38,31,8,1)
11,10: (9766,8224,1028,65535)  #262004FF  srgba(38,32,4,1)
12,10: (9766,8995,1542,65535)  #262306FF  srgba(38,35,6,1)
13,10: (10023,6682,15934,65535)  #271A3EFF  srgba(39,26,62,1)
14,10: (10023,7967,1542,65535)  #271F06FF  srgba(39,31,6,1)
15,10: (10023,8738,1285,65535)  #272205FF  srgba(39,34,5,1)
0,11: (10023,9252,1285,65535)  #272405FF  srgba(39,36,5,1)
1,11: (10280,6682,35466,65535)  #281A8AFF  srgba(40,26,138,1)
2,11: (10280,8224,1799,65535)  #282007FF  srgba(40,32,7,1)
3,11: (10280,9509,2313,65535)  #282509FF  srgba(40,37,9,1)
4,11: (10537,7453,10280,65535)  #291D28FF  srgba(41,29,40,1)
5,11: (10537,7710,6939,65535)  #291E1BFF  srgba(41,30,27,1)
6,11: (10537,7710,17219,65535)  #291E43FF  srgba(41,30,67,1)
7,11: (10537,8224,4369,65535)  #292011FF  srgba(41,32,17,1)
8,11: (10537,9252,1799,65535)  #292407FF  srgba(41,36,7,1)
9,11: (10537,10023,1799,65535)  #292707FF  srgba(41,39,7,1)
10,11: (11051,6682,25186,65535)  #2B1A62FF  srgba(43,26,98,1)
11,11: (11051,7710,41634,65535)  #2B1EA2FF  srgba(43,30,162,1)
12,11: (11051,9252,2056,65535)  #2B2408FF  srgba(43,36,8,1)
13,11: (11051,9766,1799,65535)  #2B2607FF  srgba(43,38,7,1)
14,11: (11051,10537,1799,65535)  #2B2907FF  srgba(43,41,7,1)
15,11: (11308,9509,6425,65535)  #2C2519FF  srgba(44,37,25,1)
0,12: (11308,10023,2313,65535)  #2C2709FF  srgba(44,39,9,1)
1,12: (11308,10023,3598,65535)  #2C270EFF  srgba(44,39,14,1)
2,12: (11308,10023,4369,65535)  #2C2711FF  srgba(44,39,17,1)
3,12: (11565,7710,28013,65535)  #2D1E6DFF  srgba(45,30,109,1)
4,12: (11822,10794,2313,65535)  #2E2A09FF  srgba(46,42,9,1)
5,12: (11822,11565,2056,65535)  #2E2D08FF  srgba(46,45,8,1)
6,12: (12079,8224,17476,65535)  #2F2044FF  srgba(47,32,68,1)
7,12: (12593,11822,2570,65535)  #312E0AFF  srgba(49,46,10,1)
8,12: (12850,10794,6425,65535)  #322A19FF  srgba(50,42,25,1)
9,12: (12850,11308,3855,65535)  #322C0FFF  srgba(50,44,15,1)
10,12: (12850,11308,5140,65535)  #322C14FF  srgba(50,44,20,1)
11,12: (13107,10537,9509,65535)  #332925FF  srgba(51,41,37,1)
12,12: (13107,13621,1542,65535)  #333506FF  srgba(51,53,6,1)
13,12: (14135,10794,21074,65535)  #372A52FF  srgba(55,42,82,1)
14,12: (14135,13621,4112,65535)  #373510FF  srgba(55,53,16,1)
15,12: (14392,13107,6168,65535)  #383318FF  srgba(56,51,24,1)
0,13: (14649,10537,29041,65535)  #392971FF  srgba(57,41,113,1)
1,13: (14649,14906,2313,65535)  #393A09FF  srgba(57,58,9,1)
2,13: (15420,10794,40092,65535)  #3C2A9CFF  srgba(60,42,156,1)
3,13: (15420,12593,15163,65535)  #3C313BFF  srgba(60,49,59,1)
4,13: (15677,14392,5911,65535)  #3D3817FF  srgba(61,56,23,1)
5,13: (15934,14135,8481,65535)  #3E3721FF  srgba(62,55,33,1)
6,13: (16191,16448,4112,65535)  #3F4010FF  srgba(63,64,16,1)
7,13: (16705,18247,2056,65535)  #414708FF  srgba(65,71,8,1)
8,13: (16962,13621,21331,65535)  #423553FF  srgba(66,53,83,1)
9,13: (16962,16191,7710,65535)  #423F1EFF  srgba(66,63,30,1)
10,13: (17476,17733,5397,65535)  #444515FF  srgba(68,69,21,1)
11,13: (17733,18761,4112,65535)  #454910FF  srgba(69,73,16,1)
12,13: (17990,18247,6939,65535)  #46471BFF  srgba(70,71,27,1)
13,13: (18247,13878,33153,65535)  #473681FF  srgba(71,54,129,1)
14,13: (19018,21588,2056,65535)  #4A5408FF  srgba(74,84,8,1)
15,13: (19532,19532,7453,65535)  #4C4C1DFF  srgba(76,76,29,1)
0,14: (19789,21074,4626,65535)  #4D5212FF  srgba(77,82,18,1)
1,14: (20560,21845,6939,65535)  #50551BFF  srgba(80,85,27,1)
2,14: (20817,17476,25957,65535)  #514465FF  srgba(81,68,101,1)
3,14: (21074,23130,4626,65535)  #525A12FF  srgba(82,90,18,1)
4,14: (21845,19532,19532,65535)  #554C4CFF  srgba(85,76,76,1)
5,14: (22102,23130,7453,65535)  #565A1DFF  srgba(86,90,29,1)
6,14: (22102,25186,2570,65535)  #56620AFF  srgba(86,98,10,1)
7,14: (22616,21074,14906,65535)  #58523AFF  srgba(88,82,58,1)
8,14: (22616,25443,5140,65535)  #586314FF  srgba(88,99,20,1)
9,14: (23387,25700,6682,65535)  #5B641AFF  srgba(91,100,26,1)
10,14: (23901,25700,8224,65535)  #5D6420FF  srgba(93,100,32,1)
11,14: (23901,27242,5140,65535)  #5D6A14FF  srgba(93,106,20,1)
12,14: (24929,28784,5397,65535)  #617015FF  srgba(97,112,21,1)
13,14: (25186,28013,7453,65535)  #626D1DFF  srgba(98,109,29,1)
14,14: (26471,29041,8481,65535)  #677121FF  srgba(103,113,33,1)
15,14: (26471,29555,6682,65535)  #67731AFF  srgba(103,115,26,1)
0,15: (27499,29555,8995,65535)  #6B7323FF  srgba(107,115,35,1)
1,15: (27499,31354,6939,65535)  #6B7A1BFF  srgba(107,122,27,1)
2,15: (28270,28784,14392,65535)  #6E7038FF  srgba(110,112,56,1)
3,15: (28270,31611,8738,65535)  #6E7B22FF  srgba(110,123,34,1)
4,15: (28527,32639,7453,65535)  #6F7F1DFF  srgba(111,127,29,1)
5,15: (29555,33410,9252,65535)  #738224FF  srgba(115,130,36,1)
6,15: (29555,33667,8481,65535)  #738321FF  srgba(115,131,33,1)
7,15: (29555,34181,7710,65535)  #73851EFF  srgba(115,133,30,1)
8,15: (30840,34695,10023,65535)  #788727FF  srgba(120,135,39,1)
9,15: (30840,34952,8224,65535)  #788820FF  srgba(120,136,32,1)
10,15: (32125,37265,8224,65535)  #7D9120FF  srgba(125,145,32,1)
11,15: (32896,37008,10280,65535)  #809028FF  srgba(128,144,40,1)
12,15: (34181,37522,13878,65535)  #859236FF  srgba(133,146,54,1)
13,15: (34438,39835,9766,65535)  #869B26FF  srgba(134,155,38,1)
14,15: (35980,41634,10280,65535)  #8CA228FF  srgba(140,162,40,1)
15,15: (0,65535,0,0)  #00FF0000  srgba(0,255,0,0)
