# ImageMagick pixel enumeration: 16,16,65535,srgba
0,0: (0,0,0,65535)  #000000FF  black
1,0: (0,0,771,65535)  #000003FF  srgba(0,0,3,1)
2,0: (0,0,2313,65535)  #000009FF  srgba(0,0,9,1)
3,0: (0,0,5140,65535)  #000014FF  srgba(0,0,20,1)
4,0: (0,0,8738,65535)  #000022FF  srgba(0,0,34,1)
5,0: (0,0,12593,65535)  #000031FF  srgba(0,0,49,1)
6,0: (0,0,15934,65535)  #00003EFF  srgba(0,0,62,1)
7,0: (0,257,514,65535)  #000102FF  srgba(0,1,2,1)
8,0: (0,771,4369,65535)  #000311FF  srgba(0,3,17,1)
9,0: (0,1285,9252,65535)  #000524FF  srgba(0,5,36,1)
10,0: (0,2570,14649,65535)  #000A39FF  srgba(0,10,57,1)
11,0: (0,2570,20046,65535)  #000A4EFF  srgba(0,10,78,1)
12,0: (0,2827,14906,65535)  #000B3AFF  srgba(0,11,58,1)
13,0: (0,3341,25700,65535)  #000D64FF  srgba(0,13,100,1)
14,0: (0,3341,26471,65535)  #000D67FF  srgba(0,13,103,1)
15,0: (0,4883,33667,65535)  #001383FF  srgba(0,19,131,1)
0,1: (0,6425,20303,65535)  #00194FFF  srgba(0,25,79,1)
1,1: (0,7196,34695,65535)  #001C87FF  srgba(0,28,135,1)
2,1: (0,7967,29298,65535)  #001F72FF  srgba(0,31,114,1)
3,1: (0,8481,35466,65535)  #00218AFF  srgba(0,33,138,1)
4,1: (0,12850,43176,65535)  #0032A8FF  srgba(0,50,168,1)
5,1: (0,22873,61937,65535)  #0059F1FF  srgba(0,89,241,1)
6,1: (0,23387,65278,65535)  #005BFEFF  srgba(0,91,254,1)
7,1: (257,0,19532,65535)  #01004CFF  srgba(1,0,76,1)
8,1: (257,0,25186,65535)  #010062FF  srgba(1,0,98,1)
9,1: (257,257,257,65535)  #010101FF  srgba(1,1,1,1)
10,1: (257,771,3084,65535)  #01030CFF  srgba(1,3,12,1)
11,1: (257,1799,9509,65535)  #010725FF  srgba(1,7,37,1)
12,1: (257,8224,25186,65535)  #012062FF  srgba(1,32,98,1)
13,1: (257,11565,34952,65535)  #012D88FF  srgba(1,45,136,1)
14,1: (514,0,0,65535)  #020000FF  srgba(2,0,0,1)
15,1: (514,10794,41634,65535)  #022AA2FF  srgba(2,42,162,1)
0,2: (514,11051,54998,65535)  #022BD6FF  srgba(2,43,214,1)
1,2: (514,11565,47802,65535)  #022DBAFF  srgba(2,45,186,1)
2,2: (514,14392,54741,65535)  #0238D5FF  srgba(2,56,213,1)
3,2: (514,15677,54227,65535)  #023DD3FF  srgba(2,61,211,1)
4,2: (514,18761,61680,65535)  #0249F0FF  srgba(2,73,240,1)
5,2: (514,29041,65021,65535)  #0271FDFF  srgba(2,113,253,1)
6,2: (771,7453,41634,65535)  #031DA2FF  srgba(3,29,162,1)
7,2: (1028,2827,19789,65535)  #040B4DFF  srgba(4,11,77,1)
8,2: (1285,14649,48316,65535)  #0539BCFF  srgba(5,57,188,1)
9,2: (1285,17733,55769,65535)  #0545D9FF  srgba(5,69,217,1)
10,2: (1285,34181,65278,65535)  #0585FEFF  srgba(5,133,254,1)
11,2: (1542,1799,4112,65535)  #060710FF  srgba(6,7,16,1)
12,2: (1542,3341,14649,65535)  #060D39FF  srgba(6,13,57,1)
13,2: (1542,9509,26214,65535)  #062566FF  srgba(6,37,102,1)
14,2: (1799,12079,28527,65535)  #072F6FFF  srgba(7,47,111,1)
15,2: (2056,6425,16448,65535)  #081940FF  srgba(8,25,64,1)
0,3: (2056,6939,20303,65535)  #081B4FFF  srgba(8,27,79,1)
1,3: (2056,24158,65278,65535)  #085EFEFF  srgba(8,94,254,1)
2,3: (2313,3084,26214,65535)  #090C66FF  srgba(9,12,102,1)
3,3: (2313,3341,9252,65535)  #090D24FF  srgba(9,13,36,1)
4,3: (2313,23130,47545,65535)  #095AB9FF  srgba(9,90,185,1)
5,3: (2570,8995,21588,65535)  #0A2354FF  srgba(10,35,84,1)
6,3: (2570,16191,37265,65535)  #0A3F91FF  srgba(10,63,145,1)
7,3: (2570,29555,58596,65535)  #0A73E4FF  srgba(10,115,228,1)
8,3: (2827,6425,34438,65535)  #0B1986FF  srgba(11,25,134,1)
9,3: (2827,15420,33924,65535)  #0B3C84FF  srgba(11,60,132,1)
10,3: (2827,18247,41634,65535)  #0B47A2FF  srgba(11,71,162,1)
11,3: (3084,13878,29298,65535)  #0C3672FF  srgba(12,54,114,1)
12,3: (3084,18247,49601,65535)  #0C47C1FF  srgba(12,71,193,1)
13,3: (3341,6682,12593,65535)  #0D1A31FF  srgba(13,26,49,1)
14,3: (3341,13621,42405,65535)  #0D35A5FF  srgba(13,53,165,1)
15,3: (3598,22359,36751,65535)  #0E578FFF  srgba(14,87,143,1)
0,4: (3598,24158,52171,65535)  #0E5ECBFF  srgba(14,94,203,1)
1,4: (3855,6425,9252,65535)  #0F1924FF  srgba(15,25,36,1)
2,4: (3855,12850,33667,65535)  #0F3283FF  srgba(15,50,131,1)
3,4: (4112,9509,24415,65535)  #10255FFF  srgba(16,37,95,1)
4,4: (4112,23387,62708,65535)  #105BF4FF  srgba(16,91,244,1)
5,4: (4112,29555,65021,65535)  #1073FDFF  srgba(16,115,253,1)
6,4: (4369,9252,17990,65535)  #112446FF  srgba(17,36,70,1)
7,4: (4369,9252,27756,65535)  #11246CFF  srgba(17,36,108,1)
8,4: (4369,21845,43947,65535)  #1155ABFF  srgba(17,85,171,1)
9,4: (4369,35209,53713,65535)  #1189D1FF  srgba(17,137,209,1)
10,4: (4626,34695,63479,65535)  #1287F7FF  srgba(18,135,247,1)
11,4: (4883,12336,27242,65535)  #13306AFF  srgba(19,48,106,1)
12,4: (4883,35980,56540,65535)  #138CDCFF  srgba(19,140,220,1)
13,4: (5140,9509,12336,65535)  #142530FF  srgba(20,37,48,1)
14,4: (5140,10537,15163,65535)  #14293BFF  srgba(20,41,59,1)
15,4: (5140,11308,21588,65535)  #142C54FF  srgba(20,44,84,1)
0,5: (5140,28784,49344,65535)  #1470C0FF  srgba(20,112,192,1)
1,5: (5140,33924,60138,65535)  #1484EAFF  srgba(20,132,234,1)
2,5: (5397,23644,57311,65535)  #155CDFFF  srgba(21,92,223,1)
3,5: (5397,34181,47802,65535)  #1585BAFF  srgba(21,133,186,1)
4,5: (5397,40606,60138,65535)  #159EEAFF  srgba(21,158,234,1)
5,5: (5654,13107,17990,65535)  #163346FF  srgba(22,51,70,1)
6,5: (5654,39064,65278,65535)  #1698FEFF  srgba(22,152,254,1)
7,5: (5654,39321,63479,65535)  #1699F7FF  srgba(22,153,247,1)
8,5: (5911,28527,41891,65535)  #176FA3FF  srgba(23,111,163,1)
9,5: (5911,28784,52685,65535)  #1770CDFF  srgba(23,112,205,1)
10,5: (6168,15420,21588,65535)  #183C54FF  srgba(24,60,84,1)
11,5: (6425,15934,28013,65535)  #193E6DFF  srgba(25,62,109,1)
12,5: (6425,17476,37522,65535)  #194492FF  srgba(25,68,146,1)
13,5: (6425,18247,27499,65535)  #19476BFF  srgba(25,71,107,1)
14,5: (6425,21845,41634,65535)  #1955A2FF  srgba(25,85,162,1)
15,5: (6425,22616,27756,65535)  #19586CFF  srgba(25,88,108,1)
0,6: (6425,34695,65278,65535)  #1987FEFF  srgba(25,135,254,1)
1,6: (6682,16705,33667,65535)  #1A4183FF  srgba(26,65,131,1)
2,6: (6682,22873,47288,65535)  #1A59B8FF  srgba(26,89,184,1)
3,6: (6682,44461,63479,65535)  #1AADF7FF  srgba(26,173,247,1)
4,6: (6939,14135,27242,65535)  #1B376AFF  srgba(27,55,106,1)
5,6: (6939,19018,41377,65535)  #1B4AA1FF  srgba(27,74,161,1)
6,6: (6939,44204,65278,65535)  #1BACFEFF  srgba(27,172,254,1)
7,6: (8481,22359,43947,65535)  #2157ABFF  srgba(33,87,171,1)
8,6: (8481,29555,57825,65535)  #2173E1FF  srgba(33,115,225,1)
9,6: (8738,22102,36751,65535)  #22568FFF  srgba(34,86,143,1)
10,6: (8738,23644,47545,65535)  #225CB9FF  srgba(34,92,185,1)
11,6: (8995,25186,51914,65535)  #2362CAFF  srgba(35,98,202,1)
12,6: (10794,24929,47545,65535)  #2A61B9FF  srgba(42,97,185,1)
13,6: (11051,11822,34695,65535)  #2B2E87FF  srgba(43,46,135,1)
14,6: (11051,17733,34181,65535)  #2B4585FF  srgba(43,69,133,1)
15,6: (11051,22359,45489,65535)  #2B57B1FF  srgba(43,87,177,1)
0,7: (11051,27499,56026,65535)  #2B6BDAFF  srgba(43,107,218,1)
1,7: (11308,12850,19018,65535)  #2C324AFF  srgba(44,50,74,1)
2,7: (11308,20303,35980,65535)  #2C4F8CFF  srgba(44,79,140,1)
3,7: (11308,27499,52171,65535)  #2C6BCBFF  srgba(44,107,203,1)
4,7: (11565,28784,56540,65535)  #2D70DCFF  srgba(45,112,220,1)
5,7: (11822,14906,26985,65535)  #2E3A69FF  srgba(46,58,105,1)
6,7: (11822,27242,47802,65535)  #2E6ABAFF  srgba(46,106,186,1)
7,7: (11822,30583,60138,65535)  #2E77EAFF  srgba(46,119,234,1)
8,7: (12336,30326,55769,65535)  #3076D9FF  srgba(48,118,217,1)
9,7: (12336,33410,63736,65535)  #3082F8FF  srgba(48,130,248,1)
10,7: (12593,15934,46517,65535)  #313EB5FF  srgba(49,62,181,1)
11,7: (12593,23130,59110,65535)  #315AE6FF  srgba(49,90,230,1)
12,7: (12850,41634,61423,65535)  #32A2EFFF  srgba(50,162,239,1)
13,7: (13107,17219,21845,65535)  #334355FF  srgba(51,67,85,1)
14,7: (13107,23130,39835,65535)  #335A9BFF  srgba(51,90,155,1)
15,7: (13107,32639,58082,65535)  #337FE2FF  srgba(51,127,226,1)
0,8: (13107,36751,64764,65535)  #338FFCFF  srgba(51,143,252,1)
1,8: (13364,15163,34952,65535)  #343B88FF  srgba(52,59,136,1)
2,8: (13364,24415,29812,65535)  #345F74FF  srgba(52,95,116,1)
3,8: (13364,24929,46003,65535)  #3461B3FF  srgba(52,97,179,1)
4,8: (13364,36237,60652,65535)  #348DECFF  srgba(52,141,236,1)
5,8: (13364,37522,65278,65535)  #3492FEFF  srgba(52,146,254,1)
6,8: (13364,42148,64764,65535)  #34A4FCFF  srgba(52,164,252,1)
7,8: (13364,48316,65535,65535)  #34BCFFFF  srgba(52,188,255,1)
8,8: (13621,25957,35209,65535)  #356589FF  srgba(53,101,137,1)
9,8: (13621,42405,65278,65535)  #35A5FEFF  srgba(53,165,254,1)
10,8: (13878,19532,27242,65535)  #364C6AFF  srgba(54,76,106,1)
11,8: (13878,29041,39835,65535)  #36719BFF  srgba(54,113,155,1)
12,8: (14649,48830,63736,65535)  #39BEF8FF  srgba(57,190,248,1)
13,8: (15163,27756,47802,65535)  #3B6CBAFF  srgba(59,108,186,1)
14,8: (15163,30583,51914,65535)  #3B77CAFF  srgba(59,119,202,1)
15,8: (15163,48573,64764,65535)  #3BBDFCFF  srgba(59,189,252,1)
0,9: (16191,20560,34695,65535)  #3F5087FF  srgba(63,80,135,1)
1,9: (16191,30583,47031,65535)  #3F77B7FF  srgba(63,119,183,1)
2,9: (16448,15677,35980,65535)  #403D8CFF  srgba(64,61,140,1)
3,9: (16448,33410,46260,65535)  #4082B4FF  srgba(64,130,180,1)
4,9: (16448,33410,51914,65535)  #4082CAFF  srgba(64,130,202,1)
5,9: (16962,38807,50886,65535)  #4297C6FF  srgba(66,151,198,1)
6,9: (17219,37522,45489,65535)  #4392B1FF  srgba(67,146,177,1)
7,9: (17219,48573,65278,65535)  #43BDFEFF  srgba(67,189,254,1)
8,9: (17733,22102,47031,65535)  #4556B7FF  srgba(69,86,183,1)
9,9: (17733,23644,31868,65535)  #455C7CFF  srgba(69,92,124,1)
10,9: (17733,24158,38550,65535)  #455E96FF  srgba(69,94,150,1)
11,9: (17733,28013,37265,65535)  #456D91FF  srgba(69,109,145,1)
12,9: (17733,48830,62451,65535)  #45BEF3FF  srgba(69,190,243,1)
13,9: (17733,56540,65278,65535)  #45DCFEFF  srgba(69,220,254,1)
14,9: (17990,31097,58082,65535)  #4679E2FF  srgba(70,121,226,1)
15,9: (17990,32639,39064,65535)  #467F98FF  srgba(70,127,152,1)
0,10: (17990,37008,64250,65535)  #4690FAFF  srgba(70,144,250,1)
1,10: (17990,42148,64764,65535)  #46A4FCFF  srgba(70,164,252,1)
2,10: (17990,42405,65278,65535)  #46A5FEFF  srgba(70,165,254,1)
3,10: (18247,33667,58082,65535)  #4783E2FF  srgba(71,131,226,1)
4,10: (18504,24672,58853,65535)  #4860E5FF  srgba(72,96,229,1)
5,10: (18761,24929,46774,65535)  #4961B6FF  srgba(73,97,182,1)
6,10: (18761,36494,57568,65535)  #498EE0FF  srgba(73,142,224,1)
7,10: (18761,41634,60395,65535)  #49A2EBFF  srgba(73,162,235,1)
8,10: (19018,57054,63736,65535)  #4ADEF8FF  srgba(74,222,248,1)
9,10: (19275,16705,48059,65535)  #4B41BBFF  srgba(75,65,187,1)
10,10: (19532,27756,46774,65535)  #4C6CB6FF  srgba(76,108,182,1)
11,10: (20560,32125,39064,65535)  #507D98FF  srgba(80,125,152,1)
12,10: (20560,52171,59881,65535)  #50CBE9FF  srgba(80,203,233,1)
13,10: (20560,58596,64764,65535)  #50E4FCFF  srgba(80,228,252,1)
14,10: (20817,47031,57568,65535)  #51B7E0FF  srgba(81,183,224,1)
15,10: (20817,56797,62451,65535)  #51DDF3FF  srgba(81,221,243,1)
0,11: (21331,25186,32382,65535)  #53627EFF  srgba(83,98,126,1)
1,11: (21331,25957,39321,65535)  #536599FF  srgba(83,101,153,1)
2,11: (21588,32125,48573,65535)  #547DBDFF  srgba(84,125,189,1)
3,11: (21588,49344,65278,65535)  #54C0FEFF  srgba(84,192,254,1)
4,11: (21588,49601,63736,65535)  #54C1F8FF  srgba(84,193,248,1)
5,11: (21588,58082,65278,65535)  #54E2FEFF  srgba(84,226,254,1)
6,11: (21845,39321,48573,65535)  #5599BDFF  srgba(85,153,189,1)
7,11: (21845,49858,64764,65535)  #55C2FCFF  srgba(85,194,252,1)
8,11: (23387,34181,58596,65535)  #5B85E4FF  srgba(91,133,228,1)
9,11: (23644,37779,59881,65535)  #5C93E9FF  srgba(92,147,233,1)
10,11: (23901,42919,65021,65535)  #5DA7FDFF  srgba(93,167,253,1)
11,11: (23901,59110,63736,65535)  #5DE6F8FF  srgba(93,230,248,1)
12,11: (24158,29812,60652,65535)  #5E74ECFF  srgba(94,116,236,1)
13,11: (24415,42405,59367,65535)  #5FA5E7FF  srgba(95,165,231,1)
14,11: (24415,56797,65278,65535)  #5FDDFEFF  srgba(95,221,254,1)
15,11: (24672,33667,48316,65535)  #6083BCFF  srgba(96,131,188,1)
0,12: (24672,63736,65278,65535)  #60F8FEFF  srgba(96,248,254,1)
1,12: (24929,41120,49344,65535)  #61A0C0FF  srgba(97,160,192,1)
2,12: (25186,32639,39064,65535)  #627F98FF  srgba(98,127,152,1)
3,12: (25443,61680,64764,65535)  #63F0FCFF  srgba(99,240,252,1)
4,12: (25957,23901,58596,65535)  #655DE4FF  srgba(101,93,228,1)
5,12: (27242,38550,49087,65535)  #6A96BFFF  srgba(106,150,191,1)
6,12: (28270,38036,59881,65535)  #6E94E9FF  srgba(110,148,233,1)
7,12: (28270,65021,65278,65535)  #6EFDFEFF  srgba(110,253,254,1)
8,12: (29298,42662,61680,65535)  #72A6F0FF  srgba(114,166,240,1)
9,12: (29555,48830,56283,65535)  #73BEDBFF  srgba(115,190,219,1)
10,12: (29555,49601,65278,65535)  #73C1FEFF  srgba(115,193,254,1)
11,12: (29555,49858,60909,65535)  #73C2EDFF  srgba(115,194,237,1)
12,12: (29555,50115,63479,65535)  #73C3F7FF  srgba(115,195,247,1)
13,12: (29555,55512,65278,65535)  #73D8FEFF  srgba(115,216,254,1)
14,12: (29812,61166,65278,65535)  #74EEFEFF  srgba(116,238,254,1)
15,12: (29812,62708,63736,65535)  #74F4F8FF  srgba(116,244,248,1)
0,13: (30069,56283,63479,65535)  #75DBF7FF  srgba(117,219,247,1)
1,13: (30069,58082,64764,65535)  #75E2FCFF  srgba(117,226,252,1)
2,13: (30326,51143,64764,65535)  #76C7FCFF  srgba(118,199,252,1)
3,13: (30326,56026,61423,65535)  #76DAEFFF  srgba(118,218,239,1)
4,13: (30326,63479,64764,65535)  #76F7FCFF  srgba(118,247,252,1)
5,13: (30583,65021,65021,65535)  #77FDFDFF  srgba(119,253,253,1)
6,13: (30840,40092,49344,65535)  #789CC0FF  srgba(120,156,192,1)
7,13: (31611,29812,62194,65535)  #7B74F2FF  srgba(123,116,242,1)
8,13: (32125,34181,62451,65535)  #7D85F3FF  srgba(125,133,243,1)
9,13: (32125,65021,65535,65535)  #7DFDFFFF  srgba(125,253,255,1)
10,13: (33924,42919,62708,65535)  #84A7F4FF  srgba(132,167,244,1)
11,13: (36494,37779,63479,65535)  #8E93F7FF  srgba(142,147,247,1)
12,13: (36751,65278,65535,65535)  #8FFEFFFF  srgba(143,254,255,1)
13,13: (37522,51657,57311,65535)  #92C9DFFF  srgba(146,201,223,1)
14,13: (38036,53970,63222,65535)  #94D2F6FF  srgba(148,210,246,1)
15,13: (38036,55255,61423,65535)  #94D7EFFF  srgba(148,215,239,1)
0,14: (38293,52685,65021,65535)  #95CDFDFF  srgba(149,205,253,1)
1,14: (38293,53456,64250,65535)  #95D0FAFF  srgba(149,208,250,1)
2,14: (38293,60652,65021,65535)  #95ECFDFF  srgba(149,236,253,1)
3,14: (38550,49344,65535,65535)  #96C0FFFF  srgba(150,192,255,1)
4,14: (38550,54741,65535,65535)  #96D5FFFF  srgba(150,213,255,1)
5,14: (38550,59367,65535,65535)  #96E7FFFF  srgba(150,231,255,1)
6,14: (38550,64250,65021,65535)  #96FAFDFF  srgba(150,250,253,1)
7,14: (38550,65021,65021,65535)  #96FDFDFF  srgba(150,253,253,1)
8,14: (38807,61680,64250,65535)  #97F0FAFF  srgba(151,240,250,1)
9,14: (39064,62194,63222,65535)  #98F2F6FF  srgba(152,242,246,1)
10,14: (39578,63993,65535,65535)  #9AF9FFFF  srgba(154,249,255,1)
11,14: (39578,64764,64507,65535)  #9AFCFBFF  srgba(154,252,251,1)
12,14: (40863,42919,64250,65535)  #9FA7FAFF  srgba(159,167,250,1)
13,14: (41891,65278,65535,65535)  #A3FEFFFF  srgba(163,254,255,1)
14,14: (47288,63993,64764,65535)  #B8F9FCFF  srgba(184,249,252,1)
15,14: (47802,56026,65535,65535)  #BADAFFFF  srgba(186,218,255,1)
0,15: (47802,62965,65535,65535)  #BAF5FFFF  srgba(186,245,255,1)
1,15: (47802,63222,64507,65535)  #BAF6FBFF  srgba(186,246,251,1)
2,15: (48316,60138,62708,65535)  #BCEAF4FF  srgba(188,234,244,1)
3,15: (48316,65278,65535,65535)  #BCFEFFFF  srgba(188,254,255,1)
4,15: (48573,64764,65535,65535)  #BDFCFFFF  srgba(189,252,255,1)
5,15: (49087,64764,65021,65535)  #BFFCFDFF  srgba(191,252,253,1)
6,15: (49344,62965,64250,65535)  #C0F5FAFF  srgba(192,245,250,1)
7,15: (49601,61680,65278,65535)  #C1F0FEFF  srgba(193,240,254,1)
8,15: (50629,65278,65021,65535)  #C5FEFDFF  srgba(197,254,253,1)
9,15: (54741,64507,64507,65535)  #D5FBFBFF  srgba(213,251,251,1)
10,15: (55255,64507,64764,65535)  #D7FBFCFF  srgba(215,251,252,1)
11,15: (55512,63736,65535,65535)  #D8F8FFFF  srgba(216,248,255,1)
12,15: (56540,65021,65535,65535)  #DCFDFFFF  srgba(220,253,255,1)
13,15: (57311,65278,65535,65535)  #DFFEFFFF  srgba(223,254,255,1)
14,15: (58082,65021,65278,65535)  #E2FDFEFF  srgba(226,253,254,1)
15,15: (0,65535,0,0)  #00FF0000  srgba(0,255,0,0)
