# ImageMagick pixel enumeration: 16,16,65535,srgba
0,0: (35466,257,0,65535)  #8A0100FF  srgba(138,1,0,1)
1,0: (43690,771,0,65535)  #AA0300FF  srgba(170,3,0,1)
2,0: (46003,1285,0,65535)  #B30500FF  srgba(179,5,0,1)
3,0: (46003,9766,1028,65535)  #B32604FF  srgba(179,38,4,1)
4,0: (46260,1542,0,65535)  #B40600FF  srgba(180,6,0,1)
5,0: (46517,1799,0,65535)  #B50700FF  srgba(181,7,0,1)
6,0: (51400,1542,0,65535)  #C80600FF  srgba(200,6,0,1)
7,0: (51914,18761,2570,65535)  #CA490AFF  srgba(202,73,10,1)
8,0: (52942,2056,0,65535)  #CE0800FF  srgba(206,8,0,1)
9,0: (53456,3341,257,65535)  #D00D01FF  srgba(208,13,1,1)
10,0: (53970,2313,0,65535)  #D20900FF  srgba(210,9,0,1)
11,0: (53970,39064,771,65535)  #D29803FF  srgba(210,152,3,1)
12,0: (56540,2056,0,65535)  #DC0800FF  srgba(220,8,0,1)
13,0: (59367,40349,1542,65535)  #E79D06FF  srgba(231,157,6,1)
14,0: (59881,2827,0,65535)  #E90B00FF  srgba(233,11,0,1)
15,0: (60138,10537,514,65535)  #EA2902FF  srgba(234,41,2,1)
0,1: (60138,23130,3341,65535)  #EA5A0DFF  srgba(234,90,13,1)
1,1: (60652,2313,0,65535)  #EC0900FF  srgba(236,9,0,1)
2,1: (61166,3598,257,65535)  #EE0E01FF  srgba(238,14,1,1)
3,1: (62194,3084,0,65535)  #F20C00FF  srgba(242,12,0,1)
4,1: (62708,36237,771,65535)  #F48D03FF  srgba(244,141,3,1)
5,1: (62708,46774,514,65535)  #F4B602FF  srgba(244,182,2,1)
6,1: (62965,56797,12850,65535)  #F5DD32FF  srgba(245,221,50,1)
7,1: (63479,53970,0,65535)  #F7D200FF  srgba(247,210,0,1)
8,1: (63736,34695,0,65535)  #F88700FF  srgba(248,135,0,1)
9,1: (63736,46003,0,65535)  #F8B300FF  srgba(248,179,0,1)
10,1: (63736,54998,0,65535)  #F8D600FF  srgba(248,214,0,1)
11,1: (63993,4626,0,65535)  #F91200FF  srgba(249,18,0,1)
12,1: (63993,17733,0,65535)  #F94500FF  srgba(249,69,0,1)
13,1: (63993,21845,1799,65535)  #F95507FF  srgba(249,85,7,1)
14,1: (63993,22359,0,65535)  #F95700FF  srgba(249,87,0,1)
15,1: (63993,22616,0,65535)  #F95800FF  srgba(249,88,0,1)
0,2: (63993,36237,0,65535)  #F98D00FF  srgba(249,141,0,1)
1,2: (63993,47031,0,65535)  #F9B700FF  srgba(249,183,0,1)
2,2: (64250,11051,0,65535)  #FA2B00FF  srgba(250,43,0,1)
3,2: (64250,11565,0,65535)  #FA2D00FF  srgba(250,45,0,1)
4,2: (64250,16448,0,65535)  #FA4000FF  srgba(250,64,0,1)
5,2: (64250,18504,0,65535)  #FA4800FF  srgba(250,72,0,1)
6,2: (64250,23901,0,65535)  #FA5D00FF  srgba(250,93,0,1)
7,2: (64250,23901,0,65535)  #FA5D00FF  srgba(250,93,0,1)
8,2: (64250,27242,0,65535)  #FA6A00FF  srgba(250,106,0,1)
9,2: (64250,33924,0,65535)  #FA8400FF  srgba(250,132,0,1)
10,2: (64250,42919,0,65535)  #FAA700FF  srgba(250,167,0,1)
11,2: (64250,43433,0,65535)  #FAA900FF  srgba(250,169,0,1)
12,2: (64250,54484,0,65535)  #FAD400FF  srgba(250,212,0,1)
13,2: (64507,10794,0,65535)  #FB2A00FF  srgba(251,42,0,1)
14,2: (64507,13621,0,65535)  #FB3500FF  srgba(251,53,0,1)
15,2: (64507,18247,0,65535)  #FB4700FF  srgba(251,71,0,1)
0,3: (64507,21331,0,65535)  #FB5300FF  srgba(251,83,0,1)
1,3: (64507,21588,771,65535)  #FB5403FF  srgba(251,84,3,1)
2,3: (64507,22616,0,65535)  #FB5800FF  srgba(251,88,0,1)
3,3: (64507,23901,0,65535)  #FB5D00FF  srgba(251,93,0,1)
4,3: (64507,27756,0,65535)  #FB6C00FF  srgba(251,108,0,1)
5,3: (64507,30326,0,65535)  #FB7600FF  srgba(251,118,0,1)
6,3: (64507,31354,257,65535)  #FB7A01FF  srgba(251,122,1,1)
7,3: (64507,32639,0,65535)  #FB7F00FF  srgba(251,127,0,1)
8,3: (64507,33153,0,65535)  #FB8100FF  srgba(251,129,0,1)
9,3: (64507,33924,0,65535)  #FB8400FF  srgba(251,132,0,1)
10,3: (64507,34695,0,65535)  #FB8700FF  srgba(251,135,0,1)
11,3: (64507,38807,0,65535)  #FB9700FF  srgba(251,151,0,1)
12,3: (64507,40092,0,65535)  #FB9C00FF  srgba(251,156,0,1)
13,3: (64507,42148,0,65535)  #FBA400FF  srgba(251,164,0,1)
14,3: (64507,44718,0,65535)  #FBAE00FF  srgba(251,174,0,1)
15,3: (64507,46003,0,65535)  #FBB300FF  srgba(251,179,0,1)
0,4: (64507,48573,0,65535)  #FBBD00FF  srgba(251,189,0,1)
1,4: (64507,50886,0,65535)  #FBC600FF  srgba(251,198,0,1)
2,4: (64507,52685,0,65535)  #FBCD00FF  srgba(251,205,0,1)
3,4: (64507,56283,4369,65535)  #FBDB11FF  srgba(251,219,17,1)
4,4: (64507,58082,0,65535)  #FBE200FF  srgba(251,226,0,1)
5,4: (64507,60138,0,65535)  #FBEA00FF  srgba(251,234,0,1)
6,4: (64507,62708,0,65535)  #FBF400FF  srgba(251,244,0,1)
7,4: (64764,4883,0,65535)  #FC1300FF  srgba(252,19,0,1)
8,4: (64764,6939,0,65535)  #FC1B00FF  srgba(252,27,0,1)
9,4: (64764,7967,257,65535)  #FC1F01FF  srgba(252,31,1,1)
10,4: (64764,17219,0,65535)  #FC4300FF  srgba(252,67,0,1)
11,4: (64764,17476,0,65535)  #FC4400FF  srgba(252,68,0,1)
12,4: (64764,26985,0,65535)  #FC6900FF  srgba(252,105,0,1)
13,4: (64764,30326,0,65535)  #FC7600FF  srgba(252,118,0,1)
14,4: (64764,32896,0,65535)  #FC8000FF  srgba(252,128,0,1)
15,4: (64764,33153,0,65535)  #FC8100FF  srgba(252,129,0,1)
0,5: (64764,33667,0,65535)  #FC8300FF  srgba(252,131,0,1)
1,5: (64764,38293,0,65535)  #FC9500FF  srgba(252,149,0,1)
2,5: (64764,40349,0,65535)  #FC9D00FF  srgba(252,157,0,1)
3,5: (64764,41377,0,65535)  #FCA100FF  srgba(252,161,0,1)
4,5: (64764,46517,0,65535)  #FCB500FF  srgba(252,181,0,1)
5,5: (64764,46774,0,65535)  #FCB600FF  srgba(252,182,0,1)
6,5: (64764,48573,0,65535)  #FCBD00FF  srgba(252,189,0,1)
7,5: (64764,49087,0,65535)  #FCBF00FF  srgba(252,191,0,1)
8,5: (64764,50372,0,65535)  #FCC400FF  srgba(252,196,0,1)
9,5: (64764,52428,0,65535)  #FCCC00FF  srgba(252,204,0,1)
10,5: (64764,55512,0,65535)  #FCD800FF  srgba(252,216,0,1)
11,5: (64764,56540,0,65535)  #FCDC00FF  srgba(252,220,0,1)
12,5: (64764,60395,0,65535)  #FCEB00FF  srgba(252,235,0,1)
13,5: (64764,64250,771,65535)  #FCFA03FF  srgba(252,250,3,1)
14,5: (65021,4112,0,65535)  #FD1000FF  srgba(253,16,0,1)
15,5: (65021,6682,0,65535)  #FD1A00FF  srgba(253,26,0,1)
0,6: (65021,7453,257,65535)  #FD1D01FF  srgba(253,29,1,1)
1,6: (65021,9509,0,65535)  #FD2500FF  srgba(253,37,0,1)
2,6: (65021,10280,0,65535)  #FD2800FF  srgba(253,40,0,1)
3,6: (65021,13107,0,65535)  #FD3300FF  srgba(253,51,0,1)
4,6: (65021,13107,0,65535)  #FD3300FF  srgba(253,51,0,1)
5,6: (65021,13364,0,65535)  #FD3400FF  srgba(253,52,0,1)
6,6: (65021,16962,257,65535)  #FD4201FF  srgba(253,66,1,1)
7,6: (65021,17219,771,65535)  #FD4303FF  srgba(253,67,3,1)
8,6: (65021,17733,0,65535)  #FD4500FF  srgba(253,69,0,1)
9,6: (65021,20560,0,65535)  #FD5000FF  srgba(253,80,0,1)
10,6: (65021,21074,0,65535)  #FD5200FF  srgba(253,82,0,1)
11,6: (65021,21588,0,65535)  #FD5400FF  srgba(253,84,0,1)
12,6: (65021,21588,0,65535)  #FD5400FF  srgba(253,84,0,1)
13,6: (65021,23644,0,65535)  #FD5C00FF  srgba(253,92,0,1)
14,6: (65021,25700,0,65535)  #FD6400FF  srgba(253,100,0,1)
15,6: (65021,26728,0,65535)  #FD6800FF  srgba(253,104,0,1)
0,7: (65021,27499,0,65535)  #FD6B00FF  srgba(253,107,0,1)
1,7: (65021,31354,0,65535)  #FD7A00FF  srgba(253,122,0,1)
2,7: (65021,33153,0,65535)  #FD8100FF  srgba(253,129,0,1)
3,7: (65021,33410,771,65535)  #FD8203FF  srgba(253,130,3,1)
4,7: (65021,34952,257,65535)  #FD8801FF  srgba(253,136,1,1)
5,7: (65021,37265,0,65535)  #FD9100FF  srgba(253,145,0,1)
6,7: (65021,38293,0,65535)  #FD9500FF  srgba(253,149,0,1)
7,7: (65021,40863,0,65535)  #FD9F00FF  srgba(253,159,0,1)
8,7: (65021,42148,0,65535)  #FDA400FF  srgba(253,164,0,1)
9,7: (65021,43690,257,65535)  #FDAA01FF  srgba(253,170,1,1)
10,7: (65021,44461,514,65535)  #FDAD02FF  srgba(253,173,2,1)
11,7: (65021,45232,0,65535)  #FDB000FF  srgba(253,176,0,1)
12,7: (65021,45489,0,65535)  #FDB100FF  srgba(253,177,0,1)
13,7: (65021,46517,0,65535)  #FDB500FF  srgba(253,181,0,1)
14,7: (65021,49601,0,65535)  #FDC100FF  srgba(253,193,0,1)
15,7: (65021,51657,0,65535)  #FDC900FF  srgba(253,201,0,1)
0,8: (65021,54998,0,65535)  #FDD600FF  srgba(253,214,0,1)
1,8: (65021,55512,1799,65535)  #FDD807FF  srgba(253,216,7,1)
2,8: (65021,56540,0,65535)  #FDDC00FF  srgba(253,220,0,1)
3,8: (65021,56540,0,65535)  #FDDC00FF  srgba(253,220,0,1)
4,8: (65021,58596,0,65535)  #FDE400FF  srgba(253,228,0,1)
5,8: (65021,60652,0,65535)  #FDEC00FF  srgba(253,236,0,1)
6,8: (65021,61680,0,65535)  #FDF000FF  srgba(253,240,0,1)
7,8: (65021,62194,0,65535)  #FDF200FF  srgba(253,242,0,1)
8,8: (65021,63993,257,65535)  #FDF901FF  srgba(253,249,1,1)
9,8: (65021,64764,10023,65535)  #FDFC27FF  srgba(253,252,39,1)
10,8: (65021,65278,1285,65535)  #FDFE05FF  srgba(253,254,5,1)
11,8: (65021,65278,1799,65535)  #FDFE07FF  srgba(253,254,7,1)
12,8: (65278,3855,0,65535)  #FE0F00FF  srgba(254,15,0,1)
13,8: (65278,4112,0,65535)  #FE1000FF  srgba(254,16,0,1)
14,8: (65278,6168,0,65535)  #FE1800FF  srgba(254,24,0,1)
15,8: (65278,10023,514,65535)  #FE2702FF  srgba(254,39,2,1)
0,9: (65278,12079,257,65535)  #FE2F01FF  srgba(254,47,1,1)
1,9: (65278,12336,1028,65535)  #FE3004FF  srgba(254,48,4,1)
2,9: (65278,12593,0,65535)  #FE3100FF  srgba(254,49,0,1)
3,9: (65278,13621,1285,65535)  #FE3505FF  srgba(254,53,5,1)
4,9: (65278,14649,2827,65535)  #FE390BFF  srgba(254,57,11,1)
5,9: (65278,15163,514,65535)  #FE3B02FF  srgba(254,59,2,1)
6,9: (65278,16191,0,65535)  #FE3F00FF  srgba(254,63,0,1)
7,9: (65278,17219,771,65535)  #FE4303FF  srgba(254,67,3,1)
8,9: (65278,17476,257,65535)  #FE4401FF  srgba(254,68,1,1)
9,9: (65278,17476,1028,65535)  #FE4404FF  srgba(254,68,4,1)
10,9: (65278,18247,0,65535)  #FE4700FF  srgba(254,71,0,1)
11,9: (65278,20817,0,65535)  #FE5100FF  srgba(254,81,0,1)
12,9: (65278,21588,0,65535)  #FE5400FF  srgba(254,84,0,1)
13,9: (65278,21845,257,65535)  #FE5501FF  srgba(254,85,1,1)
14,9: (65278,22102,771,65535)  #FE5603FF  srgba(254,86,3,1)
15,9: (65278,23130,0,65535)  #FE5A00FF  srgba(254,90,0,1)
0,10: (65278,24415,1285,65535)  #FE5F05FF  srgba(254,95,5,1)
1,10: (65278,24415,3341,65535)  #FE5F0DFF  srgba(254,95,13,1)
2,10: (65278,25186,257,65535)  #FE6201FF  srgba(254,98,1,1)
3,10: (65278,25443,0,65535)  #FE6300FF  srgba(254,99,0,1)
4,10: (65278,25957,1028,65535)  #FE6504FF  srgba(254,101,4,1)
5,10: (65278,26471,771,65535)  #FE6703FF  srgba(254,103,3,1)
6,10: (65278,26985,514,65535)  #FE6902FF  srgba(254,105,2,1)
7,10: (65278,27499,257,65535)  #FE6B01FF  srgba(254,107,1,1)
8,10: (65278,28013,0,65535)  #FE6D00FF  srgba(254,109,0,1)
9,10: (65278,31354,0,65535)  #FE7A00FF  srgba(254,122,0,1)
10,10: (65278,31354,0,65535)  #FE7A00FF  srgba(254,122,0,1)
11,10: (65278,31354,514,65535)  #FE7A02FF  srgba(254,122,2,1)
12,10: (65278,32639,1028,65535)  #FE7F04FF  srgba(254,127,4,1)
13,10: (65278,33410,2570,65535)  #FE820AFF  srgba(254,130,10,1)
14,10: (65278,33924,771,65535)  #FE8403FF  srgba(254,132,3,1)
15,10: (65278,35209,0,65535)  #FE8900FF  srgba(254,137,0,1)
0,11: (65278,35466,257,65535)  #FE8A01FF  srgba(254,138,1,1)
1,11: (65278,36751,257,65535)  #FE8F01FF  srgba(254,143,1,1)
2,11: (65278,36751,1285,65535)  #FE8F05FF  srgba(254,143,5,1)
3,11: (65278,38036,0,65535)  #FE9400FF  srgba(254,148,0,1)
4,11: (65278,38036,771,65535)  #FE9403FF  srgba(254,148,3,1)
5,11: (65278,38293,3855,65535)  #FE950FFF  srgba(254,149,15,1)
6,11: (65278,39578,10023,65535)  #FE9A27FF  srgba(254,154,39,1)
7,11: (65278,40349,514,65535)  #FE9D02FF  srgba(254,157,2,1)
8,11: (65278,40606,0,65535)  #FE9E00FF  srgba(254,158,0,1)
9,11: (65278,41377,0,65535)  #FEA100FF  srgba(254,161,0,1)
10,11: (65278,42405,0,65535)  #FEA500FF  srgba(254,165,0,1)
11,11: (65278,44204,1285,65535)  #FEAC05FF  srgba(254,172,5,1)
12,11: (65278,44718,1542,65535)  #FEAE06FF  srgba(254,174,6,1)
13,11: (65278,45489,1028,65535)  #FEB104FF  srgba(254,177,4,1)
14,11: (65278,45489,2570,65535)  #FEB10AFF  srgba(254,177,10,1)
15,11: (65278,45746,257,65535)  #FEB201FF  srgba(254,178,1,1)
0,12: (65278,46774,0,65535)  #FEB600FF  srgba(254,182,0,1)
1,12: (65278,47288,514,65535)  #FEB802FF  srgba(254,184,2,1)
2,12: (65278,47545,0,65535)  #FEB900FF  srgba(254,185,0,1)
3,12: (65278,47802,0,65535)  #FEBA00FF  srgba(254,186,0,1)
4,12: (65278,48059,0,65535)  #FEBB00FF  srgba(254,187,0,1)
5,12: (65278,48316,257,65535)  #FEBC01FF  srgba(254,188,1,1)
6,12: (65278,48573,0,65535)  #FEBD00FF  srgba(254,189,0,1)
7,12: (65278,48573,0,65535)  #FEBD00FF  srgba(254,189,0,1)
8,12: (65278,49601,0,65535)  #FEC100FF  srgba(254,193,0,1)
9,12: (65278,50372,0,65535)  #FEC400FF  srgba(254,196,0,1)
10,12: (65278,51914,0,65535)  #FECA00FF  srgba(254,202,0,1)
11,12: (65278,52685,257,65535)  #FECD01FF  srgba(254,205,1,1)
12,12: (65278,53713,0,65535)  #FED100FF  srgba(254,209,0,1)
13,12: (65278,53713,1028,65535)  #FED104FF  srgba(254,209,4,1)
14,12: (65278,53713,1285,65535)  #FED105FF  srgba(254,209,5,1)
15,12: (65278,54227,771,65535)  #FED303FF  srgba(254,211,3,1)
0,13: (65278,54484,514,65535)  #FED402FF  srgba(254,212,2,1)
1,13: (65278,55255,0,65535)  #FED700FF  srgba(254,215,0,1)
2,13: (65278,55769,257,65535)  #FED901FF  srgba(254,217,1,1)
3,13: (65278,56026,0,65535)  #FEDA00FF  srgba(254,218,0,1)
4,13: (65278,58082,0,65535)  #FEE200FF  srgba(254,226,0,1)
5,13: (65278,59624,0,65535)  #FEE800FF  srgba(254,232,0,1)
6,13: (65278,59624,1028,65535)  #FEE804FF  srgba(254,232,4,1)
7,13: (65278,60138,514,65535)  #FEEA02FF  srgba(254,234,2,1)
8,13: (65278,60395,771,65535)  #FEEB03FF  srgba(254,235,3,1)
9,13: (65278,60395,1285,65535)  #FEEB05FF  srgba(254,235,5,1)
10,13: (65278,61423,0,65535)  #FEEF00FF  srgba(254,239,0,1)
11,13: (65278,61937,0,65535)  #FEF100FF  srgba(254,241,0,1)
12,13: (65278,62194,257,65535)  #FEF201FF  srgba(254,242,1,1)
13,13: (65278,62708,0,65535)  #FEF400FF  srgba(254,244,0,1)
14,13: (65278,63736,257,65535)  #FEF801FF  srgba(254,248,1,1)
15,13: (65278,64507,17990,65535)  #FEFB46FF  srgba(254,251,70,1)
0,14: (65278,64764,1285,65535)  #FEFC05FF  srgba(254,252,5,1)
1,14: (65278,64764,5140,65535)  #FEFC14FF  srgba(254,252,20,1)
2,14: (65278,65021,2570,65535)  #FEFD0AFF  srgba(254,253,10,1)
3,14: (65278,65021,3084,65535)  #FEFD0CFF  srgba(254,253,12,1)
4,14: (65278,65278,2056,65535)  #FEFE08FF  srgba(254,254,8,1)
5,14: (65278,65278,11308,65535)  #FEFE2CFF  srgba(254,254,44,1)
6,14: (65278,65535,2313,65535)  #FEFF09FF  srgba(254,255,9,1)
7,14: (65535,4626,0,65535)  #FF1200FF  srgba(255,18,0,1)
8,14: (65535,5911,257,65535)  #FF1701FF  srgba(255,23,1,1)
9,14: (65535,8995,0,65535)  #FF2300FF  srgba(255,35,0,1)
10,14: (65535,8995,257,65535)  #FF2301FF  srgba(255,35,1,1)
11,14: (65535,10280,771,65535)  #FF2803FF  srgba(255,40,3,1)
12,14: (65535,21588,514,65535)  #FF5402FF  srgba(255,84,2,1)
13,14: (65535,31611,257,65535)  #FF7B01FF  srgba(255,123,1,1)
14,14: (65535,34695,514,65535)  #FF8702FF  srgba(255,135,2,1)
15,14: (65535,34695,1542,65535)  #FF8706FF  srgba(255,135,6,1)
0,15: (65535,38293,514,65535)  #FF9502FF  srgba(255,149,2,1)
1,15: (65535,39064,1028,65535)  #FF9804FF  srgba(255,152,4,1)
2,15: (65535,42405,771,65535)  #FFA503FF  srgba(255,165,3,1)
3,15: (65535,42662,257,65535)  #FFA601FF  srgba(255,166,1,1)
4,15: (65535,44461,0,65535)  #FFAD00FF  srgba(255,173,0,1)
5,15: (65535,44461,514,65535)  #FFAD02FF  srgba(255,173,2,1)
6,15: (65535,47545,771,65535)  #FFB903FF  srgba(255,185,3,1)
7,15: (65535,50372,0,65535)  #FFC400FF  srgba(255,196,0,1)
8,15: (65535,51143,514,65535)  #FFC702FF  srgba(255,199,2,1)
9,15: (65535,51914,514,65535)  #FFCA02FF  srgba(255,202,2,1)
10,15: (65535,54741,0,65535)  #FFD500FF  srgba(255,213,0,1)
11,15: (65535,54998,514,65535)  #FFD602FF  srgba(255,214,2,1)
12,15: (65535,56797,0,65535)  #FFDD00FF  srgba(255,221,0,1)
13,15: (65535,59367,257,65535)  #FFE701FF  srgba(255,231,1,1)
14,15: (65535,60909,257,65535)  #FFED01FF  srgba(255,237,1,1)
15,15: (0,65535,0,0)  #00FF0000  srgba(0,255,0,0)
