# ImageMagick pixel enumeration: 16,16,65535,srgba
0,0: (48573,9766,52171,65535)  #BD26CBFF  srgba(189,38,203,1)
1,0: (49087,11308,47288,65535)  #BF2CB8FF  srgba(191,44,184,1)
2,0: (50115,12079,43690,65535)  #C32FAAFF  srgba(195,47,170,1)
3,0: (50886,17733,33153,65535)  #C64581FF  srgba(198,69,129,1)
4,0: (51400,10280,52428,65535)  #C828CCFF  srgba(200,40,204,1)
5,0: (51400,24672,52428,65535)  #C860CCFF  srgba(200,96,204,1)
6,0: (51400,34952,54998,65535)  #C888D6FF  srgba(200,136,214,1)
7,0: (51914,4883,60652,65535)  #CA13ECFF  srgba(202,19,236,1)
8,0: (52685,14135,41120,65535)  #CD37A0FF  srgba(205,55,160,1)
9,0: (52685,43176,56026,65535)  #CDA8DAFF  srgba(205,168,218,1)
10,0: (52942,14392,37522,65535)  #CE3892FF  srgba(206,56,146,1)
11,0: (52942,15677,59881,65535)  #CE3DE9FF  srgba(206,61,233,1)
12,0: (52942,25443,59881,65535)  #CE63E9FF  srgba(206,99,233,1)
13,0: (53199,5654,52685,65535)  #CF16CDFF  srgba(207,22,205,1)
14,0: (53199,11822,47288,65535)  #CF2EB8FF  srgba(207,46,184,1)
15,0: (53199,15163,52685,65535)  #CF3BCDFF  srgba(207,59,205,1)
0,1: (53713,34695,55255,65535)  #D187D7FF  srgba(209,135,215,1)
1,1: (53713,49601,57054,65535)  #D1C1DEFF  srgba(209,193,222,1)
2,1: (53970,16448,39321,65535)  #D24099FF  srgba(210,64,153,1)
3,1: (53970,24672,52685,65535)  #D260CDFF  srgba(210,96,205,1)
4,1: (53970,35723,46774,65535)  #D28BB6FF  srgba(210,139,182,1)
5,1: (53970,46260,46517,65535)  #D2B4B5FF  srgba(210,180,181,1)
6,1: (54227,4883,61680,65535)  #D313F0FF  srgba(211,19,240,1)
7,1: (54484,13621,43947,65535)  #D435ABFF  srgba(212,53,171,1)
8,1: (54484,25957,47031,65535)  #D465B7FF  srgba(212,101,183,1)
9,1: (54484,26471,37522,65535)  #D46792FF  srgba(212,103,146,1)
10,1: (54484,57054,63222,65535)  #D4DEF6FF  srgba(212,222,246,1)
11,1: (54741,34695,58339,65535)  #D587E3FF  srgba(213,135,227,1)
12,1: (54741,34952,51400,65535)  #D588C8FF  srgba(213,136,200,1)
13,1: (54741,43176,54998,65535)  #D5A8D6FF  srgba(213,168,214,1)
14,1: (54998,5654,52685,65535)  #D616CDFF  srgba(214,22,205,1)
15,1: (54998,6939,47288,65535)  #D61BB8FF  srgba(214,27,184,1)
0,2: (54998,15420,52685,65535)  #D63CCDFF  srgba(214,60,205,1)
1,2: (54998,15677,60909,65535)  #D63DEDFF  srgba(214,61,237,1)
2,2: (54998,17476,47288,65535)  #D644B8FF  srgba(214,68,184,1)
3,2: (54998,25443,60395,65535)  #D663EBFF  srgba(214,99,235,1)
4,2: (54998,36494,43176,65535)  #D68EA8FF  srgba(214,142,168,1)
5,2: (55255,1028,62965,65535)  #D704F5FF  srgba(215,4,245,1)
6,2: (55255,7710,61680,65535)  #D71EF0FF  srgba(215,30,240,1)
7,2: (55255,20560,33667,65535)  #D75083FF  srgba(215,80,131,1)
8,2: (55255,24929,52428,65535)  #D761CCFF  srgba(215,97,204,1)
9,2: (55255,46260,46517,65535)  #D7B4B5FF  srgba(215,180,181,1)
10,2: (55255,54998,54998,65535)  #D7D6D6FF  srgba(215,214,214,1)
11,2: (55512,36237,46774,65535)  #D88DB6FF  srgba(216,141,182,1)
12,2: (55512,36494,40606,65535)  #D88E9EFF  srgba(216,142,158,1)
13,2: (55512,43176,51143,65535)  #D8A8C7FF  srgba(216,168,199,1)
14,2: (55512,43176,57825,65535)  #D8A8E1FF  srgba(216,168,225,1)
15,2: (55512,46003,37008,65535)  #D8B390FF  srgba(216,179,144,1)
0,3: (55512,49601,55769,65535)  #D8C1D9FF  srgba(216,193,217,1)
1,3: (55512,59624,20303,65535)  #D8E84FFF  srgba(216,232,79,1)
2,3: (55769,34695,60909,65535)  #D987EDFF  srgba(217,135,237,1)
3,3: (55769,34952,55769,65535)  #D988D9FF  srgba(217,136,217,1)
4,3: (55769,35209,51143,65535)  #D989C7FF  srgba(217,137,199,1)
5,3: (55769,44975,46517,65535)  #D9AFB5FF  srgba(217,175,181,1)
6,3: (55769,48059,40606,65535)  #D9BB9EFF  srgba(217,187,158,1)
7,3: (55769,50629,43176,65535)  #D9C5A8FF  srgba(217,197,168,1)
8,3: (56026,9509,43947,65535)  #DA25ABFF  srgba(218,37,171,1)
9,3: (56026,15677,61423,65535)  #DA3DEFFF  srgba(218,61,239,1)
10,3: (56026,19789,43690,65535)  #DA4DAAFF  srgba(218,77,170,1)
11,3: (56026,23130,61166,65535)  #DA5AEEFF  srgba(218,90,238,1)
12,3: (56026,28013,60652,65535)  #DA6DECFF  srgba(218,109,236,1)
13,3: (56026,35980,38807,65535)  #DA8C97FF  srgba(218,140,151,1)
14,3: (56026,42662,40606,65535)  #DAA69EFF  srgba(218,166,158,1)
15,3: (56026,45746,42919,65535)  #DAB2A7FF  srgba(218,178,167,1)
0,4: (56026,47802,25443,65535)  #DABA63FF  srgba(218,186,99,1)
1,4: (56026,49601,51143,65535)  #DAC1C7FF  srgba(218,193,199,1)
2,4: (56026,49601,59110,65535)  #DAC1E6FF  srgba(218,193,230,1)
3,4: (56026,57825,28527,65535)  #DAE16FFF  srgba(218,225,111,1)
4,4: (56283,1028,63222,65535)  #DB04F6FF  srgba(219,4,246,1)
5,4: (56283,1799,52685,65535)  #DB07CDFF  srgba(219,7,205,1)
6,4: (56283,7967,47288,65535)  #DB1FB8FF  srgba(219,31,184,1)
7,4: (56283,7967,62194,65535)  #DB1FF2FF  srgba(219,31,242,1)
8,4: (56283,8224,52685,65535)  #DB20CDFF  srgba(219,32,205,1)
9,4: (56283,15163,52428,65535)  #DB3BCCFF  srgba(219,59,204,1)
10,4: (56283,17219,41120,65535)  #DB43A0FF  srgba(219,67,160,1)
11,4: (56283,18247,47288,65535)  #DB47B8FF  srgba(219,71,184,1)
12,4: (56283,26471,43690,65535)  #DB67AAFF  srgba(219,103,170,1)
13,4: (56283,26985,41120,65535)  #DB69A0FF  srgba(219,105,160,1)
14,4: (56283,27499,39321,65535)  #DB6B99FF  srgba(219,107,153,1)
15,4: (56283,33924,46774,65535)  #DB84B6FF  srgba(219,132,182,1)
0,5: (56283,36751,43176,65535)  #DB8FA8FF  srgba(219,143,168,1)
1,5: (56283,39064,46774,65535)  #DB98B6FF  srgba(219,152,182,1)
2,5: (56283,42919,46260,65535)  #DBA7B4FF  srgba(219,167,180,1)
3,5: (56283,43176,50629,65535)  #DBA8C5FF  srgba(219,168,197,1)
4,5: (56283,43433,54484,65535)  #DBA9D4FF  srgba(219,169,212,1)
5,5: (56283,43433,60138,65535)  #DBA9EAFF  srgba(219,169,234,1)
6,5: (56283,49601,46517,65535)  #DBC1B5FF  srgba(219,193,181,1)
7,5: (56283,58339,63993,65535)  #DBE3F9FF  srgba(219,227,249,1)
8,5: (56540,22359,52428,65535)  #DC57CCFF  srgba(220,87,204,1)
9,5: (56540,26214,47031,65535)  #DC66B7FF  srgba(220,102,183,1)
10,5: (56540,28013,52428,65535)  #DC6DCCFF  srgba(220,109,204,1)
11,5: (56540,33153,50886,65535)  #DC81C6FF  srgba(220,129,198,1)
12,5: (56540,34695,60909,65535)  #DC87EDFF  srgba(220,135,237,1)
13,5: (56540,35209,54998,65535)  #DC89D6FF  srgba(220,137,214,1)
14,5: (56540,36494,37008,65535)  #DC8E90FF  srgba(220,142,144,1)
15,5: (56540,37779,50629,65535)  #DC93C5FF  srgba(220,147,197,1)
0,6: (56540,38293,34438,65535)  #DC9586FF  srgba(220,149,134,1)
1,6: (56540,45489,30326,65535)  #DCB176FF  srgba(220,177,118,1)
2,6: (56540,48059,38807,65535)  #DCBB97FF  srgba(220,187,151,1)
3,6: (56540,51914,33924,65535)  #DCCA84FF  srgba(220,202,132,1)
4,6: (56797,13621,62194,65535)  #DD35F2FF  srgba(221,53,242,1)
5,6: (56797,18247,36494,65535)  #DD478EFF  srgba(221,71,142,1)
6,6: (56797,18504,61937,65535)  #DD48F1FF  srgba(221,72,241,1)
7,6: (56797,25700,64250,65535)  #DD64FAFF  srgba(221,100,250,1)
8,6: (56797,26214,58596,65535)  #DD66E4FF  srgba(221,102,228,1)
9,6: (56797,28013,36751,65535)  #DD6D8FFF  srgba(221,109,143,1)
10,6: (56797,33924,42919,65535)  #DD84A7FF  srgba(221,132,167,1)
11,6: (56797,34181,46774,65535)  #DD85B6FF  srgba(221,133,182,1)
12,6: (56797,35980,40606,65535)  #DD8C9EFF  srgba(221,140,158,1)
13,6: (56797,38807,46774,65535)  #DD97B6FF  srgba(221,151,182,1)
14,6: (56797,39321,43176,65535)  #DD99A8FF  srgba(221,153,168,1)
15,6: (56797,42148,38807,65535)  #DDA497FF  srgba(221,164,151,1)
0,7: (56797,42919,43176,65535)  #DDA7A8FF  srgba(221,167,168,1)
1,7: (56797,42919,46260,65535)  #DDA7B4FF  srgba(221,167,180,1)
2,7: (56797,48830,46517,65535)  #DDBEB5FF  srgba(221,190,181,1)
3,7: (56797,54741,54998,65535)  #DDD5D6FF  srgba(221,213,214,1)
4,7: (57054,514,62194,65535)  #DE02F2FF  srgba(222,2,242,1)
5,7: (57054,771,65535,65535)  #DE03FFFF  srgba(222,3,255,1)
6,7: (57054,7196,65278,65535)  #DE1CFEFF  srgba(222,28,254,1)
7,7: (57054,7453,60138,65535)  #DE1DEAFF  srgba(222,29,234,1)
8,7: (57054,10537,43690,65535)  #DE29AAFF  srgba(222,41,170,1)
9,7: (57054,17476,41120,65535)  #DE44A0FF  srgba(222,68,160,1)
10,7: (57054,18761,39321,65535)  #DE4999FF  srgba(222,73,153,1)
11,7: (57054,19789,43690,65535)  #DE4DAAFF  srgba(222,77,170,1)
12,7: (57054,43176,50886,65535)  #DEA8C6FF  srgba(222,168,198,1)
13,7: (57054,43176,60652,65535)  #DEA8ECFF  srgba(222,168,236,1)
14,7: (57054,43433,54998,65535)  #DEA9D6FF  srgba(222,169,214,1)
15,7: (57054,49087,55255,65535)  #DEBFD7FF  srgba(222,191,215,1)
0,8: (57054,49344,50886,65535)  #DEC0C6FF  srgba(222,192,198,1)
1,8: (57054,49344,61937,65535)  #DEC0F1FF  srgba(222,192,241,1)
2,8: (57054,55769,64250,65535)  #DED9FAFF  srgba(222,217,250,1)
3,8: (57054,62451,65278,65535)  #DEF3FEFF  srgba(222,243,254,1)
4,8: (57311,3084,47288,65535)  #DF0CB8FF  srgba(223,12,184,1)
5,8: (57311,11308,47288,65535)  #DF2CB8FF  srgba(223,44,184,1)
6,8: (57311,18247,47288,65535)  #DF47B8FF  srgba(223,71,184,1)
7,8: (57311,24158,47031,65535)  #DF5EB7FF  srgba(223,94,183,1)
8,8: (57311,28527,47031,65535)  #DF6FB7FF  srgba(223,111,183,1)
9,8: (57311,32382,61423,65535)  #DF7EEFFF  srgba(223,126,239,1)
10,8: (57311,32639,55769,65535)  #DF7FD9FF  srgba(223,127,217,1)
11,8: (57311,33153,50886,65535)  #DF81C6FF  srgba(223,129,198,1)
12,8: (57311,36751,61423,65535)  #DF8FEFFF  srgba(223,143,239,1)
13,8: (57311,37265,55512,65535)  #DF91D8FF  srgba(223,145,216,1)
14,8: (57311,37779,50886,65535)  #DF93C6FF  srgba(223,147,198,1)
15,8: (57311,41120,46774,65535)  #DFA0B6FF  srgba(223,160,182,1)
0,9: (57311,45746,42919,65535)  #DFB2A7FF  srgba(223,178,167,1)
1,9: (57311,46003,37008,65535)  #DFB390FF  srgba(223,179,144,1)
2,9: (57311,47288,40606,65535)  #DFB89EFF  srgba(223,184,158,1)
3,9: (57311,50629,43176,65535)  #DFC5A8FF  srgba(223,197,168,1)
4,9: (57568,0,65278,65535)  #E000FEFF  srgba(224,0,254,1)
5,9: (57568,1028,52428,65535)  #E004CCFF  srgba(224,4,204,1)
6,9: (57568,7196,52428,65535)  #E01CCCFF  srgba(224,28,204,1)
7,9: (57568,12593,52428,65535)  #E031CCFF  srgba(224,49,204,1)
8,9: (57568,16962,52171,65535)  #E042CBFF  srgba(224,66,203,1)
9,9: (57568,22359,52171,65535)  #E057CBFF  srgba(224,87,203,1)
10,9: (57568,28270,52171,65535)  #E06ECBFF  srgba(224,110,203,1)
11,9: (57568,32639,46774,65535)  #E07FB6FF  srgba(224,127,182,1)
12,9: (57568,41891,40606,65535)  #E0A39EFF  srgba(224,163,158,1)
13,9: (57825,257,60652,65535)  #E101ECFF  srgba(225,1,236,1)
14,9: (57825,4369,65278,65535)  #E111FEFF  srgba(225,17,254,1)
15,9: (57825,4626,60909,65535)  #E112EDFF  srgba(225,18,237,1)
0,10: (57825,8995,65278,65535)  #E123FEFF  srgba(225,35,254,1)
1,10: (57825,9252,60652,65535)  #E124ECFF  srgba(225,36,236,1)
2,10: (57825,13621,59881,65535)  #E135E9FF  srgba(225,53,233,1)
3,10: (57825,13621,65278,65535)  #E135FEFF  srgba(225,53,254,1)
4,10: (57825,17990,59367,65535)  #E146E7FF  srgba(225,70,231,1)
5,10: (57825,18247,65278,65535)  #E147FEFF  srgba(225,71,254,1)
6,10: (57825,23387,58853,65535)  #E15BE5FF  srgba(225,91,229,1)
7,10: (57825,23387,64764,65535)  #E15BFCFF  srgba(225,91,252,1)
8,10: (57825,28013,64250,65535)  #E16DFAFF  srgba(225,109,250,1)
9,10: (57825,28270,58596,65535)  #E16EE4FF  srgba(225,110,228,1)
10,10: (57825,33153,40606,65535)  #E1819EFF  srgba(225,129,158,1)
11,10: (57825,35466,38807,65535)  #E18A97FF  srgba(225,138,151,1)
12,10: (57825,38036,40606,65535)  #E1949EFF  srgba(225,148,158,1)
13,10: (57825,42405,51657,65535)  #E1A5C9FF  srgba(225,165,201,1)
14,10: (57825,45232,46774,65535)  #E1B0B6FF  srgba(225,176,182,1)
15,10: (57825,50372,46774,65535)  #E1C4B6FF  srgba(225,196,182,1)
0,11: (58082,257,65535,65535)  #E201FFFF  srgba(226,1,255,1)
1,11: (58082,32896,43176,65535)  #E280A8FF  srgba(226,128,168,1)
2,11: (58082,36751,46774,65535)  #E28FB6FF  srgba(226,143,182,1)
3,11: (58082,38293,43176,65535)  #E295A8FF  srgba(226,149,168,1)
4,11: (58339,18504,42148,65535)  #E348A4FF  srgba(227,72,164,1)
5,11: (58339,23644,44204,65535)  #E35CACFF  srgba(227,92,172,1)
6,11: (58339,25957,42148,65535)  #E365A4FF  srgba(227,101,164,1)
7,11: (58339,26214,40606,65535)  #E3669EFF  srgba(227,102,158,1)
8,11: (58339,26471,38807,65535)  #E36797FF  srgba(227,103,151,1)
9,11: (58339,27756,52171,65535)  #E36CCBFF  srgba(227,108,203,1)
10,11: (58339,28270,44204,65535)  #E36EACFF  srgba(227,110,172,1)
11,11: (58339,32639,51914,65535)  #E37FCAFF  srgba(227,127,202,1)
12,11: (58339,37265,51914,65535)  #E391CAFF  srgba(227,145,202,1)
13,11: (58339,42405,62708,65535)  #E3A5F4FF  srgba(227,165,244,1)
14,11: (58339,47288,51914,65535)  #E3B8CAFF  srgba(227,184,202,1)
15,11: (58339,54998,55769,65535)  #E3D6D9FF  srgba(227,214,217,1)
0,12: (58596,5911,52685,65535)  #E417CDFF  srgba(228,23,205,1)
1,12: (58596,8224,42148,65535)  #E420A4FF  srgba(228,32,164,1)
2,12: (58596,10280,44204,65535)  #E428ACFF  srgba(228,40,172,1)
3,12: (58596,17219,44204,65535)  #E443ACFF  srgba(228,67,172,1)
4,12: (58596,19018,40606,65535)  #E44A9EFF  srgba(228,74,158,1)
5,12: (58596,21588,54227,65535)  #E454D3FF  srgba(228,84,211,1)
6,12: (58596,21845,50629,65535)  #E455C5FF  srgba(228,85,197,1)
7,12: (58596,32125,63222,65535)  #E47DF6FF  srgba(228,125,246,1)
8,12: (58596,36751,63222,65535)  #E48FF6FF  srgba(228,143,246,1)
9,12: (58596,40863,46774,65535)  #E49FB6FF  srgba(228,159,182,1)
10,12: (58596,51143,54227,65535)  #E4C7D3FF  srgba(228,199,211,1)
11,12: (58596,60138,65021,65535)  #E4EAFDFF  srgba(228,234,253,1)
12,12: (58853,3084,44204,65535)  #E50CACFF  srgba(229,12,172,1)
13,12: (58853,8995,40606,65535)  #E5239EFF  srgba(229,35,158,1)
14,12: (58853,12850,47288,65535)  #E532B8FF  srgba(229,50,184,1)
15,12: (58853,15163,38807,65535)  #E53B97FF  srgba(229,59,151,1)
0,13: (58853,17219,47288,65535)  #E543B8FF  srgba(229,67,184,1)
1,13: (58853,22616,47288,65535)  #E558B8FF  srgba(229,88,184,1)
2,13: (58853,26471,35209,65535)  #E56789FF  srgba(229,103,137,1)
3,13: (58853,28013,47288,65535)  #E56DB8FF  srgba(229,109,184,1)
4,13: (58853,32639,46774,65535)  #E57FB6FF  srgba(229,127,182,1)
5,13: (58853,42405,56797,65535)  #E5A5DDFF  srgba(229,165,221,1)
6,13: (58853,47031,57825,65535)  #E5B7E1FF  srgba(229,183,225,1)
7,13: (59110,771,47288,65535)  #E603B8FF  srgba(230,3,184,1)
8,13: (59110,7196,47288,65535)  #E61CB8FF  srgba(230,28,184,1)
9,13: (59110,12850,37008,65535)  #E63290FF  srgba(230,50,144,1)
10,13: (59110,23644,59110,65535)  #E65CE6FF  srgba(230,92,230,1)
11,13: (59110,42148,51914,65535)  #E6A4CAFF  srgba(230,164,202,1)
12,13: (59367,514,52685,65535)  #E702CDFF  srgba(231,2,205,1)
13,13: (59367,771,65535,65535)  #E703FFFF  srgba(231,3,255,1)
14,13: (59367,11308,32896,65535)  #E72C80FF  srgba(231,44,128,1)
15,13: (59367,11308,52685,65535)  #E72CCDFF  srgba(231,44,205,1)
0,14: (59367,32125,57825,65535)  #E77DE1FF  srgba(231,125,225,1)
1,14: (59367,36751,57568,65535)  #E78FE0FF  srgba(231,143,224,1)
2,14: (59367,52685,64507,65535)  #E7CDFBFF  srgba(231,205,251,1)
3,14: (59624,514,64764,65535)  #E802FCFF  srgba(232,2,252,1)
4,14: (59624,771,59624,65535)  #E803E8FF  srgba(232,3,232,1)
5,14: (59624,5397,65278,65535)  #E815FEFF  srgba(232,21,254,1)
6,14: (59624,7710,62965,65535)  #E81EF5FF  srgba(232,30,245,1)
7,14: (59624,15934,52428,65535)  #E83ECCFF  srgba(232,62,204,1)
8,14: (59624,37008,51914,65535)  #E890CAFF  srgba(232,144,202,1)
9,14: (59881,5911,58596,65535)  #E917E4FF  srgba(233,23,228,1)
10,14: (59881,9252,65278,65535)  #E924FEFF  srgba(233,36,254,1)
11,14: (59881,9766,58339,65535)  #E926E3FF  srgba(233,38,227,1)
12,14: (59881,32639,52171,65535)  #E97FCBFF  srgba(233,127,203,1)
13,14: (59881,47545,63736,65535)  #E9B9F8FF  srgba(233,185,248,1)
14,14: (60138,13621,58082,65535)  #EA35E2FF  srgba(234,53,226,1)
15,14: (60138,13621,62194,65535)  #EA35F2FF  srgba(234,53,242,1)
0,15: (60138,18761,57825,65535)  #EA49E1FF  srgba(234,73,225,1)
1,15: (60138,27756,52685,65535)  #EA6CCDFF  srgba(234,108,205,1)
2,15: (60138,28270,58853,65535)  #EA6EE5FF  srgba(234,110,229,1)
3,15: (60395,5911,52942,65535)  #EB17CEFF  srgba(235,23,206,1)
4,15: (60395,13621,65278,65535)  #EB35FEFF  srgba(235,53,254,1)
5,15: (60395,18504,61423,65535)  #EB48EFFF  srgba(235,72,239,1)
6,15: (60395,21845,50886,65535)  #EB55C6FF  srgba(235,85,198,1)
7,15: (60652,18504,65021,65535)  #EC48FDFF  srgba(236,72,253,1)
8,15: (60652,21588,54484,65535)  #EC54D4FF  srgba(236,84,212,1)
9,15: (60652,23387,65021,65535)  #EC5BFDFF  srgba(236,91,253,1)
10,15: (60652,28013,64507,65535)  #EC6DFBFF  srgba(236,109,251,1)
11,15: (61423,23387,59367,65535)  #EF5BE7FF  srgba(239,91,231,1)
12,15: (61680,32125,63736,65535)  #F07DF8FF  srgba(240,125,248,1)
13,15: (61680,42405,63222,65535)  #F0A5F6FF  srgba(240,165,246,1)
14,15: (62194,36751,63479,65535)  #F28FF7FF  srgba(242,143,247,1)
15,15: (0,65535,0,0)  #00FF0000  srgba(0,255,0,0)
