# ImageMagick pixel enumeration: 16,16,65535,srgba
0,0: (14649,0,0,65535)  #390000FF  srgba(57,0,0,1)
1,0: (16448,0,0,65535)  #400000FF  srgba(64,0,0,1)
2,0: (17990,0,0,65535)  #460000FF  srgba(70,0,0,1)
3,0: (19532,0,0,65535)  #4C0000FF  srgba(76,0,0,1)
4,0: (20303,0,0,65535)  #4F0000FF  srgba(79,0,0,1)
5,0: (20817,0,0,65535)  #510000FF  srgba(81,0,0,1)
6,0: (22102,0,0,65535)  #560000FF  srgba(86,0,0,1)
7,0: (22873,0,0,65535)  #590000FF  srgba(89,0,0,1)
8,0: (23901,0,0,65535)  #5D0000FF  srgba(93,0,0,1)
9,0: (24415,514,0,65535)  #5F0200FF  srgba(95,2,0,1)
10,0: (24415,771,0,65535)  #5F0300FF  srgba(95,3,0,1)
11,0: (25186,1542,0,65535)  #620600FF  srgba(98,6,0,1)
12,0: (26471,2313,0,65535)  #670900FF  srgba(103,9,0,1)
13,0: (26728,771,0,65535)  #680300FF  srgba(104,3,0,1)
14,0: (27242,2827,0,65535)  #6A0B00FF  srgba(106,11,0,1)
15,0: (27756,3598,0,65535)  #6C0E00FF  srgba(108,14,0,1)
0,1: (28270,3084,0,65535)  #6E0C00FF  srgba(110,12,0,1)
1,1: (28784,3855,0,65535)  #700F00FF  srgba(112,15,0,1)
2,1: (28784,3855,0,65535)  #700F00FF  srgba(112,15,0,1)
3,1: (29041,4369,0,65535)  #711100FF  srgba(113,17,0,1)
4,1: (29298,4626,0,65535)  #721200FF  srgba(114,18,0,1)
5,1: (29812,4883,0,65535)  #741300FF  srgba(116,19,0,1)
6,1: (29812,5397,0,65535)  #741500FF  srgba(116,21,0,1)
7,1: (30069,5140,0,65535)  #751400FF  srgba(117,20,0,1)
8,1: (30069,5654,0,65535)  #751600FF  srgba(117,22,0,1)
9,1: (30326,5140,0,65535)  #761400FF  srgba(118,20,0,1)
10,1: (30583,6425,0,65535)  #771900FF  srgba(119,25,0,1)
11,1: (31354,5911,0,65535)  #7A1700FF  srgba(122,23,0,1)
12,1: (31611,6425,0,65535)  #7B1900FF  srgba(123,25,0,1)
13,1: (31611,6425,0,65535)  #7B1900FF  srgba(123,25,0,1)
14,1: (31611,6939,0,65535)  #7B1B00FF  srgba(123,27,0,1)
15,1: (31868,7710,0,65535)  #7C1E00FF  srgba(124,30,0,1)
0,2: (32125,6939,0,65535)  #7D1B00FF  srgba(125,27,0,1)
1,2: (32382,6939,0,65535)  #7E1B00FF  srgba(126,27,0,1)
2,2: (32382,7453,0,65535)  #7E1D00FF  srgba(126,29,0,1)
3,2: (33153,6939,0,65535)  #811B00FF  srgba(129,27,0,1)
4,2: (33410,7453,0,65535)  #821D00FF  srgba(130,29,0,1)
5,2: (33667,7967,0,65535)  #831F00FF  srgba(131,31,0,1)
6,2: (34181,8738,0,65535)  #852200FF  srgba(133,34,0,1)
7,2: (34438,8224,0,65535)  #862000FF  srgba(134,32,0,1)
8,2: (34695,8224,0,65535)  #872000FF  srgba(135,32,0,1)
9,2: (34952,9252,0,65535)  #882400FF  srgba(136,36,0,1)
10,2: (35209,8738,0,65535)  #892200FF  srgba(137,34,0,1)
11,2: (35209,9509,0,65535)  #892500FF  srgba(137,37,0,1)
12,2: (35466,9509,0,65535)  #8A2500FF  srgba(138,37,0,1)
13,2: (35723,10023,0,65535)  #8B2700FF  srgba(139,39,0,1)
14,2: (35980,10023,0,65535)  #8C2700FF  srgba(140,39,0,1)
15,2: (36494,10537,0,65535)  #8E2900FF  srgba(142,41,0,1)
0,3: (36494,10537,0,65535)  #8E2900FF  srgba(142,41,0,1)
1,3: (36494,11308,771,65535)  #8E2C03FF  srgba(142,44,3,1)
2,3: (36751,11051,0,65535)  #8F2B00FF  srgba(143,43,0,1)
3,3: (37008,10537,0,65535)  #902900FF  srgba(144,41,0,1)
4,3: (37008,10794,0,65535)  #902A00FF  srgba(144,42,0,1)
5,3: (37522,11565,0,65535)  #922D00FF  srgba(146,45,0,1)
6,3: (37522,11565,0,65535)  #922D00FF  srgba(146,45,0,1)
7,3: (37779,11565,0,65535)  #932D00FF  srgba(147,45,0,1)
8,3: (38550,12593,0,65535)  #963100FF  srgba(150,49,0,1)
9,3: (38807,12079,0,65535)  #972F00FF  srgba(151,47,0,1)
10,3: (38807,12336,0,65535)  #973000FF  srgba(151,48,0,1)
11,3: (38807,12593,0,65535)  #973100FF  srgba(151,49,0,1)
12,3: (39064,12850,0,65535)  #983200FF  srgba(152,50,0,1)
13,3: (39321,12593,0,65535)  #993100FF  srgba(153,49,0,1)
14,3: (39835,12593,0,65535)  #9B3100FF  srgba(155,49,0,1)
15,3: (40349,13364,0,65535)  #9D3400FF  srgba(157,52,0,1)
0,4: (40349,13878,0,65535)  #9D3600FF  srgba(157,54,0,1)
1,4: (40606,13878,1542,65535)  #9E3606FF  srgba(158,54,6,1)
2,4: (40863,16705,0,65535)  #9F4100FF  srgba(159,65,0,1)
3,4: (41120,13878,0,65535)  #A03600FF  srgba(160,54,0,1)
4,4: (41120,14649,0,65535)  #A03900FF  srgba(160,57,0,1)
5,4: (41891,14649,0,65535)  #A33900FF  srgba(163,57,0,1)
6,4: (41891,14649,0,65535)  #A33900FF  srgba(163,57,0,1)
7,4: (42405,14135,0,65535)  #A53700FF  srgba(165,55,0,1)
8,4: (42405,15163,0,65535)  #A53B00FF  srgba(165,59,0,1)
9,4: (42919,15420,0,65535)  #A73C00FF  srgba(167,60,0,1)
10,4: (42919,16448,0,65535)  #A74000FF  srgba(167,64,0,1)
11,4: (43690,16448,0,65535)  #AA4000FF  srgba(170,64,0,1)
12,4: (43947,15420,0,65535)  #AB3C00FF  srgba(171,60,0,1)
13,4: (44204,16448,0,65535)  #AC4000FF  srgba(172,64,0,1)
14,4: (44204,17219,0,65535)  #AC4300FF  srgba(172,67,0,1)
15,4: (44975,16962,0,65535)  #AF4200FF  srgba(175,66,0,1)
0,5: (45232,19018,2827,65535)  #B04A0BFF  srgba(176,74,11,1)
1,5: (45489,17733,0,65535)  #B14500FF  srgba(177,69,0,1)
2,5: (45489,18247,0,65535)  #B14700FF  srgba(177,71,0,1)
3,5: (45489,19532,0,65535)  #B14C00FF  srgba(177,76,0,1)
4,5: (46003,27756,0,65535)  #B36C00FF  srgba(179,108,0,1)
5,5: (46260,19532,514,65535)  #B44C02FF  srgba(180,76,2,1)
6,5: (46517,18247,0,65535)  #B54700FF  srgba(181,71,0,1)
7,5: (46774,19018,0,65535)  #B64A00FF  srgba(182,74,0,1)
8,5: (46774,19275,0,65535)  #B64B00FF  srgba(182,75,0,1)
9,5: (46774,20560,0,65535)  #B65000FF  srgba(182,80,0,1)
10,5: (47545,18761,0,65535)  #B94900FF  srgba(185,73,0,1)
11,5: (47545,19789,0,65535)  #B94D00FF  srgba(185,77,0,1)
12,5: (47545,28527,0,65535)  #B96F00FF  srgba(185,111,0,1)
13,5: (47802,20817,0,65535)  #BA5100FF  srgba(186,81,0,1)
14,5: (48059,19532,0,65535)  #BB4C00FF  srgba(187,76,0,1)
15,5: (48316,21074,0,65535)  #BC5200FF  srgba(188,82,0,1)
0,6: (48573,20046,0,65535)  #BD4E00FF  srgba(189,78,0,1)
1,6: (48573,20303,0,65535)  #BD4F00FF  srgba(189,79,0,1)
2,6: (48830,20046,0,65535)  #BE4E00FF  srgba(190,78,0,1)
3,6: (48830,20303,0,65535)  #BE4F00FF  srgba(190,79,0,1)
4,6: (48830,20560,0,65535)  #BE5000FF  srgba(190,80,0,1)
5,6: (49087,20560,0,65535)  #BF5000FF  srgba(191,80,0,1)
6,6: (49087,28784,0,65535)  #BF7000FF  srgba(191,112,0,1)
7,6: (49344,20046,0,65535)  #C04E00FF  srgba(192,78,0,1)
8,6: (49344,20817,0,65535)  #C05100FF  srgba(192,81,0,1)
9,6: (49344,21588,0,65535)  #C05400FF  srgba(192,84,0,1)
10,6: (49858,20560,0,65535)  #C25000FF  srgba(194,80,0,1)
11,6: (50115,21331,0,65535)  #C35300FF  srgba(195,83,0,1)
12,6: (50115,22102,0,65535)  #C35600FF  srgba(195,86,0,1)
13,6: (50372,29041,0,65535)  #C47100FF  srgba(196,113,0,1)
14,6: (50886,21845,0,65535)  #C65500FF  srgba(198,85,0,1)
15,6: (50886,23644,0,65535)  #C65C00FF  srgba(198,92,0,1)
0,7: (51143,22359,0,65535)  #C75700FF  srgba(199,87,0,1)
1,7: (51143,22873,0,65535)  #C75900FF  srgba(199,89,0,1)
2,7: (51143,27756,1285,65535)  #C76C05FF  srgba(199,108,5,1)
3,7: (51400,22359,0,65535)  #C85700FF  srgba(200,87,0,1)
4,7: (51400,23130,1799,65535)  #C85A07FF  srgba(200,90,7,1)
5,7: (51400,26985,0,65535)  #C86900FF  srgba(200,105,0,1)
6,7: (51400,30840,0,65535)  #C87800FF  srgba(200,120,0,1)
7,7: (51400,31354,0,65535)  #C87A00FF  srgba(200,122,0,1)
8,7: (51657,22873,0,65535)  #C95900FF  srgba(201,89,0,1)
9,7: (52171,23130,0,65535)  #CB5A00FF  srgba(203,90,0,1)
10,7: (52685,23901,0,65535)  #CD5D00FF  srgba(205,93,0,1)
11,7: (52685,24158,0,65535)  #CD5E00FF  srgba(205,94,0,1)
12,7: (52942,26728,0,65535)  #CE6800FF  srgba(206,104,0,1)
13,7: (52942,31097,0,65535)  #CE7900FF  srgba(206,121,0,1)
14,7: (53199,23644,0,65535)  #CF5C00FF  srgba(207,92,0,1)
15,7: (53456,24415,0,65535)  #D05F00FF  srgba(208,95,0,1)
0,8: (53456,24672,0,65535)  #D06000FF  srgba(208,96,0,1)
1,8: (53456,36494,0,65535)  #D08E00FF  srgba(208,142,0,1)
2,8: (53713,26985,0,65535)  #D16900FF  srgba(209,105,0,1)
3,8: (54227,26214,0,65535)  #D36600FF  srgba(211,102,0,1)
4,8: (54227,28527,0,65535)  #D36F00FF  srgba(211,111,0,1)
5,8: (54227,32125,0,65535)  #D37D00FF  srgba(211,125,0,1)
6,8: (54484,24672,0,65535)  #D46000FF  srgba(212,96,0,1)
7,8: (54741,25957,0,65535)  #D56500FF  srgba(213,101,0,1)
8,8: (54741,29812,0,65535)  #D57400FF  srgba(213,116,0,1)
9,8: (55255,24415,0,65535)  #D75F00FF  srgba(215,95,0,1)
10,8: (55512,24415,0,65535)  #D85F00FF  srgba(216,95,0,1)
11,8: (55512,25186,0,65535)  #D86200FF  srgba(216,98,0,1)
12,8: (55512,25700,0,65535)  #D86400FF  srgba(216,100,0,1)
13,8: (55512,25957,0,65535)  #D86500FF  srgba(216,101,0,1)
14,8: (55512,28784,0,65535)  #D87000FF  srgba(216,112,0,1)
15,8: (55512,32639,0,65535)  #D87F00FF  srgba(216,127,0,1)
0,9: (55512,37265,0,65535)  #D89100FF  srgba(216,145,0,1)
1,9: (55769,25957,0,65535)  #D96500FF  srgba(217,101,0,1)
2,9: (55769,26728,257,65535)  #D96801FF  srgba(217,104,1,1)
3,9: (55769,26985,0,65535)  #D96900FF  srgba(217,105,0,1)
4,9: (55769,27756,0,65535)  #D96C00FF  srgba(217,108,0,1)
5,9: (56026,28013,0,65535)  #DA6D00FF  srgba(218,109,0,1)
6,9: (56283,24929,0,65535)  #DB6100FF  srgba(219,97,0,1)
7,9: (56283,25443,0,65535)  #DB6300FF  srgba(219,99,0,1)
8,9: (56283,26985,0,65535)  #DB6900FF  srgba(219,105,0,1)
9,9: (56283,27756,0,65535)  #DB6C00FF  srgba(219,108,0,1)
10,9: (56797,29041,771,65535)  #DD7103FF  srgba(221,113,3,1)
11,9: (56797,35980,0,65535)  #DD8C00FF  srgba(221,140,0,1)
12,9: (56797,39321,0,65535)  #DD9900FF  srgba(221,153,0,1)
13,9: (57054,26471,0,65535)  #DE6700FF  srgba(222,103,0,1)
14,9: (57054,27242,0,65535)  #DE6A00FF  srgba(222,106,0,1)
15,9: (57054,29298,0,65535)  #DE7200FF  srgba(222,114,0,1)
0,10: (57054,32125,0,65535)  #DE7D00FF  srgba(222,125,0,1)
1,10: (57311,28013,0,65535)  #DF6D00FF  srgba(223,109,0,1)
2,10: (57825,27499,0,65535)  #E16B00FF  srgba(225,107,0,1)
3,10: (57825,28527,0,65535)  #E16F00FF  srgba(225,111,0,1)
4,10: (57825,29812,0,65535)  #E17400FF  srgba(225,116,0,1)
5,10: (57825,31354,0,65535)  #E17A00FF  srgba(225,122,0,1)
6,10: (58596,28784,0,65535)  #E47000FF  srgba(228,112,0,1)
7,10: (58596,36751,0,65535)  #E48F00FF  srgba(228,143,0,1)
8,10: (58596,38293,0,65535)  #E49500FF  srgba(228,149,0,1)
9,10: (58596,38550,0,65535)  #E49600FF  srgba(228,150,0,1)
10,10: (58596,40349,0,65535)  #E49D00FF  srgba(228,157,0,1)
11,10: (58853,28527,0,65535)  #E56F00FF  srgba(229,111,0,1)
12,10: (59367,28013,0,65535)  #E76D00FF  srgba(231,109,0,1)
13,10: (59367,28270,0,65535)  #E76E00FF  srgba(231,110,0,1)
14,10: (59367,30069,0,65535)  #E77500FF  srgba(231,117,0,1)
15,10: (59881,32896,0,65535)  #E98000FF  srgba(233,128,0,1)
0,11: (60138,38550,0,65535)  #EA9600FF  srgba(234,150,0,1)
1,11: (60138,44461,0,65535)  #EAAD00FF  srgba(234,173,0,1)
2,11: (60395,29298,0,65535)  #EB7200FF  srgba(235,114,0,1)
3,11: (60395,31868,257,65535)  #EB7C01FF  srgba(235,124,1,1)
4,11: (60395,32639,0,65535)  #EB7F00FF  srgba(235,127,0,1)
5,11: (60652,29298,0,65535)  #EC7200FF  srgba(236,114,0,1)
6,11: (60909,29812,0,65535)  #ED7400FF  srgba(237,116,0,1)
7,11: (60909,32125,2827,65535)  #ED7D0BFF  srgba(237,125,11,1)
8,11: (60909,36494,0,65535)  #ED8E00FF  srgba(237,142,0,1)
9,11: (60909,40349,0,65535)  #ED9D00FF  srgba(237,157,0,1)
10,11: (61166,29812,0,65535)  #EE7400FF  srgba(238,116,0,1)
11,11: (61166,30583,0,65535)  #EE7700FF  srgba(238,119,0,1)
12,11: (61166,30840,0,65535)  #EE7800FF  srgba(238,120,0,1)
13,11: (61423,32382,0,65535)  #EF7E00FF  srgba(239,126,0,1)
14,11: (61423,32896,0,65535)  #EF8000FF  srgba(239,128,0,1)
15,11: (61423,37779,0,65535)  #EF9300FF  srgba(239,147,0,1)
0,12: (61680,33410,0,65535)  #F08200FF  srgba(240,130,0,1)
1,12: (61937,36494,0,65535)  #F18E00FF  srgba(241,142,0,1)
2,12: (61937,40863,0,65535)  #F19F00FF  srgba(241,159,0,1)
3,12: (62194,30583,0,65535)  #F27700FF  srgba(242,119,0,1)
4,12: (62194,45232,0,65535)  #F2B000FF  srgba(242,176,0,1)
5,12: (62451,31611,0,65535)  #F37B00FF  srgba(243,123,0,1)
6,12: (62708,32896,0,65535)  #F48000FF  srgba(244,128,0,1)
7,12: (62708,38550,0,65535)  #F49600FF  srgba(244,150,0,1)
8,12: (62965,38807,257,65535)  #F59701FF  srgba(245,151,1,1)
9,12: (63479,45232,0,65535)  #F7B000FF  srgba(247,176,0,1)
10,12: (63479,45746,0,65535)  #F7B200FF  srgba(247,178,0,1)
11,12: (63736,32125,0,65535)  #F87D00FF  srgba(248,125,0,1)
12,12: (63736,36751,0,65535)  #F88F00FF  srgba(248,143,0,1)
13,12: (63736,40606,0,65535)  #F89E00FF  srgba(248,158,0,1)
14,12: (64250,33410,0,65535)  #FA8200FF  srgba(250,130,0,1)
15,12: (64250,33410,0,65535)  #FA8200FF  srgba(250,130,0,1)
0,13: (64250,33667,0,65535)  #FA8300FF  srgba(250,131,0,1)
1,13: (64250,38550,0,65535)  #FA9600FF  srgba(250,150,0,1)
2,13: (64250,55512,0,65535)  #FAD800FF  srgba(250,216,0,1)
3,13: (64250,59110,0,65535)  #FAE600FF  srgba(250,230,0,1)
4,13: (64507,59367,0,65535)  #FBE700FF  srgba(251,231,0,1)
5,13: (64764,33924,0,65535)  #FC8400FF  srgba(252,132,0,1)
6,13: (64764,37265,0,65535)  #FC9100FF  srgba(252,145,0,1)
7,13: (64764,44461,0,65535)  #FCAD00FF  srgba(252,173,0,1)
8,13: (64764,50629,0,65535)  #FCC500FF  srgba(252,197,0,1)
9,13: (64764,56026,0,65535)  #FCDA00FF  srgba(252,218,0,1)
10,13: (65021,33667,0,65535)  #FD8300FF  srgba(253,131,0,1)
11,13: (65021,40606,0,65535)  #FD9E00FF  srgba(253,158,0,1)
12,13: (65021,43947,0,65535)  #FDAB00FF  srgba(253,171,0,1)
13,13: (65021,46774,0,65535)  #FDB600FF  srgba(253,182,0,1)
14,13: (65021,47802,0,65535)  #FDBA00FF  srgba(253,186,0,1)
15,13: (65021,49344,0,65535)  #FDC000FF  srgba(253,192,0,1)
0,14: (65021,52428,0,65535)  #FDCC00FF  srgba(253,204,0,1)
1,14: (65021,53456,0,65535)  #FDD000FF  srgba(253,208,0,1)
2,14: (65021,57054,0,65535)  #FDDE00FF  srgba(253,222,0,1)
3,14: (65021,57825,0,65535)  #FDE100FF  srgba(253,225,0,1)
4,14: (65021,59367,0,65535)  #FDE700FF  srgba(253,231,0,1)
5,14: (65278,33410,0,65535)  #FE8200FF  srgba(254,130,0,1)
6,14: (65278,34181,0,65535)  #FE8500FF  srgba(254,133,0,1)
7,14: (65278,35209,0,65535)  #FE8900FF  srgba(254,137,0,1)
8,14: (65278,54227,0,65535)  #FED300FF  srgba(254,211,0,1)
9,14: (65278,54741,0,65535)  #FED500FF  srgba(254,213,0,1)
10,14: (65278,55512,0,65535)  #FED800FF  srgba(254,216,0,1)
11,14: (65278,59110,0,65535)  #FEE600FF  srgba(254,230,0,1)
12,14: (65535,33410,0,65535)  #FF8200FF  srgba(255,130,0,1)
13,14: (65535,35723,0,65535)  #FF8B00FF  srgba(255,139,0,1)
14,14: (65535,36237,0,65535)  #FF8D00FF  srgba(255,141,0,1)
15,14: (65535,36494,0,65535)  #FF8E00FF  srgba(255,142,0,1)
0,15: (65535,37265,0,65535)  #FF9100FF  srgba(255,145,0,1)
1,15: (65535,37522,0,65535)  #FF9200FF  srgba(255,146,0,1)
2,15: (65535,39064,0,65535)  #FF9800FF  srgba(255,152,0,1)
3,15: (65535,40092,0,65535)  #FF9C00FF  srgba(255,156,0,1)
4,15: (65535,40092,257,65535)  #FF9C01FF  srgba(255,156,1,1)
5,15: (65535,41120,0,65535)  #FFA000FF  srgba(255,160,0,1)
6,15: (65535,41634,0,65535)  #FFA200FF  srgba(255,162,0,1)
7,15: (65535,41634,0,65535)  #FFA200FF  srgba(255,162,0,1)
8,15: (65535,41891,0,65535)  #FFA300FF  srgba(255,163,0,1)
9,15: (65535,44461,0,65535)  #FFAD00FF  srgba(255,173,0,1)
10,15: (65535,45232,0,65535)  #FFB000FF  srgba(255,176,0,1)
11,15: (65535,45232,0,65535)  #FFB000FF  srgba(255,176,0,1)
12,15: (65535,47288,0,65535)  #FFB800FF  srgba(255,184,0,1)
13,15: (65535,47802,0,65535)  #FFBA00FF  srgba(255,186,0,1)
14,15: (65535,50629,0,65535)  #FFC500FF  srgba(255,197,0,1)
15,15: (0,65535,0,0)  #00FF0000  srgba(0,255,0,0)
