# ImageMagick pixel enumeration: 16,16,65535,srgba
0,0: (19532,6168,64507,65535)  #4C18FBFF  srgba(76,24,251,1)
1,0: (19789,771,65535,65535)  #4D03FFFF  srgba(77,3,255,1)
2,0: (19789,1799,65278,65535)  #4D07FEFF  srgba(77,7,254,1)
3,0: (19789,2313,65278,65535)  #4D09FEFF  srgba(77,9,254,1)
4,0: (20046,1542,65278,65535)  #4E06FEFF  srgba(78,6,254,1)
5,0: (20560,31611,65535,65535)  #507BFFFF  srgba(80,123,255,1)
6,0: (20817,31611,64507,65535)  #517BFBFF  srgba(81,123,251,1)
7,0: (21074,31611,65278,65535)  #527BFEFF  srgba(82,123,254,1)
8,0: (22102,31868,57311,65535)  #567CDFFF  srgba(86,124,223,1)
9,0: (23387,771,65535,65535)  #5B03FFFF  srgba(91,3,255,1)
10,0: (23901,771,64507,65535)  #5D03FBFF  srgba(93,3,251,1)
11,0: (25443,771,65535,65535)  #6303FFFF  srgba(99,3,255,1)
12,0: (28013,1542,61937,65535)  #6D06F1FF  srgba(109,6,241,1)
13,0: (28013,1542,65535,65535)  #6D06FFFF  srgba(109,6,255,1)
14,0: (28013,1799,63736,65535)  #6D07F8FF  srgba(109,7,248,1)
15,0: (28013,3341,61423,65535)  #6D0DEFFF  srgba(109,13,239,1)
0,1: (28270,1542,65535,65535)  #6E06FFFF  srgba(110,6,255,1)
1,1: (28270,2570,62965,65535)  #6E0AF5FF  srgba(110,10,245,1)
2,1: (28784,18504,62451,65535)  #7048F3FF  srgba(112,72,243,1)
3,1: (29041,31097,65278,65535)  #7179FEFF  srgba(113,121,254,1)
4,1: (29298,31097,63222,65535)  #7279F6FF  srgba(114,121,246,1)
5,1: (29812,31611,48573,65535)  #747BBDFF  srgba(116,123,189,1)
6,1: (29812,31868,30326,65535)  #747C76FF  srgba(116,124,118,1)
7,1: (29812,31868,33153,65535)  #747C81FF  srgba(116,124,129,1)
8,1: (30069,514,65278,65535)  #7502FEFF  srgba(117,2,254,1)
9,1: (30069,514,65535,65535)  #7502FFFF  srgba(117,2,255,1)
10,1: (30069,514,65535,65535)  #7502FFFF  srgba(117,2,255,1)
11,1: (30583,514,53970,65535)  #7702D2FF  srgba(119,2,210,1)
12,1: (30583,4626,28527,65535)  #77126FFF  srgba(119,18,111,1)
13,1: (30840,257,63479,65535)  #7801F7FF  srgba(120,1,247,1)
14,1: (31354,31354,58082,65535)  #7A7AE2FF  srgba(122,122,226,1)
15,1: (31611,2313,29812,65535)  #7B0974FF  srgba(123,9,116,1)
0,2: (31611,2827,29555,65535)  #7B0B73FF  srgba(123,11,115,1)
1,2: (32125,24158,29298,65535)  #7D5E72FF  srgba(125,94,114,1)
2,2: (32896,1542,30069,65535)  #800675FF  srgba(128,6,117,1)
3,2: (32896,30583,30840,65535)  #807778FF  srgba(128,119,120,1)
4,2: (33924,4112,34952,65535)  #841088FF  srgba(132,16,136,1)
5,2: (34181,31611,33410,65535)  #857B82FF  srgba(133,123,130,1)
6,2: (34695,1285,33924,65535)  #870584FF  srgba(135,5,132,1)
7,2: (35209,2827,34438,65535)  #890B86FF  srgba(137,11,134,1)
8,2: (35723,257,65535,65535)  #8B01FFFF  srgba(139,1,255,1)
9,2: (35980,0,63479,65535)  #8C00F7FF  srgba(140,0,247,1)
10,2: (35980,26471,34695,65535)  #8C6787FF  srgba(140,103,135,1)
11,2: (36237,2056,34438,65535)  #8D0886FF  srgba(141,8,134,1)
12,2: (36751,31354,55255,65535)  #8F7AD7FF  srgba(143,122,215,1)
13,2: (36751,31354,62965,65535)  #8F7AF5FF  srgba(143,122,245,1)
14,2: (37008,1028,64507,65535)  #9004FBFF  srgba(144,4,251,1)
15,2: (37008,1028,65535,65535)  #9004FFFF  srgba(144,4,255,1)
0,3: (37008,1542,65535,65535)  #9006FFFF  srgba(144,6,255,1)
1,3: (37008,30326,33667,65535)  #907683FF  srgba(144,118,131,1)
2,3: (37265,4883,65021,65535)  #9113FDFF  srgba(145,19,253,1)
3,3: (37265,29298,63736,65535)  #9172F8FF  srgba(145,114,248,1)
4,3: (37779,1028,30583,65535)  #930477FF  srgba(147,4,119,1)
5,3: (37779,1542,60395,65535)  #9306EBFF  srgba(147,6,235,1)
6,3: (38036,1285,34181,65535)  #940585FF  srgba(148,5,133,1)
7,3: (38036,31354,49858,65535)  #947AC2FF  srgba(148,122,194,1)
8,3: (38293,2313,50115,65535)  #9509C3FF  srgba(149,9,195,1)
9,3: (38293,6682,50886,65535)  #951AC6FF  srgba(149,26,198,1)
10,3: (38293,29555,51400,65535)  #9573C8FF  srgba(149,115,200,1)
11,3: (38293,31611,34952,65535)  #957B88FF  srgba(149,123,136,1)
12,3: (38807,0,56283,65535)  #9700DBFF  srgba(151,0,219,1)
13,3: (38807,1028,53713,65535)  #9704D1FF  srgba(151,4,209,1)
14,3: (39321,1542,45746,65535)  #9906B2FF  srgba(153,6,178,1)
15,3: (39835,257,51143,65535)  #9B01C7FF  srgba(155,1,199,1)
0,4: (39835,31354,44204,65535)  #9B7AACFF  srgba(155,122,172,1)
1,4: (40092,257,44975,65535)  #9C01AFFF  srgba(156,1,175,1)
2,4: (40092,1028,34181,65535)  #9C0485FF  srgba(156,4,133,1)
3,4: (40349,257,63479,65535)  #9D01F7FF  srgba(157,1,247,1)
4,4: (40349,1028,43690,65535)  #9D04AAFF  srgba(157,4,170,1)
5,4: (40349,31354,31354,65535)  #9D7A7AFF  srgba(157,122,122,1)
6,4: (40349,31354,32896,65535)  #9D7A80FF  srgba(157,122,128,1)
7,4: (40606,257,65535,65535)  #9E01FFFF  srgba(158,1,255,1)
8,4: (40863,2570,30583,65535)  #9F0A77FF  srgba(159,10,119,1)
9,4: (40863,12593,30583,65535)  #9F3177FF  srgba(159,49,119,1)
10,4: (40863,14649,26985,65535)  #9F3969FF  srgba(159,57,105,1)
11,4: (41120,29298,31868,65535)  #A0727CFF  srgba(160,114,124,1)
12,4: (41120,30326,30326,65535)  #A07676FF  srgba(160,118,118,1)
13,4: (41377,29298,30583,65535)  #A17277FF  srgba(161,114,119,1)
14,4: (42405,29555,33924,65535)  #A57384FF  srgba(165,115,132,1)
15,4: (42662,3084,34695,65535)  #A60C87FF  srgba(166,12,135,1)
0,5: (42919,1028,31354,65535)  #A7047AFF  srgba(167,4,122,1)
1,5: (42919,15677,35466,65535)  #A73D8AFF  srgba(167,61,138,1)
2,5: (42919,30583,33667,65535)  #A77783FF  srgba(167,119,131,1)
3,5: (43176,771,30069,65535)  #A80375FF  srgba(168,3,117,1)
4,5: (43176,2313,34438,65535)  #A80986FF  srgba(168,9,134,1)
5,5: (43176,31611,36494,65535)  #A87B8EFF  srgba(168,123,142,1)
6,5: (43433,1028,32382,65535)  #A9047EFF  srgba(169,4,126,1)
7,5: (43433,1028,33924,65535)  #A90484FF  srgba(169,4,132,1)
8,5: (43690,771,38036,65535)  #AA0394FF  srgba(170,3,148,1)
9,5: (43947,31354,44718,65535)  #AB7AAEFF  srgba(171,122,174,1)
10,5: (44718,0,65021,65535)  #AE00FDFF  srgba(174,0,253,1)
11,5: (45232,1028,46517,65535)  #B004B5FF  srgba(176,4,181,1)
12,5: (45232,1542,62708,65535)  #B006F4FF  srgba(176,6,244,1)
13,5: (45489,514,44204,65535)  #B102ACFF  srgba(177,2,172,1)
14,5: (45489,30840,54741,65535)  #B178D5FF  srgba(177,120,213,1)
15,5: (45746,0,56283,65535)  #B200DBFF  srgba(178,0,219,1)
0,6: (45746,514,65535,65535)  #B202FFFF  srgba(178,2,255,1)
1,6: (45746,1028,63222,65535)  #B204F6FF  srgba(178,4,246,1)
2,6: (46003,514,50886,65535)  #B302C6FF  srgba(179,2,198,1)
3,6: (46774,514,62708,65535)  #B602F4FF  srgba(182,2,244,1)
4,6: (47031,0,43947,65535)  #B700ABFF  srgba(183,0,171,1)
5,6: (47031,0,49601,65535)  #B700C1FF  srgba(183,0,193,1)
6,6: (47288,31354,34695,65535)  #B87A87FF  srgba(184,122,135,1)
7,6: (47802,1285,31354,65535)  #BA057AFF  srgba(186,5,122,1)
8,6: (47802,1542,34181,65535)  #BA0685FF  srgba(186,6,133,1)
9,6: (48059,3084,61680,65535)  #BB0CF0FF  srgba(187,12,240,1)
10,6: (48316,2056,60909,65535)  #BC08EDFF  srgba(188,8,237,1)
11,6: (48573,514,32639,65535)  #BD027FFF  srgba(189,2,127,1)
12,6: (48573,1542,46003,65535)  #BD06B3FF  srgba(189,6,179,1)
13,6: (48573,3084,46517,65535)  #BD0CB5FF  srgba(189,12,181,1)
14,6: (48830,514,37522,65535)  #BE0292FF  srgba(190,2,146,1)
15,6: (48830,2056,45489,65535)  #BE08B1FF  srgba(190,8,177,1)
0,7: (48830,30583,64764,65535)  #BE77FCFF  srgba(190,119,252,1)
1,7: (49087,0,64764,65535)  #BF00FCFF  srgba(191,0,252,1)
2,7: (49087,514,31354,65535)  #BF027AFF  srgba(191,2,122,1)
3,7: (49601,514,30583,65535)  #C10277FF  srgba(193,2,119,1)
4,7: (49858,20817,50115,65535)  #C251C3FF  srgba(194,81,195,1)
5,7: (50372,0,56540,65535)  #C400DCFF  srgba(196,0,220,1)
6,7: (50372,2056,31354,65535)  #C4087AFF  srgba(196,8,122,1)
7,7: (50372,6425,35209,65535)  #C41989FF  srgba(196,25,137,1)
8,7: (50372,21845,63736,65535)  #C455F8FF  srgba(196,85,248,1)
9,7: (50372,31097,44718,65535)  #C479AEFF  srgba(196,121,174,1)
10,7: (50629,2056,29812,65535)  #C50874FF  srgba(197,8,116,1)
11,7: (50629,2570,34695,65535)  #C50A87FF  srgba(197,10,135,1)
12,7: (50629,30840,31611,65535)  #C5787BFF  srgba(197,120,123,1)
13,7: (50886,1285,30583,65535)  #C60577FF  srgba(198,5,119,1)
14,7: (50886,29298,34181,65535)  #C67285FF  srgba(198,114,133,1)
15,7: (50886,30326,33410,65535)  #C67682FF  srgba(198,118,130,1)
0,8: (51143,22102,29812,65535)  #C75674FF  srgba(199,86,116,1)
1,8: (51143,25957,35723,65535)  #C7658BFF  srgba(199,101,139,1)
2,8: (51143,29041,31611,65535)  #C7717BFF  srgba(199,113,123,1)
3,8: (51400,1285,29555,65535)  #C80573FF  srgba(200,5,115,1)
4,8: (51400,30069,30069,65535)  #C87575FF  srgba(200,117,117,1)
5,8: (51657,1542,60652,65535)  #C906ECFF  srgba(201,6,236,1)
6,8: (51657,31354,26985,65535)  #C97A69FF  srgba(201,122,105,1)
7,8: (51914,0,64507,65535)  #CA00FBFF  srgba(202,0,251,1)
8,8: (51914,2313,25957,65535)  #CA0965FF  srgba(202,9,101,1)
9,8: (51914,23644,26985,65535)  #CA5C69FF  srgba(202,92,105,1)
10,8: (52171,257,28270,65535)  #CB016EFF  srgba(203,1,110,1)
11,8: (52171,514,29555,65535)  #CB0273FF  srgba(203,2,115,1)
12,8: (52171,1028,46774,65535)  #CB04B6FF  srgba(203,4,182,1)
13,8: (52171,1028,61423,65535)  #CB04EFFF  srgba(203,4,239,1)
14,8: (52685,514,44204,65535)  #CD02ACFF  srgba(205,2,172,1)
15,8: (52685,514,65278,65535)  #CD02FEFF  srgba(205,2,254,1)
0,9: (52685,1285,26214,65535)  #CD0566FF  srgba(205,5,102,1)
1,9: (52685,31354,34181,65535)  #CD7A85FF  srgba(205,122,133,1)
2,9: (52942,514,59624,65535)  #CE02E8FF  srgba(206,2,232,1)
3,9: (52942,1542,33924,65535)  #CE0684FF  srgba(206,6,132,1)
4,9: (53199,257,24158,65535)  #CF015EFF  srgba(207,1,94,1)
5,9: (53199,514,51400,65535)  #CF02C8FF  srgba(207,2,200,1)
6,9: (53199,17990,18761,65535)  #CF4649FF  srgba(207,70,73,1)
7,9: (53456,1285,31354,65535)  #D0057AFF  srgba(208,5,122,1)
8,9: (53713,30583,55769,65535)  #D177D9FF  srgba(209,119,217,1)
9,9: (53970,0,43947,65535)  #D200ABFF  srgba(210,0,171,1)
10,9: (54227,0,49601,65535)  #D300C1FF  srgba(211,0,193,1)
11,9: (54227,0,56797,65535)  #D300DDFF  srgba(211,0,221,1)
12,9: (54227,257,37008,65535)  #D30190FF  srgba(211,1,144,1)
13,9: (54227,514,32639,65535)  #D3027FFF  srgba(211,2,127,1)
14,9: (54227,29812,21845,65535)  #D37455FF  srgba(211,116,85,1)
15,9: (54227,30326,64764,65535)  #D376FCFF  srgba(211,118,252,1)
0,10: (54484,514,31354,65535)  #D4027AFF  srgba(212,2,122,1)
1,10: (54998,0,64507,65535)  #D600FBFF  srgba(214,0,251,1)
2,10: (54998,514,30326,65535)  #D60276FF  srgba(214,2,118,1)
3,10: (58339,0,30583,65535)  #E30077FF  srgba(227,0,119,1)
4,10: (58339,771,39835,65535)  #E3039BFF  srgba(227,3,155,1)
5,10: (58596,771,31097,65535)  #E40379FF  srgba(228,3,121,1)
6,10: (58596,1028,33153,65535)  #E40481FF  srgba(228,4,129,1)
7,10: (58596,30840,33410,65535)  #E47882FF  srgba(228,120,130,1)
8,10: (59110,0,47545,65535)  #E600B9FF  srgba(230,0,185,1)
9,10: (59110,514,62708,65535)  #E602F4FF  srgba(230,2,244,1)
10,10: (59367,0,52428,65535)  #E700CCFF  srgba(231,0,204,1)
11,10: (59367,0,58596,65535)  #E700E4FF  srgba(231,0,228,1)
12,10: (59367,30583,61166,65535)  #E777EEFF  srgba(231,119,238,1)
13,10: (59624,0,64250,65535)  #E800FAFF  srgba(232,0,250,1)
14,10: (59624,771,55255,65535)  #E803D7FF  srgba(232,3,215,1)
15,10: (59881,0,41377,65535)  #E900A1FF  srgba(233,0,161,1)
0,11: (59881,29812,61423,65535)  #E974EFFF  srgba(233,116,239,1)
1,11: (60138,29298,61680,65535)  #EA72F0FF  srgba(234,114,240,1)
2,11: (60138,30069,32896,65535)  #EA7580FF  srgba(234,117,128,1)
3,11: (60395,0,34438,65535)  #EB0086FF  srgba(235,0,134,1)
4,11: (60395,514,47288,65535)  #EB02B8FF  srgba(235,2,184,1)
5,11: (60395,1799,30583,65535)  #EB0777FF  srgba(235,7,119,1)
6,11: (60652,0,24415,65535)  #EC005FFF  srgba(236,0,95,1)
7,11: (60909,30583,30326,65535)  #ED7776FF  srgba(237,119,118,1)
8,11: (61166,5140,37522,65535)  #EE1492FF  srgba(238,20,146,1)
9,11: (61166,30583,52685,65535)  #EE77CDFF  srgba(238,119,205,1)
10,11: (61423,27756,57054,65535)  #EF6CDEFF  srgba(239,108,222,1)
11,11: (61423,28784,56797,65535)  #EF70DDFF  srgba(239,112,221,1)
12,11: (61680,0,30840,65535)  #F00078FF  srgba(240,0,120,1)
13,11: (61680,2827,26214,65535)  #F00B66FF  srgba(240,11,102,1)
14,11: (61680,16448,57311,65535)  #F040DFFF  srgba(240,64,223,1)
15,11: (62194,257,16448,65535)  #F20140FF  srgba(242,1,64,1)
0,12: (62194,771,27242,65535)  #F2036AFF  srgba(242,3,106,1)
1,12: (62194,29298,37522,65535)  #F27292FF  srgba(242,114,146,1)
2,12: (62194,29812,51657,65535)  #F274C9FF  srgba(242,116,201,1)
3,12: (62451,29298,52171,65535)  #F372CBFF  srgba(243,114,203,1)
4,12: (62708,771,30840,65535)  #F40378FF  srgba(244,3,120,1)
5,12: (62708,771,33410,65535)  #F40382FF  srgba(244,3,130,1)
6,12: (62708,23130,38807,65535)  #F45A97FF  srgba(244,90,151,1)
7,12: (62708,28527,38550,65535)  #F46F96FF  srgba(244,111,150,1)
8,12: (62965,771,39835,65535)  #F5039BFF  srgba(245,3,155,1)
9,12: (62965,11822,25957,65535)  #F52E65FF  srgba(245,46,101,1)
10,12: (62965,29555,29298,65535)  #F57372FF  srgba(245,115,114,1)
11,12: (62965,30583,44461,65535)  #F577ADFF  srgba(245,119,173,1)
12,12: (63222,26728,25957,65535)  #F66865FF  srgba(246,104,101,1)
13,12: (63222,28784,25700,65535)  #F67064FF  srgba(246,112,100,1)
14,12: (63222,29812,40349,65535)  #F6749DFF  srgba(246,116,157,1)
15,12: (63479,1799,24158,65535)  #F7075EFF  srgba(247,7,94,1)
0,13: (63736,4112,12850,65535)  #F81032FF  srgba(248,16,50,1)
1,13: (63736,30840,35209,65535)  #F87889FF  srgba(248,120,137,1)
2,13: (63993,0,58339,65535)  #F900E3FF  srgba(249,0,227,1)
3,13: (63993,29555,22616,65535)  #F97358FF  srgba(249,115,88,1)
4,13: (63993,30840,22873,65535)  #F97859FF  srgba(249,120,89,1)
5,13: (63993,31354,12079,65535)  #F97A2FFF  srgba(249,122,47,1)
6,13: (63993,31354,16962,65535)  #F97A42FF  srgba(249,122,66,1)
7,13: (64250,1542,16448,65535)  #FA0640FF  srgba(250,6,64,1)
8,13: (64250,1799,5654,65535)  #FA0716FF  srgba(250,7,22,1)
9,13: (64250,3598,3084,65535)  #FA0E0CFF  srgba(250,14,12,1)
10,13: (64250,29041,15677,65535)  #FA713DFF  srgba(250,113,61,1)
11,13: (64250,30069,16191,65535)  #FA753FFF  srgba(250,117,63,1)
12,13: (64250,31354,0,65535)  #FA7A00FF  srgba(250,122,0,1)
13,13: (64250,31354,5654,65535)  #FA7A16FF  srgba(250,122,22,1)
14,13: (64507,0,47545,65535)  #FB00B9FF  srgba(251,0,185,1)
15,13: (64507,514,9509,65535)  #FB0225FF  srgba(251,2,37,1)
0,14: (64507,3598,0,65535)  #FB0E00FF  srgba(251,14,0,1)
1,14: (64507,29555,5397,65535)  #FB7315FF  srgba(251,115,21,1)
2,14: (64507,30326,2313,65535)  #FB7609FF  srgba(251,118,9,1)
3,14: (64507,30326,10537,65535)  #FB7629FF  srgba(251,118,41,1)
4,14: (64764,0,29812,65535)  #FC0074FF  srgba(252,0,116,1)
5,14: (64764,0,41120,65535)  #FC00A0FF  srgba(252,0,160,1)
6,14: (64764,0,52428,65535)  #FC00CCFF  srgba(252,0,204,1)
7,14: (64764,771,21845,65535)  #FC0355FF  srgba(252,3,85,1)
8,14: (64764,1542,12079,65535)  #FC062FFF  srgba(252,6,47,1)
9,14: (64764,26985,4626,65535)  #FC6912FF  srgba(252,105,18,1)
10,14: (64764,30583,29041,65535)  #FC7771FF  srgba(252,119,113,1)
11,14: (65021,0,24672,65535)  #FD0060FF  srgba(253,0,96,1)
12,14: (65021,0,34695,65535)  #FD0087FF  srgba(253,0,135,1)
13,14: (65021,514,1542,65535)  #FD0206FF  srgba(253,2,6,1)
14,14: (65278,514,16962,65535)  #FE0242FF  srgba(254,2,66,1)
15,14: (65278,1799,0,65535)  #FE0700FF  srgba(254,7,0,1)
0,15: (65278,1799,0,65535)  #FE0700FF  srgba(254,7,0,1)
1,15: (65535,0,21845,65535)  #FF0055FF  srgba(255,0,85,1)
2,15: (65535,0,23644,65535)  #FF005CFF  srgba(255,0,92,1)
3,15: (65535,0,25700,65535)  #FF0064FF  srgba(255,0,100,1)
4,15: (65535,257,8738,65535)  #FF0122FF  srgba(255,1,34,1)
5,15: (65535,514,3084,65535)  #FF020CFF  srgba(255,2,12,1)
6,15: (65535,514,7967,65535)  #FF021FFF  srgba(255,2,31,1)
7,15: (65535,514,11565,65535)  #FF022DFF  srgba(255,2,45,1)
8,15: (65535,514,15934,65535)  #FF023EFF  srgba(255,2,62,1)
9,15: (65535,514,16448,65535)  #FF0240FF  srgba(255,2,64,1)
10,15: (65535,771,0,65535)  #FF0300FF  srgba(255,3,0,1)
11,15: (65535,771,0,65535)  #FF0300FF  srgba(255,3,0,1)
12,15: (65535,771,26728,65535)  #FF0368FF  srgba(255,3,104,1)
13,15: (65535,1285,0,65535)  #FF0500FF  srgba(255,5,0,1)
14,15: (65535,1799,5911,65535)  #FF0717FF  srgba(255,7,23,1)
15,15: (0,65535,0,0)  #00FF0000  srgba(0,255,0,0)
