# ImageMagick pixel enumeration: 16,16,65535,srgba
0,0: (11565,7710,5654,65535)  #2D1E16FF  srgba(45,30,22,1)
1,0: (12850,0,0,65535)  #320000FF  srgba(50,0,0,1)
2,0: (13621,19532,21074,65535)  #354C52FF  srgba(53,76,82,1)
3,0: (14135,17733,9509,65535)  #374525FF  srgba(55,69,37,1)
4,0: (14649,2827,0,65535)  #390B00FF  srgba(57,11,0,1)
5,0: (14906,0,0,65535)  #3A0000FF  srgba(58,0,0,1)
6,0: (15934,39064,33924,65535)  #3E9884FF  srgba(62,152,132,1)
7,0: (17219,26728,25186,65535)  #436862FF  srgba(67,104,98,1)
8,0: (17476,257,257,65535)  #440101FF  srgba(68,1,1,1)
9,0: (18504,31868,33153,65535)  #487C81FF  srgba(72,124,129,1)
10,0: (19018,38807,34181,65535)  #4A9785FF  srgba(74,151,133,1)
11,0: (19532,7453,3855,65535)  #4C1D0FFF  srgba(76,29,15,1)
12,0: (20046,514,0,65535)  #4E0200FF  srgba(78,2,0,1)
13,0: (20560,17733,10023,65535)  #504527FF  srgba(80,69,39,1)
14,0: (21074,41634,42148,65535)  #52A2A4FF  srgba(82,162,164,1)
15,0: (21331,45746,43433,65535)  #53B2A9FF  srgba(83,178,169,1)
0,1: (22616,0,0,65535)  #580000FF  srgba(88,0,0,1)
1,1: (22616,0,0,65535)  #580000FF  srgba(88,0,0,1)
2,1: (22616,257,257,65535)  #580101FF  srgba(88,1,1,1)
3,1: (22616,4369,0,65535)  #581100FF  srgba(88,17,0,1)
4,1: (22616,38036,32125,65535)  #58947DFF  srgba(88,148,125,1)
5,1: (22616,40606,37265,65535)  #589E91FF  srgba(88,158,145,1)
6,1: (23387,31354,22359,65535)  #5B7A57FF  srgba(91,122,87,1)
7,1: (23901,6682,1542,65535)  #5D1A06FF  srgba(93,26,6,1)
8,1: (24415,15163,6939,65535)  #5F3B1BFF  srgba(95,59,27,1)
9,1: (24415,21588,9509,65535)  #5F5425FF  srgba(95,84,37,1)
10,1: (24672,32125,35466,65535)  #607D8AFF  srgba(96,125,138,1)
11,1: (24929,771,0,65535)  #610300FF  srgba(97,3,0,1)
12,1: (24929,19275,19018,65535)  #614B4AFF  srgba(97,75,74,1)
13,1: (25186,7967,0,65535)  #621F00FF  srgba(98,31,0,1)
14,1: (25443,26728,22616,65535)  #636858FF  srgba(99,104,88,1)
15,1: (25443,41634,48059,65535)  #63A2BBFF  srgba(99,162,187,1)
0,2: (25700,0,0,65535)  #640000FF  srgba(100,0,0,1)
1,2: (25957,0,0,65535)  #650000FF  srgba(101,0,0,1)
2,2: (26214,38036,31868,65535)  #66947CFF  srgba(102,148,124,1)
3,2: (26214,41120,37265,65535)  #66A091FF  srgba(102,160,145,1)
4,2: (26214,41891,42405,65535)  #66A3A5FF  srgba(102,163,165,1)
5,2: (26214,47031,43947,65535)  #66B7ABFF  srgba(102,183,171,1)
6,2: (27242,46517,49087,65535)  #6AB5BFFF  srgba(106,181,191,1)
7,2: (27499,32125,39835,65535)  #6B7D9BFF  srgba(107,125,155,1)
8,2: (27499,49858,49087,65535)  #6BC2BFFF  srgba(107,194,191,1)
9,2: (27756,32896,27756,65535)  #6C806CFF  srgba(108,128,108,1)
10,2: (28013,12850,2056,65535)  #6D3208FF  srgba(109,50,8,1)
11,2: (28013,31097,22616,65535)  #6D7958FF  srgba(109,121,88,1)
12,2: (28527,19789,19275,65535)  #6F4D4BFF  srgba(111,77,75,1)
13,2: (28527,22102,12079,65535)  #6F562FFF  srgba(111,86,47,1)
14,2: (28527,24672,20046,65535)  #6F604EFF  srgba(111,96,78,1)
15,2: (28527,27242,20817,65535)  #6F6A51FF  srgba(111,106,81,1)
0,3: (28784,257,257,65535)  #700101FF  srgba(112,1,1,1)
1,3: (28784,39064,33667,65535)  #709883FF  srgba(112,152,131,1)
2,3: (29041,0,0,65535)  #710000FF  srgba(113,0,0,1)
3,3: (29041,15420,10537,65535)  #713C29FF  srgba(113,60,41,1)
4,3: (29041,36237,29812,65535)  #718D74FF  srgba(113,141,116,1)
5,3: (29041,40092,41891,65535)  #719CA3FF  srgba(113,156,163,1)
6,3: (29041,40863,37008,65535)  #719F90FF  srgba(113,159,144,1)
7,3: (29041,43433,41634,65535)  #71A9A2FF  srgba(113,169,162,1)
8,3: (29041,46260,43947,65535)  #71B4ABFF  srgba(113,180,171,1)
9,3: (29298,40863,48830,65535)  #729FBEFF  srgba(114,159,190,1)
10,3: (30583,32382,35980,65535)  #777E8CFF  srgba(119,126,140,1)
11,3: (30583,49087,49858,65535)  #77BFC2FF  srgba(119,191,194,1)
12,3: (30840,30840,23130,65535)  #78785AFF  srgba(120,120,90,1)
13,3: (30840,32896,26985,65535)  #788069FF  srgba(120,128,105,1)
14,3: (31097,21588,18761,65535)  #795449FF  srgba(121,84,73,1)
15,3: (31097,25186,19532,65535)  #79624CFF  srgba(121,98,76,1)
0,4: (31097,26985,18504,65535)  #796948FF  srgba(121,105,72,1)
1,4: (31097,27499,23901,65535)  #796B5DFF  srgba(121,107,93,1)
2,4: (31097,41120,36751,65535)  #79A08FFF  srgba(121,160,143,1)
3,4: (31354,42919,40349,65535)  #7AA79DFF  srgba(122,167,157,1)
4,4: (31354,45746,44718,65535)  #7AB2AEFF  srgba(122,178,174,1)
5,4: (31611,38036,33153,65535)  #7B9481FF  srgba(123,148,129,1)
6,4: (31868,0,0,65535)  #7C0000FF  srgba(124,0,0,1)
7,4: (31868,41377,49344,65535)  #7CA1C0FF  srgba(124,161,192,1)
8,4: (32382,40863,36751,65535)  #7E9F8FFF  srgba(126,159,143,1)
9,4: (32639,4883,0,65535)  #7F1300FF  srgba(127,19,0,1)
10,4: (32896,50115,50886,65535)  #80C3C6FF  srgba(128,195,198,1)
11,4: (33153,28527,22102,65535)  #816F56FF  srgba(129,111,86,1)
12,4: (33153,35723,28013,65535)  #818B6DFF  srgba(129,139,109,1)
13,4: (33153,36494,30840,65535)  #818E78FF  srgba(129,142,120,1)
14,4: (33410,46517,49344,65535)  #82B5C0FF  srgba(130,181,192,1)
15,4: (33667,24158,17476,65535)  #835E44FF  srgba(131,94,68,1)
0,5: (33667,41120,44718,65535)  #83A0AEFF  srgba(131,160,174,1)
1,5: (33667,42405,40863,65535)  #83A59FFF  srgba(131,165,159,1)
2,5: (33924,257,0,65535)  #840100FF  srgba(132,1,0,1)
3,5: (33924,19789,13107,65535)  #844D33FF  srgba(132,77,51,1)
4,5: (33924,31097,26985,65535)  #847969FF  srgba(132,121,105,1)
5,5: (33924,37522,35980,65535)  #84928CFF  srgba(132,146,140,1)
6,5: (34181,257,0,65535)  #850100FF  srgba(133,1,0,1)
7,5: (34181,25186,20303,65535)  #85624FFF  srgba(133,98,79,1)
8,5: (34181,49858,54484,65535)  #85C2D4FF  srgba(133,194,212,1)
9,5: (34438,37265,40863,65535)  #86919FFF  srgba(134,145,159,1)
10,5: (34695,39321,49601,65535)  #8799C1FF  srgba(135,153,193,1)
11,5: (34695,43433,50372,65535)  #87A9C4FF  srgba(135,169,196,1)
12,5: (34695,44718,44975,65535)  #87AEAFFF  srgba(135,174,175,1)
13,5: (34952,13364,12079,65535)  #88342FFF  srgba(136,52,47,1)
14,5: (34952,21588,16705,65535)  #885441FF  srgba(136,84,65,1)
15,5: (35209,771,0,65535)  #890300FF  srgba(137,3,0,1)
0,6: (35209,7967,5397,65535)  #891F15FF  srgba(137,31,21,1)
1,6: (35209,36751,44718,65535)  #898FAEFF  srgba(137,143,174,1)
2,6: (35209,46774,53199,65535)  #89B6CFFF  srgba(137,182,207,1)
3,6: (35466,514,0,65535)  #8A0200FF  srgba(138,2,0,1)
4,6: (35980,3084,3341,65535)  #8C0C0DFF  srgba(140,12,13,1)
5,6: (35980,15934,16962,65535)  #8C3E42FF  srgba(140,62,66,1)
6,6: (35980,22359,23387,65535)  #8C575BFF  srgba(140,87,91,1)
7,6: (35980,25443,27756,65535)  #8C636CFF  srgba(140,99,108,1)
8,6: (35980,30326,33410,65535)  #8C7682FF  srgba(140,118,130,1)
9,6: (35980,32125,40092,65535)  #8C7D9CFF  srgba(140,125,156,1)
10,6: (36494,17733,21588,65535)  #8E4554FF  srgba(142,69,84,1)
11,6: (36751,771,0,65535)  #8F0300FF  srgba(143,3,0,1)
12,6: (36751,7196,11308,65535)  #8F1C2CFF  srgba(143,28,44,1)
13,6: (37265,40349,48573,65535)  #919DBDFF  srgba(145,157,189,1)
14,6: (37522,42405,53199,65535)  #92A5CFFF  srgba(146,165,207,1)
15,6: (37779,37522,33153,65535)  #939281FF  srgba(147,146,129,1)
0,7: (39321,36751,44975,65535)  #998FAFFF  srgba(153,143,175,1)
1,7: (39321,40606,44975,65535)  #999EAFFF  srgba(153,158,175,1)
2,7: (40863,4883,6168,65535)  #9F1318FF  srgba(159,19,24,1)
3,7: (40863,22102,24158,65535)  #9F565EFF  srgba(159,86,94,1)
4,7: (40863,30583,34181,65535)  #9F7785FF  srgba(159,119,133,1)
5,7: (40863,40863,49344,65535)  #9F9FC0FF  srgba(159,159,192,1)
6,7: (41120,8481,11565,65535)  #A0212DFF  srgba(160,33,45,1)
7,7: (41120,41634,52428,65535)  #A0A2CCFF  srgba(160,162,204,1)
8,7: (41377,1028,0,65535)  #A10400FF  srgba(161,4,0,1)
9,7: (41377,10537,14392,65535)  #A12938FF  srgba(161,41,56,1)
10,7: (41377,32896,40863,65535)  #A1809FFF  srgba(161,128,159,1)
11,7: (41634,24929,31611,65535)  #A2617BFF  srgba(162,97,123,1)
12,7: (41634,26985,24672,65535)  #A26960FF  srgba(162,105,96,1)
13,7: (41634,30583,38293,65535)  #A27795FF  srgba(162,119,149,1)
14,7: (41634,42405,36751,65535)  #A2A58FFF  srgba(162,165,143,1)
15,7: (41891,2056,771,65535)  #A30803FF  srgba(163,8,3,1)
0,8: (41891,12593,17733,65535)  #A33145FF  srgba(163,49,69,1)
1,8: (42148,18247,24158,65535)  #A4475EFF  srgba(164,71,94,1)
2,8: (42148,38550,48316,65535)  #A496BCFF  srgba(164,150,188,1)
3,8: (42405,14906,21588,65535)  #A53A54FF  srgba(165,58,84,1)
4,8: (42662,9252,6682,65535)  #A6241AFF  srgba(166,36,26,1)
5,8: (43176,43947,52942,65535)  #A8ABCEFF  srgba(168,171,206,1)
6,8: (43433,36494,44975,65535)  #A98EAFFF  srgba(169,142,175,1)
7,8: (43433,44461,40606,65535)  #A9AD9EFF  srgba(169,173,158,1)
8,8: (44204,37008,40606,65535)  #AC909EFF  srgba(172,144,158,1)
9,8: (44204,47545,51657,65535)  #ACB9C9FF  srgba(172,185,201,1)
10,8: (44204,47802,44975,65535)  #ACBAAFFF  srgba(172,186,175,1)
11,8: (44718,36494,36494,65535)  #AE8E8EFF  srgba(174,142,142,1)
12,8: (44718,45489,56026,65535)  #AEB1DAFF  srgba(174,177,218,1)
13,8: (44975,30840,37265,65535)  #AF7891FF  srgba(175,120,145,1)
14,8: (45232,23901,30069,65535)  #B05D75FF  srgba(176,93,117,1)
15,8: (45232,42148,52428,65535)  #B0A4CCFF  srgba(176,164,204,1)
0,9: (45232,45489,52942,65535)  #B0B1CEFF  srgba(176,177,206,1)
1,9: (45232,51657,50886,65535)  #B0C9C6FF  srgba(176,201,198,1)
2,9: (45489,41377,49344,65535)  #B1A1C0FF  srgba(177,161,192,1)
3,9: (45746,19018,22616,65535)  #B24A58FF  srgba(178,74,88,1)
4,9: (46003,1542,0,65535)  #B30600FF  srgba(179,6,0,1)
5,9: (46003,5911,0,65535)  #B31700FF  srgba(179,23,0,1)
6,9: (46260,48059,57311,65535)  #B4BBDFFF  srgba(180,187,223,1)
7,9: (46517,26471,25186,65535)  #B56762FF  srgba(181,103,98,1)
8,9: (46517,40863,44975,65535)  #B59FAFFF  srgba(181,159,175,1)
9,9: (46774,30840,30326,65535)  #B67876FF  srgba(182,120,118,1)
10,9: (47031,44204,53456,65535)  #B7ACD0FF  srgba(183,172,208,1)
11,9: (48573,23130,13107,65535)  #BD5A33FF  srgba(189,90,51,1)
12,9: (48830,45489,53456,65535)  #BEB1D0FF  srgba(190,177,208,1)
13,9: (48830,48059,56026,65535)  #BEBBDAFF  srgba(190,187,218,1)
14,9: (49087,32125,36751,65535)  #BF7D8FFF  srgba(191,125,143,1)
15,9: (49601,10023,0,65535)  #C12700FF  srgba(193,39,0,1)
0,10: (50115,31097,26985,65535)  #C37969FF  srgba(195,121,105,1)
1,10: (50115,40349,44975,65535)  #C39DAFFF  srgba(195,157,175,1)
2,10: (50372,1799,0,65535)  #C40700FF  srgba(196,7,0,1)
3,10: (50629,18247,8995,65535)  #C54723FF  srgba(197,71,35,1)
4,10: (50629,39064,40606,65535)  #C5989EFF  srgba(197,152,158,1)
5,10: (50886,13364,7710,65535)  #C6341EFF  srgba(198,52,30,1)
6,10: (50886,31611,30326,65535)  #C67B76FF  srgba(198,123,118,1)
7,10: (50886,45489,48059,65535)  #C6B1BBFF  srgba(198,177,187,1)
8,10: (51143,44975,44461,65535)  #C7AFADFF  srgba(199,175,173,1)
9,10: (51143,47545,52685,65535)  #C7B9CDFF  srgba(199,185,205,1)
10,10: (51400,12079,1542,65535)  #C82F06FF  srgba(200,47,6,1)
11,10: (51400,30840,22359,65535)  #C87857FF  srgba(200,120,87,1)
12,10: (51400,35723,34438,65535)  #C88B86FF  srgba(200,139,134,1)
13,10: (51400,52171,58853,65535)  #C8CBE5FF  srgba(200,203,229,1)
14,10: (51657,3341,771,65535)  #C90D03FF  srgba(201,13,3,1)
15,10: (51657,14135,0,65535)  #C93700FF  srgba(201,55,0,1)
0,11: (51657,39064,36494,65535)  #C9988EFF  srgba(201,152,142,1)
1,11: (51914,52171,43947,65535)  #CACBABFF  srgba(202,203,171,1)
2,11: (52171,22616,19532,65535)  #CB584CFF  srgba(203,88,76,1)
3,11: (52428,51914,53456,65535)  #CCCAD0FF  srgba(204,202,208,1)
4,11: (52685,5654,0,65535)  #CD1600FF  srgba(205,22,0,1)
5,11: (52942,27242,21588,65535)  #CE6A54FF  srgba(206,106,84,1)
6,11: (53456,23901,11308,65535)  #D05D2CFF  srgba(208,93,44,1)
7,11: (53713,56540,60395,65535)  #D1DCEBFF  srgba(209,220,235,1)
8,11: (54227,57054,52942,65535)  #D3DECEFF  srgba(211,222,206,1)
9,11: (54741,48316,51657,65535)  #D5BCC9FF  srgba(213,188,201,1)
10,11: (54741,55512,46260,65535)  #D5D8B4FF  srgba(213,216,180,1)
11,11: (54998,3084,0,65535)  #D60C00FF  srgba(214,12,0,1)
12,11: (55255,49087,36751,65535)  #D7BF8FFF  srgba(215,191,143,1)
13,11: (55512,5140,0,65535)  #D81400FF  srgba(216,20,0,1)
14,11: (56026,42405,42662,65535)  #DAA5A6FF  srgba(218,165,166,1)
15,11: (56540,20303,6168,65535)  #DC4F18FF  srgba(220,79,24,1)
0,12: (56540,37265,28270,65535)  #DC916EFF  srgba(220,145,110,1)
1,12: (56540,39321,34438,65535)  #DC9986FF  srgba(220,153,134,1)
2,12: (56797,26728,10280,65535)  #DD6828FF  srgba(221,104,40,1)
3,12: (57054,51914,43947,65535)  #DECAABFF  srgba(222,202,171,1)
4,12: (57311,5397,0,65535)  #DF1500FF  srgba(223,21,0,1)
5,12: (57568,11822,0,65535)  #E02E00FF  srgba(224,46,0,1)
6,12: (57568,48830,45746,65535)  #E0BEB2FF  srgba(224,190,178,1)
7,12: (57568,52942,54998,65535)  #E0CED6FF  srgba(224,206,214,1)
8,12: (57825,57568,59624,65535)  #E1E0E8FF  srgba(225,224,232,1)
9,12: (58339,6168,514,65535)  #E31802FF  srgba(227,24,2,1)
10,12: (58339,46003,43947,65535)  #E3B3ABFF  srgba(227,179,171,1)
11,12: (58596,57054,53199,65535)  #E4DECFFF  srgba(228,222,207,1)
12,12: (58853,44204,35209,65535)  #E5AC89FF  srgba(229,172,137,1)
13,12: (58853,61423,56540,65535)  #E5EFDCFF  srgba(229,239,220,1)
14,12: (59110,62194,61423,65535)  #E6F2EFFF  srgba(230,242,239,1)
15,12: (59367,52428,50886,65535)  #E7CCC6FF  srgba(231,204,198,1)
0,13: (59881,32382,21845,65535)  #E97E55FF  srgba(233,126,85,1)
1,13: (60138,5911,0,65535)  #EA1700FF  srgba(234,23,0,1)
2,13: (60652,13878,2313,65535)  #EC3609FF  srgba(236,54,9,1)
3,13: (60652,23644,9766,65535)  #EC5C26FF  srgba(236,92,38,1)
4,13: (60652,38293,16705,65535)  #EC9541FF  srgba(236,149,65,1)
5,13: (60909,12593,0,65535)  #ED3100FF  srgba(237,49,0,1)
6,13: (60909,21588,3598,65535)  #ED540EFF  srgba(237,84,14,1)
7,13: (60909,44718,28270,65535)  #EDAE6EFF  srgba(237,174,110,1)
8,13: (61166,52171,44461,65535)  #EECBADFF  srgba(238,203,173,1)
9,13: (61166,56540,46260,65535)  #EEDCB4FF  srgba(238,220,180,1)
10,13: (61423,29555,12079,65535)  #EF732FFF  srgba(239,115,47,1)
11,13: (61423,48573,36751,65535)  #EFBD8FFF  srgba(239,189,143,1)
12,13: (61680,41120,33153,65535)  #F0A081FF  srgba(240,160,129,1)
13,13: (62194,58339,57568,65535)  #F2E3E0FF  srgba(242,227,224,1)
14,13: (62451,63736,61680,65535)  #F3F8F0FF  srgba(243,248,240,1)
15,13: (62708,13621,257,65535)  #F43501FF  srgba(244,53,1,1)
0,14: (62708,61423,56283,65535)  #F4EFDBFF  srgba(244,239,219,1)
1,14: (62965,58339,54998,65535)  #F5E3D6FF  srgba(245,227,214,1)
2,14: (63222,32639,16962,65535)  #F67F42FF  srgba(246,127,66,1)
3,14: (63222,57311,51914,65535)  #F6DFCAFF  srgba(246,223,202,1)
4,14: (63479,49087,42405,65535)  #F7BFA5FF  srgba(247,191,165,1)
5,14: (63736,39321,26728,65535)  #F89968FF  srgba(248,153,104,1)
6,14: (63993,37522,21845,65535)  #F99255FF  srgba(249,146,85,1)
7,14: (64507,13107,0,65535)  #FB3300FF  srgba(251,51,0,1)
8,14: (64507,38550,17219,65535)  #FB9643FF  srgba(251,150,67,1)
9,14: (64507,44204,21845,65535)  #FBAC55FF  srgba(251,172,85,1)
10,14: (64764,17476,0,65535)  #FC4400FF  srgba(252,68,0,1)
11,14: (64764,31097,13878,65535)  #FC7936FF  srgba(252,121,54,1)
12,14: (64764,44975,34181,65535)  #FCAF85FF  srgba(252,175,133,1)
13,14: (64764,49601,36237,65535)  #FCC18DFF  srgba(252,193,141,1)
14,14: (64764,64250,59367,65535)  #FCFAE7FF  srgba(252,250,231,1)
15,14: (64764,64507,54998,65535)  #FCFBD6FF  srgba(252,251,214,1)
0,15: (65021,20046,1028,65535)  #FD4E04FF  srgba(253,78,4,1)
1,15: (65021,23387,5397,65535)  #FD5B15FF  srgba(253,91,21,1)
2,15: (65021,29041,8224,65535)  #FD7120FF  srgba(253,113,32,1)
3,15: (65021,46517,27756,65535)  #FDB56CFF  srgba(253,181,108,1)
4,15: (65021,52942,41377,65535)  #FDCEA1FF  srgba(253,206,161,1)
5,15: (65021,53456,45746,65535)  #FDD0B2FF  srgba(253,208,178,1)
6,15: (65021,57054,43947,65535)  #FDDEABFF  srgba(253,222,171,1)
7,15: (65021,60395,48059,65535)  #FDEBBBFF  srgba(253,235,187,1)
8,15: (65278,38036,15163,65535)  #FE943BFF  srgba(254,148,59,1)
9,15: (65278,39578,19018,65535)  #FE9A4AFF  srgba(254,154,74,1)
10,15: (65278,46774,27242,65535)  #FEB66AFF  srgba(254,182,106,1)
11,15: (65278,63222,56026,65535)  #FEF6DAFF  srgba(254,246,218,1)
12,15: (65278,63736,59624,65535)  #FEF8E8FF  srgba(254,248,232,1)
13,15: (65278,64507,51914,65535)  #FEFBCAFF  srgba(254,251,202,1)
14,15: (65278,64507,54741,65535)  #FEFBD5FF  srgba(254,251,213,1)
15,15: (0,65535,0,0)  #00FF0000  srgba(0,255,0,0)
