# ImageMagick pixel enumeration: 16,16,65535,srgba
0,0: (0,0,0,65535)  #000000FF  black
1,0: (0,0,257,65535)  #000001FF  srgba(0,0,1,1)
2,0: (0,4626,514,65535)  #001202FF  srgba(0,18,2,1)
3,0: (0,22359,21588,65535)  #005754FF  srgba(0,87,84,1)
4,0: (0,25186,2570,65535)  #00620AFF  srgba(0,98,10,1)
5,0: (0,29812,56283,65535)  #0074DBFF  srgba(0,116,219,1)
6,0: (0,30326,37008,65535)  #007690FF  srgba(0,118,144,1)
7,0: (0,31354,42405,65535)  #007AA5FF  srgba(0,122,165,1)
8,0: (0,31354,51914,65535)  #007ACAFF  srgba(0,122,202,1)
9,0: (0,31868,16191,65535)  #007C3FFF  srgba(0,124,63,1)
10,0: (0,31868,46003,65535)  #007CB3FF  srgba(0,124,179,1)
11,0: (0,31868,49087,65535)  #007CBFFF  srgba(0,124,191,1)
12,0: (0,32639,257,65535)  #007F01FF  srgba(0,127,1,1)
13,0: (0,32639,39578,65535)  #007F9AFF  srgba(0,127,154,1)
14,0: (0,35723,42919,65535)  #008BA7FF  srgba(0,139,167,1)
15,0: (0,35723,49858,65535)  #008BC2FF  srgba(0,139,194,1)
0,1: (0,36237,20303,65535)  #008D4FFF  srgba(0,141,79,1)
1,1: (0,36494,37008,65535)  #008E90FF  srgba(0,142,144,1)
2,1: (0,37008,31868,65535)  #00907CFF  srgba(0,144,124,1)
3,1: (0,37008,34181,65535)  #009085FF  srgba(0,144,133,1)
4,1: (0,37522,5397,65535)  #009215FF  srgba(0,146,21,1)
5,1: (0,41120,0,65535)  #00A000FF  srgba(0,160,0,1)
6,1: (0,41634,0,65535)  #00A200FF  srgba(0,162,0,1)
7,1: (0,43433,0,65535)  #00A900FF  srgba(0,169,0,1)
8,1: (0,43947,0,65535)  #00AB00FF  srgba(0,171,0,1)
9,1: (0,44461,43947,65535)  #00ADABFF  srgba(0,173,171,1)
10,1: (0,45746,56283,65535)  #00B2DBFF  srgba(0,178,219,1)
11,1: (0,46517,51143,65535)  #00B5C7FF  srgba(0,181,199,1)
12,1: (0,47031,2056,65535)  #00B708FF  srgba(0,183,8,1)
13,1: (0,47802,35723,65535)  #00BA8BFF  srgba(0,186,139,1)
14,1: (0,50115,57825,65535)  #00C3E1FF  srgba(0,195,225,1)
15,1: (0,50629,57054,65535)  #00C5DEFF  srgba(0,197,222,1)
0,2: (0,51143,52171,65535)  #00C7CBFF  srgba(0,199,203,1)
1,2: (0,51143,56797,65535)  #00C7DDFF  srgba(0,199,221,1)
2,2: (0,53456,44975,65535)  #00D0AFFF  srgba(0,208,175,1)
3,2: (0,54227,53970,65535)  #00D3D2FF  srgba(0,211,210,1)
4,2: (0,54484,49858,65535)  #00D4C2FF  srgba(0,212,194,1)
5,2: (0,56026,45746,65535)  #00DAB2FF  srgba(0,218,178,1)
6,2: (0,56797,50372,65535)  #00DDC4FF  srgba(0,221,196,1)
7,2: (0,56797,51400,65535)  #00DDC8FF  srgba(0,221,200,1)
8,2: (0,57054,48316,65535)  #00DEBCFF  srgba(0,222,188,1)
9,2: (0,57311,52685,65535)  #00DFCDFF  srgba(0,223,205,1)
10,2: (0,57568,46003,65535)  #00E0B3FF  srgba(0,224,179,1)
11,2: (0,58082,22873,65535)  #00E259FF  srgba(0,226,89,1)
12,2: (0,58339,44975,65535)  #00E3AFFF  srgba(0,227,175,1)
13,2: (0,58596,35466,65535)  #00E48AFF  srgba(0,228,138,1)
14,2: (0,58853,41891,65535)  #00E5A3FF  srgba(0,229,163,1)
15,2: (0,59881,55512,65535)  #00E9D8FF  srgba(0,233,216,1)
0,3: (0,60652,36237,65535)  #00EC8DFF  srgba(0,236,141,1)
1,3: (0,63479,12336,65535)  #00F730FF  srgba(0,247,48,1)
2,3: (0,63736,13621,65535)  #00F835FF  srgba(0,248,53,1)
3,3: (0,63993,16962,65535)  #00F942FF  srgba(0,249,66,1)
4,3: (514,53199,54227,65535)  #02CFD3FF  srgba(2,207,211,1)
5,3: (514,57568,50629,65535)  #02E0C5FF  srgba(2,224,197,1)
6,3: (514,58339,47288,65535)  #02E3B8FF  srgba(2,227,184,1)
7,3: (514,59367,43433,65535)  #02E7A9FF  srgba(2,231,169,1)
8,3: (514,59881,39321,65535)  #02E999FF  srgba(2,233,153,1)
9,3: (771,31097,54484,65535)  #0379D4FF  srgba(3,121,212,1)
10,3: (771,50372,56283,65535)  #03C4DBFF  srgba(3,196,219,1)
11,3: (771,57311,53456,65535)  #03DFD0FF  srgba(3,223,208,1)
12,3: (771,64764,14649,65535)  #03FC39FF  srgba(3,252,57,1)
13,3: (1028,54484,47545,65535)  #04D4B9FF  srgba(4,212,185,1)
14,3: (1028,57825,56283,65535)  #04E1DBFF  srgba(4,225,219,1)
15,3: (1028,63993,14392,65535)  #04F938FF  srgba(4,249,56,1)
0,4: (1285,31868,47802,65535)  #057CBAFF  srgba(5,124,186,1)
1,4: (1285,35466,42662,65535)  #058AA6FF  srgba(5,138,166,1)
2,4: (1285,41377,54741,65535)  #05A1D5FF  srgba(5,161,213,1)
3,4: (1542,40863,50629,65535)  #069FC5FF  srgba(6,159,197,1)
4,4: (1542,41891,43947,65535)  #06A3ABFF  srgba(6,163,171,1)
5,4: (1542,60652,28013,65535)  #06EC6DFF  srgba(6,236,109,1)
6,4: (1542,63222,14392,65535)  #06F638FF  srgba(6,246,56,1)
7,4: (2056,35466,37265,65535)  #088A91FF  srgba(8,138,145,1)
8,4: (2313,32382,42148,65535)  #097EA4FF  srgba(9,126,164,1)
9,4: (2827,51400,43947,65535)  #0BC8ABFF  srgba(11,200,171,1)
10,4: (3084,2827,2313,65535)  #0C0B09FF  srgba(12,11,9,1)
11,4: (3341,38036,33924,65535)  #0D9484FF  srgba(13,148,132,1)
12,4: (3598,31354,40606,65535)  #0E7A9EFF  srgba(14,122,158,1)
13,4: (3855,32639,35980,65535)  #0F7F8CFF  srgba(15,127,140,1)
14,4: (4112,59110,14649,65535)  #10E639FF  srgba(16,230,57,1)
15,4: (4626,40606,37265,65535)  #129E91FF  srgba(18,158,145,1)
0,5: (4626,50372,38293,65535)  #12C495FF  srgba(18,196,149,1)
1,5: (5397,44461,19789,65535)  #15AD4DFF  srgba(21,173,77,1)
2,5: (5397,51143,28270,65535)  #15C76EFF  srgba(21,199,110,1)
3,5: (5654,44718,10794,65535)  #16AE2AFF  srgba(22,174,42,1)
4,5: (5911,29812,42405,65535)  #1774A5FF  srgba(23,116,165,1)
5,5: (5911,36237,28013,65535)  #178D6DFF  srgba(23,141,109,1)
6,5: (6939,14906,10280,65535)  #1B3A28FF  srgba(27,58,40,1)
7,5: (7196,28527,35209,65535)  #1C6F89FF  srgba(28,111,137,1)
8,5: (7453,42662,28013,65535)  #1DA66DFF  srgba(29,166,109,1)
9,5: (8224,30583,771,65535)  #207703FF  srgba(32,119,3,1)
10,5: (8995,30583,18504,65535)  #237748FF  srgba(35,119,72,1)
11,5: (8995,43947,42919,65535)  #23ABA7FF  srgba(35,171,167,1)
12,5: (12336,7196,6425,65535)  #301C19FF  srgba(48,28,25,1)
13,5: (15420,57311,13364,65535)  #3CDF34FF  srgba(60,223,52,1)
14,5: (16705,42662,14135,65535)  #41A637FF  srgba(65,166,55,1)
15,5: (17733,17733,13107,65535)  #454533FF  srgba(69,69,51,1)
0,6: (18504,22102,21588,65535)  #485654FF  srgba(72,86,84,1)
1,6: (18504,30069,26728,65535)  #487568FF  srgba(72,117,104,1)
2,6: (18504,38293,30583,65535)  #489577FF  srgba(72,149,119,1)
3,6: (18504,43433,45489,65535)  #48A9B1FF  srgba(72,169,177,1)
4,6: (18761,45232,29555,65535)  #49B073FF  srgba(73,176,115,1)
5,6: (19275,41120,39064,65535)  #4BA098FF  srgba(75,160,152,1)
6,6: (19789,35209,29555,65535)  #4D8973FF  srgba(77,137,115,1)
7,6: (20046,35980,43176,65535)  #4E8CA8FF  srgba(78,140,168,1)
8,6: (20817,40863,35723,65535)  #519F8BFF  srgba(81,159,139,1)
9,6: (21331,30069,4369,65535)  #537511FF  srgba(83,117,17,1)
10,6: (21331,36494,38293,65535)  #538E95FF  srgba(83,142,149,1)
11,6: (22616,30840,40606,65535)  #58789EFF  srgba(88,120,158,1)
12,6: (22873,40349,30840,65535)  #599D78FF  srgba(89,157,120,1)
13,6: (23130,28270,23130,65535)  #5A6E5AFF  srgba(90,110,90,1)
14,6: (23130,29041,19532,65535)  #5A714CFF  srgba(90,113,76,1)
15,6: (24158,35980,55512,65535)  #5E8CD8FF  srgba(94,140,216,1)
0,7: (24158,36237,35466,65535)  #5E8D8AFF  srgba(94,141,138,1)
1,7: (24929,24415,24158,65535)  #615F5EFF  srgba(97,95,94,1)
2,7: (25186,30583,51657,65535)  #6277C9FF  srgba(98,119,201,1)
3,7: (25700,28013,26214,65535)  #646D66FF  srgba(100,109,102,1)
4,7: (25700,30583,34438,65535)  #647786FF  srgba(100,119,134,1)
5,7: (25957,32639,34438,65535)  #657F86FF  srgba(101,127,134,1)
6,7: (26728,46003,11822,65535)  #68B32EFF  srgba(104,179,46,1)
7,7: (28013,25700,34695,65535)  #6D6487FF  srgba(109,100,135,1)
8,7: (28784,20303,46003,65535)  #704FB3FF  srgba(112,79,179,1)
9,7: (29041,27242,30583,65535)  #716A77FF  srgba(113,106,119,1)
10,7: (29041,30326,30583,65535)  #717677FF  srgba(113,118,119,1)
11,7: (29298,32125,30583,65535)  #727D77FF  srgba(114,125,119,1)
12,7: (29298,38036,30069,65535)  #729475FF  srgba(114,148,117,1)
13,7: (30069,34952,30840,65535)  #758878FF  srgba(117,136,120,1)
14,7: (31097,17476,61680,65535)  #7944F0FF  srgba(121,68,240,1)
15,7: (31354,30583,28270,65535)  #7A776EFF  srgba(122,119,110,1)
0,8: (31611,27242,26471,65535)  #7B6A67FF  srgba(123,106,103,1)
1,8: (32382,30326,25443,65535)  #7E7663FF  srgba(126,118,99,1)
2,8: (33153,36494,14906,65535)  #818E3AFF  srgba(129,142,58,1)
3,8: (33667,30326,22102,65535)  #837656FF  srgba(131,118,86,1)
4,8: (34695,34952,31868,65535)  #87887CFF  srgba(135,136,124,1)
5,8: (34952,16705,14649,65535)  #884139FF  srgba(136,65,57,1)
6,8: (34952,30326,13107,65535)  #887633FF  srgba(136,118,51,1)
7,8: (35209,22873,26214,65535)  #895966FF  srgba(137,89,102,1)
8,8: (35209,25957,21845,65535)  #896555FF  srgba(137,101,85,1)
9,8: (37008,22873,18761,65535)  #905949FF  srgba(144,89,73,1)
10,8: (37008,26214,14135,65535)  #906637FF  srgba(144,102,55,1)
11,8: (37522,35723,35466,65535)  #928B8AFF  srgba(146,139,138,1)
12,8: (37522,37522,29041,65535)  #929271FF  srgba(146,146,113,1)
13,8: (39321,34952,28784,65535)  #998870FF  srgba(153,136,112,1)
14,8: (39578,36237,42662,65535)  #9A8DA6FF  srgba(154,141,166,1)
15,8: (40092,40349,26728,65535)  #9C9D68FF  srgba(156,157,104,1)
0,9: (40863,30069,33410,65535)  #9F7582FF  srgba(159,117,130,1)
1,9: (41120,36237,64250,65535)  #A08DFAFF  srgba(160,141,250,1)
2,9: (42919,23130,33667,65535)  #A75A83FF  srgba(167,90,131,1)
3,9: (43947,27499,52428,65535)  #AB6BCCFF  srgba(171,107,204,1)
4,9: (44461,48316,44461,65535)  #ADBCADFF  srgba(173,188,173,1)
5,9: (44718,15677,35466,65535)  #AE3D8AFF  srgba(174,61,138,1)
6,9: (44975,14649,54741,65535)  #AF39D5FF  srgba(175,57,213,1)
7,9: (45489,30326,23901,65535)  #B1765DFF  srgba(177,118,93,1)
8,9: (46517,20817,22873,65535)  #B55159FF  srgba(181,81,89,1)
9,9: (47545,9509,58596,65535)  #B925E4FF  srgba(185,37,228,1)
10,9: (48573,22102,11822,65535)  #BD562EFF  srgba(189,86,46,1)
11,9: (48830,24415,64764,65535)  #BE5FFCFF  srgba(190,95,252,1)
12,9: (50115,10280,63736,65535)  #C328F8FF  srgba(195,40,248,1)
13,9: (50629,29812,35466,65535)  #C5748AFF  srgba(197,116,138,1)
14,9: (51143,35209,25443,65535)  #C78963FF  srgba(199,137,99,1)
15,9: (51400,11822,63993,65535)  #C82EF9FF  srgba(200,46,249,1)
0,10: (53199,28527,21845,65535)  #CF6F55FF  srgba(207,111,85,1)
1,10: (53199,37779,25700,65535)  #CF9364FF  srgba(207,147,100,1)
2,10: (53199,55255,50629,65535)  #CFD7C5FF  srgba(207,215,197,1)
3,10: (54227,35980,52171,65535)  #D38CCBFF  srgba(211,140,203,1)
4,10: (54741,36494,65535,65535)  #D58EFFFF  srgba(213,142,255,1)
5,10: (54741,38807,19275,65535)  #D5974BFF  srgba(213,151,75,1)
6,10: (54998,40606,24672,65535)  #D69E60FF  srgba(214,158,96,1)
7,10: (55255,22102,22102,65535)  #D75656FF  srgba(215,86,86,1)
8,10: (55512,12079,22616,65535)  #D82F58FF  srgba(216,47,88,1)
9,10: (55769,58082,56026,65535)  #D9E2DAFF  srgba(217,226,218,1)
10,10: (56283,17219,34438,65535)  #DB4386FF  srgba(219,67,134,1)
11,10: (57311,9766,56797,65535)  #DF26DDFF  srgba(223,38,221,1)
12,10: (57311,12593,12850,65535)  #DF3132FF  srgba(223,49,50,1)
13,10: (57825,23901,11822,65535)  #E15D2EFF  srgba(225,93,46,1)
14,10: (58082,26985,51657,65535)  #E269C9FF  srgba(226,105,201,1)
15,10: (59624,10537,63479,65535)  #E829F7FF  srgba(232,41,247,1)
0,11: (60395,11308,59881,65535)  #EB2CE9FF  srgba(235,44,233,1)
1,11: (60395,13107,63993,65535)  #EB33F9FF  srgba(235,51,249,1)
2,11: (60652,29555,35209,65535)  #EC7389FF  srgba(236,115,137,1)
3,11: (60909,8995,35209,65535)  #ED2389FF  srgba(237,35,137,1)
4,11: (61423,11565,7196,65535)  #EF2D1CFF  srgba(239,45,28,1)
5,11: (62451,10023,58853,65535)  #F327E5FF  srgba(243,39,229,1)
6,11: (62708,27499,10537,65535)  #F46B29FF  srgba(244,107,41,1)
7,11: (62708,38807,16191,65535)  #F4973FFF  srgba(244,151,63,1)
8,11: (62965,9252,19789,65535)  #F5244DFF  srgba(245,36,77,1)
9,11: (62965,10023,11565,65535)  #F5272DFF  srgba(245,39,45,1)
10,11: (63222,12336,63736,65535)  #F630F8FF  srgba(246,48,248,1)
11,11: (63222,21074,12336,65535)  #F65230FF  srgba(246,82,48,1)
12,11: (63222,26728,18247,65535)  #F66847FF  srgba(246,104,71,1)
13,11: (63479,10794,63479,65535)  #F72AF7FF  srgba(247,42,247,1)
14,11: (63479,29041,24158,65535)  #F7715EFF  srgba(247,113,94,1)
15,11: (63736,10537,7453,65535)  #F8291DFF  srgba(248,41,29,1)
0,12: (63736,57054,58596,65535)  #F8DEE4FF  srgba(248,222,228,1)
1,12: (64250,9509,12079,65535)  #FA252FFF  srgba(250,37,47,1)
2,12: (64250,10023,20046,65535)  #FA274EFF  srgba(250,39,78,1)
3,12: (64250,10537,7453,65535)  #FA291DFF  srgba(250,41,29,1)
4,12: (64250,16962,19275,65535)  #FA424BFF  srgba(250,66,75,1)
5,12: (64250,17476,13364,65535)  #FA4434FF  srgba(250,68,52,1)
6,12: (64250,24672,11051,65535)  #FA602BFF  srgba(250,96,43,1)
7,12: (64250,38293,18247,65535)  #FA9547FF  srgba(250,149,71,1)
8,12: (64250,39578,13878,65535)  #FA9A36FF  srgba(250,154,54,1)
9,12: (64507,39835,30069,65535)  #FB9B75FF  srgba(251,155,117,1)
10,12: (64764,38293,15163,65535)  #FC953BFF  srgba(252,149,59,1)
11,12: (64764,41634,14392,65535)  #FCA238FF  srgba(252,162,56,1)
12,12: (64764,51143,49601,65535)  #FCC7C1FF  srgba(252,199,193,1)
13,12: (65021,8481,19275,65535)  #FD214BFF  srgba(253,33,75,1)
14,12: (65021,9252,10537,65535)  #FD2429FF  srgba(253,36,41,1)
15,12: (65021,10794,8224,65535)  #FD2A20FF  srgba(253,42,32,1)
0,13: (65021,10794,62965,65535)  #FD2AF5FF  srgba(253,42,245,1)
1,13: (65021,15420,19789,65535)  #FD3C4DFF  srgba(253,60,77,1)
2,13: (65021,15934,19275,65535)  #FD3E4BFF  srgba(253,62,75,1)
3,13: (65021,18504,12593,65535)  #FD4831FF  srgba(253,72,49,1)
4,13: (65021,25443,9766,65535)  #FD6326FF  srgba(253,99,38,1)
5,13: (65021,32639,23130,65535)  #FD7F5AFF  srgba(253,127,90,1)
6,13: (65021,34438,27242,65535)  #FD866AFF  srgba(253,134,106,1)
7,13: (65021,35980,26985,65535)  #FD8C69FF  srgba(253,140,105,1)
8,13: (65021,36237,23130,65535)  #FD8D5AFF  srgba(253,141,90,1)
9,13: (65021,37008,47802,65535)  #FD90BAFF  srgba(253,144,186,1)
10,13: (65021,37779,19275,65535)  #FD934BFF  srgba(253,147,75,1)
11,13: (65278,8481,14649,65535)  #FE2139FF  srgba(254,33,57,1)
12,13: (65278,8481,23387,65535)  #FE215BFF  srgba(254,33,91,1)
13,13: (65278,8995,29298,65535)  #FE2372FF  srgba(254,35,114,1)
14,13: (65278,10280,19275,65535)  #FE284BFF  srgba(254,40,75,1)
15,13: (65278,11051,25957,65535)  #FE2B65FF  srgba(254,43,101,1)
0,14: (65278,11308,63479,65535)  #FE2CF7FF  srgba(254,44,247,1)
1,14: (65278,12850,42148,65535)  #FE32A4FF  srgba(254,50,164,1)
2,14: (65278,14392,23130,65535)  #FE385AFF  srgba(254,56,90,1)
3,14: (65278,14906,63222,65535)  #FE3AF6FF  srgba(254,58,246,1)
4,14: (65278,15163,15420,65535)  #FE3B3CFF  srgba(254,59,60,1)
5,14: (65278,16962,19018,65535)  #FE424AFF  srgba(254,66,74,1)
6,14: (65278,16962,23130,65535)  #FE425AFF  srgba(254,66,90,1)
7,14: (65278,17219,15934,65535)  #FE433EFF  srgba(254,67,62,1)
8,14: (65278,17990,15420,65535)  #FE463CFF  srgba(254,70,60,1)
9,14: (65278,18247,18761,65535)  #FE4749FF  srgba(254,71,73,1)
10,14: (65278,20817,12593,65535)  #FE5131FF  srgba(254,81,49,1)
11,14: (65278,22359,19275,65535)  #FE574BFF  srgba(254,87,75,1)
12,14: (65278,23901,23130,65535)  #FE5D5AFF  srgba(254,93,90,1)
13,14: (65278,25443,12336,65535)  #FE6330FF  srgba(254,99,48,1)
14,14: (65278,27499,29812,65535)  #FE6B74FF  srgba(254,107,116,1)
15,14: (65278,28013,43433,65535)  #FE6DA9FF  srgba(254,109,169,1)
0,15: (65278,28270,63479,65535)  #FE6EF7FF  srgba(254,110,247,1)
1,15: (65278,30326,26471,65535)  #FE7667FF  srgba(254,118,103,1)
2,15: (65278,31097,65278,65535)  #FE79FEFF  srgba(254,121,254,1)
3,15: (65278,31611,33153,65535)  #FE7B81FF  srgba(254,123,129,1)
4,15: (65278,31611,48573,65535)  #FE7BBDFF  srgba(254,123,189,1)
5,15: (65278,32125,20046,65535)  #FE7D4EFF  srgba(254,125,78,1)
6,15: (65278,32125,29298,65535)  #FE7D72FF  srgba(254,125,114,1)
7,15: (65278,32382,65278,65535)  #FE7EFEFF  srgba(254,126,254,1)
8,15: (65278,35723,64250,65535)  #FE8BFAFF  srgba(254,139,250,1)
9,15: (65278,35723,65535,65535)  #FE8BFFFF  srgba(254,139,255,1)
10,15: (65278,35723,65535,65535)  #FE8BFFFF  srgba(254,139,255,1)
11,15: (65278,37008,20303,65535)  #FE904FFF  srgba(254,144,79,1)
12,15: (65278,37522,16705,65535)  #FE9241FF  srgba(254,146,65,1)
13,15: (65278,39835,19018,65535)  #FE9B4AFF  srgba(254,155,74,1)
14,15: (65278,40863,14906,65535)  #FE9F3AFF  srgba(254,159,58,1)
15,15: (0,65535,0,0)  #00FF0000  srgba(0,255,0,0)
