# ImageMagick pixel enumeration: 16,16,65535,srgba
0,0: (0,0,0,65535)  #000000FF  black
1,0: (0,0,514,65535)  #000002FF  srgba(0,0,2,1)
2,0: (0,0,771,65535)  #000003FF  srgba(0,0,3,1)
3,0: (0,0,771,65535)  #000003FF  srgba(0,0,3,1)
4,0: (0,0,1799,65535)  #000007FF  srgba(0,0,7,1)
5,0: (0,0,2827,65535)  #00000BFF  srgba(0,0,11,1)
6,0: (0,0,3598,65535)  #00000EFF  srgba(0,0,14,1)
7,0: (0,0,5654,65535)  #000016FF  srgba(0,0,22,1)
8,0: (0,0,6425,65535)  #000019FF  srgba(0,0,25,1)
9,0: (0,0,8224,65535)  #000020FF  srgba(0,0,32,1)
10,0: (0,257,257,65535)  #000101FF  srgba(0,1,1,1)
11,0: (0,771,0,65535)  #000300FF  srgba(0,3,0,1)
12,0: (0,4369,257,65535)  #001101FF  srgba(0,17,1,1)
13,0: (0,7453,771,65535)  #001D03FF  srgba(0,29,3,1)
14,0: (0,14906,2313,65535)  #003A09FF  srgba(0,58,9,1)
15,0: (0,17733,2827,65535)  #00450BFF  srgba(0,69,11,1)
0,1: (0,20046,2827,65535)  #004E0BFF  srgba(0,78,11,1)
1,1: (0,22359,4626,65535)  #005712FF  srgba(0,87,18,1)
2,1: (0,24158,2827,65535)  #005E0BFF  srgba(0,94,11,1)
3,1: (0,26471,4883,65535)  #006713FF  srgba(0,103,19,1)
4,1: (0,32125,5654,65535)  #007D16FF  srgba(0,125,22,1)
5,1: (0,32639,6939,65535)  #007F1BFF  srgba(0,127,27,1)
6,1: (0,38036,7196,65535)  #00941CFF  srgba(0,148,28,1)
7,1: (0,42148,8481,65535)  #00A421FF  srgba(0,164,33,1)
8,1: (0,44975,8738,65535)  #00AF22FF  srgba(0,175,34,1)
9,1: (0,49344,8738,65535)  #00C022FF  srgba(0,192,34,1)
10,1: (0,51143,11051,65535)  #00C72BFF  srgba(0,199,43,1)
11,1: (0,55255,11308,65535)  #00D72CFF  srgba(0,215,44,1)
12,1: (0,61166,12593,65535)  #00EE31FF  srgba(0,238,49,1)
13,1: (0,61937,13621,65535)  #00F135FF  srgba(0,241,53,1)
14,1: (0,63479,14649,65535)  #00F739FF  srgba(0,247,57,1)
15,1: (0,63736,14135,65535)  #00F837FF  srgba(0,248,55,1)
0,2: (0,64250,13878,65535)  #00FA36FF  srgba(0,250,54,1)
1,2: (257,0,1542,65535)  #010006FF  srgba(1,0,6,1)
2,2: (257,0,3084,65535)  #01000CFF  srgba(1,0,12,1)
3,2: (257,0,4626,65535)  #010012FF  srgba(1,0,18,1)
4,2: (257,0,8224,65535)  #010020FF  srgba(1,0,32,1)
5,2: (257,257,10537,65535)  #010129FF  srgba(1,1,41,1)
6,2: (257,257,12850,65535)  #010132FF  srgba(1,1,50,1)
7,2: (257,771,15677,65535)  #01033DFF  srgba(1,3,61,1)
8,2: (257,10537,1542,65535)  #012906FF  srgba(1,41,6,1)
9,2: (257,12593,2056,65535)  #013108FF  srgba(1,49,8,1)
10,2: (257,18761,4369,65535)  #014911FF  srgba(1,73,17,1)
11,2: (257,27499,6168,65535)  #016B18FF  srgba(1,107,24,1)
12,2: (257,34695,8224,65535)  #018720FF  srgba(1,135,32,1)
13,2: (257,38550,8738,65535)  #019622FF  srgba(1,150,34,1)
14,2: (257,46517,10280,65535)  #01B528FF  srgba(1,181,40,1)
15,2: (257,54998,12593,65535)  #01D631FF  srgba(1,214,49,1)
0,3: (257,63479,15420,65535)  #01F73CFF  srgba(1,247,60,1)
1,3: (257,63993,13878,65535)  #01F936FF  srgba(1,249,54,1)
2,3: (514,0,3855,65535)  #02000FFF  srgba(2,0,15,1)
3,3: (514,0,7453,65535)  #02001DFF  srgba(2,0,29,1)
4,3: (514,257,771,65535)  #020103FF  srgba(2,1,3,1)
5,3: (514,1028,17733,65535)  #020445FF  srgba(2,4,69,1)
6,3: (514,7710,1542,65535)  #021E06FF  srgba(2,30,6,1)
7,3: (514,32125,7967,65535)  #027D1FFF  srgba(2,125,31,1)
8,3: (514,42662,10280,65535)  #02A628FF  srgba(2,166,40,1)
9,3: (514,47802,11565,65535)  #02BA2DFF  srgba(2,186,45,1)
10,3: (514,63222,17219,65535)  #02F643FF  srgba(2,246,67,1)
11,3: (771,3855,1028,65535)  #030F04FF  srgba(3,15,4,1)
12,3: (771,14906,4369,65535)  #033A11FF  srgba(3,58,17,1)
13,3: (771,23387,6168,65535)  #035B18FF  srgba(3,91,24,1)
14,3: (771,28270,7710,65535)  #036E1EFF  srgba(3,110,30,1)
15,3: (771,55512,13878,65535)  #03D836FF  srgba(3,216,54,1)
0,4: (771,63479,21074,65535)  #03F752FF  srgba(3,247,82,1)
1,4: (1028,1285,19532,65535)  #04054CFF  srgba(4,5,76,1)
2,4: (1028,8224,6168,65535)  #042018FF  srgba(4,32,24,1)
3,4: (1028,8224,7967,65535)  #04201FFF  srgba(4,32,31,1)
4,4: (1028,9766,12079,65535)  #04262FFF  srgba(4,38,47,1)
5,4: (1028,11051,4369,65535)  #042B11FF  srgba(4,43,17,1)
6,4: (1028,15163,5911,65535)  #043B17FF  srgba(4,59,23,1)
7,4: (1028,16962,7710,65535)  #04421EFF  srgba(4,66,30,1)
8,4: (1028,19275,5911,65535)  #044B17FF  srgba(4,75,23,1)
9,4: (1028,19532,10280,65535)  #044C28FF  srgba(4,76,40,1)
10,4: (1028,22873,13621,65535)  #045935FF  srgba(4,89,53,1)
11,4: (1028,27756,10280,65535)  #046C28FF  srgba(4,108,40,1)
12,4: (1028,36751,10280,65535)  #048F28FF  srgba(4,143,40,1)
13,4: (1028,37265,13621,65535)  #049135FF  srgba(4,145,53,1)
14,4: (1028,44204,11565,65535)  #04AC2DFF  srgba(4,172,45,1)
15,4: (1028,47031,13364,65535)  #04B734FF  srgba(4,183,52,1)
0,5: (1028,54741,15420,65535)  #04D53CFF  srgba(4,213,60,1)
1,5: (1285,514,5911,65535)  #050217FF  srgba(5,2,23,1)
2,5: (1285,6168,4369,65535)  #051811FF  srgba(5,24,17,1)
3,5: (1285,22873,16191,65535)  #05593FFF  srgba(5,89,63,1)
4,5: (1285,23387,7710,65535)  #055B1EFF  srgba(5,91,30,1)
5,5: (1285,37008,11565,65535)  #05902DFF  srgba(5,144,45,1)
6,5: (1285,45746,17733,65535)  #05B245FF  srgba(5,178,69,1)
7,5: (1285,54227,19275,65535)  #05D34BFF  srgba(5,211,75,1)
8,5: (1542,36237,17733,65535)  #068D45FF  srgba(6,141,69,1)
9,5: (1799,22359,20046,65535)  #07574EFF  srgba(7,87,78,1)
10,5: (2056,771,5911,65535)  #080317FF  srgba(8,3,23,1)
11,5: (2056,3598,12850,65535)  #080E32FF  srgba(8,14,50,1)
12,5: (2313,4883,18247,65535)  #091347FF  srgba(9,19,71,1)
13,5: (2827,771,12850,65535)  #0B0332FF  srgba(11,3,50,1)
14,5: (2827,1028,17219,65535)  #0B0443FF  srgba(11,4,67,1)
15,5: (2827,4112,22102,65535)  #0B1056FF  srgba(11,16,86,1)
0,6: (3084,1285,20046,65535)  #0C054EFF  srgba(12,5,78,1)
1,6: (3598,514,6939,65535)  #0E021BFF  srgba(14,2,27,1)
2,6: (4883,514,13107,65535)  #130233FF  srgba(19,2,51,1)
3,6: (4883,1028,17733,65535)  #130445FF  srgba(19,4,69,1)
4,6: (4883,1542,20560,65535)  #130650FF  srgba(19,6,80,1)
5,6: (4883,14649,6425,65535)  #133919FF  srgba(19,57,25,1)
6,6: (5140,39321,13878,65535)  #149936FF  srgba(20,153,54,1)
7,6: (5397,3341,21074,65535)  #150D52FF  srgba(21,13,82,1)
8,6: (5397,26214,11822,65535)  #15662EFF  srgba(21,102,46,1)
9,6: (5654,1799,22102,65535)  #160756FF  srgba(22,7,86,1)
10,6: (5654,3855,10537,65535)  #160F29FF  srgba(22,15,41,1)
11,6: (5654,61680,20303,65535)  #16F04FFF  srgba(22,240,79,1)
12,6: (5911,5397,10023,65535)  #171527FF  srgba(23,21,39,1)
13,6: (6168,52171,19018,65535)  #18CB4AFF  srgba(24,203,74,1)
14,6: (6682,1285,20303,65535)  #1A054FFF  srgba(26,5,79,1)
15,6: (6682,1799,23387,65535)  #1A075BFF  srgba(26,7,91,1)
0,7: (6682,3341,23130,65535)  #1A0D5AFF  srgba(26,13,90,1)
1,7: (6682,16448,22102,65535)  #1A4056FF  srgba(26,64,86,1)
2,7: (6682,28013,21845,65535)  #1A6D55FF  srgba(26,109,85,1)
3,7: (6682,40606,20046,65535)  #1A9E4EFF  srgba(26,158,78,1)
4,7: (6939,771,14906,65535)  #1B033AFF  srgba(27,3,58,1)
5,7: (6939,1799,25186,65535)  #1B0762FF  srgba(27,7,98,1)
6,7: (6939,7710,10280,65535)  #1B1E28FF  srgba(27,30,40,1)
7,7: (6939,15163,12079,65535)  #1B3B2FFF  srgba(27,59,47,1)
8,7: (7196,5397,17476,65535)  #1C1544FF  srgba(28,21,68,1)
9,7: (7453,3598,17733,65535)  #1D0E45FF  srgba(29,14,69,1)
10,7: (7967,3341,25186,65535)  #1F0D62FF  srgba(31,13,98,1)
11,7: (7967,62451,27499,65535)  #1FF36BFF  srgba(31,243,107,1)
12,7: (8481,7453,24929,65535)  #211D61FF  srgba(33,29,97,1)
13,7: (8481,40606,27242,65535)  #219E6AFF  srgba(33,158,106,1)
14,7: (8481,52171,27242,65535)  #21CB6AFF  srgba(33,203,106,1)
15,7: (8738,1028,17476,65535)  #220444FF  srgba(34,4,68,1)
0,8: (8995,5140,22359,65535)  #231457FF  srgba(35,20,87,1)
1,8: (9252,7453,19789,65535)  #241D4DFF  srgba(36,29,77,1)
2,8: (9509,5140,26471,65535)  #251467FF  srgba(37,20,103,1)
3,8: (9766,3341,27499,65535)  #260D6BFF  srgba(38,13,107,1)
4,8: (10537,3341,25443,65535)  #290D63FF  srgba(41,13,99,1)
5,8: (11051,1542,23901,65535)  #2B065DFF  srgba(43,6,93,1)
6,8: (11051,3341,20817,65535)  #2B0D51FF  srgba(43,13,81,1)
7,8: (11308,3341,23387,65535)  #2C0D5BFF  srgba(44,13,91,1)
8,8: (11565,1799,26471,65535)  #2D0767FF  srgba(45,7,103,1)
9,8: (12079,1285,18504,65535)  #2F0548FF  srgba(47,5,72,1)
10,8: (12336,1542,29298,65535)  #300672FF  srgba(48,6,114,1)
11,8: (12336,3598,28013,65535)  #300E6DFF  srgba(48,14,109,1)
12,8: (13107,25700,31868,65535)  #33647CFF  srgba(51,100,124,1)
13,8: (13364,25957,24415,65535)  #34655FFF  srgba(52,101,95,1)
14,8: (13621,3855,31097,65535)  #350F79FF  srgba(53,15,121,1)
15,8: (13878,5140,30326,65535)  #361476FF  srgba(54,20,118,1)
0,9: (13878,7453,30583,65535)  #361D77FF  srgba(54,29,119,1)
1,9: (13878,13364,24415,65535)  #36345FFF  srgba(54,52,95,1)
2,9: (13878,57825,29298,65535)  #36E172FF  srgba(54,225,114,1)
3,9: (14135,3598,28527,65535)  #370E6FFF  srgba(55,14,111,1)
4,9: (14906,3598,25443,65535)  #3A0E63FF  srgba(58,14,99,1)
5,9: (14906,59110,34695,65535)  #3AE687FF  srgba(58,230,135,1)
6,9: (15163,7710,25700,65535)  #3B1E64FF  srgba(59,30,100,1)
7,9: (15163,40606,28270,65535)  #3B9E6EFF  srgba(59,158,110,1)
8,9: (15934,1285,28013,65535)  #3E056DFF  srgba(62,5,109,1)
9,9: (15934,3855,31354,65535)  #3E0F7AFF  srgba(62,15,122,1)
10,9: (15934,5140,26985,65535)  #3E1469FF  srgba(62,20,105,1)
11,9: (16448,13364,32639,65535)  #40347FFF  srgba(64,52,127,1)
12,9: (16962,3598,28527,65535)  #420E6FFF  srgba(66,14,111,1)
13,9: (17733,4112,32382,65535)  #45107EFF  srgba(69,16,126,1)
14,9: (17733,5140,33153,65535)  #451481FF  srgba(69,20,129,1)
15,9: (17733,41377,34952,65535)  #45A188FF  srgba(69,161,136,1)
0,10: (18761,7453,35980,65535)  #491D8CFF  srgba(73,29,140,1)
1,10: (19018,5140,30583,65535)  #4A1477FF  srgba(74,20,119,1)
2,10: (19018,25443,32896,65535)  #4A6380FF  srgba(74,99,128,1)
3,10: (19789,4112,33410,65535)  #4D1082FF  srgba(77,16,130,1)
4,10: (20046,1285,29812,65535)  #4E0574FF  srgba(78,5,116,1)
5,10: (20303,5140,36237,65535)  #4F148DFF  srgba(79,20,141,1)
6,10: (20303,57568,34181,65535)  #4FE085FF  srgba(79,224,133,1)
7,10: (20817,7453,31868,65535)  #511D7CFF  srgba(81,29,124,1)
8,10: (21074,1285,35723,65535)  #52058BFF  srgba(82,5,139,1)
9,10: (21845,4112,34438,65535)  #551086FF  srgba(85,16,134,1)
10,10: (21845,14135,41634,65535)  #5537A2FF  srgba(85,55,162,1)
11,10: (21845,26214,34695,65535)  #556687FF  srgba(85,102,135,1)
12,10: (22102,41634,35980,65535)  #56A28CFF  srgba(86,162,140,1)
13,10: (22359,5140,33924,65535)  #571484FF  srgba(87,20,132,1)
14,10: (22616,57054,38036,65535)  #58DE94FF  srgba(88,222,148,1)
15,10: (22873,5140,36751,65535)  #59148FFF  srgba(89,20,143,1)
0,11: (22873,5654,40863,65535)  #59169FFF  srgba(89,22,159,1)
1,11: (22873,7196,36751,65535)  #591C8FFF  srgba(89,28,143,1)
2,11: (23130,56283,40349,65535)  #5ADB9DFF  srgba(90,219,157,1)
3,11: (23901,59881,43690,65535)  #5DE9AAFF  srgba(93,233,170,1)
4,11: (24158,4112,35723,65535)  #5E108BFF  srgba(94,16,139,1)
5,11: (24415,5397,37265,65535)  #5F1591FF  srgba(95,21,145,1)
6,11: (24672,13621,35723,65535)  #60358BFF  srgba(96,53,139,1)
7,11: (24929,32896,42148,65535)  #6180A4FF  srgba(97,128,164,1)
8,11: (25443,6939,37779,65535)  #631B93FF  srgba(99,27,147,1)
9,11: (25443,41377,37522,65535)  #63A192FF  srgba(99,161,146,1)
10,11: (25443,43433,41634,65535)  #63A9A2FF  srgba(99,169,162,1)
11,11: (25700,5911,40863,65535)  #64179FFF  srgba(100,23,159,1)
12,11: (25957,8224,42148,65535)  #6520A4FF  srgba(101,32,164,1)
13,11: (25957,13364,42405,65535)  #6534A5FF  srgba(101,52,165,1)
14,11: (26471,26214,37008,65535)  #676690FF  srgba(103,102,144,1)
15,11: (26985,1285,38550,65535)  #690596FF  srgba(105,5,150,1)
0,12: (26985,5911,41120,65535)  #6917A0FF  srgba(105,23,160,1)
1,12: (27242,4112,37008,65535)  #6A1090FF  srgba(106,16,144,1)
2,12: (27499,5397,38036,65535)  #6B1594FF  srgba(107,21,148,1)
3,12: (28527,5911,40606,65535)  #6F179EFF  srgba(111,23,158,1)
4,12: (28527,54998,41891,65535)  #6FD6A3FF  srgba(111,214,163,1)
5,12: (28784,5911,42919,65535)  #7017A7FF  srgba(112,23,167,1)
6,12: (28784,6939,37779,65535)  #701B93FF  srgba(112,27,147,1)
7,12: (28784,13364,41120,65535)  #7034A0FF  srgba(112,52,160,1)
8,12: (29041,12850,46003,65535)  #7132B3FF  srgba(113,50,179,1)
9,12: (29298,58853,46003,65535)  #72E5B3FF  srgba(114,229,179,1)
10,12: (29812,7967,43433,65535)  #741FA9FF  srgba(116,31,169,1)
11,12: (29812,37265,41377,65535)  #7491A1FF  srgba(116,145,161,1)
12,12: (30326,38550,44718,65535)  #7696AEFF  srgba(118,150,174,1)
13,12: (31097,6168,41891,65535)  #7918A3FF  srgba(121,24,163,1)
14,12: (31354,6682,44975,65535)  #7A1AAFFF  srgba(122,26,175,1)
15,12: (31611,1285,40863,65535)  #7B059FFF  srgba(123,5,159,1)
0,13: (32382,10023,42919,65535)  #7E27A7FF  srgba(126,39,167,1)
1,13: (32639,18761,42148,65535)  #7F49A4FF  srgba(127,73,164,1)
2,13: (32896,7967,45746,65535)  #801FB2FF  srgba(128,31,178,1)
3,13: (32896,12079,48059,65535)  #802FBBFF  srgba(128,47,187,1)
4,13: (33410,6425,43690,65535)  #8219AAFF  srgba(130,25,170,1)
5,13: (33667,40092,44204,65535)  #839CACFF  srgba(131,156,172,1)
6,13: (33667,62451,46260,65535)  #83F3B4FF  srgba(131,243,180,1)
7,13: (33924,6682,46774,65535)  #841AB6FF  srgba(132,26,182,1)
8,13: (33924,52685,45489,65535)  #84CDB1FF  srgba(132,205,177,1)
9,13: (34181,31097,43947,65535)  #8579ABFF  srgba(133,121,171,1)
10,13: (35466,7967,47545,65535)  #8A1FB9FF  srgba(138,31,185,1)
11,13: (35723,1285,47545,65535)  #8B05B9FF  srgba(139,5,185,1)
12,13: (35723,63993,49858,65535)  #8BF9C2FF  srgba(139,249,194,1)
13,13: (35980,6939,46517,65535)  #8C1BB5FF  srgba(140,27,181,1)
14,13: (37008,54484,50629,65535)  #90D4C5FF  srgba(144,212,197,1)
15,13: (37265,40606,49344,65535)  #919EC0FF  srgba(145,158,192,1)
0,14: (37522,11822,47288,65535)  #922EB8FF  srgba(146,46,184,1)
1,14: (37779,7967,48059,65535)  #931FBBFF  srgba(147,31,187,1)
2,14: (37779,9509,48059,65535)  #9325BBFF  srgba(147,37,187,1)
3,14: (37779,20046,46260,65535)  #934EB4FF  srgba(147,78,180,1)
4,14: (37779,30840,48830,65535)  #9378BEFF  srgba(147,120,190,1)
5,14: (38036,6682,50372,65535)  #941AC4FF  srgba(148,26,196,1)
6,14: (38293,6682,47031,65535)  #951AB7FF  srgba(149,26,183,1)
7,14: (38550,7967,51400,65535)  #961FC8FF  srgba(150,31,200,1)
8,14: (39321,9509,52942,65535)  #9925CEFF  srgba(153,37,206,1)
9,14: (39321,12079,53456,65535)  #992FD0FF  srgba(153,47,208,1)
10,14: (41377,6425,51914,65535)  #A119CAFF  srgba(161,25,202,1)
11,14: (41634,8224,50629,65535)  #A220C5FF  srgba(162,32,197,1)
12,14: (42148,8224,52942,65535)  #A420CEFF  srgba(164,32,206,1)
13,14: (42919,8224,55255,65535)  #A720D7FF  srgba(167,32,215,1)
14,14: (44461,28784,54227,65535)  #AD70D3FF  srgba(173,112,211,1)
15,14: (44718,9252,54227,65535)  #AE24D3FF  srgba(174,36,211,1)
0,15: (44975,11308,56026,65535)  #AF2CDAFF  srgba(175,44,218,1)
1,15: (45489,6425,55255,65535)  #B119D7FF  srgba(177,25,215,1)
2,15: (45489,13364,56797,65535)  #B134DDFF  srgba(177,52,221,1)
3,15: (45746,44975,57311,65535)  #B2AFDFFF  srgba(178,175,223,1)
4,15: (45746,58596,59367,65535)  #B2E4E7FF  srgba(178,228,231,1)
5,15: (46003,8481,56540,65535)  #B321DCFF  srgba(179,33,220,1)
6,15: (46003,9252,56797,65535)  #B324DDFF  srgba(179,36,221,1)
7,15: (46003,10537,56797,65535)  #B329DDFF  srgba(179,41,221,1)
8,15: (46517,9252,58853,65535)  #B524E5FF  srgba(181,36,229,1)
9,15: (46517,10023,56797,65535)  #B527DDFF  srgba(181,39,221,1)
10,15: (48830,8481,58082,65535)  #BE21E2FF  srgba(190,33,226,1)
11,15: (50372,11308,61423,65535)  #C42CEFFF  srgba(196,44,239,1)
12,15: (50886,9509,60395,65535)  #C625EBFF  srgba(198,37,235,1)
13,15: (50886,10023,61423,65535)  #C627EFFF  srgba(198,39,239,1)
14,15: (52171,10537,62194,65535)  #CB29F2FF  srgba(203,41,242,1)
15,15: (0,65535,0,0)  #00FF0000  srgba(0,255,0,0)
