# ImageMagick pixel enumeration: 16,16,65535,srgba
0,0: (0,0,0,65535)  #000000FF  black
1,0: (0,9766,57311,65535)  #0026DFFF  srgba(0,38,223,1)
2,0: (0,37522,8738,65535)  #009222FF  srgba(0,146,34,1)
3,0: (257,1028,514,65535)  #010402FF  srgba(1,4,2,1)
4,0: (257,11565,2313,65535)  #012D09FF  srgba(1,45,9,1)
5,0: (257,20046,4369,65535)  #014E11FF  srgba(1,78,17,1)
6,0: (257,27499,8738,65535)  #016B22FF  srgba(1,107,34,1)
7,0: (514,0,771,65535)  #020003FF  srgba(2,0,3,1)
8,0: (514,11565,8995,65535)  #022D23FF  srgba(2,45,35,1)
9,0: (771,7710,22616,65535)  #031E58FF  srgba(3,30,88,1)
10,0: (771,9252,38036,65535)  #032494FF  srgba(3,36,148,1)
11,0: (1028,30069,5911,65535)  #047517FF  srgba(4,117,23,1)
12,0: (1542,18247,53199,65535)  #0647CFFF  srgba(6,71,207,1)
13,0: (1542,26214,49601,65535)  #0666C1FF  srgba(6,102,193,1)
14,0: (1799,2056,7967,65535)  #07081FFF  srgba(7,8,31,1)
15,0: (2056,9509,55769,65535)  #0825D9FF  srgba(8,37,217,1)
0,1: (2056,17990,58339,65535)  #0846E3FF  srgba(8,70,227,1)
1,1: (3598,23901,44975,65535)  #0E5DAFFF  srgba(14,93,175,1)
2,1: (5140,28270,50886,65535)  #146EC6FF  srgba(20,110,198,1)
3,1: (5140,38293,8995,65535)  #149523FF  srgba(20,149,35,1)
4,1: (6939,771,514,65535)  #1B0302FF  srgba(27,3,2,1)
5,1: (6939,3341,8481,65535)  #1B0D21FF  srgba(27,13,33,1)
6,1: (7196,32382,52171,65535)  #1C7ECBFF  srgba(28,126,203,1)
7,1: (7196,39321,51400,65535)  #1C99C8FF  srgba(28,153,200,1)
8,1: (7710,7967,1799,65535)  #1E1F07FF  srgba(30,31,7,1)
9,1: (7710,20303,3855,65535)  #1E4F0FFF  srgba(30,79,15,1)
10,1: (8224,27242,45489,65535)  #206AB1FF  srgba(32,106,177,1)
11,1: (8481,31868,34695,65535)  #217C87FF  srgba(33,124,135,1)
12,1: (8738,19789,52942,65535)  #224DCEFF  srgba(34,77,206,1)
13,1: (9766,38293,31354,65535)  #26957AFF  srgba(38,149,122,1)
14,1: (10794,26471,9766,65535)  #2A6726FF  srgba(42,103,38,1)
15,1: (11051,27756,42662,65535)  #2B6CA6FF  srgba(43,108,166,1)
0,2: (11308,20817,27499,65535)  #2C516BFF  srgba(44,81,107,1)
1,2: (11565,28013,31097,65535)  #2D6D79FF  srgba(45,109,121,1)
2,2: (11822,34695,44975,65535)  #2E87AFFF  srgba(46,135,175,1)
3,2: (12336,9766,58082,65535)  #3026E2FF  srgba(48,38,226,1)
4,2: (12593,8738,53199,65535)  #3122CFFF  srgba(49,34,207,1)
5,2: (12850,9252,37779,65535)  #322493FF  srgba(50,36,147,1)
6,2: (13878,21845,40863,65535)  #36559FFF  srgba(54,85,159,1)
7,2: (16191,9252,10023,65535)  #3F2427FF  srgba(63,36,39,1)
8,2: (17219,22102,44718,65535)  #4356AEFF  srgba(67,86,174,1)
9,2: (17219,30326,5140,65535)  #437614FF  srgba(67,118,20,1)
10,2: (18247,7710,22873,65535)  #471E59FF  srgba(71,30,89,1)
11,2: (19018,3341,1028,65535)  #4A0D04FF  srgba(74,13,4,1)
12,2: (19532,12079,1799,65535)  #4C2F07FF  srgba(76,47,7,1)
13,2: (19789,38807,10280,65535)  #4D9728FF  srgba(77,151,40,1)
14,2: (20817,19789,52171,65535)  #514DCBFF  srgba(81,77,203,1)
15,2: (20817,21074,3598,65535)  #51520EFF  srgba(81,82,14,1)
0,3: (21074,26985,10023,65535)  #526927FF  srgba(82,105,39,1)
1,3: (22102,6168,33667,65535)  #561883FF  srgba(86,24,131,1)
2,3: (22359,19018,58596,65535)  #574AE4FF  srgba(87,74,228,1)
3,3: (22616,27499,51400,65535)  #586BC8FF  srgba(88,107,200,1)
4,3: (26728,9252,53456,65535)  #6824D0FF  srgba(104,36,208,1)
5,3: (26728,10794,58853,65535)  #682AE5FF  srgba(104,42,229,1)
6,3: (27756,39578,51914,65535)  #6C9ACAFF  srgba(108,154,202,1)
7,3: (28270,32896,51914,65535)  #6E80CAFF  srgba(110,128,202,1)
8,3: (30326,38807,10537,65535)  #769729FF  srgba(118,151,41,1)
9,3: (31097,22873,9766,65535)  #795926FF  srgba(121,89,38,1)
10,3: (32382,6682,8995,65535)  #7E1A23FF  srgba(126,26,35,1)
11,3: (32382,13878,8738,65535)  #7E3622FF  srgba(126,54,34,1)
12,3: (32382,29555,44975,65535)  #7E73AFFF  srgba(126,115,175,1)
13,3: (32382,31097,9252,65535)  #7E7924FF  srgba(126,121,36,1)
14,3: (32896,28784,37522,65535)  #807092FF  srgba(128,112,146,1)
15,3: (32896,29555,21331,65535)  #807353FF  srgba(128,115,83,1)
0,4: (33153,7967,37522,65535)  #811F92FF  srgba(129,31,146,1)
1,4: (33153,19275,58596,65535)  #814BE4FF  srgba(129,75,228,1)
2,4: (33153,27499,51914,65535)  #816BCAFF  srgba(129,107,202,1)
3,4: (33667,19789,52171,65535)  #834DCBFF  srgba(131,77,203,1)
4,4: (33924,20560,29812,65535)  #845074FF  srgba(132,80,116,1)
5,4: (34438,6682,1799,65535)  #861A07FF  srgba(134,26,7,1)
6,4: (34438,13364,38293,65535)  #863495FF  srgba(134,52,149,1)
7,4: (34438,21074,42148,65535)  #8652A4FF  srgba(134,82,164,1)
8,4: (35209,20303,19532,65535)  #894F4CFF  srgba(137,79,76,1)
9,4: (35466,13878,23644,65535)  #8A365CFF  srgba(138,54,92,1)
10,4: (35723,13878,1799,65535)  #8B3607FF  srgba(139,54,7,1)
11,4: (36751,7710,23130,65535)  #8F1E5AFF  srgba(143,30,90,1)
12,4: (37008,10280,54998,65535)  #9028D6FF  srgba(144,40,214,1)
13,4: (37522,22616,4626,65535)  #925812FF  srgba(146,88,18,1)
14,4: (38293,18247,3598,65535)  #95470EFF  srgba(149,71,14,1)
15,4: (38293,22616,9766,65535)  #955826FF  srgba(149,88,38,1)
0,5: (39578,10537,9509,65535)  #9A2925FF  srgba(154,41,37,1)
1,5: (40606,10280,54741,65535)  #9E28D5FF  srgba(158,40,213,1)
2,5: (40606,33153,50886,65535)  #9E81C6FF  srgba(158,129,198,1)
3,5: (41120,11308,34952,65535)  #A02C88FF  srgba(160,44,136,1)
4,5: (41120,26471,51657,65535)  #A067C9FF  srgba(160,103,201,1)
5,5: (41377,8224,7196,65535)  #A1201CFF  srgba(161,32,28,1)
6,5: (41377,8738,15934,65535)  #A1223EFF  srgba(161,34,62,1)
7,5: (41377,11308,42662,65535)  #A12CA6FF  srgba(161,44,166,1)
8,5: (41377,11565,25443,65535)  #A12D63FF  srgba(161,45,99,1)
9,5: (41377,13621,16191,65535)  #A1353FFF  srgba(161,53,63,1)
10,5: (41377,14649,6425,65535)  #A13919FF  srgba(161,57,25,1)
11,5: (41377,15163,4112,65535)  #A13B10FF  srgba(161,59,16,1)
12,5: (41377,19275,17733,65535)  #A14B45FF  srgba(161,75,69,1)
13,5: (41377,19275,30326,65535)  #A14B76FF  srgba(161,75,118,1)
14,5: (41377,20817,5397,65535)  #A15115FF  srgba(161,81,21,1)
15,5: (41377,24158,34952,65535)  #A15E88FF  srgba(161,94,136,1)
0,6: (41377,27756,16705,65535)  #A16C41FF  srgba(161,108,65,1)
1,6: (41377,30326,39835,65535)  #A1769BFF  srgba(161,118,155,1)
2,6: (41634,5911,3855,65535)  #A2170FFF  srgba(162,23,15,1)
3,6: (41634,9252,3855,65535)  #A2240FFF  srgba(162,36,15,1)
4,6: (41634,12079,4112,65535)  #A22F10FF  srgba(162,47,16,1)
5,6: (41634,19532,41120,65535)  #A24CA0FF  srgba(162,76,160,1)
6,6: (41634,21588,8481,65535)  #A25421FF  srgba(162,84,33,1)
7,6: (41634,21845,52171,65535)  #A255CBFF  srgba(162,85,203,1)
8,6: (41634,22359,38293,65535)  #A25795FF  srgba(162,87,149,1)
9,6: (41634,22873,17733,65535)  #A25945FF  srgba(162,89,69,1)
10,6: (41634,25443,7710,65535)  #A2631EFF  srgba(162,99,30,1)
11,6: (41634,31611,8224,65535)  #A27B20FF  srgba(162,123,32,1)
12,6: (41891,8481,55769,65535)  #A321D9FF  srgba(163,33,217,1)
13,6: (41891,8995,56797,65535)  #A323DDFF  srgba(163,35,221,1)
14,6: (41891,11565,54741,65535)  #A32DD5FF  srgba(163,45,213,1)
15,6: (41891,15677,55255,65535)  #A33DD7FF  srgba(163,61,215,1)
0,7: (41891,19018,5397,65535)  #A34A15FF  srgba(163,74,21,1)
1,7: (41891,19532,54227,65535)  #A34CD3FF  srgba(163,76,211,1)
2,7: (41891,23387,6168,65535)  #A35B18FF  srgba(163,91,24,1)
3,7: (42405,8481,6168,65535)  #A52118FF  srgba(165,33,24,1)
4,7: (42405,9509,15163,65535)  #A5253BFF  srgba(165,37,59,1)
5,7: (42405,12079,23130,65535)  #A52F5AFF  srgba(165,47,90,1)
6,7: (42405,12336,33153,65535)  #A53081FF  srgba(165,48,129,1)
7,7: (42405,12336,42405,65535)  #A530A5FF  srgba(165,48,165,1)
8,7: (42405,12850,5654,65535)  #A53216FF  srgba(165,50,22,1)
9,7: (42405,13364,54741,65535)  #A534D5FF  srgba(165,52,213,1)
10,7: (42405,13878,15420,65535)  #A5363CFF  srgba(165,54,60,1)
11,7: (42405,15420,5654,65535)  #A53C16FF  srgba(165,60,22,1)
12,7: (42405,19018,5654,65535)  #A54A16FF  srgba(165,74,22,1)
13,7: (42405,19275,28784,65535)  #A54B70FF  srgba(165,75,112,1)
14,7: (42405,20560,16448,65535)  #A55040FF  srgba(165,80,64,1)
15,7: (42405,23644,6425,65535)  #A55C19FF  srgba(165,92,25,1)
0,8: (42405,26214,7196,65535)  #A5661CFF  srgba(165,102,28,1)
1,8: (42662,9766,54741,65535)  #A626D5FF  srgba(166,38,213,1)
2,8: (42662,10794,56797,65535)  #A62ADDFF  srgba(166,42,221,1)
3,8: (42662,11308,56283,65535)  #A62CDBFF  srgba(166,44,219,1)
4,8: (42662,19532,38293,65535)  #A64C95FF  srgba(166,76,149,1)
5,8: (42662,20046,56283,65535)  #A64EDBFF  srgba(166,78,219,1)
6,8: (42662,20560,50372,65535)  #A650C4FF  srgba(166,80,196,1)
7,8: (42662,21074,43690,65535)  #A652AAFF  srgba(166,82,170,1)
8,8: (42662,22359,31611,65535)  #A6577BFF  srgba(166,87,123,1)
9,8: (42662,23901,7710,65535)  #A65D1EFF  srgba(166,93,30,1)
10,8: (42662,23901,15934,65535)  #A65D3EFF  srgba(166,93,62,1)
11,8: (42662,26214,49344,65535)  #A666C0FF  srgba(166,102,192,1)
12,8: (42662,26471,44461,65535)  #A667ADFF  srgba(166,103,173,1)
13,8: (42662,26985,32125,65535)  #A6697DFF  srgba(166,105,125,1)
14,8: (42662,29041,14649,65535)  #A67139FF  srgba(166,113,57,1)
15,8: (42662,31868,7967,65535)  #A67C1FFF  srgba(166,124,31,1)
0,9: (42919,12336,56283,65535)  #A730DBFF  srgba(167,48,219,1)
1,9: (42919,13621,54484,65535)  #A735D4FF  srgba(167,53,212,1)
2,9: (42919,16191,56026,65535)  #A73FDAFF  srgba(167,63,218,1)
3,9: (42919,21588,49601,65535)  #A754C1FF  srgba(167,84,193,1)
4,9: (42919,29812,49858,65535)  #A774C2FF  srgba(167,116,194,1)
5,9: (43176,9766,5140,65535)  #A82614FF  srgba(168,38,20,1)
6,9: (43176,10023,53199,65535)  #A827CFFF  srgba(168,39,207,1)
7,9: (43176,11308,56797,65535)  #A82CDDFF  srgba(168,44,221,1)
8,9: (43176,11308,57311,65535)  #A82CDFFF  srgba(168,44,223,1)
9,9: (43176,11565,56540,65535)  #A82DDCFF  srgba(168,45,220,1)
10,9: (43176,16448,22102,65535)  #A84056FF  srgba(168,64,86,1)
11,9: (43176,17219,52942,65535)  #A843CEFF  srgba(168,67,206,1)
12,9: (43176,17219,56026,65535)  #A843DAFF  srgba(168,67,218,1)
13,9: (43176,17219,56283,65535)  #A843DBFF  srgba(168,67,219,1)
14,9: (43176,17476,56797,65535)  #A844DDFF  srgba(168,68,221,1)
15,9: (43176,19532,37008,65535)  #A84C90FF  srgba(168,76,144,1)
0,10: (43176,21074,55512,65535)  #A852D8FF  srgba(168,82,216,1)
1,10: (43176,21588,42405,65535)  #A854A5FF  srgba(168,84,165,1)
2,10: (43176,21588,45746,65535)  #A854B2FF  srgba(168,84,178,1)
3,10: (43176,21588,48316,65535)  #A854BCFF  srgba(168,84,188,1)
4,10: (43176,22359,36494,65535)  #A8578EFF  srgba(168,87,142,1)
5,10: (43176,23901,48059,65535)  #A85DBBFF  srgba(168,93,187,1)
6,10: (43176,25186,6939,65535)  #A8621BFF  srgba(168,98,27,1)
7,10: (43176,25186,52942,65535)  #A862CEFF  srgba(168,98,206,1)
8,10: (43176,27756,48573,65535)  #A86CBDFF  srgba(168,108,189,1)
9,10: (43176,28527,49344,65535)  #A86FC0FF  srgba(168,111,192,1)
10,10: (43176,33667,50886,65535)  #A883C6FF  srgba(168,131,198,1)
11,10: (43433,10023,12336,65535)  #A92730FF  srgba(169,39,48,1)
12,10: (43433,11565,24415,65535)  #A92D5FFF  srgba(169,45,95,1)
13,10: (43433,11822,19018,65535)  #A92E4AFF  srgba(169,46,74,1)
14,10: (43433,11822,57311,65535)  #A92EDFFF  srgba(169,46,223,1)
15,10: (43433,13878,5397,65535)  #A93615FF  srgba(169,54,21,1)
0,11: (43433,16191,57054,65535)  #A93FDEFF  srgba(169,63,222,1)
1,11: (43433,17219,5911,65535)  #A94317FF  srgba(169,67,23,1)
2,11: (43433,17476,55512,65535)  #A944D8FF  srgba(169,68,216,1)
3,11: (43433,20560,44975,65535)  #A950AFFF  srgba(169,80,175,1)
4,11: (43433,21588,6425,65535)  #A95419FF  srgba(169,84,25,1)
5,11: (43433,24672,18247,65535)  #A96047FF  srgba(169,96,71,1)
6,11: (43433,25957,6939,65535)  #A9651BFF  srgba(169,101,27,1)
7,11: (43433,26728,38293,65535)  #A96895FF  srgba(169,104,149,1)
8,11: (43433,27756,46003,65535)  #A96CB3FF  srgba(169,108,179,1)
9,11: (43690,10537,34181,65535)  #AA2985FF  srgba(170,41,133,1)
10,11: (43690,15677,42919,65535)  #AA3DA7FF  srgba(170,61,167,1)
11,11: (43690,19532,57054,65535)  #AA4CDEFF  srgba(170,76,222,1)
12,11: (43690,21074,56026,65535)  #AA52DAFF  srgba(170,82,218,1)
13,11: (43690,21588,51400,65535)  #AA54C8FF  srgba(170,84,200,1)
14,11: (43690,21845,48059,65535)  #AA55BBFF  srgba(170,85,187,1)
15,11: (43690,22359,42405,65535)  #AA57A5FF  srgba(170,87,165,1)
0,12: (43690,22359,43947,65535)  #AA57ABFF  srgba(170,87,171,1)
1,12: (43690,22359,45489,65535)  #AA57B1FF  srgba(170,87,177,1)
2,12: (43690,26985,44204,65535)  #AA69ACFF  srgba(170,105,172,1)
3,12: (43690,26985,50629,65535)  #AA69C5FF  srgba(170,105,197,1)
4,12: (43690,27499,42919,65535)  #AA6BA7FF  srgba(170,107,167,1)
5,12: (43690,27756,48316,65535)  #AA6CBCFF  srgba(170,108,188,1)
6,12: (43690,28013,7453,65535)  #AA6D1DFF  srgba(170,109,29,1)
7,12: (43690,30326,8224,65535)  #AA7620FF  srgba(170,118,32,1)
8,12: (43690,34181,8481,65535)  #AA8521FF  srgba(170,133,33,1)
9,12: (43947,10794,43176,65535)  #AB2AA8FF  srgba(171,42,168,1)
10,12: (43947,11051,51400,65535)  #AB2BC8FF  srgba(171,43,200,1)
11,12: (43947,11308,55769,65535)  #AB2CD9FF  srgba(171,44,217,1)
12,12: (43947,12593,57568,65535)  #AB31E0FF  srgba(171,49,224,1)
13,12: (43947,14649,12079,65535)  #AB392FFF  srgba(171,57,47,1)
14,12: (43947,14906,54998,65535)  #AB3AD6FF  srgba(171,58,214,1)
15,12: (43947,15677,34438,65535)  #AB3D86FF  srgba(171,61,134,1)
0,13: (43947,17990,55255,65535)  #AB46D7FF  srgba(171,70,215,1)
1,13: (43947,22359,48316,65535)  #AB57BCFF  srgba(171,87,188,1)
2,13: (43947,26471,57311,65535)  #AB67DFFF  srgba(171,103,223,1)
3,13: (43947,26985,46003,65535)  #AB69B3FF  srgba(171,105,179,1)
4,13: (43947,28784,43433,65535)  #AB70A9FF  srgba(171,112,169,1)
5,13: (43947,41120,9766,65535)  #ABA026FF  srgba(171,160,38,1)
6,13: (44204,16448,57311,65535)  #AC40DFFF  srgba(172,64,223,1)
7,13: (44204,21845,52171,65535)  #AC55CBFF  srgba(172,85,203,1)
8,13: (44204,22616,24415,65535)  #AC585FFF  srgba(172,88,95,1)
9,13: (44204,25443,8481,65535)  #AC6321FF  srgba(172,99,33,1)
10,13: (44204,26728,48316,65535)  #AC68BCFF  srgba(172,104,188,1)
11,13: (44204,26985,53199,65535)  #AC69CFFF  srgba(172,105,207,1)
12,13: (44204,27242,50629,65535)  #AC6AC5FF  srgba(172,106,197,1)
13,13: (44204,28784,45746,65535)  #AC70B2FF  srgba(172,112,178,1)
14,13: (44204,29041,48316,65535)  #AC71BCFF  srgba(172,113,188,1)
15,13: (44204,31868,53456,65535)  #AC7CD0FF  srgba(172,124,208,1)
0,14: (44204,32125,56797,65535)  #AC7DDDFF  srgba(172,125,221,1)
1,14: (44204,33153,10023,65535)  #AC8127FF  srgba(172,129,39,1)
2,14: (44204,35980,44461,65535)  #AC8CADFF  srgba(172,140,173,1)
3,14: (44204,35980,48573,65535)  #AC8CBDFF  srgba(172,140,189,1)
4,14: (44461,20046,57568,65535)  #AD4EE0FF  srgba(173,78,224,1)
5,14: (44461,22102,50629,65535)  #AD56C5FF  srgba(173,86,197,1)
6,14: (44461,22359,8481,65535)  #AD5721FF  srgba(173,87,33,1)
7,14: (44461,22359,35980,65535)  #AD578CFF  srgba(173,87,140,1)
8,14: (44461,29298,42662,65535)  #AD72A6FF  srgba(173,114,166,1)
9,14: (44461,30326,50629,65535)  #AD76C5FF  srgba(173,118,197,1)
10,14: (44461,30583,46003,65535)  #AD77B3FF  srgba(173,119,179,1)
11,14: (44461,30840,15677,65535)  #AD783DFF  srgba(173,120,61,1)
12,14: (44461,30840,23901,65535)  #AD785DFF  srgba(173,120,93,1)
13,14: (44461,31097,48316,65535)  #AD79BCFF  srgba(173,121,188,1)
14,14: (44461,31611,37522,65535)  #AD7B92FF  srgba(173,123,146,1)
15,14: (44461,37522,53713,65535)  #AD92D1FF  srgba(173,146,209,1)
0,15: (44461,37779,50886,65535)  #AD93C6FF  srgba(173,147,198,1)
1,15: (44461,38036,46003,65535)  #AD94B3FF  srgba(173,148,179,1)
2,15: (44461,38550,39321,65535)  #AD9699FF  srgba(173,150,153,1)
3,15: (44461,38550,48316,65535)  #AD96BCFF  srgba(173,150,188,1)
4,15: (44461,41891,13107,65535)  #ADA333FF  srgba(173,163,51,1)
5,15: (44718,18247,10537,65535)  #AE4729FF  srgba(174,71,41,1)
6,15: (44718,18247,53713,65535)  #AE47D1FF  srgba(174,71,209,1)
7,15: (44718,22616,16448,65535)  #AE5840FF  srgba(174,88,64,1)
8,15: (44718,24929,48316,65535)  #AE61BCFF  srgba(174,97,188,1)
9,15: (44718,25186,11308,65535)  #AE622CFF  srgba(174,98,44,1)
10,15: (44975,17219,22616,65535)  #AF4358FF  srgba(175,67,88,1)
11,15: (44975,19532,36237,65535)  #AF4C8DFF  srgba(175,76,141,1)
12,15: (44975,24929,36237,65535)  #AF618DFF  srgba(175,97,141,1)
13,15: (45232,21588,52171,65535)  #B054CBFF  srgba(176,84,203,1)
14,15: (45746,25186,19275,65535)  #B2624BFF  srgba(178,98,75,1)
15,15: (0,65535,0,0)  #00FF0000  srgba(0,255,0,0)
