# ImageMagick pixel enumeration: 16,16,65535,srgba
0,0: (3341,63479,59624,65535)  #0DF7E8FF  srgba(13,247,232,1)
1,0: (3855,63222,48316,65535)  #0FF6BCFF  srgba(15,246,188,1)
2,0: (4112,63736,53456,65535)  #10F8D0FF  srgba(16,248,208,1)
3,0: (7967,63993,60909,65535)  #1FF9EDFF  srgba(31,249,237,1)
4,0: (13364,65021,62708,65535)  #34FDF4FF  srgba(52,253,244,1)
5,0: (14392,63736,65021,65535)  #38F8FDFF  srgba(56,248,253,1)
6,0: (15420,64507,59624,65535)  #3CFBE8FF  srgba(60,251,232,1)
7,0: (16191,63993,50629,65535)  #3FF9C5FF  srgba(63,249,197,1)
8,0: (20046,65278,63479,65535)  #4EFEF7FF  srgba(78,254,247,1)
9,0: (21074,63479,65021,65535)  #52F7FDFF  srgba(82,247,253,1)
10,0: (27756,64250,54741,65535)  #6CFAD5FF  srgba(108,250,213,1)
11,0: (28013,65021,65021,65535)  #6DFDFDFF  srgba(109,253,253,1)
12,0: (28013,65278,59624,65535)  #6DFEE8FF  srgba(109,254,232,1)
13,0: (28270,63479,64507,65535)  #6EF7FBFF  srgba(110,247,251,1)
14,0: (28527,62965,65278,65535)  #6FF5FEFF  srgba(111,245,254,1)
15,0: (29298,65278,65278,65535)  #72FEFEFF  srgba(114,254,254,1)
0,1: (37779,63736,54484,65535)  #93F8D4FF  srgba(147,248,212,1)
1,1: (38293,63479,64507,65535)  #95F7FBFF  srgba(149,247,251,1)
2,1: (38293,63479,65278,65535)  #95F7FEFF  srgba(149,247,254,1)
3,1: (39321,7967,25700,65535)  #991F64FF  srgba(153,31,100,1)
4,1: (41120,65278,61166,65535)  #A0FEEEFF  srgba(160,254,238,1)
5,1: (41377,65278,65278,65535)  #A1FEFEFF  srgba(161,254,254,1)
6,1: (41634,65278,65535,65535)  #A2FEFFFF  srgba(162,254,255,1)
7,1: (43433,49601,64764,65535)  #A9C1FCFF  srgba(169,193,252,1)
8,1: (48573,8224,28784,65535)  #BD2070FF  srgba(189,32,112,1)
9,1: (48830,27242,40863,65535)  #BE6A9FFF  srgba(190,106,159,1)
10,1: (49087,62708,65278,65535)  #BFF4FEFF  srgba(191,244,254,1)
11,1: (50115,60652,49601,65535)  #C3ECC1FF  srgba(195,236,193,1)
12,1: (50115,63479,62965,65535)  #C3F7F5FF  srgba(195,247,245,1)
13,1: (51143,63736,64764,65535)  #C7F8FCFF  srgba(199,248,252,1)
14,1: (51914,31097,46774,65535)  #CA79B6FF  srgba(202,121,182,1)
15,1: (53713,37522,49601,65535)  #D192C1FF  srgba(209,146,193,1)
0,2: (53970,63736,65278,65535)  #D2F8FEFF  srgba(210,248,254,1)
1,2: (54227,44204,51143,65535)  #D3ACC7FF  srgba(211,172,199,1)
2,2: (54484,65278,65021,65535)  #D4FEFDFF  srgba(212,254,253,1)
3,2: (54998,9509,31868,65535)  #D6257CFF  srgba(214,37,124,1)
4,2: (55255,17733,41120,65535)  #D745A0FF  srgba(215,69,160,1)
5,2: (55512,29812,47031,65535)  #D874B7FF  srgba(216,116,183,1)
6,2: (55512,48316,63736,65535)  #D8BCF8FF  srgba(216,188,248,1)
7,2: (56283,46774,55769,65535)  #DBB6D9FF  srgba(219,182,217,1)
8,2: (56797,57311,58082,65535)  #DDDFE2FF  srgba(221,223,226,1)
9,2: (56797,63736,64764,65535)  #DDF8FCFF  srgba(221,248,252,1)
10,2: (57825,46003,56283,65535)  #E1B3DBFF  srgba(225,179,219,1)
11,2: (57825,58082,59367,65535)  #E1E2E7FF  srgba(225,226,231,1)
12,2: (58082,45489,51143,65535)  #E2B1C7FF  srgba(226,177,199,1)
13,2: (58339,27499,46003,65535)  #E36BB3FF  srgba(227,107,179,1)
14,2: (58339,37522,51657,65535)  #E392C9FF  srgba(227,146,201,1)
15,2: (58596,30840,51143,65535)  #E478C7FF  srgba(228,120,199,1)
0,3: (58596,58596,59881,65535)  #E4E4E9FF  srgba(228,228,233,1)
1,3: (58853,41377,56283,65535)  #E5A1DBFF  srgba(229,161,219,1)
2,3: (58853,50115,57568,65535)  #E5C3E0FF  srgba(229,195,224,1)
3,3: (59110,59110,60395,65535)  #E6E6EBFF  srgba(230,230,235,1)
4,3: (59624,63993,64764,65535)  #E8F9FCFF  srgba(232,249,252,1)
5,3: (59881,59624,61166,65535)  #E9E8EEFF  srgba(233,232,238,1)
6,3: (59881,65021,65278,65535)  #E9FDFEFF  srgba(233,253,254,1)
7,3: (60138,14392,39064,65535)  #EA3898FF  srgba(234,56,152,1)
8,3: (60138,36237,56540,65535)  #EA8DDCFF  srgba(234,141,220,1)
9,3: (60138,43176,57054,65535)  #EAA8DEFF  srgba(234,168,222,1)
10,3: (60138,48830,60909,65535)  #EABEEDFF  srgba(234,190,237,1)
11,3: (60138,49601,58082,65535)  #EAC1E2FF  srgba(234,193,226,1)
12,3: (60395,18761,47031,65535)  #EB49B7FF  srgba(235,73,183,1)
13,3: (60395,60652,61680,65535)  #EBECF0FF  srgba(235,236,240,1)
14,3: (60909,59624,61166,65535)  #EDE8EEFF  srgba(237,232,238,1)
15,3: (60909,61166,62451,65535)  #EDEEF3FF  srgba(237,238,243,1)
0,4: (61166,43176,61166,65535)  #EEA8EEFF  srgba(238,168,238,1)
1,4: (61166,51914,61166,65535)  #EECAEEFF  srgba(238,202,238,1)
2,4: (61166,59110,61423,65535)  #EEE6EFFF  srgba(238,230,239,1)
3,4: (61166,60909,62194,65535)  #EEEDF2FF  srgba(238,237,242,1)
4,4: (61423,38293,51914,65535)  #EF95CAFF  srgba(239,149,202,1)
5,4: (61423,56540,59624,65535)  #EFDCE8FF  srgba(239,220,232,1)
6,4: (61680,25186,47802,65535)  #F062BAFF  srgba(240,98,186,1)
7,4: (61680,32639,51400,65535)  #F07FC8FF  srgba(240,127,200,1)
8,4: (61680,43947,57568,65535)  #F0ABE0FF  srgba(240,171,224,1)
9,4: (61680,46003,52685,65535)  #F0B3CDFF  srgba(240,179,205,1)
10,4: (61680,48316,46003,65535)  #F0BCB3FF  srgba(240,188,179,1)
11,4: (61680,49858,58339,65535)  #F0C2E3FF  srgba(240,194,227,1)
12,4: (61680,58339,61937,65535)  #F0E3F1FF  srgba(240,227,241,1)
13,4: (61680,61680,62965,65535)  #F0F0F5FF  srgba(240,240,245,1)
14,4: (61937,32125,57054,65535)  #F17DDEFF  srgba(241,125,222,1)
15,4: (61937,36494,61423,65535)  #F18EEFFF  srgba(241,142,239,1)
0,5: (61937,38550,57054,65535)  #F196DEFF  srgba(241,150,222,1)
1,5: (61937,44975,61680,65535)  #F1AFF0FF  srgba(241,175,240,1)
2,5: (61937,51143,61680,65535)  #F1C7F0FF  srgba(241,199,240,1)
3,5: (61937,61680,63222,65535)  #F1F0F6FF  srgba(241,240,246,1)
4,5: (62194,15163,42662,65535)  #F23BA6FF  srgba(242,59,166,1)
5,5: (62194,25186,52685,65535)  #F262CDFF  srgba(242,98,205,1)
6,5: (62194,58339,62708,65535)  #F2E3F4FF  srgba(242,227,244,1)
7,5: (62194,62194,63736,65535)  #F2F2F8FF  srgba(242,242,248,1)
8,5: (62451,19275,50115,65535)  #F34BC3FF  srgba(243,75,195,1)
9,5: (62451,58082,63993,65535)  #F3E2F9FF  srgba(243,226,249,1)
10,5: (62451,63479,64507,65535)  #F3F7FBFF  srgba(243,247,251,1)
11,5: (62708,33924,61937,65535)  #F484F1FF  srgba(244,132,241,1)
12,5: (62708,42405,62451,65535)  #F4A5F3FF  srgba(244,165,243,1)
13,5: (62708,48059,62194,65535)  #F4BBF2FF  srgba(244,187,242,1)
14,5: (62708,52171,62451,65535)  #F4CBF3FF  srgba(244,203,243,1)
15,5: (63222,65021,65021,65535)  #F6FDFDFF  srgba(246,253,253,1)
0,6: (63479,14392,43176,65535)  #F738A8FF  srgba(247,56,168,1)
1,6: (63479,17733,47802,65535)  #F745BAFF  srgba(247,69,186,1)
2,6: (63479,19789,51400,65535)  #F74DC8FF  srgba(247,77,200,1)
3,6: (63479,30326,61423,65535)  #F776EFFF  srgba(247,118,239,1)
4,6: (63479,35209,62965,65535)  #F789F5FF  srgba(247,137,245,1)
5,6: (63479,41120,63222,65535)  #F7A0F6FF  srgba(247,160,246,1)
6,6: (63479,47288,63222,65535)  #F7B8F6FF  srgba(247,184,246,1)
7,6: (63479,52171,63222,65535)  #F7CBF6FF  srgba(247,203,246,1)
8,6: (63736,26728,57568,65535)  #F868E0FF  srgba(248,104,224,1)
9,6: (63736,48316,58082,65535)  #F8BCE2FF  srgba(248,188,226,1)
10,6: (63736,57311,61423,65535)  #F8DFEFFF  srgba(248,223,239,1)
11,6: (63736,57825,62965,65535)  #F8E1F5FF  srgba(248,225,245,1)
12,6: (63736,59110,63479,65535)  #F8E6F7FF  srgba(248,230,247,1)
13,6: (63993,30326,56540,65535)  #F976DCFF  srgba(249,118,220,1)
14,6: (63993,36751,57568,65535)  #F98FE0FF  srgba(249,143,224,1)
15,6: (63993,42148,57825,65535)  #F9A4E1FF  srgba(249,164,225,1)
0,7: (63993,49601,63736,65535)  #F9C1F8FF  srgba(249,193,248,1)
1,7: (63993,57568,63736,65535)  #F9E0F8FF  srgba(249,224,248,1)
2,7: (63993,63479,65021,65535)  #F9F7FDFF  srgba(249,247,253,1)
3,7: (64250,13364,44461,65535)  #FA34ADFF  srgba(250,52,173,1)
4,7: (64250,17990,47288,65535)  #FA46B8FF  srgba(250,70,184,1)
5,7: (64250,19532,51400,65535)  #FA4CC8FF  srgba(250,76,200,1)
6,7: (64250,22616,55255,65535)  #FA58D7FF  srgba(250,88,215,1)
7,7: (64250,24158,52171,65535)  #FA5ECBFF  srgba(250,94,203,1)
8,7: (64250,24672,56283,65535)  #FA60DBFF  srgba(250,96,219,1)
9,7: (64250,28270,51657,65535)  #FA6EC9FF  srgba(250,110,201,1)
10,7: (64250,29812,59110,65535)  #FA74E6FF  srgba(250,116,230,1)
11,7: (64250,29812,61680,65535)  #FA74F0FF  srgba(250,116,240,1)
12,7: (64250,33667,63479,65535)  #FA83F7FF  srgba(250,131,247,1)
13,7: (64250,33924,50886,65535)  #FA84C6FF  srgba(250,132,198,1)
14,7: (64250,37008,63736,65535)  #FA90F8FF  srgba(250,144,248,1)
15,7: (64250,39835,63993,65535)  #FA9BF9FF  srgba(250,155,249,1)
0,8: (64250,40092,50629,65535)  #FA9CC5FF  srgba(250,156,197,1)
1,8: (64250,42919,63993,65535)  #FAA7F9FF  srgba(250,167,249,1)
2,8: (64250,46517,63993,65535)  #FAB5F9FF  srgba(250,181,249,1)
3,8: (64250,48059,48830,65535)  #FABBBEFF  srgba(250,187,190,1)
4,8: (64250,52685,63993,65535)  #FACDF9FF  srgba(250,205,249,1)
5,8: (64250,56283,64250,65535)  #FADBFAFF  srgba(250,219,250,1)
6,8: (64250,59881,64250,65535)  #FAE9FAFF  srgba(250,233,250,1)
7,8: (64250,60909,65278,65535)  #FAEDFEFF  srgba(250,237,254,1)
8,8: (64250,61937,64764,65535)  #FAF1FCFF  srgba(250,241,252,1)
9,8: (64250,62194,63736,65535)  #FAF2F8FF  srgba(250,242,248,1)
10,8: (64250,62708,64250,65535)  #FAF4FAFF  srgba(250,244,250,1)
11,8: (64250,64507,65278,65535)  #FAFBFEFF  srgba(250,251,254,1)
12,8: (64250,65021,64764,65535)  #FAFDFCFF  srgba(250,253,252,1)
13,8: (64507,22102,52428,65535)  #FB56CCFF  srgba(251,86,204,1)
14,8: (64507,32125,62194,65535)  #FB7DF2FF  srgba(251,125,242,1)
15,8: (64507,56283,65278,65535)  #FBDBFEFF  srgba(251,219,254,1)
0,9: (64507,56797,64764,65535)  #FBDDFCFF  srgba(251,221,252,1)
1,9: (64507,63479,64764,65535)  #FBF7FCFF  srgba(251,247,252,1)
2,9: (64507,64507,64764,65535)  #FBFBFCFF  srgba(251,251,252,1)
3,9: (64764,12593,43947,65535)  #FC31ABFF  srgba(252,49,171,1)
4,9: (64764,15934,45746,65535)  #FC3EB2FF  srgba(252,62,178,1)
5,9: (64764,16962,48059,65535)  #FC42BBFF  srgba(252,66,187,1)
6,9: (64764,19789,51400,65535)  #FC4DC8FF  srgba(252,77,200,1)
7,9: (64764,26985,57825,65535)  #FC69E1FF  srgba(252,105,225,1)
8,9: (64764,28527,61423,65535)  #FC6FEFFF  srgba(252,111,239,1)
9,9: (64764,33410,64764,65535)  #FC82FCFF  srgba(252,130,252,1)
10,9: (64764,37008,65278,65535)  #FC90FEFF  srgba(252,144,254,1)
11,9: (64764,37265,63993,65535)  #FC91F9FF  srgba(252,145,249,1)
12,9: (64764,40863,64507,65535)  #FC9FFBFF  srgba(252,159,251,1)
13,9: (64764,44975,64507,65535)  #FCAFFBFF  srgba(252,175,251,1)
14,9: (64764,48573,64507,65535)  #FCBDFBFF  srgba(252,189,251,1)
15,9: (64764,52171,64507,65535)  #FCCBFBFF  srgba(252,203,251,1)
0,10: (64764,62965,65278,65535)  #FCF5FEFF  srgba(252,245,254,1)
1,10: (64764,63993,65278,65535)  #FCF9FEFF  srgba(252,249,254,1)
2,10: (64764,65021,64507,65535)  #FCFDFBFF  srgba(252,253,251,1)
3,10: (65021,59881,64507,65535)  #FDE9FBFF  srgba(253,233,251,1)
4,10: (65021,64507,65535,65535)  #FDFBFFFF  srgba(253,251,255,1)
5,10: (65021,65021,65021,65535)  #FDFDFDFF  srgba(253,253,253,1)
6,10: (65021,65535,65535,65535)  #FDFFFFFF  srgba(253,255,255,1)
7,10: (65278,12079,42662,65535)  #FE2FA6FF  srgba(254,47,166,1)
8,10: (65278,14135,45232,65535)  #FE37B0FF  srgba(254,55,176,1)
9,10: (65278,14906,47031,65535)  #FE3AB7FF  srgba(254,58,183,1)
10,10: (65278,17476,46774,65535)  #FE44B6FF  srgba(254,68,182,1)
11,10: (65278,17733,48316,65535)  #FE45BCFF  srgba(254,69,188,1)
12,10: (65278,18247,50372,65535)  #FE47C4FF  srgba(254,71,196,1)
13,10: (65278,20046,51657,65535)  #FE4EC9FF  srgba(254,78,201,1)
14,10: (65278,21331,52942,65535)  #FE53CEFF  srgba(254,83,206,1)
15,10: (65278,22102,53970,65535)  #FE56D2FF  srgba(254,86,210,1)
0,11: (65278,22359,51914,65535)  #FE57CAFF  srgba(254,87,202,1)
1,11: (65278,22616,50886,65535)  #FE58C6FF  srgba(254,88,198,1)
2,11: (65278,23387,48316,65535)  #FE5BBCFF  srgba(254,91,188,1)
3,11: (65278,23644,52685,65535)  #FE5CCDFF  srgba(254,92,205,1)
4,11: (65278,23644,55512,65535)  #FE5CD8FF  srgba(254,92,216,1)
5,11: (65278,24415,53970,65535)  #FE5FD2FF  srgba(254,95,210,1)
6,11: (65278,24415,56797,65535)  #FE5FDDFF  srgba(254,95,221,1)
7,11: (65278,24929,58082,65535)  #FE61E2FF  srgba(254,97,226,1)
8,11: (65278,26728,56540,65535)  #FE68DCFF  srgba(254,104,220,1)
9,11: (65278,26985,58082,65535)  #FE69E2FF  srgba(254,105,226,1)
10,11: (65278,27242,59367,65535)  #FE6AE7FF  srgba(254,106,231,1)
11,11: (65278,27756,61166,65535)  #FE6CEEFF  srgba(254,108,238,1)
12,11: (65278,29555,58853,65535)  #FE73E5FF  srgba(254,115,229,1)
13,11: (65278,29555,60652,65535)  #FE73ECFF  srgba(254,115,236,1)
14,11: (65278,29812,62965,65535)  #FE74F5FF  srgba(254,116,245,1)
15,11: (65278,30069,50886,65535)  #FE75C6FF  srgba(254,117,198,1)
0,12: (65278,30069,56797,65535)  #FE75DDFF  srgba(254,117,221,1)
1,12: (65278,30326,54741,65535)  #FE76D5FF  srgba(254,118,213,1)
2,12: (65278,31097,60909,65535)  #FE79EDFF  srgba(254,121,237,1)
3,12: (65278,31354,62965,65535)  #FE7AF5FF  srgba(254,122,245,1)
4,12: (65278,31354,65021,65535)  #FE7AFDFF  srgba(254,122,253,1)
5,12: (65278,32382,58853,65535)  #FE7EE5FF  srgba(254,126,229,1)
6,12: (65278,32896,63222,65535)  #FE80F6FF  srgba(254,128,246,1)
7,12: (65278,33410,65021,65535)  #FE82FDFF  srgba(254,130,253,1)
8,12: (65278,33924,60652,65535)  #FE84ECFF  srgba(254,132,236,1)
9,12: (65278,34695,63479,65535)  #FE87F7FF  srgba(254,135,247,1)
10,12: (65278,35466,50629,65535)  #FE8AC5FF  srgba(254,138,197,1)
11,12: (65278,35466,54741,65535)  #FE8AD5FF  srgba(254,138,213,1)
12,12: (65278,35466,65278,65535)  #FE8AFEFF  srgba(254,138,254,1)
13,12: (65278,35723,56797,65535)  #FE8BDDFF  srgba(254,139,221,1)
14,12: (65278,37779,58853,65535)  #FE93E5FF  srgba(254,147,229,1)
15,12: (65278,38036,65278,65535)  #FE94FEFF  srgba(254,148,254,1)
0,13: (65278,38550,60652,65535)  #FE96ECFF  srgba(254,150,236,1)
1,13: (65278,38807,63222,65535)  #FE97F6FF  srgba(254,151,246,1)
2,13: (65278,40606,65278,65535)  #FE9EFEFF  srgba(254,158,254,1)
3,13: (65278,42919,65535,65535)  #FEA7FFFF  srgba(254,167,255,1)
4,13: (65278,43433,65278,65535)  #FEA9FEFF  srgba(254,169,254,1)
5,13: (65278,43690,55255,65535)  #FEAAD7FF  srgba(254,170,215,1)
6,13: (65278,43690,59881,65535)  #FEAAE9FF  srgba(254,170,233,1)
7,13: (65278,44461,61680,65535)  #FEADF0FF  srgba(254,173,240,1)
8,13: (65278,44461,63479,65535)  #FEADF7FF  srgba(254,173,247,1)
9,13: (65278,44975,64507,65535)  #FEAFFBFF  srgba(254,175,251,1)
10,13: (65278,44975,65021,65535)  #FEAFFDFF  srgba(254,175,253,1)
11,13: (65278,45232,65535,65535)  #FEB0FFFF  srgba(254,176,255,1)
12,13: (65278,47288,65278,65535)  #FEB8FEFF  srgba(254,184,254,1)
13,13: (65278,47802,65535,65535)  #FEBAFFFF  srgba(254,186,255,1)
14,13: (65278,49858,51657,65535)  #FEC2C9FF  srgba(254,194,201,1)
15,13: (65278,49858,57568,65535)  #FEC2E0FF  srgba(254,194,224,1)
0,14: (65278,49858,59881,65535)  #FEC2E9FF  srgba(254,194,233,1)
1,14: (65278,49858,64507,65535)  #FEC2FBFF  srgba(254,194,251,1)
2,14: (65278,50115,63479,65535)  #FEC3F7FF  srgba(254,195,247,1)
3,14: (65278,50372,65535,65535)  #FEC4FFFF  srgba(254,196,255,1)
4,14: (65278,51400,61680,65535)  #FEC8F0FF  srgba(254,200,240,1)
5,14: (65278,51400,65278,65535)  #FEC8FEFF  srgba(254,200,254,1)
6,14: (65278,52428,65021,65535)  #FECCFDFF  srgba(254,204,253,1)
7,14: (65278,52428,65535,65535)  #FECCFFFF  srgba(254,204,255,1)
8,14: (65278,54484,64507,65535)  #FED4FBFF  srgba(254,212,251,1)
9,14: (65278,54741,65278,65535)  #FED5FEFF  srgba(254,213,254,1)
10,14: (65278,54998,65021,65535)  #FED6FDFF  srgba(254,214,253,1)
11,14: (65278,56026,65535,65535)  #FEDAFFFF  srgba(254,218,255,1)
12,14: (65278,57054,63479,65535)  #FEDEF7FF  srgba(254,222,247,1)
13,14: (65278,58082,65021,65535)  #FEE2FDFF  srgba(254,226,253,1)
14,14: (65278,58082,65535,65535)  #FEE2FFFF  srgba(254,226,255,1)
15,14: (65278,59881,65278,65535)  #FEE9FEFF  srgba(254,233,254,1)
0,15: (65278,60138,65535,65535)  #FEEAFFFF  srgba(254,234,255,1)
1,15: (65278,62451,65535,65535)  #FEF3FFFF  srgba(254,243,255,1)
2,15: (65278,63222,65021,65535)  #FEF6FDFF  srgba(254,246,253,1)
3,15: (65278,63479,65278,65535)  #FEF7FEFF  srgba(254,247,254,1)
4,15: (65278,63736,64507,65535)  #FEF8FBFF  srgba(254,248,251,1)
5,15: (65278,63736,65535,65535)  #FEF8FFFF  srgba(254,248,255,1)
6,15: (65278,64507,63993,65535)  #FEFBF9FF  srgba(254,251,249,1)
7,15: (65278,64507,65535,65535)  #FEFBFFFF  srgba(254,251,255,1)
8,15: (65278,64764,65021,65535)  #FEFCFDFF  srgba(254,252,253,1)
9,15: (65278,65278,65278,65535)  #FEFEFEFF  srgba(254,254,254,1)
10,15: (65535,63736,65278,65535)  #FFF8FEFF  srgba(255,248,254,1)
11,15: (65535,63736,65535,65535)  #FFF8FFFF  srgba(255,248,255,1)
12,15: (65535,64507,65535,65535)  #FFFBFFFF  srgba(255,251,255,1)
13,15: (65535,65278,64507,65535)  #FFFEFBFF  srgba(255,254,251,1)
14,15: (65535,65535,65535,65535)  #FFFFFFFF  white
15,15: (0,65535,0,0)  #00FF0000  srgba(0,255,0,0)
