# ImageMagick pixel enumeration: 16,16,65535,srgba
0,0: (0,0,0,65535)  #000000FF  black
1,0: (0,0,514,65535)  #000002FF  srgba(0,0,2,1)
2,0: (0,514,0,65535)  #000200FF  srgba(0,2,0,1)
3,0: (0,514,514,65535)  #000202FF  srgba(0,2,2,1)
4,0: (0,771,0,65535)  #000300FF  srgba(0,3,0,1)
5,0: (0,1028,0,65535)  #000400FF  srgba(0,4,0,1)
6,0: (0,1028,0,65535)  #000400FF  srgba(0,4,0,1)
7,0: (0,1028,0,65535)  #000400FF  srgba(0,4,0,1)
8,0: (0,1542,0,65535)  #000600FF  srgba(0,6,0,1)
9,0: (0,1799,0,65535)  #000700FF  srgba(0,7,0,1)
10,0: (0,2056,0,65535)  #000800FF  srgba(0,8,0,1)
11,0: (0,2313,257,65535)  #000901FF  srgba(0,9,1,1)
12,0: (0,2827,0,65535)  #000B00FF  srgba(0,11,0,1)
13,0: (0,3084,257,65535)  #000C01FF  srgba(0,12,1,1)
14,0: (0,3341,0,65535)  #000D00FF  srgba(0,13,0,1)
15,0: (0,3855,0,65535)  #000F00FF  srgba(0,15,0,1)
0,1: (0,4112,0,65535)  #001000FF  srgba(0,16,0,1)
1,1: (0,4369,0,65535)  #001100FF  srgba(0,17,0,1)
2,1: (0,4369,0,65535)  #001100FF  srgba(0,17,0,1)
3,1: (0,5397,514,65535)  #001502FF  srgba(0,21,2,1)
4,1: (0,5654,0,65535)  #001600FF  srgba(0,22,0,1)
5,1: (0,5654,0,65535)  #001600FF  srgba(0,22,0,1)
6,1: (0,5911,0,65535)  #001700FF  srgba(0,23,0,1)
7,1: (0,6682,0,65535)  #001A00FF  srgba(0,26,0,1)
8,1: (0,8224,0,65535)  #002000FF  srgba(0,32,0,1)
9,1: (0,8224,0,65535)  #002000FF  srgba(0,32,0,1)
10,1: (0,8738,0,65535)  #002200FF  srgba(0,34,0,1)
11,1: (0,9252,0,65535)  #002400FF  srgba(0,36,0,1)
12,1: (0,10537,0,65535)  #002900FF  srgba(0,41,0,1)
13,1: (0,11051,0,65535)  #002B00FF  srgba(0,43,0,1)
14,1: (0,11308,0,65535)  #002C00FF  srgba(0,44,0,1)
15,1: (0,12336,0,65535)  #003000FF  srgba(0,48,0,1)
0,2: (0,13107,0,65535)  #003300FF  srgba(0,51,0,1)
1,2: (0,13878,0,65535)  #003600FF  srgba(0,54,0,1)
2,2: (0,14392,0,65535)  #003800FF  srgba(0,56,0,1)
3,2: (0,16191,0,65535)  #003F00FF  srgba(0,63,0,1)
4,2: (0,17476,0,65535)  #004400FF  srgba(0,68,0,1)
5,2: (0,18247,0,65535)  #004700FF  srgba(0,71,0,1)
6,2: (0,19789,0,65535)  #004D00FF  srgba(0,77,0,1)
7,2: (0,20560,0,65535)  #005000FF  srgba(0,80,0,1)
8,2: (0,20560,257,65535)  #005001FF  srgba(0,80,1,1)
9,2: (0,23130,0,65535)  #005A00FF  srgba(0,90,0,1)
10,2: (0,24929,0,65535)  #006100FF  srgba(0,97,0,1)
11,2: (0,25700,0,65535)  #006400FF  DarkGreen
12,2: (0,26985,0,65535)  #006900FF  srgba(0,105,0,1)
13,2: (257,0,0,65535)  #010000FF  srgba(1,0,0,1)
14,2: (257,257,257,65535)  #010101FF  srgba(1,1,1,1)
15,2: (257,1542,0,65535)  #010600FF  srgba(1,6,0,1)
0,3: (257,6939,0,65535)  #011B00FF  srgba(1,27,0,1)
1,3: (257,7453,0,65535)  #011D00FF  srgba(1,29,0,1)
2,3: (514,0,514,65535)  #020002FF  srgba(2,0,2,1)
3,3: (514,1542,0,65535)  #020600FF  srgba(2,6,0,1)
4,3: (514,3855,0,65535)  #020F00FF  srgba(2,15,0,1)
5,3: (514,4626,514,65535)  #021202FF  srgba(2,18,2,1)
6,3: (514,12850,0,65535)  #023200FF  srgba(2,50,0,1)
7,3: (771,7967,514,65535)  #031F02FF  srgba(3,31,2,1)
8,3: (771,12593,771,65535)  #033103FF  srgba(3,49,3,1)
9,3: (771,19275,771,65535)  #034B03FF  srgba(3,75,3,1)
10,3: (771,24158,514,65535)  #035E02FF  srgba(3,94,2,1)
11,3: (1028,2056,1028,65535)  #040804FF  srgba(4,8,4,1)
12,3: (1285,28784,514,65535)  #057002FF  srgba(5,112,2,1)
13,3: (1542,0,0,65535)  #060000FF  srgba(6,0,0,1)
14,3: (2313,0,514,65535)  #090002FF  srgba(9,0,2,1)
15,3: (2570,2570,2570,65535)  #0A0A0AFF  grey4
0,4: (2827,0,0,65535)  #0B0000FF  srgba(11,0,0,1)
1,4: (2827,0,1542,65535)  #0B0006FF  srgba(11,0,6,1)
2,4: (5140,0,257,65535)  #140001FF  srgba(20,0,1,1)
3,4: (6425,0,1542,65535)  #190006FF  srgba(25,0,6,1)
4,4: (6682,12593,4112,65535)  #1A3110FF  srgba(26,49,16,1)
5,4: (6939,1028,2056,65535)  #1B0408FF  srgba(27,4,8,1)
6,4: (6939,3855,3855,65535)  #1B0F0FFF  srgba(27,15,15,1)
7,4: (7196,7196,6425,65535)  #1C1C19FF  srgba(28,28,25,1)
8,4: (7453,0,257,65535)  #1D0001FF  srgba(29,0,1,1)
9,4: (7453,0,3341,65535)  #1D000DFF  srgba(29,0,13,1)
10,4: (7710,1542,4626,65535)  #1E0612FF  srgba(30,6,18,1)
11,4: (8481,4112,6682,65535)  #21101AFF  srgba(33,16,26,1)
12,4: (10023,23130,1285,65535)  #275A05FF  srgba(39,90,5,1)
13,4: (10537,0,1285,65535)  #290005FF  srgba(41,0,5,1)
14,4: (10537,30069,1285,65535)  #297505FF  srgba(41,117,5,1)
15,4: (11308,35723,2827,65535)  #2C8B0BFF  srgba(44,139,11,1)
0,5: (11822,0,3855,65535)  #2E000FFF  srgba(46,0,15,1)
1,5: (12336,6939,7710,65535)  #301B1EFF  srgba(48,27,30,1)
2,5: (12336,12593,5397,65535)  #303115FF  srgba(48,49,21,1)
3,5: (12850,0,6168,65535)  #320018FF  srgba(50,0,24,1)
4,5: (12850,1285,3855,65535)  #32050FFF  srgba(50,5,15,1)
5,5: (13107,0,1285,65535)  #330005FF  srgba(51,0,5,1)
6,5: (13107,6682,10794,65535)  #331A2AFF  srgba(51,26,42,1)
7,5: (13364,3855,5397,65535)  #340F15FF  srgba(52,15,21,1)
8,5: (13621,11822,12593,65535)  #352E31FF  srgba(53,46,49,1)
9,5: (13878,1542,7453,65535)  #36061DFF  srgba(54,6,29,1)
10,5: (13878,4112,8738,65535)  #361022FF  srgba(54,16,34,1)
11,5: (16448,4883,11051,65535)  #40132BFF  srgba(64,19,43,1)
12,5: (16962,6939,13364,65535)  #421B34FF  srgba(66,27,52,1)
13,5: (17476,0,2827,65535)  #44000BFF  srgba(68,0,11,1)
14,5: (17733,16448,16705,65535)  #454041FF  srgba(69,64,65,1)
15,5: (17990,0,7967,65535)  #46001FFF  srgba(70,0,31,1)
0,6: (18247,2570,4369,65535)  #470A11FF  srgba(71,10,17,1)
1,6: (18247,2827,8738,65535)  #470B22FF  srgba(71,11,34,1)
2,6: (18504,12079,15163,65535)  #482F3BFF  srgba(72,47,59,1)
3,6: (20046,5654,13878,65535)  #4E1636FF  srgba(78,22,54,1)
4,6: (20046,24415,2827,65535)  #4E5F0BFF  srgba(78,95,11,1)
5,6: (20046,34181,1028,65535)  #4E8504FF  srgba(78,133,4,1)
6,6: (20303,5397,11051,65535)  #4F152BFF  srgba(79,21,43,1)
7,6: (20817,2056,11051,65535)  #51082BFF  srgba(81,8,43,1)
8,6: (22102,37522,2313,65535)  #569209FF  srgba(86,146,9,1)
9,6: (22359,0,4883,65535)  #570013FF  srgba(87,0,19,1)
10,6: (22359,4369,13364,65535)  #571134FF  srgba(87,17,52,1)
11,6: (22616,2313,8738,65535)  #580922FF  srgba(88,9,34,1)
12,6: (22616,6168,15934,65535)  #58183EFF  srgba(88,24,62,1)
13,6: (22873,1028,4883,65535)  #590413FF  srgba(89,4,19,1)
14,6: (22873,12850,3084,65535)  #59320CFF  srgba(89,50,12,1)
15,6: (22873,21588,20303,65535)  #59544FFF  srgba(89,84,79,1)
0,7: (23387,41891,4369,65535)  #5BA311FF  srgba(91,163,17,1)
1,7: (23644,5140,2827,65535)  #5C140BFF  srgba(92,20,11,1)
2,7: (23644,11565,16191,65535)  #5C2D3FFF  srgba(92,45,63,1)
3,7: (23901,0,11565,65535)  #5D002DFF  srgba(93,0,45,1)
4,7: (24158,30326,1285,65535)  #5E7605FF  srgba(94,118,5,1)
5,7: (24672,16448,17476,65535)  #604044FF  srgba(96,64,68,1)
6,7: (24929,33667,2056,65535)  #618308FF  srgba(97,131,8,1)
7,7: (25186,5654,13878,65535)  #621636FF  srgba(98,22,54,1)
8,7: (25443,12336,19789,65535)  #63304DFF  srgba(99,48,77,1)
9,7: (25700,1799,12850,65535)  #640732FF  srgba(100,7,50,1)
10,7: (25700,16962,21331,65535)  #644253FF  srgba(100,66,83,1)
11,7: (25700,42148,12593,65535)  #64A431FF  srgba(100,164,49,1)
12,7: (26214,0,4883,65535)  #660013FF  srgba(102,0,19,1)
13,7: (26728,23644,2827,65535)  #685C0BFF  srgba(104,92,11,1)
14,7: (27499,7453,17219,65535)  #6B1D43FF  srgba(107,29,67,1)
15,7: (28013,13107,1028,65535)  #6D3304FF  srgba(109,51,4,1)
0,8: (28270,21845,23130,65535)  #6E555AFF  srgba(110,85,90,1)
1,8: (28527,3341,17219,65535)  #6F0D43FF  srgba(111,13,67,1)
2,8: (29041,3341,7196,65535)  #710D1CFF  srgba(113,13,28,1)
3,8: (29041,6168,19275,65535)  #71184BFF  srgba(113,24,75,1)
4,8: (29041,17219,24158,65535)  #71435EFF  srgba(113,67,94,1)
5,8: (29298,5397,13878,65535)  #721536FF  srgba(114,21,54,1)
6,8: (29555,4112,1285,65535)  #731005FF  srgba(115,16,5,1)
7,8: (29812,0,13364,65535)  #740034FF  srgba(116,0,52,1)
8,8: (30069,1799,13107,65535)  #750733FF  srgba(117,7,51,1)
9,8: (30069,12079,20817,65535)  #752F51FF  srgba(117,47,81,1)
10,8: (30326,6939,21845,65535)  #761B55FF  srgba(118,27,85,1)
11,8: (30840,0,3341,65535)  #78000DFF  srgba(120,0,13,1)
12,8: (32125,31354,12593,65535)  #7D7A31FF  srgba(125,122,49,1)
13,8: (32382,10794,1799,65535)  #7E2A07FF  srgba(126,42,7,1)
14,8: (32382,15934,2313,65535)  #7E3E09FF  srgba(126,62,9,1)
15,8: (33153,33667,7196,65535)  #81831CFF  srgba(129,131,28,1)
0,9: (34181,3341,1285,65535)  #850D05FF  srgba(133,13,5,1)
1,9: (34181,41377,14135,65535)  #85A137FF  srgba(133,161,55,1)
2,9: (34695,4626,5911,65535)  #871217FF  srgba(135,18,23,1)
3,9: (35209,28784,6168,65535)  #897018FF  srgba(137,112,24,1)
4,9: (35466,11822,23130,65535)  #8A2E5AFF  srgba(138,46,90,1)
5,9: (35466,21845,24158,65535)  #8A555EFF  srgba(138,85,94,1)
6,9: (35723,3084,14135,65535)  #8B0C37FF  srgba(139,12,55,1)
7,9: (35723,16705,24672,65535)  #8B4160FF  srgba(139,65,96,1)
8,9: (35723,44204,19018,65535)  #8BAC4AFF  srgba(139,172,74,1)
9,9: (35980,4369,18247,65535)  #8C1147FF  srgba(140,17,71,1)
10,9: (35980,11822,18761,65535)  #8C2E49FF  srgba(140,46,73,1)
11,9: (35980,12336,25443,65535)  #8C3063FF  srgba(140,48,99,1)
12,9: (36237,8224,23644,65535)  #8D205CFF  srgba(141,32,92,1)
13,9: (36237,16962,18504,65535)  #8D4248FF  srgba(141,66,72,1)
14,9: (36237,16962,26728,65535)  #8D4268FF  srgba(141,66,104,1)
15,9: (36237,22359,29041,65535)  #8D5771FF  srgba(141,87,113,1)
0,10: (36494,4369,22616,65535)  #8E1158FF  srgba(142,17,88,1)
1,10: (36494,23901,5140,65535)  #8E5D14FF  srgba(142,93,20,1)
2,10: (36751,29298,26214,65535)  #8F7266FF  srgba(143,114,102,1)
3,10: (37008,0,3598,65535)  #90000EFF  srgba(144,0,14,1)
4,10: (37522,0,13107,65535)  #920033FF  srgba(146,0,51,1)
5,10: (38550,22873,13364,65535)  #965934FF  srgba(150,89,52,1)
6,10: (38807,13878,3855,65535)  #97360FFF  srgba(151,54,15,1)
7,10: (39064,53199,24672,65535)  #98CF60FF  srgba(152,207,96,1)
8,10: (39578,12593,28784,65535)  #9A3170FF  srgba(154,49,112,1)
9,10: (39578,17219,30326,65535)  #9A4376FF  srgba(154,67,118,1)
10,10: (39835,30326,35466,65535)  #9B768AFF  srgba(155,118,138,1)
11,10: (40092,4369,7196,65535)  #9C111CFF  srgba(156,17,28,1)
12,10: (40092,40092,28784,65535)  #9C9C70FF  srgba(156,156,112,1)
13,10: (40349,2056,1028,65535)  #9D0804FF  srgba(157,8,4,1)
14,10: (40349,22616,33153,65535)  #9D5881FF  srgba(157,88,129,1)
15,10: (40863,0,21845,65535)  #9F0055FF  srgba(159,0,85,1)
0,11: (41120,30583,13107,65535)  #A07733FF  srgba(160,119,51,1)
1,11: (42405,3855,19532,65535)  #A50F4CFF  srgba(165,15,76,1)
2,11: (42662,3855,13364,65535)  #A60F34FF  srgba(166,15,52,1)
3,11: (42662,5397,24929,65535)  #A61561FF  srgba(166,21,97,1)
4,11: (43947,6425,30840,65535)  #AB1978FF  srgba(171,25,120,1)
5,11: (44718,24158,6682,65535)  #AE5E1AFF  srgba(174,94,26,1)
6,11: (44975,15420,4112,65535)  #AF3C10FF  srgba(175,60,16,1)
7,11: (45489,2827,4883,65535)  #B10B13FF  srgba(177,11,19,1)
8,11: (45746,13878,23387,65535)  #B2365BFF  srgba(178,54,91,1)
9,11: (45746,14649,29555,65535)  #B23973FF  srgba(178,57,115,1)
10,11: (46517,14906,12850,65535)  #B53A32FF  srgba(181,58,50,1)
11,11: (46517,18761,33667,65535)  #B54983FF  srgba(181,73,131,1)
12,11: (46774,23901,34438,65535)  #B65D86FF  srgba(182,93,134,1)
13,11: (46774,31354,15677,65535)  #B67A3DFF  srgba(182,122,61,1)
14,11: (47031,13878,33153,65535)  #B73681FF  srgba(183,54,129,1)
15,11: (47031,25700,14135,65535)  #B76437FF  srgba(183,100,55,1)
0,12: (47288,3855,16448,65535)  #B80F40FF  srgba(184,15,64,1)
1,12: (47288,4626,25700,65535)  #B81264FF  srgba(184,18,100,1)
2,12: (49344,32382,27242,65535)  #C07E6AFF  srgba(192,126,106,1)
3,12: (49601,49601,28527,65535)  #C1C16FFF  srgba(193,193,111,1)
4,12: (49858,3341,6939,65535)  #C20D1BFF  srgba(194,13,27,1)
5,12: (50115,16962,37522,65535)  #C34292FF  srgba(195,66,146,1)
6,12: (50372,4112,17476,65535)  #C41044FF  srgba(196,16,68,1)
7,12: (50372,5911,31868,65535)  #C4177CFF  srgba(196,23,124,1)
8,12: (50372,26471,40349,65535)  #C4679DFF  srgba(196,103,157,1)
9,12: (50629,37265,43690,65535)  #C591AAFF  srgba(197,145,170,1)
10,12: (50886,16448,15163,65535)  #C6403BFF  srgba(198,64,59,1)
11,12: (50886,16705,4883,65535)  #C64113FF  srgba(198,65,19,1)
12,12: (51657,14135,28270,65535)  #C9376EFF  srgba(201,55,110,1)
13,12: (52171,59367,35209,65535)  #CBE789FF  srgba(203,231,137,1)
14,12: (52685,22873,6939,65535)  #CD591BFF  srgba(205,89,27,1)
15,12: (52942,14392,33924,65535)  #CE3884FF  srgba(206,56,132,1)
0,13: (53456,24672,15677,65535)  #D0603DFF  srgba(208,96,61,1)
1,13: (53713,36751,22359,65535)  #D18F57FF  srgba(209,143,87,1)
2,13: (53970,4626,20046,65535)  #D2124EFF  srgba(210,18,78,1)
3,13: (53970,4883,26728,65535)  #D21368FF  srgba(210,19,104,1)
4,13: (54741,5654,31354,65535)  #D5167AFF  srgba(213,22,122,1)
5,13: (54741,31611,18504,65535)  #D57B48FF  srgba(213,123,72,1)
6,13: (55255,40863,25957,65535)  #D79F65FF  srgba(215,159,101,1)
7,13: (55512,6168,36237,65535)  #D8188DFF  srgba(216,24,141,1)
8,13: (55769,24672,32896,65535)  #D96080FF  srgba(217,96,128,1)
9,13: (56540,15163,38293,65535)  #DC3B95FF  srgba(220,59,149,1)
10,13: (56540,37265,30840,65535)  #DC9178FF  srgba(220,145,120,1)
11,13: (57311,17733,16962,65535)  #DF4542FF  srgba(223,69,66,1)
12,13: (58082,41120,33153,65535)  #E2A081FF  srgba(226,160,129,1)
13,13: (58339,45232,34952,65535)  #E3B088FF  srgba(227,176,136,1)
14,13: (59624,26728,45489,65535)  #E868B1FF  srgba(232,104,177,1)
15,13: (59881,15420,42919,65535)  #E93CA7FF  srgba(233,60,167,1)
0,14: (60138,24158,18247,65535)  #EA5E47FF  srgba(234,94,71,1)
1,14: (60138,32125,27756,65535)  #EA7D6CFF  srgba(234,125,108,1)
2,14: (60138,38807,52428,65535)  #EA97CCFF  srgba(234,151,204,1)
3,14: (61423,15677,27756,65535)  #EF3D6CFF  srgba(239,61,108,1)
4,14: (61423,27499,51143,65535)  #EF6BC7FF  srgba(239,107,199,1)
5,14: (61423,45489,47288,65535)  #EFB1B8FF  srgba(239,177,184,1)
6,14: (61680,4883,34181,65535)  #F01385FF  srgba(240,19,133,1)
7,14: (61680,14906,48573,65535)  #F03ABDFF  srgba(240,58,189,1)
8,14: (61680,25700,41377,65535)  #F064A1FF  srgba(240,100,161,1)
9,14: (61937,13878,33924,65535)  #F13684FF  srgba(241,54,132,1)
10,14: (62451,7453,46260,65535)  #F31DB4FF  srgba(243,29,180,1)
11,14: (62451,7967,34695,65535)  #F31F87FF  srgba(243,31,135,1)
12,14: (62451,52428,48830,65535)  #F3CCBEFF  srgba(243,204,190,1)
13,14: (62965,16705,38807,65535)  #F54197FF  srgba(245,65,151,1)
14,14: (63222,6939,39835,65535)  #F61B9BFF  srgba(246,27,155,1)
15,14: (63222,11565,38550,65535)  #F62D96FF  srgba(246,45,150,1)
0,15: (63479,38807,43176,65535)  #F797A8FF  srgba(247,151,168,1)
1,15: (63736,24158,31611,65535)  #F85E7BFF  srgba(248,94,123,1)
2,15: (64250,7196,48830,65535)  #FA1CBEFF  srgba(250,28,190,1)
3,15: (64250,46774,60395,65535)  #FAB6EBFF  srgba(250,182,235,1)
4,15: (64764,6939,46260,65535)  #FC1BB4FF  srgba(252,27,180,1)
5,15: (64764,13364,50115,65535)  #FC34C3FF  srgba(252,52,195,1)
6,15: (64764,55769,60395,65535)  #FCD9EBFF  srgba(252,217,235,1)
7,15: (65021,7453,54227,65535)  #FD1DD3FF  srgba(253,29,211,1)
8,15: (65021,14135,43176,65535)  #FD37A8FF  srgba(253,55,168,1)
9,15: (65278,7196,46003,65535)  #FE1CB3FF  srgba(254,28,179,1)
10,15: (65278,7710,54484,65535)  #FE1ED4FF  srgba(254,30,212,1)
11,15: (65278,26471,47031,65535)  #FE67B7FF  srgba(254,103,183,1)
12,15: (65278,28013,54484,65535)  #FE6DD4FF  srgba(254,109,212,1)
13,15: (65278,38293,56283,65535)  #FE95DBFF  srgba(254,149,219,1)
14,15: (65535,14135,50372,65535)  #FF37C4FF  srgba(255,55,196,1)
15,15: (0,65535,0,0)  #00FF0000  srgba(0,255,0,0)
