# ImageMagick pixel enumeration: 16,16,65535,srgba
0,0: (0,24672,64764,65535)  #0060FCFF  srgba(0,96,252,1)
1,0: (0,26214,64764,65535)  #0066FCFF  srgba(0,102,252,1)
2,0: (257,24158,65021,65535)  #015EFDFF  srgba(1,94,253,1)
3,0: (514,26471,65535,65535)  #0267FFFF  srgba(2,103,255,1)
4,0: (514,26985,65021,65535)  #0269FDFF  srgba(2,105,253,1)
5,0: (1028,25443,64250,65535)  #0463FAFF  srgba(4,99,250,1)
6,0: (2056,29041,65535,65535)  #0871FFFF  srgba(8,113,255,1)
7,0: (2313,20560,65535,65535)  #0950FFFF  srgba(9,80,255,1)
8,0: (2827,25957,64507,65535)  #0B65FBFF  srgba(11,101,251,1)
9,0: (3855,26471,64764,65535)  #0F67FCFF  srgba(15,103,252,1)
10,0: (5140,29041,65278,65535)  #1471FEFF  srgba(20,113,254,1)
11,0: (5654,7967,65535,65535)  #161FFFFF  srgba(22,31,255,1)
12,0: (6168,26728,65535,65535)  #1868FFFF  srgba(24,104,255,1)
13,0: (6425,11308,65021,65535)  #192CFDFF  srgba(25,44,253,1)
14,0: (6425,29041,65021,65535)  #1971FDFF  srgba(25,113,253,1)
15,0: (6682,21074,65021,65535)  #1A52FDFF  srgba(26,82,253,1)
0,1: (6682,24415,62965,65535)  #1A5FF5FF  srgba(26,95,245,1)
1,1: (6939,10794,64507,65535)  #1B2AFBFF  srgba(27,42,251,1)
2,1: (6939,16705,65021,65535)  #1B41FDFF  srgba(27,65,253,1)
3,1: (6939,29298,64250,65535)  #1B72FAFF  srgba(27,114,250,1)
4,1: (7196,19275,65535,65535)  #1C4BFFFF  srgba(28,75,255,1)
5,1: (7196,29298,65535,65535)  #1C72FFFF  srgba(28,114,255,1)
6,1: (7196,48316,65021,65535)  #1CBCFDFF  srgba(28,188,253,1)
7,1: (7453,6682,62965,65535)  #1D1AF5FF  srgba(29,26,245,1)
8,1: (7453,22102,64764,65535)  #1D56FCFF  srgba(29,86,252,1)
9,1: (7453,42919,64507,65535)  #1DA7FBFF  srgba(29,167,251,1)
10,1: (7453,47545,65535,65535)  #1DB9FFFF  srgba(29,185,255,1)
11,1: (7710,11822,65535,65535)  #1E2EFFFF  srgba(30,46,255,1)
12,1: (7710,15420,65535,65535)  #1E3CFFFF  srgba(30,60,255,1)
13,1: (7710,29041,64507,65535)  #1E71FBFF  srgba(30,113,251,1)
14,1: (7710,35466,65021,65535)  #1E8AFDFF  srgba(30,138,253,1)
15,1: (7967,26728,65021,65535)  #1F68FDFF  srgba(31,104,253,1)
0,2: (8224,16962,64764,65535)  #2042FCFF  srgba(32,66,252,1)
1,2: (8224,43176,61937,65535)  #20A8F1FF  srgba(32,168,241,1)
2,2: (8738,17219,64250,65535)  #2243FAFF  srgba(34,67,250,1)
3,2: (8995,11051,64764,65535)  #232BFCFF  srgba(35,43,252,1)
4,2: (8995,34952,65535,65535)  #2388FFFF  srgba(35,136,255,1)
5,2: (9252,10794,64250,65535)  #242AFAFF  srgba(36,42,250,1)
6,2: (9252,15934,63222,65535)  #243EF6FF  srgba(36,62,246,1)
7,2: (9252,17733,64507,65535)  #2445FBFF  srgba(36,69,251,1)
8,2: (9252,29298,64764,65535)  #2472FCFF  srgba(36,114,252,1)
9,2: (9766,62451,65021,65535)  #26F3FDFF  srgba(38,243,253,1)
10,2: (11051,19532,65535,65535)  #2B4CFFFF  srgba(43,76,255,1)
11,2: (11051,24415,64250,65535)  #2B5FFAFF  srgba(43,95,250,1)
12,2: (11051,31868,65535,65535)  #2B7CFFFF  srgba(43,124,255,1)
13,2: (11822,26985,64764,65535)  #2E69FCFF  srgba(46,105,252,1)
14,2: (12079,29298,61166,65535)  #2F72EEFF  srgba(47,114,238,1)
15,2: (12079,29298,65278,65535)  #2F72FEFF  srgba(47,114,254,1)
0,3: (12336,31868,64250,65535)  #307CFAFF  srgba(48,124,250,1)
1,3: (12593,31868,65278,65535)  #317CFEFF  srgba(49,124,254,1)
2,3: (13878,25957,64507,65535)  #3665FBFF  srgba(54,101,251,1)
3,3: (13878,26728,65535,65535)  #3668FFFF  srgba(54,104,255,1)
4,3: (14135,11308,65535,65535)  #372CFFFF  srgba(55,44,255,1)
5,3: (14135,13364,65021,65535)  #3734FDFF  srgba(55,52,253,1)
6,3: (14649,14906,65535,65535)  #393AFFFF  srgba(57,58,255,1)
7,3: (14649,29555,65535,65535)  #3973FFFF  srgba(57,115,255,1)
8,3: (14906,21331,65021,65535)  #3A53FDFF  srgba(58,83,253,1)
9,3: (15420,27242,65021,65535)  #3C6AFDFF  srgba(60,106,253,1)
10,3: (15677,12593,64507,65535)  #3D31FBFF  srgba(61,49,251,1)
11,3: (15677,20046,65535,65535)  #3D4EFFFF  srgba(61,78,255,1)
12,3: (16448,29298,65021,65535)  #4072FDFF  srgba(64,114,253,1)
13,3: (17733,22359,53199,65535)  #4557CFFF  srgba(69,87,207,1)
14,3: (17990,63993,65278,65535)  #46F9FEFF  srgba(70,249,254,1)
15,3: (18504,26728,64764,65535)  #4868FCFF  srgba(72,104,252,1)
0,4: (19275,25186,42919,65535)  #4B62A7FF  srgba(75,98,167,1)
1,4: (19789,29555,65535,65535)  #4D73FFFF  srgba(77,115,255,1)
2,4: (20560,29812,65278,65535)  #5074FEFF  srgba(80,116,254,1)
3,4: (20817,13364,64764,65535)  #5134FCFF  srgba(81,52,252,1)
4,4: (21331,26985,65535,65535)  #5369FFFF  srgba(83,105,255,1)
5,4: (21331,29812,64250,65535)  #5374FAFF  srgba(83,116,250,1)
6,4: (21588,26985,65278,65535)  #5469FEFF  srgba(84,105,254,1)
7,4: (21588,29812,64507,65535)  #5474FBFF  srgba(84,116,251,1)
8,4: (21845,12850,65535,65535)  #5532FFFF  srgba(85,50,255,1)
9,4: (21845,13621,64507,65535)  #5535FBFF  srgba(85,53,251,1)
10,4: (21845,19018,64764,65535)  #554AFCFF  srgba(85,74,252,1)
11,4: (21845,29812,64764,65535)  #5574FCFF  srgba(85,116,252,1)
12,4: (22102,30069,56797,65535)  #5675DDFF  srgba(86,117,221,1)
13,4: (22359,13878,65021,65535)  #5736FDFF  srgba(87,54,253,1)
14,4: (22359,21331,65535,65535)  #5753FFFF  srgba(87,83,255,1)
15,4: (22359,63993,65021,65535)  #57F9FDFF  srgba(87,249,253,1)
0,5: (22616,25186,64507,65535)  #5862FBFF  srgba(88,98,251,1)
1,5: (22873,16191,65535,65535)  #593FFFFF  srgba(89,63,255,1)
2,5: (23130,14649,64250,65535)  #5A39FAFF  srgba(90,57,250,1)
3,5: (23130,29812,65535,65535)  #5A74FFFF  srgba(90,116,255,1)
4,5: (23644,29812,65021,65535)  #5C74FDFF  srgba(92,116,253,1)
5,5: (24415,43433,61680,65535)  #5FA9F0FF  srgba(95,169,240,1)
6,5: (24929,23387,64250,65535)  #615BFAFF  srgba(97,91,250,1)
7,5: (25186,42919,64250,65535)  #62A7FAFF  srgba(98,167,250,1)
8,5: (25443,47031,65535,65535)  #63B7FFFF  srgba(99,183,255,1)
9,5: (25443,47802,65021,65535)  #63BAFDFF  srgba(99,186,253,1)
10,5: (25700,34438,65535,65535)  #6486FFFF  srgba(100,134,255,1)
11,5: (25957,22616,65021,65535)  #6558FDFF  srgba(101,88,253,1)
12,5: (25957,31611,65021,65535)  #657BFDFF  srgba(101,123,253,1)
13,5: (25957,35209,65021,65535)  #6589FDFF  srgba(101,137,253,1)
14,5: (26471,19789,64507,65535)  #674DFBFF  srgba(103,77,251,1)
15,5: (27499,13621,63222,65535)  #6B35F6FF  srgba(107,53,246,1)
0,6: (27499,29812,65278,65535)  #6B74FEFF  srgba(107,116,254,1)
1,6: (27756,18504,65021,65535)  #6C48FDFF  srgba(108,72,253,1)
2,6: (28270,63479,65021,65535)  #6EF7FDFF  srgba(110,247,253,1)
3,6: (28527,25443,64764,65535)  #6F63FCFF  srgba(111,99,252,1)
4,6: (28527,26471,46774,65535)  #6F67B6FF  srgba(111,103,182,1)
5,6: (29041,23387,62708,65535)  #715BF4FF  srgba(113,91,244,1)
6,6: (29041,26471,65021,65535)  #7167FDFF  srgba(113,103,253,1)
7,6: (29298,26214,65535,65535)  #7266FFFF  srgba(114,102,255,1)
8,6: (29555,21074,65535,65535)  #7352FFFF  srgba(115,82,255,1)
9,6: (29812,30069,65021,65535)  #7475FDFF  srgba(116,117,253,1)
10,6: (29812,30069,65278,65535)  #7475FEFF  srgba(116,117,254,1)
11,6: (29812,31611,65278,65535)  #747BFEFF  srgba(116,123,254,1)
12,6: (30069,29812,64507,65535)  #7574FBFF  srgba(117,116,251,1)
13,6: (30840,30326,65278,65535)  #7876FEFF  srgba(120,118,254,1)
14,6: (31354,30069,64764,65535)  #7A75FCFF  srgba(122,117,252,1)
15,6: (31611,24929,64507,65535)  #7B61FBFF  srgba(123,97,251,1)
0,7: (31868,29812,61423,65535)  #7C74EFFF  srgba(124,116,239,1)
1,7: (32125,11822,65535,65535)  #7D2EFFFF  srgba(125,46,255,1)
2,7: (32639,14392,65021,65535)  #7F38FDFF  srgba(127,56,253,1)
3,7: (33153,15677,65535,65535)  #813DFFFF  srgba(129,61,255,1)
4,7: (33410,14649,64507,65535)  #8239FBFF  srgba(130,57,251,1)
5,7: (33410,15163,64764,65535)  #823BFCFF  srgba(130,59,252,1)
6,7: (33410,27242,42405,65535)  #826AA5FF  srgba(130,106,165,1)
7,7: (33410,34952,64250,65535)  #8288FAFF  srgba(130,136,250,1)
8,7: (33410,46260,64764,65535)  #82B4FCFF  srgba(130,180,252,1)
9,7: (33410,64250,65278,65535)  #82FAFEFF  srgba(130,250,254,1)
10,7: (33667,15677,64250,65535)  #833DFAFF  srgba(131,61,250,1)
11,7: (33667,17219,65535,65535)  #8343FFFF  srgba(131,67,255,1)
12,7: (33924,32382,65278,65535)  #847EFEFF  srgba(132,126,254,1)
13,7: (33924,32639,65278,65535)  #847FFEFF  srgba(132,127,254,1)
14,7: (34181,30326,65021,65535)  #8576FDFF  srgba(133,118,253,1)
15,7: (34181,32125,65278,65535)  #857DFEFF  srgba(133,125,254,1)
0,8: (34695,28784,44461,65535)  #8770ADFF  srgba(135,112,173,1)
1,8: (34952,21074,65535,65535)  #8852FFFF  srgba(136,82,255,1)
2,8: (34952,26214,51143,65535)  #8866C7FF  srgba(136,102,199,1)
3,8: (34952,30583,65278,65535)  #8877FEFF  srgba(136,119,254,1)
4,8: (35209,32639,65278,65535)  #897FFEFF  srgba(137,127,254,1)
5,8: (35466,32382,65278,65535)  #8A7EFEFF  srgba(138,126,254,1)
6,8: (35466,37522,59367,65535)  #8A92E7FF  srgba(138,146,231,1)
7,8: (35466,48573,64764,65535)  #8ABDFCFF  srgba(138,189,252,1)
8,8: (35723,20046,64764,65535)  #8B4EFCFF  srgba(139,78,252,1)
9,8: (35723,26471,65021,65535)  #8B67FDFF  srgba(139,103,253,1)
10,8: (35723,30840,65278,65535)  #8B78FEFF  srgba(139,120,254,1)
11,8: (35723,31868,65278,65535)  #8B7CFEFF  srgba(139,124,254,1)
12,8: (35723,64764,65278,65535)  #8BFCFEFF  srgba(139,252,254,1)
13,8: (35723,65021,65278,65535)  #8BFDFEFF  srgba(139,253,254,1)
14,8: (35980,34181,57311,65535)  #8C85DFFF  srgba(140,133,223,1)
15,8: (35980,35980,56797,65535)  #8C8CDDFF  srgba(140,140,221,1)
0,9: (35980,37008,56797,65535)  #8C90DDFF  srgba(140,144,221,1)
1,9: (36494,22873,65021,65535)  #8E59FDFF  srgba(142,89,253,1)
2,9: (36494,26214,65535,65535)  #8E66FFFF  srgba(142,102,255,1)
3,9: (36751,23901,64250,65535)  #8F5DFAFF  srgba(143,93,250,1)
4,9: (36751,34952,57311,65535)  #8F88DFFF  srgba(143,136,223,1)
5,9: (36751,36237,57568,65535)  #8F8DE0FF  srgba(143,141,224,1)
6,9: (37008,31354,65278,65535)  #907AFEFF  srgba(144,122,254,1)
7,9: (37265,19018,65021,65535)  #914AFDFF  srgba(145,74,253,1)
8,9: (37265,19532,64507,65535)  #914CFBFF  srgba(145,76,251,1)
9,9: (37265,29041,46260,65535)  #9171B4FF  srgba(145,113,180,1)
10,9: (37522,29555,57054,65535)  #9273DEFF  srgba(146,115,222,1)
11,9: (37779,25700,64764,65535)  #9364FCFF  srgba(147,100,252,1)
12,9: (37779,27499,50372,65535)  #936BC4FF  srgba(147,107,196,1)
13,9: (37779,27756,47288,65535)  #936CB8FF  srgba(147,108,184,1)
14,9: (37779,29555,64764,65535)  #9373FCFF  srgba(147,115,252,1)
15,9: (37779,30583,65021,65535)  #9377FDFF  srgba(147,119,253,1)
0,10: (37779,60138,65021,65535)  #93EAFDFF  srgba(147,234,253,1)
1,10: (38036,31354,65278,65535)  #947AFEFF  srgba(148,122,254,1)
2,10: (38036,36237,65021,65535)  #948DFDFF  srgba(148,141,253,1)
3,10: (38293,30069,65278,65535)  #9575FEFF  srgba(149,117,254,1)
4,10: (38293,30069,65535,65535)  #9575FFFF  srgba(149,117,255,1)
5,10: (38293,41120,65021,65535)  #95A0FDFF  srgba(149,160,253,1)
6,10: (38550,21074,65535,65535)  #9652FFFF  srgba(150,82,255,1)
7,10: (38550,25700,64507,65535)  #9664FBFF  srgba(150,100,251,1)
8,10: (38550,29298,65021,65535)  #9672FDFF  srgba(150,114,253,1)
9,10: (38550,33153,62965,65535)  #9681F5FF  srgba(150,129,245,1)
10,10: (38807,34952,64507,65535)  #9788FBFF  srgba(151,136,251,1)
11,10: (38807,37779,65021,65535)  #9793FDFF  srgba(151,147,253,1)
12,10: (39064,26214,65021,65535)  #9866FDFF  srgba(152,102,253,1)
13,10: (39064,33153,65021,65535)  #9881FDFF  srgba(152,129,253,1)
14,10: (39064,33153,65278,65535)  #9881FEFF  srgba(152,129,254,1)
15,10: (39321,36237,65278,65535)  #998DFEFF  srgba(153,141,254,1)
0,11: (39578,24158,65278,65535)  #9A5EFEFF  srgba(154,94,254,1)
1,11: (39578,29298,65278,65535)  #9A72FEFF  srgba(154,114,254,1)
2,11: (39835,24929,65535,65535)  #9B61FFFF  srgba(155,97,255,1)
3,11: (40092,27242,65021,65535)  #9C6AFDFF  srgba(156,106,253,1)
4,11: (40092,28784,65278,65535)  #9C70FEFF  srgba(156,112,254,1)
5,11: (40092,34952,65278,65535)  #9C88FEFF  srgba(156,136,254,1)
6,11: (40349,24929,65278,65535)  #9D61FEFF  srgba(157,97,254,1)
7,11: (40606,24415,65278,65535)  #9E5FFEFF  srgba(158,95,254,1)
8,11: (40606,27242,65278,65535)  #9E6AFEFF  srgba(158,106,254,1)
9,11: (40606,36494,65278,65535)  #9E8EFEFF  srgba(158,142,254,1)
10,11: (40863,25443,65021,65535)  #9F63FDFF  srgba(159,99,253,1)
11,11: (40863,31611,65278,65535)  #9F7BFEFF  srgba(159,123,254,1)
12,11: (41120,20046,64764,65535)  #A04EFCFF  srgba(160,78,252,1)
13,11: (41120,23901,64507,65535)  #A05DFBFF  srgba(160,93,251,1)
14,11: (41120,25443,65278,65535)  #A063FEFF  srgba(160,99,254,1)
15,11: (41120,52942,65021,65535)  #A0CEFDFF  srgba(160,206,253,1)
0,12: (41377,21845,65278,65535)  #A155FEFF  srgba(161,85,254,1)
1,12: (41377,22616,65278,65535)  #A158FEFF  srgba(161,88,254,1)
2,12: (41377,25700,65278,65535)  #A164FEFF  srgba(161,100,254,1)
3,12: (41634,19018,65278,65535)  #A24AFEFF  srgba(162,74,254,1)
4,12: (41634,25443,65021,65535)  #A263FDFF  srgba(162,99,253,1)
5,12: (41634,25957,50629,65535)  #A265C5FF  srgba(162,101,197,1)
6,12: (41634,29298,65278,65535)  #A272FEFF  srgba(162,114,254,1)
7,12: (41891,24415,64764,65535)  #A35FFCFF  srgba(163,95,252,1)
8,12: (41891,25957,64764,65535)  #A365FCFF  srgba(163,101,252,1)
9,12: (41891,25957,65278,65535)  #A365FEFF  srgba(163,101,254,1)
10,12: (42148,19018,64764,65535)  #A44AFCFF  srgba(164,74,252,1)
11,12: (42148,21074,65021,65535)  #A452FDFF  srgba(164,82,253,1)
12,12: (42148,21845,65535,65535)  #A455FFFF  srgba(164,85,255,1)
13,12: (42148,38550,65278,65535)  #A496FEFF  srgba(164,150,254,1)
14,12: (42662,25186,65278,65535)  #A662FEFF  srgba(166,98,254,1)
15,12: (43176,19275,65021,65535)  #A84BFDFF  srgba(168,75,253,1)
0,13: (43176,21588,65535,65535)  #A854FFFF  srgba(168,84,255,1)
1,13: (43176,22359,65021,65535)  #A857FDFF  srgba(168,87,253,1)
2,13: (43176,24672,65021,65535)  #A860FDFF  srgba(168,96,253,1)
3,13: (43433,18247,65021,65535)  #A947FDFF  srgba(169,71,253,1)
4,13: (43433,18504,65535,65535)  #A948FFFF  srgba(169,72,255,1)
5,13: (43433,20303,65278,65535)  #A94FFEFF  srgba(169,79,254,1)
6,13: (43690,18247,64764,65535)  #AA47FCFF  srgba(170,71,252,1)
7,13: (44204,17733,64507,65535)  #AC45FBFF  srgba(172,69,251,1)
8,13: (44204,18247,65535,65535)  #AC47FFFF  srgba(172,71,255,1)
9,13: (44461,18247,65278,65535)  #AD47FEFF  srgba(173,71,254,1)
10,13: (44461,20817,65535,65535)  #AD51FFFF  srgba(173,81,255,1)
11,13: (44718,16962,64250,65535)  #AE42FAFF  srgba(174,66,250,1)
12,13: (44718,20817,65278,65535)  #AE51FEFF  srgba(174,81,254,1)
13,13: (44718,25186,65021,65535)  #AE62FDFF  srgba(174,98,253,1)
14,13: (44975,17990,65535,65535)  #AF46FFFF  srgba(175,70,255,1)
15,13: (44975,20046,62708,65535)  #AF4EF4FF  srgba(175,78,244,1)
0,14: (45232,19789,64764,65535)  #B04DFCFF  srgba(176,77,252,1)
1,14: (45489,25186,65278,65535)  #B162FEFF  srgba(177,98,254,1)
2,14: (46774,31611,65021,65535)  #B67BFDFF  srgba(182,123,253,1)
3,14: (47288,21074,65278,65535)  #B852FEFF  srgba(184,82,254,1)
4,14: (47288,21074,65535,65535)  #B852FFFF  srgba(184,82,255,1)
5,14: (47545,51143,65021,65535)  #B9C7FDFF  srgba(185,199,253,1)
6,14: (48059,25443,65278,65535)  #BB63FEFF  srgba(187,99,254,1)
7,14: (48316,24158,64250,65535)  #BC5EFAFF  srgba(188,94,250,1)
8,14: (49087,33153,65535,65535)  #BF81FFFF  srgba(191,129,255,1)
9,14: (50115,33153,65021,65535)  #C381FDFF  srgba(195,129,253,1)
10,14: (50629,17990,64764,65535)  #C546FCFF  srgba(197,70,252,1)
11,14: (50629,18761,65278,65535)  #C549FEFF  srgba(197,73,254,1)
12,14: (50886,29555,65021,65535)  #C673FDFF  srgba(198,115,253,1)
13,14: (52428,24158,64507,65535)  #CC5EFBFF  srgba(204,94,251,1)
14,14: (54741,24672,64764,65535)  #D560FCFF  srgba(213,96,252,1)
15,14: (54998,15420,65278,65535)  #D63CFEFF  srgba(214,60,254,1)
0,15: (55769,21845,65278,65535)  #D955FEFF  srgba(217,85,254,1)
1,15: (56797,34695,65535,65535)  #DD87FFFF  srgba(221,135,255,1)
2,15: (57311,35980,65278,65535)  #DF8CFEFF  srgba(223,140,254,1)
3,15: (57568,31611,64764,65535)  #E07BFCFF  srgba(224,123,252,1)
4,15: (57825,31611,65278,65535)  #E17BFEFF  srgba(225,123,254,1)
5,15: (58082,31611,65535,65535)  #E27BFFFF  srgba(226,123,255,1)
6,15: (58853,21588,65278,65535)  #E554FEFF  srgba(229,84,254,1)
7,15: (59110,33410,65278,65535)  #E682FEFF  srgba(230,130,254,1)
8,15: (60909,34952,65021,65535)  #ED88FDFF  srgba(237,136,253,1)
9,15: (62965,25957,65278,65535)  #F565FEFF  srgba(245,101,254,1)
10,15: (62965,34952,65535,65535)  #F588FFFF  srgba(245,136,255,1)
11,15: (63479,25957,65278,65535)  #F765FEFF  srgba(247,101,254,1)
12,15: (63736,29812,65278,65535)  #F874FEFF  srgba(248,116,254,1)
13,15: (65021,25186,64764,65535)  #FD62FCFF  srgba(253,98,252,1)
14,15: (65278,22102,65278,65535)  #FE56FEFF  srgba(254,86,254,1)
15,15: (0,65535,0,0)  #00FF0000  srgba(0,255,0,0)
