# ImageMagick pixel enumeration: 16,16,65535,srgba
0,0: (0,0,0,65535)  #000000FF  black
1,0: (0,0,514,65535)  #000002FF  srgba(0,0,2,1)
2,0: (0,514,0,65535)  #000200FF  srgba(0,2,0,1)
3,0: (0,12850,0,65535)  #003200FF  srgba(0,50,0,1)
4,0: (0,16705,0,65535)  #004100FF  srgba(0,65,0,1)
5,0: (0,20560,0,65535)  #005000FF  srgba(0,80,0,1)
6,0: (0,24158,0,65535)  #005E00FF  srgba(0,94,0,1)
7,0: (0,28784,0,65535)  #007000FF  srgba(0,112,0,1)
8,0: (0,32639,0,65535)  #007F00FF  srgba(0,127,0,1)
9,0: (0,37008,0,65535)  #009000FF  srgba(0,144,0,1)
10,0: (0,39321,3084,65535)  #00990CFF  srgba(0,153,12,1)
11,0: (0,40863,0,65535)  #009F00FF  srgba(0,159,0,1)
12,0: (0,44461,0,65535)  #00AD00FF  srgba(0,173,0,1)
13,0: (0,46260,4369,65535)  #00B411FF  srgba(0,180,17,1)
14,0: (0,48059,0,65535)  #00BB00FF  srgba(0,187,0,1)
15,0: (0,51914,2313,65535)  #00CA09FF  srgba(0,202,9,1)
0,1: (0,51914,4369,65535)  #00CA11FF  srgba(0,202,17,1)
1,1: (0,52428,257,65535)  #00CC01FF  srgba(0,204,1,1)
2,1: (0,53199,0,65535)  #00CF00FF  srgba(0,207,0,1)
3,1: (0,56283,2313,65535)  #00DB09FF  srgba(0,219,9,1)
4,1: (0,57054,4883,65535)  #00DE13FF  srgba(0,222,19,1)
5,1: (0,57825,0,65535)  #00E100FF  srgba(0,225,0,1)
6,1: (0,59110,0,65535)  #00E600FF  srgba(0,230,0,1)
7,1: (0,59367,0,65535)  #00E700FF  srgba(0,231,0,1)
8,1: (0,59881,0,65535)  #00E900FF  srgba(0,233,0,1)
9,1: (0,59881,257,65535)  #00E901FF  srgba(0,233,1,1)
10,1: (0,59881,3084,65535)  #00E90CFF  srgba(0,233,12,1)
11,1: (0,60138,0,65535)  #00EA00FF  srgba(0,234,0,1)
12,1: (0,60138,1028,65535)  #00EA04FF  srgba(0,234,4,1)
13,1: (0,60138,1799,65535)  #00EA07FF  srgba(0,234,7,1)
14,1: (0,60395,0,65535)  #00EB00FF  srgba(0,235,0,1)
15,1: (0,60395,3084,65535)  #00EB0CFF  srgba(0,235,12,1)
0,2: (0,60395,3855,65535)  #00EB0FFF  srgba(0,235,15,1)
1,2: (0,60395,5397,65535)  #00EB15FF  srgba(0,235,21,1)
2,2: (0,60395,6682,65535)  #00EB1AFF  srgba(0,235,26,1)
3,2: (0,60652,1799,65535)  #00EC07FF  srgba(0,236,7,1)
4,2: (0,60652,8224,65535)  #00EC20FF  srgba(0,236,32,1)
5,2: (0,60909,1542,65535)  #00ED06FF  srgba(0,237,6,1)
6,2: (0,60909,4626,65535)  #00ED12FF  srgba(0,237,18,1)
7,2: (257,257,257,65535)  #010101FF  srgba(1,1,1,1)
8,2: (257,4369,257,65535)  #011101FF  srgba(1,17,1,1)
9,2: (257,8481,0,65535)  #012100FF  srgba(1,33,0,1)
10,2: (257,21074,257,65535)  #015201FF  srgba(1,82,1,1)
11,2: (257,25186,1799,65535)  #016207FF  srgba(1,98,7,1)
12,2: (257,25443,0,65535)  #016300FF  srgba(1,99,0,1)
13,2: (257,31097,514,65535)  #017902FF  srgba(1,121,2,1)
14,2: (257,31611,2056,65535)  #017B08FF  srgba(1,123,8,1)
15,2: (257,38807,1285,65535)  #019705FF  srgba(1,151,5,1)
0,3: (257,38807,5654,65535)  #019716FF  srgba(1,151,22,1)
1,3: (257,46260,1542,65535)  #01B406FF  srgba(1,180,6,1)
2,3: (257,57054,257,65535)  #01DE01FF  srgba(1,222,1,1)
3,3: (257,60138,2570,65535)  #01EA0AFF  srgba(1,234,10,1)
4,3: (514,21074,1028,65535)  #025204FF  srgba(2,82,4,1)
5,3: (771,31354,4883,65535)  #037A13FF  srgba(3,122,19,1)
6,3: (1028,0,0,65535)  #040000FF  srgba(4,0,0,1)
7,3: (1028,61166,1542,65535)  #04EE06FF  srgba(4,238,6,1)
8,3: (1799,61423,1799,65535)  #07EF07FF  srgba(7,239,7,1)
9,3: (2056,60395,257,65535)  #08EB01FF  srgba(8,235,1,1)
10,3: (2056,60909,771,65535)  #08ED03FF  srgba(8,237,3,1)
11,3: (2827,0,0,65535)  #0B0000FF  srgba(11,0,0,1)
12,3: (5140,0,0,65535)  #140000FF  srgba(20,0,0,1)
13,3: (5397,0,0,65535)  #150000FF  srgba(21,0,0,1)
14,3: (5397,60395,0,65535)  #15EB00FF  srgba(21,235,0,1)
15,3: (5397,60909,0,65535)  #15ED00FF  srgba(21,237,0,1)
0,4: (5911,61166,2313,65535)  #17EE09FF  srgba(23,238,9,1)
1,4: (6939,36237,1285,65535)  #1B8D05FF  srgba(27,141,5,1)
2,4: (7196,5911,3084,65535)  #1C170CFF  srgba(28,23,12,1)
3,4: (7196,61680,1542,65535)  #1CF006FF  srgba(28,240,6,1)
4,4: (7196,61680,3598,65535)  #1CF00EFF  srgba(28,240,14,1)
5,4: (7196,63479,2827,65535)  #1CF70BFF  srgba(28,247,11,1)
6,4: (7453,28527,1285,65535)  #1D6F05FF  srgba(29,111,5,1)
7,4: (7710,0,0,65535)  #1E0000FF  srgba(30,0,0,1)
8,4: (7710,61166,257,65535)  #1EEE01FF  srgba(30,238,1,1)
9,4: (7967,4626,0,65535)  #1F1200FF  srgba(31,18,0,1)
10,4: (7967,11051,0,65535)  #1F2B00FF  srgba(31,43,0,1)
11,4: (8224,60652,0,65535)  #20EC00FF  srgba(32,236,0,1)
12,4: (8481,19532,0,65535)  #214C00FF  srgba(33,76,0,1)
13,4: (8738,12336,6425,65535)  #223019FF  srgba(34,48,25,1)
14,4: (8738,59624,0,65535)  #22E800FF  srgba(34,232,0,1)
15,4: (8738,61680,2313,65535)  #22F009FF  srgba(34,240,9,1)
0,5: (8995,0,0,65535)  #230000FF  srgba(35,0,0,1)
1,5: (8995,61166,0,65535)  #23EE00FF  srgba(35,238,0,1)
2,5: (9252,61680,0,65535)  #24F000FF  srgba(36,240,0,1)
3,5: (10280,19018,6425,65535)  #284A19FF  srgba(40,74,25,1)
4,5: (10794,61680,1285,65535)  #2AF005FF  srgba(42,240,5,1)
5,5: (11051,0,0,65535)  #2B0000FF  srgba(43,0,0,1)
6,5: (11565,0,0,65535)  #2D0000FF  srgba(45,0,0,1)
7,5: (11565,61166,0,65535)  #2DEE00FF  srgba(45,238,0,1)
8,5: (11822,61680,0,65535)  #2EF000FF  srgba(46,240,0,1)
9,5: (13107,63479,1799,65535)  #33F707FF  srgba(51,247,7,1)
10,5: (13364,63479,0,65535)  #34F700FF  srgba(52,247,0,1)
11,5: (13878,0,0,65535)  #360000FF  srgba(54,0,0,1)
12,5: (13878,61166,0,65535)  #36EE00FF  srgba(54,238,0,1)
13,5: (14906,30326,3341,65535)  #3A760DFF  srgba(58,118,13,1)
14,5: (14906,61937,514,65535)  #3AF102FF  srgba(58,241,2,1)
15,5: (15163,61937,0,65535)  #3BF100FF  srgba(59,241,0,1)
0,6: (15677,26728,4369,65535)  #3D6811FF  srgba(61,104,17,1)
1,6: (15934,58853,257,65535)  #3EE501FF  srgba(62,229,1,1)
2,6: (16191,0,0,65535)  #3F0000FF  srgba(63,0,0,1)
3,6: (16191,20560,8738,65535)  #3F5022FF  srgba(63,80,34,1)
4,6: (16448,5911,1028,65535)  #401704FF  srgba(64,23,4,1)
5,6: (16448,7453,0,65535)  #401D00FF  srgba(64,29,0,1)
6,6: (16705,61423,0,65535)  #41EF00FF  srgba(65,239,0,1)
7,6: (17733,38036,3084,65535)  #45940CFF  srgba(69,148,12,1)
8,6: (18247,61166,0,65535)  #47EE00FF  srgba(71,238,0,1)
9,6: (18504,0,0,65535)  #480000FF  srgba(72,0,0,1)
10,6: (19275,19532,0,65535)  #4B4C00FF  srgba(75,76,0,1)
11,6: (19275,61937,0,65535)  #4BF100FF  srgba(75,241,0,1)
12,6: (19275,62194,257,65535)  #4BF201FF  srgba(75,242,1,1)
13,6: (19532,62194,0,65535)  #4CF200FF  srgba(76,242,0,1)
14,6: (19532,62965,257,65535)  #4CF501FF  srgba(76,245,1,1)
15,6: (20560,0,0,65535)  #500000FF  srgba(80,0,0,1)
0,7: (21588,62965,257,65535)  #54F501FF  srgba(84,245,1,1)
1,7: (21845,0,0,65535)  #550000FF  srgba(85,0,0,1)
2,7: (22873,62194,0,65535)  #59F200FF  srgba(89,242,0,1)
3,7: (23387,0,0,65535)  #5B0000FF  srgba(91,0,0,1)
4,7: (23644,5654,257,65535)  #5C1601FF  srgba(92,22,1,1)
5,7: (23901,0,0,65535)  #5D0000FF  srgba(93,0,0,1)
6,7: (24158,61166,0,65535)  #5EEE00FF  srgba(94,238,0,1)
7,7: (24929,62194,0,65535)  #61F200FF  srgba(97,242,0,1)
8,7: (24929,62965,257,65535)  #61F501FF  srgba(97,245,1,1)
9,7: (25443,55769,514,65535)  #63D902FF  srgba(99,217,2,1)
10,7: (25700,0,0,65535)  #640000FF  srgba(100,0,0,1)
11,7: (25700,59881,257,65535)  #64E901FF  srgba(100,233,1,1)
12,7: (25957,62194,0,65535)  #65F200FF  srgba(101,242,0,1)
13,7: (26985,0,0,65535)  #690000FF  srgba(105,0,0,1)
14,7: (27499,62194,0,65535)  #6BF200FF  srgba(107,242,0,1)
15,7: (28270,63479,771,65535)  #6EF703FF  srgba(110,247,3,1)
0,8: (28527,0,0,65535)  #6F0000FF  srgba(111,0,0,1)
1,8: (28527,63222,0,65535)  #6FF600FF  srgba(111,246,0,1)
2,8: (30069,0,0,65535)  #750000FF  srgba(117,0,0,1)
3,8: (31097,4626,257,65535)  #791201FF  srgba(121,18,1,1)
4,8: (31097,63222,0,65535)  #79F600FF  srgba(121,246,0,1)
5,8: (31354,63479,1028,65535)  #7AF704FF  srgba(122,247,4,1)
6,8: (32125,0,0,65535)  #7D0000FF  srgba(125,0,0,1)
7,8: (32125,257,0,65535)  #7D0100FF  srgba(125,1,0,1)
8,8: (33924,63736,1028,65535)  #84F804FF  srgba(132,248,4,1)
9,8: (34181,63479,0,65535)  #85F700FF  srgba(133,247,0,1)
10,8: (34438,257,0,65535)  #860100FF  srgba(134,1,0,1)
11,8: (34695,62194,257,65535)  #87F201FF  srgba(135,242,1,1)
12,8: (34952,514,0,65535)  #880200FF  srgba(136,2,0,1)
13,8: (34952,16962,257,65535)  #884201FF  srgba(136,66,1,1)
14,8: (36494,25957,514,65535)  #8E6502FF  srgba(142,101,2,1)
15,8: (36494,63736,0,65535)  #8EF800FF  srgba(142,248,0,1)
0,9: (36494,63993,1028,65535)  #8EF904FF  srgba(142,249,4,1)
1,9: (36751,63736,0,65535)  #8FF800FF  srgba(143,248,0,1)
2,9: (37008,514,0,65535)  #900200FF  srgba(144,2,0,1)
3,9: (37522,59367,257,65535)  #92E701FF  srgba(146,231,1,1)
4,9: (37779,514,0,65535)  #930200FF  srgba(147,2,0,1)
5,9: (37779,4626,257,65535)  #931201FF  srgba(147,18,1,1)
6,9: (38807,33410,771,65535)  #978203FF  srgba(151,130,3,1)
7,9: (39064,41377,514,65535)  #98A102FF  srgba(152,161,2,1)
8,9: (39064,63993,0,65535)  #98F900FF  srgba(152,249,0,1)
9,9: (39321,51400,514,65535)  #99C802FF  srgba(153,200,2,1)
10,9: (39321,64250,1028,65535)  #99FA04FF  srgba(153,250,4,1)
11,9: (39578,64250,0,65535)  #9AFA00FF  srgba(154,250,0,1)
12,9: (40092,771,257,65535)  #9C0301FF  srgba(156,3,1,1)
13,9: (40349,771,0,65535)  #9D0300FF  srgba(157,3,0,1)
14,9: (41377,61166,514,65535)  #A1EE02FF  srgba(161,238,2,1)
15,9: (41634,64250,257,65535)  #A2FA01FF  srgba(162,250,1,1)
0,10: (42405,1028,0,65535)  #A50400FF  srgba(165,4,0,1)
1,10: (43433,1285,0,65535)  #A90500FF  srgba(169,5,0,1)
2,10: (43690,1285,0,65535)  #AA0500FF  srgba(170,5,0,1)
3,10: (44718,62194,771,65535)  #AEF203FF  srgba(174,242,3,1)
4,10: (44718,64507,0,65535)  #AEFB00FF  srgba(174,251,0,1)
5,10: (44975,26471,0,65535)  #AF6700FF  srgba(175,103,0,1)
6,10: (44975,64507,514,65535)  #AFFB02FF  srgba(175,251,2,1)
7,10: (45232,2827,0,65535)  #B00B00FF  srgba(176,11,0,1)
8,10: (45232,17476,257,65535)  #B04401FF  srgba(176,68,1,1)
9,10: (45746,6168,257,65535)  #B21801FF  srgba(178,24,1,1)
10,10: (46003,1542,0,65535)  #B30600FF  srgba(179,6,0,1)
11,10: (46517,34438,257,65535)  #B58601FF  srgba(181,134,1,1)
12,10: (46517,42148,257,65535)  #B5A401FF  srgba(181,164,1,1)
13,10: (46774,1542,0,65535)  #B60600FF  srgba(182,6,0,1)
14,10: (46774,1542,0,65535)  #B60600FF  srgba(182,6,0,1)
15,10: (47031,49858,514,65535)  #B7C202FF  srgba(183,194,2,1)
0,11: (47031,57825,514,65535)  #B7E102FF  srgba(183,225,2,1)
1,11: (48059,64764,0,65535)  #BBFC00FF  srgba(187,252,0,1)
2,11: (49344,1542,0,65535)  #C00600FF  srgba(192,6,0,1)
3,11: (51143,1799,0,65535)  #C70700FF  srgba(199,7,0,1)
4,11: (51143,64764,0,65535)  #C7FC00FF  srgba(199,252,0,1)
5,11: (52942,61166,514,65535)  #CEEE02FF  srgba(206,238,2,1)
6,11: (53199,3084,0,65535)  #CF0C00FF  srgba(207,12,0,1)
7,11: (53199,55255,1285,65535)  #CFD705FF  srgba(207,215,5,1)
8,11: (53456,2056,0,65535)  #D00800FF  srgba(208,8,0,1)
9,11: (53713,45489,0,65535)  #D1B100FF  srgba(209,177,0,1)
10,11: (53970,9252,257,65535)  #D22401FF  srgba(210,36,1,1)
11,11: (54227,15934,257,65535)  #D33E01FF  srgba(211,62,1,1)
12,11: (54227,34695,0,65535)  #D38700FF  srgba(211,135,0,1)
13,11: (54741,65021,0,65535)  #D5FD00FF  srgba(213,253,0,1)
14,11: (55512,23901,257,65535)  #D85D01FF  srgba(216,93,1,1)
15,11: (55769,2056,0,65535)  #D90800FF  srgba(217,8,0,1)
0,12: (56797,45232,257,65535)  #DDB001FF  srgba(221,176,1,1)
1,12: (56797,65021,1028,65535)  #DDFD04FF  srgba(221,253,4,1)
2,12: (57054,2056,0,65535)  #DE0800FF  srgba(222,8,0,1)
3,12: (57054,3084,0,65535)  #DE0C00FF  srgba(222,12,0,1)
4,12: (57311,34438,0,65535)  #DF8600FF  srgba(223,134,0,1)
5,12: (57568,65021,0,65535)  #E0FD00FF  srgba(224,253,0,1)
6,12: (57825,45489,3084,65535)  #E1B10CFF  srgba(225,177,12,1)
7,12: (58082,34438,2056,65535)  #E28608FF  srgba(226,134,8,1)
8,12: (58339,65021,2313,65535)  #E3FD09FF  srgba(227,253,9,1)
9,12: (59110,54741,1285,65535)  #E6D505FF  srgba(230,213,5,1)
10,12: (59110,60652,1028,65535)  #E6EC04FF  srgba(230,236,4,1)
11,12: (59624,9509,0,65535)  #E82500FF  srgba(232,37,0,1)
12,12: (59881,2827,0,65535)  #E90B00FF  srgba(233,11,0,1)
13,12: (59881,15934,257,65535)  #E93E01FF  srgba(233,62,1,1)
14,12: (60138,2056,0,65535)  #EA0800FF  srgba(234,8,0,1)
15,12: (60138,46003,0,65535)  #EAB300FF  srgba(234,179,0,1)
0,13: (60652,34181,0,65535)  #EC8500FF  srgba(236,133,0,1)
1,13: (60652,64764,1285,65535)  #ECFC05FF  srgba(236,252,5,1)
2,13: (61423,65021,2827,65535)  #EFFD0BFF  srgba(239,253,11,1)
3,13: (61937,23901,771,65535)  #F15D03FF  srgba(241,93,3,1)
4,13: (62708,3084,0,65535)  #F40C00FF  srgba(244,12,0,1)
5,13: (63222,65021,3855,65535)  #F6FD0FFF  srgba(246,253,15,1)
6,13: (63736,65021,3084,65535)  #F8FD0CFF  srgba(248,253,12,1)
7,13: (63993,64764,1028,65535)  #F9FC04FF  srgba(249,252,4,1)
8,13: (64250,4626,0,65535)  #FA1200FF  srgba(250,18,0,1)
9,13: (64250,8738,0,65535)  #FA2200FF  srgba(250,34,0,1)
10,13: (64250,15420,0,65535)  #FA3C00FF  srgba(250,60,0,1)
11,13: (64250,54227,1285,65535)  #FAD305FF  srgba(250,211,5,1)
12,13: (64250,59624,1028,65535)  #FAE804FF  srgba(250,232,4,1)
13,13: (64507,33667,0,65535)  #FB8300FF  srgba(251,131,0,1)
14,13: (64507,45489,0,65535)  #FBB100FF  srgba(251,177,0,1)
15,13: (64507,45746,2570,65535)  #FBB20AFF  srgba(251,178,10,1)
0,14: (64764,24158,257,65535)  #FC5E01FF  srgba(252,94,1,1)
1,14: (64764,24415,0,65535)  #FC5F00FF  srgba(252,95,0,1)
2,14: (64764,34438,1028,65535)  #FC8604FF  srgba(252,134,4,1)
3,14: (65021,7196,0,65535)  #FD1C00FF  srgba(253,28,0,1)
4,14: (65021,10794,0,65535)  #FD2A00FF  srgba(253,42,0,1)
5,14: (65278,3855,0,65535)  #FE0F00FF  srgba(254,15,0,1)
6,14: (65278,5654,0,65535)  #FE1600FF  srgba(254,22,0,1)
7,14: (65278,6939,0,65535)  #FE1B00FF  srgba(254,27,0,1)
8,14: (65278,6939,0,65535)  #FE1B00FF  srgba(254,27,0,1)
9,14: (65278,7196,257,65535)  #FE1C01FF  srgba(254,28,1,1)
10,14: (65278,9509,0,65535)  #FE2500FF  srgba(254,37,0,1)
11,14: (65278,15934,0,65535)  #FE3E00FF  srgba(254,62,0,1)
12,14: (65278,23901,0,65535)  #FE5D00FF  srgba(254,93,0,1)
13,14: (65278,24415,771,65535)  #FE5F03FF  srgba(254,95,3,1)
14,14: (65278,24672,257,65535)  #FE6001FF  srgba(254,96,1,1)
15,14: (65278,31354,0,65535)  #FE7A00FF  srgba(254,122,0,1)
0,15: (65278,34181,257,65535)  #FE8501FF  srgba(254,133,1,1)
1,15: (65278,35209,514,65535)  #FE8902FF  srgba(254,137,2,1)
2,15: (65278,35723,3855,65535)  #FE8B0FFF  srgba(254,139,15,1)
3,15: (65278,36751,0,65535)  #FE8F00FF  srgba(254,143,0,1)
4,15: (65278,42405,0,65535)  #FEA500FF  srgba(254,165,0,1)
5,15: (65278,45232,1285,65535)  #FEB005FF  srgba(254,176,5,1)
6,15: (65278,47031,4626,65535)  #FEB712FF  srgba(254,183,18,1)
7,15: (65278,48316,0,65535)  #FEBC00FF  srgba(254,188,0,1)
8,15: (65278,54484,257,65535)  #FED401FF  srgba(254,212,1,1)
9,15: (65278,54484,3084,65535)  #FED40CFF  srgba(254,212,12,1)
10,15: (65278,59624,257,65535)  #FEE801FF  srgba(254,232,1,1)
11,15: (65278,59881,2313,65535)  #FEE909FF  srgba(254,233,9,1)
12,15: (65278,64764,3855,65535)  #FEFC0FFF  srgba(254,252,15,1)
13,15: (65278,65021,2570,65535)  #FEFD0AFF  srgba(254,253,10,1)
14,15: (65278,65021,3084,65535)  #FEFD0CFF  srgba(254,253,12,1)
15,15: (0,65535,0,0)  #00FF0000  srgba(0,255,0,0)
