# ImageMagick pixel enumeration: 16,16,65535,srgba
0,0: (7453,2570,65021,65535)  #1D0AFDFF  srgba(29,10,253,1)
1,0: (7710,3084,65278,65535)  #1E0CFEFF  srgba(30,12,254,1)
2,0: (8481,45489,63993,65535)  #21B1F9FF  srgba(33,177,249,1)
3,0: (8995,45489,65535,65535)  #23B1FFFF  srgba(35,177,255,1)
4,0: (9509,64250,65278,65535)  #25FAFEFF  srgba(37,250,254,1)
5,0: (10023,18504,61166,65535)  #2748EEFF  srgba(39,72,238,1)
6,0: (10023,18761,65021,65535)  #2749FDFF  srgba(39,73,253,1)
7,0: (10023,31868,64507,65535)  #277CFBFF  srgba(39,124,251,1)
8,0: (10537,18761,65278,65535)  #2949FEFF  srgba(41,73,254,1)
9,0: (10794,3341,64764,65535)  #2A0DFCFF  srgba(42,13,252,1)
10,0: (11051,3855,60138,65535)  #2B0FEAFF  srgba(43,15,234,1)
11,0: (11822,3855,64250,65535)  #2E0FFAFF  srgba(46,15,250,1)
12,0: (12336,11051,18247,65535)  #302B47FF  srgba(48,43,71,1)
13,0: (14649,4112,65021,65535)  #3910FDFF  srgba(57,16,253,1)
14,0: (15163,62708,60138,65535)  #3BF4EAFF  srgba(59,244,234,1)
15,0: (15420,4626,65278,65535)  #3C12FEFF  srgba(60,18,254,1)
0,1: (15420,63993,65278,65535)  #3CF9FEFF  srgba(60,249,254,1)
1,1: (16962,16191,40092,65535)  #423F9CFF  srgba(66,63,156,1)
2,1: (19532,15934,32382,65535)  #4C3E7EFF  srgba(76,62,126,1)
3,1: (21588,63479,65278,65535)  #54F7FEFF  srgba(84,247,254,1)
4,1: (21845,45746,65278,65535)  #55B2FEFF  srgba(85,178,254,1)
5,1: (22102,18247,64764,65535)  #5647FCFF  srgba(86,71,252,1)
6,1: (22102,18247,65278,65535)  #5647FEFF  srgba(86,71,254,1)
7,1: (22102,46003,61937,65535)  #56B3F1FF  srgba(86,179,241,1)
8,1: (22359,31611,64250,65535)  #577BFAFF  srgba(87,123,250,1)
9,1: (22616,18761,59881,65535)  #5849E9FF  srgba(88,73,233,1)
10,1: (23644,63222,57568,65535)  #5CF6E0FF  srgba(92,246,224,1)
11,1: (24672,64250,43690,65535)  #60FAAAFF  srgba(96,250,170,1)
12,1: (25186,64250,35209,65535)  #62FA89FF  srgba(98,250,137,1)
13,1: (25443,5911,63222,65535)  #6317F6FF  srgba(99,23,246,1)
14,1: (25443,5911,65021,65535)  #6317FDFF  srgba(99,23,253,1)
15,1: (25700,6168,65535,65535)  #6418FFFF  srgba(100,24,255,1)
0,2: (28013,8995,14135,65535)  #6D2337FF  srgba(109,35,55,1)
1,2: (28270,63479,65278,65535)  #6EF7FEFF  srgba(110,247,254,1)
2,2: (28784,42405,39835,65535)  #70A59BFF  srgba(112,165,155,1)
3,2: (29555,39064,29298,65535)  #739872FF  srgba(115,152,114,1)
4,2: (30840,19789,64764,65535)  #784DFCFF  srgba(120,77,252,1)
5,2: (30840,20303,65278,65535)  #784FFEFF  srgba(120,79,254,1)
6,2: (31611,47288,65278,65535)  #7BB8FEFF  srgba(123,184,254,1)
7,2: (32382,62451,61680,65535)  #7EF3F0FF  srgba(126,243,240,1)
8,2: (32896,63479,50886,65535)  #80F7C6FF  srgba(128,247,198,1)
9,2: (34181,19789,39835,65535)  #854D9BFF  srgba(133,77,155,1)
10,2: (34952,63736,65278,65535)  #88F8FEFF  srgba(136,248,254,1)
11,2: (35209,34438,64764,65535)  #8986FCFF  srgba(137,134,252,1)
12,2: (35209,63479,43433,65535)  #89F7A9FF  srgba(137,247,169,1)
13,2: (35466,34438,65278,65535)  #8A86FEFF  srgba(138,134,254,1)
14,2: (35466,63993,34952,65535)  #8AF988FF  srgba(138,249,136,1)
15,2: (35723,20303,63736,65535)  #8B4FF8FF  srgba(139,79,248,1)
0,3: (35723,21074,54998,65535)  #8B52D6FF  srgba(139,82,214,1)
1,3: (35723,34695,58596,65535)  #8B87E4FF  srgba(139,135,228,1)
2,3: (36237,47288,64250,65535)  #8DB8FAFF  srgba(141,184,250,1)
3,3: (36494,48059,54227,65535)  #8EBBD3FF  srgba(142,187,211,1)
4,3: (37008,8995,11051,65535)  #90232BFF  srgba(144,35,43,1)
5,3: (37008,18504,31097,65535)  #904879FF  srgba(144,72,121,1)
6,3: (38550,6168,62194,65535)  #9618F2FF  srgba(150,24,242,1)
7,3: (38550,6425,65021,65535)  #9619FDFF  srgba(150,25,253,1)
8,3: (38550,6682,65535,65535)  #961AFFFF  srgba(150,26,255,1)
9,3: (39578,39578,29812,65535)  #9A9A74FF  srgba(154,154,116,1)
10,3: (39578,43947,39578,65535)  #9AAB9AFF  srgba(154,171,154,1)
11,3: (40349,19275,64764,65535)  #9D4BFCFF  srgba(157,75,252,1)
12,3: (40349,20046,65278,65535)  #9D4EFEFF  srgba(157,78,254,1)
13,3: (40606,47288,65278,65535)  #9EB8FEFF  srgba(158,184,254,1)
14,3: (41891,62965,65278,65535)  #A3F5FEFF  srgba(163,245,254,1)
15,3: (45746,62194,62708,65535)  #B2F2F4FF  srgba(178,242,244,1)
0,4: (45746,63222,52685,65535)  #B2F6CDFF  srgba(178,246,205,1)
1,4: (46003,63993,33410,65535)  #B3F982FF  srgba(179,249,130,1)
2,4: (46260,63993,45232,65535)  #B4F9B0FF  srgba(180,249,176,1)
3,4: (46517,63993,39578,65535)  #B5F99AFF  srgba(181,249,154,1)
4,4: (47802,24415,36494,65535)  #BA5F8EFF  srgba(186,95,142,1)
5,4: (48059,21845,20303,65535)  #BB554FFF  srgba(187,85,79,1)
6,4: (48316,43433,39064,65535)  #BCA998FF  srgba(188,169,152,1)
7,4: (48573,6425,16962,65535)  #BD1942FF  srgba(189,25,66,1)
8,4: (48573,8481,35980,65535)  #BD218CFF  srgba(189,33,140,1)
9,4: (48830,6425,65278,65535)  #BE19FEFF  srgba(190,25,254,1)
10,4: (48830,37265,25700,65535)  #BE9164FF  srgba(190,145,100,1)
11,4: (49344,39064,63736,65535)  #C098F8FF  srgba(192,152,248,1)
12,4: (49344,63222,65278,65535)  #C0F6FEFF  srgba(192,246,254,1)
13,4: (49858,12850,65278,65535)  #C232FEFF  srgba(194,50,254,1)
14,4: (49858,25700,65278,65535)  #C264FEFF  srgba(194,100,254,1)
15,4: (52171,25443,60652,65535)  #CB63ECFF  srgba(203,99,236,1)
0,5: (52685,49601,62965,65535)  #CDC1F5FF  srgba(205,193,245,1)
1,5: (52942,12850,64764,65535)  #CE32FCFF  srgba(206,50,252,1)
2,5: (55255,63222,65021,65535)  #D7F6FDFF  srgba(215,246,253,1)
3,5: (55769,6939,64764,65535)  #D91BFCFF  srgba(217,27,252,1)
4,5: (56283,7967,63479,65535)  #DB1FF7FF  srgba(219,31,247,1)
5,5: (56540,26728,49344,65535)  #DC68C0FF  srgba(220,104,192,1)
6,5: (57054,6682,65278,65535)  #DE1AFEFF  srgba(222,26,254,1)
7,5: (57054,7196,53970,65535)  #DE1CD2FF  srgba(222,28,210,1)
8,5: (57825,39064,63222,65535)  #E198F6FF  srgba(225,152,246,1)
9,5: (58082,12593,65278,65535)  #E231FEFF  srgba(226,49,254,1)
10,5: (58082,61680,58082,65535)  #E2F0E2FF  srgba(226,240,226,1)
11,5: (58339,11051,21588,65535)  #E32B54FF  srgba(227,43,84,1)
12,5: (58339,15163,63222,65535)  #E33BF6FF  srgba(227,59,246,1)
13,5: (58339,25443,65278,65535)  #E363FEFF  srgba(227,99,254,1)
14,5: (58596,63993,42662,65535)  #E4F9A6FF  srgba(228,249,166,1)
15,5: (58853,16191,55512,65535)  #E53FD8FF  srgba(229,63,216,1)
0,6: (58853,40349,23901,65535)  #E59D5DFF  srgba(229,157,93,1)
1,6: (59110,14392,37265,65535)  #E63891FF  srgba(230,56,145,1)
2,6: (59110,26985,23387,65535)  #E6695BFF  srgba(230,105,91,1)
3,6: (59110,38550,38036,65535)  #E69694FF  srgba(230,150,148,1)
4,6: (59367,28784,37522,65535)  #E77092FF  srgba(231,112,146,1)
5,6: (59367,42662,30583,65535)  #E7A677FF  srgba(231,166,119,1)
6,6: (59367,48830,38550,65535)  #E7BE96FF  srgba(231,190,150,1)
7,6: (59367,63222,33410,65535)  #E7F682FF  srgba(231,246,130,1)
8,6: (60395,63736,36494,65535)  #EBF88EFF  srgba(235,248,142,1)
9,6: (60652,64250,47031,65535)  #ECFAB7FF  srgba(236,250,183,1)
10,6: (60909,63222,51657,65535)  #EDF6C9FF  srgba(237,246,201,1)
11,6: (61166,48830,47545,65535)  #EEBEB9FF  srgba(238,190,185,1)
12,6: (61166,63222,65278,65535)  #EEF6FEFF  srgba(238,246,254,1)
13,6: (61166,63993,38807,65535)  #EEF997FF  srgba(238,249,151,1)
14,6: (61937,64507,49601,65535)  #F1FBC1FF  srgba(241,251,193,1)
15,6: (62194,25700,60652,65535)  #F264ECFF  srgba(242,100,236,1)
0,7: (63222,13107,64764,65535)  #F633FCFF  srgba(246,51,252,1)
1,7: (63479,25700,22359,65535)  #F76457FF  srgba(247,100,87,1)
2,7: (63479,27242,48059,65535)  #F76ABBFF  srgba(247,106,187,1)
3,7: (63479,33153,25957,65535)  #F78165FF  srgba(247,129,101,1)
4,7: (63479,42405,27242,65535)  #F7A56AFF  srgba(247,165,106,1)
5,7: (63479,64250,42919,65535)  #F7FAA7FF  srgba(247,250,167,1)
6,7: (63736,15420,22102,65535)  #F83C56FF  srgba(248,60,86,1)
7,7: (63736,16191,37265,65535)  #F83F91FF  srgba(248,63,145,1)
8,7: (63736,21074,29812,65535)  #F85274FF  srgba(248,82,116,1)
9,7: (63736,26471,37779,65535)  #F86793FF  srgba(248,103,147,1)
10,7: (63736,35466,39321,65535)  #F88A99FF  srgba(248,138,153,1)
11,7: (63736,39835,32896,65535)  #F89B80FF  srgba(248,155,128,1)
12,7: (63736,47545,39321,65535)  #F8B999FF  srgba(248,185,153,1)
13,7: (63993,38550,47288,65535)  #F996B8FF  srgba(249,150,184,1)
14,7: (63993,65021,47288,65535)  #F9FDB8FF  srgba(249,253,184,1)
15,7: (64250,8738,65278,65535)  #FA22FEFF  srgba(250,34,254,1)
0,8: (64250,38807,61166,65535)  #FA97EEFF  srgba(250,151,238,1)
1,8: (64250,49344,61166,65535)  #FAC0EEFF  srgba(250,192,238,1)
2,8: (64250,64764,49858,65535)  #FAFCC2FF  srgba(250,252,194,1)
3,8: (64507,12079,37522,65535)  #FB2F92FF  srgba(251,47,146,1)
4,8: (64507,14135,24929,65535)  #FB3761FF  srgba(251,55,97,1)
5,8: (64507,14135,65278,65535)  #FB37FEFF  srgba(251,55,254,1)
6,8: (64507,14906,31097,65535)  #FB3A79FF  srgba(251,58,121,1)
7,8: (64507,19532,37522,65535)  #FB4C92FF  srgba(251,76,146,1)
8,8: (64507,25186,65021,65535)  #FB62FDFF  srgba(251,98,253,1)
9,8: (64507,27756,26214,65535)  #FB6C66FF  srgba(251,108,102,1)
10,8: (64507,28013,38036,65535)  #FB6D94FF  srgba(251,109,148,1)
11,8: (64507,28270,31354,65535)  #FB6E7AFF  srgba(251,110,122,1)
12,8: (64507,38293,39321,65535)  #FB9599FF  srgba(251,149,153,1)
13,8: (64507,39835,28013,65535)  #FB9B6DFF  srgba(251,155,109,1)
14,8: (64507,40092,31611,65535)  #FB9C7BFF  srgba(251,156,123,1)
15,8: (64507,43947,39064,65535)  #FBAB98FF  srgba(251,171,152,1)
0,9: (64507,50629,39321,65535)  #FBC599FF  srgba(251,197,153,1)
1,9: (64507,62708,56283,65535)  #FBF4DBFF  srgba(251,244,219,1)
2,9: (64507,62965,42148,65535)  #FBF5A4FF  srgba(251,245,164,1)
3,9: (64507,65021,41120,65535)  #FBFDA0FF  srgba(251,253,160,1)
4,9: (64507,65021,42148,65535)  #FBFDA4FF  srgba(251,253,164,1)
5,9: (64507,65021,50372,65535)  #FBFDC4FF  srgba(251,253,196,1)
6,9: (64764,9766,56283,65535)  #FC26DBFF  srgba(252,38,219,1)
7,9: (64764,12336,64764,65535)  #FC30FCFF  srgba(252,48,252,1)
8,9: (64764,26728,57311,65535)  #FC68DFFF  srgba(252,104,223,1)
9,9: (64764,27242,46003,65535)  #FC6AB3FF  srgba(252,106,179,1)
10,9: (64764,27499,49087,65535)  #FC6BBFFF  srgba(252,107,191,1)
11,9: (64764,41377,33667,65535)  #FCA183FF  srgba(252,161,131,1)
12,9: (64764,64507,47031,65535)  #FCFBB7FF  srgba(252,251,183,1)
13,9: (64764,64764,37008,65535)  #FCFC90FF  srgba(252,252,144,1)
14,9: (65021,12336,63479,65535)  #FD30F7FF  srgba(253,48,247,1)
15,9: (65021,12593,37779,65535)  #FD3193FF  srgba(253,49,147,1)
0,10: (65021,14135,57825,65535)  #FD37E1FF  srgba(253,55,225,1)
1,10: (65021,14392,31868,65535)  #FD387CFF  srgba(253,56,124,1)
2,10: (65021,15163,23644,65535)  #FD3B5CFF  srgba(253,59,92,1)
3,10: (65021,15934,29041,65535)  #FD3E71FF  srgba(253,62,113,1)
4,10: (65021,22359,37522,65535)  #FD5792FF  srgba(253,87,146,1)
5,10: (65021,23901,32125,65535)  #FD5D7DFF  srgba(253,93,125,1)
6,10: (65021,30069,38036,65535)  #FD7594FF  srgba(253,117,148,1)
7,10: (65021,33153,28527,65535)  #FD816FFF  srgba(253,129,111,1)
8,10: (65021,33153,32382,65535)  #FD817EFF  srgba(253,129,126,1)
9,10: (65021,36751,38036,65535)  #FD8F94FF  srgba(253,143,148,1)
10,10: (65021,39064,40349,65535)  #FD989DFF  srgba(253,152,157,1)
11,10: (65021,40863,38807,65535)  #FD9F97FF  srgba(253,159,151,1)
12,10: (65021,41891,31611,65535)  #FDA37BFF  srgba(253,163,123,1)
13,10: (65021,41891,34695,65535)  #FDA387FF  srgba(253,163,135,1)
14,10: (65021,48059,39578,65535)  #FDBB9AFF  srgba(253,187,154,1)
15,10: (65021,48573,47545,65535)  #FDBDB9FF  srgba(253,189,185,1)
0,11: (65021,61680,56797,65535)  #FDF0DDFF  srgba(253,240,221,1)
1,11: (65021,63222,40863,65535)  #FDF69FFF  srgba(253,246,159,1)
2,11: (65021,64507,37522,65535)  #FDFB92FF  srgba(253,251,146,1)
3,11: (65021,64764,49344,65535)  #FDFCC0FF  srgba(253,252,192,1)
4,11: (65021,64764,50372,65535)  #FDFCC4FF  srgba(253,252,196,1)
5,11: (65021,65021,33410,65535)  #FDFD82FF  srgba(253,253,130,1)
6,11: (65021,65021,45746,65535)  #FDFDB2FF  srgba(253,253,178,1)
7,11: (65021,65278,41377,65535)  #FDFEA1FF  srgba(253,254,161,1)
8,11: (65021,65278,42919,65535)  #FDFEA7FF  srgba(253,254,167,1)
9,11: (65278,9766,48573,65535)  #FE26BDFF  srgba(254,38,189,1)
10,11: (65278,11051,33924,65535)  #FE2B84FF  srgba(254,43,132,1)
11,11: (65278,11051,38036,65535)  #FE2B94FF  srgba(254,43,148,1)
12,11: (65278,11051,42148,65535)  #FE2BA4FF  srgba(254,43,164,1)
13,11: (65278,11051,65278,65535)  #FE2BFEFF  srgba(254,43,254,1)
14,11: (65278,11308,22873,65535)  #FE2C59FF  srgba(254,44,89,1)
15,11: (65278,11308,27242,65535)  #FE2C6AFF  srgba(254,44,106,1)
0,12: (65278,11822,63479,65535)  #FE2EF7FF  srgba(254,46,247,1)
1,12: (65278,12079,60909,65535)  #FE2FEDFF  srgba(254,47,237,1)
2,12: (65278,12850,30326,65535)  #FE3276FF  srgba(254,50,118,1)
3,12: (65278,16191,34181,65535)  #FE3F85FF  srgba(254,63,133,1)
4,12: (65278,16705,65278,65535)  #FE41FEFF  srgba(254,65,254,1)
5,12: (65278,19018,37779,65535)  #FE4A93FF  srgba(254,74,147,1)
6,12: (65278,19018,64764,65535)  #FE4AFCFF  srgba(254,74,252,1)
7,12: (65278,19532,42405,65535)  #FE4CA5FF  srgba(254,76,165,1)
8,12: (65278,19789,22102,65535)  #FE4D56FF  srgba(254,77,86,1)
9,12: (65278,20046,27242,65535)  #FE4E6AFF  srgba(254,78,106,1)
10,12: (65278,21845,30840,65535)  #FE5578FF  srgba(254,85,120,1)
11,12: (65278,22102,33667,65535)  #FE5683FF  srgba(254,86,131,1)
12,12: (65278,23901,65278,65535)  #FE5DFEFF  srgba(254,93,254,1)
13,12: (65278,24415,53199,65535)  #FE5FCFFF  srgba(254,95,207,1)
14,12: (65278,24929,47288,65535)  #FE61B8FF  srgba(254,97,184,1)
15,12: (65278,26728,38293,65535)  #FE6895FF  srgba(254,104,149,1)
0,13: (65278,26728,43176,65535)  #FE68A8FF  srgba(254,104,168,1)
1,13: (65278,28784,33667,65535)  #FE7083FF  srgba(254,112,131,1)
2,13: (65278,31097,24672,65535)  #FE7960FF  srgba(254,121,96,1)
3,13: (65278,31354,29298,65535)  #FE7A72FF  srgba(254,122,114,1)
4,13: (65278,32125,31097,65535)  #FE7D79FF  srgba(254,125,121,1)
5,13: (65278,33924,43433,65535)  #FE84A9FF  srgba(254,132,169,1)
6,13: (65278,34438,38550,65535)  #FE8696FF  srgba(254,134,150,1)
7,13: (65278,34438,65278,65535)  #FE86FEFF  srgba(254,134,254,1)
8,13: (65278,34695,33667,65535)  #FE8783FF  srgba(254,135,131,1)
9,13: (65278,35466,55769,65535)  #FE8AD9FF  srgba(254,138,217,1)
10,13: (65278,35723,47802,65535)  #FE8BBAFF  srgba(254,139,186,1)
11,13: (65278,39064,43433,65535)  #FE98A9FF  srgba(254,152,169,1)
12,13: (65278,39321,38550,65535)  #FE9996FF  srgba(254,153,150,1)
13,13: (65278,40092,34695,65535)  #FE9C87FF  srgba(254,156,135,1)
14,13: (65278,41120,31868,65535)  #FEA07CFF  srgba(254,160,124,1)
15,13: (65278,41377,30583,65535)  #FEA177FF  srgba(254,161,119,1)
0,14: (65278,41377,32896,65535)  #FEA180FF  srgba(254,161,128,1)
1,14: (65278,41377,38293,65535)  #FEA195FF  srgba(254,161,149,1)
2,14: (65278,41891,27242,65535)  #FEA36AFF  srgba(254,163,106,1)
3,14: (65278,41891,34181,65535)  #FEA385FF  srgba(254,163,133,1)
4,14: (65278,42919,43690,65535)  #FEA7AAFF  srgba(254,167,170,1)
5,14: (65278,43947,60138,65535)  #FEABEAFF  srgba(254,171,234,1)
6,14: (65278,45489,38550,65535)  #FEB196FF  srgba(254,177,150,1)
7,14: (65278,46260,34695,65535)  #FEB487FF  srgba(254,180,135,1)
8,14: (65278,47031,48573,65535)  #FEB7BDFF  srgba(254,183,189,1)
9,14: (65278,50372,43690,65535)  #FEC4AAFF  srgba(254,196,170,1)
10,14: (65278,51143,60138,65535)  #FEC7EAFF  srgba(254,199,234,1)
11,14: (65278,51400,38807,65535)  #FEC897FF  srgba(254,200,151,1)
12,14: (65278,60652,43690,65535)  #FEECAAFF  srgba(254,236,170,1)
13,14: (65278,60652,61166,65535)  #FEECEEFF  srgba(254,236,238,1)
14,14: (65278,61680,50886,65535)  #FEF0C6FF  srgba(254,240,198,1)
15,14: (65278,62965,37008,65535)  #FEF590FF  srgba(254,245,144,1)
0,15: (65278,64507,40863,65535)  #FEFB9FFF  srgba(254,251,159,1)
1,15: (65278,64507,48830,65535)  #FEFBBEFF  srgba(254,251,190,1)
2,15: (65278,64764,35466,65535)  #FEFC8AFF  srgba(254,252,138,1)
3,15: (65278,64764,47288,65535)  #FEFCB8FF  srgba(254,252,184,1)
4,15: (65278,65021,36494,65535)  #FEFD8EFF  srgba(254,253,142,1)
5,15: (65278,65021,45746,65535)  #FEFDB2FF  srgba(254,253,178,1)
6,15: (65278,65278,38293,65535)  #FEFE95FF  srgba(254,254,149,1)
7,15: (65278,65278,40349,65535)  #FEFE9DFF  srgba(254,254,157,1)
8,15: (65278,65278,44204,65535)  #FEFEACFF  srgba(254,254,172,1)
9,15: (65278,65278,44975,65535)  #FEFEAFFF  srgba(254,254,175,1)
10,15: (65535,65021,39578,65535)  #FFFD9AFF  srgba(255,253,154,1)
11,15: (65535,65021,41891,65535)  #FFFDA3FF  srgba(255,253,163,1)
12,15: (65535,65021,42405,65535)  #FFFDA5FF  srgba(255,253,165,1)
13,15: (65535,65278,39064,65535)  #FFFE98FF  srgba(255,254,152,1)
14,15: (65535,65278,43176,65535)  #FFFEA8FF  srgba(255,254,168,1)
15,15: (0,65535,0,0)  #00FF0000  srgba(0,255,0,0)
