# ImageMagick pixel enumeration: 16,16,65535,srgba
0,0: (0,0,0,65535)  #000000FF  black
1,0: (0,257,257,65535)  #000101FF  srgba(0,1,1,1)
2,0: (0,771,0,65535)  #000300FF  srgba(0,3,0,1)
3,0: (0,3341,0,65535)  #000D00FF  srgba(0,13,0,1)
4,0: (0,4112,0,65535)  #001000FF  srgba(0,16,0,1)
5,0: (0,4112,514,65535)  #001002FF  srgba(0,16,2,1)
6,0: (0,5140,0,65535)  #001400FF  srgba(0,20,0,1)
7,0: (0,5397,0,65535)  #001500FF  srgba(0,21,0,1)
8,0: (0,6168,0,65535)  #001800FF  srgba(0,24,0,1)
9,0: (0,6168,0,65535)  #001800FF  srgba(0,24,0,1)
10,0: (0,6939,17733,65535)  #001B45FF  srgba(0,27,69,1)
11,0: (0,7453,0,65535)  #001D00FF  srgba(0,29,0,1)
12,0: (0,8481,0,65535)  #002100FF  srgba(0,33,0,1)
13,0: (0,8481,514,65535)  #002102FF  srgba(0,33,2,1)
14,0: (0,9252,0,65535)  #002400FF  srgba(0,36,0,1)
15,0: (0,10280,0,65535)  #002800FF  srgba(0,40,0,1)
0,1: (0,11308,0,65535)  #002C00FF  srgba(0,44,0,1)
1,1: (0,11565,0,65535)  #002D00FF  srgba(0,45,0,1)
2,1: (0,11822,0,65535)  #002E00FF  srgba(0,46,0,1)
3,1: (0,12079,0,65535)  #002F00FF  srgba(0,47,0,1)
4,1: (0,12079,0,65535)  #002F00FF  srgba(0,47,0,1)
5,1: (0,12336,514,65535)  #003002FF  srgba(0,48,2,1)
6,1: (0,12593,0,65535)  #003100FF  srgba(0,49,0,1)
7,1: (0,13364,0,65535)  #003400FF  srgba(0,52,0,1)
8,1: (0,14135,33410,65535)  #003782FF  srgba(0,55,130,1)
9,1: (0,14392,48316,65535)  #0038BCFF  srgba(0,56,188,1)
10,1: (0,14649,0,65535)  #003900FF  srgba(0,57,0,1)
11,1: (0,14906,0,65535)  #003A00FF  srgba(0,58,0,1)
12,1: (0,14906,0,65535)  #003A00FF  srgba(0,58,0,1)
13,1: (0,14906,257,65535)  #003A01FF  srgba(0,58,1,1)
14,1: (0,15677,257,65535)  #003D01FF  srgba(0,61,1,1)
15,1: (0,15934,0,65535)  #003E00FF  srgba(0,62,0,1)
0,2: (0,16448,60138,65535)  #0040EAFF  srgba(0,64,234,1)
1,2: (0,17733,514,65535)  #004502FF  srgba(0,69,2,1)
2,2: (0,18504,0,65535)  #004800FF  srgba(0,72,0,1)
3,2: (0,19018,9766,65535)  #004A26FF  srgba(0,74,38,1)
4,2: (0,19789,0,65535)  #004D00FF  srgba(0,77,0,1)
5,2: (0,20560,0,65535)  #005000FF  srgba(0,80,0,1)
6,2: (0,20817,257,65535)  #005101FF  srgba(0,81,1,1)
7,2: (0,23901,0,65535)  #005D00FF  srgba(0,93,0,1)
8,2: (0,24158,48573,65535)  #005EBDFF  srgba(0,94,189,1)
9,2: (0,24415,0,65535)  #005F00FF  srgba(0,95,0,1)
10,2: (0,24415,18761,65535)  #005F49FF  srgba(0,95,73,1)
11,2: (0,24929,257,65535)  #006101FF  srgba(0,97,1,1)
12,2: (0,25186,257,65535)  #006201FF  srgba(0,98,1,1)
13,2: (0,26214,33924,65535)  #006684FF  srgba(0,102,132,1)
14,2: (0,26728,0,65535)  #006800FF  srgba(0,104,0,1)
15,2: (0,28270,0,65535)  #006E00FF  srgba(0,110,0,1)
0,3: (0,28527,65278,65535)  #006FFEFF  srgba(0,111,254,1)
1,3: (0,28784,0,65535)  #007000FF  srgba(0,112,0,1)
2,3: (0,29298,0,65535)  #007200FF  srgba(0,114,0,1)
3,3: (0,30326,0,65535)  #007600FF  srgba(0,118,0,1)
4,3: (0,30326,65278,65535)  #0076FEFF  srgba(0,118,254,1)
5,3: (0,30583,64764,65535)  #0077FCFF  srgba(0,119,252,1)
6,3: (0,30840,257,65535)  #007801FF  srgba(0,120,1,1)
7,3: (0,31611,0,65535)  #007B00FF  srgba(0,123,0,1)
8,3: (0,31868,64507,65535)  #007CFBFF  srgba(0,124,251,1)
9,3: (0,32639,0,65535)  #007F00FF  srgba(0,127,0,1)
10,3: (0,33153,0,65535)  #008100FF  srgba(0,129,0,1)
11,3: (0,33153,64764,65535)  #0081FCFF  srgba(0,129,252,1)
12,3: (0,33410,65278,65535)  #0082FEFF  srgba(0,130,254,1)
13,3: (0,33667,0,65535)  #008300FF  srgba(0,131,0,1)
14,3: (0,33667,514,65535)  #008302FF  srgba(0,131,2,1)
15,3: (0,34181,514,65535)  #008502FF  srgba(0,133,2,1)
0,4: (0,34438,0,65535)  #008600FF  srgba(0,134,0,1)
1,4: (0,34438,60909,65535)  #0086EDFF  srgba(0,134,237,1)
2,4: (0,34695,0,65535)  #008700FF  srgba(0,135,0,1)
3,4: (0,35723,0,65535)  #008B00FF  srgba(0,139,0,1)
4,4: (0,36494,65278,65535)  #008EFEFF  srgba(0,142,254,1)
5,4: (0,36751,0,65535)  #008F00FF  srgba(0,143,0,1)
6,4: (0,36751,23387,65535)  #008F5BFF  srgba(0,143,91,1)
7,4: (0,37008,12593,65535)  #009031FF  srgba(0,144,49,1)
8,4: (0,37522,771,65535)  #009203FF  srgba(0,146,3,1)
9,4: (0,38036,1028,65535)  #009404FF  srgba(0,148,4,1)
10,4: (0,38036,1285,65535)  #009405FF  srgba(0,148,5,1)
11,4: (0,38293,0,65535)  #009500FF  srgba(0,149,0,1)
12,4: (0,38807,1285,65535)  #009705FF  srgba(0,151,5,1)
13,4: (0,38807,64507,65535)  #0097FBFF  srgba(0,151,251,1)
14,4: (0,38807,64507,65535)  #0097FBFF  srgba(0,151,251,1)
15,4: (0,38807,65021,65535)  #0097FDFF  srgba(0,151,253,1)
0,5: (0,38807,65278,65535)  #0097FEFF  srgba(0,151,254,1)
1,5: (0,39578,771,65535)  #009A03FF  srgba(0,154,3,1)
2,5: (0,39578,34438,65535)  #009A86FF  srgba(0,154,134,1)
3,5: (0,39578,47802,65535)  #009ABAFF  srgba(0,154,186,1)
4,5: (0,39578,65278,65535)  #009AFEFF  srgba(0,154,254,1)
5,5: (0,39835,65021,65535)  #009BFDFF  srgba(0,155,253,1)
6,5: (0,40092,0,65535)  #009C00FF  srgba(0,156,0,1)
7,5: (0,40092,3341,65535)  #009C0DFF  srgba(0,156,13,1)
8,5: (0,40606,65278,65535)  #009EFEFF  srgba(0,158,254,1)
9,5: (0,40863,3084,65535)  #009F0CFF  srgba(0,159,12,1)
10,5: (0,40863,61166,65535)  #009FEEFF  srgba(0,159,238,1)
11,5: (0,41120,1542,65535)  #00A006FF  srgba(0,160,6,1)
12,5: (0,41120,3341,65535)  #00A00DFF  srgba(0,160,13,1)
13,5: (0,41120,3855,65535)  #00A00FFF  srgba(0,160,15,1)
14,5: (0,41120,5140,65535)  #00A014FF  srgba(0,160,20,1)
15,5: (0,41120,65278,65535)  #00A0FEFF  srgba(0,160,254,1)
0,6: (0,41377,1799,65535)  #00A107FF  srgba(0,161,7,1)
1,6: (0,42148,0,65535)  #00A400FF  srgba(0,164,0,1)
2,6: (0,42148,3598,65535)  #00A40EFF  srgba(0,164,14,1)
3,6: (0,42405,3341,65535)  #00A50DFF  srgba(0,165,13,1)
4,6: (0,42405,3855,65535)  #00A50FFF  srgba(0,165,15,1)
5,6: (0,42405,4369,65535)  #00A511FF  srgba(0,165,17,1)
6,6: (0,42405,5140,65535)  #00A514FF  srgba(0,165,20,1)
7,6: (0,42662,65021,65535)  #00A6FDFF  srgba(0,166,253,1)
8,6: (0,43176,1285,65535)  #00A805FF  srgba(0,168,5,1)
9,6: (0,43176,65278,65535)  #00A8FEFF  srgba(0,168,254,1)
10,6: (0,43176,65278,65535)  #00A8FEFF  srgba(0,168,254,1)
11,6: (0,43690,1799,65535)  #00AA07FF  srgba(0,170,7,1)
12,6: (0,43947,0,65535)  #00AB00FF  srgba(0,171,0,1)
13,6: (0,43947,1799,65535)  #00AB07FF  srgba(0,171,7,1)
14,6: (0,44204,3341,65535)  #00AC0DFF  srgba(0,172,13,1)
15,6: (0,44975,29812,65535)  #00AF74FF  srgba(0,175,116,1)
0,7: (0,44975,64764,65535)  #00AFFCFF  srgba(0,175,252,1)
1,7: (0,44975,65021,65535)  #00AFFDFF  srgba(0,175,253,1)
2,7: (0,45232,0,65535)  #00B000FF  srgba(0,176,0,1)
3,7: (0,45232,4369,65535)  #00B011FF  srgba(0,176,17,1)
4,7: (0,45232,4369,65535)  #00B011FF  srgba(0,176,17,1)
5,7: (0,45489,1285,65535)  #00B105FF  srgba(0,177,5,1)
6,7: (0,45489,1799,65535)  #00B107FF  srgba(0,177,7,1)
7,7: (0,45489,48316,65535)  #00B1BCFF  srgba(0,177,188,1)
8,7: (0,45489,62451,65535)  #00B1F3FF  srgba(0,177,243,1)
9,7: (0,45746,17476,65535)  #00B244FF  srgba(0,178,68,1)
10,7: (0,45746,65278,65535)  #00B2FEFF  srgba(0,178,254,1)
11,7: (0,46260,65278,65535)  #00B4FEFF  srgba(0,180,254,1)
12,7: (0,46517,3598,65535)  #00B50EFF  srgba(0,181,14,1)
13,7: (0,46774,1799,65535)  #00B607FF  srgba(0,182,7,1)
14,7: (0,47031,0,65535)  #00B700FF  srgba(0,183,0,1)
15,7: (0,47288,5397,65535)  #00B815FF  srgba(0,184,21,1)
0,8: (0,48316,1542,65535)  #00BC06FF  srgba(0,188,6,1)
1,8: (0,48316,3598,65535)  #00BC0EFF  srgba(0,188,14,1)
2,8: (0,48573,4369,65535)  #00BD11FF  srgba(0,189,17,1)
3,8: (0,49344,5397,65535)  #00C015FF  srgba(0,192,21,1)
4,8: (257,257,257,65535)  #010101FF  srgba(1,1,1,1)
5,8: (257,2056,514,65535)  #010802FF  srgba(1,8,2,1)
6,8: (257,3598,0,65535)  #010E00FF  srgba(1,14,0,1)
7,8: (257,5654,41634,65535)  #0116A2FF  srgba(1,22,162,1)
8,8: (257,6682,25186,65535)  #011A62FF  srgba(1,26,98,1)
9,8: (257,8481,514,65535)  #012102FF  srgba(1,33,2,1)
10,8: (257,8995,0,65535)  #012300FF  srgba(1,35,0,1)
11,8: (257,9252,31868,65535)  #01247CFF  srgba(1,36,124,1)
12,8: (257,9766,0,65535)  #012600FF  srgba(1,38,0,1)
13,8: (257,10023,7710,65535)  #01271EFF  srgba(1,39,30,1)
14,8: (257,11822,56540,65535)  #012EDCFF  srgba(1,46,220,1)
15,8: (257,12336,41634,65535)  #0130A2FF  srgba(1,48,162,1)
0,9: (257,12850,0,65535)  #013200FF  srgba(1,50,0,1)
1,9: (257,13364,7453,65535)  #01341DFF  srgba(1,52,29,1)
2,9: (257,13364,21331,65535)  #013453FF  srgba(1,52,83,1)
3,9: (257,14649,32639,65535)  #01397FFF  srgba(1,57,127,1)
4,9: (257,20303,15163,65535)  #014F3BFF  srgba(1,79,59,1)
5,9: (257,23130,0,65535)  #015A00FF  srgba(1,90,0,1)
6,9: (257,27499,0,65535)  #016B00FF  srgba(1,107,0,1)
7,9: (257,36494,771,65535)  #018E03FF  srgba(1,142,3,1)
8,9: (257,37008,0,65535)  #019000FF  srgba(1,144,0,1)
9,9: (257,37008,17990,65535)  #019046FF  srgba(1,144,70,1)
10,9: (257,37779,65278,65535)  #0193FEFF  srgba(1,147,254,1)
11,9: (257,40606,1285,65535)  #019E05FF  srgba(1,158,5,1)
12,9: (257,41120,65278,65535)  #01A0FEFF  srgba(1,160,254,1)
13,9: (257,44975,65278,65535)  #01AFFEFF  srgba(1,175,254,1)
14,9: (257,45489,24672,65535)  #01B160FF  srgba(1,177,96,1)
15,9: (257,46517,10537,65535)  #01B529FF  srgba(1,181,41,1)
0,10: (514,2313,56797,65535)  #0209DDFF  srgba(2,9,221,1)
1,10: (514,2570,6939,65535)  #020A1BFF  srgba(2,10,27,1)
2,10: (514,14649,48059,65535)  #0239BBFF  srgba(2,57,187,1)
3,10: (514,19275,771,65535)  #024B03FF  srgba(2,75,3,1)
4,10: (514,21331,64507,65535)  #0253FBFF  srgba(2,83,251,1)
5,10: (514,24158,48316,65535)  #025EBCFF  srgba(2,94,188,1)
6,10: (514,27499,514,65535)  #026B02FF  srgba(2,107,2,1)
7,10: (514,36751,33667,65535)  #028F83FF  srgba(2,143,131,1)
8,10: (514,38036,64764,65535)  #0294FCFF  srgba(2,148,252,1)
9,10: (514,38293,65278,65535)  #0295FEFF  srgba(2,149,254,1)
10,10: (514,40606,46260,65535)  #029EB4FF  srgba(2,158,180,1)
11,10: (514,42148,16705,65535)  #02A441FF  srgba(2,164,65,1)
12,10: (514,44975,65278,65535)  #02AFFEFF  srgba(2,175,254,1)
13,10: (771,19532,18504,65535)  #034C48FF  srgba(3,76,72,1)
14,10: (771,33924,5140,65535)  #038414FF  srgba(3,132,20,1)
15,10: (771,37522,65278,65535)  #0392FEFF  srgba(3,146,254,1)
0,11: (771,40863,17219,65535)  #039F43FF  srgba(3,159,67,1)
1,11: (771,42919,65278,65535)  #03A7FEFF  srgba(3,167,254,1)
2,11: (771,45489,64507,65535)  #03B1FBFF  srgba(3,177,251,1)
3,11: (1028,0,0,65535)  #040000FF  srgba(4,0,0,1)
4,11: (1028,17733,64764,65535)  #0445FCFF  srgba(4,69,252,1)
5,11: (1028,20560,65278,65535)  #0450FEFF  srgba(4,80,254,1)
6,11: (1285,1542,63479,65535)  #0506F7FF  srgba(5,6,247,1)
7,11: (1285,14392,64507,65535)  #0538FBFF  srgba(5,56,251,1)
8,11: (1285,15677,43433,65535)  #053DA9FF  srgba(5,61,169,1)
9,11: (1285,19275,5140,65535)  #054B14FF  srgba(5,75,20,1)
10,11: (1285,33153,47802,65535)  #0581BAFF  srgba(5,129,186,1)
11,11: (1285,37008,34952,65535)  #059088FF  srgba(5,144,136,1)
12,11: (1542,15934,60652,65535)  #063EECFF  srgba(6,62,236,1)
13,11: (1542,15934,65278,65535)  #063EFEFF  srgba(6,62,254,1)
14,11: (1542,38807,61166,65535)  #0697EEFF  srgba(6,151,238,1)
15,11: (1799,16705,65278,65535)  #0741FEFF  srgba(7,65,254,1)
0,12: (1799,21074,60395,65535)  #0752EBFF  srgba(7,82,235,1)
1,12: (2056,7196,63993,65535)  #081CF9FF  srgba(8,28,249,1)
2,12: (2056,11565,64250,65535)  #082DFAFF  srgba(8,45,250,1)
3,12: (2056,13878,65021,65535)  #0836FDFF  srgba(8,54,253,1)
4,12: (2056,15163,65278,65535)  #083BFEFF  srgba(8,59,254,1)
5,12: (2056,16191,46517,65535)  #083FB5FF  srgba(8,63,181,1)
6,12: (2056,32639,44975,65535)  #087FAFFF  srgba(8,127,175,1)
7,12: (2056,46774,51400,65535)  #08B6C8FF  srgba(8,182,200,1)
8,12: (2056,47288,62708,65535)  #08B8F4FF  srgba(8,184,244,1)
9,12: (2313,11822,65278,65535)  #092EFEFF  srgba(9,46,254,1)
10,12: (2313,13878,65278,65535)  #0936FEFF  srgba(9,54,254,1)
11,12: (2313,14392,65278,65535)  #0938FEFF  srgba(9,56,254,1)
12,12: (2313,40092,65278,65535)  #099CFEFF  srgba(9,156,254,1)
13,12: (2570,2827,64764,65535)  #0A0BFCFF  srgba(10,11,252,1)
14,12: (2570,3084,65278,65535)  #0A0CFEFF  srgba(10,12,254,1)
15,12: (2570,6425,64764,65535)  #0A19FCFF  srgba(10,25,252,1)
0,13: (2570,9252,65278,65535)  #0A24FEFF  srgba(10,36,254,1)
1,13: (2570,14649,64507,65535)  #0A39FBFF  srgba(10,57,251,1)
2,13: (2570,15420,65278,65535)  #0A3CFEFF  srgba(10,60,254,1)
3,13: (2827,6939,65021,65535)  #0B1BFDFF  srgba(11,27,253,1)
4,13: (2827,6939,65278,65535)  #0B1BFEFF  srgba(11,27,254,1)
5,13: (2827,10537,64764,65535)  #0B29FCFF  srgba(11,41,252,1)
6,13: (2827,11308,64764,65535)  #0B2CFCFF  srgba(11,44,252,1)
7,13: (2827,13878,64764,65535)  #0B36FCFF  srgba(11,54,252,1)
8,13: (2827,13878,65278,65535)  #0B36FEFF  srgba(11,54,254,1)
9,13: (2827,47802,65278,65535)  #0BBAFEFF  srgba(11,186,254,1)
10,13: (3084,11308,65278,65535)  #0C2CFEFF  srgba(12,44,254,1)
11,13: (3084,14906,65278,65535)  #0C3AFEFF  srgba(12,58,254,1)
12,13: (3084,17219,48830,65535)  #0C43BEFF  srgba(12,67,190,1)
13,13: (3084,38807,64507,65535)  #0C97FBFF  srgba(12,151,251,1)
14,13: (3341,3341,65278,65535)  #0D0DFEFF  srgba(13,13,254,1)
15,13: (3341,5397,65278,65535)  #0D15FEFF  srgba(13,21,254,1)
0,14: (3341,6939,65278,65535)  #0D1BFEFF  srgba(13,27,254,1)
1,14: (3341,9252,65278,65535)  #0D24FEFF  srgba(13,36,254,1)
2,14: (3341,11565,65278,65535)  #0D2DFEFF  srgba(13,45,254,1)
3,14: (3341,13364,65278,65535)  #0D34FEFF  srgba(13,52,254,1)
4,14: (3341,15420,65278,65535)  #0D3CFEFF  srgba(13,60,254,1)
5,14: (3598,10280,65278,65535)  #0E28FEFF  srgba(14,40,254,1)
6,14: (3598,12850,65278,65535)  #0E32FEFF  srgba(14,50,254,1)
7,14: (3598,14906,65278,65535)  #0E3AFEFF  srgba(14,58,254,1)
8,14: (3855,2570,65021,65535)  #0F0AFDFF  srgba(15,10,253,1)
9,14: (3855,12079,65278,65535)  #0F2FFEFF  srgba(15,47,254,1)
10,14: (3855,36751,15163,65535)  #0F8F3BFF  srgba(15,143,59,1)
11,14: (3855,46774,24158,65535)  #0FB65EFF  srgba(15,182,94,1)
12,14: (4112,4883,65278,65535)  #1013FEFF  srgba(16,19,254,1)
13,14: (4112,5654,64764,65535)  #1016FCFF  srgba(16,22,252,1)
14,14: (4112,5911,64764,65535)  #1017FCFF  srgba(16,23,252,1)
15,14: (4112,15420,65278,65535)  #103CFEFF  srgba(16,60,254,1)
0,15: (4112,47802,60909,65535)  #10BAEDFF  srgba(16,186,237,1)
1,15: (4369,8224,65278,65535)  #1120FEFF  srgba(17,32,254,1)
2,15: (4369,30583,48316,65535)  #1177BCFF  srgba(17,119,188,1)
3,15: (4626,11565,65278,65535)  #122DFEFF  srgba(18,45,254,1)
4,15: (4626,20560,60138,65535)  #1250EAFF  srgba(18,80,234,1)
5,15: (5140,23644,15420,65535)  #145C3CFF  srgba(20,92,60,1)
6,15: (5397,4626,65278,65535)  #1512FEFF  srgba(21,18,254,1)
7,15: (5397,19275,65278,65535)  #154BFEFF  srgba(21,75,254,1)
8,15: (7710,31868,60909,65535)  #1E7CEDFF  srgba(30,124,237,1)
9,15: (8738,47031,65278,65535)  #22B7FEFF  srgba(34,183,254,1)
10,15: (8995,39321,62194,65535)  #2399F2FF  srgba(35,153,242,1)
11,15: (11308,28270,65278,65535)  #2C6EFEFF  srgba(44,110,254,1)
12,15: (12336,39578,65278,65535)  #309AFEFF  srgba(48,154,254,1)
13,15: (12850,46003,62708,65535)  #32B3F4FF  srgba(50,179,244,1)
14,15: (17733,47802,65278,65535)  #45BAFEFF  srgba(69,186,254,1)
15,15: (0,65535,0,0)  #00FF0000  srgba(0,255,0,0)
