# ImageMagick pixel enumeration: 16,16,65535,srgba
0,0: (0,771,771,65535)  #000303FF  srgba(0,3,3,1)
1,0: (257,0,514,65535)  #010002FF  srgba(1,0,2,1)
2,0: (1285,3598,1028,65535)  #050E04FF  srgba(5,14,4,1)
3,0: (1542,6939,1799,65535)  #061B07FF  srgba(6,27,7,1)
4,0: (1542,12850,2313,65535)  #063209FF  srgba(6,50,9,1)
5,0: (1799,3084,23130,65535)  #070C5AFF  srgba(7,12,90,1)
6,0: (1799,10023,2313,65535)  #072709FF  srgba(7,39,9,1)
7,0: (2056,514,7453,65535)  #08021DFF  srgba(8,2,29,1)
8,0: (2056,514,13107,65535)  #080233FF  srgba(8,2,51,1)
9,0: (2056,1028,18247,65535)  #080447FF  srgba(8,4,71,1)
10,0: (2056,4112,28013,65535)  #08106DFF  srgba(8,16,109,1)
11,0: (2313,4883,18504,65535)  #091348FF  srgba(9,19,72,1)
12,0: (2570,5654,13107,65535)  #0A1633FF  srgba(10,22,51,1)
13,0: (2827,3855,34438,65535)  #0B0F86FF  srgba(11,15,134,1)
14,0: (2827,4369,7710,65535)  #0B111EFF  srgba(11,17,30,1)
15,0: (3084,20817,3598,65535)  #0C510EFF  srgba(12,81,14,1)
0,1: (3598,5911,35466,65535)  #0E178AFF  srgba(14,23,138,1)
1,1: (3598,6939,53456,65535)  #0E1BD0FF  srgba(14,27,208,1)
2,1: (3855,5654,42405,65535)  #0F16A5FF  srgba(15,22,165,1)
3,1: (4112,771,771,65535)  #100303FF  srgba(16,3,3,1)
4,1: (4112,6425,48059,65535)  #1019BBFF  srgba(16,25,187,1)
5,1: (4112,8481,7453,65535)  #10211DFF  srgba(16,33,29,1)
6,1: (4369,14649,6939,65535)  #11391BFF  srgba(17,57,27,1)
7,1: (4369,14649,13878,65535)  #113936FF  srgba(17,57,54,1)
8,1: (4626,0,514,65535)  #120002FF  srgba(18,0,2,1)
9,1: (4883,15677,3341,65535)  #133D0DFF  srgba(19,61,13,1)
10,1: (5397,10537,25443,65535)  #152963FF  srgba(21,41,99,1)
11,1: (5654,10537,34952,65535)  #162988FF  srgba(22,41,136,1)
12,1: (6425,15934,34952,65535)  #193E88FF  srgba(25,62,136,1)
13,1: (6682,15934,25186,65535)  #1A3E62FF  srgba(26,62,98,1)
14,1: (6939,7196,2570,65535)  #1B1C0AFF  srgba(27,28,10,1)
15,1: (6939,23901,7967,65535)  #1B5D1FFF  srgba(27,93,31,1)
0,2: (6939,30840,10537,65535)  #1B7829FF  srgba(27,120,41,1)
1,2: (7196,10280,46003,65535)  #1C28B3FF  srgba(28,40,179,1)
2,2: (7196,35466,10794,65535)  #1C8A2AFF  srgba(28,138,42,1)
3,2: (8481,0,514,65535)  #210002FF  srgba(33,0,2,1)
4,2: (8481,15677,45746,65535)  #213DB2FF  srgba(33,61,178,1)
5,2: (8738,23901,14135,65535)  #225D37FF  srgba(34,93,55,1)
6,2: (8995,14135,7453,65535)  #23371DFF  srgba(35,55,29,1)
7,2: (9252,3598,1542,65535)  #240E06FF  srgba(36,14,6,1)
8,2: (9509,14649,13878,65535)  #253936FF  srgba(37,57,54,1)
9,2: (9766,514,771,65535)  #260203FF  srgba(38,2,3,1)
10,2: (10023,13364,53456,65535)  #2734D0FF  srgba(39,52,208,1)
11,2: (10280,10023,3084,65535)  #28270CFF  srgba(40,39,12,1)
12,2: (10537,0,257,65535)  #290001FF  srgba(41,0,1,1)
13,2: (10537,23644,38550,65535)  #295C96FF  srgba(41,92,150,1)
14,2: (10794,12850,3855,65535)  #2A320FFF  srgba(42,50,15,1)
15,2: (10794,15163,59110,65535)  #2A3BE6FF  srgba(42,59,230,1)
0,3: (10794,38293,13364,65535)  #2A9534FF  srgba(42,149,52,1)
1,3: (11051,1285,17219,65535)  #2B0543FF  srgba(43,5,67,1)
2,3: (11308,771,11822,65535)  #2C032EFF  srgba(44,3,46,1)
3,3: (11308,3084,23387,65535)  #2C0C5BFF  srgba(44,12,91,1)
4,3: (11308,3598,28270,65535)  #2C0E6EFF  srgba(44,14,110,1)
5,3: (11565,8481,7196,65535)  #2D211CFF  srgba(45,33,28,1)
6,3: (11565,44204,13878,65535)  #2DAC36FF  srgba(45,172,54,1)
7,3: (11822,514,6939,65535)  #2E021BFF  srgba(46,2,27,1)
8,3: (11822,6168,11822,65535)  #2E182EFF  srgba(46,24,46,1)
9,3: (12079,3855,7196,65535)  #2F0F1CFF  srgba(47,15,28,1)
10,3: (12079,4626,17990,65535)  #2F1246FF  srgba(47,18,70,1)
11,3: (12079,4626,34952,65535)  #2F1288FF  srgba(47,18,136,1)
12,3: (12336,0,771,65535)  #300003FF  srgba(48,0,3,1)
13,3: (12336,257,0,65535)  #300100FF  srgba(48,1,0,1)
14,3: (12593,25957,24158,65535)  #31655EFF  srgba(49,101,94,1)
15,3: (12850,5654,42405,65535)  #3216A5FF  srgba(50,22,165,1)
0,4: (12850,6425,48059,65535)  #3219BBFF  srgba(50,25,187,1)
1,4: (13107,6682,52942,65535)  #331ACEFF  srgba(51,26,206,1)
2,4: (13107,6939,2570,65535)  #331B0AFF  srgba(51,27,10,1)
3,4: (13107,15163,35209,65535)  #333B89FF  srgba(51,59,137,1)
4,4: (13107,15934,25186,65535)  #333E62FF  srgba(51,62,98,1)
5,4: (13364,771,1542,65535)  #340306FF  srgba(52,3,6,1)
6,4: (13364,14135,14392,65535)  #343738FF  srgba(52,55,56,1)
7,4: (13364,14906,8224,65535)  #343A20FF  srgba(52,58,32,1)
8,4: (13621,14649,46517,65535)  #3539B5FF  srgba(53,57,181,1)
9,4: (13621,30583,15420,65535)  #35773CFF  srgba(53,119,60,1)
10,4: (13878,18247,15163,65535)  #36473BFF  srgba(54,71,59,1)
11,4: (13878,23644,52428,65535)  #365CCCFF  srgba(54,92,204,1)
12,4: (13878,29812,37522,65535)  #367492FF  srgba(54,116,146,1)
13,4: (13878,35723,15163,65535)  #368B3BFF  srgba(54,139,59,1)
14,4: (14135,3341,2056,65535)  #370D08FF  srgba(55,13,8,1)
15,4: (14135,29555,23901,65535)  #37735DFF  srgba(55,115,93,1)
0,5: (14135,33667,25700,65535)  #378364FF  srgba(55,131,100,1)
1,5: (14135,36494,37265,65535)  #378E91FF  srgba(55,142,145,1)
2,5: (14392,23901,12850,65535)  #385D32FF  srgba(56,93,50,1)
3,5: (14649,16448,57825,65535)  #3940E1FF  srgba(57,64,225,1)
4,5: (14649,23644,61937,65535)  #395CF1FF  srgba(57,92,241,1)
5,5: (14649,25186,18504,65535)  #396248FF  srgba(57,98,72,1)
6,5: (14649,30326,56283,65535)  #3976DBFF  srgba(57,118,219,1)
7,5: (14906,24158,38807,65535)  #3A5E97FF  srgba(58,94,151,1)
8,5: (14906,40349,58853,65535)  #3A9DE5FF  srgba(58,157,229,1)
9,5: (15163,26214,24415,65535)  #3B665FFF  srgba(59,102,95,1)
10,5: (17219,32639,36237,65535)  #437F8DFF  srgba(67,127,141,1)
11,5: (17476,28527,23901,65535)  #446F5DFF  srgba(68,111,93,1)
12,5: (17476,29041,33667,65535)  #447183FF  srgba(68,113,131,1)
13,5: (17476,32382,51400,65535)  #447EC8FF  srgba(68,126,200,1)
14,5: (17476,37008,53199,65535)  #4490CFFF  srgba(68,144,207,1)
15,5: (17733,42148,54227,65535)  #45A4D3FF  srgba(69,164,211,1)
0,6: (17990,771,1028,65535)  #460304FF  srgba(70,3,4,1)
1,6: (17990,4883,4626,65535)  #461312FF  srgba(70,19,18,1)
2,6: (17990,24929,61680,65535)  #4661F0FF  srgba(70,97,240,1)
3,6: (17990,25443,46774,65535)  #4663B6FF  srgba(70,99,182,1)
4,6: (17990,25443,54484,65535)  #4663D4FF  srgba(70,99,212,1)
5,6: (17990,32382,25443,65535)  #467E63FF  srgba(70,126,99,1)
6,6: (18247,4112,8481,65535)  #471021FF  srgba(71,16,33,1)
7,6: (18247,11822,5397,65535)  #472E15FF  srgba(71,46,21,1)
8,6: (18247,32639,61937,65535)  #477FF1FF  srgba(71,127,241,1)
9,6: (18504,3855,1799,65535)  #480F07FF  srgba(72,15,7,1)
10,6: (18504,44461,15934,65535)  #48AD3EFF  srgba(72,173,62,1)
11,6: (18761,4112,14392,65535)  #491038FF  srgba(73,16,56,1)
12,6: (18761,19789,11308,65535)  #494D2CFF  srgba(73,77,44,1)
13,6: (18761,23901,27242,65535)  #495D6AFF  srgba(73,93,106,1)
14,6: (19018,4626,34181,65535)  #4A1285FF  srgba(74,18,133,1)
15,6: (19018,12336,13107,65535)  #4A3033FF  srgba(74,48,51,1)
0,7: (19018,23644,36494,65535)  #4A5C8EFF  srgba(74,92,142,1)
1,7: (19275,4369,23901,65535)  #4B115DFF  srgba(75,17,93,1)
2,7: (19275,24158,21331,65535)  #4B5E53FF  srgba(75,94,83,1)
3,7: (19275,34695,14649,65535)  #4B8739FF  srgba(75,135,57,1)
4,7: (19532,10023,34438,65535)  #4C2786FF  srgba(76,39,134,1)
5,7: (19532,23644,15163,65535)  #4C5C3BFF  srgba(76,92,59,1)
6,7: (19532,29298,14135,65535)  #4C7237FF  srgba(76,114,55,1)
7,7: (19789,5911,44975,65535)  #4D17AFFF  srgba(77,23,175,1)
8,7: (19789,9252,45489,65535)  #4D24B1FF  srgba(77,36,177,1)
9,7: (19789,16191,45232,65535)  #4D3FB0FF  srgba(77,63,176,1)
10,7: (19789,16448,33924,65535)  #4D4084FF  srgba(77,64,132,1)
11,7: (20046,20046,16705,65535)  #4E4E41FF  srgba(78,78,65,1)
12,7: (20303,15163,23387,65535)  #4F3B5BFF  srgba(79,59,91,1)
13,7: (20303,16962,56026,65535)  #4F42DAFF  srgba(79,66,218,1)
14,7: (20303,17476,62194,65535)  #4F44F2FF  srgba(79,68,242,1)
15,7: (20303,41377,64250,65535)  #4FA1FAFF  srgba(79,161,250,1)
0,8: (20560,32639,51400,65535)  #507FC8FF  srgba(80,127,200,1)
1,8: (20560,39321,31868,65535)  #50997CFF  srgba(80,153,124,1)
2,8: (20817,8738,55512,65535)  #5122D8FF  srgba(81,34,216,1)
3,8: (20817,16448,8995,65535)  #514023FF  srgba(81,64,35,1)
4,8: (21331,35723,37008,65535)  #538B90FF  srgba(83,139,144,1)
5,8: (21588,16705,15420,65535)  #54413CFF  srgba(84,65,60,1)
6,8: (21588,48573,27242,65535)  #54BD6AFF  srgba(84,189,106,1)
7,8: (21845,35723,24415,65535)  #558B5FFF  srgba(85,139,95,1)
8,8: (22616,37008,63736,65535)  #5890F8FF  srgba(88,144,248,1)
9,8: (23130,28784,33667,65535)  #5A7083FF  srgba(90,112,131,1)
10,8: (23387,24929,50629,65535)  #5B61C5FF  srgba(91,97,197,1)
11,8: (23644,2056,1542,65535)  #5C0806FF  srgba(92,8,6,1)
12,8: (23901,37008,53970,65535)  #5D90D2FF  srgba(93,144,210,1)
13,8: (23901,42919,54484,65535)  #5DA7D4FF  srgba(93,167,212,1)
14,8: (24158,11822,5911,65535)  #5E2E17FF  srgba(94,46,23,1)
15,8: (24415,4626,2056,65535)  #5F1208FF  srgba(95,18,8,1)
0,9: (24415,4626,8738,65535)  #5F1222FF  srgba(95,18,34,1)
1,9: (24672,4626,4369,65535)  #601211FF  srgba(96,18,17,1)
2,9: (24929,4883,14392,65535)  #611338FF  srgba(97,19,56,1)
3,9: (24929,24415,61423,65535)  #615FEFFF  srgba(97,95,239,1)
4,9: (25186,5140,34181,65535)  #621485FF  srgba(98,20,133,1)
5,9: (25186,12336,13621,65535)  #623035FF  srgba(98,48,53,1)
6,9: (26214,32639,35466,65535)  #667F8AFF  srgba(102,127,138,1)
7,9: (26985,19789,11822,65535)  #694D2EFF  srgba(105,77,46,1)
8,9: (27242,12850,45489,65535)  #6A32B1FF  srgba(106,50,177,1)
9,9: (28013,28527,23644,65535)  #6D6F5CFF  srgba(109,111,92,1)
10,9: (28013,32639,62451,65535)  #6D7FF3FF  srgba(109,127,243,1)
11,9: (28270,32382,25443,65535)  #6E7E63FF  srgba(110,126,99,1)
12,9: (28527,23387,15420,65535)  #6F5B3CFF  srgba(111,91,60,1)
13,9: (28784,5140,23901,65535)  #70145DFF  srgba(112,20,93,1)
14,9: (29041,16962,33924,65535)  #714284FF  srgba(113,66,132,1)
15,9: (29041,20046,16962,65535)  #714E42FF  srgba(113,78,66,1)
0,10: (29298,32382,51143,65535)  #727EC7FF  srgba(114,126,199,1)
1,10: (29298,34952,14649,65535)  #728839FF  srgba(114,136,57,1)
2,10: (29555,6425,45489,65535)  #7319B1FF  srgba(115,25,177,1)
3,10: (29812,10280,33924,65535)  #742884FF  srgba(116,40,132,1)
4,10: (29812,23130,36494,65535)  #745A8EFF  srgba(116,90,142,1)
5,10: (30069,17733,23130,65535)  #75455AFF  srgba(117,69,90,1)
6,10: (30069,23644,27499,65535)  #755C6BFF  srgba(117,92,107,1)
7,10: (30069,28013,15163,65535)  #756D3BFF  srgba(117,109,59,1)
8,10: (30326,12336,23387,65535)  #76305BFF  srgba(118,48,91,1)
9,10: (30840,23387,21588,65535)  #785B54FF  srgba(120,91,84,1)
10,10: (31354,15163,56540,65535)  #7A3BDCFF  srgba(122,59,220,1)
11,10: (31611,5654,34181,65535)  #7B1685FF  srgba(123,22,133,1)
12,10: (31611,8481,56540,65535)  #7B21DCFF  srgba(123,33,220,1)
13,10: (31868,3855,3084,65535)  #7C0F0CFF  srgba(124,15,12,1)
14,10: (31868,24672,50886,65535)  #7C60C6FF  srgba(124,96,198,1)
15,10: (32125,16191,62708,65535)  #7D3FF4FF  srgba(125,63,244,1)
0,11: (32382,5911,14392,65535)  #7E1738FF  srgba(126,23,56,1)
1,11: (32639,28784,32896,65535)  #7F7080FF  srgba(127,112,128,1)
2,11: (32896,16448,10794,65535)  #80402AFF  srgba(128,64,42,1)
3,11: (33153,5911,3598,65535)  #81170EFF  srgba(129,23,14,1)
4,11: (33153,5911,9252,65535)  #811724FF  srgba(129,23,36,1)
5,11: (33410,24415,62194,65535)  #825FF2FF  srgba(130,95,242,1)
6,11: (33667,5654,5654,65535)  #831616FF  srgba(131,22,22,1)
7,11: (33667,11822,7453,65535)  #832E1DFF  srgba(131,46,29,1)
8,11: (34181,11308,46003,65535)  #852CB3FF  srgba(133,44,179,1)
9,11: (34181,16705,16191,65535)  #85413FFF  srgba(133,65,63,1)
10,11: (34438,12336,14135,65535)  #863037FF  srgba(134,48,55,1)
11,11: (38807,7710,33153,65535)  #971E81FF  srgba(151,30,129,1)
12,11: (39321,8995,22873,65535)  #992359FF  srgba(153,35,89,1)
13,11: (39578,19532,13107,65535)  #9A4C33FF  srgba(154,76,51,1)
14,11: (40092,6168,5397,65535)  #9C1815FF  srgba(156,24,21,1)
15,11: (40349,15677,32639,65535)  #9D3D7FFF  srgba(157,61,127,1)
0,12: (41120,23387,15420,65535)  #A05B3CFF  srgba(160,91,60,1)
1,12: (41377,19789,17733,65535)  #A14D45FF  srgba(161,77,69,1)
2,12: (41634,33924,15163,65535)  #A2843BFF  srgba(162,132,59,1)
3,12: (41891,8738,44718,65535)  #A322AEFF  srgba(163,34,174,1)
4,12: (41891,8995,53456,65535)  #A323D0FF  srgba(163,35,208,1)
5,12: (41891,16448,11308,65535)  #A3402CFF  srgba(163,64,44,1)
6,12: (42405,7196,12593,65535)  #A51C31FF  srgba(165,28,49,1)
7,12: (42405,34952,50115,65535)  #A588C3FF  srgba(165,136,195,1)
8,12: (42662,11308,8224,65535)  #A62C20FF  srgba(166,44,32,1)
9,12: (43433,12593,13621,65535)  #A93135FF  srgba(169,49,53,1)
10,12: (43433,14392,44204,65535)  #A938ACFF  srgba(169,56,172,1)
11,12: (43433,14392,53199,65535)  #A938CFFF  srgba(169,56,207,1)
12,12: (43433,22102,26471,65535)  #A95667FF  srgba(169,86,103,1)
13,12: (43433,28270,15420,65535)  #A96E3CFF  srgba(169,110,60,1)
14,12: (43690,7196,8224,65535)  #AA1C20FF  srgba(170,28,32,1)
15,12: (43947,16705,16191,65535)  #AB413FFF  srgba(171,65,63,1)
0,13: (43947,34952,28270,65535)  #AB886EFF  srgba(171,136,110,1)
1,13: (44204,11051,61166,65535)  #AC2BEEFF  srgba(172,43,238,1)
2,13: (44204,27499,53456,65535)  #AC6BD0FF  srgba(172,107,208,1)
3,13: (44461,16962,62194,65535)  #AD42F2FF  srgba(173,66,242,1)
4,13: (44461,17476,22102,65535)  #AD4456FF  srgba(173,68,86,1)
5,13: (44718,24929,23130,65535)  #AE615AFF  srgba(174,97,90,1)
6,13: (45489,7453,6168,65535)  #B11D18FF  srgba(177,29,24,1)
7,13: (45489,9252,32896,65535)  #B12480FF  srgba(177,36,128,1)
8,13: (45489,27756,27499,65535)  #B16C6BFF  srgba(177,108,107,1)
9,13: (45489,36237,64507,65535)  #B18DFBFF  srgba(177,141,251,1)
10,13: (45746,22616,56026,65535)  #B258DAFF  srgba(178,88,218,1)
11,13: (46260,10280,22873,65535)  #B42859FF  srgba(180,40,89,1)
12,13: (46260,21588,20817,65535)  #B45451FF  srgba(180,84,81,1)
13,13: (46260,22873,63479,65535)  #B459F7FF  srgba(180,89,247,1)
14,13: (46774,22616,41634,65535)  #B658A2FF  srgba(182,88,162,1)
15,13: (46774,25443,28270,65535)  #B6636EFF  srgba(182,99,110,1)
0,14: (47031,15677,32896,65535)  #B73D80FF  srgba(183,61,128,1)
1,14: (47031,31354,30326,65535)  #B77A76FF  srgba(183,122,118,1)
2,14: (47288,30583,51657,65535)  #B877C9FF  srgba(184,119,201,1)
3,14: (48316,29812,30069,65535)  #BC7475FF  srgba(188,116,117,1)
4,14: (48573,31097,64250,65535)  #BD79FAFF  srgba(189,121,250,1)
5,14: (49087,8224,9509,65535)  #BF2025FF  srgba(191,32,37,1)
6,14: (49344,13107,14135,65535)  #C03337FF  srgba(192,51,55,1)
7,14: (49601,27499,63479,65535)  #C16BF7FF  srgba(193,107,247,1)
8,14: (49858,11308,10280,65535)  #C22C28FF  srgba(194,44,40,1)
9,14: (49858,22102,25700,65535)  #C25664FF  srgba(194,86,100,1)
10,14: (50372,16705,15934,65535)  #C4413EFF  srgba(196,65,62,1)
11,14: (50629,15420,44461,65535)  #C53CADFF  srgba(197,60,173,1)
12,14: (50629,19018,17990,65535)  #C54A46FF  srgba(197,74,70,1)
13,14: (50629,27756,39064,65535)  #C56C98FF  srgba(197,108,152,1)
14,14: (50629,30583,38036,65535)  #C57794FF  srgba(197,119,148,1)
15,14: (50886,15677,53456,65535)  #C63DD0FF  srgba(198,61,208,1)
0,15: (51143,14135,61680,65535)  #C737F0FF  srgba(199,55,240,1)
1,15: (51143,16191,26471,65535)  #C73F67FF  srgba(199,63,103,1)
2,15: (51143,17476,20817,65535)  #C74451FF  srgba(199,68,81,1)
3,15: (51400,13621,14135,65535)  #C83537FF  srgba(200,53,55,1)
4,15: (51400,15934,34695,65535)  #C83E87FF  srgba(200,62,135,1)
5,15: (51657,33667,42148,65535)  #C983A4FF  srgba(201,131,164,1)
6,15: (51914,18504,61937,65535)  #CA48F1FF  srgba(202,72,241,1)
7,15: (51914,21588,22359,65535)  #CA5457FF  srgba(202,84,87,1)
8,15: (52171,22102,27756,65535)  #CB566CFF  srgba(203,86,108,1)
9,15: (52171,25186,28270,65535)  #CB626EFF  srgba(203,98,110,1)
10,15: (52171,27756,30583,65535)  #CB6C77FF  srgba(203,108,119,1)
11,15: (52685,22873,42148,65535)  #CD59A4FF  srgba(205,89,164,1)
12,15: (52942,22616,54998,65535)  #CE58D6FF  srgba(206,88,214,1)
13,15: (52942,22873,63222,65535)  #CE59F6FF  srgba(206,89,246,1)
14,15: (52942,27242,49344,65535)  #CE6AC0FF  srgba(206,106,192,1)
15,15: (0,65535,0,0)  #00FF0000  srgba(0,255,0,0)
