# ImageMagick pixel enumeration: 16,16,65535,srgba
0,0: (0,0,0,65535)  #000000FF  black
1,0: (0,42919,40863,65535)  #00A79FFF  srgba(0,167,159,1)
2,0: (0,43433,0,65535)  #00A900FF  srgba(0,169,0,1)
3,0: (0,43947,40092,65535)  #00AB9CFF  srgba(0,171,156,1)
4,0: (257,40606,12593,65535)  #019E31FF  srgba(1,158,49,1)
5,0: (257,43433,22616,65535)  #01A958FF  srgba(1,169,88,1)
6,0: (257,43690,514,65535)  #01AA02FF  srgba(1,170,2,1)
7,0: (257,43690,3598,65535)  #01AA0EFF  srgba(1,170,14,1)
8,0: (257,43947,29555,65535)  #01AB73FF  srgba(1,171,115,1)
9,0: (514,40606,257,65535)  #029E01FF  srgba(2,158,1,1)
10,0: (514,43176,39835,65535)  #02A89BFF  srgba(2,168,155,1)
11,0: (514,44204,39835,65535)  #02AC9BFF  srgba(2,172,155,1)
12,0: (771,36237,13364,65535)  #038D34FF  srgba(3,141,52,1)
13,0: (771,39835,4626,65535)  #039B12FF  srgba(3,155,18,1)
14,0: (771,44461,13878,65535)  #03AD36FF  srgba(3,173,54,1)
15,0: (1028,1799,0,65535)  #040700FF  srgba(4,7,0,1)
0,1: (1028,40863,38550,65535)  #049F96FF  srgba(4,159,150,1)
1,1: (1285,2313,771,65535)  #050903FF  srgba(5,9,3,1)
2,1: (2056,4369,3341,65535)  #08110DFF  srgba(8,17,13,1)
3,1: (4112,37779,1542,65535)  #109306FF  srgba(16,147,6,1)
4,1: (4369,41891,29555,65535)  #11A373FF  srgba(17,163,115,1)
5,1: (4626,35209,21074,65535)  #128952FF  srgba(18,137,82,1)
6,1: (4883,16448,14906,65535)  #13403AFF  srgba(19,64,58,1)
7,1: (4883,38550,8224,65535)  #139620FF  srgba(19,150,32,1)
8,1: (5140,40092,14906,65535)  #149C3AFF  srgba(20,156,58,1)
9,1: (5397,42405,22873,65535)  #15A559FF  srgba(21,165,89,1)
10,1: (5654,35723,27756,65535)  #168B6CFF  srgba(22,139,108,1)
11,1: (6168,21845,20560,65535)  #185550FF  srgba(24,85,80,1)
12,1: (6425,16191,4626,65535)  #193F12FF  srgba(25,63,18,1)
13,1: (6425,24158,5397,65535)  #195E15FF  srgba(25,94,21,1)
14,1: (6682,28270,26728,65535)  #1A6E68FF  srgba(26,110,104,1)
15,1: (6682,40092,40349,65535)  #1A9C9DFF  srgba(26,156,157,1)
0,2: (6939,28013,21074,65535)  #1B6D52FF  srgba(27,109,82,1)
1,2: (7196,8738,9509,65535)  #1C2225FF  srgba(28,34,37,1)
2,2: (7196,23644,14906,65535)  #1C5C3AFF  srgba(28,92,58,1)
3,2: (7453,21845,28013,65535)  #1D556DFF  srgba(29,85,109,1)
4,2: (7710,25443,33667,65535)  #1E6383FF  srgba(30,99,131,1)
5,2: (7710,31611,13107,65535)  #1E7B33FF  srgba(30,123,51,1)
6,2: (7710,32382,4112,65535)  #1E7E10FF  srgba(30,126,16,1)
7,2: (7710,39835,34438,65535)  #1E9B86FF  srgba(30,155,134,1)
8,2: (7967,48059,17733,65535)  #1FBB45FF  srgba(31,187,69,1)
9,2: (8481,28527,38550,65535)  #216F96FF  srgba(33,111,150,1)
10,2: (8481,37265,1542,65535)  #219106FF  srgba(33,145,6,1)
11,2: (10537,40349,8738,65535)  #299D22FF  srgba(41,157,34,1)
12,2: (11565,41634,14392,65535)  #2DA238FF  srgba(45,162,56,1)
13,2: (11822,48059,34952,65535)  #2EBB88FF  srgba(46,187,136,1)
14,2: (12593,30583,13107,65535)  #317733FF  srgba(49,119,51,1)
15,2: (12593,48573,6425,65535)  #31BD19FF  srgba(49,189,25,1)
0,3: (12850,31868,3341,65535)  #327C0DFF  srgba(50,124,13,1)
1,3: (14135,14906,3084,65535)  #373A0CFF  srgba(55,58,12,1)
2,3: (14135,22616,5911,65535)  #375817FF  srgba(55,88,23,1)
3,3: (14392,19532,14392,65535)  #384C38FF  srgba(56,76,56,1)
4,3: (15677,12336,21845,65535)  #3D3055FF  srgba(61,48,85,1)
5,3: (17733,24672,26214,65535)  #456066FF  srgba(69,96,102,1)
6,3: (17733,30069,11822,65535)  #45752EFF  srgba(69,117,46,1)
7,3: (17733,30326,1542,65535)  #457606FF  srgba(69,118,6,1)
8,3: (17990,19018,26471,65535)  #464A67FF  srgba(70,74,103,1)
9,3: (17990,22102,20303,65535)  #46564FFF  srgba(70,86,79,1)
10,3: (17990,31097,20560,65535)  #467950FF  srgba(70,121,80,1)
11,3: (17990,40092,28013,65535)  #469C6DFF  srgba(70,156,109,1)
12,3: (17990,41634,20817,65535)  #46A251FF  srgba(70,162,81,1)
13,3: (18247,26985,36751,65535)  #47698FFF  srgba(71,105,143,1)
14,3: (18247,31868,27242,65535)  #477C6AFF  srgba(71,124,106,1)
15,3: (18761,9509,37008,65535)  #492590FF  srgba(73,37,144,1)
0,4: (18761,10537,28784,65535)  #492970FF  srgba(73,41,112,1)
1,4: (19532,14135,15420,65535)  #4C373CFF  srgba(76,55,60,1)
2,4: (19532,17733,5397,65535)  #4C4515FF  srgba(76,69,21,1)
3,4: (19532,23387,12850,65535)  #4C5B32FF  srgba(76,91,50,1)
4,4: (20046,12079,6425,65535)  #4E2F19FF  srgba(78,47,25,1)
5,4: (20046,42662,14649,65535)  #4EA639FF  srgba(78,166,57,1)
6,4: (20303,22873,2056,65535)  #4F5908FF  srgba(79,89,8,1)
7,4: (22359,10280,21588,65535)  #572854FF  srgba(87,40,84,1)
8,4: (23387,49344,35209,65535)  #5BC089FF  srgba(91,192,137,1)
9,4: (24415,42148,4883,65535)  #5FA413FF  srgba(95,164,19,1)
10,4: (24672,21588,2827,65535)  #60540BFF  srgba(96,84,11,1)
11,4: (25186,21074,13364,65535)  #625234FF  srgba(98,82,52,1)
12,4: (25957,11051,7196,65535)  #652B1CFF  srgba(101,43,28,1)
13,4: (25957,31354,1028,65535)  #657A04FF  srgba(101,122,4,1)
14,4: (25957,50115,5397,65535)  #65C315FF  srgba(101,195,21,1)
15,4: (26214,10537,15677,65535)  #66293DFF  srgba(102,41,61,1)
0,5: (26471,48316,16962,65535)  #67BC42FF  srgba(103,188,66,1)
1,5: (26728,8481,22359,65535)  #682157FF  srgba(104,33,87,1)
2,5: (26728,21074,21588,65535)  #685254FF  srgba(104,82,84,1)
3,5: (26985,30840,11308,65535)  #69782CFF  srgba(105,120,44,1)
4,5: (27242,4883,37265,65535)  #6A1391FF  srgba(106,19,145,1)
5,5: (27499,6425,28784,65535)  #6B1970FF  srgba(107,25,112,1)
6,5: (27499,21331,27756,65535)  #6B536CFF  srgba(107,83,108,1)
7,5: (28013,4112,7453,65535)  #6D101DFF  srgba(109,16,29,1)
8,5: (28270,4112,15163,65535)  #6E103BFF  srgba(110,16,59,1)
9,5: (28784,20046,4112,65535)  #704E10FF  srgba(112,78,16,1)
10,5: (28784,43690,14392,65535)  #70AA38FF  srgba(112,170,56,1)
11,5: (29041,32382,26471,65535)  #717E67FF  srgba(113,126,103,1)
12,5: (29812,41634,24415,65535)  #74A25FFF  srgba(116,162,95,1)
13,5: (30583,50629,35466,65535)  #77C58AFF  srgba(119,197,138,1)
14,5: (30840,43690,4112,65535)  #78AA10FF  srgba(120,170,16,1)
15,5: (31611,20817,13878,65535)  #7B5136FF  srgba(123,81,54,1)
0,6: (32382,8481,27242,65535)  #7E216AFF  srgba(126,33,106,1)
1,6: (32382,9252,21074,65535)  #7E2452FF  srgba(126,36,82,1)
2,6: (32896,1285,25700,65535)  #800564FF  srgba(128,5,100,1)
3,6: (32896,2570,32896,65535)  #800A80FF  srgba(128,10,128,1)
4,6: (32896,48573,2313,65535)  #80BD09FF  srgba(128,189,9,1)
5,6: (33153,2056,39321,65535)  #810899FF  srgba(129,8,153,1)
6,6: (33153,38807,35209,65535)  #819789FF  srgba(129,151,137,1)
7,6: (33410,11051,7710,65535)  #822B1EFF  srgba(130,43,30,1)
8,6: (33924,26214,34438,65535)  #846686FF  srgba(132,102,134,1)
9,6: (34181,25443,42405,65535)  #8563A5FF  srgba(133,99,165,1)
10,6: (34438,26728,37779,65535)  #866893FF  srgba(134,104,147,1)
11,6: (34952,2313,8481,65535)  #880921FF  srgba(136,9,33,1)
12,6: (35209,2570,15934,65535)  #890A3EFF  srgba(137,10,62,1)
13,6: (35209,10280,15677,65535)  #89283DFF  srgba(137,40,61,1)
14,6: (35723,40606,42148,65535)  #8B9EA4FF  srgba(139,158,164,1)
15,6: (35980,45232,7710,65535)  #8CB01EFF  srgba(140,176,30,1)
0,7: (36237,20817,23130,65535)  #8D515AFF  srgba(141,81,90,1)
1,7: (36237,41891,24158,65535)  #8DA35EFF  srgba(141,163,94,1)
2,7: (36494,22102,29555,65535)  #8E5673FF  srgba(142,86,115,1)
3,7: (37008,31868,26471,65535)  #907C67FF  srgba(144,124,103,1)
4,7: (37522,38550,11308,65535)  #92962CFF  srgba(146,150,44,1)
5,7: (37779,2056,22102,65535)  #930856FF  srgba(147,8,86,1)
6,7: (37779,7453,30069,65535)  #931D75FF  srgba(147,29,117,1)
7,7: (38036,771,30326,65535)  #940376FF  srgba(148,3,118,1)
8,7: (38036,2056,38036,65535)  #940894FF  srgba(148,8,148,1)
9,7: (38036,9252,21845,65535)  #942455FF  srgba(148,36,85,1)
10,7: (38036,40606,1799,65535)  #949E07FF  srgba(148,158,7,1)
11,7: (38036,47545,3341,65535)  #94B90DFF  srgba(148,185,13,1)
12,7: (38293,43176,11822,65535)  #95A82EFF  srgba(149,168,46,1)
13,7: (38550,0,30326,65535)  #960076FF  srgba(150,0,118,1)
14,7: (38807,0,22102,65535)  #970056FF  srgba(151,0,86,1)
15,7: (38807,0,38293,65535)  #970095FF  srgba(151,0,149,1)
0,8: (38807,771,13878,65535)  #970336FF  srgba(151,3,54,1)
1,8: (38807,52942,50372,65535)  #97CEC4FF  srgba(151,206,196,1)
2,8: (39064,45489,514,65535)  #98B102FF  srgba(152,177,2,1)
3,8: (39321,257,4112,65535)  #990110FF  srgba(153,1,16,1)
4,8: (39321,257,42405,65535)  #9901A5FF  srgba(153,1,165,1)
5,8: (40349,257,2827,65535)  #9D010BFF  srgba(157,1,11,1)
6,8: (40349,257,12593,65535)  #9D0131FF  srgba(157,1,49,1)
7,8: (40606,0,25443,65535)  #9E0063FF  srgba(158,0,99,1)
8,8: (40606,0,27756,65535)  #9E006CFF  srgba(158,0,108,1)
9,8: (40606,0,41634,65535)  #9E00A2FF  srgba(158,0,162,1)
10,8: (40606,4112,25700,65535)  #9E1064FF  srgba(158,16,100,1)
11,8: (40863,0,39321,65535)  #9F0099FF  srgba(159,0,153,1)
12,8: (40863,0,41891,65535)  #9F00A3FF  srgba(159,0,163,1)
13,8: (40863,0,42919,65535)  #9F00A7FF  srgba(159,0,167,1)
14,8: (41634,0,42919,65535)  #A200A7FF  srgba(162,0,167,1)
15,8: (41634,771,26214,65535)  #A20366FF  srgba(162,3,102,1)
0,9: (41634,1542,18247,65535)  #A20647FF  srgba(162,6,71,1)
1,9: (41891,0,37522,65535)  #A30092FF  srgba(163,0,146,1)
2,9: (41891,0,40606,65535)  #A3009EFF  srgba(163,0,158,1)
3,9: (41891,0,41120,65535)  #A300A0FF  srgba(163,0,160,1)
4,9: (41891,1285,1542,65535)  #A30506FF  srgba(163,5,6,1)
5,9: (42148,0,32639,65535)  #A4007FFF  srgba(164,0,127,1)
6,9: (42148,0,33924,65535)  #A40084FF  srgba(164,0,132,1)
7,9: (42148,0,43433,65535)  #A400A9FF  srgba(164,0,169,1)
8,9: (42148,1799,9509,65535)  #A40725FF  srgba(164,7,37,1)
9,9: (42662,3598,44204,65535)  #A60EACFF  srgba(166,14,172,1)
10,9: (42919,3341,34438,65535)  #A70D86FF  srgba(167,13,134,1)
11,9: (42919,3855,5397,65535)  #A70F15FF  srgba(167,15,21,1)
12,9: (43176,2827,25957,65535)  #A80B65FF  srgba(168,11,101,1)
13,9: (43433,43433,0,65535)  #A9A900FF  srgba(169,169,0,1)
14,9: (43433,43947,771,65535)  #A9AB03FF  srgba(169,171,3,1)
15,9: (43690,3598,2827,65535)  #AA0E0BFF  srgba(170,14,11,1)
0,10: (43690,42405,3341,65535)  #AAA50DFF  srgba(170,165,13,1)
1,10: (43947,3855,17733,65535)  #AB0F45FF  srgba(171,15,69,1)
2,10: (43947,39064,21845,65535)  #AB9855FF  srgba(171,152,85,1)
3,10: (43947,42919,771,65535)  #ABA703FF  srgba(171,167,3,1)
4,10: (43947,43176,514,65535)  #ABA802FF  srgba(171,168,2,1)
5,10: (44204,22359,34695,65535)  #AC5787FF  srgba(172,87,135,1)
6,10: (44461,52942,42405,65535)  #ADCEA5FF  srgba(173,206,165,1)
7,10: (44718,8481,7967,65535)  #AE211FFF  srgba(174,33,31,1)
8,10: (44975,5911,6168,65535)  #AF1718FF  srgba(175,23,24,1)
9,10: (44975,14392,34438,65535)  #AF3886FF  srgba(175,56,134,1)
10,10: (44975,15163,15677,65535)  #AF3B3DFF  srgba(175,59,61,1)
11,10: (45489,12593,11565,65535)  #B1312DFF  srgba(177,49,45,1)
12,10: (45489,17990,16705,65535)  #B14641FF  srgba(177,70,65,1)
13,10: (45489,20303,20560,65535)  #B14F50FF  srgba(177,79,80,1)
14,10: (45489,23130,21845,65535)  #B15A55FF  srgba(177,90,85,1)
15,10: (45746,11822,16448,65535)  #B22E40FF  srgba(178,46,64,1)
0,11: (45746,39578,6425,65535)  #B29A19FF  srgba(178,154,25,1)
1,11: (45746,48316,43947,65535)  #B2BCABFF  srgba(178,188,171,1)
2,11: (46260,14135,46003,65535)  #B437B3FF  srgba(180,55,179,1)
3,11: (46517,25957,24415,65535)  #B5655FFF  srgba(181,101,95,1)
4,11: (46774,28013,25957,65535)  #B66D65FF  srgba(182,109,101,1)
5,11: (46774,30326,26985,65535)  #B67669FF  srgba(182,118,105,1)
6,11: (47031,14906,15677,65535)  #B73A3DFF  srgba(183,58,61,1)
7,11: (47031,26214,47031,65535)  #B766B7FF  srgba(183,102,183,1)
8,11: (47031,30840,35723,65535)  #B7788BFF  srgba(183,120,139,1)
9,11: (47288,49601,24929,65535)  #B8C161FF  srgba(184,193,97,1)
10,11: (47545,53199,50629,65535)  #B9CFC5FF  srgba(185,207,197,1)
11,11: (47802,19018,18504,65535)  #BA4A48FF  srgba(186,74,72,1)
12,11: (48059,23130,22616,65535)  #BB5A58FF  srgba(187,90,88,1)
13,11: (48316,20817,21331,65535)  #BC5153FF  srgba(188,81,83,1)
14,11: (48830,31097,30069,65535)  #BE7975FF  srgba(190,121,117,1)
15,11: (49601,41120,42405,65535)  #C1A0A5FF  srgba(193,160,165,1)
0,12: (49858,26471,25700,65535)  #C26764FF  srgba(194,103,100,1)
1,12: (49858,30326,26471,65535)  #C27667FF  srgba(194,118,103,1)
2,12: (50115,22873,34438,65535)  #C35986FF  srgba(195,89,134,1)
3,12: (50115,36237,34181,65535)  #C38D85FF  srgba(195,141,133,1)
4,12: (50372,42148,47288,65535)  #C4A4B8FF  srgba(196,164,184,1)
5,12: (50372,51914,50372,65535)  #C4CAC4FF  srgba(196,202,196,1)
6,12: (50629,38550,38293,65535)  #C59695FF  srgba(197,150,149,1)
7,12: (50629,40606,38036,65535)  #C59E94FF  srgba(197,158,148,1)
8,12: (50886,41634,40349,65535)  #C6A29DFF  srgba(198,162,157,1)
9,12: (51143,43433,44718,65535)  #C7A9AEFF  srgba(199,169,174,1)
10,12: (51400,31354,32125,65535)  #C87A7DFF  srgba(200,122,125,1)
11,12: (51400,40606,52171,65535)  #C89ECBFF  srgba(200,158,203,1)
12,12: (51657,30069,48830,65535)  #C975BEFF  srgba(201,117,190,1)
13,12: (51914,44718,43176,65535)  #CAAEA8FF  srgba(202,174,168,1)
14,12: (52428,46260,44975,65535)  #CCB4AFFF  srgba(204,180,175,1)
15,12: (52685,37779,36751,65535)  #CD938FFF  srgba(205,147,143,1)
0,13: (52685,40863,39835,65535)  #CD9F9BFF  srgba(205,159,155,1)
1,13: (52685,51657,50629,65535)  #CDC9C5FF  srgba(205,201,197,1)
2,13: (52942,42662,42405,65535)  #CEA6A5FF  srgba(206,166,165,1)
3,13: (53456,48059,46260,65535)  #D0BBB4FF  srgba(208,187,180,1)
4,13: (53713,51657,50629,65535)  #D1C9C5FF  srgba(209,201,197,1)
5,13: (54227,31354,33924,65535)  #D37A84FF  srgba(211,122,132,1)
6,13: (54227,50372,49601,65535)  #D3C4C1FF  srgba(211,196,193,1)
7,13: (54484,40349,39321,65535)  #D49D99FF  srgba(212,157,153,1)
8,13: (54484,45746,44718,65535)  #D4B2AEFF  srgba(212,178,174,1)
9,13: (54484,54227,52685,65535)  #D4D3CDFF  srgba(212,211,205,1)
10,13: (54741,36751,36751,65535)  #D58F8FFF  srgba(213,143,143,1)
11,13: (54741,45746,45746,65535)  #D5B2B2FF  srgba(213,178,178,1)
12,13: (54741,57054,56540,65535)  #D5DEDCFF  srgba(213,222,220,1)
13,13: (54998,53456,52171,65535)  #D6D0CBFF  srgba(214,208,203,1)
14,13: (55255,42662,43176,65535)  #D7A6A8FF  srgba(215,166,168,1)
15,13: (55255,51143,49858,65535)  #D7C7C2FF  srgba(215,199,194,1)
0,14: (55255,55769,54484,65535)  #D7D9D4FF  srgba(215,217,212,1)
1,14: (55512,57311,56026,65535)  #D8DFDAFF  srgba(216,223,218,1)
2,14: (55769,57311,56026,65535)  #D9DFDAFF  srgba(217,223,218,1)
3,14: (56283,51914,50629,65535)  #DBCAC5FF  srgba(219,202,197,1)
4,14: (56283,54741,53713,65535)  #DBD5D1FF  srgba(219,213,209,1)
5,14: (56283,56283,54741,65535)  #DBDBD5FF  srgba(219,219,213,1)
6,14: (56283,57568,56283,65535)  #DBE0DBFF  srgba(219,224,219,1)
7,14: (56540,56540,55255,65535)  #DCDCD7FF  srgba(220,220,215,1)
8,14: (56540,57311,56283,65535)  #DCDFDBFF  srgba(220,223,219,1)
9,14: (56797,56797,55512,65535)  #DDDDD8FF  srgba(221,221,216,1)
10,14: (57054,57311,56026,65535)  #DEDFDAFF  srgba(222,223,218,1)
11,14: (57311,43433,48573,65535)  #DFA9BDFF  srgba(223,169,189,1)
12,14: (57311,43433,52942,65535)  #DFA9CEFF  srgba(223,169,206,1)
13,14: (57568,57568,56283,65535)  #E0E0DBFF  srgba(224,224,219,1)
14,14: (57568,57568,56797,65535)  #E0E0DDFF  srgba(224,224,221,1)
15,14: (57825,56797,58082,65535)  #E1DDE2FF  srgba(225,221,226,1)
0,15: (57825,57311,55769,65535)  #E1DFD9FF  srgba(225,223,217,1)
1,15: (57825,57825,56540,65535)  #E1E1DCFF  srgba(225,225,220,1)
2,15: (58596,56797,56283,65535)  #E4DDDBFF  srgba(228,221,219,1)
3,15: (58853,43433,58082,65535)  #E5A9E2FF  srgba(229,169,226,1)
4,15: (59110,58339,57825,65535)  #E6E3E1FF  srgba(230,227,225,1)
5,15: (59624,56797,54484,65535)  #E8DDD4FF  srgba(232,221,212,1)
6,15: (59881,51400,48573,65535)  #E9C8BDFF  srgba(233,200,189,1)
7,15: (60138,55512,55769,65535)  #EAD8D9FF  srgba(234,216,217,1)
8,15: (60395,53456,52428,65535)  #EBD0CCFF  srgba(235,208,204,1)
9,15: (60909,53456,54484,65535)  #EDD0D4FF  srgba(237,208,212,1)
10,15: (60909,55512,57311,65535)  #EDD8DFFF  srgba(237,216,223,1)
11,15: (60909,56540,59367,65535)  #EDDCE7FF  srgba(237,220,231,1)
12,15: (61166,55255,61423,65535)  #EED7EFFF  srgba(238,215,239,1)
13,15: (62194,52942,57311,65535)  #F2CEDFFF  srgba(242,206,223,1)
14,15: (62451,52428,61423,65535)  #F3CCEFFF  srgba(243,204,239,1)
15,15: (0,65535,0,0)  #00FF0000  srgba(0,255,0,0)
