# ImageMagick pixel enumeration: 16,16,65535,srgba
0,0: (0,0,0,65535)  #000000FF  black
1,0: (0,0,0,65535)  #000000FF  black
2,0: (0,0,514,65535)  #000002FF  srgba(0,0,2,1)
3,0: (0,0,1028,65535)  #000004FF  srgba(0,0,4,1)
4,0: (0,0,1799,65535)  #000007FF  srgba(0,0,7,1)
5,0: (0,257,514,65535)  #000102FF  srgba(0,1,2,1)
6,0: (0,514,771,65535)  #000203FF  srgba(0,2,3,1)
7,0: (0,771,1028,65535)  #000304FF  srgba(0,3,4,1)
8,0: (0,1028,2056,65535)  #000408FF  srgba(0,4,8,1)
9,0: (0,1542,2313,65535)  #000609FF  srgba(0,6,9,1)
10,0: (0,1799,2570,65535)  #00070AFF  srgba(0,7,10,1)
11,0: (0,2827,3341,65535)  #000B0DFF  srgba(0,11,13,1)
12,0: (0,2827,3341,65535)  #000B0DFF  srgba(0,11,13,1)
13,0: (0,3084,4883,65535)  #000C13FF  srgba(0,12,19,1)
14,0: (0,3598,5140,65535)  #000E14FF  srgba(0,14,20,1)
15,0: (0,4112,5397,65535)  #001015FF  srgba(0,16,21,1)
0,1: (0,4883,6168,65535)  #001318FF  srgba(0,19,24,1)
1,1: (0,5654,6425,65535)  #001619FF  srgba(0,22,25,1)
2,1: (0,5654,6682,65535)  #00161AFF  srgba(0,22,26,1)
3,1: (0,6425,7967,65535)  #00191FFF  srgba(0,25,31,1)
4,1: (0,6425,8481,65535)  #001921FF  srgba(0,25,33,1)
5,1: (0,7196,9509,65535)  #001C25FF  srgba(0,28,37,1)
6,1: (0,7453,8481,65535)  #001D21FF  srgba(0,29,33,1)
7,1: (0,7967,10280,65535)  #001F28FF  srgba(0,31,40,1)
8,1: (0,8224,9509,65535)  #002025FF  srgba(0,32,37,1)
9,1: (0,9509,10537,65535)  #002529FF  srgba(0,37,41,1)
10,1: (0,9766,12336,65535)  #002630FF  srgba(0,38,48,1)
11,1: (0,10023,11565,65535)  #00272DFF  srgba(0,39,45,1)
12,1: (0,10280,13107,65535)  #002833FF  srgba(0,40,51,1)
13,1: (0,11051,12593,65535)  #002B31FF  srgba(0,43,49,1)
14,1: (0,11308,14906,65535)  #002C3AFF  srgba(0,44,58,1)
15,1: (0,11308,15420,65535)  #002C3CFF  srgba(0,44,60,1)
0,2: (0,11565,13621,65535)  #002D35FF  srgba(0,45,53,1)
1,2: (0,11822,13621,65535)  #002E35FF  srgba(0,46,53,1)
2,2: (0,12336,15677,65535)  #00303DFF  srgba(0,48,61,1)
3,2: (0,12593,15677,65535)  #00313DFF  srgba(0,49,61,1)
4,2: (0,13107,16191,65535)  #00333FFF  srgba(0,51,63,1)
5,2: (0,13878,16705,65535)  #003641FF  srgba(0,54,65,1)
6,2: (0,13878,18504,65535)  #003648FF  srgba(0,54,72,1)
7,2: (0,14392,16705,65535)  #003841FF  srgba(0,56,65,1)
8,2: (0,14392,18504,65535)  #003848FF  srgba(0,56,72,1)
9,2: (0,14392,20817,65535)  #003851FF  srgba(0,56,81,1)
10,2: (0,14906,18504,65535)  #003A48FF  srgba(0,58,72,1)
11,2: (0,14906,19275,65535)  #003A4BFF  srgba(0,58,75,1)
12,2: (0,15677,19789,65535)  #003D4DFF  srgba(0,61,77,1)
13,2: (0,15934,20303,65535)  #003E4FFF  srgba(0,62,79,1)
14,2: (0,15934,20560,65535)  #003E50FF  srgba(0,62,80,1)
15,2: (0,16448,19532,65535)  #00404CFF  srgba(0,64,76,1)
0,3: (0,16448,21331,65535)  #004053FF  srgba(0,64,83,1)
1,3: (0,17219,20560,65535)  #004350FF  srgba(0,67,80,1)
2,3: (0,17476,20817,65535)  #004451FF  srgba(0,68,81,1)
3,3: (0,17733,25443,65535)  #004563FF  srgba(0,69,99,1)
4,3: (0,17990,22616,65535)  #004658FF  srgba(0,70,88,1)
5,3: (0,18504,22616,65535)  #004858FF  srgba(0,72,88,1)
6,3: (0,19018,22359,65535)  #004A57FF  srgba(0,74,87,1)
7,3: (0,19275,24929,65535)  #004B61FF  srgba(0,75,97,1)
8,3: (0,19532,22873,65535)  #004C59FF  srgba(0,76,89,1)
9,3: (0,19532,26728,65535)  #004C68FF  srgba(0,76,104,1)
10,3: (0,20046,23901,65535)  #004E5DFF  srgba(0,78,93,1)
11,3: (0,20303,28527,65535)  #004F6FFF  srgba(0,79,111,1)
12,3: (0,20560,25443,65535)  #005063FF  srgba(0,80,99,1)
13,3: (0,20817,25186,65535)  #005162FF  srgba(0,81,98,1)
14,3: (0,21331,26471,65535)  #005367FF  srgba(0,83,103,1)
15,3: (0,21588,25957,65535)  #005465FF  srgba(0,84,101,1)
0,4: (0,21588,28784,65535)  #005470FF  srgba(0,84,112,1)
1,4: (0,21845,26214,65535)  #005566FF  srgba(0,85,102,1)
2,4: (0,22102,29298,65535)  #005672FF  srgba(0,86,114,1)
3,4: (0,22616,27242,65535)  #00586AFF  srgba(0,88,106,1)
4,4: (0,22616,29555,65535)  #005873FF  srgba(0,88,115,1)
5,4: (0,23130,28270,65535)  #005A6EFF  srgba(0,90,110,1)
6,4: (0,23644,28527,65535)  #005C6FFF  srgba(0,92,111,1)
7,4: (0,23644,29041,65535)  #005C71FF  srgba(0,92,113,1)
8,4: (0,23901,32639,65535)  #005D7FFF  srgba(0,93,127,1)
9,4: (0,24415,32896,65535)  #005F80FF  srgba(0,95,128,1)
10,4: (0,24672,30840,65535)  #006078FF  srgba(0,96,120,1)
11,4: (0,25186,29298,65535)  #006272FF  srgba(0,98,114,1)
12,4: (0,25957,30583,65535)  #006577FF  srgba(0,101,119,1)
13,4: (0,25957,33153,65535)  #006581FF  srgba(0,101,129,1)
14,4: (0,26471,31354,65535)  #00677AFF  srgba(0,103,122,1)
15,4: (0,26471,33153,65535)  #006781FF  srgba(0,103,129,1)
0,5: (0,27242,33153,65535)  #006A81FF  srgba(0,106,129,1)
1,5: (0,27242,33153,65535)  #006A81FF  srgba(0,106,129,1)
2,5: (0,28013,33667,65535)  #006D83FF  srgba(0,109,131,1)
3,5: (0,28270,36494,65535)  #006E8EFF  srgba(0,110,142,1)
4,5: (0,28784,33924,65535)  #007084FF  srgba(0,112,132,1)
5,5: (0,29812,38293,65535)  #007495FF  srgba(0,116,149,1)
6,5: (0,30069,34695,65535)  #007587FF  srgba(0,117,135,1)
7,5: (0,30326,34695,65535)  #007687FF  srgba(0,118,135,1)
8,5: (0,30326,36237,65535)  #00768DFF  srgba(0,118,141,1)
9,5: (0,30583,36237,65535)  #00778DFF  srgba(0,119,141,1)
10,5: (0,31097,39835,65535)  #00799BFF  srgba(0,121,155,1)
11,5: (0,32382,37008,65535)  #007E90FF  srgba(0,126,144,1)
12,5: (0,32382,38293,65535)  #007E95FF  srgba(0,126,149,1)
13,5: (0,32896,42148,65535)  #0080A4FF  srgba(0,128,164,1)
14,5: (0,33667,38293,65535)  #008395FF  srgba(0,131,149,1)
15,5: (0,33667,39578,65535)  #00839AFF  srgba(0,131,154,1)
0,6: (0,34952,38807,65535)  #008897FF  srgba(0,136,151,1)
1,6: (0,35209,39835,65535)  #00899BFF  srgba(0,137,155,1)
2,6: (0,35723,40349,65535)  #008B9DFF  srgba(0,139,157,1)
3,6: (0,36494,41377,65535)  #008EA1FF  srgba(0,142,161,1)
4,6: (0,36494,43690,65535)  #008EAAFF  srgba(0,142,170,1)
5,6: (0,37008,41634,65535)  #0090A2FF  srgba(0,144,162,1)
6,6: (0,37265,44975,65535)  #0091AFFF  srgba(0,145,175,1)
7,6: (0,37522,43176,65535)  #0092A8FF  srgba(0,146,168,1)
8,6: (0,37522,45746,65535)  #0092B2FF  srgba(0,146,178,1)
9,6: (0,38036,47288,65535)  #0094B8FF  srgba(0,148,184,1)
10,6: (0,38550,48830,65535)  #0096BEFF  srgba(0,150,190,1)
11,6: (0,39064,43690,65535)  #0098AAFF  srgba(0,152,170,1)
12,6: (0,40606,44718,65535)  #009EAEFF  srgba(0,158,174,1)
13,6: (0,40606,45232,65535)  #009EB0FF  srgba(0,158,176,1)
14,6: (0,41120,47802,65535)  #00A0BAFF  srgba(0,160,186,1)
15,6: (0,41891,51657,65535)  #00A3C9FF  srgba(0,163,201,1)
0,7: (0,42405,47545,65535)  #00A5B9FF  srgba(0,165,185,1)
1,7: (0,42405,52428,65535)  #00A5CCFF  srgba(0,165,204,1)
2,7: (0,43433,48316,65535)  #00A9BCFF  srgba(0,169,188,1)
3,7: (0,44718,51914,65535)  #00AECAFF  srgba(0,174,202,1)
4,7: (0,44718,56026,65535)  #00AEDAFF  srgba(0,174,218,1)
5,7: (0,44975,48830,65535)  #00AFBEFF  srgba(0,175,190,1)
6,7: (0,45489,51657,65535)  #00B1C9FF  srgba(0,177,201,1)
7,7: (0,46517,57568,65535)  #00B5E0FF  srgba(0,181,224,1)
8,7: (0,46774,52171,65535)  #00B6CBFF  srgba(0,182,203,1)
9,7: (0,46774,52171,65535)  #00B6CBFF  srgba(0,182,203,1)
10,7: (0,47031,59110,65535)  #00B7E6FF  srgba(0,183,230,1)
11,7: (0,48316,60652,65535)  #00BCECFF  srgba(0,188,236,1)
12,7: (0,48573,55769,65535)  #00BDD9FF  srgba(0,189,217,1)
13,7: (0,48830,60395,65535)  #00BEEBFF  srgba(0,190,235,1)
14,7: (0,49087,53456,65535)  #00BFD0FF  srgba(0,191,208,1)
15,7: (0,50886,56540,65535)  #00C6DCFF  srgba(0,198,220,1)
0,8: (0,51143,56797,65535)  #00C7DDFF  srgba(0,199,221,1)
1,8: (0,51143,59367,65535)  #00C7E7FF  srgba(0,199,231,1)
2,8: (0,51143,63479,65535)  #00C7F7FF  srgba(0,199,247,1)
3,8: (0,51657,62708,65535)  #00C9F4FF  srgba(0,201,244,1)
4,8: (0,54227,58853,65535)  #00D3E5FF  srgba(0,211,229,1)
5,8: (0,54227,58853,65535)  #00D3E5FF  srgba(0,211,229,1)
6,8: (0,54484,64764,65535)  #00D4FCFF  srgba(0,212,252,1)
7,8: (0,55512,61423,65535)  #00D8EFFF  srgba(0,216,239,1)
8,8: (0,55512,64764,65535)  #00D8FCFF  srgba(0,216,252,1)
9,8: (0,56540,62194,65535)  #00DCF2FF  srgba(0,220,242,1)
10,8: (0,57311,64507,65535)  #00DFFBFF  srgba(0,223,251,1)
11,8: (0,58082,64764,65535)  #00E2FCFF  srgba(0,226,252,1)
12,8: (0,58596,65021,65535)  #00E4FDFF  srgba(0,228,253,1)
13,8: (0,59624,63993,65535)  #00E8F9FF  srgba(0,232,249,1)
14,8: (0,60652,64507,65535)  #00ECFBFF  srgba(0,236,251,1)
15,8: (0,60652,65278,65535)  #00ECFEFF  srgba(0,236,254,1)
0,9: (0,60909,65021,65535)  #00EDFDFF  srgba(0,237,253,1)
1,9: (0,61423,65021,65535)  #00EFFDFF  srgba(0,239,253,1)
2,9: (0,62708,65535,65535)  #00F4FFFF  srgba(0,244,255,1)
3,9: (0,62708,65535,65535)  #00F4FFFF  srgba(0,244,255,1)
4,9: (0,62965,65021,65535)  #00F5FDFF  srgba(0,245,253,1)
5,9: (0,63222,65021,65535)  #00F6FDFF  srgba(0,246,253,1)
6,9: (0,63222,65278,65535)  #00F6FEFF  srgba(0,246,254,1)
7,9: (0,63222,65535,65535)  #00F6FFFF  srgba(0,246,255,1)
8,9: (0,63479,65278,65535)  #00F7FEFF  srgba(0,247,254,1)
9,9: (257,0,771,65535)  #010003FF  srgba(1,0,3,1)
10,9: (257,257,0,65535)  #010100FF  srgba(1,1,0,1)
11,9: (257,257,257,65535)  #010101FF  srgba(1,1,1,1)
12,9: (257,514,1799,65535)  #010207FF  srgba(1,2,7,1)
13,9: (257,3855,5140,65535)  #010F14FF  srgba(1,15,20,1)
14,9: (257,5654,6425,65535)  #011619FF  srgba(1,22,25,1)
15,9: (257,6682,8224,65535)  #011A20FF  srgba(1,26,32,1)
0,10: (257,7710,11051,65535)  #011E2BFF  srgba(1,30,43,1)
1,10: (257,7967,12336,65535)  #011F30FF  srgba(1,31,48,1)
2,10: (257,9509,11565,65535)  #01252DFF  srgba(1,37,45,1)
3,10: (257,11565,13107,65535)  #012D33FF  srgba(1,45,51,1)
4,10: (257,12079,15677,65535)  #012F3DFF  srgba(1,47,61,1)
5,10: (257,14392,16962,65535)  #013842FF  srgba(1,56,66,1)
6,10: (257,14649,19275,65535)  #01394BFF  srgba(1,57,75,1)
7,10: (257,16191,20303,65535)  #013F4FFF  srgba(1,63,79,1)
8,10: (257,17476,21331,65535)  #014453FF  srgba(1,68,83,1)
9,10: (257,18247,22102,65535)  #014756FF  srgba(1,71,86,1)
10,10: (257,19275,24672,65535)  #014B60FF  srgba(1,75,96,1)
11,10: (257,20046,27756,65535)  #014E6CFF  srgba(1,78,108,1)
12,10: (257,20303,23644,65535)  #014F5CFF  srgba(1,79,92,1)
13,10: (257,21845,26728,65535)  #015568FF  srgba(1,85,104,1)
14,10: (257,22102,29812,65535)  #015674FF  srgba(1,86,116,1)
15,10: (257,23387,27499,65535)  #015B6BFF  srgba(1,91,107,1)
0,11: (257,23901,30326,65535)  #015D76FF  srgba(1,93,118,1)
1,11: (257,25700,30583,65535)  #016477FF  srgba(1,100,119,1)
2,11: (257,29041,33924,65535)  #017184FF  srgba(1,113,132,1)
3,11: (257,32125,36751,65535)  #017D8FFF  srgba(1,125,143,1)
4,11: (257,33153,42148,65535)  #0181A4FF  srgba(1,129,164,1)
5,11: (257,35466,39578,65535)  #018A9AFF  srgba(1,138,154,1)
6,11: (257,36751,41634,65535)  #018FA2FF  srgba(1,143,162,1)
7,11: (257,38036,43433,65535)  #0194A9FF  srgba(1,148,169,1)
8,11: (257,41120,47288,65535)  #01A0B8FF  srgba(1,160,184,1)
9,11: (257,43176,52171,65535)  #01A8CBFF  srgba(1,168,203,1)
10,11: (257,43690,48316,65535)  #01AABCFF  srgba(1,170,188,1)
11,11: (257,48573,53456,65535)  #01BDD0FF  srgba(1,189,208,1)
12,11: (257,51143,56283,65535)  #01C7DBFF  srgba(1,199,219,1)
13,11: (257,51400,61166,65535)  #01C8EEFF  srgba(1,200,238,1)
14,11: (257,54227,59624,65535)  #01D3E8FF  srgba(1,211,232,1)
15,11: (257,55512,64764,65535)  #01D8FCFF  srgba(1,216,252,1)
0,12: (257,61680,65278,65535)  #01F0FEFF  srgba(1,240,254,1)
1,12: (257,62708,65535,65535)  #01F4FFFF  srgba(1,244,255,1)
2,12: (514,0,0,65535)  #020000FF  srgba(2,0,0,1)
3,12: (514,257,1028,65535)  #020104FF  srgba(2,1,4,1)
4,12: (514,514,257,65535)  #020201FF  srgba(2,2,1,1)
5,12: (514,2056,3084,65535)  #02080CFF  srgba(2,8,12,1)
6,12: (514,11822,15677,65535)  #022E3DFF  srgba(2,46,61,1)
7,12: (514,14135,16448,65535)  #023740FF  srgba(2,55,64,1)
8,12: (514,14392,18504,65535)  #023848FF  srgba(2,56,72,1)
9,12: (514,15934,21074,65535)  #023E52FF  srgba(2,62,82,1)
10,12: (514,17219,20817,65535)  #024351FF  srgba(2,67,81,1)
11,12: (514,19532,22616,65535)  #024C58FF  srgba(2,76,88,1)
12,12: (514,19532,26214,65535)  #024C66FF  srgba(2,76,102,1)
13,12: (514,21845,27499,65535)  #02556BFF  srgba(2,85,107,1)
14,12: (514,23130,28527,65535)  #025A6FFF  srgba(2,90,111,1)
15,12: (514,25186,29555,65535)  #026273FF  srgba(2,98,115,1)
0,13: (514,29041,36237,65535)  #02718DFF  srgba(2,113,141,1)
1,13: (514,37265,45489,65535)  #0291B1FF  srgba(2,145,177,1)
2,13: (514,38293,48316,65535)  #0295BCFF  srgba(2,149,188,1)
3,13: (514,43690,48316,65535)  #02AABCFF  srgba(2,170,188,1)
4,13: (514,43690,52171,65535)  #02AACBFF  srgba(2,170,203,1)
5,13: (514,47802,59624,65535)  #02BAE8FF  srgba(2,186,232,1)
6,13: (514,50629,59110,65535)  #02C5E6FF  srgba(2,197,230,1)
7,13: (514,54998,60138,65535)  #02D6EAFF  srgba(2,214,234,1)
8,13: (514,54998,62708,65535)  #02D6F4FF  srgba(2,214,244,1)
9,13: (514,56283,64764,65535)  #02DBFCFF  srgba(2,219,252,1)
10,13: (771,514,1028,65535)  #030204FF  srgba(3,2,4,1)
11,13: (771,2313,3084,65535)  #03090CFF  srgba(3,9,12,1)
12,13: (771,4369,5654,65535)  #031116FF  srgba(3,17,22,1)
13,13: (771,9766,10794,65535)  #03262AFF  srgba(3,38,42,1)
14,13: (771,11051,13107,65535)  #032B33FF  srgba(3,43,51,1)
15,13: (771,15420,20046,65535)  #033C4EFF  srgba(3,60,78,1)
0,14: (771,18761,22102,65535)  #034956FF  srgba(3,73,86,1)
1,14: (771,20046,26214,65535)  #034E66FF  srgba(3,78,102,1)
2,14: (771,24415,29555,65535)  #035F73FF  srgba(3,95,115,1)
3,14: (771,25186,33153,65535)  #036281FF  srgba(3,98,129,1)
4,14: (771,29298,34181,65535)  #037285FF  srgba(3,114,133,1)
5,14: (771,37522,43433,65535)  #0392A9FF  srgba(3,146,169,1)
6,14: (771,55512,62708,65535)  #03D8F4FF  srgba(3,216,244,1)
7,14: (771,60909,65278,65535)  #03EDFEFF  srgba(3,237,254,1)
8,14: (1028,0,514,65535)  #040002FF  srgba(4,0,2,1)
9,14: (1028,1542,2056,65535)  #040608FF  srgba(4,6,8,1)
10,14: (1028,24158,29041,65535)  #045E71FF  srgba(4,94,113,1)
11,14: (1028,50886,57311,65535)  #04C6DFFF  srgba(4,198,223,1)
12,14: (1028,51143,62965,65535)  #04C7F5FF  srgba(4,199,245,1)
13,14: (1285,4626,5911,65535)  #051217FF  srgba(5,18,23,1)
14,14: (1285,6682,8224,65535)  #051A20FF  srgba(5,26,32,1)
15,14: (1285,10537,12079,65535)  #05292FFF  srgba(5,41,47,1)
0,15: (1285,14649,16191,65535)  #05393FFF  srgba(5,57,63,1)
1,15: (1285,43176,52171,65535)  #05A8CBFF  srgba(5,168,203,1)
2,15: (1542,11822,15677,65535)  #062E3DFF  srgba(6,46,61,1)
3,15: (1542,14906,19789,65535)  #063A4DFF  srgba(6,58,77,1)
4,15: (1542,18761,21588,65535)  #064954FF  srgba(6,73,84,1)
5,15: (1542,19018,26214,65535)  #064A66FF  srgba(6,74,102,1)
6,15: (1799,21331,27499,65535)  #07536BFF  srgba(7,83,107,1)
7,15: (2056,2056,2570,65535)  #08080AFF  srgba(8,8,10,1)
8,15: (2313,11051,11822,65535)  #092B2EFF  srgba(9,43,46,1)
9,15: (2313,55512,63479,65535)  #09D8F7FF  srgba(9,216,247,1)
10,15: (2570,4626,5911,65535)  #0A1217FF  srgba(10,18,23,1)
11,15: (2570,24929,28784,65535)  #0A6170FF  srgba(10,97,112,1)
12,15: (3598,15163,16191,65535)  #0E3B3FFF  srgba(14,59,63,1)
13,15: (3855,19018,21074,65535)  #0F4A52FF  srgba(15,74,82,1)
14,15: (4626,11051,11565,65535)  #122B2DFF  srgba(18,43,45,1)
15,15: (0,65535,0,0)  #00FF0000  srgba(0,255,0,0)
