# ImageMagick pixel enumeration: 16,16,65535,srgba
0,0: (0,0,0,65535)  #000000FF  black
1,0: (0,257,0,65535)  #000100FF  srgba(0,1,0,1)
2,0: (0,257,257,65535)  #000101FF  srgba(0,1,1,1)
3,0: (0,2570,0,65535)  #000A00FF  srgba(0,10,0,1)
4,0: (0,19789,0,65535)  #004D00FF  srgba(0,77,0,1)
5,0: (0,63222,14135,65535)  #00F637FF  srgba(0,246,55,1)
6,0: (257,0,0,65535)  #010000FF  srgba(1,0,0,1)
7,0: (257,19018,514,65535)  #014A02FF  srgba(1,74,2,1)
8,0: (257,62965,13107,65535)  #01F533FF  srgba(1,245,51,1)
9,0: (514,0,257,65535)  #020001FF  srgba(2,0,1,1)
10,0: (514,3855,0,65535)  #020F00FF  srgba(2,15,0,1)
11,0: (1285,0,771,65535)  #050003FF  srgba(5,0,3,1)
12,0: (1542,2827,514,65535)  #060B02FF  srgba(6,11,2,1)
13,0: (1799,0,0,65535)  #070000FF  srgba(7,0,0,1)
14,0: (2056,0,0,65535)  #080000FF  srgba(8,0,0,1)
15,0: (2056,0,514,65535)  #080002FF  srgba(8,0,2,1)
0,1: (2056,33410,2313,65535)  #088209FF  srgba(8,130,9,1)
1,1: (2056,44461,3341,65535)  #08AD0DFF  srgba(8,173,13,1)
2,1: (2313,63479,14135,65535)  #09F737FF  srgba(9,247,55,1)
3,1: (2570,20303,5397,65535)  #0A4F15FF  srgba(10,79,21,1)
4,1: (2570,53199,5911,65535)  #0ACF17FF  srgba(10,207,23,1)
5,1: (3341,0,1285,65535)  #0D0005FF  srgba(13,0,5,1)
6,1: (4626,49858,12593,65535)  #12C231FF  srgba(18,194,49,1)
7,1: (4883,0,771,65535)  #130003FF  srgba(19,0,3,1)
8,1: (4883,55512,12850,65535)  #13D832FF  srgba(19,216,50,1)
9,1: (5911,39578,12079,65535)  #179A2FFF  srgba(23,154,47,1)
10,1: (6425,0,0,65535)  #190000FF  srgba(25,0,0,1)
11,1: (6682,63736,16962,65535)  #1AF842FF  srgba(26,248,66,1)
12,1: (7196,63479,14906,65535)  #1CF73AFF  srgba(28,247,58,1)
13,1: (7710,0,0,65535)  #1E0000FF  srgba(30,0,0,1)
14,1: (7967,62194,12850,65535)  #1FF232FF  srgba(31,242,50,1)
15,1: (8224,5140,3598,65535)  #20140EFF  srgba(32,20,14,1)
0,2: (8995,2827,1285,65535)  #230B05FF  srgba(35,11,5,1)
1,2: (8995,3084,0,65535)  #230C00FF  srgba(35,12,0,1)
2,2: (9509,63222,14135,65535)  #25F637FF  srgba(37,246,55,1)
3,2: (10794,19275,257,65535)  #2A4B01FF  srgba(42,75,1,1)
4,2: (11565,0,0,65535)  #2D0000FF  srgba(45,0,0,1)
5,2: (13107,1542,514,65535)  #330602FF  srgba(51,6,2,1)
6,2: (14392,15420,11565,65535)  #383C2DFF  srgba(56,60,45,1)
7,2: (15163,14135,15163,65535)  #3B373BFF  srgba(59,55,59,1)
8,2: (15420,61680,12850,65535)  #3CF032FF  srgba(60,240,50,1)
9,2: (19275,62451,14135,65535)  #4BF337FF  srgba(75,243,55,1)
10,2: (19275,62708,14906,65535)  #4BF43AFF  srgba(75,244,58,1)
11,2: (20560,1285,514,65535)  #500502FF  srgba(80,5,2,1)
12,2: (22359,60909,12850,65535)  #57ED32FF  srgba(87,237,50,1)
13,2: (22873,13107,771,65535)  #593303FF  srgba(89,51,3,1)
14,2: (23387,22359,23387,65535)  #5B575BFF  srgba(91,87,91,1)
15,2: (23644,62708,15677,65535)  #5CF43DFF  srgba(92,244,61,1)
0,3: (24158,63736,18247,65535)  #5EF847FF  srgba(94,248,71,1)
1,3: (25186,24415,24929,65535)  #625F61FF  srgba(98,95,97,1)
2,3: (26471,2056,771,65535)  #670803FF  srgba(103,8,3,1)
3,3: (26471,3084,2313,65535)  #670C09FF  srgba(103,12,9,1)
4,3: (26471,45489,8995,65535)  #67B123FF  srgba(103,177,35,1)
5,3: (26728,23130,11051,65535)  #685A2BFF  srgba(104,90,43,1)
6,3: (26728,32639,6168,65535)  #687F18FF  srgba(104,127,24,1)
7,3: (26985,23387,0,65535)  #695B00FF  srgba(105,91,0,1)
8,3: (27756,30840,26985,65535)  #6C7869FF  srgba(108,120,105,1)
9,3: (28013,54998,9766,65535)  #6DD626FF  srgba(109,214,38,1)
10,3: (28013,61166,14135,65535)  #6DEE37FF  srgba(109,238,55,1)
11,3: (28013,61680,14906,65535)  #6DF03AFF  srgba(109,240,58,1)
12,3: (28270,54741,17733,65535)  #6ED545FF  srgba(110,213,69,1)
13,3: (28784,3855,3341,65535)  #700F0DFF  srgba(112,15,13,1)
14,3: (29041,15934,19789,65535)  #713E4DFF  srgba(113,62,77,1)
15,3: (29041,60138,12850,65535)  #71EA32FF  srgba(113,234,50,1)
0,4: (30326,55769,12593,65535)  #76D931FF  srgba(118,217,49,1)
1,4: (31868,11565,9252,65535)  #7C2D24FF  srgba(124,45,36,1)
2,4: (32382,10537,5654,65535)  #7E2916FF  srgba(126,41,22,1)
3,4: (33667,2313,771,65535)  #830903FF  srgba(131,9,3,1)
4,4: (34438,5140,5397,65535)  #861415FF  srgba(134,20,21,1)
5,4: (34695,4626,3855,65535)  #87120FFF  srgba(135,18,15,1)
6,4: (34695,34952,34952,65535)  #878888FF  srgba(135,136,136,1)
7,4: (35466,3598,2570,65535)  #8A0E0AFF  srgba(138,14,10,1)
8,4: (35723,13107,1028,65535)  #8B3304FF  srgba(139,51,4,1)
9,4: (36494,59367,12593,65535)  #8EE731FF  srgba(142,231,49,1)
10,4: (36494,60138,14135,65535)  #8EEA37FF  srgba(142,234,55,1)
11,4: (37779,4369,3341,65535)  #93110DFF  srgba(147,17,13,1)
12,4: (38036,62194,16705,65535)  #94F241FF  srgba(148,242,65,1)
13,4: (39321,26214,3341,65535)  #99660DFF  srgba(153,102,13,1)
14,4: (40092,19018,37522,65535)  #9C4A92FF  srgba(156,74,146,1)
15,4: (40349,29041,20560,65535)  #9D7150FF  srgba(157,113,80,1)
0,5: (40349,54998,10023,65535)  #9DD627FF  srgba(157,214,39,1)
1,5: (41120,43176,5140,65535)  #A0A814FF  srgba(160,168,20,1)
2,5: (41377,55769,13621,65535)  #A1D935FF  srgba(161,217,53,1)
3,5: (42148,38550,37522,65535)  #A49692FF  srgba(164,150,146,1)
4,5: (43690,46003,17219,65535)  #AAB343FF  srgba(170,179,67,1)
5,5: (44204,4369,3084,65535)  #AC110CFF  srgba(172,17,12,1)
6,5: (44975,58853,12850,65535)  #AFE532FF  srgba(175,229,50,1)
7,5: (45232,59881,14392,65535)  #B0E938FF  srgba(176,233,56,1)
8,5: (46774,16705,47802,65535)  #B641BAFF  srgba(182,65,186,1)
9,5: (46774,61423,16962,65535)  #B6EF42FF  srgba(182,239,66,1)
10,5: (47288,39321,46774,65535)  #B899B6FF  srgba(184,153,182,1)
11,5: (48059,10537,3084,65535)  #BB290CFF  srgba(187,41,12,1)
12,5: (48059,12336,14135,65535)  #BB3037FF  srgba(187,48,55,1)
13,5: (48573,5654,5140,65535)  #BD1614FF  srgba(189,22,20,1)
14,5: (48573,55255,11051,65535)  #BDD72BFF  srgba(189,215,43,1)
15,5: (48830,8738,6682,65535)  #BE221AFF  srgba(190,34,26,1)
0,6: (49087,55769,14392,65535)  #BFD938FF  srgba(191,217,56,1)
1,6: (52428,5140,3598,65535)  #CC140EFF  srgba(204,20,14,1)
2,6: (52428,26214,5140,65535)  #CC6614FF  srgba(204,102,20,1)
3,6: (52685,43433,6425,65535)  #CDA919FF  srgba(205,169,25,1)
4,6: (52942,15934,46774,65535)  #CE3EB6FF  srgba(206,62,182,1)
5,6: (53199,59624,14649,65535)  #CFE839FF  srgba(207,232,57,1)
6,6: (53456,60395,15677,65535)  #D0EB3DFF  srgba(208,235,61,1)
7,6: (53970,14135,56797,65535)  #D237DDFF  srgba(210,55,221,1)
8,6: (53970,29555,19532,65535)  #D2734CFF  srgba(210,115,76,1)
9,6: (53970,60652,20046,65535)  #D2EC4EFF  srgba(210,236,78,1)
10,6: (54484,6168,5654,65535)  #D41816FF  srgba(212,24,22,1)
11,6: (54484,6168,6425,65535)  #D41819FF  srgba(212,24,25,1)
12,6: (54741,38807,44975,65535)  #D597AFFF  srgba(213,151,175,1)
13,6: (54741,46260,18247,65535)  #D5B447FF  srgba(213,180,71,1)
14,6: (54741,51400,44975,65535)  #D5C8AFFF  srgba(213,200,175,1)
15,6: (54741,58853,12593,65535)  #D5E531FF  srgba(213,229,49,1)
0,7: (54998,54484,52942,65535)  #D6D4CEFF  srgba(214,212,206,1)
1,7: (54998,58853,13621,65535)  #D6E535FF  srgba(214,229,53,1)
2,7: (55255,5911,9252,65535)  #D71724FF  srgba(215,23,36,1)
3,7: (55769,51143,55512,65535)  #D9C7D8FF  srgba(217,199,216,1)
4,7: (56026,56026,12336,65535)  #DADA30FF  srgba(218,218,48,1)
5,7: (56283,54998,52942,65535)  #DBD6CEFF  srgba(219,214,206,1)
6,7: (56540,6168,5140,65535)  #DC1814FF  srgba(220,24,20,1)
7,7: (56540,36237,56540,65535)  #DC8DDCFF  srgba(220,141,220,1)
8,7: (56797,8481,5140,65535)  #DD2114FF  srgba(221,33,20,1)
9,7: (56797,56283,15420,65535)  #DDDB3CFF  srgba(221,219,60,1)
10,7: (56797,56283,56026,65535)  #DDDBDAFF  srgba(221,219,218,1)
11,7: (57054,9252,9252,65535)  #DE2424FF  srgba(222,36,36,1)
12,7: (57054,11565,20817,65535)  #DE2D51FF  srgba(222,45,81,1)
13,7: (57054,56797,56540,65535)  #DEDDDCFF  srgba(222,221,220,1)
14,7: (57311,17990,52428,65535)  #DF46CCFF  srgba(223,70,204,1)
15,7: (57311,55255,48059,65535)  #DFD7BBFF  srgba(223,215,187,1)
0,8: (57311,55769,57054,65535)  #DFD9DEFF  srgba(223,217,222,1)
1,8: (57311,57054,56540,65535)  #DFDEDCFF  srgba(223,222,220,1)
2,8: (57568,7967,7196,65535)  #E01F1CFF  srgba(224,31,28,1)
3,8: (57568,10280,49601,65535)  #E028C1FF  srgba(224,40,193,1)
4,8: (57568,56026,25957,65535)  #E0DA65FF  srgba(224,218,101,1)
5,8: (57568,56026,57825,65535)  #E0DAE1FF  srgba(224,218,225,1)
6,8: (57568,56283,56026,65535)  #E0DBDAFF  srgba(224,219,218,1)
7,8: (57568,58853,36237,65535)  #E0E58DFF  srgba(224,229,141,1)
8,8: (57825,56283,57311,65535)  #E1DBDFFF  srgba(225,219,223,1)
9,8: (57825,56540,53970,65535)  #E1DCD2FF  srgba(225,220,210,1)
10,8: (57825,57054,57311,65535)  #E1DEDFFF  srgba(225,222,223,1)
11,8: (57825,57311,59110,65535)  #E1DFE6FF  srgba(225,223,230,1)
12,8: (57825,58853,14649,65535)  #E1E539FF  srgba(225,229,57,1)
13,8: (58082,13107,61166,65535)  #E233EEFF  srgba(226,51,238,1)
14,8: (58082,57054,49087,65535)  #E2DEBFFF  srgba(226,222,191,1)
15,8: (58082,57311,58339,65535)  #E2DFE3FF  srgba(226,223,227,1)
0,9: (58082,57825,53713,65535)  #E2E1D1FF  srgba(226,225,209,1)
1,9: (58082,59367,16962,65535)  #E2E742FF  srgba(226,231,66,1)
2,9: (58339,55512,47545,65535)  #E3D8B9FF  srgba(227,216,185,1)
3,9: (58339,55769,57311,65535)  #E3D9DFFF  srgba(227,217,223,1)
4,9: (58339,56283,57568,65535)  #E3DBE0FF  srgba(227,219,224,1)
5,9: (58339,56797,58082,65535)  #E3DDE2FF  srgba(227,221,226,1)
6,9: (58339,56797,58339,65535)  #E3DDE3FF  srgba(227,221,227,1)
7,9: (58339,56797,58596,65535)  #E3DDE4FF  srgba(227,221,228,1)
8,9: (58339,57054,49344,65535)  #E3DEC0FF  srgba(227,222,192,1)
9,9: (58339,57054,56797,65535)  #E3DEDDFF  srgba(227,222,221,1)
10,9: (58339,57054,59367,65535)  #E3DEE7FF  srgba(227,222,231,1)
11,9: (58339,59110,23901,65535)  #E3E65DFF  srgba(227,230,93,1)
12,9: (58596,55769,59110,65535)  #E4D9E6FF  srgba(228,217,230,1)
13,9: (58596,56283,57568,65535)  #E4DBE0FF  srgba(228,219,224,1)
14,9: (58596,56797,53456,65535)  #E4DDD0FF  srgba(228,221,208,1)
15,9: (58596,56797,59110,65535)  #E4DDE6FF  srgba(228,221,230,1)
0,10: (58596,57054,46260,65535)  #E4DEB4FF  srgba(228,222,180,1)
1,10: (58596,57054,54741,65535)  #E4DED5FF  srgba(228,222,213,1)
2,10: (58596,57054,57054,65535)  #E4DEDEFF  srgba(228,222,222,1)
3,10: (58596,57054,58339,65535)  #E4DEE3FF  srgba(228,222,227,1)
4,10: (58596,57311,57825,65535)  #E4DFE1FF  srgba(228,223,225,1)
5,10: (58853,56283,52171,65535)  #E5DBCBFF  srgba(229,219,203,1)
6,10: (58853,56283,59110,65535)  #E5DBE6FF  srgba(229,219,230,1)
7,10: (58853,56797,58082,65535)  #E5DDE2FF  srgba(229,221,226,1)
8,10: (58853,56797,58596,65535)  #E5DDE4FF  srgba(229,221,228,1)
9,10: (58853,57825,53970,65535)  #E5E1D2FF  srgba(229,225,210,1)
10,10: (58853,58082,37779,65535)  #E5E293FF  srgba(229,226,147,1)
11,10: (59110,56283,58339,65535)  #E6DBE3FF  srgba(230,219,227,1)
12,10: (59110,56797,53713,65535)  #E6DDD1FF  srgba(230,221,209,1)
13,10: (59110,56797,59367,65535)  #E6DDE7FF  srgba(230,221,231,1)
14,10: (59110,57054,51657,65535)  #E6DEC9FF  srgba(230,222,201,1)
15,10: (59110,57054,53713,65535)  #E6DED1FF  srgba(230,222,209,1)
0,11: (59110,57054,58339,65535)  #E6DEE3FF  srgba(230,222,227,1)
1,11: (59110,57054,58853,65535)  #E6DEE5FF  srgba(230,222,229,1)
2,11: (59110,57054,59881,65535)  #E6DEE9FF  srgba(230,222,233,1)
3,11: (59110,57311,44204,65535)  #E6DFACFF  srgba(230,223,172,1)
4,11: (59110,57311,57054,65535)  #E6DFDEFF  srgba(230,223,222,1)
5,11: (59110,57311,57825,65535)  #E6DFE1FF  srgba(230,223,225,1)
6,11: (59110,57311,61423,65535)  #E6DFEFFF  srgba(230,223,239,1)
7,11: (59110,57568,59110,65535)  #E6E0E6FF  srgba(230,224,230,1)
8,11: (59110,57825,42148,65535)  #E6E1A4FF  srgba(230,225,164,1)
9,11: (59110,57825,52428,65535)  #E6E1CCFF  srgba(230,225,204,1)
10,11: (59110,58339,34181,65535)  #E6E385FF  srgba(230,227,133,1)
11,11: (59624,56797,58339,65535)  #E8DDE3FF  srgba(232,221,227,1)
12,11: (59624,57054,55512,65535)  #E8DED8FF  srgba(232,222,216,1)
13,11: (59624,57311,58596,65535)  #E8DFE4FF  srgba(232,223,228,1)
14,11: (59624,57568,59367,65535)  #E8E0E7FF  srgba(232,224,231,1)
15,11: (59624,57825,58596,65535)  #E8E1E4FF  srgba(232,225,228,1)
0,12: (59881,56797,60138,65535)  #E9DDEAFF  srgba(233,221,234,1)
1,12: (59881,57054,50115,65535)  #E9DEC3FF  srgba(233,222,195,1)
2,12: (59881,57568,58339,65535)  #E9E0E3FF  srgba(233,224,227,1)
3,12: (59881,57568,59624,65535)  #E9E0E8FF  srgba(233,224,232,1)
4,12: (59881,57825,59624,65535)  #E9E1E8FF  srgba(233,225,232,1)
5,12: (59881,58082,56797,65535)  #E9E2DDFF  srgba(233,226,221,1)
6,12: (59881,58339,57054,65535)  #E9E3DEFF  srgba(233,227,222,1)
7,12: (59881,58339,59624,65535)  #E9E3E8FF  srgba(233,227,232,1)
8,12: (60138,57054,43176,65535)  #EADEA8FF  srgba(234,222,168,1)
9,12: (60138,57054,58339,65535)  #EADEE3FF  srgba(234,222,227,1)
10,12: (60138,57311,59367,65535)  #EADFE7FF  srgba(234,223,231,1)
11,12: (60138,58082,42662,65535)  #EAE2A6FF  srgba(234,226,166,1)
12,12: (60138,58082,49344,65535)  #EAE2C0FF  srgba(234,226,192,1)
13,12: (60395,58339,29298,65535)  #EBE372FF  srgba(235,227,114,1)
14,12: (60395,58339,35723,65535)  #EBE38BFF  srgba(235,227,139,1)
15,12: (60652,57054,34181,65535)  #ECDE85FF  srgba(236,222,133,1)
0,13: (60652,57568,59881,65535)  #ECE0E9FF  srgba(236,224,233,1)
1,13: (60652,58596,18247,65535)  #ECE447FF  srgba(236,228,71,1)
2,13: (60652,58596,23130,65535)  #ECE45AFF  srgba(236,228,90,1)
3,13: (60652,59624,60395,65535)  #ECE8EBFF  srgba(236,232,235,1)
4,13: (60909,7196,6682,65535)  #ED1C1AFF  srgba(237,28,26,1)
5,13: (60909,55512,57054,65535)  #EDD8DEFF  srgba(237,216,222,1)
6,13: (60909,58339,14392,65535)  #EDE338FF  srgba(237,227,56,1)
7,13: (61166,56797,23644,65535)  #EEDD5CFF  srgba(238,221,92,1)
8,13: (61423,56026,60395,65535)  #EFDAEBFF  srgba(239,218,235,1)
9,13: (61680,6939,13107,65535)  #F01B33FF  srgba(240,27,51,1)
10,13: (61680,56797,13364,65535)  #F0DD34FF  srgba(240,221,52,1)
11,13: (61937,56797,16191,65535)  #F1DD3FFF  srgba(241,221,63,1)
12,13: (62194,54998,48573,65535)  #F2D6BDFF  srgba(242,214,189,1)
13,13: (62451,15934,9252,65535)  #F33E24FF  srgba(243,62,36,1)
14,13: (62708,7967,14906,65535)  #F41F3AFF  srgba(244,31,58,1)
15,13: (62708,13621,63222,65535)  #F435F6FF  srgba(244,53,246,1)
0,14: (62708,54741,39321,65535)  #F4D599FF  srgba(244,213,153,1)
1,14: (62965,30326,56797,65535)  #F576DDFF  srgba(245,118,221,1)
2,14: (62965,54484,12850,65535)  #F5D432FF  srgba(245,212,50,1)
3,14: (62965,54741,63736,65535)  #F5D5F8FF  srgba(245,213,248,1)
4,14: (62965,54998,32125,65535)  #F5D67DFF  srgba(245,214,125,1)
5,14: (63222,7967,23130,65535)  #F61F5AFF  srgba(246,31,90,1)
6,14: (63222,29298,10537,65535)  #F67229FF  srgba(246,114,41,1)
7,14: (63479,8481,30326,65535)  #F72176FF  srgba(247,33,118,1)
8,14: (63479,12336,56797,65535)  #F730DDFF  srgba(247,48,221,1)
9,14: (63479,16191,36237,65535)  #F73F8DFF  srgba(247,63,141,1)
10,14: (63479,17476,21331,65535)  #F74453FF  srgba(247,68,83,1)
11,14: (63736,8995,38550,65535)  #F82396FF  srgba(248,35,150,1)
12,14: (63736,14649,48830,65535)  #F839BEFF  srgba(248,57,190,1)
13,14: (63736,44975,12593,65535)  #F8AF31FF  srgba(248,175,49,1)
14,14: (63736,45746,56540,65535)  #F8B2DCFF  srgba(248,178,220,1)
15,14: (63993,9509,48059,65535)  #F925BBFF  srgba(249,37,187,1)
0,15: (63993,10023,56283,65535)  #F927DBFF  srgba(249,39,219,1)
1,15: (63993,23130,63736,65535)  #F95AF8FF  srgba(249,90,248,1)
2,15: (63993,53713,19018,65535)  #F9D14AFF  srgba(249,209,74,1)
3,15: (64250,10794,62965,65535)  #FA2AF5FF  srgba(250,42,245,1)
4,15: (64250,11308,63222,65535)  #FA2CF6FF  srgba(250,44,246,1)
5,15: (64250,30583,21845,65535)  #FA7755FF  srgba(250,119,85,1)
6,15: (64250,32125,46003,65535)  #FA7DB3FF  srgba(250,125,179,1)
7,15: (64507,32639,33410,65535)  #FB7F82FF  srgba(251,127,130,1)
8,15: (64507,33667,63993,65535)  #FB83F9FF  srgba(251,131,249,1)
9,15: (64507,44975,22102,65535)  #FBAF56FF  srgba(251,175,86,1)
10,15: (64507,45746,46260,65535)  #FBB2B4FF  srgba(251,178,180,1)
11,15: (64507,51400,63993,65535)  #FBC8F9FF  srgba(251,200,249,1)
12,15: (64764,40092,64507,65535)  #FC9CFBFF  srgba(252,156,251,1)
13,15: (64764,45232,34695,65535)  #FCB087FF  srgba(252,176,135,1)
14,15: (64764,46003,64250,65535)  #FCB3FAFF  srgba(252,179,250,1)
15,15: (0,65535,0,0)  #00FF0000  srgba(0,255,0,0)
