# ImageMagick pixel enumeration: 16,16,65535,srgba
0,0: (0,0,0,65535)  #000000FF  black
1,0: (0,0,771,65535)  #000003FF  srgba(0,0,3,1)
2,0: (0,514,0,65535)  #000200FF  srgba(0,2,0,1)
3,0: (0,514,0,65535)  #000200FF  srgba(0,2,0,1)
4,0: (0,771,2570,65535)  #00030AFF  srgba(0,3,10,1)
5,0: (0,771,16191,65535)  #00033FFF  srgba(0,3,63,1)
6,0: (0,2313,13107,65535)  #000933FF  srgba(0,9,51,1)
7,0: (0,2570,1799,65535)  #000A07FF  srgba(0,10,7,1)
8,0: (0,4369,5140,65535)  #001114FF  srgba(0,17,20,1)
9,0: (0,7196,12593,65535)  #001C31FF  srgba(0,28,49,1)
10,0: (0,7710,2827,65535)  #001E0BFF  srgba(0,30,11,1)
11,0: (0,8738,0,65535)  #002200FF  srgba(0,34,0,1)
12,0: (0,9509,19789,65535)  #00254DFF  srgba(0,37,77,1)
13,0: (0,12850,31868,65535)  #00327CFF  srgba(0,50,124,1)
14,0: (0,15163,45232,65535)  #003BB0FF  srgba(0,59,176,1)
15,0: (0,18504,52942,65535)  #0048CEFF  srgba(0,72,206,1)
0,1: (0,20303,771,65535)  #004F03FF  srgba(0,79,3,1)
1,1: (0,22359,28784,65535)  #005770FF  srgba(0,87,112,1)
2,1: (0,22359,44718,65535)  #0057AEFF  srgba(0,87,174,1)
3,1: (0,23387,58853,65535)  #005BE5FF  srgba(0,91,229,1)
4,1: (0,25700,10537,65535)  #006429FF  srgba(0,100,41,1)
5,1: (0,29298,63222,65535)  #0072F6FF  srgba(0,114,246,1)
6,1: (0,30326,59624,65535)  #0076E8FF  srgba(0,118,232,1)
7,1: (0,30840,52685,65535)  #0078CDFF  srgba(0,120,205,1)
8,1: (0,31868,21331,65535)  #007C53FF  srgba(0,124,83,1)
9,1: (0,32125,30069,65535)  #007D75FF  srgba(0,125,117,1)
10,1: (0,32382,44718,65535)  #007EAEFF  srgba(0,126,174,1)
11,1: (0,32639,63222,65535)  #007FF6FF  srgba(0,127,246,1)
12,1: (0,34438,63222,65535)  #0086F6FF  srgba(0,134,246,1)
13,1: (0,34695,60652,65535)  #0087ECFF  srgba(0,135,236,1)
14,1: (0,35723,63222,65535)  #008BF6FF  srgba(0,139,246,1)
15,1: (0,36751,53199,65535)  #008FCFFF  srgba(0,143,207,1)
0,2: (0,36751,63479,65535)  #008FF7FF  srgba(0,143,247,1)
1,2: (0,37265,7196,65535)  #00911CFF  srgba(0,145,28,1)
2,2: (0,37522,59367,65535)  #0092E7FF  srgba(0,146,231,1)
3,2: (0,37779,14135,65535)  #009337FF  srgba(0,147,55,1)
4,2: (0,38036,62965,65535)  #0094F5FF  srgba(0,148,245,1)
5,2: (0,38550,59367,65535)  #0096E7FF  srgba(0,150,231,1)
6,2: (0,39578,24415,65535)  #009A5FFF  srgba(0,154,95,1)
7,2: (0,39578,54227,65535)  #009AD3FF  srgba(0,154,211,1)
8,2: (0,39835,59881,65535)  #009BE9FF  srgba(0,155,233,1)
9,2: (0,40092,57311,65535)  #009CDFFF  srgba(0,156,223,1)
10,2: (0,40606,37522,65535)  #009E92FF  srgba(0,158,146,1)
11,2: (0,41120,43690,65535)  #00A0AAFF  srgba(0,160,170,1)
12,2: (0,41120,48059,65535)  #00A0BBFF  srgba(0,160,187,1)
13,2: (0,41377,53456,65535)  #00A1D0FF  srgba(0,161,208,1)
14,2: (0,42148,13621,65535)  #00A435FF  srgba(0,164,53,1)
15,2: (0,42919,33153,65535)  #00A781FF  srgba(0,167,129,1)
0,3: (0,42919,46517,65535)  #00A7B5FF  srgba(0,167,181,1)
1,3: (0,42919,51657,65535)  #00A7C9FF  srgba(0,167,201,1)
2,3: (0,42919,55512,65535)  #00A7D8FF  srgba(0,167,216,1)
3,3: (0,43947,44204,65535)  #00ABACFF  srgba(0,171,172,1)
4,3: (0,43947,49344,65535)  #00ABC0FF  srgba(0,171,192,1)
5,3: (0,45746,43947,65535)  #00B2ABFF  srgba(0,178,171,1)
6,3: (0,46003,48316,65535)  #00B3BCFF  srgba(0,179,188,1)
7,3: (0,46260,40349,65535)  #00B49DFF  srgba(0,180,157,1)
8,3: (0,47031,11565,65535)  #00B72DFF  srgba(0,183,45,1)
9,3: (0,47288,36237,65535)  #00B88DFF  srgba(0,184,141,1)
10,3: (0,47545,23387,65535)  #00B95BFF  srgba(0,185,91,1)
11,3: (0,47802,31868,65535)  #00BA7CFF  srgba(0,186,124,1)
12,3: (0,51914,36751,65535)  #00CA8FFF  srgba(0,202,143,1)
13,3: (0,51914,38807,65535)  #00CA97FF  srgba(0,202,151,1)
14,3: (0,52428,29298,65535)  #00CC72FF  srgba(0,204,114,1)
15,3: (0,53456,21845,65535)  #00D055FF  srgba(0,208,85,1)
0,4: (0,53456,28784,65535)  #00D070FF  srgba(0,208,112,1)
1,4: (0,55512,22102,65535)  #00D856FF  srgba(0,216,86,1)
2,4: (0,55769,16705,65535)  #00D941FF  srgba(0,217,65,1)
3,4: (0,56283,11308,65535)  #00DB2CFF  srgba(0,219,44,1)
4,4: (0,57311,12079,65535)  #00DF2FFF  srgba(0,223,47,1)
5,4: (0,57568,20817,65535)  #00E051FF  srgba(0,224,81,1)
6,4: (0,58339,12850,65535)  #00E332FF  srgba(0,227,50,1)
7,4: (0,59110,15163,65535)  #00E63BFF  srgba(0,230,59,1)
8,4: (0,59367,13364,65535)  #00E734FF  srgba(0,231,52,1)
9,4: (0,59881,12593,65535)  #00E931FF  srgba(0,233,49,1)
10,4: (0,60138,13107,65535)  #00EA33FF  srgba(0,234,51,1)
11,4: (0,60138,15420,65535)  #00EA3CFF  srgba(0,234,60,1)
12,4: (0,60395,12850,65535)  #00EB32FF  srgba(0,235,50,1)
13,4: (0,60652,13364,65535)  #00EC34FF  srgba(0,236,52,1)
14,4: (0,60909,13107,65535)  #00ED33FF  srgba(0,237,51,1)
15,4: (0,61423,13107,65535)  #00EF33FF  srgba(0,239,51,1)
0,5: (0,61423,13364,65535)  #00EF34FF  srgba(0,239,52,1)
1,5: (0,61937,13878,65535)  #00F136FF  srgba(0,241,54,1)
2,5: (0,62965,14135,65535)  #00F537FF  srgba(0,245,55,1)
3,5: (0,63222,13621,65535)  #00F635FF  srgba(0,246,53,1)
4,5: (0,63479,13878,65535)  #00F736FF  srgba(0,247,54,1)
5,5: (0,63479,14649,65535)  #00F739FF  srgba(0,247,57,1)
6,5: (0,63736,14392,65535)  #00F838FF  srgba(0,248,56,1)
7,5: (257,17476,48573,65535)  #0144BDFF  srgba(1,68,189,1)
8,5: (257,20046,10537,65535)  #014E29FF  srgba(1,78,41,1)
9,5: (257,24672,60138,65535)  #0160EAFF  srgba(1,96,234,1)
10,5: (257,29812,30840,65535)  #017478FF  srgba(1,116,120,1)
11,5: (257,29812,63222,65535)  #0174F6FF  srgba(1,116,246,1)
12,5: (257,30326,47545,65535)  #0176B9FF  srgba(1,118,185,1)
13,5: (257,31354,63479,65535)  #017AF7FF  srgba(1,122,247,1)
14,5: (257,33153,63222,65535)  #0181F6FF  srgba(1,129,246,1)
15,5: (257,34438,63222,65535)  #0186F6FF  srgba(1,134,246,1)
0,6: (257,35209,13878,65535)  #018936FF  srgba(1,137,54,1)
1,6: (257,36494,63479,65535)  #018EF7FF  srgba(1,142,247,1)
2,6: (257,37522,63993,65535)  #0192F9FF  srgba(1,146,249,1)
3,6: (257,37779,61937,65535)  #0193F1FF  srgba(1,147,241,1)
4,6: (257,39321,49858,65535)  #0199C2FF  srgba(1,153,194,1)
5,6: (257,39578,60909,65535)  #019AEDFF  srgba(1,154,237,1)
6,6: (257,39835,56540,65535)  #019BDCFF  srgba(1,155,220,1)
7,6: (257,41634,49858,65535)  #01A2C2FF  srgba(1,162,194,1)
8,6: (257,53456,29812,65535)  #01D074FF  srgba(1,208,116,1)
9,6: (257,56026,21588,65535)  #01DA54FF  srgba(1,218,84,1)
10,6: (257,57825,12850,65535)  #01E132FF  srgba(1,225,50,1)
11,6: (257,59881,13364,65535)  #01E934FF  srgba(1,233,52,1)
12,6: (257,61680,13621,65535)  #01F035FF  srgba(1,240,53,1)
13,6: (257,61937,14135,65535)  #01F137FF  srgba(1,241,55,1)
14,6: (257,63479,14649,65535)  #01F739FF  srgba(1,247,57,1)
15,6: (514,1028,1028,65535)  #020404FF  srgba(2,4,4,1)
0,7: (514,52171,39321,65535)  #02CB99FF  srgba(2,203,153,1)
1,7: (514,58853,15420,65535)  #02E53CFF  srgba(2,229,60,1)
2,7: (771,37008,63479,65535)  #0390F7FF  srgba(3,144,247,1)
3,7: (771,38293,57568,65535)  #0395E0FF  srgba(3,149,224,1)
4,7: (1028,30840,58596,65535)  #0478E4FF  srgba(4,120,228,1)
5,7: (1028,30840,63479,65535)  #0478F7FF  srgba(4,120,247,1)
6,7: (1028,33410,47031,65535)  #0482B7FF  srgba(4,130,183,1)
7,7: (1028,41634,60138,65535)  #04A2EAFF  srgba(4,162,234,1)
8,7: (1028,41891,50629,65535)  #04A3C5FF  srgba(4,163,197,1)
9,7: (1028,45232,21845,65535)  #04B055FF  srgba(4,176,85,1)
10,7: (1028,45746,40863,65535)  #04B29FFF  srgba(4,178,159,1)
11,7: (1028,45746,48573,65535)  #04B2BDFF  srgba(4,178,189,1)
12,7: (1028,46774,33667,65535)  #04B683FF  srgba(4,182,131,1)
13,7: (1028,60138,14649,65535)  #04EA39FF  srgba(4,234,57,1)
14,7: (1285,17733,24158,65535)  #05455EFF  srgba(5,69,94,1)
15,7: (1285,18504,37779,65535)  #054893FF  srgba(5,72,147,1)
0,8: (1285,19275,48830,65535)  #054BBEFF  srgba(5,75,190,1)
1,8: (1285,21331,57054,65535)  #0553DEFF  srgba(5,83,222,1)
2,8: (1285,33410,33667,65535)  #058283FF  srgba(5,130,131,1)
3,8: (1285,34181,21074,65535)  #058552FF  srgba(5,133,82,1)
4,8: (1285,41634,55769,65535)  #05A2D9FF  srgba(5,162,217,1)
5,8: (1542,56540,12850,65535)  #06DC32FF  srgba(6,220,50,1)
6,8: (1799,54227,29041,65535)  #07D371FF  srgba(7,211,113,1)
7,8: (1799,61680,13621,65535)  #07F035FF  srgba(7,240,53,1)
8,8: (2313,55512,18247,65535)  #09D847FF  srgba(9,216,71,1)
9,8: (2313,62194,16191,65535)  #09F23FFF  srgba(9,242,63,1)
10,8: (3341,62965,14649,65535)  #0DF539FF  srgba(13,245,57,1)
11,8: (3598,52428,40349,65535)  #0ECC9DFF  srgba(14,204,157,1)
12,8: (4112,28527,10280,65535)  #106F28FF  srgba(16,111,40,1)
13,8: (4112,40092,57825,65535)  #109CE1FF  srgba(16,156,225,1)
14,8: (4369,44461,13621,65535)  #11AD35FF  srgba(17,173,53,1)
15,8: (4626,2056,3598,65535)  #12080EFF  srgba(18,8,14,1)
0,9: (4626,59367,14649,65535)  #12E739FF  srgba(18,231,57,1)
1,9: (4883,18761,24929,65535)  #134961FF  srgba(19,73,97,1)
2,9: (4883,35466,11565,65535)  #138A2DFF  srgba(19,138,45,1)
3,9: (4883,43690,10280,65535)  #13AA28FF  srgba(19,170,40,1)
4,9: (5140,51914,47031,65535)  #14CAB7FF  srgba(20,202,183,1)
5,9: (5397,30583,29812,65535)  #157774FF  srgba(21,119,116,1)
6,9: (5911,28784,61423,65535)  #1770EFFF  srgba(23,112,239,1)
7,9: (5911,42405,18247,65535)  #17A547FF  srgba(23,165,71,1)
8,9: (5911,51914,11565,65535)  #17CA2DFF  srgba(23,202,45,1)
9,9: (6425,14906,53199,65535)  #193ACFFF  srgba(25,58,207,1)
10,9: (6939,9509,22616,65535)  #1B2558FF  srgba(27,37,88,1)
11,9: (8481,21074,55769,65535)  #2152D9FF  srgba(33,82,217,1)
12,9: (8738,57311,12593,65535)  #22DF31FF  srgba(34,223,49,1)
13,9: (8995,42148,32382,65535)  #23A47EFF  srgba(35,164,126,1)
14,9: (9509,28013,47288,65535)  #256DB8FF  srgba(37,109,184,1)
15,9: (9766,32125,18247,65535)  #267D47FF  srgba(38,125,71,1)
0,10: (10023,61680,13621,65535)  #27F035FF  srgba(39,240,53,1)
1,10: (10280,18504,35209,65535)  #284889FF  srgba(40,72,137,1)
2,10: (10794,20303,43690,65535)  #2A4FAAFF  srgba(42,79,170,1)
3,10: (11308,15934,11051,65535)  #2C3E2BFF  srgba(44,62,43,1)
4,10: (11308,32896,10023,65535)  #2C8027FF  srgba(44,128,39,1)
5,10: (13107,11565,43690,65535)  #332DAAFF  srgba(51,45,170,1)
6,10: (13621,36494,42662,65535)  #358EA6FF  srgba(53,142,166,1)
7,10: (13878,19018,21588,65535)  #364A54FF  srgba(54,74,84,1)
8,10: (14135,46003,12593,65535)  #37B331FF  srgba(55,179,49,1)
9,10: (14392,19789,11822,65535)  #384D2EFF  srgba(56,77,46,1)
10,10: (15163,10023,35209,65535)  #3B2789FF  srgba(59,39,137,1)
11,10: (15934,13621,52942,65535)  #3E35CEFF  srgba(62,53,206,1)
12,10: (16448,33153,28784,65535)  #408170FF  srgba(64,129,112,1)
13,10: (17219,16962,13364,65535)  #434234FF  srgba(67,66,52,1)
14,10: (18504,8481,24415,65535)  #48215FFF  srgba(72,33,95,1)
15,10: (18504,60909,13621,65535)  #48ED35FF  srgba(72,237,53,1)
0,11: (18761,59110,18761,65535)  #49E649FF  srgba(73,230,73,1)
1,11: (18761,60909,13107,65535)  #49ED33FF  srgba(73,237,51,1)
2,11: (19018,41634,19018,65535)  #4AA24AFF  srgba(74,162,74,1)
3,11: (19018,42919,30326,65535)  #4AA776FF  srgba(74,167,118,1)
4,11: (19275,55769,12079,65535)  #4BD92FFF  srgba(75,217,47,1)
5,11: (20046,35209,19275,65535)  #4E894BFF  srgba(78,137,75,1)
6,11: (21074,53456,26471,65535)  #52D067FF  srgba(82,208,103,1)
7,11: (21588,60395,13878,65535)  #54EB36FF  srgba(84,235,54,1)
8,11: (22359,45746,11308,65535)  #57B22CFF  srgba(87,178,44,1)
9,11: (22359,54227,30326,65535)  #57D376FF  srgba(87,211,118,1)
10,11: (23644,3341,5911,65535)  #5C0D17FF  srgba(92,13,23,1)
11,11: (23644,22873,5911,65535)  #5C5917FF  srgba(92,89,23,1)
12,11: (23644,33153,7967,65535)  #5C811FFF  srgba(92,129,31,1)
13,11: (23901,13621,3084,65535)  #5D350CFF  srgba(93,53,12,1)
14,11: (24415,40349,21074,65535)  #5F9D52FF  srgba(95,157,82,1)
15,11: (24672,41120,25700,65535)  #60A064FF  srgba(96,160,100,1)
0,12: (25186,54227,29555,65535)  #62D373FF  srgba(98,211,115,1)
1,12: (25957,42405,21074,65535)  #65A552FF  srgba(101,165,82,1)
2,12: (26728,23130,29298,65535)  #685A72FF  srgba(104,90,114,1)
3,12: (26728,59881,13621,65535)  #68E935FF  srgba(104,233,53,1)
4,12: (26985,18247,44975,65535)  #6947AFFF  srgba(105,71,175,1)
5,12: (27242,10537,42148,65535)  #6A29A4FF  srgba(106,41,164,1)
6,12: (27756,10280,30326,65535)  #6C2876FF  srgba(108,40,118,1)
7,12: (28784,23130,20303,65535)  #705A4FFF  srgba(112,90,79,1)
8,12: (28784,57568,12593,65535)  #70E031FF  srgba(112,224,49,1)
9,12: (32382,9252,21074,65535)  #7E2452FF  srgba(126,36,82,1)
10,12: (32896,6168,38293,65535)  #801895FF  srgba(128,24,149,1)
11,12: (34181,57568,14649,65535)  #85E039FF  srgba(133,224,57,1)
12,12: (35209,5911,30583,65535)  #891777FF  srgba(137,23,119,1)
13,12: (35466,14906,4883,65535)  #8A3A13FF  srgba(138,58,19,1)
14,12: (35466,55512,16705,65535)  #8AD841FF  srgba(138,216,65,1)
15,12: (36494,5911,24158,65535)  #8E175EFF  srgba(142,23,94,1)
0,13: (36751,58082,13878,65535)  #8FE236FF  srgba(143,226,54,1)
1,13: (36751,58339,13621,65535)  #8FE335FF  srgba(143,227,53,1)
2,13: (37008,4626,3341,65535)  #90120DFF  srgba(144,18,13,1)
3,13: (37265,58082,13107,65535)  #91E233FF  srgba(145,226,51,1)
4,13: (37779,28527,6939,65535)  #936F1BFF  srgba(147,111,27,1)
5,13: (38036,4626,8224,65535)  #941220FF  srgba(148,18,32,1)
6,13: (38036,37779,9252,65535)  #949324FF  srgba(148,147,36,1)
7,13: (38550,54484,12336,65535)  #96D430FF  srgba(150,212,48,1)
8,13: (39064,46774,11051,65535)  #98B62BFF  srgba(152,182,43,1)
9,13: (39578,18504,45489,65535)  #9A48B1FF  srgba(154,72,177,1)
10,13: (40349,11308,41377,65535)  #9D2CA1FF  srgba(157,44,161,1)
11,13: (41120,18504,29812,65535)  #A04874FF  srgba(160,72,116,1)
12,13: (41634,10537,29555,65535)  #A22973FF  srgba(162,41,115,1)
13,13: (41891,8995,35723,65535)  #A3238BFF  srgba(163,35,139,1)
14,13: (42405,5654,17990,65535)  #A51646FF  srgba(165,22,70,1)
15,13: (43947,13364,4626,65535)  #AB3412FF  srgba(171,52,18,1)
0,14: (44461,11822,20560,65535)  #AD2E50FF  srgba(173,46,80,1)
1,14: (44461,57054,13621,65535)  #ADDE35FF  srgba(173,222,53,1)
2,14: (47288,55512,12850,65535)  #B8D832FF  srgba(184,216,50,1)
3,14: (47545,8738,26728,65535)  #B92268FF  srgba(185,34,104,1)
4,14: (49601,6168,7967,65535)  #C1181FFF  srgba(193,24,31,1)
5,14: (51657,44718,11051,65535)  #C9AE2BFF  srgba(201,174,43,1)
6,14: (52171,55512,13878,65535)  #CBD836FF  srgba(203,216,54,1)
7,14: (52428,32125,8481,65535)  #CC7D21FF  srgba(204,125,33,1)
8,14: (52942,16705,5140,65535)  #CE4114FF  srgba(206,65,20,1)
9,14: (53456,9509,5397,65535)  #D02515FF  srgba(208,37,21,1)
10,14: (53713,6939,26214,65535)  #D11B66FF  srgba(209,27,102,1)
11,14: (54741,55255,13621,65535)  #D5D735FF  srgba(213,215,53,1)
12,14: (55255,6682,17733,65535)  #D71A45FF  srgba(215,26,69,1)
13,14: (56026,6682,5911,65535)  #DA1A17FF  srgba(218,26,23,1)
14,14: (56283,6682,11565,65535)  #DB1A2DFF  srgba(219,26,45,1)
15,14: (56283,53970,12593,65535)  #DBD231FF  srgba(219,210,49,1)
0,15: (56797,54484,14906,65535)  #DDD43AFF  srgba(221,212,58,1)
1,15: (57054,8224,20046,65535)  #DE204EFF  srgba(222,32,78,1)
2,15: (57311,6939,21588,65535)  #DF1B54FF  srgba(223,27,84,1)
3,15: (58339,15420,19275,65535)  #E33C4BFF  srgba(227,60,75,1)
4,15: (58596,43176,17990,65535)  #E4A846FF  srgba(228,168,70,1)
5,15: (59881,52942,16705,65535)  #E9CE41FF  srgba(233,206,65,1)
6,15: (60909,6682,8224,65535)  #ED1A20FF  srgba(237,26,32,1)
7,15: (60909,6939,11051,65535)  #ED1B2BFF  srgba(237,27,43,1)
8,15: (60909,7453,9509,65535)  #ED1D25FF  srgba(237,29,37,1)
9,15: (60909,9252,8224,65535)  #ED2420FF  srgba(237,36,32,1)
10,15: (61166,7196,9766,65535)  #EE1C26FF  srgba(238,28,38,1)
11,15: (61423,7453,17733,65535)  #EF1D45FF  srgba(239,29,69,1)
12,15: (61423,7967,9766,65535)  #EF1F26FF  srgba(239,31,38,1)
13,15: (61937,20046,8995,65535)  #F14E23FF  srgba(241,78,35,1)
14,15: (62708,40349,11822,65535)  #F49D2EFF  srgba(244,157,46,1)
15,15: (0,65535,0,0)  #00FF0000  srgba(0,255,0,0)
