# ImageMagick pixel enumeration: 16,16,65535,srgba
0,0: (0,257,0,65535)  #000100FF  srgba(0,1,0,1)
1,0: (0,1028,0,65535)  #000400FF  srgba(0,4,0,1)
2,0: (0,2570,0,65535)  #000A00FF  srgba(0,10,0,1)
3,0: (0,4626,0,65535)  #001200FF  srgba(0,18,0,1)
4,0: (0,4883,35466,65535)  #00138AFF  srgba(0,19,138,1)
5,0: (0,6682,53713,65535)  #001AD1FF  srgba(0,26,209,1)
6,0: (0,6682,61680,65535)  #001AF0FF  srgba(0,26,240,1)
7,0: (0,6939,45232,65535)  #001BB0FF  srgba(0,27,176,1)
8,0: (0,7967,771,65535)  #001F03FF  srgba(0,31,3,1)
9,0: (0,7967,5911,65535)  #001F17FF  srgba(0,31,23,1)
10,0: (0,8224,12593,65535)  #002031FF  srgba(0,32,49,1)
11,0: (0,8481,19789,65535)  #00214DFF  srgba(0,33,77,1)
12,0: (0,8481,26471,65535)  #002167FF  srgba(0,33,103,1)
13,0: (0,9252,0,65535)  #002400FF  srgba(0,36,0,1)
14,0: (0,10537,0,65535)  #002900FF  srgba(0,41,0,1)
15,0: (0,10794,34952,65535)  #002A88FF  srgba(0,42,136,1)
0,1: (0,14392,45489,65535)  #0038B1FF  srgba(0,56,177,1)
1,1: (0,15934,0,65535)  #003E00FF  srgba(0,62,0,1)
2,1: (0,16191,54484,65535)  #003FD4FF  srgba(0,63,212,1)
3,1: (0,17219,0,65535)  #004300FF  srgba(0,67,0,1)
4,1: (0,17219,63736,65535)  #0043F8FF  srgba(0,67,248,1)
5,1: (0,18247,2570,65535)  #00470AFF  srgba(0,71,10,1)
6,1: (0,18761,12850,65535)  #004932FF  srgba(0,73,50,1)
7,1: (0,18761,26471,65535)  #004967FF  srgba(0,73,103,1)
8,1: (0,19018,36237,65535)  #004A8DFF  srgba(0,74,141,1)
9,1: (0,19789,45746,65535)  #004DB2FF  srgba(0,77,178,1)
10,1: (0,20303,0,65535)  #004F00FF  srgba(0,79,0,1)
11,1: (0,24929,46517,65535)  #0061B5FF  srgba(0,97,181,1)
12,1: (0,25186,0,65535)  #006200FF  srgba(0,98,0,1)
13,1: (0,25186,0,65535)  #006200FF  srgba(0,98,0,1)
14,1: (0,26985,62194,65535)  #0069F2FF  srgba(0,105,242,1)
15,1: (0,29041,0,65535)  #007100FF  srgba(0,113,0,1)
0,2: (0,30840,32639,65535)  #00787FFF  srgba(0,120,127,1)
1,2: (0,31097,16448,65535)  #007940FF  srgba(0,121,64,1)
2,2: (0,32896,1799,65535)  #008007FF  srgba(0,128,7,1)
3,2: (0,33153,0,65535)  #008100FF  srgba(0,129,0,1)
4,2: (0,33667,0,65535)  #008300FF  srgba(0,131,0,1)
5,2: (0,35980,62451,65535)  #008CF3FF  srgba(0,140,243,1)
6,2: (0,36751,52171,65535)  #008FCBFF  srgba(0,143,203,1)
7,2: (0,37008,0,65535)  #009000FF  srgba(0,144,0,1)
8,2: (0,39835,0,65535)  #009B00FF  srgba(0,155,0,1)
9,2: (0,40606,0,65535)  #009E00FF  srgba(0,158,0,1)
10,2: (0,43690,1028,65535)  #00AA04FF  srgba(0,170,4,1)
11,2: (0,44204,0,65535)  #00AC00FF  srgba(0,172,0,1)
12,2: (0,45489,58339,65535)  #00B1E3FF  srgba(0,177,227,1)
13,2: (0,46774,0,65535)  #00B600FF  srgba(0,182,0,1)
14,2: (0,47545,48830,65535)  #00B9BEFF  srgba(0,185,190,1)
15,2: (0,49601,17990,65535)  #00C146FF  srgba(0,193,70,1)
0,3: (0,49858,33667,65535)  #00C283FF  srgba(0,194,131,1)
1,3: (0,51914,56797,65535)  #00CADDFF  srgba(0,202,221,1)
2,3: (0,52171,0,65535)  #00CB00FF  srgba(0,203,0,1)
3,3: (0,52685,0,65535)  #00CD00FF  srgba(0,205,0,1)
4,3: (0,53713,48573,65535)  #00D1BDFF  srgba(0,209,189,1)
5,3: (0,57054,0,65535)  #00DE00FF  srgba(0,222,0,1)
6,3: (0,57311,1285,65535)  #00DF05FF  srgba(0,223,5,1)
7,3: (0,58339,0,65535)  #00E300FF  srgba(0,227,0,1)
8,3: (257,0,25700,65535)  #010064FF  srgba(1,0,100,1)
9,3: (257,0,32125,65535)  #01007DFF  srgba(1,0,125,1)
10,3: (514,0,16448,65535)  #020040FF  srgba(2,0,64,1)
11,3: (514,42919,0,65535)  #02A700FF  srgba(2,167,0,1)
12,3: (771,0,64250,65535)  #0300FAFF  srgba(3,0,250,1)
13,3: (1028,0,37265,65535)  #040091FF  srgba(4,0,145,1)
14,3: (1028,22616,0,65535)  #045800FF  srgba(4,88,0,1)
15,3: (1028,32125,0,65535)  #047D00FF  srgba(4,125,0,1)
0,4: (1285,12336,0,65535)  #053000FF  srgba(5,48,0,1)
1,4: (1542,0,41634,65535)  #0600A2FF  srgba(6,0,162,1)
2,4: (1799,5654,0,65535)  #071600FF  srgba(7,22,0,1)
3,4: (2056,0,0,65535)  #080000FF  srgba(8,0,0,1)
4,4: (2570,0,7196,65535)  #0A001CFF  srgba(10,0,28,1)
5,4: (2827,58082,0,65535)  #0BE200FF  srgba(11,226,0,1)
6,4: (3084,3598,48316,65535)  #0C0EBCFF  srgba(12,14,188,1)
7,4: (3084,10794,18761,65535)  #0C2A49FF  srgba(12,42,73,1)
8,4: (3341,12336,34181,65535)  #0D3085FF  srgba(13,48,133,1)
9,4: (3341,51400,0,65535)  #0DC800FF  srgba(13,200,0,1)
10,4: (3598,22873,63222,65535)  #0E59F6FF  srgba(14,89,246,1)
11,4: (3855,0,47288,65535)  #0F00B8FF  srgba(15,0,184,1)
12,4: (3855,0,54484,65535)  #0F00D4FF  srgba(15,0,212,1)
13,4: (3855,11051,1285,65535)  #0F2B05FF  srgba(15,43,5,1)
14,4: (3855,49087,0,65535)  #0FBF00FF  srgba(15,191,0,1)
15,4: (4112,10794,8481,65535)  #102A21FF  srgba(16,42,33,1)
0,5: (4112,22359,35723,65535)  #10578BFF  srgba(16,87,139,1)
1,5: (4112,32639,17990,65535)  #107F46FF  srgba(16,127,70,1)
2,5: (4112,46003,56797,65535)  #10B3DDFF  srgba(16,179,221,1)
3,5: (4112,47545,37522,65535)  #10B992FF  srgba(16,185,146,1)
4,5: (4112,47802,18247,65535)  #10BA47FF  srgba(16,186,71,1)
5,5: (4369,3855,35723,65535)  #110F8BFF  srgba(17,15,139,1)
6,5: (4369,12593,52942,65535)  #1131CEFF  srgba(17,49,206,1)
7,5: (4369,19275,1028,65535)  #114B04FF  srgba(17,75,4,1)
8,5: (4369,24158,51657,65535)  #115EC9FF  srgba(17,94,201,1)
9,5: (4369,33924,37265,65535)  #118491FF  srgba(17,132,145,1)
10,5: (4369,47545,50629,65535)  #11B9C5FF  srgba(17,185,197,1)
11,5: (4626,32382,257,65535)  #127E01FF  srgba(18,126,1,1)
12,5: (4883,0,64507,65535)  #1300FBFF  srgba(19,0,251,1)
13,5: (4883,4626,2313,65535)  #131209FF  srgba(19,18,9,1)
14,5: (4883,11565,64250,65535)  #132DFAFF  srgba(19,45,250,1)
15,5: (4883,11822,0,65535)  #132E00FF  srgba(19,46,0,1)
0,6: (5140,21588,12850,65535)  #145432FF  srgba(20,84,50,1)
1,6: (5140,35723,59110,65535)  #148BE6FF  srgba(20,139,230,1)
2,6: (5140,37265,52685,65535)  #1491CDFF  srgba(20,145,205,1)
3,6: (5397,4626,63736,65535)  #1512F8FF  srgba(21,18,248,1)
4,6: (5654,4112,25700,65535)  #161064FF  srgba(22,16,100,1)
5,6: (5654,38550,0,65535)  #169600FF  srgba(22,150,0,1)
6,6: (5911,5397,9509,65535)  #171525FF  srgba(23,21,37,1)
7,6: (6168,7710,1542,65535)  #181E06FF  srgba(24,30,6,1)
8,6: (6168,44461,0,65535)  #18AD00FF  srgba(24,173,0,1)
9,6: (6425,7196,0,65535)  #191C00FF  srgba(25,28,0,1)
10,6: (6682,4369,18761,65535)  #1A1149FF  srgba(26,17,73,1)
11,6: (6939,30840,0,65535)  #1B7800FF  srgba(27,120,0,1)
12,6: (7196,0,25957,65535)  #1C0065FF  srgba(28,0,101,1)
13,6: (7453,0,0,65535)  #1D0000FF  srgba(29,0,0,1)
14,6: (7453,257,31868,65535)  #1D017CFF  srgba(29,1,124,1)
15,6: (7453,21588,0,65535)  #1D5400FF  srgba(29,84,0,1)
0,7: (8224,0,13621,65535)  #200035FF  srgba(32,0,53,1)
1,7: (8224,257,3598,65535)  #20010EFF  srgba(32,1,14,1)
2,7: (8481,257,19789,65535)  #21014DFF  srgba(33,1,77,1)
3,7: (8995,5140,2313,65535)  #231409FF  srgba(35,20,9,1)
4,7: (8995,12593,0,65535)  #233100FF  srgba(35,49,0,1)
5,7: (9252,0,64250,65535)  #2400FAFF  srgba(36,0,250,1)
6,7: (10023,0,39321,65535)  #270099FF  srgba(39,0,153,1)
7,7: (10023,6168,0,65535)  #271800FF  srgba(39,24,0,1)
8,7: (10280,4369,9252,65535)  #281124FF  srgba(40,17,36,1)
9,7: (11308,4626,2056,65535)  #2C1208FF  srgba(44,18,8,1)
10,7: (12593,0,514,65535)  #310002FF  srgba(49,0,2,1)
11,7: (12850,2056,18504,65535)  #320848FF  srgba(50,8,72,1)
12,7: (12850,3084,13878,65535)  #320C36FF  srgba(50,12,54,1)
13,7: (13107,0,54227,65535)  #3300D3FF  srgba(51,0,211,1)
14,7: (13364,0,47288,65535)  #3400B8FF  srgba(52,0,184,1)
15,7: (13621,0,63993,65535)  #3500F9FF  srgba(53,0,249,1)
0,8: (13621,5140,771,65535)  #351403FF  srgba(53,20,3,1)
1,8: (13878,514,7196,65535)  #36021CFF  srgba(54,2,28,1)
2,8: (13878,4112,3855,65535)  #36100FFF  srgba(54,16,15,1)
3,8: (13878,4626,3855,65535)  #36120FFF  srgba(54,18,15,1)
4,8: (14135,0,31354,65535)  #37007AFF  srgba(55,0,122,1)
5,8: (14135,2827,13364,65535)  #370B34FF  srgba(55,11,52,1)
6,8: (14392,0,25443,65535)  #380063FF  srgba(56,0,99,1)
7,8: (14392,3084,1542,65535)  #380C06FF  srgba(56,12,6,1)
8,8: (14392,10023,0,65535)  #382700FF  srgba(56,39,0,1)
9,8: (14649,3598,3855,65535)  #390E0FFF  srgba(57,14,15,1)
10,8: (14906,257,19275,65535)  #3A014BFF  srgba(58,1,75,1)
11,8: (14906,2056,10537,65535)  #3A0829FF  srgba(58,8,41,1)
12,8: (15163,0,39321,65535)  #3B0099FF  srgba(59,0,153,1)
13,8: (15163,2056,13878,65535)  #3B0836FF  srgba(59,8,54,1)
14,8: (15163,2056,30069,65535)  #3B0875FF  srgba(59,8,117,1)
15,8: (15163,2827,8224,65535)  #3B0B20FF  srgba(59,11,32,1)
0,9: (15420,514,13107,65535)  #3C0233FF  srgba(60,2,51,1)
1,9: (15420,3084,4112,65535)  #3C0C10FF  srgba(60,12,16,1)
2,9: (15677,23644,0,65535)  #3D5C00FF  srgba(61,92,0,1)
3,9: (15934,771,1799,65535)  #3E0307FF  srgba(62,3,7,1)
4,9: (15934,2827,5654,65535)  #3E0B16FF  srgba(62,11,22,1)
5,9: (15934,29041,58082,65535)  #3E71E2FF  srgba(62,113,226,1)
6,9: (15934,52942,0,65535)  #3ECE00FF  srgba(62,206,0,1)
7,9: (16191,1028,3341,65535)  #3F040DFF  srgba(63,4,13,1)
8,9: (16191,43176,55255,65535)  #3FA8D7FF  srgba(63,168,215,1)
9,9: (16448,2056,7710,65535)  #40081EFF  srgba(64,8,30,1)
10,9: (16448,2570,2313,65535)  #400A09FF  srgba(64,10,9,1)
11,9: (16448,41120,0,65535)  #40A000FF  srgba(64,160,0,1)
12,9: (16705,1028,3341,65535)  #41040DFF  srgba(65,4,13,1)
13,9: (16705,2570,3855,65535)  #410A0FFF  srgba(65,10,15,1)
14,9: (16962,1028,2313,65535)  #420409FF  srgba(66,4,9,1)
15,9: (16962,1028,3341,65535)  #42040DFF  srgba(66,4,13,1)
0,10: (16962,1285,5911,65535)  #420517FF  srgba(66,5,23,1)
1,10: (17219,1285,3598,65535)  #43050EFF  srgba(67,5,14,1)
2,10: (17476,1285,3341,65535)  #44050DFF  srgba(68,5,13,1)
3,10: (17476,2056,2570,65535)  #44080AFF  srgba(68,8,10,1)
4,10: (17476,4112,34695,65535)  #441087FF  srgba(68,16,135,1)
5,10: (17733,1285,4369,65535)  #450511FF  srgba(69,5,17,1)
6,10: (17733,1799,3855,65535)  #45070FFF  srgba(69,7,15,1)
7,10: (17733,1799,6682,65535)  #45071AFF  srgba(69,7,26,1)
8,10: (17733,2056,2570,65535)  #45080AFF  srgba(69,8,10,1)
9,10: (17733,2056,5397,65535)  #450815FF  srgba(69,8,21,1)
10,10: (17990,1285,3598,65535)  #46050EFF  srgba(70,5,14,1)
11,10: (17990,2056,4626,65535)  #460812FF  srgba(70,8,18,1)
12,10: (17990,2313,4112,65535)  #460910FF  srgba(70,9,16,1)
13,10: (18247,1285,3341,65535)  #47050DFF  srgba(71,5,13,1)
14,10: (18247,1285,4369,65535)  #470511FF  srgba(71,5,17,1)
15,10: (18247,2056,2827,65535)  #47080BFF  srgba(71,8,11,1)
0,11: (18247,44718,23901,65535)  #47AE5DFF  srgba(71,174,93,1)
1,11: (18504,514,9509,65535)  #480225FF  srgba(72,2,37,1)
2,11: (18504,1028,3341,65535)  #48040DFF  srgba(72,4,13,1)
3,11: (18504,1028,6168,65535)  #480418FF  srgba(72,4,24,1)
4,11: (18504,1285,4626,65535)  #480512FF  srgba(72,5,18,1)
5,11: (18504,18504,60909,65535)  #4848EDFF  srgba(72,72,237,1)
6,11: (18504,46260,47031,65535)  #48B4B7FF  srgba(72,180,183,1)
7,11: (18761,0,16191,65535)  #49003FFF  srgba(73,0,63,1)
8,11: (19018,0,22873,65535)  #4A0059FF  srgba(74,0,89,1)
9,11: (19018,0,32639,65535)  #4A007FFF  srgba(74,0,127,1)
10,11: (19275,0,42919,65535)  #4B00A7FF  srgba(75,0,167,1)
11,11: (19275,0,50629,65535)  #4B00C5FF  srgba(75,0,197,1)
12,11: (19275,0,61423,65535)  #4B00EFFF  srgba(75,0,239,1)
13,11: (19275,771,4883,65535)  #4B0313FF  srgba(75,3,19,1)
14,11: (19275,13107,14649,65535)  #4B3339FF  srgba(75,51,57,1)
15,11: (20303,4626,61166,65535)  #4F12EEFF  srgba(79,18,238,1)
0,12: (20303,14392,3855,65535)  #4F380FFF  srgba(79,56,15,1)
1,12: (20303,29298,15163,65535)  #4F723BFF  srgba(79,114,59,1)
2,12: (20560,0,2313,65535)  #500009FF  srgba(80,0,9,1)
3,12: (20817,15677,40092,65535)  #513D9CFF  srgba(81,61,156,1)
4,12: (21588,2827,1028,65535)  #540B04FF  srgba(84,11,4,1)
5,12: (22102,0,4883,65535)  #560013FF  srgba(86,0,19,1)
6,12: (22616,31868,41634,65535)  #587CA2FF  srgba(88,124,162,1)
7,12: (23387,0,6682,65535)  #5B001AFF  srgba(91,0,26,1)
8,12: (23901,0,10280,65535)  #5D0028FF  srgba(93,0,40,1)
9,12: (24158,0,2570,65535)  #5E000AFF  srgba(94,0,10,1)
10,12: (24158,0,33153,65535)  #5E0081FF  srgba(94,0,129,1)
11,12: (24158,0,55255,65535)  #5E00D7FF  srgba(94,0,215,1)
12,12: (24415,0,23130,65535)  #5F005AFF  srgba(95,0,90,1)
13,12: (24415,0,43947,65535)  #5F00ABFF  srgba(95,0,171,1)
14,12: (24672,0,16448,65535)  #600040FF  srgba(96,0,64,1)
15,12: (24929,3598,14906,65535)  #610E3AFF  srgba(97,14,58,1)
0,13: (25186,52942,0,65535)  #62CE00FF  srgba(98,206,0,1)
1,13: (25700,40606,0,65535)  #649E00FF  srgba(100,158,0,1)
2,13: (26471,40092,55512,65535)  #679CD8FF  srgba(103,156,216,1)
3,13: (26985,0,4883,65535)  #690013FF  srgba(105,0,19,1)
4,13: (27242,13364,0,65535)  #6A3400FF  srgba(106,52,0,1)
5,13: (28784,28013,0,65535)  #706D00FF  srgba(112,109,0,1)
6,13: (29041,0,33924,65535)  #710084FF  srgba(113,0,132,1)
7,13: (29041,0,49601,65535)  #7100C1FF  srgba(113,0,193,1)
8,13: (29298,0,9252,65535)  #720024FF  srgba(114,0,36,1)
9,13: (29298,0,19018,65535)  #72004AFF  srgba(114,0,74,1)
10,13: (30069,17733,60652,65535)  #7545ECFF  srgba(117,69,236,1)
11,13: (30069,47802,28784,65535)  #75BA70FF  srgba(117,186,112,1)
12,13: (31868,0,34952,65535)  #7C0088FF  srgba(124,0,136,1)
13,13: (32639,0,10023,65535)  #7F0027FF  srgba(127,0,39,1)
14,13: (32639,0,18761,65535)  #7F0049FF  srgba(127,0,73,1)
15,13: (34952,0,771,65535)  #880003FF  srgba(136,0,3,1)
0,14: (35466,0,53970,65535)  #8A00D2FF  srgba(138,0,210,1)
1,14: (36494,0,10794,65535)  #8E002AFF  srgba(142,0,42,1)
2,14: (36751,50886,0,65535)  #8FC600FF  srgba(143,198,0,1)
3,14: (37008,39321,0,65535)  #909900FF  srgba(144,153,0,1)
4,14: (38036,0,17990,65535)  #940046FF  srgba(148,0,70,1)
5,14: (38036,46003,48830,65535)  #94B3BEFF  srgba(148,179,190,1)
6,14: (39064,0,34438,65535)  #980086FF  srgba(152,0,134,1)
7,14: (40092,27499,0,65535)  #9C6B00FF  srgba(156,107,0,1)
8,14: (40349,13878,0,65535)  #9D3600FF  srgba(157,54,0,1)
9,14: (41891,15677,60138,65535)  #A33DEAFF  srgba(163,61,234,1)
10,14: (42148,22102,45232,65535)  #A456B0FF  srgba(164,86,176,1)
11,14: (42662,35980,55255,65535)  #A68CD7FF  srgba(166,140,215,1)
12,14: (43433,2056,49601,65535)  #A908C1FF  srgba(169,8,193,1)
13,14: (45746,49344,0,65535)  #B2C000FF  srgba(178,192,0,1)
14,14: (46260,44975,28784,65535)  #B4AF70FF  srgba(180,175,112,1)
15,14: (46774,38550,0,65535)  #B69600FF  srgba(182,150,0,1)
0,15: (49858,26471,0,65535)  #C26700FF  srgba(194,103,0,1)
1,15: (50115,13107,0,65535)  #C33300FF  srgba(195,51,0,1)
2,15: (50372,21074,14392,65535)  #C45238FF  srgba(196,82,56,1)
3,15: (50629,20303,30069,65535)  #C54F75FF  srgba(197,79,117,1)
4,15: (51914,3084,0,65535)  #CA0C00FF  srgba(202,12,0,1)
5,15: (53456,4883,48573,65535)  #D013BDFF  srgba(208,19,189,1)
6,15: (54484,4626,64507,65535)  #D412FBFF  srgba(212,18,251,1)
7,15: (54998,0,257,65535)  #D60001FF  srgba(214,0,1,1)
8,15: (56283,14649,59624,65535)  #DB39E8FF  srgba(219,57,232,1)
9,15: (56283,47545,0,65535)  #DBB900FF  srgba(219,185,0,1)
10,15: (58082,21331,45232,65535)  #E253B0FF  srgba(226,83,176,1)
11,15: (58596,12079,0,65535)  #E42F00FF  srgba(228,47,0,1)
12,15: (58853,38036,0,65535)  #E59400FF  srgba(229,148,0,1)
13,15: (59881,26471,0,65535)  #E96700FF  srgba(233,103,0,1)
14,15: (60138,0,62451,65535)  #EA00F3FF  srgba(234,0,243,1)
15,15: (0,65535,0,0)  #00FF0000  srgba(0,255,0,0)
