# ImageMagick pixel enumeration: 16,16,65535,srgba
0,0: (0,0,257,65535)  #000001FF  srgba(0,0,1,1)
1,0: (0,1285,514,65535)  #000502FF  srgba(0,5,2,1)
2,0: (0,8224,0,65535)  #002000FF  srgba(0,32,0,1)
3,0: (0,10023,4112,65535)  #002710FF  srgba(0,39,16,1)
4,0: (0,32382,6682,65535)  #007E1AFF  srgba(0,126,26,1)
5,0: (0,32382,49087,65535)  #007EBFFF  srgba(0,126,191,1)
6,0: (0,32639,55769,65535)  #007FD9FF  srgba(0,127,217,1)
7,0: (0,32896,61166,65535)  #0080EEFF  srgba(0,128,238,1)
8,0: (0,35466,44461,65535)  #008AADFF  srgba(0,138,173,1)
9,0: (0,37008,33410,65535)  #009082FF  srgba(0,144,130,1)
10,0: (0,37522,56026,65535)  #0092DAFF  srgba(0,146,218,1)
11,0: (0,37779,26471,65535)  #009367FF  srgba(0,147,103,1)
12,0: (0,38550,23901,65535)  #00965DFF  srgba(0,150,93,1)
13,0: (0,38807,42405,65535)  #0097A5FF  srgba(0,151,165,1)
14,0: (0,39321,7196,65535)  #00991CFF  srgba(0,153,28,1)
15,0: (0,39578,14649,65535)  #009A39FF  srgba(0,154,57,1)
0,1: (0,39578,19018,65535)  #009A4AFF  srgba(0,154,74,1)
1,1: (0,40092,22873,65535)  #009C59FF  srgba(0,156,89,1)
2,1: (0,40092,52685,65535)  #009CCDFF  srgba(0,156,205,1)
3,1: (0,40349,9509,65535)  #009D25FF  srgba(0,157,37,1)
4,1: (0,40349,27756,65535)  #009D6CFF  srgba(0,157,108,1)
5,1: (0,43690,9252,65535)  #00AA24FF  srgba(0,170,36,1)
6,1: (0,44204,16191,65535)  #00AC3FFF  srgba(0,172,63,1)
7,1: (0,47802,10023,65535)  #00BA27FF  srgba(0,186,39,1)
8,1: (0,47802,11565,65535)  #00BA2DFF  srgba(0,186,45,1)
9,1: (0,50629,10794,65535)  #00C52AFF  srgba(0,197,42,1)
10,1: (0,51143,11051,65535)  #00C72BFF  srgba(0,199,43,1)
11,1: (0,51143,11565,65535)  #00C72DFF  srgba(0,199,45,1)
12,1: (257,36237,41377,65535)  #018DA1FF  srgba(1,141,161,1)
13,1: (257,37779,26728,65535)  #019368FF  srgba(1,147,104,1)
14,1: (257,38293,22102,65535)  #019556FF  srgba(1,149,86,1)
15,1: (257,38550,51143,65535)  #0196C7FF  srgba(1,150,199,1)
0,2: (257,39321,34181,65535)  #019985FF  srgba(1,153,133,1)
1,2: (257,39578,25957,65535)  #019A65FF  srgba(1,154,101,1)
2,2: (257,40349,40863,65535)  #019D9FFF  srgba(1,157,159,1)
3,2: (514,32125,13621,65535)  #027D35FF  srgba(2,125,53,1)
4,2: (514,37265,56283,65535)  #0291DBFF  srgba(2,145,219,1)
5,2: (514,37522,16191,65535)  #02923FFF  srgba(2,146,63,1)
6,2: (514,40092,8481,65535)  #029C21FF  srgba(2,156,33,1)
7,2: (514,40863,16962,65535)  #029F42FF  srgba(2,159,66,1)
8,2: (514,41377,10537,65535)  #02A129FF  srgba(2,161,41,1)
9,2: (514,43176,15934,65535)  #02A83EFF  srgba(2,168,62,1)
10,2: (514,45489,10280,65535)  #02B128FF  srgba(2,177,40,1)
11,2: (514,49344,11051,65535)  #02C02BFF  srgba(2,192,43,1)
12,2: (771,0,514,65535)  #030002FF  srgba(3,0,2,1)
13,2: (771,771,1028,65535)  #030304FF  srgba(3,3,4,1)
14,2: (771,31354,37008,65535)  #037A90FF  srgba(3,122,144,1)
15,2: (771,31868,28527,65535)  #037C6FFF  srgba(3,124,111,1)
0,3: (771,48316,14135,65535)  #03BC37FF  srgba(3,188,55,1)
1,3: (1028,31611,21074,65535)  #047B52FF  srgba(4,123,82,1)
2,3: (1542,32125,17219,65535)  #067D43FF  srgba(6,125,67,1)
3,3: (1799,6425,3084,65535)  #07190CFF  srgba(7,25,12,1)
4,3: (2827,25957,4883,65535)  #0B6513FF  srgba(11,101,19,1)
5,3: (2827,25957,59110,65535)  #0B65E6FF  srgba(11,101,230,1)
6,3: (2827,26214,46774,65535)  #0B66B6FF  srgba(11,102,182,1)
7,3: (2827,26214,54741,65535)  #0B66D5FF  srgba(11,102,213,1)
8,3: (3598,47031,13107,65535)  #0EB733FF  srgba(14,183,51,1)
9,3: (3855,26214,12336,65535)  #0F6630FF  srgba(15,102,48,1)
10,3: (4369,22359,50886,65535)  #1157C6FF  srgba(17,87,198,1)
11,3: (4883,41634,13364,65535)  #13A234FF  srgba(19,162,52,1)
12,3: (5140,37265,10794,65535)  #14912AFF  srgba(20,145,42,1)
13,3: (5397,35980,17219,65535)  #158C43FF  srgba(21,140,67,1)
14,3: (5654,31611,7196,65535)  #167B1CFF  srgba(22,123,28,1)
15,3: (5654,31868,46260,65535)  #167CB4FF  srgba(22,124,180,1)
0,4: (6168,31611,57825,65535)  #187BE1FF  srgba(24,123,225,1)
1,4: (6168,32125,53970,65535)  #187DD2FF  srgba(24,125,210,1)
2,4: (6425,31611,14135,65535)  #197B37FF  srgba(25,123,55,1)
3,4: (6425,37522,15677,65535)  #19923DFF  srgba(25,146,61,1)
4,4: (6939,25700,36494,65535)  #1B648EFF  srgba(27,100,142,1)
5,4: (6939,38036,16962,65535)  #1B9442FF  srgba(27,148,66,1)
6,4: (7453,1799,0,65535)  #1D0700FF  srgba(29,7,0,1)
7,4: (7453,5654,7453,65535)  #1D161DFF  srgba(29,22,29,1)
8,4: (7453,40092,17219,65535)  #1D9C43FF  srgba(29,156,67,1)
9,4: (7710,26728,17219,65535)  #1E6843FF  srgba(30,104,67,1)
10,4: (7967,31611,17219,65535)  #1F7B43FF  srgba(31,123,67,1)
11,4: (8224,36237,30326,65535)  #208D76FF  srgba(32,141,118,1)
12,4: (8481,35723,55255,65535)  #218BD7FF  srgba(33,139,215,1)
13,4: (8481,36237,22359,65535)  #218D57FF  srgba(33,141,87,1)
14,4: (8481,39835,25700,65535)  #219B64FF  srgba(33,155,100,1)
15,4: (8481,44204,17476,65535)  #21AC44FF  srgba(33,172,68,1)
0,5: (8738,25700,25957,65535)  #226465FF  srgba(34,100,101,1)
1,5: (8995,13878,21845,65535)  #233655FF  srgba(35,54,85,1)
2,5: (8995,35980,44718,65535)  #238CAEFF  srgba(35,140,174,1)
3,5: (9766,30583,20046,65535)  #26774EFF  srgba(38,119,78,1)
4,5: (9766,40349,44718,65535)  #269DAEFF  srgba(38,157,174,1)
5,5: (9766,40349,54484,65535)  #269DD4FF  srgba(38,157,212,1)
6,5: (10023,22359,59881,65535)  #2757E9FF  srgba(39,87,233,1)
7,5: (10280,17476,9252,65535)  #284424FF  srgba(40,68,36,1)
8,5: (10280,31097,36494,65535)  #28798EFF  srgba(40,121,142,1)
9,5: (10280,31354,26985,65535)  #287A69FF  srgba(40,122,105,1)
10,5: (10537,14906,33667,65535)  #293A83FF  srgba(41,58,131,1)
11,5: (10794,22616,35980,65535)  #2A588CFF  srgba(42,88,140,1)
12,5: (11051,20303,34181,65535)  #2B4F85FF  srgba(43,79,133,1)
13,5: (12079,20046,51400,65535)  #2F4EC8FF  srgba(47,78,200,1)
14,5: (12079,25700,19789,65535)  #2F644DFF  srgba(47,100,77,1)
15,5: (12336,22873,25186,65535)  #305962FF  srgba(48,89,98,1)
0,6: (12336,35723,16962,65535)  #308B42FF  srgba(48,139,66,1)
1,6: (12593,16962,50115,65535)  #3142C3FF  srgba(49,66,195,1)
2,6: (12593,25443,10280,65535)  #316328FF  srgba(49,99,40,1)
3,6: (12593,44204,24415,65535)  #31AC5FFF  srgba(49,172,95,1)
4,6: (13878,31354,17476,65535)  #367A44FF  srgba(54,122,68,1)
5,6: (13878,36494,14649,65535)  #368E39FF  srgba(54,142,57,1)
6,6: (14392,19018,60652,65535)  #384AECFF  srgba(56,74,236,1)
7,6: (14649,22359,50115,65535)  #3957C3FF  srgba(57,87,195,1)
8,6: (14649,26471,17476,65535)  #396744FF  srgba(57,103,68,1)
9,6: (14906,31611,50115,65535)  #3A7BC3FF  srgba(58,123,195,1)
10,6: (15163,25957,49858,65535)  #3B65C2FF  srgba(59,101,194,1)
11,6: (15420,20817,20560,65535)  #3C5150FF  srgba(60,81,80,1)
12,6: (15677,30840,7967,65535)  #3D781FFF  srgba(61,120,31,1)
13,6: (15934,32382,16448,65535)  #3E7E40FF  srgba(62,126,64,1)
14,6: (16448,22616,19532,65535)  #40584CFF  srgba(64,88,76,1)
15,6: (17733,39835,14906,65535)  #459B3AFF  srgba(69,155,58,1)
0,7: (18247,31354,56797,65535)  #477ADDFF  srgba(71,122,221,1)
1,7: (18247,43176,14906,65535)  #47A83AFF  srgba(71,168,58,1)
2,7: (18504,25700,58596,65535)  #4864E4FF  srgba(72,100,228,1)
3,7: (18761,30326,20303,65535)  #49764FFF  srgba(73,118,79,1)
4,7: (18761,31611,13621,65535)  #497B35FF  srgba(73,123,53,1)
5,7: (19789,24929,19532,65535)  #4D614CFF  srgba(77,97,76,1)
6,7: (19789,32382,15677,65535)  #4D7E3DFF  srgba(77,126,61,1)
7,7: (20303,13107,8481,65535)  #4F3321FF  srgba(79,51,33,1)
8,7: (20303,31097,36237,65535)  #4F798DFF  srgba(79,121,141,1)
9,7: (20560,19275,14392,65535)  #504B38FF  srgba(80,75,56,1)
10,7: (20560,25186,22359,65535)  #506257FF  srgba(80,98,87,1)
11,7: (20560,31097,17219,65535)  #507943FF  srgba(80,121,67,1)
12,7: (20560,31097,26471,65535)  #507967FF  srgba(80,121,103,1)
13,7: (20817,24929,17990,65535)  #516146FF  srgba(81,97,70,1)
14,7: (20817,25186,33153,65535)  #516281FF  srgba(81,98,129,1)
15,7: (21074,25186,7196,65535)  #52621CFF  srgba(82,98,28,1)
0,8: (21331,20817,15163,65535)  #53513BFF  srgba(83,81,59,1)
1,8: (21331,22873,19275,65535)  #53594BFF  srgba(83,89,75,1)
2,8: (21331,25443,14135,65535)  #536337FF  srgba(83,99,55,1)
3,8: (21588,25700,50115,65535)  #5464C3FF  srgba(84,100,195,1)
4,8: (21845,22102,52171,65535)  #5556CBFF  srgba(85,86,203,1)
5,8: (21845,22873,26214,65535)  #555966FF  srgba(85,89,102,1)
6,8: (21845,31868,49858,65535)  #557CC2FF  srgba(85,124,194,1)
7,8: (22102,17990,60909,65535)  #5646EDFF  srgba(86,70,237,1)
8,8: (22102,21845,60395,65535)  #5655EBFF  srgba(86,85,235,1)
9,8: (22102,25186,16705,65535)  #566241FF  srgba(86,98,65,1)
10,8: (22359,17733,51657,65535)  #5745C9FF  srgba(87,69,201,1)
11,8: (22359,18761,31868,65535)  #57497CFF  srgba(87,73,124,1)
12,8: (22359,20303,19789,65535)  #574F4DFF  srgba(87,79,77,1)
13,8: (22359,36494,15163,65535)  #578E3BFF  srgba(87,142,59,1)
14,8: (22359,44461,20303,65535)  #57AD4FFF  srgba(87,173,79,1)
15,8: (22616,36237,19018,65535)  #588D4AFF  srgba(88,141,74,1)
0,9: (22616,40349,19789,65535)  #589D4DFF  srgba(88,157,77,1)
1,9: (23130,31611,16448,65535)  #5A7B40FF  srgba(90,123,64,1)
2,9: (23644,36494,41377,65535)  #5C8EA1FF  srgba(92,142,161,1)
3,9: (24415,36494,31097,65535)  #5F8E79FF  srgba(95,142,121,1)
4,9: (24929,36237,53970,65535)  #618DD2FF  srgba(97,141,210,1)
5,9: (24929,41891,52942,65535)  #61A3CEFF  srgba(97,163,206,1)
6,9: (25700,40606,35980,65535)  #649E8CFF  srgba(100,158,140,1)
7,9: (26985,45232,32125,65535)  #69B07DFF  srgba(105,176,125,1)
8,9: (29041,28013,42405,65535)  #716DA5FF  srgba(113,109,165,1)
9,9: (29555,28270,57311,65535)  #736EDFFF  srgba(115,110,223,1)
10,9: (29555,30069,16448,65535)  #737540FF  srgba(115,117,64,1)
11,9: (29555,36494,14649,65535)  #738E39FF  srgba(115,142,57,1)
12,9: (30069,20046,14392,65535)  #754E38FF  srgba(117,78,56,1)
13,9: (30583,15934,60138,65535)  #773EEAFF  srgba(119,62,234,1)
14,9: (30583,19789,22102,65535)  #774D56FF  srgba(119,77,86,1)
15,9: (30583,22359,14906,65535)  #77573AFF  srgba(119,87,58,1)
0,10: (30583,31097,14649,65535)  #777939FF  srgba(119,121,57,1)
1,10: (30840,25186,16962,65535)  #786242FF  srgba(120,98,66,1)
2,10: (31097,25443,13364,65535)  #796334FF  srgba(121,99,52,1)
3,10: (31354,30326,26985,65535)  #7A7669FF  srgba(122,118,105,1)
4,10: (31868,13878,11051,65535)  #7C362BFF  srgba(124,54,43,1)
5,10: (31868,29041,52942,65535)  #7C71CEFF  srgba(124,113,206,1)
6,10: (31868,29298,19532,65535)  #7C724CFF  srgba(124,114,76,1)
7,10: (32125,23644,26728,65535)  #7D5C68FF  srgba(125,92,104,1)
8,10: (32382,43176,14392,65535)  #7EA838FF  srgba(126,168,56,1)
9,10: (32639,22873,19275,65535)  #7F594BFF  srgba(127,89,75,1)
10,10: (33153,20303,43433,65535)  #814FA9FF  srgba(129,79,169,1)
11,10: (33153,20303,59624,65535)  #814FE8FF  srgba(129,79,232,1)
12,10: (33410,16962,43690,65535)  #8242AAFF  srgba(130,66,170,1)
13,10: (33410,39835,14135,65535)  #829B37FF  srgba(130,155,55,1)
14,10: (33667,15420,54998,65535)  #833CD6FF  srgba(131,60,214,1)
15,10: (33924,43176,19018,65535)  #84A84AFF  srgba(132,168,74,1)
0,11: (34181,36751,19789,65535)  #858F4DFF  srgba(133,143,77,1)
1,11: (34438,20817,55512,65535)  #8651D8FF  srgba(134,81,216,1)
2,11: (34695,12850,43433,65535)  #8732A9FF  srgba(135,50,169,1)
3,11: (34695,17219,22102,65535)  #874356FF  srgba(135,67,86,1)
4,11: (35209,17990,13878,65535)  #894636FF  srgba(137,70,54,1)
5,11: (35980,36494,14135,65535)  #8C8E37FF  srgba(140,142,55,1)
6,11: (36494,13621,22873,65535)  #8E3559FF  srgba(142,53,89,1)
7,11: (36494,29555,15934,65535)  #8E733EFF  srgba(142,115,62,1)
8,11: (37265,36237,36751,65535)  #918D8FFF  srgba(145,141,143,1)
9,11: (37265,41120,36494,65535)  #91A08EFF  srgba(145,160,142,1)
10,11: (38293,27499,56797,65535)  #956BDDFF  srgba(149,107,221,1)
11,11: (38293,28270,42662,65535)  #956EA6FF  srgba(149,110,166,1)
12,11: (38293,39064,53199,65535)  #9598CFFF  srgba(149,152,207,1)
13,11: (38550,15420,60395,65535)  #963CEBFF  srgba(150,60,235,1)
14,11: (39578,19789,21588,65535)  #9A4D54FF  srgba(154,77,84,1)
15,11: (39578,22359,15677,65535)  #9A573DFF  srgba(154,87,61,1)
0,12: (39835,20046,14906,65535)  #9B4E3AFF  srgba(155,78,58,1)
1,12: (40349,25186,15934,65535)  #9D623EFF  srgba(157,98,62,1)
2,12: (40349,30069,53199,65535)  #9D75CFFF  srgba(157,117,207,1)
3,12: (40349,31868,13878,65535)  #9D7C36FF  srgba(157,124,54,1)
4,12: (41120,13364,12079,65535)  #A0342FFF  srgba(160,52,47,1)
5,12: (41634,29298,15934,65535)  #A2723EFF  srgba(162,114,62,1)
6,12: (42662,39064,19275,65535)  #A6984BFF  srgba(166,152,75,1)
7,12: (42662,40863,13621,65535)  #A69F35FF  srgba(166,159,53,1)
8,12: (43176,35980,13621,65535)  #A88C35FF  srgba(168,140,53,1)
9,12: (44975,26728,22873,65535)  #AF6859FF  srgba(175,104,89,1)
10,12: (45232,26728,29041,65535)  #B06871FF  srgba(176,104,113,1)
11,12: (45489,24929,19018,65535)  #B1614AFF  srgba(177,97,74,1)
12,12: (47288,13364,21845,65535)  #B83455FF  srgba(184,52,85,1)
13,12: (47545,19018,21074,65535)  #B94A52FF  srgba(185,74,82,1)
14,12: (47545,24158,16191,65535)  #B95E3FFF  srgba(185,94,63,1)
15,12: (48059,29812,55512,65535)  #BB74D8FF  srgba(187,116,216,1)
0,13: (48059,30583,52685,65535)  #BB77CDFF  srgba(187,119,205,1)
1,13: (48316,24158,57311,65535)  #BC5EDFFF  srgba(188,94,223,1)
2,13: (48316,28270,43176,65535)  #BC6EA8FF  srgba(188,110,168,1)
3,13: (48573,31354,14135,65535)  #BD7A37FF  srgba(189,122,55,1)
4,13: (48830,17219,60138,65535)  #BE43EAFF  srgba(190,67,234,1)
5,13: (48830,30069,15677,65535)  #BE753DFF  srgba(190,117,61,1)
6,13: (48830,38293,13878,65535)  #BE9536FF  srgba(190,149,54,1)
7,13: (49601,16705,15420,65535)  #C1413CFF  srgba(193,65,60,1)
8,13: (49858,37522,52171,65535)  #C292CBFF  srgba(194,146,203,1)
9,13: (49858,39835,37008,65535)  #C29B90FF  srgba(194,155,144,1)
10,13: (50629,18761,41120,65535)  #C549A0FF  srgba(197,73,160,1)
11,13: (50886,21074,16705,65535)  #C65241FF  srgba(198,82,65,1)
12,13: (50886,35723,38293,65535)  #C68B95FF  srgba(198,139,149,1)
13,13: (51914,16962,54484,65535)  #CA42D4FF  srgba(202,66,212,1)
14,13: (52171,12336,40863,65535)  #CB309FFF  srgba(203,48,159,1)
15,13: (53199,38036,19275,65535)  #CF944BFF  srgba(207,148,75,1)
0,14: (54484,29812,14906,65535)  #D4743AFF  srgba(212,116,58,1)
1,14: (55512,24158,15677,65535)  #D85E3DFF  srgba(216,94,61,1)
2,14: (57825,17476,18761,65535)  #E14449FF  srgba(225,68,73,1)
3,14: (58082,14906,16448,65535)  #E23A40FF  srgba(226,58,64,1)
4,14: (58082,37522,13878,65535)  #E29236FF  srgba(226,146,54,1)
5,14: (58596,20303,19275,65535)  #E44F4BFF  srgba(228,79,75,1)
6,14: (59624,16962,20303,65535)  #E8424FFF  srgba(232,66,79,1)
7,14: (59624,26471,19532,65535)  #E8674CFF  srgba(232,103,76,1)
8,14: (59881,14392,20303,65535)  #E9384FFF  srgba(233,56,79,1)
9,14: (59881,27756,27499,65535)  #E96C6BFF  srgba(233,108,107,1)
10,14: (60138,11565,20560,65535)  #EA2D50FF  srgba(234,45,80,1)
11,14: (60395,13107,25186,65535)  #EB3362FF  srgba(235,51,98,1)
12,14: (60395,17219,25700,65535)  #EB4364FF  srgba(235,67,100,1)
13,14: (60395,30069,14906,65535)  #EB753AFF  srgba(235,117,58,1)
14,14: (60652,18247,59367,65535)  #EC47E7FF  srgba(236,71,231,1)
15,14: (60652,19018,16962,65535)  #EC4A42FF  srgba(236,74,66,1)
0,15: (60909,21074,26985,65535)  #ED5269FF  srgba(237,82,105,1)
1,15: (60909,27756,56283,65535)  #ED6CDBFF  srgba(237,108,219,1)
2,15: (61166,9509,25186,65535)  #EE2562FF  srgba(238,37,98,1)
3,15: (61680,11822,62194,65535)  #F02EF2FF  srgba(240,46,242,1)
4,15: (62708,23130,56540,65535)  #F45ADCFF  srgba(244,90,220,1)
5,15: (62708,29041,52685,65535)  #F471CDFF  srgba(244,113,205,1)
6,15: (62965,26471,39064,65535)  #F56798FF  srgba(245,103,152,1)
7,15: (63479,28270,48573,65535)  #F76EBDFF  srgba(247,110,189,1)
8,15: (63736,19018,40349,65535)  #F84A9DFF  srgba(248,74,157,1)
9,15: (63993,11822,40863,65535)  #F92E9FFF  srgba(249,46,159,1)
10,15: (63993,21331,16448,65535)  #F95340FF  srgba(249,83,64,1)
11,15: (64507,18504,54998,65535)  #FB48D6FF  srgba(251,72,214,1)
12,15: (64764,24158,15163,65535)  #FC5E3BFF  srgba(252,94,59,1)
13,15: (64764,29555,14392,65535)  #FC7338FF  srgba(252,115,56,1)
14,15: (65278,10280,24929,65535)  #FE2861FF  srgba(254,40,97,1)
15,15: (0,65535,0,0)  #00FF0000  srgba(0,255,0,0)
