# ImageMagick pixel enumeration: 16,16,65535,srgba
0,0: (0,0,0,65535)  #000000FF  black
1,0: (0,0,514,65535)  #000002FF  srgba(0,0,2,1)
2,0: (257,0,1285,65535)  #010005FF  srgba(1,0,5,1)
3,0: (771,0,771,65535)  #030003FF  srgba(3,0,3,1)
4,0: (1028,0,1799,65535)  #040007FF  srgba(4,0,7,1)
5,0: (1028,0,2827,65535)  #04000BFF  srgba(4,0,11,1)
6,0: (1542,0,1285,65535)  #060005FF  srgba(6,0,5,1)
7,0: (1799,0,1799,65535)  #070007FF  srgba(7,0,7,1)
8,0: (1799,0,2570,65535)  #07000AFF  srgba(7,0,10,1)
9,0: (2313,0,2827,65535)  #09000BFF  srgba(9,0,11,1)
10,0: (3084,0,3084,65535)  #0C000CFF  srgba(12,0,12,1)
11,0: (3084,0,4112,65535)  #0C0010FF  srgba(12,0,16,1)
12,0: (3855,0,4626,65535)  #0F0012FF  srgba(15,0,18,1)
13,0: (4626,0,5140,65535)  #120014FF  srgba(18,0,20,1)
14,0: (5397,0,6682,65535)  #15001AFF  srgba(21,0,26,1)
15,0: (5654,0,5654,65535)  #160016FF  srgba(22,0,22,1)
0,1: (6682,0,7196,65535)  #1A001CFF  srgba(26,0,28,1)
1,1: (6939,257,7967,65535)  #1B011FFF  srgba(27,1,31,1)
2,1: (7196,257,8738,65535)  #1C0122FF  srgba(28,1,34,1)
3,1: (8224,514,8738,65535)  #200222FF  srgba(32,2,34,1)
4,1: (8738,1028,9766,65535)  #220426FF  srgba(34,4,38,1)
5,1: (9509,1542,10280,65535)  #250628FF  srgba(37,6,40,1)
6,1: (10280,1799,10794,65535)  #28072AFF  srgba(40,7,42,1)
7,1: (10537,1542,11565,65535)  #29062DFF  srgba(41,6,45,1)
8,1: (10794,3084,11565,65535)  #2A0C2DFF  srgba(42,12,45,1)
9,1: (11051,2570,12079,65535)  #2B0A2FFF  srgba(43,10,47,1)
10,1: (11308,2570,12593,65535)  #2C0A31FF  srgba(44,10,49,1)
11,1: (11565,4369,12336,65535)  #2D1130FF  srgba(45,17,48,1)
12,1: (12336,2827,13107,65535)  #300B33FF  srgba(48,11,51,1)
13,1: (12850,4883,13364,65535)  #321334FF  srgba(50,19,52,1)
14,1: (13107,3084,13878,65535)  #330C36FF  srgba(51,12,54,1)
15,1: (13364,4883,14392,65535)  #341338FF  srgba(52,19,56,1)
0,2: (14135,2827,14649,65535)  #370B39FF  srgba(55,11,57,1)
1,2: (14135,6682,14906,65535)  #371A3AFF  srgba(55,26,58,1)
2,2: (14649,5140,15420,65535)  #39143CFF  srgba(57,20,60,1)
3,2: (15420,6939,16191,65535)  #3C1B3FFF  srgba(60,27,63,1)
4,2: (15420,7967,16191,65535)  #3C1F3FFF  srgba(60,31,63,1)
5,2: (15677,5140,16191,65535)  #3D143FFF  srgba(61,20,63,1)
6,2: (15934,3341,16191,65535)  #3E0D3FFF  srgba(62,13,63,1)
7,2: (16705,6939,17219,65535)  #411B43FF  srgba(65,27,67,1)
8,2: (16705,9252,17476,65535)  #412444FF  srgba(65,36,68,1)
9,2: (16962,10280,17476,65535)  #422844FF  srgba(66,40,68,1)
10,2: (17219,5397,17476,65535)  #431544FF  srgba(67,21,68,1)
11,2: (17219,8224,17733,65535)  #432045FF  srgba(67,32,69,1)
12,2: (17476,6425,19018,65535)  #44194AFF  srgba(68,25,74,1)
13,2: (17990,12336,17476,65535)  #463044FF  srgba(70,48,68,1)
14,2: (18247,8995,19018,65535)  #47234AFF  srgba(71,35,74,1)
15,2: (18247,11051,19275,65535)  #472B4BFF  srgba(71,43,75,1)
0,3: (18761,6682,19275,65535)  #491A4BFF  srgba(73,26,75,1)
1,3: (19275,8738,20303,65535)  #4B224FFF  srgba(75,34,79,1)
2,3: (19275,11565,19532,65535)  #4B2D4CFF  srgba(75,45,76,1)
3,3: (19789,6939,20046,65535)  #4D1B4EFF  srgba(77,27,78,1)
4,3: (19789,11308,20303,65535)  #4D2C4FFF  srgba(77,44,79,1)
5,3: (19789,15677,19789,65535)  #4D3D4DFF  srgba(77,61,77,1)
6,3: (20046,11822,21074,65535)  #4E2E52FF  srgba(78,46,82,1)
7,3: (20560,15677,21588,65535)  #503D54FF  srgba(80,61,84,1)
8,3: (21074,12336,21845,65535)  #523055FF  srgba(82,48,85,1)
9,3: (21331,8224,21845,65535)  #532055FF  srgba(83,32,85,1)
10,3: (21331,15677,21074,65535)  #533D52FF  srgba(83,61,82,1)
11,3: (21588,15677,22616,65535)  #543D58FF  srgba(84,61,88,1)
12,3: (21845,10023,22102,65535)  #552756FF  srgba(85,39,86,1)
13,3: (21845,19789,21845,65535)  #554D55FF  srgba(85,77,85,1)
14,3: (22102,12593,22616,65535)  #563158FF  srgba(86,49,88,1)
15,3: (22359,15934,22102,65535)  #573E56FF  srgba(87,62,86,1)
0,4: (22616,15677,23644,65535)  #583D5CFF  srgba(88,61,92,1)
1,4: (22616,20303,23644,65535)  #584F5CFF  srgba(88,79,92,1)
2,4: (23387,8738,24415,65535)  #5B225FFF  srgba(91,34,95,1)
3,4: (23644,11308,23901,65535)  #5C2C5DFF  srgba(92,44,93,1)
4,4: (23644,12850,24158,65535)  #5C325EFF  srgba(92,50,94,1)
5,4: (23644,14649,24672,65535)  #5C3960FF  srgba(92,57,96,1)
6,4: (23644,14906,23644,65535)  #5C3A5CFF  srgba(92,58,92,1)
7,4: (23644,16962,24929,65535)  #5C4261FF  srgba(92,66,97,1)
8,4: (23901,17476,23130,65535)  #5D445AFF  srgba(93,68,90,1)
9,4: (23901,23387,24672,65535)  #5D5B60FF  srgba(93,91,96,1)
10,4: (24415,20303,23387,65535)  #5F4F5BFF  srgba(95,79,91,1)
11,4: (24672,10280,25443,65535)  #602863FF  srgba(96,40,99,1)
12,4: (24672,20303,25957,65535)  #604F65FF  srgba(96,79,101,1)
13,4: (24929,20303,24672,65535)  #614F60FF  srgba(97,79,96,1)
14,4: (25186,16191,25186,65535)  #623F62FF  srgba(98,63,98,1)
15,4: (25186,16448,26214,65535)  #624066FF  srgba(98,64,102,1)
0,5: (25700,11308,26471,65535)  #642C67FF  srgba(100,44,103,1)
1,5: (25700,24672,25700,65535)  #646064FF  srgba(100,96,100,1)
2,5: (25957,13107,26214,65535)  #653366FF  srgba(101,51,102,1)
3,5: (25957,25700,26214,65535)  #656466FF  srgba(101,100,102,1)
4,5: (25957,28270,25700,65535)  #656E64FF  srgba(101,110,100,1)
5,5: (26214,20303,27756,65535)  #664F6CFF  srgba(102,79,108,1)
6,5: (26214,23387,25700,65535)  #665B64FF  srgba(102,91,100,1)
7,5: (26471,16448,26471,65535)  #674067FF  srgba(103,64,103,1)
8,5: (26728,16448,27242,65535)  #68406AFF  srgba(104,64,106,1)
9,5: (26728,20560,25957,65535)  #685065FF  srgba(104,80,101,1)
10,5: (26728,24415,27242,65535)  #685F6AFF  srgba(104,95,106,1)
11,5: (27242,12850,28013,65535)  #6A326DFF  srgba(106,50,109,1)
12,5: (27242,24415,28527,65535)  #6A5F6FFF  srgba(106,95,111,1)
13,5: (27242,26728,28013,65535)  #6A686DFF  srgba(106,104,109,1)
14,5: (27242,30840,28270,65535)  #6A786EFF  srgba(106,120,110,1)
15,5: (27499,16448,28270,65535)  #6B406EFF  srgba(107,64,110,1)
0,6: (27756,20303,28527,65535)  #6C4F6FFF  srgba(108,79,111,1)
1,6: (27756,27756,28270,65535)  #6C6C6EFF  srgba(108,108,110,1)
2,6: (29041,17990,28784,65535)  #714670FF  srgba(113,70,112,1)
3,6: (29041,22102,28013,65535)  #71566DFF  srgba(113,86,109,1)
4,6: (29041,25700,28270,65535)  #71646EFF  srgba(113,100,110,1)
5,6: (29298,13364,29812,65535)  #723474FF  srgba(114,52,116,1)
6,6: (29298,21845,30326,65535)  #725576FF  srgba(114,85,118,1)
7,6: (29298,25700,30326,65535)  #726476FF  srgba(114,100,118,1)
8,6: (29298,28270,29555,65535)  #726E73FF  srgba(114,110,115,1)
9,6: (29555,15163,30069,65535)  #733B75FF  srgba(115,59,117,1)
10,6: (29555,30069,29555,65535)  #737573FF  srgba(115,117,115,1)
11,6: (30069,30069,30583,65535)  #757577FF  srgba(117,117,119,1)
12,6: (30583,17990,30840,65535)  #774678FF  srgba(119,70,120,1)
13,6: (30840,29555,31611,65535)  #78737BFF  srgba(120,115,123,1)
14,6: (31097,35723,32125,65535)  #798B7DFF  srgba(121,139,125,1)
15,6: (31354,22102,30840,65535)  #7A5678FF  srgba(122,86,120,1)
0,7: (31354,31611,31868,65535)  #7A7B7CFF  srgba(122,123,124,1)
1,7: (31611,25700,30583,65535)  #7B6477FF  srgba(123,100,119,1)
2,7: (32125,13621,32896,65535)  #7D3580FF  srgba(125,53,128,1)
3,7: (32125,17733,32639,65535)  #7D457FFF  srgba(125,69,127,1)
4,7: (32382,25443,33410,65535)  #7E6382FF  srgba(126,99,130,1)
5,7: (32382,30840,32125,65535)  #7E787DFF  srgba(126,120,125,1)
6,7: (32382,30840,33410,65535)  #7E7882FF  srgba(126,120,130,1)
7,7: (32639,21588,33153,65535)  #7F5481FF  srgba(127,84,129,1)
8,7: (32896,32896,33410,65535)  #808082FF  srgba(128,128,130,1)
9,7: (33667,31868,33667,65535)  #837C83FF  srgba(131,124,131,1)
10,7: (33924,14135,34438,65535)  #843786FF  srgba(132,55,134,1)
11,7: (34181,17990,34438,65535)  #854686FF  srgba(133,70,134,1)
12,7: (34181,31097,33924,65535)  #857984FF  srgba(133,121,132,1)
13,7: (34181,33924,34438,65535)  #858486FF  srgba(133,132,134,1)
14,7: (34438,35209,34438,65535)  #868986FF  srgba(134,137,134,1)
15,7: (34695,21074,34438,65535)  #875286FF  srgba(135,82,134,1)
0,8: (34695,35466,35466,65535)  #878A8AFF  srgba(135,138,138,1)
1,8: (35209,15420,35980,65535)  #893C8CFF  srgba(137,60,140,1)
2,8: (35209,24672,34181,65535)  #896085FF  srgba(137,96,133,1)
3,8: (35209,33410,35466,65535)  #89828AFF  srgba(137,130,138,1)
4,8: (35466,17219,36494,65535)  #8A438EFF  srgba(138,67,142,1)
5,8: (35466,25443,36237,65535)  #8A638DFF  srgba(138,99,141,1)
6,8: (35466,35466,35723,65535)  #8A8A8BFF  srgba(138,138,139,1)
7,8: (35723,30583,34181,65535)  #8B7785FF  srgba(139,119,133,1)
8,8: (35980,20560,36494,65535)  #8C508EFF  srgba(140,80,142,1)
9,8: (36237,35980,36751,65535)  #8D8C8FFF  srgba(141,140,143,1)
10,8: (36237,38036,37265,65535)  #8D9491FF  srgba(141,148,145,1)
11,8: (36494,17219,37265,65535)  #8E4391FF  srgba(142,67,145,1)
12,8: (36494,36494,37008,65535)  #8E8E90FF  srgba(142,142,144,1)
13,8: (36751,31868,37008,65535)  #8F7C90FF  srgba(143,124,144,1)
14,8: (37265,37008,37522,65535)  #919092FF  srgba(145,144,146,1)
15,8: (37522,17476,37779,65535)  #924493FF  srgba(146,68,147,1)
0,9: (37779,20303,37779,65535)  #934F93FF  srgba(147,79,147,1)
1,9: (37779,25186,36751,65535)  #93628FFF  srgba(147,98,143,1)
2,9: (37779,31354,39578,65535)  #937A9AFF  srgba(147,122,154,1)
3,9: (38036,24929,38550,65535)  #946196FF  srgba(148,97,150,1)
4,9: (38036,37522,38550,65535)  #949296FF  srgba(148,146,150,1)
5,9: (38293,17990,39064,65535)  #954698FF  srgba(149,70,152,1)
6,9: (38293,25186,40606,65535)  #95629EFF  srgba(149,98,158,1)
7,9: (38550,20046,39321,65535)  #964E99FF  srgba(150,78,153,1)
8,9: (38550,38807,39064,65535)  #969798FF  srgba(150,151,152,1)
9,9: (39321,39064,40092,65535)  #99989CFF  srgba(153,152,156,1)
10,9: (39835,19018,39835,65535)  #9B4A9BFF  srgba(155,74,155,1)
11,9: (40349,23644,40092,65535)  #9D5C9CFF  srgba(157,92,156,1)
12,9: (40349,31611,39835,65535)  #9D7B9BFF  srgba(157,123,155,1)
13,9: (40349,39835,40349,65535)  #9D9B9DFF  srgba(157,155,157,1)
14,9: (40606,21074,40863,65535)  #9E529FFF  srgba(158,82,159,1)
15,9: (40606,40349,41120,65535)  #9E9DA0FF  srgba(158,157,160,1)
0,10: (40606,45232,42148,65535)  #9EB0A4FF  srgba(158,176,164,1)
1,10: (40863,19532,41377,65535)  #9F4CA1FF  srgba(159,76,161,1)
2,10: (40863,40606,41377,65535)  #9F9EA1FF  srgba(159,158,161,1)
3,10: (41120,26985,40606,65535)  #A0699EFF  srgba(160,105,158,1)
4,10: (41120,38036,42662,65535)  #A094A6FF  srgba(160,148,166,1)
5,10: (41634,23387,42148,65535)  #A25BA4FF  srgba(162,91,164,1)
6,10: (41634,41377,41891,65535)  #A2A1A3FF  srgba(162,161,163,1)
7,10: (41891,30840,43947,65535)  #A378ABFF  srgba(163,120,171,1)
8,10: (42148,42148,42662,65535)  #A4A4A6FF  srgba(164,164,166,1)
9,10: (42148,42662,43176,65535)  #A4A6A8FF  srgba(164,166,168,1)
10,10: (42405,42405,43176,65535)  #A5A5A8FF  srgba(165,165,168,1)
11,10: (42662,22359,43176,65535)  #A657A8FF  srgba(166,87,168,1)
12,10: (42662,25700,43690,65535)  #A664AAFF  srgba(166,100,170,1)
13,10: (42919,31354,41377,65535)  #A77AA1FF  srgba(167,122,161,1)
14,10: (42919,42662,43433,65535)  #A7A6A9FF  srgba(167,166,169,1)
15,10: (43176,42148,42919,65535)  #A8A4A7FF  srgba(168,164,167,1)
0,11: (43176,42662,43690,65535)  #A8A6AAFF  srgba(168,166,170,1)
1,11: (43433,31097,46260,65535)  #A979B4FF  srgba(169,121,180,1)
2,11: (43433,43176,43690,65535)  #A9A8AAFF  srgba(169,168,170,1)
3,11: (43690,38036,46260,65535)  #AA94B4FF  srgba(170,148,180,1)
4,11: (43947,43690,44204,65535)  #ABAAACFF  srgba(171,170,172,1)
5,11: (43947,43690,44975,65535)  #ABAAAFFF  srgba(171,170,175,1)
6,11: (44204,23387,44204,65535)  #AC5BACFF  srgba(172,91,172,1)
7,11: (44204,37779,42662,65535)  #AC93A6FF  srgba(172,147,166,1)
8,11: (44204,43947,44975,65535)  #ACABAFFF  srgba(172,171,175,1)
9,11: (44718,44204,45232,65535)  #AEACB0FF  srgba(174,172,176,1)
10,11: (44975,30583,44204,65535)  #AF77ACFF  srgba(175,119,172,1)
11,11: (44975,44718,45489,65535)  #AFAEB1FF  srgba(175,174,177,1)
12,11: (45232,26728,45489,65535)  #B068B1FF  srgba(176,104,177,1)
13,11: (45746,29812,46774,65535)  #B274B6FF  srgba(178,116,182,1)
14,11: (45746,45746,46260,65535)  #B2B2B4FF  srgba(178,178,180,1)
15,11: (46003,23644,46260,65535)  #B35CB4FF  srgba(179,92,180,1)
0,12: (46517,36751,49858,65535)  #B58FC2FF  srgba(181,143,194,1)
1,12: (46517,46260,47031,65535)  #B5B4B7FF  srgba(181,180,183,1)
2,12: (47031,36494,46517,65535)  #B78EB5FF  srgba(183,142,181,1)
3,12: (47031,41120,50886,65535)  #B7A0C6FF  srgba(183,160,198,1)
4,12: (47031,41634,46517,65535)  #B7A2B5FF  srgba(183,162,181,1)
5,12: (47288,47031,47802,65535)  #B8B7BAFF  srgba(184,183,186,1)
6,12: (47545,30840,47031,65535)  #B978B7FF  srgba(185,120,183,1)
7,12: (47802,47031,49087,65535)  #BAB7BFFF  srgba(186,183,191,1)
8,12: (47802,47802,48316,65535)  #BABABCFF  srgba(186,186,188,1)
9,12: (48059,32125,49344,65535)  #BB7DC0FF  srgba(187,125,192,1)
10,12: (48059,48059,49087,65535)  #BBBBBFFF  srgba(187,187,191,1)
11,12: (48316,48059,48830,65535)  #BCBBBEFF  srgba(188,187,190,1)
12,12: (48573,48316,49087,65535)  #BDBCBFFF  srgba(189,188,191,1)
13,12: (49344,49087,49858,65535)  #C0BFC2FF  srgba(192,191,194,1)
14,12: (49858,49601,50372,65535)  #C2C1C4FF  srgba(194,193,196,1)
15,12: (50115,36751,50629,65535)  #C38FC5FF  srgba(195,143,197,1)
0,13: (50115,50115,50886,65535)  #C3C3C6FF  srgba(195,195,198,1)
1,13: (50629,32639,50372,65535)  #C57FC4FF  srgba(197,127,196,1)
2,13: (51143,50886,51657,65535)  #C7C6C9FF  srgba(199,198,201,1)
3,13: (51400,42148,51143,65535)  #C8A4C7FF  srgba(200,164,199,1)
4,13: (51400,46260,51657,65535)  #C8B4C9FF  srgba(200,180,201,1)
5,13: (51400,49344,52171,65535)  #C8C0CBFF  srgba(200,192,203,1)
6,13: (51657,51400,52171,65535)  #C9C8CBFF  srgba(201,200,203,1)
7,13: (51914,51657,52428,65535)  #CAC9CCFF  srgba(202,201,204,1)
8,13: (52428,37265,51657,65535)  #CC91C9FF  srgba(204,145,201,1)
9,13: (52428,52428,53199,65535)  #CCCCCFFF  srgba(204,204,207,1)
10,13: (52685,39321,54484,65535)  #CD99D4FF  srgba(205,153,212,1)
11,13: (52685,46517,54484,65535)  #CDB5D4FF  srgba(205,181,212,1)
12,13: (53199,50886,53970,65535)  #CFC6D2FF  srgba(207,198,210,1)
13,13: (53199,52942,53713,65535)  #CFCED1FF  srgba(207,206,209,1)
14,13: (53713,42662,55512,65535)  #D1A6D8FF  srgba(209,166,216,1)
15,13: (53970,53713,54227,65535)  #D2D1D3FF  srgba(210,209,211,1)
0,14: (54227,46260,57825,65535)  #D3B4E1FF  srgba(211,180,225,1)
1,14: (54227,49087,57054,65535)  #D3BFDEFF  srgba(211,191,222,1)
2,14: (54741,50886,57568,65535)  #D5C6E0FF  srgba(213,198,224,1)
3,14: (54998,54741,55512,65535)  #D6D5D8FF  srgba(214,213,216,1)
4,14: (55512,54227,57311,65535)  #D8D3DFFF  srgba(216,211,223,1)
5,14: (55769,55512,56283,65535)  #D9D8DBFF  srgba(217,216,219,1)
6,14: (56283,56026,57054,65535)  #DBDADEFF  srgba(219,218,222,1)
7,14: (56540,56283,57054,65535)  #DCDBDEFF  srgba(220,219,222,1)
8,14: (57054,56283,58339,65535)  #DEDBE3FF  srgba(222,219,227,1)
9,14: (57054,57054,57568,65535)  #DEDEE0FF  srgba(222,222,224,1)
10,14: (57568,45489,57311,65535)  #E0B1DFFF  srgba(224,177,223,1)
11,14: (57568,57311,58339,65535)  #E0DFE3FF  srgba(224,223,227,1)
12,14: (58082,54484,58596,65535)  #E2D4E4FF  srgba(226,212,228,1)
13,14: (58339,48830,58853,65535)  #E3BEE5FF  srgba(227,190,229,1)
14,14: (58339,51400,58082,65535)  #E3C8E2FF  srgba(227,200,226,1)
15,14: (58596,58339,59110,65535)  #E4E3E6FF  srgba(228,227,230,1)
0,15: (58596,58853,59881,65535)  #E4E5E9FF  srgba(228,229,233,1)
1,15: (58853,51657,61423,65535)  #E5C9EFFF  srgba(229,201,239,1)
2,15: (59110,59110,59881,65535)  #E6E6E9FF  srgba(230,230,233,1)
3,15: (59110,59110,59881,65535)  #E6E6E9FF  srgba(230,230,233,1)
4,15: (59367,57311,60652,65535)  #E7DFECFF  srgba(231,223,236,1)
5,15: (59367,59624,59624,65535)  #E7E8E8FF  srgba(231,232,232,1)
6,15: (59624,54484,61937,65535)  #E8D4F1FF  srgba(232,212,241,1)
7,15: (59624,56283,60652,65535)  #E8DBECFF  srgba(232,219,236,1)
8,15: (59624,59110,60395,65535)  #E8E6EBFF  srgba(232,230,235,1)
9,15: (59624,59367,60138,65535)  #E8E7EAFF  srgba(232,231,234,1)
10,15: (59624,59881,60652,65535)  #E8E9ECFF  srgba(232,233,236,1)
11,15: (59881,58339,60909,65535)  #E9E3EDFF  srgba(233,227,237,1)
12,15: (60138,59881,60138,65535)  #EAE9EAFF  srgba(234,233,234,1)
13,15: (60138,59881,60652,65535)  #EAE9ECFF  srgba(234,233,236,1)
14,15: (60138,59881,60909,65535)  #EAE9EDFF  srgba(234,233,237,1)
15,15: (0,65535,0,0)  #00FF0000  srgba(0,255,0,0)
