# ImageMagick pixel enumeration: 16,16,65535,srgba
0,0: (0,0,0,65535)  #000000FF  black
1,0: (0,0,514,65535)  #000002FF  srgba(0,0,2,1)
2,0: (0,0,3598,65535)  #00000EFF  srgba(0,0,14,1)
3,0: (0,257,10280,65535)  #000128FF  srgba(0,1,40,1)
4,0: (0,3084,12850,65535)  #000C32FF  srgba(0,12,50,1)
5,0: (0,3341,20046,65535)  #000D4EFF  srgba(0,13,78,1)
6,0: (0,3598,25700,65535)  #000E64FF  srgba(0,14,100,1)
7,0: (0,4369,16962,65535)  #001142FF  srgba(0,17,66,1)
8,0: (0,5397,29298,65535)  #001572FF  srgba(0,21,114,1)
9,0: (0,6425,22873,65535)  #001959FF  srgba(0,25,89,1)
10,0: (0,7710,26214,65535)  #001E66FF  srgba(0,30,102,1)
11,0: (0,9509,30583,65535)  #002577FF  srgba(0,37,119,1)
12,0: (0,11822,38807,65535)  #002E97FF  srgba(0,46,151,1)
13,0: (0,14906,45746,65535)  #003AB2FF  srgba(0,58,178,1)
14,0: (0,28527,65021,65535)  #006FFDFF  srgba(0,111,253,1)
15,0: (257,18761,50115,65535)  #0149C3FF  srgba(1,73,195,1)
0,1: (257,20046,52942,65535)  #014ECEFF  srgba(1,78,206,1)
1,1: (514,7196,27242,65535)  #021C6AFF  srgba(2,28,106,1)
2,1: (771,5911,22616,65535)  #031758FF  srgba(3,23,88,1)
3,1: (771,14906,44461,65535)  #033AADFF  srgba(3,58,173,1)
4,1: (771,23387,58596,65535)  #035BE4FF  srgba(3,91,228,1)
5,1: (1028,0,1542,65535)  #040006FF  srgba(4,0,6,1)
6,1: (1028,21845,54998,65535)  #0455D6FF  srgba(4,85,214,1)
7,1: (1285,5911,17990,65535)  #051746FF  srgba(5,23,70,1)
8,1: (1285,10794,32639,65535)  #052A7FFF  srgba(5,42,127,1)
9,1: (1542,3341,12850,65535)  #060D32FF  srgba(6,13,50,1)
10,1: (1542,5397,16191,65535)  #06153FFF  srgba(6,21,63,1)
11,1: (1542,33153,65021,65535)  #0681FDFF  srgba(6,129,253,1)
12,1: (1799,771,3341,65535)  #07030DFF  srgba(7,3,13,1)
13,1: (1799,4883,13621,65535)  #071335FF  srgba(7,19,53,1)
14,1: (1799,14906,40092,65535)  #073A9CFF  srgba(7,58,156,1)
15,1: (1799,18247,44975,65535)  #0747AFFF  srgba(7,71,175,1)
0,2: (1799,33153,65278,65535)  #0781FEFF  srgba(7,129,254,1)
1,2: (2056,11308,29041,65535)  #082C71FF  srgba(8,44,113,1)
2,2: (2313,8481,22102,65535)  #092156FF  srgba(9,33,86,1)
3,2: (2313,10537,26471,65535)  #092967FF  srgba(9,41,103,1)
4,2: (2570,2570,8738,65535)  #0A0A22FF  srgba(10,10,34,1)
5,2: (2570,14649,37522,65535)  #0A3992FF  srgba(10,57,146,1)
6,2: (2827,14135,34181,65535)  #0B3785FF  srgba(11,55,133,1)
7,2: (3084,2313,4883,65535)  #0C0913FF  srgba(12,9,19,1)
8,2: (3341,6425,13878,65535)  #0D1936FF  srgba(13,25,54,1)
9,2: (3341,7196,16448,65535)  #0D1C40FF  srgba(13,28,64,1)
10,2: (3341,7710,18247,65535)  #0D1E47FF  srgba(13,30,71,1)
11,2: (3855,29555,64507,65535)  #0F73FBFF  srgba(15,115,251,1)
12,2: (4369,20560,46003,65535)  #1150B3FF  srgba(17,80,179,1)
13,2: (4369,36751,65278,65535)  #118FFEFF  srgba(17,143,254,1)
14,2: (4626,22616,50115,65535)  #1258C3FF  srgba(18,88,195,1)
15,2: (4883,17990,40863,65535)  #13469FFF  srgba(19,70,159,1)
0,3: (5140,27499,59624,65535)  #146BE8FF  srgba(20,107,232,1)
1,3: (5397,8224,16962,65535)  #152042FF  srgba(21,32,66,1)
2,3: (5654,15934,37265,65535)  #163E91FF  srgba(22,62,145,1)
3,3: (5911,4369,7710,65535)  #17111EFF  srgba(23,17,30,1)
4,3: (5911,9252,19789,65535)  #17244DFF  srgba(23,36,77,1)
5,3: (6168,5911,11565,65535)  #18172DFF  srgba(24,23,45,1)
6,3: (6425,8481,15163,65535)  #19213BFF  srgba(25,33,59,1)
7,3: (6425,24158,52685,65535)  #195ECDFF  srgba(25,94,205,1)
8,3: (6682,2313,2056,65535)  #1A0908FF  srgba(26,9,8,1)
9,3: (6682,15420,33667,65535)  #1A3C83FF  srgba(26,60,131,1)
10,3: (6939,9766,17219,65535)  #1B2643FF  srgba(27,38,67,1)
11,3: (7196,8224,13107,65535)  #1C2033FF  srgba(28,32,51,1)
12,3: (7196,17733,37008,65535)  #1C4590FF  srgba(28,69,144,1)
13,3: (7453,10794,20303,65535)  #1D2A4FFF  srgba(29,42,79,1)
14,3: (7453,19275,40863,65535)  #1D4B9FFF  srgba(29,75,159,1)
15,3: (7453,21588,45489,65535)  #1D54B1FF  srgba(29,84,177,1)
0,4: (7710,26214,53970,65535)  #1E66D2FF  srgba(30,102,210,1)
1,4: (7967,15163,30326,65535)  #1F3B76FF  srgba(31,59,118,1)
2,4: (8224,23644,49344,65535)  #205CC0FF  srgba(32,92,192,1)
3,4: (8481,13878,25957,65535)  #213665FF  srgba(33,54,101,1)
4,4: (8738,14906,28270,65535)  #223A6EFF  srgba(34,58,110,1)
5,4: (8738,34181,65278,65535)  #2285FEFF  srgba(34,133,254,1)
6,4: (8995,24929,50372,65535)  #2361C4FF  srgba(35,97,196,1)
7,4: (9252,13107,21588,65535)  #243354FF  srgba(36,51,84,1)
8,4: (9509,20817,41634,65535)  #2551A2FF  srgba(37,81,162,1)
9,4: (9509,22873,46260,65535)  #2559B4FF  srgba(37,89,180,1)
10,4: (10023,10023,15420,65535)  #27273CFF  srgba(39,39,60,1)
11,4: (10023,18247,34438,65535)  #274786FF  srgba(39,71,134,1)
12,4: (10023,27242,54227,65535)  #276AD3FF  srgba(39,106,211,1)
13,4: (10537,7453,7453,65535)  #291D1DFF  srgba(41,29,29,1)
14,4: (10537,33924,64764,65535)  #2984FCFF  srgba(41,132,252,1)
15,4: (10794,39835,65278,65535)  #2A9BFEFF  srgba(42,155,254,1)
0,5: (10794,43690,65278,65535)  #2AAAFEFF  srgba(42,170,254,1)
1,5: (11051,12079,16705,65535)  #2B2F41FF  srgba(43,47,65,1)
2,5: (11051,14135,22359,65535)  #2B3757FF  srgba(43,55,87,1)
3,5: (11308,15934,26214,65535)  #2C3E66FF  srgba(44,62,102,1)
4,5: (11308,22359,43176,65535)  #2C57A8FF  srgba(44,87,168,1)
5,5: (11308,24415,46774,65535)  #2C5FB6FF  srgba(44,95,182,1)
6,5: (11308,37265,65278,65535)  #2C91FEFF  srgba(44,145,254,1)
7,5: (11822,2570,257,65535)  #2E0A01FF  srgba(46,10,1,1)
8,5: (11822,14649,22873,65535)  #2E3959FF  srgba(46,57,89,1)
9,5: (11822,18761,32639,65535)  #2E497FFF  srgba(46,73,127,1)
10,5: (12336,16705,28013,65535)  #30416DFF  srgba(48,65,109,1)
11,5: (12336,25957,49858,65535)  #3065C2FF  srgba(48,101,194,1)
12,5: (12850,6168,2827,65535)  #32180BFF  srgba(50,24,11,1)
13,5: (12850,17733,28784,65535)  #324570FF  srgba(50,69,112,1)
14,5: (13107,15163,22616,65535)  #333B58FF  srgba(51,59,88,1)
15,5: (13107,16448,25700,65535)  #334064FF  srgba(51,64,100,1)
0,6: (13364,17219,26728,65535)  #344368FF  srgba(52,67,104,1)
1,6: (13621,18761,30840,65535)  #354978FF  srgba(53,73,120,1)
2,6: (13621,19789,32896,65535)  #354D80FF  srgba(53,77,128,1)
3,6: (13621,22873,41377,65535)  #3559A1FF  srgba(53,89,161,1)
4,6: (13878,10794,9766,65535)  #362A26FF  srgba(54,42,38,1)
5,6: (13878,24929,45746,65535)  #3661B2FF  srgba(54,97,178,1)
6,6: (13878,28527,53713,65535)  #366FD1FF  srgba(54,111,209,1)
7,6: (13878,32639,61166,65535)  #367FEEFF  srgba(54,127,238,1)
8,6: (14392,27756,51657,65535)  #386CC9FF  srgba(56,108,201,1)
9,6: (14906,16191,21845,65535)  #3A3F55FF  srgba(58,63,85,1)
10,6: (14906,18761,28527,65535)  #3A496FFF  srgba(58,73,111,1)
11,6: (15163,27242,49601,65535)  #3B6AC1FF  srgba(59,106,193,1)
12,6: (15677,13878,15420,65535)  #3D363CFF  srgba(61,54,60,1)
13,6: (15934,10023,4369,65535)  #3E2711FF  srgba(62,39,17,1)
14,6: (15934,20560,31868,65535)  #3E507CFF  srgba(62,80,124,1)
15,6: (16448,24929,42405,65535)  #4061A5FF  srgba(64,97,165,1)
0,7: (16448,38293,65278,65535)  #4095FEFF  srgba(64,149,254,1)
1,7: (16705,5397,257,65535)  #411501FF  srgba(65,21,1,1)
2,7: (16705,26985,46260,65535)  #4169B4FF  srgba(65,105,180,1)
3,7: (16705,41377,65278,65535)  #41A1FEFF  srgba(65,161,254,1)
4,7: (16705,45489,65278,65535)  #41B1FEFF  srgba(65,177,254,1)
5,7: (17219,19018,24672,65535)  #434A60FF  srgba(67,74,96,1)
6,7: (17476,29041,49858,65535)  #4471C2FF  srgba(68,113,194,1)
7,7: (17476,30583,54227,65535)  #4477D3FF  srgba(68,119,211,1)
8,7: (17733,17990,21331,65535)  #454653FF  srgba(69,70,83,1)
9,7: (17733,18504,22873,65535)  #454859FF  srgba(69,72,89,1)
10,7: (17733,19789,26471,65535)  #454D67FF  srgba(69,77,103,1)
11,7: (17733,22616,33924,65535)  #455884FF  srgba(69,88,132,1)
12,7: (18761,21331,28784,65535)  #495370FF  srgba(73,83,112,1)
13,7: (18761,30326,51657,65535)  #4976C9FF  srgba(73,118,201,1)
14,7: (18761,33924,59624,65535)  #4984E8FF  srgba(73,132,232,1)
15,7: (19532,23901,34695,65535)  #4C5D87FF  srgba(76,93,135,1)
0,8: (19789,27499,43947,65535)  #4D6BABFF  srgba(77,107,171,1)
1,8: (20046,31868,53456,65535)  #4E7CD0FF  srgba(78,124,208,1)
2,8: (20560,26471,40606,65535)  #50679EFF  srgba(80,103,158,1)
3,8: (20817,25443,35980,65535)  #51638CFF  srgba(81,99,140,1)
4,8: (20817,28527,44975,65535)  #516FAFFF  srgba(81,111,175,1)
5,8: (20817,30326,49601,65535)  #5176C1FF  srgba(81,118,193,1)
6,8: (20817,39578,65278,65535)  #519AFEFF  srgba(81,154,254,1)
7,8: (20817,42919,65535,65535)  #51A7FFFF  srgba(81,167,255,1)
8,8: (21074,18247,16705,65535)  #524741FF  srgba(82,71,65,1)
9,8: (21074,45746,65021,65535)  #52B2FDFF  srgba(82,178,253,1)
10,8: (21331,15934,11565,65535)  #533E2DFF  srgba(83,62,45,1)
11,8: (21331,44461,65278,65535)  #53ADFEFF  srgba(83,173,254,1)
12,8: (21331,48830,65535,65535)  #53BEFFFF  srgba(83,190,255,1)
13,8: (21588,37265,62708,65535)  #5491F4FF  srgba(84,145,244,1)
14,8: (21845,30069,46517,65535)  #5575B5FF  srgba(85,117,181,1)
15,8: (22102,12336,4626,65535)  #563012FF  srgba(86,48,18,1)
0,9: (22102,32896,53713,65535)  #5680D1FF  srgba(86,128,209,1)
1,9: (22102,34181,56797,65535)  #5685DDFF  srgba(86,133,221,1)
2,9: (22359,32125,51657,65535)  #577DC9FF  srgba(87,125,201,1)
3,9: (22616,7710,0,65535)  #581E00FF  srgba(88,30,0,1)
4,9: (24158,23644,25957,65535)  #5E5C65FF  srgba(94,92,101,1)
5,9: (24158,28270,39321,65535)  #5E6E99FF  srgba(94,110,153,1)
6,9: (24158,30069,43433,65535)  #5E75A9FF  srgba(94,117,169,1)
7,9: (24158,31611,47288,65535)  #5E7BB8FF  srgba(94,123,184,1)
8,9: (24158,33410,52428,65535)  #5E82CCFF  srgba(94,130,204,1)
9,9: (24415,11308,257,65535)  #5F2C01FF  srgba(95,44,1,1)
10,9: (24415,35466,57054,65535)  #5F8ADEFF  srgba(95,138,222,1)
11,9: (24672,34438,53713,65535)  #6086D1FF  srgba(96,134,209,1)
12,9: (24929,15677,5654,65535)  #613D16FF  srgba(97,61,22,1)
13,9: (25186,38550,62965,65535)  #6296F5FF  srgba(98,150,245,1)
14,9: (25443,43947,65278,65535)  #63ABFEFF  srgba(99,171,254,1)
15,9: (25957,31868,46260,65535)  #657CB4FF  srgba(101,124,180,1)
0,10: (26214,30583,41634,65535)  #6677A2FF  srgba(102,119,162,1)
1,10: (26214,46774,65278,65535)  #66B6FEFF  srgba(102,182,254,1)
2,10: (26471,24672,25443,65535)  #676063FF  srgba(103,96,99,1)
3,10: (26728,41634,65021,65535)  #68A2FDFF  srgba(104,162,253,1)
4,10: (26985,35980,54998,65535)  #698CD6FF  srgba(105,140,214,1)
5,10: (26985,37265,58082,65535)  #6991E2FF  srgba(105,145,226,1)
6,10: (26985,40092,63736,65535)  #699CF8FF  srgba(105,156,248,1)
7,10: (27242,19275,11565,65535)  #6A4B2DFF  srgba(106,75,45,1)
8,10: (27242,50886,65278,65535)  #6AC6FEFF  srgba(106,198,254,1)
9,10: (27499,33667,47031,65535)  #6B83B7FF  srgba(107,131,183,1)
10,10: (27499,34181,48573,65535)  #6B85BDFF  srgba(107,133,189,1)
11,10: (27499,35209,51657,65535)  #6B89C9FF  srgba(107,137,201,1)
12,10: (28013,38036,57825,65535)  #6D94E1FF  srgba(109,148,225,1)
13,10: (28527,37265,54998,65535)  #6F91D6FF  srgba(111,145,214,1)
14,10: (28784,39064,59367,65535)  #7098E7FF  srgba(112,152,231,1)
15,10: (29041,30583,37008,65535)  #717790FF  srgba(113,119,144,1)
0,11: (29041,53713,65278,65535)  #71D1FEFF  srgba(113,209,254,1)
1,11: (29298,27499,28013,65535)  #726B6DFF  srgba(114,107,109,1)
2,11: (29298,43690,65278,65535)  #72AAFEFF  srgba(114,170,254,1)
3,11: (29555,14135,1542,65535)  #733706FF  srgba(115,55,6,1)
4,11: (29555,47288,65278,65535)  #73B8FEFF  srgba(115,184,254,1)
5,11: (29812,12593,0,65535)  #743100FF  srgba(116,49,0,1)
6,11: (29812,22873,15677,65535)  #74593DFF  srgba(116,89,61,1)
7,11: (30326,41634,63736,65535)  #76A2F8FF  srgba(118,162,248,1)
8,11: (30583,25700,21588,65535)  #776454FF  srgba(119,100,84,1)
9,11: (30583,35209,44461,65535)  #7789ADFF  srgba(119,137,173,1)
10,11: (30583,38036,54484,65535)  #7794D4FF  srgba(119,148,212,1)
11,11: (31354,18247,3598,65535)  #7A470EFF  srgba(122,71,14,1)
12,11: (31354,39835,57568,65535)  #7A9BE0FF  srgba(122,155,224,1)
13,11: (32639,43947,64764,65535)  #7FABFCFF  srgba(127,171,252,1)
14,11: (33153,13878,257,65535)  #813601FF  srgba(129,54,1,1)
15,11: (33153,47288,65278,65535)  #81B8FEFF  srgba(129,184,254,1)
0,12: (33410,40863,57054,65535)  #829FDEFF  srgba(130,159,222,1)
1,12: (33410,50372,65278,65535)  #82C4FEFF  srgba(130,196,254,1)
2,12: (33410,55255,65278,65535)  #82D7FEFF  srgba(130,215,254,1)
3,12: (33667,30583,29041,65535)  #837771FF  srgba(131,119,113,1)
4,12: (34438,22359,7453,65535)  #86571DFF  srgba(134,87,29,1)
5,12: (34952,35980,39321,65535)  #888C99FF  srgba(136,140,153,1)
6,12: (35723,26471,16705,65535)  #8B6741FF  srgba(139,103,65,1)
7,12: (35723,42662,58339,65535)  #8BA6E3FF  srgba(139,166,227,1)
8,12: (36751,19532,1542,65535)  #8F4C06FF  srgba(143,76,6,1)
9,12: (36751,46003,64507,65535)  #8FB3FBFF  srgba(143,179,251,1)
10,12: (37008,14906,257,65535)  #903A01FF  srgba(144,58,1,1)
11,12: (37265,34181,31868,65535)  #91857CFF  srgba(145,133,124,1)
12,12: (37522,47802,65278,65535)  #92BAFEFF  srgba(146,186,254,1)
13,12: (37522,50115,65278,65535)  #92C3FEFF  srgba(146,195,254,1)
14,12: (37779,19275,0,65535)  #934B00FF  srgba(147,75,0,1)
15,12: (38036,25700,10280,65535)  #946428FF  srgba(148,100,40,1)
0,13: (38036,29812,21331,65535)  #947453FF  srgba(148,116,83,1)
1,13: (38036,52428,65278,65535)  #94CCFEFF  srgba(148,204,254,1)
2,13: (38036,58596,65278,65535)  #94E4FEFF  srgba(148,228,254,1)
3,13: (38293,55255,65278,65535)  #95D7FEFF  srgba(149,215,254,1)
4,13: (39064,22873,2056,65535)  #985908FF  srgba(152,89,8,1)
5,13: (41120,44975,54998,65535)  #A0AFD6FF  srgba(160,175,214,1)
6,13: (41377,26471,5654,65535)  #A16716FF  srgba(161,103,22,1)
7,13: (41377,28784,13621,65535)  #A17035FF  srgba(161,112,53,1)
8,13: (41891,51143,65278,65535)  #A3C7FEFF  srgba(163,199,254,1)
9,13: (42405,53970,65278,65535)  #A5D2FEFF  srgba(165,210,254,1)
10,13: (42405,56283,65278,65535)  #A5DBFEFF  srgba(165,219,254,1)
11,13: (42405,60138,65278,65535)  #A5EAFEFF  srgba(165,234,254,1)
12,13: (42919,42405,44461,65535)  #A7A5ADFF  srgba(167,165,173,1)
13,13: (43690,39064,34695,65535)  #AA9887FF  srgba(170,152,135,1)
14,13: (44204,30326,12593,65535)  #AC7631FF  srgba(172,118,49,1)
15,13: (45232,23644,257,65535)  #B05C01FF  srgba(176,92,1,1)
0,14: (45232,29298,6425,65535)  #B07219FF  srgba(176,114,25,1)
1,14: (45232,56026,65278,65535)  #B0DAFEFF  srgba(176,218,254,1)
2,14: (45489,60652,65278,65535)  #B1ECFEFF  srgba(177,236,254,1)
3,14: (46260,35980,24158,65535)  #B48C5EFF  srgba(180,140,94,1)
4,14: (46517,50115,57311,65535)  #B5C3DFFF  srgba(181,195,223,1)
5,14: (47288,60395,65278,65535)  #B8EBFEFF  srgba(184,235,254,1)
6,14: (48316,34181,14392,65535)  #BC8538FF  srgba(188,133,56,1)
7,14: (49087,62451,65278,65535)  #BFF3FEFF  srgba(191,243,254,1)
8,14: (49344,33153,8224,65535)  #C08120FF  srgba(192,129,32,1)
9,14: (49858,25443,0,65535)  #C26300FF  srgba(194,99,0,1)
10,14: (49858,46517,44204,65535)  #C2B5ACFF  srgba(194,181,172,1)
11,14: (50629,42662,34438,65535)  #C5A686FF  srgba(197,166,134,1)
12,14: (51400,28270,2570,65535)  #C86E0AFF  srgba(200,110,10,1)
13,14: (52942,26985,257,65535)  #CE6901FF  srgba(206,105,1,1)
14,14: (53713,35209,7453,65535)  #D1891DFF  srgba(209,137,29,1)
15,14: (54227,64764,65278,65535)  #D3FCFEFF  srgba(211,252,254,1)
0,15: (54741,38293,12850,65535)  #D59532FF  srgba(213,149,50,1)
1,15: (55255,60909,64764,65535)  #D7EDFCFF  srgba(215,237,252,1)
2,15: (55512,28527,0,65535)  #D86F00FF  srgba(216,111,0,1)
3,15: (55512,41891,23644,65535)  #D8A35CFF  srgba(216,163,92,1)
4,15: (56797,47802,38036,65535)  #DDBA94FF  srgba(221,186,148,1)
5,15: (59367,34438,514,65535)  #E78602FF  srgba(231,134,2,1)
6,15: (60138,40863,11308,65535)  #EA9F2CFF  srgba(234,159,44,1)
7,15: (61680,59110,54998,65535)  #F0E6D6FF  srgba(240,230,214,1)
8,15: (62708,47545,24672,65535)  #F4B960FF  srgba(244,185,96,1)
9,15: (64764,45232,12593,65535)  #FCB031FF  srgba(252,176,49,1)
10,15: (64764,56026,36494,65535)  #FCDA8EFF  srgba(252,218,142,1)
11,15: (65021,39321,257,65535)  #FD9901FF  srgba(253,153,1,1)
12,15: (65278,42919,514,65535)  #FEA702FF  srgba(254,167,2,1)
13,15: (65278,54227,26471,65535)  #FED367FF  srgba(254,211,103,1)
14,15: (65278,60395,40606,65535)  #FEEB9EFF  srgba(254,235,158,1)
15,15: (0,65535,0,0)  #00FF0000  srgba(0,255,0,0)
