# ImageMagick pixel enumeration: 16,16,65535,srgba
0,0: (514,1285,257,65535)  #020501FF  srgba(2,5,1,1)
1,0: (3598,2313,1285,65535)  #0E0905FF  srgba(14,9,5,1)
2,0: (3855,5397,2056,65535)  #0F1508FF  srgba(15,21,8,1)
3,0: (5140,7967,3084,65535)  #141F0CFF  srgba(20,31,12,1)
4,0: (6425,2313,2827,65535)  #19090BFF  srgba(25,9,11,1)
5,0: (7967,7196,4112,65535)  #1F1C10FF  srgba(31,28,16,1)
6,0: (8481,5911,7967,65535)  #21171FFF  srgba(33,23,31,1)
7,0: (10023,9252,9766,65535)  #272426FF  srgba(39,36,38,1)
8,0: (10023,10023,4626,65535)  #272712FF  srgba(39,39,18,1)
9,0: (10023,11051,8224,65535)  #272B20FF  srgba(39,43,32,1)
10,0: (10537,10023,12336,65535)  #292730FF  srgba(41,39,48,1)
11,0: (11308,13364,5140,65535)  #2C3414FF  srgba(44,52,20,1)
12,0: (11565,6939,4112,65535)  #2D1B10FF  srgba(45,27,16,1)
13,0: (12336,1285,3598,65535)  #30050EFF  srgba(48,5,14,1)
14,0: (13107,15677,10794,65535)  #333D2AFF  srgba(51,61,42,1)
15,0: (13878,12336,10023,65535)  #363027FF  srgba(54,48,39,1)
0,1: (13878,16191,18761,65535)  #363F49FF  srgba(54,63,73,1)
1,1: (14392,6168,9509,65535)  #381825FF  srgba(56,24,37,1)
2,1: (14649,12850,15420,65535)  #39323CFF  srgba(57,50,60,1)
3,1: (14906,8995,14392,65535)  #3A2338FF  srgba(58,35,56,1)
4,1: (14906,16191,19275,65535)  #3A3F4BFF  srgba(58,63,75,1)
5,1: (16191,16448,12850,65535)  #3F4032FF  srgba(63,64,50,1)
6,1: (16191,16962,20560,65535)  #3F4250FF  srgba(63,66,80,1)
7,1: (16962,19275,27242,65535)  #424B6AFF  srgba(66,75,106,1)
8,1: (17476,20046,28784,65535)  #444E70FF  srgba(68,78,112,1)
9,1: (18247,15420,16705,65535)  #473C41FF  srgba(71,60,65,1)
10,1: (18247,18247,26471,65535)  #474767FF  srgba(71,71,103,1)
11,1: (18761,18504,21074,65535)  #494852FF  srgba(73,72,82,1)
12,1: (19275,20817,27499,65535)  #4B516BFF  srgba(75,81,107,1)
13,1: (19532,3084,4626,65535)  #4C0C12FF  srgba(76,12,18,1)
14,1: (19532,18504,12593,65535)  #4C4831FF  srgba(76,72,49,1)
15,1: (19532,18761,15677,65535)  #4C493DFF  srgba(76,73,61,1)
0,2: (19789,13878,12850,65535)  #4D3632FF  srgba(77,54,50,1)
1,2: (20046,20046,20817,65535)  #4E4E51FF  srgba(78,78,81,1)
2,2: (20046,22359,15677,65535)  #4E573DFF  srgba(78,87,61,1)
3,2: (20303,19275,17990,65535)  #4F4B46FF  srgba(79,75,70,1)
4,2: (20560,5911,12079,65535)  #50172FFF  srgba(80,23,47,1)
5,2: (20560,21074,29812,65535)  #505274FF  srgba(80,82,116,1)
6,2: (20560,22359,19018,65535)  #50574AFF  srgba(80,87,74,1)
7,2: (20817,8224,2827,65535)  #51200BFF  srgba(81,32,11,1)
8,2: (20817,12336,16962,65535)  #513042FF  srgba(81,48,66,1)
9,2: (20817,19018,27756,65535)  #514A6CFF  srgba(81,74,108,1)
10,2: (21588,8224,16191,65535)  #54203FFF  srgba(84,32,63,1)
11,2: (21588,15934,25957,65535)  #543E65FF  srgba(84,62,101,1)
12,2: (21588,19018,29041,65535)  #544A71FF  srgba(84,74,113,1)
13,2: (21845,16705,21331,65535)  #554153FF  srgba(85,65,83,1)
14,2: (21845,21845,29041,65535)  #555571FF  srgba(85,85,113,1)
15,2: (21845,22359,31097,65535)  #555779FF  srgba(85,87,121,1)
0,3: (21845,22873,22873,65535)  #555959FF  srgba(85,89,89,1)
1,3: (22102,13107,5397,65535)  #563315FF  srgba(86,51,21,1)
2,3: (22102,17476,26471,65535)  #564467FF  srgba(86,68,103,1)
3,3: (22102,22102,20560,65535)  #565650FF  srgba(86,86,80,1)
4,3: (22102,22873,24672,65535)  #565960FF  srgba(86,89,96,1)
5,3: (22359,22359,21588,65535)  #575754FF  srgba(87,87,84,1)
6,3: (22616,12593,20560,65535)  #583150FF  srgba(88,49,80,1)
7,3: (22616,14906,20817,65535)  #583A51FF  srgba(88,58,81,1)
8,3: (22616,17733,27242,65535)  #58456AFF  srgba(88,69,106,1)
9,3: (22873,20046,20817,65535)  #594E51FF  srgba(89,78,81,1)
10,3: (23130,17219,26214,65535)  #5A4366FF  srgba(90,67,102,1)
11,3: (23130,18247,28013,65535)  #5A476DFF  srgba(90,71,109,1)
12,3: (23130,18504,21331,65535)  #5A4853FF  srgba(90,72,83,1)
13,3: (23644,23644,22873,65535)  #5C5C59FF  srgba(92,92,89,1)
14,3: (23901,23387,17476,65535)  #5D5B44FF  srgba(93,91,68,1)
15,3: (24158,14906,17219,65535)  #5E3A43FF  srgba(94,58,67,1)
0,4: (24158,24415,24672,65535)  #5E5F60FF  srgba(94,95,96,1)
1,4: (24415,22102,21588,65535)  #5F5654FF  srgba(95,86,84,1)
2,4: (24415,23387,19532,65535)  #5F5B4CFF  srgba(95,91,76,1)
3,4: (24672,19018,27499,65535)  #604A6BFF  srgba(96,74,107,1)
4,4: (24672,23130,22873,65535)  #605A59FF  srgba(96,90,89,1)
5,4: (24929,23130,20560,65535)  #615A50FF  srgba(97,90,80,1)
6,4: (25186,24158,26728,65535)  #625E68FF  srgba(98,94,104,1)
7,4: (25186,24672,24929,65535)  #626061FF  srgba(98,96,97,1)
8,4: (25443,18247,27756,65535)  #63476CFF  srgba(99,71,108,1)
9,4: (25443,23130,21588,65535)  #635A54FF  srgba(99,90,84,1)
10,4: (25443,26471,25700,65535)  #636764FF  srgba(99,103,100,1)
11,4: (25700,22873,22873,65535)  #645959FF  srgba(100,89,89,1)
12,4: (25957,17733,27499,65535)  #65456BFF  srgba(101,69,107,1)
13,4: (25957,24672,23130,65535)  #65605AFF  srgba(101,96,90,1)
14,4: (25957,24929,25186,65535)  #656162FF  srgba(101,97,98,1)
15,4: (26214,27499,27242,65535)  #666B6AFF  srgba(102,107,106,1)
0,5: (26214,27756,29298,65535)  #666C72FF  srgba(102,108,114,1)
1,5: (26471,26728,25957,65535)  #676865FF  srgba(103,104,101,1)
2,5: (26471,26728,26728,65535)  #676868FF  srgba(103,104,104,1)
3,5: (26728,17476,27242,65535)  #68446AFF  srgba(104,68,106,1)
4,5: (27242,24929,23644,65535)  #6A615CFF  srgba(106,97,92,1)
5,5: (27242,25186,22359,65535)  #6A6257FF  srgba(106,98,87,1)
6,5: (27242,26985,26214,65535)  #6A6966FF  srgba(106,105,102,1)
7,5: (27242,26985,27242,65535)  #6A696AFF  srgba(106,105,106,1)
8,5: (27242,27756,25186,65535)  #6A6C62FF  srgba(106,108,98,1)
9,5: (27499,23644,24929,65535)  #6B5C61FF  srgba(107,92,97,1)
10,5: (27499,24672,19789,65535)  #6B604DFF  srgba(107,96,77,1)
11,5: (27499,27756,28013,65535)  #6B6C6DFF  srgba(107,108,109,1)
12,5: (27499,28270,26985,65535)  #6B6E69FF  srgba(107,110,105,1)
13,5: (27756,17733,27756,65535)  #6C456CFF  srgba(108,69,108,1)
14,5: (27756,27499,27756,65535)  #6C6B6CFF  srgba(108,107,108,1)
15,5: (28013,23130,28013,65535)  #6D5A6DFF  srgba(109,90,109,1)
0,6: (28013,28270,28270,65535)  #6D6E6EFF  srgba(109,110,110,1)
1,6: (28270,13878,16962,65535)  #6E3642FF  srgba(110,54,66,1)
2,6: (28270,23901,29555,65535)  #6E5D73FF  srgba(110,93,115,1)
3,6: (28527,12593,8738,65535)  #6F3122FF  srgba(111,49,34,1)
4,6: (28527,29041,28270,65535)  #6F716EFF  srgba(111,113,110,1)
5,6: (28784,15163,22359,65535)  #703B57FF  srgba(112,59,87,1)
6,6: (28784,27756,26985,65535)  #706C69FF  srgba(112,108,105,1)
7,6: (28784,29555,29041,65535)  #707371FF  srgba(112,115,113,1)
8,6: (29041,29812,30069,65535)  #717475FF  srgba(113,116,117,1)
9,6: (29298,16448,10794,65535)  #72402AFF  srgba(114,64,42,1)
10,6: (29298,23130,25186,65535)  #725A62FF  srgba(114,90,98,1)
11,6: (29298,29298,26728,65535)  #727268FF  srgba(114,114,104,1)
12,6: (29555,17476,26985,65535)  #734469FF  srgba(115,68,105,1)
13,6: (29555,25700,21588,65535)  #736454FF  srgba(115,100,84,1)
14,6: (29555,26214,23387,65535)  #73665BFF  srgba(115,102,91,1)
15,6: (29555,28784,25186,65535)  #737062FF  srgba(115,112,98,1)
0,7: (29812,16962,26471,65535)  #744267FF  srgba(116,66,103,1)
1,7: (29812,16962,26985,65535)  #744269FF  srgba(116,66,105,1)
2,7: (30069,22359,26728,65535)  #755768FF  srgba(117,87,104,1)
3,7: (30069,29812,29555,65535)  #757473FF  srgba(117,116,115,1)
4,7: (30326,23901,18247,65535)  #765D47FF  srgba(118,93,71,1)
5,7: (30326,32125,29555,65535)  #767D73FF  srgba(118,125,115,1)
6,7: (30583,16705,25700,65535)  #774164FF  srgba(119,65,100,1)
7,7: (30583,20817,11565,65535)  #77512DFF  srgba(119,81,45,1)
8,7: (30583,26985,28270,65535)  #77696EFF  srgba(119,105,110,1)
9,7: (30583,30583,30069,65535)  #777775FF  srgba(119,119,117,1)
10,7: (30840,19532,28013,65535)  #784C6DFF  srgba(120,76,109,1)
11,7: (30840,26728,30326,65535)  #786876FF  srgba(120,104,118,1)
12,7: (30840,32896,25700,65535)  #788064FF  srgba(120,128,100,1)
13,7: (31097,17476,27756,65535)  #79446CFF  srgba(121,68,108,1)
14,7: (31097,31611,30583,65535)  #797B77FF  srgba(121,123,119,1)
15,7: (31611,31611,31611,65535)  #7B7B7BFF  srgba(123,123,123,1)
0,8: (31611,33153,28013,65535)  #7B816DFF  srgba(123,129,109,1)
1,8: (32382,32896,32639,65535)  #7E807FFF  srgba(126,128,127,1)
2,8: (32382,33410,30583,65535)  #7E8277FF  srgba(126,130,119,1)
3,8: (32639,16448,14392,65535)  #7F4038FF  srgba(127,64,56,1)
4,8: (32639,16962,26471,65535)  #7F4267FF  srgba(127,66,103,1)
5,8: (32639,32639,31611,65535)  #7F7F7BFF  srgba(127,127,123,1)
6,8: (32896,16705,9766,65535)  #804126FF  srgba(128,65,38,1)
7,8: (33153,16962,25700,65535)  #814264FF  srgba(129,66,100,1)
8,8: (33410,14392,23130,65535)  #82385AFF  srgba(130,56,90,1)
9,8: (33410,17219,23901,65535)  #82435DFF  srgba(130,67,93,1)
10,8: (33410,17476,26985,65535)  #824469FF  srgba(130,68,105,1)
11,8: (33410,33667,29555,65535)  #828373FF  srgba(130,131,115,1)
12,8: (33410,34695,31611,65535)  #82877BFF  srgba(130,135,123,1)
13,8: (33667,33410,33153,65535)  #838281FF  srgba(131,130,129,1)
14,8: (33924,29555,29298,65535)  #847372FF  srgba(132,115,114,1)
15,8: (33924,34438,33667,65535)  #848683FF  srgba(132,134,131,1)
0,9: (34181,17476,27756,65535)  #85446CFF  srgba(133,68,108,1)
1,9: (34181,18504,26471,65535)  #854867FF  srgba(133,72,103,1)
2,9: (34181,28784,24158,65535)  #85705EFF  srgba(133,112,94,1)
3,9: (34438,18761,28270,65535)  #86496EFF  srgba(134,73,110,1)
4,9: (34438,22616,24158,65535)  #86585EFF  srgba(134,88,94,1)
5,9: (34695,23901,29555,65535)  #875D73FF  srgba(135,93,115,1)
6,9: (34695,34952,34952,65535)  #878888FF  srgba(135,136,136,1)
7,9: (34952,27242,31611,65535)  #886A7BFF  srgba(136,106,123,1)
8,9: (34952,35980,33410,65535)  #888C82FF  srgba(136,140,130,1)
9,9: (35723,28527,33924,65535)  #8B6F84FF  srgba(139,111,132,1)
10,9: (35980,35723,35723,65535)  #8C8B8BFF  srgba(140,139,139,1)
11,9: (36494,36751,36237,65535)  #8E8F8DFF  srgba(142,143,141,1)
12,9: (36494,38293,36494,65535)  #8E958EFF  srgba(142,149,142,1)
13,9: (37008,37265,37008,65535)  #909190FF  srgba(144,145,144,1)
14,9: (37265,20817,14392,65535)  #915138FF  srgba(145,81,56,1)
15,9: (37522,20817,11051,65535)  #92512BFF  srgba(146,81,43,1)
0,10: (37522,37522,36751,65535)  #92928FFF  srgba(146,146,143,1)
1,10: (37522,37522,37522,65535)  #929292FF  srgba(146,146,146,1)
2,10: (38036,37522,34952,65535)  #949288FF  srgba(148,146,136,1)
3,10: (38036,38807,36751,65535)  #94978FFF  srgba(148,151,143,1)
4,10: (38293,38036,37522,65535)  #959492FF  srgba(149,148,146,1)
5,10: (38293,38293,38293,65535)  #959595FF  srgba(149,149,149,1)
6,10: (38293,39064,37779,65535)  #959893FF  srgba(149,152,147,1)
7,10: (38550,24672,15163,65535)  #96603BFF  srgba(150,96,59,1)
8,10: (38550,35209,29812,65535)  #968974FF  srgba(150,137,116,1)
9,10: (38550,37008,33153,65535)  #969081FF  srgba(150,144,129,1)
10,10: (38550,38550,38550,65535)  #969696FF  grey59
11,10: (38807,39064,38807,65535)  #979897FF  srgba(151,152,151,1)
12,10: (39064,39835,36494,65535)  #989B8EFF  srgba(152,155,142,1)
13,10: (39321,21331,23901,65535)  #99535DFF  srgba(153,83,93,1)
14,10: (39321,26728,32896,65535)  #996880FF  srgba(153,104,128,1)
15,10: (39321,39578,38550,65535)  #999A96FF  srgba(153,154,150,1)
0,11: (39321,39578,39578,65535)  #999A9AFF  srgba(153,154,154,1)
1,11: (39321,39835,37779,65535)  #999B93FF  srgba(153,155,147,1)
2,11: (39578,40606,35209,65535)  #9A9E89FF  srgba(154,158,137,1)
3,11: (39835,35466,36494,65535)  #9B8A8EFF  srgba(155,138,142,1)
4,11: (40092,19275,29812,65535)  #9C4B74FF  srgba(156,75,116,1)
5,11: (40092,28270,22616,65535)  #9C6E58FF  srgba(156,110,88,1)
6,11: (40092,40606,38807,65535)  #9C9E97FF  srgba(156,158,151,1)
7,11: (40349,40349,40092,65535)  #9D9D9CFF  srgba(157,157,156,1)
8,11: (40349,40863,37779,65535)  #9D9F93FF  srgba(157,159,147,1)
9,11: (40606,40349,40092,65535)  #9E9D9CFF  srgba(158,157,156,1)
10,11: (40606,40863,40606,65535)  #9E9F9EFF  srgba(158,159,158,1)
11,11: (41120,35466,37522,65535)  #A08A92FF  srgba(160,138,146,1)
12,11: (41377,35723,34952,65535)  #A18B88FF  srgba(161,139,136,1)
13,11: (41377,41634,40606,65535)  #A1A29EFF  srgba(161,162,158,1)
14,11: (41634,41634,41891,65535)  #A2A2A3FF  srgba(162,162,163,1)
15,11: (41891,38036,40349,65535)  #A3949DFF  srgba(163,148,157,1)
0,12: (42148,29298,36751,65535)  #A4728FFF  srgba(164,114,143,1)
1,12: (42148,35723,38807,65535)  #A48B97FF  srgba(164,139,151,1)
2,12: (42148,42148,40863,65535)  #A4A49FFF  srgba(164,164,159,1)
3,12: (42405,25957,32896,65535)  #A56580FF  srgba(165,101,128,1)
4,12: (42405,42405,42405,65535)  #A5A5A5FF  srgba(165,165,165,1)
5,12: (42919,43433,40606,65535)  #A7A99EFF  srgba(167,169,158,1)
6,12: (43176,41634,36494,65535)  #A8A28EFF  srgba(168,162,142,1)
7,12: (43176,42662,38807,65535)  #A8A697FF  srgba(168,166,151,1)
8,12: (43176,42919,42662,65535)  #A8A7A6FF  srgba(168,167,166,1)
9,12: (43433,38036,31354,65535)  #A9947AFF  srgba(169,148,122,1)
10,12: (43690,43690,43690,65535)  #AAAAAAFF  srgba(170,170,170,1)
11,12: (43947,44204,43690,65535)  #ABACAAFF  srgba(171,172,170,1)
12,12: (44204,42662,37779,65535)  #ACA693FF  srgba(172,166,147,1)
13,12: (44461,44975,43690,65535)  #ADAFAAFF  srgba(173,175,170,1)
14,12: (44718,20046,32125,65535)  #AE4E7DFF  srgba(174,78,125,1)
15,12: (44975,33667,30840,65535)  #AF8378FF  srgba(175,131,120,1)
0,13: (44975,45232,44975,65535)  #AFB0AFFF  srgba(175,176,175,1)
1,13: (45232,23130,15420,65535)  #B05A3CFF  srgba(176,90,60,1)
2,13: (45232,29298,39578,65535)  #B0729AFF  srgba(176,114,154,1)
3,13: (45746,25957,21331,65535)  #B26553FF  srgba(178,101,83,1)
4,13: (45746,41891,34952,65535)  #B2A388FF  srgba(178,163,136,1)
5,13: (46003,24672,38550,65535)  #B36096FF  srgba(179,96,150,1)
6,13: (46003,25186,15934,65535)  #B3623EFF  srgba(179,98,62,1)
7,13: (46003,44718,40349,65535)  #B3AE9DFF  srgba(179,174,157,1)
8,13: (46003,45746,45489,65535)  #B3B2B1FF  srgba(179,178,177,1)
9,13: (46003,46260,45489,65535)  #B3B4B1FF  srgba(179,180,177,1)
10,13: (46260,32896,25186,65535)  #B48062FF  srgba(180,128,98,1)
11,13: (46260,35466,40349,65535)  #B48A9DFF  srgba(180,138,157,1)
12,13: (46260,46260,45746,65535)  #B4B4B2FF  srgba(180,180,178,1)
13,13: (46774,46517,45746,65535)  #B6B5B2FF  srgba(182,181,178,1)
14,13: (47031,20817,38550,65535)  #B75196FF  srgba(183,81,150,1)
15,13: (47031,47031,47031,65535)  #B7B7B7FF  srgba(183,183,183,1)
0,14: (47288,25443,32896,65535)  #B86380FF  srgba(184,99,128,1)
1,14: (47545,40863,43947,65535)  #B99FABFF  srgba(185,159,171,1)
2,14: (47545,47288,45232,65535)  #B9B8B0FF  srgba(185,184,176,1)
3,14: (47545,47545,47288,65535)  #B9B9B8FF  srgba(185,185,184,1)
4,14: (47802,47545,46774,65535)  #BAB9B6FF  srgba(186,185,182,1)
5,14: (47802,47802,48059,65535)  #BABABBFF  srgba(186,186,187,1)
6,14: (48059,48316,47802,65535)  #BBBCBAFF  srgba(187,188,186,1)
7,14: (48316,49087,47802,65535)  #BCBFBAFF  srgba(188,191,186,1)
8,14: (49344,25186,20560,65535)  #C06250FF  srgba(192,98,80,1)
9,14: (49344,49344,48830,65535)  #C0C0BEFF  srgba(192,192,190,1)
10,14: (49601,40349,44204,65535)  #C19DACFF  srgba(193,157,172,1)
11,14: (49601,50115,48059,65535)  #C1C3BBFF  srgba(193,195,187,1)
12,14: (50115,44975,48573,65535)  #C3AFBDFF  srgba(195,175,189,1)
13,14: (50115,50372,50115,65535)  #C3C4C3FF  srgba(195,196,195,1)
14,14: (51143,23644,39578,65535)  #C75C9AFF  srgba(199,92,154,1)
15,14: (51400,20817,43947,65535)  #C851ABFF  srgba(200,81,171,1)
0,15: (51400,38807,30840,65535)  #C89778FF  srgba(200,151,120,1)
1,15: (51400,42662,47031,65535)  #C8A6B7FF  srgba(200,166,183,1)
2,15: (51657,51400,51143,65535)  #C9C8C7FF  srgba(201,200,199,1)
3,15: (51657,51914,48059,65535)  #C9CABBFF  srgba(201,202,187,1)
4,15: (52685,25443,44204,65535)  #CD63ACFF  srgba(205,99,172,1)
5,15: (52685,51657,52171,65535)  #CDC9CBFF  srgba(205,201,203,1)
6,15: (53199,34952,44204,65535)  #CF88ACFF  srgba(207,136,172,1)
7,15: (53199,53456,51400,65535)  #CFD0C8FF  srgba(207,208,200,1)
8,15: (53199,53456,52942,65535)  #CFD0CEFF  srgba(207,208,206,1)
9,15: (53456,42662,44461,65535)  #D0A6ADFF  srgba(208,166,173,1)
10,15: (53456,44461,51143,65535)  #D0ADC7FF  srgba(208,173,199,1)
11,15: (55255,41377,48830,65535)  #D7A1BEFF  srgba(215,161,190,1)
12,15: (55769,54741,53970,65535)  #D9D5D2FF  srgba(217,213,210,1)
13,15: (57568,58082,55512,65535)  #E0E2D8FF  srgba(224,226,216,1)
14,15: (59367,42919,52685,65535)  #E7A7CDFF  srgba(231,167,205,1)
15,15: (0,65535,0,0)  #00FF0000  srgba(0,255,0,0)
