# ImageMagick pixel enumeration: 16,16,65535,srgba
0,0: (0,0,0,65535)  #000000FF  black
1,0: (0,0,771,65535)  #000003FF  srgba(0,0,3,1)
2,0: (0,257,0,65535)  #000100FF  srgba(0,1,0,1)
3,0: (257,257,257,65535)  #010101FF  srgba(1,1,1,1)
4,0: (514,0,0,65535)  #020000FF  srgba(2,0,0,1)
5,0: (514,0,771,65535)  #020003FF  srgba(2,0,3,1)
6,0: (771,0,0,65535)  #030000FF  srgba(3,0,0,1)
7,0: (1542,0,0,65535)  #060000FF  srgba(6,0,0,1)
8,0: (1542,0,514,65535)  #060002FF  srgba(6,0,2,1)
9,0: (2827,257,257,65535)  #0B0101FF  srgba(11,1,1,1)
10,0: (3341,1799,1799,65535)  #0D0707FF  srgba(13,7,7,1)
11,0: (3855,257,0,65535)  #0F0100FF  srgba(15,1,0,1)
12,0: (4369,1799,1542,65535)  #110706FF  srgba(17,7,6,1)
13,0: (4626,771,0,65535)  #120300FF  srgba(18,3,0,1)
14,0: (4883,2827,4112,65535)  #130B10FF  srgba(19,11,16,1)
15,0: (5140,1799,1028,65535)  #140704FF  srgba(20,7,4,1)
0,1: (5654,0,0,65535)  #160000FF  srgba(22,0,0,1)
1,1: (5654,1542,0,65535)  #160600FF  srgba(22,6,0,1)
2,1: (5654,4112,4626,65535)  #161012FF  srgba(22,16,18,1)
3,1: (6425,2056,257,65535)  #190801FF  srgba(25,8,1,1)
4,1: (7196,3084,1028,65535)  #1C0C04FF  srgba(28,12,4,1)
5,1: (7196,3855,1542,65535)  #1C0F06FF  srgba(28,15,6,1)
6,1: (7196,4369,4883,65535)  #1C1113FF  srgba(28,17,19,1)
7,1: (7453,5654,5654,65535)  #1D1616FF  srgba(29,22,22,1)
8,1: (7710,2827,257,65535)  #1E0B01FF  srgba(30,11,1,1)
9,1: (7710,3084,514,65535)  #1E0C02FF  srgba(30,12,2,1)
10,1: (7710,3341,1028,65535)  #1E0D04FF  srgba(30,13,4,1)
11,1: (8481,3855,771,65535)  #210F03FF  srgba(33,15,3,1)
12,1: (8738,257,0,65535)  #220100FF  srgba(34,1,0,1)
13,1: (8995,5397,4883,65535)  #231513FF  srgba(35,21,19,1)
14,1: (9252,4626,1542,65535)  #241206FF  srgba(36,18,6,1)
15,1: (9509,6939,5654,65535)  #251B16FF  srgba(37,27,22,1)
0,2: (9509,7196,7967,65535)  #251C1FFF  srgba(37,28,31,1)
1,2: (10023,4369,1028,65535)  #271104FF  srgba(39,17,4,1)
2,2: (10023,4883,1799,65535)  #271307FF  srgba(39,19,7,1)
3,2: (10537,5397,1799,65535)  #291507FF  srgba(41,21,7,1)
4,2: (11051,5397,1542,65535)  #2B1506FF  srgba(43,21,6,1)
5,2: (11308,6168,1542,65535)  #2C1806FF  srgba(44,24,6,1)
6,2: (11565,6682,4112,65535)  #2D1A10FF  srgba(45,26,16,1)
7,2: (11822,5911,1799,65535)  #2E1707FF  srgba(46,23,7,1)
8,2: (11822,9509,10023,65535)  #2E2527FF  srgba(46,37,39,1)
9,2: (12079,8738,5654,65535)  #2F2216FF  srgba(47,34,22,1)
10,2: (12336,6682,2056,65535)  #301A08FF  srgba(48,26,8,1)
11,2: (12336,7453,4626,65535)  #301D12FF  srgba(48,29,18,1)
12,2: (12593,9766,8224,65535)  #312620FF  srgba(49,38,32,1)
13,2: (12850,4883,771,65535)  #321303FF  srgba(50,19,3,1)
14,2: (12850,7453,2313,65535)  #321D09FF  srgba(50,29,9,1)
15,2: (13107,7967,2570,65535)  #331F0AFF  srgba(51,31,10,1)
0,3: (13107,11565,11308,65535)  #332D2CFF  srgba(51,45,44,1)
1,3: (13364,8738,4883,65535)  #342213FF  srgba(52,34,19,1)
2,3: (13878,8995,4369,65535)  #362311FF  srgba(54,35,17,1)
3,3: (14392,8224,2570,65535)  #38200AFF  srgba(56,32,10,1)
4,3: (14649,8995,3855,65535)  #39230FFF  srgba(57,35,15,1)
5,3: (14906,10537,8738,65535)  #3A2922FF  srgba(58,41,34,1)
6,3: (14906,12079,12079,65535)  #3A2F2FFF  srgba(58,47,47,1)
7,3: (15163,9509,2570,65535)  #3B250AFF  srgba(59,37,10,1)
8,3: (15163,10023,4883,65535)  #3B2713FF  srgba(59,39,19,1)
9,3: (15163,12079,9509,65535)  #3B2F25FF  srgba(59,47,37,1)
10,3: (15420,5140,257,65535)  #3C1401FF  srgba(60,20,1,1)
11,3: (15420,8224,1799,65535)  #3C2007FF  srgba(60,32,7,1)
12,3: (15420,13364,13364,65535)  #3C3434FF  srgba(60,52,52,1)
13,3: (15934,10023,4369,65535)  #3E2711FF  srgba(62,39,17,1)
14,3: (16448,12079,9509,65535)  #402F25FF  srgba(64,47,37,1)
15,3: (16705,8224,1028,65535)  #412004FF  srgba(65,32,4,1)
0,4: (16705,13621,11565,65535)  #41352DFF  srgba(65,53,45,1)
1,4: (16705,14392,14392,65535)  #413838FF  srgba(65,56,56,1)
2,4: (17219,10280,4369,65535)  #432811FF  srgba(67,40,17,1)
3,4: (17219,10794,4626,65535)  #432A12FF  srgba(67,42,18,1)
4,4: (17219,11308,4883,65535)  #432C13FF  srgba(67,44,19,1)
5,4: (17476,12593,10023,65535)  #443127FF  srgba(68,49,39,1)
6,4: (17476,14392,12079,65535)  #44382FFF  srgba(68,56,47,1)
7,4: (17476,14649,14649,65535)  #443939FF  srgba(68,57,57,1)
8,4: (17990,10537,1799,65535)  #462907FF  srgba(70,41,7,1)
9,4: (18247,9766,1285,65535)  #472605FF  srgba(71,38,5,1)
10,4: (18247,13621,9766,65535)  #473526FF  srgba(71,53,38,1)
11,4: (18247,14392,13107,65535)  #473833FF  srgba(71,56,51,1)
12,4: (18247,15934,14649,65535)  #473E39FF  srgba(71,62,57,1)
13,4: (18247,16191,16191,65535)  #473F3FFF  srgba(71,63,63,1)
14,4: (18504,16448,17219,65535)  #484043FF  srgba(72,64,67,1)
15,4: (18761,11565,4883,65535)  #492D13FF  srgba(73,45,19,1)
0,5: (19018,14135,11051,65535)  #4A372BFF  srgba(74,55,43,1)
1,5: (19275,7967,257,65535)  #4B1F01FF  srgba(75,31,1,1)
2,5: (19275,11822,1542,65535)  #4B2E06FF  srgba(75,46,6,1)
3,5: (19532,16191,15420,65535)  #4C3F3CFF  srgba(76,63,60,1)
4,5: (19532,17990,17990,65535)  #4C4646FF  srgba(76,70,70,1)
5,5: (20046,17219,15163,65535)  #4E433BFF  srgba(78,67,59,1)
6,5: (20303,15934,12336,65535)  #4F3E30FF  srgba(79,62,48,1)
7,5: (20560,18247,18247,65535)  #504747FF  srgba(80,71,71,1)
8,5: (20817,14135,5397,65535)  #513715FF  srgba(81,55,21,1)
9,5: (21331,14135,9766,65535)  #533726FF  srgba(83,55,38,1)
10,5: (22359,11822,771,65535)  #572E03FF  srgba(87,46,3,1)
11,5: (22616,21074,21074,65535)  #585252FF  srgba(88,82,82,1)
12,5: (23130,19532,18247,65535)  #5A4C47FF  srgba(90,76,71,1)
13,5: (24158,18761,14135,65535)  #5E4937FF  srgba(94,73,55,1)
14,5: (24415,17476,9509,65535)  #5F4425FF  srgba(95,68,37,1)
15,5: (24415,23130,23644,65535)  #5F5A5CFF  srgba(95,90,92,1)
0,6: (25186,15420,5140,65535)  #623C14FF  srgba(98,60,20,1)
1,6: (25443,12850,514,65535)  #633202FF  srgba(99,50,2,1)
2,6: (26985,15934,1285,65535)  #693E05FF  srgba(105,62,5,1)
3,6: (27499,18761,8995,65535)  #6B4923FF  srgba(107,73,35,1)
4,6: (27499,19789,13107,65535)  #6B4D33FF  srgba(107,77,51,1)
5,6: (27756,18504,5654,65535)  #6C4816FF  srgba(108,72,22,1)
6,6: (27756,23130,18504,65535)  #6C5A48FF  srgba(108,90,72,1)
7,6: (28013,21845,13364,65535)  #6D5534FF  srgba(109,85,52,1)
8,6: (28013,23901,21845,65535)  #6D5D55FF  srgba(109,93,85,1)
9,6: (28013,25700,25957,65535)  #6D6465FF  srgba(109,100,101,1)
10,6: (29812,28270,26985,65535)  #746E69FF  srgba(116,110,105,1)
11,6: (30326,20303,12079,65535)  #764F2FFF  srgba(118,79,47,1)
12,6: (30583,19789,8481,65535)  #774D21FF  srgba(119,77,33,1)
13,6: (30840,25957,21845,65535)  #786555FF  srgba(120,101,85,1)
14,6: (31097,23901,13621,65535)  #795D35FF  srgba(121,93,53,1)
15,6: (31354,22102,11308,65535)  #7A562CFF  srgba(122,86,44,1)
0,7: (32125,19018,1285,65535)  #7D4A05FF  srgba(125,74,5,1)
1,7: (32125,30583,30583,65535)  #7D7777FF  srgba(125,119,119,1)
2,7: (33153,21331,5397,65535)  #815315FF  srgba(129,83,21,1)
3,7: (33667,26214,18247,65535)  #836647FF  srgba(131,102,71,1)
4,7: (33924,28013,23130,65535)  #846D5AFF  srgba(132,109,90,1)
5,7: (33924,30326,26214,65535)  #847666FF  srgba(132,118,102,1)
6,7: (33924,32639,33667,65535)  #847F83FF  srgba(132,127,131,1)
7,7: (34181,23387,11308,65535)  #855B2CFF  srgba(133,91,44,1)
8,7: (34695,25957,13621,65535)  #876535FF  srgba(135,101,53,1)
9,7: (36751,33153,30583,65535)  #8F8177FF  srgba(143,129,119,1)
10,7: (37265,23387,4369,65535)  #915B11FF  srgba(145,91,17,1)
11,7: (37265,26728,15677,65535)  #91683DFF  srgba(145,104,61,1)
12,7: (37779,25443,10537,65535)  #936329FF  srgba(147,99,41,1)
13,7: (37779,35723,36237,65535)  #938B8DFF  srgba(147,139,141,1)
14,7: (38293,28270,16448,65535)  #956E40FF  srgba(149,110,64,1)
15,7: (38293,29298,17733,65535)  #957245FF  srgba(149,114,69,1)
0,8: (39064,25700,5911,65535)  #986417FF  srgba(152,100,23,1)
1,8: (39321,31354,23387,65535)  #997A5BFF  srgba(153,122,91,1)
2,8: (39835,30840,19789,65535)  #9B784DFF  srgba(155,120,77,1)
3,8: (39835,38293,37522,65535)  #9B9592FF  srgba(155,149,146,1)
4,8: (40092,26985,9252,65535)  #9C6924FF  srgba(156,105,36,1)
5,8: (40606,33667,27756,65535)  #9E836CFF  srgba(158,131,108,1)
6,8: (40863,35980,30326,65535)  #9F8C76FF  srgba(159,140,118,1)
7,8: (41120,27499,9509,65535)  #A06B25FF  srgba(160,107,37,1)
8,8: (41120,30583,15677,65535)  #A0773DFF  srgba(160,119,61,1)
9,8: (41120,39578,40606,65535)  #A09A9EFF  srgba(160,154,158,1)
10,8: (41377,28013,10280,65535)  #A16D28FF  srgba(161,109,40,1)
11,8: (41634,28013,8481,65535)  #A26D21FF  srgba(162,109,33,1)
12,8: (41634,29041,11051,65535)  #A2712BFF  srgba(162,113,43,1)
13,8: (41634,29555,15677,65535)  #A2733DFF  srgba(162,115,61,1)
14,8: (41891,32896,20560,65535)  #A38050FF  srgba(163,128,80,1)
15,8: (42405,28784,8995,65535)  #A57023FF  srgba(165,112,35,1)
0,9: (42405,32382,16962,65535)  #A57E42FF  srgba(165,126,66,1)
1,9: (42662,29298,10537,65535)  #A67229FF  srgba(166,114,41,1)
2,9: (42919,34438,23644,65535)  #A7865CFF  srgba(167,134,92,1)
3,9: (43176,30326,11565,65535)  #A8762DFF  srgba(168,118,45,1)
4,9: (43433,29555,10280,65535)  #A97328FF  srgba(169,115,40,1)
5,9: (43690,31097,15420,65535)  #AA793CFF  srgba(170,121,60,1)
6,9: (43947,30069,9766,65535)  #AB7526FF  srgba(171,117,38,1)
7,9: (43947,32382,16191,65535)  #AB7E3FFF  srgba(171,126,63,1)
8,9: (43947,33410,20046,65535)  #AB824EFF  srgba(171,130,78,1)
9,9: (44204,30583,11308,65535)  #AC772CFF  srgba(172,119,44,1)
10,9: (44204,38550,30326,65535)  #AC9676FF  srgba(172,150,118,1)
11,9: (44204,41634,42148,65535)  #ACA2A4FF  srgba(172,162,164,1)
12,9: (44461,40349,36751,65535)  #AD9D8FFF  srgba(173,157,143,1)
13,9: (44975,32639,15677,65535)  #AF7F3DFF  srgba(175,127,61,1)
14,9: (44975,33667,19789,65535)  #AF834DFF  srgba(175,131,77,1)
15,9: (45232,43947,43947,65535)  #B0ABABFF  srgba(176,171,171,1)
0,10: (45489,30840,10280,65535)  #B17828FF  srgba(177,120,40,1)
1,10: (45746,31354,11308,65535)  #B27A2CFF  srgba(178,122,44,1)
2,10: (45746,32382,12593,65535)  #B27E31FF  srgba(178,126,49,1)
3,10: (45746,32896,15934,65535)  #B2803EFF  srgba(178,128,62,1)
4,10: (45746,33924,19532,65535)  #B2844CFF  srgba(178,132,76,1)
5,10: (46003,32125,10794,65535)  #B37D2AFF  srgba(179,125,42,1)
6,10: (46003,35466,20560,65535)  #B38A50FF  srgba(179,138,80,1)
7,10: (46003,36494,26985,65535)  #B38E69FF  srgba(179,142,105,1)
8,10: (46260,33667,16448,65535)  #B48340FF  srgba(180,131,64,1)
9,10: (46260,34181,19018,65535)  #B4854AFF  srgba(180,133,74,1)
10,10: (46260,34695,20560,65535)  #B48750FF  srgba(180,135,80,1)
11,10: (46517,34181,15934,65535)  #B5853EFF  srgba(181,133,62,1)
12,10: (46774,33153,15420,65535)  #B6813CFF  srgba(182,129,60,1)
13,10: (47031,32382,10537,65535)  #B77E29FF  srgba(183,126,41,1)
14,10: (47031,32639,12079,65535)  #B77F2FFF  srgba(183,127,47,1)
15,10: (47031,35723,23130,65535)  #B78B5AFF  srgba(183,139,90,1)
0,11: (47031,39064,28784,65535)  #B79870FF  srgba(183,152,112,1)
1,11: (47288,35466,18247,65535)  #B88A47FF  srgba(184,138,71,1)
2,11: (47288,35723,21074,65535)  #B88B52FF  srgba(184,139,82,1)
3,11: (47545,33667,15163,65535)  #B9833BFF  srgba(185,131,59,1)
4,11: (47545,34695,18761,65535)  #B98749FF  srgba(185,135,73,1)
5,11: (47802,46003,47545,65535)  #BAB3B9FF  srgba(186,179,185,1)
6,11: (48059,35466,19789,65535)  #BB8A4DFF  srgba(187,138,77,1)
7,11: (48059,45232,43947,65535)  #BBB0ABFF  srgba(187,176,171,1)
8,11: (48316,33410,10794,65535)  #BC822AFF  srgba(188,130,42,1)
9,11: (48316,33667,11822,65535)  #BC832EFF  srgba(188,131,46,1)
10,11: (48316,35209,15677,65535)  #BC893DFF  srgba(188,137,61,1)
11,11: (48316,35980,17476,65535)  #BC8C44FF  srgba(188,140,68,1)
12,11: (48316,36494,20817,65535)  #BC8E51FF  srgba(188,142,81,1)
13,11: (48573,33924,12593,65535)  #BD8431FF  srgba(189,132,49,1)
14,11: (48573,34695,17219,65535)  #BD8743FF  srgba(189,135,67,1)
15,11: (48573,38036,23644,65535)  #BD945CFF  srgba(189,148,92,1)
0,12: (48830,34695,14135,65535)  #BE8737FF  srgba(190,135,55,1)
1,12: (48830,39578,28527,65535)  #BE9A6FFF  srgba(190,154,111,1)
2,12: (49087,48316,48830,65535)  #BFBCBEFF  srgba(191,188,190,1)
3,12: (49344,35723,16448,65535)  #C08B40FF  srgba(192,139,64,1)
4,12: (49601,36494,16448,65535)  #C18E40FF  srgba(193,142,64,1)
5,12: (49601,36751,20046,65535)  #C18F4EFF  srgba(193,143,78,1)
6,12: (49858,34952,12850,65535)  #C28832FF  srgba(194,136,50,1)
7,12: (49858,35466,13878,65535)  #C28A36FF  srgba(194,138,54,1)
8,12: (49858,37265,18761,65535)  #C29149FF  srgba(194,145,73,1)
9,12: (49858,38036,19789,65535)  #C2944DFF  srgba(194,148,77,1)
10,12: (50115,35209,11565,65535)  #C3892DFF  srgba(195,137,45,1)
11,12: (50629,37265,17733,65535)  #C59145FF  srgba(197,145,69,1)
12,12: (50629,47802,46260,65535)  #C5BAB4FF  srgba(197,186,180,1)
13,12: (50886,43947,33924,65535)  #C6AB84FF  srgba(198,171,132,1)
14,12: (50886,48830,50115,65535)  #C6BEC3FF  srgba(198,190,195,1)
15,12: (51143,39064,23644,65535)  #C7985CFF  srgba(199,152,92,1)
0,13: (51400,36494,11565,65535)  #C88E2DFF  srgba(200,142,45,1)
1,13: (51400,36494,12593,65535)  #C88E31FF  srgba(200,142,49,1)
2,13: (51400,36751,14392,65535)  #C88F38FF  srgba(200,143,56,1)
3,13: (51914,37522,17476,65535)  #CA9244FF  srgba(202,146,68,1)
4,13: (51914,39064,21074,65535)  #CA9852FF  srgba(202,152,82,1)
5,13: (51914,41634,30583,65535)  #CAA277FF  srgba(202,162,119,1)
6,13: (51914,48573,47031,65535)  #CABDB7FF  srgba(202,189,183,1)
7,13: (52171,38807,18247,65535)  #CB9747FF  srgba(203,151,71,1)
8,13: (52171,50886,50115,65535)  #CBC6C3FF  srgba(203,198,195,1)
9,13: (52428,50886,52428,65535)  #CCC6CCFF  srgba(204,198,204,1)
10,13: (52685,39835,23387,65535)  #CD9B5BFF  srgba(205,155,91,1)
11,13: (53199,41120,26214,65535)  #CFA066FF  srgba(207,160,102,1)
12,13: (53199,41634,28013,65535)  #CFA26DFF  srgba(207,162,109,1)
13,13: (53456,39321,17990,65535)  #D09946FF  srgba(208,153,70,1)
14,13: (53456,40092,21074,65535)  #D09C52FF  srgba(208,156,82,1)
15,13: (53456,40863,23901,65535)  #D09F5DFF  srgba(208,159,93,1)
0,14: (53456,44204,32382,65535)  #D0AC7EFF  srgba(208,172,126,1)
1,14: (54227,41634,24158,65535)  #D3A25EFF  srgba(211,162,94,1)
2,14: (54227,41891,26985,65535)  #D3A369FF  srgba(211,163,105,1)
3,14: (54484,51143,48830,65535)  #D4C7BEFF  srgba(212,199,190,1)
4,14: (54741,40863,20303,65535)  #D59F4FFF  srgba(213,159,79,1)
5,14: (54998,43690,30326,65535)  #D6AA76FF  srgba(214,170,118,1)
6,14: (54998,53456,52942,65535)  #D6D0CEFF  srgba(214,208,206,1)
7,14: (55255,42405,26214,65535)  #D7A566FF  srgba(215,165,102,1)
8,14: (55255,43176,26471,65535)  #D7A867FF  srgba(215,168,103,1)
9,14: (55255,45746,33153,65535)  #D7B281FF  srgba(215,178,129,1)
10,14: (55512,48573,41377,65535)  #D8BDA1FF  srgba(216,189,161,1)
11,14: (55769,42405,24158,65535)  #D9A55EFF  srgba(217,165,94,1)
12,14: (55769,54227,55255,65535)  #D9D3D7FF  srgba(217,211,215,1)
13,14: (56283,52942,48573,65535)  #DBCEBDFF  srgba(219,206,189,1)
14,14: (56797,43433,25186,65535)  #DDA962FF  srgba(221,169,98,1)
15,14: (56797,44461,29041,65535)  #DDAD71FF  srgba(221,173,113,1)
0,15: (58082,47288,35209,65535)  #E2B889FF  srgba(226,184,137,1)
1,15: (58082,55512,55255,65535)  #E2D8D7FF  srgba(226,216,215,1)
2,15: (58596,50886,41377,65535)  #E4C6A1FF  srgba(228,198,161,1)
3,15: (58853,47031,31097,65535)  #E5B779FF  srgba(229,183,121,1)
4,15: (59624,57311,56026,65535)  #E8DFDAFF  srgba(232,223,218,1)
5,15: (59624,57825,58596,65535)  #E8E1E4FF  srgba(232,225,228,1)
6,15: (60909,50115,35980,65535)  #EDC38CFF  srgba(237,195,140,1)
7,15: (61166,59881,59624,65535)  #EEE9E8FF  srgba(238,233,232,1)
8,15: (62451,53199,42148,65535)  #F3CFA4FF  srgba(243,207,164,1)
9,15: (62965,61680,62451,65535)  #F5F0F3FF  srgba(245,240,243,1)
10,15: (63222,60909,58339,65535)  #F6EDE3FF  srgba(246,237,227,1)
11,15: (63479,57054,47288,65535)  #F7DEB8FF  srgba(247,222,184,1)
12,15: (63479,61423,60652,65535)  #F7EFECFF  srgba(247,239,236,1)
13,15: (65278,64507,64250,65535)  #FEFBFAFF  srgba(254,251,250,1)
14,15: (65535,64507,63993,65535)  #FFFBF9FF  srgba(255,251,249,1)
15,15: (0,65535,0,0)  #00FF0000  srgba(0,255,0,0)
