# ImageMagick pixel enumeration: 16,16,65535,srgba
0,0: (0,0,0,65535)  #000000FF  black
1,0: (0,0,1028,65535)  #000004FF  srgba(0,0,4,1)
2,0: (0,0,6168,65535)  #000018FF  srgba(0,0,24,1)
3,0: (0,0,6682,65535)  #00001AFF  srgba(0,0,26,1)
4,0: (0,0,10794,65535)  #00002AFF  srgba(0,0,42,1)
5,0: (0,0,13107,65535)  #000033FF  srgba(0,0,51,1)
6,0: (0,0,15934,65535)  #00003EFF  srgba(0,0,62,1)
7,0: (0,0,20560,65535)  #000050FF  srgba(0,0,80,1)
8,0: (0,0,20817,65535)  #000051FF  srgba(0,0,81,1)
9,0: (0,0,26214,65535)  #000066FF  srgba(0,0,102,1)
10,0: (0,0,29812,65535)  #000074FF  srgba(0,0,116,1)
11,0: (0,0,33153,65535)  #000081FF  srgba(0,0,129,1)
12,0: (0,0,34438,65535)  #000086FF  srgba(0,0,134,1)
13,0: (0,0,37008,65535)  #000090FF  srgba(0,0,144,1)
14,0: (0,0,40349,65535)  #00009DFF  srgba(0,0,157,1)
15,0: (0,0,46260,65535)  #0000B4FF  srgba(0,0,180,1)
0,1: (0,0,58596,65535)  #0000E4FF  srgba(0,0,228,1)
1,1: (0,0,60138,65535)  #0000EAFF  srgba(0,0,234,1)
2,1: (257,0,0,65535)  #010000FF  srgba(1,0,0,1)
3,1: (257,0,1285,65535)  #010005FF  srgba(1,0,5,1)
4,1: (514,0,57825,65535)  #0200E1FF  srgba(2,0,225,1)
5,1: (771,0,9766,65535)  #030026FF  srgba(3,0,38,1)
6,1: (1028,0,1542,65535)  #040006FF  srgba(4,0,6,1)
7,1: (1028,0,15677,65535)  #04003DFF  srgba(4,0,61,1)
8,1: (1285,0,0,65535)  #050000FF  srgba(5,0,0,1)
9,1: (1285,0,19532,65535)  #05004CFF  srgba(5,0,76,1)
10,1: (1542,0,11565,65535)  #06002DFF  srgba(6,0,45,1)
11,1: (1799,0,13364,65535)  #070034FF  srgba(7,0,52,1)
12,1: (1799,0,50629,65535)  #0700C5FF  srgba(7,0,197,1)
13,1: (1799,0,54227,65535)  #0700D3FF  srgba(7,0,211,1)
14,1: (2056,0,0,65535)  #080000FF  srgba(8,0,0,1)
15,1: (2056,0,6168,65535)  #080018FF  srgba(8,0,24,1)
0,2: (2056,0,22873,65535)  #080059FF  srgba(8,0,89,1)
1,2: (2056,0,41120,65535)  #0800A0FF  srgba(8,0,160,1)
2,2: (2570,0,11565,65535)  #0A002DFF  srgba(10,0,45,1)
3,2: (2570,0,21588,65535)  #0A0054FF  srgba(10,0,84,1)
4,2: (2827,0,29555,65535)  #0B0073FF  srgba(11,0,115,1)
5,2: (2827,0,34181,65535)  #0B0085FF  srgba(11,0,133,1)
6,2: (2827,0,61166,65535)  #0B00EEFF  srgba(11,0,238,1)
7,2: (3084,0,0,65535)  #0C0000FF  srgba(12,0,0,1)
8,2: (3084,0,1799,65535)  #0C0007FF  srgba(12,0,7,1)
9,2: (3084,0,6682,65535)  #0C001AFF  srgba(12,0,26,1)
10,2: (3084,0,10794,65535)  #0C002AFF  srgba(12,0,42,1)
11,2: (3341,0,0,65535)  #0D0000FF  srgba(13,0,0,1)
12,2: (3341,0,7710,65535)  #0D001EFF  srgba(13,0,30,1)
13,2: (3341,0,25957,65535)  #0D0065FF  srgba(13,0,101,1)
14,2: (3341,0,45746,65535)  #0D00B2FF  srgba(13,0,178,1)
15,2: (3598,0,13878,65535)  #0E0036FF  srgba(14,0,54,1)
0,3: (3598,0,15677,65535)  #0E003DFF  srgba(14,0,61,1)
1,3: (3598,0,20303,65535)  #0E004FFF  srgba(14,0,79,1)
2,3: (3855,0,10280,65535)  #0F0028FF  srgba(15,0,40,1)
3,3: (4112,771,1285,65535)  #100305FF  srgba(16,3,5,1)
4,3: (4369,0,1542,65535)  #110006FF  srgba(17,0,6,1)
5,3: (4626,0,62451,65535)  #1200F3FF  srgba(18,0,243,1)
6,3: (4883,4112,6939,65535)  #13101BFF  srgba(19,16,27,1)
7,3: (5140,0,1799,65535)  #140007FF  srgba(20,0,7,1)
8,3: (5140,0,19789,65535)  #14004DFF  srgba(20,0,77,1)
9,3: (5397,0,0,65535)  #150000FF  srgba(21,0,0,1)
10,3: (5397,4883,1542,65535)  #151306FF  srgba(21,19,6,1)
11,3: (6168,2570,0,65535)  #180A00FF  srgba(24,10,0,1)
12,3: (7196,0,0,65535)  #1C0000FF  srgba(28,0,0,1)
13,3: (7196,0,0,65535)  #1C0000FF  srgba(28,0,0,1)
14,3: (7196,0,257,65535)  #1C0001FF  srgba(28,0,1,1)
15,3: (7710,0,0,65535)  #1E0000FF  srgba(30,0,0,1)
0,4: (7967,0,15677,65535)  #1F003DFF  srgba(31,0,61,1)
1,4: (7967,0,62965,65535)  #1F00F5FF  srgba(31,0,245,1)
2,4: (8224,0,0,65535)  #200000FF  srgba(32,0,0,1)
3,4: (8738,0,20560,65535)  #220050FF  srgba(34,0,80,1)
4,4: (8738,0,43433,65535)  #2200A9FF  srgba(34,0,169,1)
5,4: (8738,5654,257,65535)  #221601FF  srgba(34,22,1,1)
6,4: (8995,0,257,65535)  #230001FF  srgba(35,0,1,1)
7,4: (8995,0,49858,65535)  #2300C2FF  srgba(35,0,194,1)
8,4: (8995,0,62708,65535)  #2300F4FF  srgba(35,0,244,1)
9,4: (9252,0,21074,65535)  #240052FF  srgba(36,0,82,1)
10,4: (9252,0,26728,65535)  #240068FF  srgba(36,0,104,1)
11,4: (9252,0,26728,65535)  #240068FF  srgba(36,0,104,1)
12,4: (9252,0,55512,65535)  #2400D8FF  srgba(36,0,216,1)
13,4: (9509,0,0,65535)  #250000FF  srgba(37,0,0,1)
14,4: (9509,0,8738,65535)  #250022FF  srgba(37,0,34,1)
15,4: (9509,0,9766,65535)  #250026FF  srgba(37,0,38,1)
0,5: (9509,0,15934,65535)  #25003EFF  srgba(37,0,62,1)
1,5: (9509,0,16448,65535)  #250040FF  srgba(37,0,64,1)
2,5: (9509,0,23387,65535)  #25005BFF  srgba(37,0,91,1)
3,5: (9509,7196,0,65535)  #251C00FF  srgba(37,28,0,1)
4,5: (9766,0,10537,65535)  #260029FF  srgba(38,0,41,1)
5,5: (9766,0,23644,65535)  #26005CFF  srgba(38,0,92,1)
6,5: (9766,257,15934,65535)  #26013EFF  srgba(38,1,62,1)
7,5: (9766,2827,23901,65535)  #260B5DFF  srgba(38,11,93,1)
8,5: (9766,11822,0,65535)  #262E00FF  srgba(38,46,0,1)
9,5: (10023,0,0,65535)  #270000FF  srgba(39,0,0,1)
10,5: (10023,0,6168,65535)  #270018FF  srgba(39,0,24,1)
11,5: (10023,0,6168,65535)  #270018FF  srgba(39,0,24,1)
12,5: (10023,4369,7967,65535)  #27111FFF  srgba(39,17,31,1)
13,5: (10280,0,1028,65535)  #280004FF  srgba(40,0,4,1)
14,5: (10280,3084,0,65535)  #280C00FF  srgba(40,12,0,1)
15,5: (10280,9766,15677,65535)  #28263DFF  srgba(40,38,61,1)
0,6: (10280,11822,514,65535)  #282E02FF  srgba(40,46,2,1)
1,6: (10537,0,0,65535)  #290000FF  srgba(41,0,0,1)
2,6: (10537,0,62451,65535)  #2900F3FF  srgba(41,0,243,1)
3,6: (10537,11051,8481,65535)  #292B21FF  srgba(41,43,33,1)
4,6: (10794,0,0,65535)  #2A0000FF  srgba(42,0,0,1)
5,6: (10794,0,15420,65535)  #2A003CFF  srgba(42,0,60,1)
6,6: (10794,0,64507,65535)  #2A00FBFF  srgba(42,0,251,1)
7,6: (11051,0,0,65535)  #2B0000FF  srgba(43,0,0,1)
8,6: (11051,0,34695,65535)  #2B0087FF  srgba(43,0,135,1)
9,6: (11051,0,37265,65535)  #2B0091FF  srgba(43,0,145,1)
10,6: (11308,0,1285,65535)  #2C0005FF  srgba(44,0,5,1)
11,6: (11308,0,37522,65535)  #2C0092FF  srgba(44,0,146,1)
12,6: (11822,0,0,65535)  #2E0000FF  srgba(46,0,0,1)
13,6: (11822,0,64764,65535)  #2E00FCFF  srgba(46,0,252,1)
14,6: (12079,514,1028,65535)  #2F0204FF  srgba(47,2,4,1)
15,6: (12079,5654,771,65535)  #2F1603FF  srgba(47,22,3,1)
0,7: (12336,11565,0,65535)  #302D00FF  srgba(48,45,0,1)
1,7: (12593,1542,0,65535)  #310600FF  srgba(49,6,0,1)
2,7: (12593,15163,0,65535)  #313B00FF  srgba(49,59,0,1)
3,7: (13107,0,0,65535)  #330000FF  srgba(51,0,0,1)
4,7: (13107,0,257,65535)  #330001FF  srgba(51,0,1,1)
5,7: (13107,6168,0,65535)  #331800FF  srgba(51,24,0,1)
6,7: (13364,0,2056,65535)  #340008FF  srgba(52,0,8,1)
7,7: (13364,0,43433,65535)  #3400A9FF  srgba(52,0,169,1)
8,7: (13364,0,55512,65535)  #3400D8FF  srgba(52,0,216,1)
9,7: (13621,0,49858,65535)  #3500C2FF  srgba(53,0,194,1)
10,7: (13878,0,0,65535)  #360000FF  srgba(54,0,0,1)
11,7: (14135,0,0,65535)  #370000FF  srgba(55,0,0,1)
12,7: (14392,13621,514,65535)  #383502FF  srgba(56,53,2,1)
13,7: (14649,0,17990,65535)  #390046FF  srgba(57,0,70,1)
14,7: (14649,0,18504,65535)  #390048FF  srgba(57,0,72,1)
15,7: (14906,0,12593,65535)  #3A0031FF  srgba(58,0,49,1)
0,8: (14906,0,12850,65535)  #3A0032FF  srgba(58,0,50,1)
1,8: (14906,0,22616,65535)  #3A0058FF  srgba(58,0,88,1)
2,8: (14906,0,25957,65535)  #3A0065FF  srgba(58,0,101,1)
3,8: (14906,0,25957,65535)  #3A0065FF  srgba(58,0,101,1)
4,8: (14906,0,63479,65535)  #3A00F7FF  srgba(58,0,247,1)
5,8: (14906,1285,7453,65535)  #3A051DFF  srgba(58,5,29,1)
6,8: (15163,0,6939,65535)  #3B001BFF  srgba(59,0,27,1)
7,8: (15163,771,22359,65535)  #3B0357FF  srgba(59,3,87,1)
8,8: (15163,1285,12850,65535)  #3B0532FF  srgba(59,5,50,1)
9,8: (15163,11822,12850,65535)  #3B2E32FF  srgba(59,46,50,1)
10,8: (15163,11822,20046,65535)  #3B2E4EFF  srgba(59,46,78,1)
11,8: (15420,0,0,65535)  #3C0000FF  srgba(60,0,0,1)
12,8: (15420,0,6939,65535)  #3C001BFF  srgba(60,0,27,1)
13,8: (15420,0,62451,65535)  #3C00F3FF  srgba(60,0,243,1)
14,8: (15420,0,65278,65535)  #3C00FEFF  srgba(60,0,254,1)
15,8: (15420,11051,7196,65535)  #3C2B1CFF  srgba(60,43,28,1)
0,9: (15677,257,63993,65535)  #3D01F9FF  srgba(61,1,249,1)
1,9: (16191,0,0,65535)  #3F0000FF  srgba(63,0,0,1)
2,9: (16191,11565,0,65535)  #3F2D00FF  srgba(63,45,0,1)
3,9: (16448,0,0,65535)  #400000FF  srgba(64,0,0,1)
4,9: (16448,2056,0,65535)  #400800FF  srgba(64,8,0,1)
5,9: (16705,0,0,65535)  #410000FF  srgba(65,0,0,1)
6,9: (16705,15934,0,65535)  #413E00FF  srgba(65,62,0,1)
7,9: (16705,15934,257,65535)  #413E01FF  srgba(65,62,1,1)
8,9: (16962,257,1028,65535)  #420104FF  srgba(66,1,4,1)
9,9: (16962,4369,257,65535)  #421101FF  srgba(66,17,1,1)
10,9: (17219,9509,514,65535)  #432502FF  srgba(67,37,2,1)
11,9: (17733,0,0,65535)  #450000FF  srgba(69,0,0,1)
12,9: (17733,6682,0,65535)  #451A00FF  srgba(69,26,0,1)
13,9: (18247,0,39578,65535)  #47009AFF  srgba(71,0,154,1)
14,9: (18247,0,52685,65535)  #4700CDFF  srgba(71,0,205,1)
15,9: (18504,0,0,65535)  #480000FF  srgba(72,0,0,1)
0,10: (18504,0,771,65535)  #480003FF  srgba(72,0,3,1)
1,10: (18761,257,39835,65535)  #49019BFF  srgba(73,1,155,1)
2,10: (18761,257,52428,65535)  #4901CCFF  srgba(73,1,204,1)
3,10: (19018,0,0,65535)  #4A0000FF  srgba(74,0,0,1)
4,10: (19275,0,257,65535)  #4B0001FF  srgba(75,0,1,1)
5,10: (19532,0,35466,65535)  #4C008AFF  srgba(76,0,138,1)
6,10: (19532,0,52685,65535)  #4C00CDFF  srgba(76,0,205,1)
7,10: (19532,0,55512,65535)  #4C00D8FF  srgba(76,0,216,1)
8,10: (19789,0,35209,65535)  #4D0089FF  srgba(77,0,137,1)
9,10: (19789,0,42662,65535)  #4D00A6FF  srgba(77,0,166,1)
10,10: (19789,0,49601,65535)  #4D00C1FF  srgba(77,0,193,1)
11,10: (20046,0,43176,65535)  #4E00A8FF  srgba(78,0,168,1)
12,10: (20046,0,63222,65535)  #4E00F6FF  srgba(78,0,246,1)
13,10: (20046,0,63479,65535)  #4E00F7FF  srgba(78,0,247,1)
14,10: (20303,6939,62708,65535)  #4F1BF4FF  srgba(79,27,244,1)
15,10: (20560,0,0,65535)  #500000FF  srgba(80,0,0,1)
0,11: (20560,0,0,65535)  #500000FF  srgba(80,0,0,1)
1,11: (20817,0,6425,65535)  #510019FF  srgba(81,0,25,1)
2,11: (20817,4626,0,65535)  #511200FF  srgba(81,18,0,1)
3,11: (20817,4883,6682,65535)  #51131AFF  srgba(81,19,26,1)
4,11: (21074,11308,0,65535)  #522C00FF  srgba(82,44,0,1)
5,11: (21074,12593,64250,65535)  #5231FAFF  srgba(82,49,250,1)
6,11: (21331,0,0,65535)  #530000FF  srgba(83,0,0,1)
7,11: (21331,0,1285,65535)  #530005FF  srgba(83,0,5,1)
8,11: (21331,0,6682,65535)  #53001AFF  srgba(83,0,26,1)
9,11: (21331,2056,13364,65535)  #530834FF  srgba(83,8,52,1)
10,11: (21331,8738,0,65535)  #532200FF  srgba(83,34,0,1)
11,11: (21331,10537,54227,65535)  #5329D3FF  srgba(83,41,211,1)
12,11: (21588,0,514,65535)  #540002FF  srgba(84,0,2,1)
13,11: (21588,0,14135,65535)  #540037FF  srgba(84,0,55,1)
14,11: (21845,0,26214,65535)  #550066FF  srgba(85,0,102,1)
15,11: (21845,1542,25700,65535)  #550664FF  srgba(85,6,100,1)
0,12: (22102,3855,514,65535)  #560F02FF  srgba(86,15,2,1)
1,12: (22102,9766,771,65535)  #562603FF  srgba(86,38,3,1)
2,12: (22102,11565,6682,65535)  #562D1AFF  srgba(86,45,26,1)
3,12: (22102,11822,38036,65535)  #562E94FF  srgba(86,46,148,1)
4,12: (22102,15420,0,65535)  #563C00FF  srgba(86,60,0,1)
5,12: (22359,12850,14392,65535)  #573238FF  srgba(87,50,56,1)
6,12: (22616,0,771,65535)  #580003FF  srgba(88,0,3,1)
7,12: (22873,13107,25186,65535)  #593362FF  srgba(89,51,98,1)
8,12: (22873,14649,257,65535)  #593901FF  srgba(89,57,1,1)
9,12: (23130,4883,63222,65535)  #5A13F6FF  srgba(90,19,246,1)
10,12: (23130,12593,63736,65535)  #5A31F8FF  srgba(90,49,248,1)
11,12: (23387,0,63222,65535)  #5B00F6FF  srgba(91,0,246,1)
12,12: (23644,0,0,65535)  #5C0000FF  srgba(92,0,0,1)
13,12: (23644,0,0,65535)  #5C0000FF  srgba(92,0,0,1)
14,12: (24158,0,0,65535)  #5E0000FF  srgba(94,0,0,1)
15,12: (24415,0,52428,65535)  #5F00CCFF  srgba(95,0,204,1)
0,13: (24929,11051,52942,65535)  #612BCEFF  srgba(97,43,206,1)
1,13: (25700,0,0,65535)  #640000FF  srgba(100,0,0,1)
2,13: (25700,0,0,65535)  #640000FF  srgba(100,0,0,1)
3,13: (25700,4112,514,65535)  #641002FF  srgba(100,16,2,1)
4,13: (25957,0,257,65535)  #650001FF  srgba(101,0,1,1)
5,13: (26214,12079,1028,65535)  #662F04FF  srgba(102,47,4,1)
6,13: (26471,0,62708,65535)  #6700F4FF  srgba(103,0,244,1)
7,13: (26471,2570,0,65535)  #670A00FF  srgba(103,10,0,1)
8,13: (26471,14906,0,65535)  #673A00FF  srgba(103,58,0,1)
9,13: (26471,16448,257,65535)  #674001FF  srgba(103,64,1,1)
10,13: (26728,0,35980,65535)  #68008CFF  srgba(104,0,140,1)
11,13: (26728,0,43176,65535)  #6800A8FF  srgba(104,0,168,1)
12,13: (27242,0,7453,65535)  #6A001DFF  srgba(106,0,29,1)
13,13: (27242,0,52171,65535)  #6A00CBFF  srgba(106,0,203,1)
14,13: (27242,6682,0,65535)  #6A1A00FF  srgba(106,26,0,1)
15,13: (27242,11308,7710,65535)  #6A2C1EFF  srgba(106,44,30,1)
0,14: (27499,5140,7967,65535)  #6B141FFF  srgba(107,20,31,1)
1,14: (27756,0,0,65535)  #6C0000FF  srgba(108,0,0,1)
2,14: (28013,0,0,65535)  #6D0000FF  srgba(109,0,0,1)
3,14: (28013,0,1028,65535)  #6D0004FF  srgba(109,0,4,1)
4,14: (28013,2056,52428,65535)  #6D08CCFF  srgba(109,8,204,1)
5,14: (28270,257,27756,65535)  #6E016CFF  srgba(110,1,108,1)
6,14: (28784,3598,62451,65535)  #700EF3FF  srgba(112,14,243,1)
7,14: (28784,4112,1028,65535)  #701004FF  srgba(112,16,4,1)
8,14: (29041,5911,0,65535)  #711700FF  srgba(113,23,0,1)
9,14: (29041,14649,0,65535)  #713900FF  srgba(113,57,0,1)
10,14: (29298,257,20560,65535)  #720150FF  srgba(114,1,80,1)
11,14: (29298,10280,25443,65535)  #722863FF  srgba(114,40,99,1)
12,14: (29555,7196,42662,65535)  #731CA6FF  srgba(115,28,166,1)
13,14: (29555,7967,35466,65535)  #731F8AFF  srgba(115,31,138,1)
14,14: (29555,9252,15934,65535)  #73243EFF  srgba(115,36,62,1)
15,14: (29812,0,0,65535)  #740000FF  srgba(116,0,0,1)
0,15: (30069,0,14906,65535)  #75003AFF  srgba(117,0,58,1)
1,15: (30069,6939,26214,65535)  #751B66FF  srgba(117,27,102,1)
2,15: (30326,5911,0,65535)  #761700FF  srgba(118,23,0,1)
3,15: (30583,13107,514,65535)  #773302FF  srgba(119,51,2,1)
4,15: (30840,0,0,65535)  #780000FF  srgba(120,0,0,1)
5,15: (30840,0,7967,65535)  #78001FFF  srgba(120,0,31,1)
6,15: (30840,3341,8224,65535)  #780D20FF  srgba(120,13,32,1)
7,15: (31097,5140,51914,65535)  #7914CAFF  srgba(121,20,202,1)
8,15: (31611,0,0,65535)  #7B0000FF  srgba(123,0,0,1)
9,15: (31868,5654,0,65535)  #7C1600FF  srgba(124,22,0,1)
10,15: (31868,12593,7967,65535)  #7C311FFF  srgba(124,49,31,1)
11,15: (32382,0,0,65535)  #7E0000FF  srgba(126,0,0,1)
12,15: (32382,2827,771,65535)  #7E0B03FF  srgba(126,11,3,1)
13,15: (32639,13878,0,65535)  #7F3600FF  srgba(127,54,0,1)
14,15: (33410,13621,514,65535)  #823502FF  srgba(130,53,2,1)
15,15: (0,65535,0,0)  #00FF0000  srgba(0,255,0,0)
