# ImageMagick pixel enumeration: 16,16,65535,srgba
0,0: (16705,26214,32896,65535)  #416680FF  srgba(65,102,128,1)
1,0: (17476,17219,29555,65535)  #444373FF  srgba(68,67,115,1)
2,0: (17476,52942,37522,65535)  #44CE92FF  srgba(68,206,146,1)
3,0: (17733,18247,27756,65535)  #45476CFF  srgba(69,71,108,1)
4,0: (17733,52942,34952,65535)  #45CE88FF  srgba(69,206,136,1)
5,0: (17733,52942,35980,65535)  #45CE8CFF  srgba(69,206,140,1)
6,0: (17990,19532,31354,65535)  #464C7AFF  srgba(70,76,122,1)
7,0: (17990,39578,32896,65535)  #469A80FF  srgba(70,154,128,1)
8,0: (18247,13364,31354,65535)  #47347AFF  srgba(71,52,122,1)
9,0: (18247,23901,35723,65535)  #475D8BFF  srgba(71,93,139,1)
10,0: (18247,31868,30326,65535)  #477C76FF  srgba(71,124,118,1)
11,0: (18247,53199,33410,65535)  #47CF82FF  srgba(71,207,130,1)
12,0: (18761,13107,33153,65535)  #493381FF  srgba(73,51,129,1)
13,0: (18761,21845,33667,65535)  #495583FF  srgba(73,85,131,1)
14,0: (18761,25186,32896,65535)  #496280FF  srgba(73,98,128,1)
15,0: (18761,51657,36751,65535)  #49C98FFF  srgba(73,201,143,1)
0,1: (19018,12336,35466,65535)  #4A308AFF  srgba(74,48,138,1)
1,1: (19018,22873,35466,65535)  #4A598AFF  srgba(74,89,138,1)
2,1: (19018,32125,28270,65535)  #4A7D6EFF  srgba(74,125,110,1)
3,1: (19018,52685,35980,65535)  #4ACD8CFF  srgba(74,205,140,1)
4,1: (19275,21588,35466,65535)  #4B548AFF  srgba(75,84,138,1)
5,1: (19275,49601,33153,65535)  #4BC181FF  srgba(75,193,129,1)
6,1: (19275,52685,34695,65535)  #4BCD87FF  srgba(75,205,135,1)
7,1: (19275,52685,37522,65535)  #4BCD92FF  srgba(75,205,146,1)
8,1: (19532,35723,36237,65535)  #4C8B8DFF  srgba(76,139,141,1)
9,1: (20046,8995,34438,65535)  #4E2386FF  srgba(78,35,134,1)
10,1: (20046,9252,32639,65535)  #4E247FFF  srgba(78,36,127,1)
11,1: (20046,10537,34952,65535)  #4E2988FF  srgba(78,41,136,1)
12,1: (20046,51914,33153,65535)  #4ECA81FF  srgba(78,202,129,1)
13,1: (20303,3855,34438,65535)  #4F0F86FF  srgba(79,15,134,1)
14,1: (20303,4369,34952,65535)  #4F1188FF  srgba(79,17,136,1)
15,1: (20303,5654,35209,65535)  #4F1689FF  srgba(79,22,137,1)
0,2: (20303,5654,36494,65535)  #4F168EFF  srgba(79,22,142,1)
1,2: (20303,7453,33924,65535)  #4F1D84FF  srgba(79,29,132,1)
2,2: (20303,9252,36494,65535)  #4F248EFF  srgba(79,36,142,1)
3,2: (20303,10280,35209,65535)  #4F2889FF  srgba(79,40,137,1)
4,2: (20303,10794,34438,65535)  #4F2A86FF  srgba(79,42,134,1)
5,2: (20303,10794,36237,65535)  #4F2A8DFF  srgba(79,42,141,1)
6,2: (20303,11051,33924,65535)  #4F2B84FF  srgba(79,43,132,1)
7,2: (20303,24415,30326,65535)  #4F5F76FF  srgba(79,95,118,1)
8,2: (20303,45746,37008,65535)  #4FB290FF  srgba(79,178,144,1)
9,2: (20560,257,35209,65535)  #500189FF  srgba(80,1,137,1)
10,2: (20560,2056,36237,65535)  #50088DFF  srgba(80,8,141,1)
11,2: (20560,4626,35723,65535)  #50128BFF  srgba(80,18,139,1)
12,2: (20560,10537,35723,65535)  #50298BFF  srgba(80,41,139,1)
13,2: (20560,10537,35980,65535)  #50298CFF  srgba(80,41,140,1)
14,2: (20560,10794,35466,65535)  #502A8AFF  srgba(80,42,138,1)
15,2: (20560,10794,35723,65535)  #502A8BFF  srgba(80,42,139,1)
0,3: (20560,11308,36237,65535)  #502C8DFF  srgba(80,44,141,1)
1,3: (20560,24415,28270,65535)  #505F6EFF  srgba(80,95,110,1)
2,3: (20817,0,34952,65535)  #510088FF  srgba(81,0,136,1)
3,3: (20817,0,35723,65535)  #51008BFF  srgba(81,0,139,1)
4,3: (20817,11308,36494,65535)  #512C8EFF  srgba(81,44,142,1)
5,3: (20817,11822,35980,65535)  #512E8CFF  srgba(81,46,140,1)
6,3: (20817,23130,33153,65535)  #515A81FF  srgba(81,90,129,1)
7,3: (20817,24415,35723,65535)  #515F8BFF  srgba(81,95,139,1)
8,3: (20817,43433,30326,65535)  #51A976FF  srgba(81,169,118,1)
9,3: (20817,52685,33153,65535)  #51CD81FF  srgba(81,205,129,1)
10,3: (21074,1028,35980,65535)  #52048CFF  srgba(82,4,140,1)
11,3: (21074,3341,35466,65535)  #520D8AFF  srgba(82,13,138,1)
12,3: (21074,9252,34438,65535)  #522486FF  srgba(82,36,134,1)
13,3: (21074,9509,36751,65535)  #52258FFF  srgba(82,37,143,1)
14,3: (21074,11051,36237,65535)  #522B8DFF  srgba(82,43,141,1)
15,3: (21074,22102,33410,65535)  #525682FF  srgba(82,86,130,1)
0,4: (21074,52942,31097,65535)  #52CE79FF  srgba(82,206,121,1)
1,4: (21331,0,35466,65535)  #53008AFF  srgba(83,0,138,1)
2,4: (21331,10794,35466,65535)  #532A8AFF  srgba(83,42,138,1)
3,4: (21331,11308,35980,65535)  #532C8CFF  srgba(83,44,140,1)
4,4: (21331,11308,36494,65535)  #532C8EFF  srgba(83,44,142,1)
5,4: (21331,11565,37779,65535)  #532D93FF  srgba(83,45,147,1)
6,4: (21331,20560,34952,65535)  #535088FF  srgba(83,80,136,1)
7,4: (21331,26985,32896,65535)  #536980FF  srgba(83,105,128,1)
8,4: (21331,51143,35466,65535)  #53C78AFF  srgba(83,199,138,1)
9,4: (21588,1285,36237,65535)  #54058DFF  srgba(84,5,141,1)
10,4: (21588,3084,34952,65535)  #540C88FF  srgba(84,12,136,1)
11,4: (21588,5140,35466,65535)  #54148AFF  srgba(84,20,138,1)
12,4: (21588,6425,34181,65535)  #541985FF  srgba(84,25,133,1)
13,4: (21588,8995,32382,65535)  #54237EFF  srgba(84,35,126,1)
14,4: (21588,9252,36751,65535)  #54248FFF  srgba(84,36,143,1)
15,4: (21588,9766,35980,65535)  #54268CFF  srgba(84,38,140,1)
0,5: (21588,10537,34952,65535)  #542988FF  srgba(84,41,136,1)
1,5: (21588,11051,33924,65535)  #542B84FF  srgba(84,43,132,1)
2,5: (21588,13621,33153,65535)  #543581FF  srgba(84,53,129,1)
3,5: (21588,20560,36751,65535)  #54508FFF  srgba(84,80,143,1)
4,5: (21588,38293,26471,65535)  #549567FF  srgba(84,149,103,1)
5,5: (21588,43433,28270,65535)  #54A96EFF  srgba(84,169,110,1)
6,5: (22102,18504,26214,65535)  #564866FF  srgba(86,72,102,1)
7,5: (22102,50629,38293,65535)  #56C595FF  srgba(86,197,149,1)
8,5: (22359,22102,31354,65535)  #57567AFF  srgba(87,86,122,1)
9,5: (22359,24415,24415,65535)  #575F5FFF  srgba(87,95,95,1)
10,5: (22359,51657,32639,65535)  #57C97FFF  srgba(87,201,127,1)
11,5: (22359,52942,29041,65535)  #57CE71FF  srgba(87,206,113,1)
12,5: (22616,2056,35466,65535)  #58088AFF  srgba(88,8,138,1)
13,5: (22616,7967,35466,65535)  #581F8AFF  srgba(88,31,138,1)
14,5: (22616,10537,35466,65535)  #58298AFF  srgba(88,41,138,1)
15,5: (22616,14392,31354,65535)  #58387AFF  srgba(88,56,122,1)
0,6: (22873,4369,32382,65535)  #59117EFF  srgba(89,17,126,1)
1,6: (22873,9509,32125,65535)  #59257DFF  srgba(89,37,125,1)
2,6: (22873,10537,31868,65535)  #59297CFF  srgba(89,41,124,1)
3,6: (22873,37008,22616,65535)  #599058FF  srgba(89,144,88,1)
4,6: (23130,18504,23130,65535)  #5A485AFF  srgba(90,72,90,1)
5,6: (23130,47031,32896,65535)  #5AB780FF  srgba(90,183,128,1)
6,6: (23130,51400,30069,65535)  #5AC875FF  srgba(90,200,117,1)
7,6: (23387,18761,29555,65535)  #5B4973FF  srgba(91,73,115,1)
8,6: (23644,35466,37522,65535)  #5C8A92FF  srgba(92,138,146,1)
9,6: (23644,52942,25186,65535)  #5CCE62FF  srgba(92,206,98,1)
10,6: (24158,7710,34181,65535)  #5E1E85FF  srgba(94,30,133,1)
11,6: (24158,8224,32125,65535)  #5E207DFF  srgba(94,32,125,1)
12,6: (24158,19018,27756,65535)  #5E4A6CFF  srgba(94,74,108,1)
13,6: (24158,46003,38036,65535)  #5EB394FF  srgba(94,179,148,1)
14,6: (24158,51400,26471,65535)  #5EC867FF  srgba(94,200,103,1)
15,6: (24415,8995,29812,65535)  #5F2374FF  srgba(95,35,116,1)
0,7: (25957,7967,31868,65535)  #651F7CFF  srgba(101,31,124,1)
1,7: (25957,8481,28784,65535)  #652170FF  srgba(101,33,112,1)
2,7: (26471,8995,25957,65535)  #672365FF  srgba(103,35,101,1)
3,7: (27499,7967,29812,65535)  #6B1F74FF  srgba(107,31,116,1)
4,7: (27499,47288,36237,65535)  #6BB88DFF  srgba(107,184,141,1)
5,7: (27499,50629,28013,65535)  #6BC56DFF  srgba(107,197,109,1)
6,7: (27756,17219,34695,65535)  #6C4387FF  srgba(108,67,135,1)
7,7: (27756,32125,38036,65535)  #6C7D94FF  srgba(108,125,148,1)
8,7: (28013,41120,38036,65535)  #6DA094FF  srgba(109,160,148,1)
9,7: (28270,16191,31611,65535)  #6E3F7BFF  srgba(110,63,123,1)
10,7: (28270,20817,29812,65535)  #6E5174FF  srgba(110,81,116,1)
11,7: (28270,31611,29812,65535)  #6E7B74FF  srgba(110,123,116,1)
12,7: (28270,40349,30326,65535)  #6E9D76FF  srgba(110,157,118,1)
13,7: (28270,51400,22359,65535)  #6EC857FF  srgba(110,200,87,1)
14,7: (28527,22102,27242,65535)  #6F566AFF  srgba(111,86,106,1)
15,7: (28527,50115,22873,65535)  #6FC359FF  srgba(111,195,89,1)
0,8: (28527,53970,29298,65535)  #6FD272FF  srgba(111,210,114,1)
1,8: (28784,12593,29812,65535)  #703174FF  srgba(112,49,116,1)
2,8: (28784,30326,22616,65535)  #707658FF  srgba(112,118,88,1)
3,8: (28784,43947,23130,65535)  #70AB5AFF  srgba(112,171,90,1)
4,8: (29041,8995,22359,65535)  #712357FF  srgba(113,35,87,1)
5,8: (29298,22616,23901,65535)  #72585DFF  srgba(114,88,93,1)
6,8: (29555,13364,27242,65535)  #73346AFF  srgba(115,52,106,1)
7,8: (29812,15163,24158,65535)  #743B5EFF  srgba(116,59,94,1)
8,8: (30069,7710,29041,65535)  #751E71FF  srgba(117,30,113,1)
9,8: (30069,22616,19275,65535)  #75584BFF  srgba(117,88,75,1)
10,8: (30069,53199,17733,65535)  #75CF45FF  srgba(117,207,69,1)
11,8: (30069,53713,25186,65535)  #75D162FF  srgba(117,209,98,1)
12,8: (30583,16191,19789,65535)  #773F4DFF  srgba(119,63,77,1)
13,8: (31097,53713,22102,65535)  #79D156FF  srgba(121,209,86,1)
14,8: (31354,10280,25443,65535)  #7A2863FF  srgba(122,40,99,1)
15,8: (31611,5654,25443,65535)  #7B1663FF  srgba(123,22,99,1)
0,9: (32125,45232,25957,65535)  #7DB065FF  srgba(125,176,101,1)
1,9: (32382,51143,22359,65535)  #7EC757FF  srgba(126,199,87,1)
2,9: (32639,8738,19789,65535)  #7F224DFF  srgba(127,34,77,1)
3,9: (32639,45746,22359,65535)  #7FB257FF  srgba(127,178,87,1)
4,9: (32896,30069,22616,65535)  #807558FF  srgba(128,117,88,1)
5,9: (33667,9252,15934,65535)  #83243EFF  srgba(131,36,62,1)
6,9: (33667,42405,32382,65535)  #83A57EFF  srgba(131,165,126,1)
7,9: (33924,7710,22102,65535)  #841E56FF  srgba(132,30,86,1)
8,9: (33924,49858,17990,65535)  #84C246FF  srgba(132,194,70,1)
9,9: (33924,51143,17990,65535)  #84C746FF  srgba(132,199,70,1)
10,9: (34181,42662,17990,65535)  #85A646FF  srgba(133,166,70,1)
11,9: (34181,53713,16962,65535)  #85D142FF  srgba(133,209,66,1)
12,9: (34438,28270,18504,65535)  #866E48FF  srgba(134,110,72,1)
13,9: (34438,31868,31611,65535)  #867C7BFF  srgba(134,124,123,1)
14,9: (34952,16962,28270,65535)  #88426EFF  srgba(136,66,110,1)
15,9: (35209,16705,24929,65535)  #894161FF  srgba(137,65,97,1)
0,10: (35466,13107,22616,65535)  #8A3358FF  srgba(138,51,88,1)
1,10: (35466,22102,22359,65535)  #8A5657FF  srgba(138,86,87,1)
2,10: (35466,45489,22359,65535)  #8AB157FF  srgba(138,177,87,1)
3,10: (35723,14906,17990,65535)  #8B3A46FF  srgba(139,58,70,1)
4,10: (35723,22873,17990,65535)  #8B5946FF  srgba(139,89,70,1)
5,10: (35980,30069,25957,65535)  #8C7565FF  srgba(140,117,101,1)
6,10: (36237,18761,13621,65535)  #8D4935FF  srgba(141,73,53,1)
7,10: (36237,51143,11308,65535)  #8DC72CFF  srgba(141,199,44,1)
8,10: (37008,19532,10280,65535)  #904C28FF  srgba(144,76,40,1)
9,10: (37008,41120,26214,65535)  #90A066FF  srgba(144,160,102,1)
10,10: (37008,42148,11308,65535)  #90A42CFF  srgba(144,164,44,1)
11,10: (37522,49601,11822,65535)  #92C12EFF  srgba(146,193,46,1)
12,10: (37522,54227,20817,65535)  #92D351FF  srgba(146,211,81,1)
13,10: (38036,47031,16962,65535)  #94B742FF  srgba(148,183,66,1)
14,10: (38036,53970,15163,65535)  #94D23BFF  srgba(148,210,59,1)
15,10: (38293,28784,18247,65535)  #957047FF  srgba(149,112,71,1)
0,11: (38293,51143,17219,65535)  #95C743FF  srgba(149,199,67,1)
1,11: (38807,25957,11308,65535)  #97652CFF  srgba(151,101,44,1)
2,11: (38807,53456,9252,65535)  #97D024FF  srgba(151,208,36,1)
3,11: (39064,7196,20817,65535)  #981C51FF  srgba(152,28,81,1)
4,11: (39321,29041,22616,65535)  #997158FF  srgba(153,113,88,1)
5,11: (39578,17476,23644,65535)  #9A445CFF  srgba(154,68,92,1)
6,11: (39578,17990,19532,65535)  #9A464CFF  srgba(154,70,76,1)
7,11: (39835,14392,16448,65535)  #9B3840FF  srgba(155,56,64,1)
8,11: (39835,22616,16448,65535)  #9B5840FF  srgba(155,88,64,1)
9,11: (39835,41891,22616,65535)  #9BA358FF  srgba(155,163,88,1)
10,11: (40349,7453,16962,65535)  #9D1D42FF  srgba(157,29,66,1)
11,11: (41634,7710,14135,65535)  #A21E37FF  srgba(162,30,55,1)
12,11: (41634,17990,13107,65535)  #A24633FF  srgba(162,70,51,1)
13,11: (41891,19018,8995,65535)  #A34A23FF  srgba(163,74,35,1)
14,11: (41891,54227,15677,65535)  #A3D33DFF  srgba(163,211,61,1)
15,11: (42662,8481,10023,65535)  #A62127FF  srgba(166,33,39,1)
0,12: (42662,53970,8481,65535)  #A6D221FF  srgba(166,210,33,1)
1,12: (42919,17990,20046,65535)  #A7464EFF  srgba(167,70,78,1)
2,12: (42919,48573,16705,65535)  #A7BD41FF  srgba(167,189,65,1)
3,12: (42919,51143,9766,65535)  #A7C726FF  srgba(167,199,38,1)
4,12: (43176,18247,15934,65535)  #A8473EFF  srgba(168,71,62,1)
5,12: (43690,49601,8995,65535)  #AAC123FF  srgba(170,193,35,1)
6,12: (43947,40863,8738,65535)  #AB9F22FF  srgba(171,159,34,1)
7,12: (44718,25957,9509,65535)  #AE6525FF  srgba(174,101,37,1)
8,12: (44718,28270,17733,65535)  #AE6E45FF  srgba(174,110,69,1)
9,12: (44975,54484,14649,65535)  #AFD439FF  srgba(175,212,57,1)
10,12: (45232,17219,12336,65535)  #B04330FF  srgba(176,67,48,1)
11,12: (45489,22359,6682,65535)  #B1571AFF  srgba(177,87,26,1)
12,12: (45489,54227,7710,65535)  #B1D31EFF  srgba(177,211,30,1)
13,12: (45746,15163,7967,65535)  #B23B1FFF  srgba(178,59,31,1)
14,12: (45746,17990,17476,65535)  #B24644FF  srgba(178,70,68,1)
15,12: (47802,51400,7967,65535)  #BAC81FFF  srgba(186,200,31,1)
0,13: (48573,7710,7710,65535)  #BD1E1EFF  srgba(189,30,30,1)
1,13: (49087,54741,8738,65535)  #BFD522FF  srgba(191,213,34,1)
2,13: (49087,54998,13878,65535)  #BFD636FF  srgba(191,214,54,1)
3,13: (49344,6168,12336,65535)  #C01830FF  srgba(192,24,48,1)
4,13: (49344,54484,3855,65535)  #C0D40FFF  srgba(192,212,15,1)
5,13: (49858,18504,16962,65535)  #C24842FF  srgba(194,72,66,1)
6,13: (50115,46260,5140,65535)  #C3B414FF  srgba(195,180,20,1)
7,13: (50115,51400,1799,65535)  #C3C807FF  srgba(195,200,7,1)
8,13: (50372,29555,6168,65535)  #C47318FF  srgba(196,115,24,1)
9,13: (50629,19275,10537,65535)  #C54B29FF  srgba(197,75,41,1)
10,13: (50629,25186,6682,65535)  #C5621AFF  srgba(197,98,26,1)
11,13: (51143,13621,10280,65535)  #C73528FF  srgba(199,53,40,1)
12,13: (51657,22359,3084,65535)  #C9570CFF  srgba(201,87,12,1)
13,13: (52171,14906,4626,65535)  #CB3A12FF  srgba(203,58,18,1)
14,13: (52942,54741,7196,65535)  #CED51CFF  srgba(206,213,28,1)
15,13: (53456,54998,2313,65535)  #D0D609FF  srgba(208,214,9,1)
0,14: (53970,7453,3084,65535)  #D21D0CFF  srgba(210,29,12,1)
1,14: (54227,54484,0,65535)  #D3D400FF  srgba(211,212,0,1)
2,14: (54484,6168,7453,65535)  #D4181DFF  srgba(212,24,29,1)
3,14: (57054,17733,7453,65535)  #DE451DFF  srgba(222,69,29,1)
4,14: (57054,54484,4626,65535)  #DED412FF  srgba(222,212,18,1)
5,14: (57311,32639,4112,65535)  #DF7F10FF  srgba(223,127,16,1)
6,14: (57568,24672,3855,65535)  #E0600FFF  srgba(224,96,15,1)
7,14: (57568,49601,3341,65535)  #E0C10DFF  srgba(224,193,13,1)
8,14: (57825,54741,0,65535)  #E1D500FF  srgba(225,213,0,1)
9,14: (58082,19018,3341,65535)  #E24A0DFF  srgba(226,74,13,1)
10,14: (58082,49601,0,65535)  #E2C100FF  srgba(226,193,0,1)
11,14: (58082,54484,1285,65535)  #E2D405FF  srgba(226,212,5,1)
12,14: (58596,12850,5140,65535)  #E43214FF  srgba(228,50,20,1)
13,14: (58853,26214,1285,65535)  #E56605FF  srgba(229,102,5,1)
14,14: (60138,54741,0,65535)  #EAD500FF  srgba(234,213,0,1)
15,14: (60909,12850,771,65535)  #ED3203FF  srgba(237,50,3,1)
0,15: (60909,31611,0,65535)  #ED7B00FF  srgba(237,123,0,1)
1,15: (61423,34181,0,65535)  #EF8500FF  srgba(239,133,0,1)
2,15: (61680,24929,0,65535)  #F06100FF  srgba(240,97,0,1)
3,15: (61680,51143,0,65535)  #F0C700FF  srgba(240,199,0,1)
4,15: (61937,19789,0,65535)  #F14D00FF  srgba(241,77,0,1)
5,15: (62451,12593,0,65535)  #F33100FF  srgba(243,49,0,1)
6,15: (62451,54227,0,65535)  #F3D300FF  srgba(243,211,0,1)
7,15: (62965,7710,771,65535)  #F51E03FF  srgba(245,30,3,1)
8,15: (62965,24672,0,65535)  #F56000FF  srgba(245,96,0,1)
9,15: (63222,21845,0,65535)  #F65500FF  srgba(246,85,0,1)
10,15: (63479,22873,0,65535)  #F75900FF  srgba(247,89,0,1)
11,15: (63736,23644,0,65535)  #F85C00FF  srgba(248,92,0,1)
12,15: (64250,23387,0,65535)  #FA5B00FF  srgba(250,91,0,1)
13,15: (64764,53456,0,65535)  #FCD000FF  srgba(252,208,0,1)
14,15: (65021,49087,0,65535)  #FDBF00FF  srgba(253,191,0,1)
15,15: (0,65535,0,0)  #00FF0000  srgba(0,255,0,0)
