# ImageMagick pixel enumeration: 16,16,65535,srgba
0,0: (61423,64250,11565,65535)  #EFFA2DFF  srgba(239,250,45,1)
1,0: (61680,63222,16705,65535)  #F0F641FF  srgba(240,246,65,1)
2,0: (61680,63479,11822,65535)  #F0F72EFF  srgba(240,247,46,1)
3,0: (61680,64507,7967,65535)  #F0FB1FFF  srgba(240,251,31,1)
4,0: (61937,61937,21331,65535)  #F1F153FF  srgba(241,241,83,1)
5,0: (61937,62194,12079,65535)  #F1F22FFF  srgba(241,242,47,1)
6,0: (61937,62451,8224,65535)  #F1F320FF  srgba(241,243,32,1)
7,0: (61937,62708,5140,65535)  #F1F414FF  srgba(241,244,20,1)
8,0: (61937,63736,5140,65535)  #F1F814FF  srgba(241,248,20,1)
9,0: (61937,64250,17990,65535)  #F1FA46FF  srgba(241,250,70,1)
10,0: (61937,64507,4883,65535)  #F1FB13FF  srgba(241,251,19,1)
11,0: (61937,64507,15420,65535)  #F1FB3CFF  srgba(241,251,60,1)
12,0: (62194,61423,16705,65535)  #F2EF41FF  srgba(242,239,65,1)
13,0: (62194,63222,25957,65535)  #F2F665FF  srgba(242,246,101,1)
14,0: (62194,63479,21588,65535)  #F2F754FF  srgba(242,247,84,1)
15,0: (62194,64507,1285,65535)  #F2FB05FF  srgba(242,251,5,1)
0,1: (62194,64507,20303,65535)  #F2FB4FFF  srgba(242,251,79,1)
1,1: (62194,64507,22616,65535)  #F2FB58FF  srgba(242,251,88,1)
2,1: (62451,63222,1028,65535)  #F3F604FF  srgba(243,246,4,1)
3,1: (62451,63736,7967,65535)  #F3F81FFF  srgba(243,248,31,1)
4,1: (62451,64507,11822,65535)  #F3FB2EFF  srgba(243,251,46,1)
5,1: (62708,61680,25957,65535)  #F4F065FF  srgba(244,240,101,1)
6,1: (62708,63222,30069,65535)  #F4F675FF  srgba(244,246,117,1)
7,1: (62708,64507,24672,65535)  #F4FB60FF  srgba(244,251,96,1)
8,1: (62708,64507,30326,65535)  #F4FB76FF  srgba(244,251,118,1)
9,1: (62708,64764,26728,65535)  #F4FC68FF  srgba(244,252,104,1)
10,1: (62965,61680,30326,65535)  #F5F076FF  srgba(245,240,118,1)
11,1: (62965,64507,1028,65535)  #F5FB04FF  srgba(245,251,4,1)
12,1: (62965,64764,7967,65535)  #F5FC1FFF  srgba(245,252,31,1)
13,1: (63222,63222,1028,65535)  #F6F604FF  srgba(246,246,4,1)
14,1: (63222,63222,11565,65535)  #F6F62DFF  srgba(246,246,45,1)
15,1: (63222,64507,1799,65535)  #F6FB07FF  srgba(246,251,7,1)
0,2: (63222,64507,4626,65535)  #F6FB12FF  srgba(246,251,18,1)
1,2: (63222,64507,15677,65535)  #F6FB3DFF  srgba(246,251,61,1)
2,2: (63222,64507,17990,65535)  #F6FB46FF  srgba(246,251,70,1)
3,2: (63222,64507,21588,65535)  #F6FB54FF  srgba(246,251,84,1)
4,2: (63222,64507,34438,65535)  #F6FB86FF  srgba(246,251,134,1)
5,2: (63222,64764,10794,65535)  #F6FC2AFF  srgba(246,252,42,1)
6,2: (63222,64764,13107,65535)  #F6FC33FF  srgba(246,252,51,1)
7,2: (63479,61423,12079,65535)  #F7EF2FFF  srgba(247,239,47,1)
8,2: (63479,61423,34181,65535)  #F7EF85FF  srgba(247,239,133,1)
9,2: (63479,62194,7967,65535)  #F7F21FFF  srgba(247,242,31,1)
10,2: (63479,62451,49344,65535)  #F7F3C0FF  srgba(247,243,192,1)
11,2: (63479,62965,514,65535)  #F7F502FF  srgba(247,245,2,1)
12,2: (63479,62965,4883,65535)  #F7F513FF  srgba(247,245,19,1)
13,2: (63479,63222,25957,65535)  #F7F665FF  srgba(247,246,101,1)
14,2: (63479,63479,43690,65535)  #F7F7AAFF  srgba(247,247,170,1)
15,2: (63479,63736,771,65535)  #F7F803FF  srgba(247,248,3,1)
0,3: (63479,64507,0,65535)  #F7FB00FF  srgba(247,251,0,1)
1,3: (63479,64507,30583,65535)  #F7FB77FF  srgba(247,251,119,1)
2,3: (63479,64764,38036,65535)  #F7FC94FF  srgba(247,252,148,1)
3,3: (63736,60909,16962,65535)  #F8ED42FF  srgba(248,237,66,1)
4,3: (63736,61166,21331,65535)  #F8EE53FF  srgba(248,238,83,1)
5,3: (63736,62194,48316,65535)  #F8F2BCFF  srgba(248,242,188,1)
6,3: (63736,62708,34695,65535)  #F8F487FF  srgba(248,244,135,1)
7,3: (63736,62708,39578,65535)  #F8F49AFF  srgba(248,244,154,1)
8,3: (63736,62965,16705,65535)  #F8F541FF  srgba(248,245,65,1)
9,3: (63736,63222,21845,65535)  #F8F655FF  srgba(248,246,85,1)
10,3: (63736,63222,48316,65535)  #F8F6BCFF  srgba(248,246,188,1)
11,3: (63736,63479,40606,65535)  #F8F79EFF  srgba(248,247,158,1)
12,3: (63736,64250,47545,65535)  #F8FAB9FF  srgba(248,250,185,1)
13,3: (63736,64764,26214,65535)  #F8FC66FF  srgba(248,252,102,1)
14,3: (63993,61680,25957,65535)  #F9F065FF  srgba(249,240,101,1)
15,3: (63993,62451,1028,65535)  #F9F304FF  srgba(249,243,4,1)
0,4: (63993,62451,39835,65535)  #F9F39BFF  srgba(249,243,155,1)
1,4: (63993,62708,44204,65535)  #F9F4ACFF  srgba(249,244,172,1)
2,4: (63993,62965,50115,65535)  #F9F5C3FF  srgba(249,245,195,1)
3,4: (63993,63222,30583,65535)  #F9F677FF  srgba(249,246,119,1)
4,4: (63993,63479,34438,65535)  #F9F786FF  srgba(249,247,134,1)
5,4: (63993,63479,38036,65535)  #F9F794FF  srgba(249,247,148,1)
6,4: (63993,63736,514,65535)  #F9F802FF  srgba(249,248,2,1)
7,4: (63993,63993,51657,65535)  #F9F9C9FF  srgba(249,249,201,1)
8,4: (63993,64250,1799,65535)  #F9FA07FF  srgba(249,250,7,1)
9,4: (63993,64507,257,65535)  #F9FB01FF  srgba(249,251,1,1)
10,4: (63993,64507,43176,65535)  #F9FBA8FF  srgba(249,251,168,1)
11,4: (63993,64764,40863,65535)  #F9FC9FFF  srgba(249,252,159,1)
12,4: (64250,60909,39064,65535)  #FAED98FF  srgba(250,237,152,1)
13,4: (64250,61680,30326,65535)  #FAF076FF  srgba(250,240,118,1)
14,4: (64250,62965,48316,65535)  #FAF5BCFF  srgba(250,245,188,1)
15,4: (64250,63222,257,65535)  #FAF601FF  srgba(250,246,1,1)
0,5: (64250,63479,44975,65535)  #FAF7AFFF  srgba(250,247,175,1)
1,5: (64250,64507,34695,65535)  #FAFB87FF  srgba(250,251,135,1)
2,5: (64250,64507,45232,65535)  #FAFBB0FF  srgba(250,251,176,1)
3,5: (64250,64764,30326,65535)  #FAFC76FF  srgba(250,252,118,1)
4,5: (64507,60395,49858,65535)  #FBEBC2FF  srgba(251,235,194,1)
5,5: (64507,61166,44204,65535)  #FBEEACFF  srgba(251,238,172,1)
6,5: (64507,61166,49601,65535)  #FBEEC1FF  srgba(251,238,193,1)
7,5: (64507,61423,7710,65535)  #FBEF1EFF  srgba(251,239,30,1)
8,5: (64507,61423,10794,65535)  #FBEF2AFF  srgba(251,239,42,1)
9,5: (64507,61423,13364,65535)  #FBEF34FF  srgba(251,239,52,1)
10,5: (64507,61423,48059,65535)  #FBEFBBFF  srgba(251,239,187,1)
11,5: (64507,61423,51400,65535)  #FBEFC8FF  srgba(251,239,200,1)
12,5: (64507,61680,65021,65535)  #FBF0FDFF  srgba(251,240,253,1)
13,5: (64507,61937,39321,65535)  #FBF199FF  srgba(251,241,153,1)
14,5: (64507,61937,44461,65535)  #FBF1ADFF  srgba(251,241,173,1)
15,5: (64507,61937,47802,65535)  #FBF1BAFF  srgba(251,241,186,1)
0,6: (64507,61937,51400,65535)  #FBF1C8FF  srgba(251,241,200,1)
1,6: (64507,62194,43947,65535)  #FBF2ABFF  srgba(251,242,171,1)
2,6: (64507,62451,49601,65535)  #FBF3C1FF  srgba(251,243,193,1)
3,6: (64507,62451,55512,65535)  #FBF3D8FF  srgba(251,243,216,1)
4,6: (64507,62451,64764,65535)  #FBF3FCFF  srgba(251,243,252,1)
5,6: (64507,62451,65278,65535)  #FBF3FEFF  srgba(251,243,254,1)
6,6: (64507,62708,7710,65535)  #FBF41EFF  srgba(251,244,30,1)
7,6: (64507,62708,10537,65535)  #FBF429FF  srgba(251,244,41,1)
8,6: (64507,62708,38807,65535)  #FBF497FF  srgba(251,244,151,1)
9,6: (64507,62965,52171,65535)  #FBF5CBFF  srgba(251,245,203,1)
10,6: (64507,62965,53970,65535)  #FBF5D2FF  srgba(251,245,210,1)
11,6: (64507,62965,56026,65535)  #FBF5DAFF  srgba(251,245,218,1)
12,6: (64507,62965,59624,65535)  #FBF5E8FF  srgba(251,245,232,1)
13,6: (64507,63222,51914,65535)  #FBF6CAFF  srgba(251,246,202,1)
14,6: (64507,63736,0,65535)  #FBF800FF  srgba(251,248,0,1)
15,6: (64507,63993,49601,65535)  #FBF9C1FF  srgba(251,249,193,1)
0,7: (64507,63993,50886,65535)  #FBF9C6FF  srgba(251,249,198,1)
1,7: (64507,63993,53970,65535)  #FBF9D2FF  srgba(251,249,210,1)
2,7: (64507,63993,63736,65535)  #FBF9F8FF  srgba(251,249,248,1)
3,7: (64507,63993,65021,65535)  #FBF9FDFF  srgba(251,249,253,1)
4,7: (64507,64250,3855,65535)  #FBFA0FFF  srgba(251,250,15,1)
5,7: (64507,64250,5140,65535)  #FBFA14FF  srgba(251,250,20,1)
6,7: (64507,64250,6939,65535)  #FBFA1BFF  srgba(251,250,27,1)
7,7: (64507,64250,8738,65535)  #FBFA22FF  srgba(251,250,34,1)
8,7: (64507,64250,13107,65535)  #FBFA33FF  srgba(251,250,51,1)
9,7: (64507,64250,47802,65535)  #FBFABAFF  srgba(251,250,186,1)
10,7: (64507,64250,56283,65535)  #FBFADBFF  srgba(251,250,219,1)
11,7: (64507,64507,10794,65535)  #FBFB2AFF  srgba(251,251,42,1)
12,7: (64507,64507,15677,65535)  #FBFB3DFF  srgba(251,251,61,1)
13,7: (64507,64507,17990,65535)  #FBFB46FF  srgba(251,251,70,1)
14,7: (64507,64764,38036,65535)  #FBFC94FF  srgba(251,252,148,1)
15,7: (64764,61166,21588,65535)  #FCEE54FF  srgba(252,238,84,1)
0,8: (64764,61166,55769,65535)  #FCEED9FF  srgba(252,238,217,1)
1,8: (64764,61166,63479,65535)  #FCEEF7FF  srgba(252,238,247,1)
2,8: (64764,61423,26214,65535)  #FCEF66FF  srgba(252,239,102,1)
3,8: (64764,61423,59881,65535)  #FCEFE9FF  srgba(252,239,233,1)
4,8: (64764,61680,15677,65535)  #FCF03DFF  srgba(252,240,61,1)
5,8: (64764,61680,18247,65535)  #FCF047FF  srgba(252,240,71,1)
6,8: (64764,61680,63479,65535)  #FCF0F7FF  srgba(252,240,247,1)
7,8: (64764,61937,4626,65535)  #FCF112FF  srgba(252,241,18,1)
8,8: (64764,61937,55512,65535)  #FCF1D8FF  srgba(252,241,216,1)
9,8: (64764,61937,59881,65535)  #FCF1E9FF  srgba(252,241,233,1)
10,8: (64764,62194,51914,65535)  #FCF2CAFF  srgba(252,242,202,1)
11,8: (64764,62194,63479,65535)  #FCF2F7FF  srgba(252,242,247,1)
12,8: (64764,62451,51914,65535)  #FCF3CAFF  srgba(252,243,202,1)
13,8: (64764,62451,58853,65535)  #FCF3E5FF  srgba(252,243,229,1)
14,8: (64764,62708,771,65535)  #FCF403FF  srgba(252,244,3,1)
15,8: (64764,62965,13107,65535)  #FCF533FF  srgba(252,245,51,1)
0,9: (64764,62965,63222,65535)  #FCF5F6FF  srgba(252,245,246,1)
1,9: (64764,62965,65021,65535)  #FCF5FDFF  srgba(252,245,253,1)
2,9: (64764,63222,4369,65535)  #FCF611FF  srgba(252,246,17,1)
3,9: (64764,63222,17990,65535)  #FCF646FF  srgba(252,246,70,1)
4,9: (64764,63222,48316,65535)  #FCF6BCFF  srgba(252,246,188,1)
5,9: (64764,63479,44461,65535)  #FCF7ADFF  srgba(252,247,173,1)
6,9: (64764,63993,51400,65535)  #FCF9C8FF  srgba(252,249,200,1)
7,9: (64764,64250,47545,65535)  #FCFAB9FF  srgba(252,250,185,1)
8,9: (64764,64250,62965,65535)  #FCFAF5FF  srgba(252,250,245,1)
9,9: (64764,64507,0,65535)  #FCFB00FF  srgba(252,251,0,1)
10,9: (64764,64507,771,65535)  #FCFB03FF  srgba(252,251,3,1)
11,9: (64764,64507,2056,65535)  #FCFB08FF  srgba(252,251,8,1)
12,9: (64764,64507,42919,65535)  #FCFBA7FF  srgba(252,251,167,1)
13,9: (64764,64764,20560,65535)  #FCFC50FF  srgba(252,252,80,1)
14,9: (64764,64764,22873,65535)  #FCFC59FF  srgba(252,252,89,1)
15,9: (64764,64764,40863,65535)  #FCFC9FFF  srgba(252,252,159,1)
0,10: (64764,64764,44975,65535)  #FCFCAFFF  srgba(252,252,175,1)
1,10: (64764,64764,65021,65535)  #FCFCFDFF  srgba(252,252,253,1)
2,10: (65021,61423,30583,65535)  #FDEF77FF  srgba(253,239,119,1)
3,10: (65021,62194,1285,65535)  #FDF205FF  srgba(253,242,5,1)
4,10: (65021,62194,25700,65535)  #FDF264FF  srgba(253,242,100,1)
5,10: (65021,62194,39835,65535)  #FDF29BFF  srgba(253,242,155,1)
6,10: (65021,62194,55512,65535)  #FDF2D8FF  srgba(253,242,216,1)
7,10: (65021,62451,21588,65535)  #FDF354FF  srgba(253,243,84,1)
8,10: (65021,62451,49087,65535)  #FDF3BFFF  srgba(253,243,191,1)
9,10: (65021,62451,60652,65535)  #FDF3ECFF  srgba(253,243,236,1)
10,10: (65021,62451,63479,65535)  #FDF3F7FF  srgba(253,243,247,1)
11,10: (65021,62708,38036,65535)  #FDF494FF  srgba(253,244,148,1)
12,10: (65021,62708,40606,65535)  #FDF49EFF  srgba(253,244,158,1)
13,10: (65021,62708,44204,65535)  #FDF4ACFF  srgba(253,244,172,1)
14,10: (65021,62708,65535,65535)  #FDF4FFFF  srgba(253,244,255,1)
15,10: (65021,62965,514,65535)  #FDF502FF  srgba(253,245,2,1)
0,11: (65021,62965,15677,65535)  #FDF53DFF  srgba(253,245,61,1)
1,11: (65021,62965,50115,65535)  #FDF5C3FF  srgba(253,245,195,1)
2,11: (65021,63222,21331,65535)  #FDF653FF  srgba(253,246,83,1)
3,11: (65021,63222,26214,65535)  #FDF666FF  srgba(253,246,102,1)
4,11: (65021,63222,50629,65535)  #FDF6C5FF  srgba(253,246,197,1)
5,11: (65021,63222,52428,65535)  #FDF6CCFF  srgba(253,246,204,1)
6,11: (65021,63222,63993,65535)  #FDF6F9FF  srgba(253,246,249,1)
7,11: (65021,63222,65278,65535)  #FDF6FEFF  srgba(253,246,254,1)
8,11: (65021,63479,1028,65535)  #FDF704FF  srgba(253,247,4,1)
9,11: (65021,63479,37522,65535)  #FDF792FF  srgba(253,247,146,1)
10,11: (65021,63993,50629,65535)  #FDF9C5FF  srgba(253,249,197,1)
11,11: (65021,63993,52171,65535)  #FDF9CBFF  srgba(253,249,203,1)
12,11: (65021,63993,63222,65535)  #FDF9F6FF  srgba(253,249,246,1)
13,11: (65021,64250,58853,65535)  #FDFAE5FF  srgba(253,250,229,1)
14,11: (65021,64250,60909,65535)  #FDFAEDFF  srgba(253,250,237,1)
15,11: (65021,64250,65278,65535)  #FDFAFEFF  srgba(253,250,254,1)
0,12: (65021,64507,27242,65535)  #FDFB6AFF  srgba(253,251,106,1)
1,12: (65021,64507,29298,65535)  #FDFB72FF  srgba(253,251,114,1)
2,12: (65021,64507,31611,65535)  #FDFB7BFF  srgba(253,251,123,1)
3,12: (65021,64507,54998,65535)  #FDFBD6FF  srgba(253,251,214,1)
4,12: (65021,64507,65021,65535)  #FDFBFDFF  srgba(253,251,253,1)
5,12: (65021,64764,24929,65535)  #FDFC61FF  srgba(253,252,97,1)
6,12: (65278,61937,65278,65535)  #FEF1FEFF  srgba(254,241,254,1)
7,12: (65278,62194,34438,65535)  #FEF286FF  srgba(254,242,134,1)
8,12: (65278,62194,48573,65535)  #FEF2BDFF  srgba(254,242,189,1)
9,12: (65278,62451,65021,65535)  #FEF3FDFF  srgba(254,243,253,1)
10,12: (65278,62708,30583,65535)  #FEF477FF  srgba(254,244,119,1)
11,12: (65278,62708,55512,65535)  #FEF4D8FF  srgba(254,244,216,1)
12,12: (65278,62708,65278,65535)  #FEF4FEFF  srgba(254,244,254,1)
13,12: (65278,62965,48316,65535)  #FEF5BCFF  srgba(254,245,188,1)
14,12: (65278,62965,52171,65535)  #FEF5CBFF  srgba(254,245,203,1)
15,12: (65278,62965,56026,65535)  #FEF5DAFF  srgba(254,245,218,1)
0,13: (65278,62965,62451,65535)  #FEF5F3FF  srgba(254,245,243,1)
1,13: (65278,63222,48316,65535)  #FEF6BCFF  srgba(254,246,188,1)
2,13: (65278,63222,51914,65535)  #FEF6CAFF  srgba(254,246,202,1)
3,13: (65278,63222,54227,65535)  #FEF6D3FF  srgba(254,246,211,1)
4,13: (65278,63222,59881,65535)  #FEF6E9FF  srgba(254,246,233,1)
5,13: (65278,63222,64764,65535)  #FEF6FCFF  srgba(254,246,252,1)
6,13: (65278,63222,65278,65535)  #FEF6FEFF  srgba(254,246,254,1)
7,13: (65278,63222,65535,65535)  #FEF6FFFF  srgba(254,246,255,1)
8,13: (65278,63479,30326,65535)  #FEF776FF  srgba(254,247,118,1)
9,13: (65278,63479,34438,65535)  #FEF786FF  srgba(254,247,134,1)
10,13: (65278,63479,40606,65535)  #FEF79EFF  srgba(254,247,158,1)
11,13: (65278,63479,43176,65535)  #FEF7A8FF  srgba(254,247,168,1)
12,13: (65278,63479,45232,65535)  #FEF7B0FF  srgba(254,247,176,1)
13,13: (65278,63736,51143,65535)  #FEF8C7FF  srgba(254,248,199,1)
14,13: (65278,63736,65021,65535)  #FEF8FDFF  srgba(254,248,253,1)
15,13: (65278,63736,65535,65535)  #FEF8FFFF  srgba(254,248,255,1)
0,14: (65278,63993,62451,65535)  #FEF9F3FF  srgba(254,249,243,1)
1,14: (65278,63993,63222,65535)  #FEF9F6FF  srgba(254,249,246,1)
2,14: (65278,63993,63993,65535)  #FEF9F9FF  srgba(254,249,249,1)
3,14: (65278,63993,64507,65535)  #FEF9FBFF  srgba(254,249,251,1)
4,14: (65278,64250,46774,65535)  #FEFAB6FF  srgba(254,250,182,1)
5,14: (65278,64250,47802,65535)  #FEFABAFF  srgba(254,250,186,1)
6,14: (65278,64250,49344,65535)  #FEFAC0FF  srgba(254,250,192,1)
7,14: (65278,64250,52428,65535)  #FEFACCFF  srgba(254,250,204,1)
8,14: (65278,64250,57054,65535)  #FEFADEFF  srgba(254,250,222,1)
9,14: (65278,64250,60652,65535)  #FEFAECFF  srgba(254,250,236,1)
10,14: (65278,64250,65278,65535)  #FEFAFEFF  srgba(254,250,254,1)
11,14: (65278,64507,33667,65535)  #FEFB83FF  srgba(254,251,131,1)
12,14: (65278,64507,43433,65535)  #FEFBA9FF  srgba(254,251,169,1)
13,14: (65278,64507,45489,65535)  #FEFBB1FF  srgba(254,251,177,1)
14,14: (65278,64507,50886,65535)  #FEFBC6FF  srgba(254,251,198,1)
15,14: (65278,64764,35466,65535)  #FEFC8AFF  srgba(254,252,138,1)
0,15: (65278,64764,38293,65535)  #FEFC95FF  srgba(254,252,149,1)
1,15: (65278,64764,40863,65535)  #FEFC9FFF  srgba(254,252,159,1)
2,15: (65278,65021,65278,65535)  #FEFDFEFF  srgba(254,253,254,1)
3,15: (65535,62451,63479,65535)  #FFF3F7FF  srgba(255,243,247,1)
4,15: (65535,62451,65535,65535)  #FFF3FFFF  srgba(255,243,255,1)
5,15: (65535,62965,59367,65535)  #FFF5E7FF  srgba(255,245,231,1)
6,15: (65535,62965,61166,65535)  #FFF5EEFF  seashell
7,15: (65535,62965,63736,65535)  #FFF5F8FF  srgba(255,245,248,1)
8,15: (65535,63222,65278,65535)  #FFF6FEFF  srgba(255,246,254,1)
9,15: (65535,63736,65278,65535)  #FFF8FEFF  srgba(255,248,254,1)
10,15: (65535,64250,54227,65535)  #FFFAD3FF  srgba(255,250,211,1)
11,15: (65535,64250,56540,65535)  #FFFADCFF  srgba(255,250,220,1)
12,15: (65535,64250,58853,65535)  #FFFAE5FF  srgba(255,250,229,1)
13,15: (65535,65535,64764,65535)  #FFFFFCFF  srgba(255,255,252,1)
14,15: (65535,65535,65535,65535)  #FFFFFFFF  white
15,15: (0,65535,0,0)  #00FF0000  srgba(0,255,0,0)
