# ImageMagick pixel enumeration: 16,16,65535,srgba
0,0: (23130,18761,65535,65535)  #5A49FFFF  srgba(90,73,255,1)
1,0: (23130,22873,65535,65535)  #5A59FFFF  srgba(90,89,255,1)
2,0: (23130,25186,65535,65535)  #5A62FFFF  srgba(90,98,255,1)
3,0: (23387,1542,65535,65535)  #5B06FFFF  srgba(91,6,255,1)
4,0: (23387,11308,65535,65535)  #5B2CFFFF  srgba(91,44,255,1)
5,0: (23644,15677,65535,65535)  #5C3DFFFF  srgba(92,61,255,1)
6,0: (23644,17476,65535,65535)  #5C44FFFF  srgba(92,68,255,1)
7,0: (23644,36237,65278,65535)  #5C8DFEFF  srgba(92,141,254,1)
8,0: (24415,27242,65278,65535)  #5F6AFEFF  srgba(95,106,254,1)
9,0: (24415,30583,65278,65535)  #5F77FEFF  srgba(95,119,254,1)
10,0: (24415,30840,65535,65535)  #5F78FFFF  srgba(95,120,255,1)
11,0: (24929,17219,65535,65535)  #6143FFFF  srgba(97,67,255,1)
12,0: (25186,19018,65535,65535)  #624AFFFF  srgba(98,74,255,1)
13,0: (25186,27499,65535,65535)  #626BFFFF  srgba(98,107,255,1)
14,0: (25443,5911,65535,65535)  #6317FFFF  srgba(99,23,255,1)
15,0: (25443,16448,65535,65535)  #6340FFFF  srgba(99,64,255,1)
0,1: (25443,17219,65535,65535)  #6343FFFF  srgba(99,67,255,1)
1,1: (25443,23387,65535,65535)  #635BFFFF  srgba(99,91,255,1)
2,1: (25443,36237,65278,65535)  #638DFEFF  srgba(99,141,254,1)
3,1: (25700,5654,65535,65535)  #6416FFFF  srgba(100,22,255,1)
4,1: (25700,13364,65535,65535)  #6434FFFF  srgba(100,52,255,1)
5,1: (25700,15934,65535,65535)  #643EFFFF  srgba(100,62,255,1)
6,1: (25700,16448,65535,65535)  #6440FFFF  srgba(100,64,255,1)
7,1: (25957,16962,65535,65535)  #6542FFFF  srgba(101,66,255,1)
8,1: (25957,17219,65535,65535)  #6543FFFF  srgba(101,67,255,1)
9,1: (26214,17476,65535,65535)  #6644FFFF  srgba(102,68,255,1)
10,1: (26728,11565,65535,65535)  #682DFFFF  srgba(104,45,255,1)
11,1: (26728,12850,64764,65535)  #6832FCFF  srgba(104,50,252,1)
12,1: (26985,0,65535,65535)  #6900FFFF  srgba(105,0,255,1)
13,1: (26985,1799,65535,65535)  #6907FFFF  srgba(105,7,255,1)
14,1: (26985,12079,65535,65535)  #692FFFFF  srgba(105,47,255,1)
15,1: (26985,12850,65535,65535)  #6932FFFF  srgba(105,50,255,1)
0,2: (26985,15934,65535,65535)  #693EFFFF  srgba(105,62,255,1)
1,2: (27242,17476,65535,65535)  #6A44FFFF  srgba(106,68,255,1)
2,2: (28013,21074,65278,65535)  #6D52FEFF  srgba(109,82,254,1)
3,2: (28013,26985,65278,65535)  #6D69FEFF  srgba(109,105,254,1)
4,2: (28270,9252,65535,65535)  #6E24FFFF  srgba(110,36,255,1)
5,2: (28270,14649,65535,65535)  #6E39FFFF  srgba(110,57,255,1)
6,2: (29555,16962,65535,65535)  #7342FFFF  srgba(115,66,255,1)
7,2: (29812,31354,65278,65535)  #747AFEFF  srgba(116,122,254,1)
8,2: (30069,35980,65278,65535)  #758CFEFF  srgba(117,140,254,1)
9,2: (30840,14392,62708,65535)  #7838F4FF  srgba(120,56,244,1)
10,2: (31611,14135,59367,65535)  #7B37E7FF  srgba(123,55,231,1)
11,2: (31868,14392,64507,65535)  #7C38FBFF  srgba(124,56,251,1)
12,2: (32125,20560,64507,65535)  #7D50FBFF  srgba(125,80,251,1)
13,2: (32125,26985,65021,65535)  #7D69FDFF  srgba(125,105,253,1)
14,2: (35209,16962,62451,65535)  #8942F3FF  srgba(137,66,243,1)
15,2: (35209,22359,57054,65535)  #8957DEFF  srgba(137,87,222,1)
0,3: (36494,23901,63993,65535)  #8E5DF9FF  srgba(142,93,249,1)
1,3: (37522,31611,64507,65535)  #927BFBFF  srgba(146,123,251,1)
2,3: (37522,36237,64507,65535)  #928DFBFF  srgba(146,141,251,1)
3,3: (37779,2827,62194,65535)  #930BF2FF  srgba(147,11,242,1)
4,3: (37779,11051,62965,65535)  #932BF5FF  srgba(147,43,245,1)
5,3: (37779,14649,62194,65535)  #9339F2FF  srgba(147,57,242,1)
6,3: (39578,16962,61166,65535)  #9A42EEFF  srgba(154,66,238,1)
7,3: (39578,33924,56540,65535)  #9A84DCFF  srgba(154,132,220,1)
8,3: (40092,21845,55512,65535)  #9C55D8FF  srgba(156,85,216,1)
9,3: (40092,24672,63736,65535)  #9C60F8FF  srgba(156,96,248,1)
10,3: (40863,514,54741,65535)  #9F02D5FF  srgba(159,2,213,1)
11,3: (40863,10280,54741,65535)  #9F28D5FF  srgba(159,40,213,1)
12,3: (40863,14649,54484,65535)  #9F39D4FF  srgba(159,57,212,1)
13,3: (40863,16962,54227,65535)  #9F42D3FF  srgba(159,66,211,1)
14,3: (43176,22873,48830,65535)  #A859BEFF  srgba(168,89,190,1)
15,3: (43433,5654,49601,65535)  #A916C1FF  srgba(169,22,193,1)
0,4: (43433,23644,44975,65535)  #A95CAFFF  srgba(169,92,175,1)
1,4: (43947,22102,54227,65535)  #AB56D3FF  srgba(171,86,211,1)
2,4: (44461,34695,54998,65535)  #AD87D6FF  srgba(173,135,214,1)
3,4: (44718,10023,47545,65535)  #AE27B9FF  srgba(174,39,185,1)
4,4: (44975,15163,49601,65535)  #AF3BC1FF  srgba(175,59,193,1)
5,4: (45232,17219,49601,65535)  #B043C1FF  srgba(176,67,193,1)
6,4: (45746,32125,63479,65535)  #B27DF7FF  srgba(178,125,247,1)
7,4: (45746,36237,63222,65535)  #B28DF6FF  srgba(178,141,246,1)
8,4: (46003,36494,48573,65535)  #B38EBDFF  srgba(179,142,189,1)
9,4: (46260,25186,63222,65535)  #B462F6FF  srgba(180,98,246,1)
10,4: (46260,36494,45232,65535)  #B48EB0FF  srgba(180,142,176,1)
11,4: (46517,16962,47545,65535)  #B542B9FF  srgba(181,66,185,1)
12,4: (46774,4883,49601,65535)  #B613C1FF  srgba(182,19,193,1)
13,4: (46774,8224,43690,65535)  #B620AAFF  srgba(182,32,170,1)
14,4: (46774,8738,46260,65535)  #B622B4FF  srgba(182,34,180,1)
15,4: (46774,16705,43947,65535)  #B641ABFF  srgba(182,65,171,1)
0,5: (46774,16962,46260,65535)  #B642B4FF  srgba(182,66,180,1)
1,5: (47545,1285,55255,65535)  #B905D7FF  srgba(185,5,215,1)
2,5: (47545,23901,48830,65535)  #B95DBEFF  srgba(185,93,190,1)
3,5: (47802,514,51914,65535)  #BA02CAFF  srgba(186,2,202,1)
4,5: (47802,24672,44718,65535)  #BA60AEFF  srgba(186,96,174,1)
5,5: (48059,16705,56540,65535)  #BB41DCFF  srgba(187,65,220,1)
6,5: (48316,16705,53456,65535)  #BC41D0FF  srgba(188,65,208,1)
7,5: (48573,9509,47545,65535)  #BD25B9FF  srgba(189,37,185,1)
8,5: (48573,10280,56026,65535)  #BD28DAFF  srgba(189,40,218,1)
9,5: (48573,16705,51657,65535)  #BD41C9FF  srgba(189,65,201,1)
10,5: (49087,10023,51914,65535)  #BF27CAFF  srgba(191,39,202,1)
11,5: (49087,14392,55512,65535)  #BF38D8FF  srgba(191,56,216,1)
12,5: (49601,14392,51914,65535)  #C138CAFF  srgba(193,56,202,1)
13,5: (49858,20303,53199,65535)  #C24FCFFF  srgba(194,79,207,1)
14,5: (50629,2570,49601,65535)  #C50AC1FF  srgba(197,10,193,1)
15,5: (50629,29041,54227,65535)  #C571D3FF  srgba(197,113,211,1)
0,6: (50629,37008,53970,65535)  #C590D2FF  srgba(197,144,210,1)
1,6: (50886,33667,54227,65535)  #C683D3FF  srgba(198,131,211,1)
2,6: (51400,16705,49601,65535)  #C841C1FF  srgba(200,65,193,1)
3,6: (51657,11565,49601,65535)  #C92DC1FF  srgba(201,45,193,1)
4,6: (51914,14649,49601,65535)  #CA39C1FF  srgba(202,57,193,1)
5,6: (52685,20560,48059,65535)  #CD50BBFF  srgba(205,80,187,1)
6,6: (52685,29812,48059,65535)  #CD74BBFF  srgba(205,116,187,1)
7,6: (52942,36237,47802,65535)  #CE8DBAFF  srgba(206,141,186,1)
8,6: (53199,6425,47031,65535)  #CF19B7FF  srgba(207,25,183,1)
9,6: (53199,25186,44461,65535)  #CF62ADFF  srgba(207,98,173,1)
10,6: (53456,14649,47031,65535)  #D039B7FF  srgba(208,57,183,1)
11,6: (53456,16705,47031,65535)  #D041B7FF  srgba(208,65,183,1)
12,6: (53456,36237,42405,65535)  #D08DA5FF  srgba(208,141,165,1)
13,6: (53713,8224,44461,65535)  #D120ADFF  srgba(209,32,173,1)
14,6: (53713,24672,39578,65535)  #D1609AFF  srgba(209,96,154,1)
15,6: (53970,16705,42919,65535)  #D241A7FF  srgba(210,65,167,1)
0,7: (54227,6425,40092,65535)  #D3199CFF  srgba(211,25,156,1)
1,7: (59367,15934,51143,65535)  #E73EC7FF  srgba(231,62,199,1)
2,7: (59624,35980,51914,65535)  #E88CCAFF  srgba(232,140,202,1)
3,7: (59881,15934,48059,65535)  #E93EBBFF  srgba(233,62,187,1)
4,7: (59881,21074,48059,65535)  #E952BBFF  srgba(233,82,187,1)
5,7: (60138,12593,51400,65535)  #EA31C8FF  srgba(234,49,200,1)
6,7: (60138,18761,38036,65535)  #EA4994FF  srgba(234,73,148,1)
7,7: (60138,23901,53199,65535)  #EA5DCFFF  srgba(234,93,207,1)
8,7: (60395,7967,44975,65535)  #EB1FAFFF  srgba(235,31,175,1)
9,7: (60395,32382,54227,65535)  #EB7ED3FF  srgba(235,126,211,1)
10,7: (60395,36237,46774,65535)  #EB8DB6FF  srgba(235,141,182,1)
11,7: (60652,12850,48059,65535)  #EC32BBFF  srgba(236,50,187,1)
12,7: (60652,20046,43947,65535)  #EC4EABFF  srgba(236,78,171,1)
13,7: (60909,16191,44975,65535)  #ED3FAFFF  srgba(237,63,175,1)
14,7: (60909,16448,40092,65535)  #ED409CFF  srgba(237,64,156,1)
15,7: (60909,31868,48059,65535)  #ED7CBBFF  srgba(237,124,187,1)
0,8: (61166,0,39064,65535)  #EE0098FF  srgba(238,0,152,1)
1,8: (61423,36237,43176,65535)  #EF8DA8FF  srgba(239,141,168,1)
2,8: (61680,31354,44204,65535)  #F07AACFF  srgba(240,122,172,1)
3,8: (61937,13364,45232,65535)  #F134B0FF  srgba(241,52,176,1)
4,8: (61937,14649,44975,65535)  #F139AFFF  srgba(241,57,175,1)
5,8: (62194,5140,39064,65535)  #F21498FF  srgba(242,20,152,1)
6,8: (62965,12850,39835,65535)  #F5329BFF  srgba(245,50,155,1)
7,8: (62965,37522,37265,65535)  #F59291FF  srgba(245,146,145,1)
8,8: (63222,7453,26728,65535)  #F61D68FF  srgba(246,29,104,1)
9,8: (63222,26985,37522,65535)  #F66992FF  srgba(246,105,146,1)
10,8: (63222,29298,18761,65535)  #F67249FF  srgba(246,114,73,1)
11,8: (63479,10794,19275,65535)  #F72A4BFF  srgba(247,42,75,1)
12,8: (63479,32639,37779,65535)  #F77F93FF  srgba(247,127,147,1)
13,8: (63479,35466,37522,65535)  #F78A92FF  srgba(247,138,146,1)
14,8: (63736,14906,39835,65535)  #F83A9BFF  srgba(248,58,155,1)
15,8: (63736,30069,21588,65535)  #F87554FF  srgba(248,117,84,1)
0,9: (63993,21074,18761,65535)  #F95249FF  srgba(249,82,73,1)
1,9: (63993,31868,25443,65535)  #F97C63FF  srgba(249,124,99,1)
2,9: (64507,6425,23130,65535)  #FB195AFF  srgba(251,25,90,1)
3,9: (64507,8995,25700,65535)  #FB2364FF  srgba(251,35,100,1)
4,9: (64507,9766,22359,65535)  #FB2657FF  srgba(251,38,87,1)
5,9: (64507,11565,21331,65535)  #FB2D53FF  srgba(251,45,83,1)
6,9: (64507,16191,32382,65535)  #FB3F7EFF  srgba(251,63,126,1)
7,9: (64507,19018,36751,65535)  #FB4A8FFF  srgba(251,74,143,1)
8,9: (64764,2056,24929,65535)  #FC0861FF  srgba(252,8,97,1)
9,9: (64764,3084,24158,65535)  #FC0C5EFF  srgba(252,12,94,1)
10,9: (64764,16191,38550,65535)  #FC3F96FF  srgba(252,63,150,1)
11,9: (64764,19532,30583,65535)  #FC4C77FF  srgba(252,76,119,1)
12,9: (64764,20560,20817,65535)  #FC5051FF  srgba(252,80,81,1)
13,9: (64764,32382,23387,65535)  #FC7E5BFF  srgba(252,126,91,1)
14,9: (64764,32382,31097,65535)  #FC7E79FF  srgba(252,126,121,1)
15,9: (64764,37008,31097,65535)  #FC9079FF  srgba(252,144,121,1)
0,10: (65021,1799,31868,65535)  #FD077CFF  srgba(253,7,124,1)
1,10: (65021,10023,26471,65535)  #FD2767FF  srgba(253,39,103,1)
2,10: (65021,12850,32382,65535)  #FD327EFF  srgba(253,50,126,1)
3,10: (65021,17990,30326,65535)  #FD4676FF  srgba(253,70,118,1)
4,10: (65021,19275,24929,65535)  #FD4B61FF  srgba(253,75,97,1)
5,10: (65021,19789,23387,65535)  #FD4D5BFF  srgba(253,77,91,1)
6,10: (65021,20303,22102,65535)  #FD4F56FF  srgba(253,79,86,1)
7,10: (65021,24672,30840,65535)  #FD6078FF  srgba(253,96,120,1)
8,10: (65278,0,31611,65535)  #FE007BFF  srgba(254,0,123,1)
9,10: (65278,257,28784,65535)  #FE0170FF  srgba(254,1,112,1)
10,10: (65278,14392,24929,65535)  #FE3861FF  srgba(254,56,97,1)
11,10: (65278,14906,24158,65535)  #FE3A5EFF  srgba(254,58,94,1)
12,10: (65278,15677,28527,65535)  #FE3D6FFF  srgba(254,61,111,1)
13,10: (65278,16448,23130,65535)  #FE405AFF  srgba(254,64,90,1)
14,10: (65278,16448,25186,65535)  #FE4062FF  srgba(254,64,98,1)
15,10: (65278,16448,25700,65535)  #FE4064FF  srgba(254,64,100,1)
0,11: (65278,16705,24158,65535)  #FE415EFF  srgba(254,65,94,1)
1,11: (65278,16705,25186,65535)  #FE4162FF  srgba(254,65,98,1)
2,11: (65278,16705,25700,65535)  #FE4164FF  srgba(254,65,100,1)
3,11: (65278,16962,25700,65535)  #FE4264FF  srgba(254,66,100,1)
4,11: (65278,16962,28270,65535)  #FE426EFF  srgba(254,66,110,1)
5,11: (65278,17219,22359,65535)  #FE4357FF  srgba(254,67,87,1)
6,11: (65278,17219,23387,65535)  #FE435BFF  srgba(254,67,91,1)
7,11: (65278,17219,24415,65535)  #FE435FFF  srgba(254,67,95,1)
8,11: (65278,17219,24929,65535)  #FE4361FF  srgba(254,67,97,1)
9,11: (65278,17219,25700,65535)  #FE4364FF  srgba(254,67,100,1)
10,11: (65278,18247,26214,65535)  #FE4766FF  srgba(254,71,102,1)
11,11: (65278,18247,28013,65535)  #FE476DFF  srgba(254,71,109,1)
12,11: (65278,19789,28013,65535)  #FE4D6DFF  srgba(254,77,109,1)
13,11: (65278,24158,28013,65535)  #FE5E6DFF  srgba(254,94,109,1)
14,11: (65278,29812,28270,65535)  #FE746EFF  srgba(254,116,110,1)
15,11: (65278,33667,22359,65535)  #FE8357FF  srgba(254,131,87,1)
0,12: (65278,33667,25443,65535)  #FE8363FF  srgba(254,131,99,1)
1,12: (65278,33924,21074,65535)  #FE8452FF  srgba(254,132,82,1)
2,12: (65278,34438,28013,65535)  #FE866DFF  srgba(254,134,109,1)
3,12: (65278,37265,23387,65535)  #FE915BFF  srgba(254,145,91,1)
4,12: (65278,37522,28013,65535)  #FE926DFF  srgba(254,146,109,1)
5,12: (65278,38293,22616,65535)  #FE9558FF  srgba(254,149,88,1)
6,12: (65278,38293,23387,65535)  #FE955BFF  srgba(254,149,91,1)
7,12: (65278,38550,21074,65535)  #FE9652FF  srgba(254,150,82,1)
8,12: (65278,38550,24415,65535)  #FE965FFF  srgba(254,150,95,1)
9,12: (65535,1799,26728,65535)  #FF0768FF  srgba(255,7,104,1)
10,12: (65535,6425,25700,65535)  #FF1964FF  srgba(255,25,100,1)
11,12: (65535,7196,26728,65535)  #FF1C68FF  srgba(255,28,104,1)
12,12: (65535,8738,26471,65535)  #FF2267FF  srgba(255,34,103,1)
13,12: (65535,12336,25700,65535)  #FF3064FF  srgba(255,48,100,1)
14,12: (65535,14649,26471,65535)  #FF3967FF  srgba(255,57,103,1)
15,12: (65535,14649,28527,65535)  #FF396FFF  srgba(255,57,111,1)
0,13: (65535,15934,26728,65535)  #FF3E68FF  srgba(255,62,104,1)
1,13: (65535,16191,26471,65535)  #FF3F67FF  srgba(255,63,103,1)
2,13: (65535,16191,26728,65535)  #FF3F68FF  srgba(255,63,104,1)
3,13: (65535,16191,32125,65535)  #FF3F7DFF  srgba(255,63,125,1)
4,13: (65535,16448,26471,65535)  #FF4067FF  srgba(255,64,103,1)
5,13: (65535,16705,26471,65535)  #FF4167FF  srgba(255,65,103,1)
6,13: (65535,16705,26985,65535)  #FF4169FF  srgba(255,65,105,1)
7,13: (65535,16962,26214,65535)  #FF4266FF  srgba(255,66,102,1)
8,13: (65535,16962,27242,65535)  #FF426AFF  srgba(255,66,106,1)
9,13: (65535,17219,26214,65535)  #FF4366FF  srgba(255,67,102,1)
10,13: (65535,17219,26471,65535)  #FF4367FF  srgba(255,67,103,1)
11,13: (65535,17219,26728,65535)  #FF4368FF  srgba(255,67,104,1)
12,13: (65535,17219,26985,65535)  #FF4369FF  srgba(255,67,105,1)
13,13: (65535,17476,26728,65535)  #FF4468FF  srgba(255,68,104,1)
14,13: (65535,17733,26471,65535)  #FF4567FF  srgba(255,69,103,1)
15,13: (65535,18761,24672,65535)  #FF4960FF  srgba(255,73,96,1)
0,14: (65535,19018,24158,65535)  #FF4A5EFF  srgba(255,74,94,1)
1,14: (65535,19018,26214,65535)  #FF4A66FF  srgba(255,74,102,1)
2,14: (65535,19275,26214,65535)  #FF4B66FF  srgba(255,75,102,1)
3,14: (65535,19532,23387,65535)  #FF4C5BFF  srgba(255,76,91,1)
4,14: (65535,27242,25700,65535)  #FF6A64FF  srgba(255,106,100,1)
5,14: (65535,29298,25700,65535)  #FF7264FF  srgba(255,114,100,1)
6,14: (65535,30583,25443,65535)  #FF7763FF  srgba(255,119,99,1)
7,14: (65535,30840,23387,65535)  #FF785BFF  srgba(255,120,91,1)
8,14: (65535,31097,21074,65535)  #FF7952FF  srgba(255,121,82,1)
9,14: (65535,31354,22102,65535)  #FF7A56FF  srgba(255,122,86,1)
10,14: (65535,31354,22359,65535)  #FF7A57FF  srgba(255,122,87,1)
11,14: (65535,31611,25700,65535)  #FF7B64FF  srgba(255,123,100,1)
12,14: (65535,32382,30840,65535)  #FF7E78FF  srgba(255,126,120,1)
13,14: (65535,32896,18504,65535)  #FF8048FF  srgba(255,128,72,1)
14,14: (65535,33410,23644,65535)  #FF825CFF  srgba(255,130,92,1)
15,14: (65535,33924,20303,65535)  #FF844FFF  srgba(255,132,79,1)
0,15: (65535,34952,23644,65535)  #FF885CFF  srgba(255,136,92,1)
1,15: (65535,34952,25700,65535)  #FF8864FF  srgba(255,136,100,1)
2,15: (65535,34952,25700,65535)  #FF8864FF  srgba(255,136,100,1)
3,15: (65535,35466,24672,65535)  #FF8A60FF  srgba(255,138,96,1)
4,15: (65535,35723,23644,65535)  #FF8B5CFF  srgba(255,139,92,1)
5,15: (65535,36237,25186,65535)  #FF8D62FF  srgba(255,141,98,1)
6,15: (65535,36494,22359,65535)  #FF8E57FF  srgba(255,142,87,1)
7,15: (65535,36751,22616,65535)  #FF8F58FF  srgba(255,143,88,1)
8,15: (65535,36751,25700,65535)  #FF8F64FF  srgba(255,143,100,1)
9,15: (65535,37008,21074,65535)  #FF9052FF  srgba(255,144,82,1)
10,15: (65535,37008,25186,65535)  #FF9062FF  srgba(255,144,98,1)
11,15: (65535,37265,22616,65535)  #FF9158FF  srgba(255,145,88,1)
12,15: (65535,37522,22102,65535)  #FF9256FF  srgba(255,146,86,1)
13,15: (65535,37522,24672,65535)  #FF9260FF  srgba(255,146,96,1)
14,15: (65535,38550,25186,65535)  #FF9662FF  srgba(255,150,98,1)
15,15: (0,65535,0,0)  #00FF0000  srgba(0,255,0,0)
