# ImageMagick pixel enumeration: 16,16,65535,srgba
0,0: (0,3855,0,65535)  #000F00FF  srgba(0,15,0,1)
1,0: (0,3855,0,65535)  #000F00FF  srgba(0,15,0,1)
2,0: (0,4369,0,65535)  #001100FF  srgba(0,17,0,1)
3,0: (0,4883,0,65535)  #001300FF  srgba(0,19,0,1)
4,0: (0,4883,257,65535)  #001301FF  srgba(0,19,1,1)
5,0: (0,5140,0,65535)  #001400FF  srgba(0,20,0,1)
6,0: (0,5397,0,65535)  #001500FF  srgba(0,21,0,1)
7,0: (0,5654,0,65535)  #001600FF  srgba(0,22,0,1)
8,0: (0,5654,1028,65535)  #001604FF  srgba(0,22,4,1)
9,0: (0,5911,0,65535)  #001700FF  srgba(0,23,0,1)
10,0: (0,6168,0,65535)  #001800FF  srgba(0,24,0,1)
11,0: (0,6168,514,65535)  #001802FF  srgba(0,24,2,1)
12,0: (0,6425,0,65535)  #001900FF  srgba(0,25,0,1)
13,0: (0,6682,0,65535)  #001A00FF  srgba(0,26,0,1)
14,0: (0,6682,257,65535)  #001A01FF  srgba(0,26,1,1)
15,0: (0,6939,0,65535)  #001B00FF  srgba(0,27,0,1)
0,1: (0,8224,257,65535)  #002001FF  srgba(0,32,1,1)
1,1: (257,4112,0,65535)  #011000FF  srgba(1,16,0,1)
2,1: (257,5140,0,65535)  #011400FF  srgba(1,20,0,1)
3,1: (257,5397,0,65535)  #011500FF  srgba(1,21,0,1)
4,1: (257,6425,0,65535)  #011900FF  srgba(1,25,0,1)
5,1: (257,6425,257,65535)  #011901FF  srgba(1,25,1,1)
6,1: (257,6682,514,65535)  #011A02FF  srgba(1,26,2,1)
7,1: (514,4626,0,65535)  #021200FF  srgba(2,18,0,1)
8,1: (514,5911,0,65535)  #021700FF  srgba(2,23,0,1)
9,1: (514,5911,514,65535)  #021702FF  srgba(2,23,2,1)
10,1: (514,6168,0,65535)  #021800FF  srgba(2,24,0,1)
11,1: (514,6168,771,65535)  #021803FF  srgba(2,24,3,1)
12,1: (771,3598,0,65535)  #030E00FF  srgba(3,14,0,1)
13,1: (771,4883,0,65535)  #031300FF  srgba(3,19,0,1)
14,1: (771,5654,0,65535)  #031600FF  srgba(3,22,0,1)
15,1: (771,5654,514,65535)  #031602FF  srgba(3,22,2,1)
0,2: (771,6168,257,65535)  #031801FF  srgba(3,24,1,1)
1,2: (771,6425,0,65535)  #031900FF  srgba(3,25,0,1)
2,2: (771,6682,0,65535)  #031A00FF  srgba(3,26,0,1)
3,2: (771,6682,514,65535)  #031A02FF  srgba(3,26,2,1)
4,2: (771,7196,771,65535)  #031C03FF  srgba(3,28,3,1)
5,2: (1028,3084,0,65535)  #040C00FF  srgba(4,12,0,1)
6,2: (1028,3598,0,65535)  #040E00FF  srgba(4,14,0,1)
7,2: (1028,3855,0,65535)  #040F00FF  srgba(4,15,0,1)
8,2: (1028,4626,0,65535)  #041200FF  srgba(4,18,0,1)
9,2: (1028,4626,771,65535)  #041203FF  srgba(4,18,3,1)
10,2: (1028,5911,257,65535)  #041701FF  srgba(4,23,1,1)
11,2: (1028,5911,514,65535)  #041702FF  srgba(4,23,2,1)
12,2: (1028,6168,0,65535)  #041800FF  srgba(4,24,0,1)
13,2: (1028,6168,0,65535)  #041800FF  srgba(4,24,0,1)
14,2: (1028,6425,0,65535)  #041900FF  srgba(4,25,0,1)
15,2: (1028,6425,514,65535)  #041902FF  srgba(4,25,2,1)
0,3: (1028,6425,1028,65535)  #041904FF  srgba(4,25,4,1)
1,3: (1285,4112,0,65535)  #051000FF  srgba(5,16,0,1)
2,3: (1285,4112,257,65535)  #051001FF  srgba(5,16,1,1)
3,3: (1285,5140,0,65535)  #051400FF  srgba(5,20,0,1)
4,3: (1285,5140,771,65535)  #051403FF  srgba(5,20,3,1)
5,3: (1285,5654,1028,65535)  #051604FF  srgba(5,22,4,1)
6,3: (1285,6425,0,65535)  #051900FF  srgba(5,25,0,1)
7,3: (1285,7710,1542,65535)  #051E06FF  srgba(5,30,6,1)
8,3: (1542,5140,0,65535)  #061400FF  srgba(6,20,0,1)
9,3: (1542,5654,0,65535)  #061600FF  srgba(6,22,0,1)
10,3: (1542,5654,771,65535)  #061603FF  srgba(6,22,3,1)
11,3: (1542,5911,0,65535)  #061700FF  srgba(6,23,0,1)
12,3: (1542,6425,771,65535)  #061903FF  srgba(6,25,3,1)
13,3: (1542,6939,514,65535)  #061B02FF  srgba(6,27,2,1)
14,3: (1799,5654,0,65535)  #071600FF  srgba(7,22,0,1)
15,3: (1799,5911,514,65535)  #071702FF  srgba(7,23,2,1)
0,4: (1799,6168,0,65535)  #071800FF  srgba(7,24,0,1)
1,4: (1799,6168,1028,65535)  #071804FF  srgba(7,24,4,1)
2,4: (1799,6939,1285,65535)  #071B05FF  srgba(7,27,5,1)
3,4: (2056,4883,257,65535)  #081301FF  srgba(8,19,1,1)
4,4: (2056,6168,0,65535)  #081800FF  srgba(8,24,0,1)
5,4: (2056,6425,0,65535)  #081900FF  srgba(8,25,0,1)
6,4: (2313,5654,0,65535)  #091600FF  srgba(9,22,0,1)
7,4: (2313,5911,514,65535)  #091702FF  srgba(9,23,2,1)
8,4: (2313,7453,1285,65535)  #091D05FF  srgba(9,29,5,1)
9,4: (2570,5397,514,65535)  #0A1502FF  srgba(10,21,2,1)
10,4: (2570,5911,0,65535)  #0A1700FF  srgba(10,23,0,1)
11,4: (2570,5911,0,65535)  #0A1700FF  srgba(10,23,0,1)
12,4: (2570,6425,0,65535)  #0A1900FF  srgba(10,25,0,1)
13,4: (2570,6425,1542,65535)  #0A1906FF  srgba(10,25,6,1)
14,4: (2570,6682,771,65535)  #0A1A03FF  srgba(10,26,3,1)
15,4: (2570,7710,1799,65535)  #0A1E07FF  srgba(10,30,7,1)
0,5: (2570,7967,1799,65535)  #0A1F07FF  srgba(10,31,7,1)
1,5: (2827,3598,257,65535)  #0B0E01FF  srgba(11,14,1,1)
2,5: (2827,4626,514,65535)  #0B1202FF  srgba(11,18,2,1)
3,5: (2827,4883,0,65535)  #0B1300FF  srgba(11,19,0,1)
4,5: (2827,5397,0,65535)  #0B1500FF  srgba(11,21,0,1)
5,5: (2827,5397,514,65535)  #0B1502FF  srgba(11,21,2,1)
6,5: (2827,5654,1028,65535)  #0B1604FF  srgba(11,22,4,1)
7,5: (2827,5911,514,65535)  #0B1702FF  srgba(11,23,2,1)
8,5: (2827,6168,0,65535)  #0B1800FF  srgba(11,24,0,1)
9,5: (2827,6168,771,65535)  #0B1803FF  srgba(11,24,3,1)
10,5: (2827,6425,514,65535)  #0B1902FF  srgba(11,25,2,1)
11,5: (2827,6939,1285,65535)  #0B1B05FF  srgba(11,27,5,1)
12,5: (2827,7196,2056,65535)  #0B1C08FF  srgba(11,28,8,1)
13,5: (3084,4883,771,65535)  #0C1303FF  srgba(12,19,3,1)
14,5: (3084,5397,0,65535)  #0C1500FF  srgba(12,21,0,1)
15,5: (3084,5654,0,65535)  #0C1600FF  srgba(12,22,0,1)
0,6: (3084,6168,1285,65535)  #0C1805FF  srgba(12,24,5,1)
1,6: (3084,6682,1028,65535)  #0C1A04FF  srgba(12,26,4,1)
2,6: (3084,6682,1799,65535)  #0C1A07FF  srgba(12,26,7,1)
3,6: (3084,8224,2313,65535)  #0C2009FF  srgba(12,32,9,1)
4,6: (3341,4369,514,65535)  #0D1102FF  srgba(13,17,2,1)
5,6: (3341,5397,1285,65535)  #0D1505FF  srgba(13,21,5,1)
6,6: (3341,5654,514,65535)  #0D1602FF  srgba(13,22,2,1)
7,6: (3341,5911,0,65535)  #0D1700FF  srgba(13,23,0,1)
8,6: (3341,5911,257,65535)  #0D1701FF  srgba(13,23,1,1)
9,6: (3341,5911,2056,65535)  #0D1708FF  srgba(13,23,8,1)
10,6: (3598,5654,0,65535)  #0E1600FF  srgba(14,22,0,1)
11,6: (3598,5911,1028,65535)  #0E1704FF  srgba(14,23,4,1)
12,6: (3598,5911,2056,65535)  #0E1708FF  srgba(14,23,8,1)
13,6: (3598,6168,0,65535)  #0E1800FF  srgba(14,24,0,1)
14,6: (3598,6168,1542,65535)  #0E1806FF  srgba(14,24,6,1)
15,6: (3855,5140,0,65535)  #0F1400FF  srgba(15,20,0,1)
0,7: (3855,5911,0,65535)  #0F1700FF  srgba(15,23,0,1)
1,7: (3855,5911,257,65535)  #0F1701FF  srgba(15,23,1,1)
2,7: (3855,6168,771,65535)  #0F1803FF  srgba(15,24,3,1)
3,7: (3855,6682,2827,65535)  #0F1A0BFF  srgba(15,26,11,1)
4,7: (3855,6939,1285,65535)  #0F1B05FF  srgba(15,27,5,1)
5,7: (3855,7196,2056,65535)  #0F1C08FF  srgba(15,28,8,1)
6,7: (4112,3855,514,65535)  #100F02FF  srgba(16,15,2,1)
7,7: (4112,4626,771,65535)  #101203FF  srgba(16,18,3,1)
8,7: (4112,4883,257,65535)  #101301FF  srgba(16,19,1,1)
9,7: (4112,4883,1542,65535)  #101306FF  srgba(16,19,6,1)
10,7: (4112,5397,0,65535)  #101500FF  srgba(16,21,0,1)
11,7: (4112,5397,771,65535)  #101503FF  srgba(16,21,3,1)
12,7: (4112,6168,2313,65535)  #101809FF  srgba(16,24,9,1)
13,7: (4112,6682,2056,65535)  #101A08FF  srgba(16,26,8,1)
14,7: (4112,6682,2313,65535)  #101A09FF  srgba(16,26,9,1)
15,7: (4112,7196,2827,65535)  #101C0BFF  srgba(16,28,11,1)
0,8: (4369,5397,2570,65535)  #11150AFF  srgba(17,21,10,1)
1,8: (4369,6425,514,65535)  #111902FF  srgba(17,25,2,1)
2,8: (4626,7710,2827,65535)  #121E0BFF  srgba(18,30,11,1)
3,8: (4626,8224,3341,65535)  #12200DFF  srgba(18,32,13,1)
4,8: (4883,3855,1028,65535)  #130F04FF  srgba(19,15,4,1)
5,8: (4883,4626,1285,65535)  #131205FF  srgba(19,18,5,1)
6,8: (4883,4626,2570,65535)  #13120AFF  srgba(19,18,10,1)
7,8: (4883,5397,1028,65535)  #131504FF  srgba(19,21,4,1)
8,8: (4883,6168,3084,65535)  #13180CFF  srgba(19,24,12,1)
9,8: (4883,6425,1799,65535)  #131907FF  srgba(19,25,7,1)
10,8: (5140,6682,2570,65535)  #141A0AFF  srgba(20,26,10,1)
11,8: (5397,5911,2827,65535)  #15170BFF  srgba(21,23,11,1)
12,8: (5397,6168,1799,65535)  #151807FF  srgba(21,24,7,1)
13,8: (5397,6682,3341,65535)  #151A0DFF  srgba(21,26,13,1)
14,8: (5397,7196,3084,65535)  #151C0CFF  srgba(21,28,12,1)
15,8: (5654,3855,1285,65535)  #160F05FF  srgba(22,15,5,1)
0,9: (5911,4883,1285,65535)  #171305FF  srgba(23,19,5,1)
1,9: (6425,4626,2570,65535)  #19120AFF  srgba(25,18,10,1)
2,9: (6682,3855,1542,65535)  #1A0F06FF  srgba(26,15,6,1)
3,9: (6682,5140,3341,65535)  #1A140DFF  srgba(26,20,13,1)
4,9: (6682,5911,2313,65535)  #1A1709FF  srgba(26,23,9,1)
5,9: (6682,6682,2313,65535)  #1A1A09FF  srgba(26,26,9,1)
6,9: (6939,5140,1799,65535)  #1B1407FF  srgba(27,20,7,1)
7,9: (6939,6425,2827,65535)  #1B190BFF  srgba(27,25,11,1)
8,9: (6939,6939,3855,65535)  #1B1B0FFF  srgba(27,27,15,1)
9,9: (6939,7196,2827,65535)  #1B1C0BFF  srgba(27,28,11,1)
10,9: (7196,6425,2313,65535)  #1C1909FF  srgba(28,25,9,1)
11,9: (7196,7453,3341,65535)  #1C1D0DFF  srgba(28,29,13,1)
12,9: (7453,6682,4626,65535)  #1D1A12FF  srgba(29,26,18,1)
13,9: (7453,6939,3341,65535)  #1D1B0DFF  srgba(29,27,13,1)
14,9: (7710,5140,2570,65535)  #1E140AFF  srgba(30,20,10,1)
15,9: (7710,6425,3341,65535)  #1E190DFF  srgba(30,25,13,1)
0,10: (7710,7710,4112,65535)  #1E1E10FF  srgba(30,30,16,1)
1,10: (7967,5140,3598,65535)  #1F140EFF  srgba(31,20,14,1)
2,10: (7967,5911,3084,65535)  #1F170CFF  srgba(31,23,12,1)
3,10: (7967,5911,3855,65535)  #1F170FFF  srgba(31,23,15,1)
4,10: (7967,6168,3598,65535)  #1F180EFF  srgba(31,24,14,1)
5,10: (7967,7453,5140,65535)  #1F1D14FF  srgba(31,29,20,1)
6,10: (8224,5911,4626,65535)  #201712FF  srgba(32,23,18,1)
7,10: (8481,5911,2570,65535)  #21170AFF  srgba(33,23,10,1)
8,10: (8481,7967,5140,65535)  #211F14FF  srgba(33,31,20,1)
9,10: (8481,8481,5140,65535)  #212114FF  srgba(33,33,20,1)
10,10: (8738,5397,3855,65535)  #22150FFF  srgba(34,21,15,1)
11,10: (8738,5911,3341,65535)  #22170DFF  srgba(34,23,13,1)
12,10: (8995,4883,3341,65535)  #23130DFF  srgba(35,19,13,1)
13,10: (8995,5397,3084,65535)  #23150CFF  srgba(35,21,12,1)
14,10: (8995,6682,4112,65535)  #231A10FF  srgba(35,26,16,1)
15,10: (8995,6939,3855,65535)  #231B0FFF  srgba(35,27,15,1)
0,11: (8995,6939,5654,65535)  #231B16FF  srgba(35,27,22,1)
1,11: (8995,8224,6425,65535)  #232019FF  srgba(35,32,25,1)
2,11: (9252,5911,4112,65535)  #241710FF  srgba(36,23,16,1)
3,11: (9252,6168,3341,65535)  #24180DFF  srgba(36,24,13,1)
4,11: (9252,6682,4883,65535)  #241A13FF  srgba(36,26,19,1)
5,11: (9509,4883,3341,65535)  #25130DFF  srgba(37,19,13,1)
6,11: (9509,5140,4369,65535)  #251411FF  srgba(37,20,17,1)
7,11: (9509,5397,3341,65535)  #25150DFF  srgba(37,21,13,1)
8,11: (9509,5397,3598,65535)  #25150EFF  srgba(37,21,14,1)
9,11: (9509,5911,2827,65535)  #25170BFF  srgba(37,23,11,1)
10,11: (9509,6425,4112,65535)  #251910FF  srgba(37,25,16,1)
11,11: (9509,7453,4112,65535)  #251D10FF  srgba(37,29,16,1)
12,11: (9509,7710,6425,65535)  #251E19FF  srgba(37,30,25,1)
13,11: (9509,8995,6939,65535)  #25231BFF  srgba(37,35,27,1)
14,11: (9766,5140,3855,65535)  #26140FFF  srgba(38,20,15,1)
15,11: (9766,5397,2827,65535)  #26150BFF  srgba(38,21,11,1)
0,12: (9766,5397,3341,65535)  #26150DFF  srgba(38,21,13,1)
1,12: (9766,5654,4112,65535)  #261610FF  srgba(38,22,16,1)
2,12: (9766,5654,4626,65535)  #261612FF  srgba(38,22,18,1)
3,12: (9766,5911,3598,65535)  #26170EFF  srgba(38,23,14,1)
4,12: (9766,6682,3341,65535)  #261A0DFF  srgba(38,26,13,1)
5,12: (9766,7710,5397,65535)  #261E15FF  srgba(38,30,21,1)
6,12: (10023,5397,4112,65535)  #271510FF  srgba(39,21,16,1)
7,12: (10023,5397,4626,65535)  #271512FF  srgba(39,21,18,1)
8,12: (10023,6939,4112,65535)  #271B10FF  srgba(39,27,16,1)
9,12: (10023,6939,6168,65535)  #271B18FF  srgba(39,27,24,1)
10,12: (10280,4626,3598,65535)  #28120EFF  srgba(40,18,14,1)
11,12: (10280,4883,4369,65535)  #281311FF  srgba(40,19,17,1)
12,12: (10280,5140,3341,65535)  #28140DFF  srgba(40,20,13,1)
13,12: (10280,5911,4112,65535)  #281710FF  srgba(40,23,16,1)
14,12: (10280,5911,6682,65535)  #28171AFF  srgba(40,23,26,1)
15,12: (10280,6168,4626,65535)  #281812FF  srgba(40,24,18,1)
0,13: (10280,6425,4112,65535)  #281910FF  srgba(40,25,16,1)
1,13: (10280,6682,4883,65535)  #281A13FF  srgba(40,26,19,1)
2,13: (10537,4883,3855,65535)  #29130FFF  srgba(41,19,15,1)
3,13: (10537,4883,4883,65535)  #291313FF  srgba(41,19,19,1)
4,13: (10537,5140,4112,65535)  #291410FF  srgba(41,20,16,1)
5,13: (10537,5140,4626,65535)  #291412FF  srgba(41,20,18,1)
6,13: (10537,5911,4626,65535)  #291712FF  srgba(41,23,18,1)
7,13: (10537,5911,5140,65535)  #291714FF  srgba(41,23,20,1)
8,13: (10794,5397,5654,65535)  #2A1516FF  srgba(42,21,22,1)
9,13: (10794,5911,4369,65535)  #2A1711FF  srgba(42,23,17,1)
10,13: (10794,6168,5397,65535)  #2A1815FF  srgba(42,24,21,1)
11,13: (10794,6425,4626,65535)  #2A1912FF  srgba(42,25,18,1)
12,13: (11051,5654,4626,65535)  #2B1612FF  srgba(43,22,18,1)
13,13: (11051,5654,5140,65535)  #2B1614FF  srgba(43,22,20,1)
14,13: (11051,5911,3855,65535)  #2B170FFF  srgba(43,23,15,1)
15,13: (11051,6939,5140,65535)  #2B1B14FF  srgba(43,27,20,1)
0,14: (11308,4626,4369,65535)  #2C1211FF  srgba(44,18,17,1)
1,14: (11308,5397,3855,65535)  #2C150FFF  srgba(44,21,15,1)
2,14: (11308,5397,4626,65535)  #2C1512FF  srgba(44,21,18,1)
3,14: (11308,5397,5140,65535)  #2C1514FF  srgba(44,21,20,1)
4,14: (11308,5397,5397,65535)  #2C1515FF  srgba(44,21,21,1)
5,14: (11308,5654,5911,65535)  #2C1617FF  srgba(44,22,23,1)
6,14: (11308,5911,4883,65535)  #2C1713FF  srgba(44,23,19,1)
7,14: (11308,5911,5397,65535)  #2C1715FF  srgba(44,23,21,1)
8,14: (11308,7967,5654,65535)  #2C1F16FF  srgba(44,31,22,1)
9,14: (11565,5654,4883,65535)  #2D1613FF  srgba(45,22,19,1)
10,14: (11565,5911,5654,65535)  #2D1716FF  srgba(45,23,22,1)
11,14: (11565,6425,6168,65535)  #2D1918FF  srgba(45,25,24,1)
12,14: (11565,7196,6939,65535)  #2D1C1BFF  srgba(45,28,27,1)
13,14: (11822,5397,4626,65535)  #2E1512FF  srgba(46,21,18,1)
14,14: (11822,5397,5140,65535)  #2E1514FF  srgba(46,21,20,1)
15,14: (11822,5397,5911,65535)  #2E1517FF  srgba(46,21,23,1)
0,15: (11822,5654,5654,65535)  #2E1616FF  srgba(46,22,22,1)
1,15: (11822,5911,4626,65535)  #2E1712FF  srgba(46,23,18,1)
2,15: (11822,6168,4883,65535)  #2E1813FF  srgba(46,24,19,1)
3,15: (11822,6939,5397,65535)  #2E1B15FF  srgba(46,27,21,1)
4,15: (11822,8224,7453,65535)  #2E201DFF  srgba(46,32,29,1)
5,15: (11822,8738,7710,65535)  #2E221EFF  srgba(46,34,30,1)
6,15: (12079,5911,6168,65535)  #2F1718FF  srgba(47,23,24,1)
7,15: (12336,6682,6168,65535)  #301A18FF  srgba(48,26,24,1)
8,15: (12593,5140,6168,65535)  #311418FF  srgba(49,20,24,1)
9,15: (12593,7710,7453,65535)  #311E1DFF  srgba(49,30,29,1)
10,15: (12593,7967,6168,65535)  #311F18FF  srgba(49,31,24,1)
11,15: (12850,5911,4369,65535)  #321711FF  srgba(50,23,17,1)
12,15: (12850,5911,6168,65535)  #321718FF  srgba(50,23,24,1)
13,15: (13107,6425,6682,65535)  #33191AFF  srgba(51,25,26,1)
14,15: (13364,7196,6939,65535)  #341C1BFF  srgba(52,28,27,1)
15,15: (0,65535,0,0)  #00FF0000  srgba(0,255,0,0)
