# ImageMagick pixel enumeration: 16,16,65535,srgba
0,0: (0,0,0,65535)  #000000FF  black
1,0: (0,0,1285,65535)  #000005FF  srgba(0,0,5,1)
2,0: (0,6682,55769,65535)  #001AD9FF  srgba(0,26,217,1)
3,0: (0,6939,57568,65535)  #001BE0FF  srgba(0,27,224,1)
4,0: (1028,257,2056,65535)  #040108FF  srgba(4,1,8,1)
5,0: (1799,8481,60652,65535)  #0721ECFF  srgba(7,33,236,1)
6,0: (2313,6425,54484,65535)  #0919D4FF  srgba(9,25,212,1)
7,0: (2570,8481,57825,65535)  #0A21E1FF  srgba(10,33,225,1)
8,0: (2827,3084,14135,65535)  #0B0C37FF  srgba(11,12,55,1)
9,0: (3084,5911,27499,65535)  #0C176BFF  srgba(12,23,107,1)
10,0: (3341,6682,56283,65535)  #0D1ADBFF  srgba(13,26,219,1)
11,0: (3341,8738,54227,65535)  #0D22D3FF  srgba(13,34,211,1)
12,0: (3598,6939,58596,65535)  #0E1BE4FF  srgba(14,27,228,1)
13,0: (3855,6425,35980,65535)  #0F198CFF  srgba(15,25,140,1)
14,0: (4369,6425,47545,65535)  #1119B9FF  srgba(17,25,185,1)
15,0: (4369,6682,42662,65535)  #111AA6FF  srgba(17,26,166,1)
0,1: (4626,2313,5397,65535)  #120915FF  srgba(18,9,21,1)
1,1: (4883,11822,29298,65535)  #132E72FF  srgba(19,46,114,1)
2,1: (4883,13621,43176,65535)  #1335A8FF  srgba(19,53,168,1)
3,1: (6939,6425,54227,65535)  #1B19D3FF  srgba(27,25,211,1)
4,1: (9509,19532,29298,65535)  #254C72FF  srgba(37,76,114,1)
5,1: (9766,9766,59881,65535)  #2626E9FF  srgba(38,38,233,1)
6,1: (10023,18504,62194,65535)  #2748F2FF  srgba(39,72,242,1)
7,1: (10280,18504,54741,65535)  #2848D5FF  srgba(40,72,213,1)
8,1: (10537,9509,54227,65535)  #2925D3FF  srgba(41,37,211,1)
9,1: (11822,14906,43433,65535)  #2E3AA9FF  srgba(46,58,169,1)
10,1: (11822,16191,12593,65535)  #2E3F31FF  srgba(46,63,49,1)
11,1: (12336,5397,14649,65535)  #301539FF  srgba(48,21,57,1)
12,1: (12850,6939,56540,65535)  #321BDCFF  srgba(50,27,220,1)
13,1: (13364,6425,53456,65535)  #3419D0FF  srgba(52,25,208,1)
14,1: (14649,9766,59624,65535)  #3926E8FF  srgba(57,38,232,1)
15,1: (14906,12336,29041,65535)  #3A3071FF  srgba(58,48,113,1)
0,2: (15163,5911,27499,65535)  #3B176BFF  srgba(59,23,107,1)
1,2: (15163,6682,47545,65535)  #3B1AB9FF  srgba(59,26,185,1)
2,2: (15420,6425,40092,65535)  #3C199CFF  srgba(60,25,156,1)
3,2: (15420,9252,54227,65535)  #3C24D3FF  srgba(60,36,211,1)
4,2: (16191,20817,29298,65535)  #3F5172FF  srgba(63,81,114,1)
5,2: (16705,28270,43433,65535)  #416EA9FF  srgba(65,110,169,1)
6,2: (16962,19275,54484,65535)  #424BD4FF  srgba(66,75,212,1)
7,2: (16962,19532,61937,65535)  #424CF1FF  srgba(66,76,241,1)
8,2: (16962,28013,58082,65535)  #426DE2FF  srgba(66,109,226,1)
9,2: (17219,12079,43690,65535)  #432FAAFF  srgba(67,47,170,1)
10,2: (17219,18761,43690,65535)  #4349AAFF  srgba(67,73,170,1)
11,2: (19275,6939,54484,65535)  #4B1BD4FF  srgba(75,27,212,1)
12,2: (19532,33667,58339,65535)  #4C83E3FF  srgba(76,131,227,1)
13,2: (20046,42405,59367,65535)  #4EA5E7FF  srgba(78,165,231,1)
14,2: (20303,5140,6168,65535)  #4F1418FF  srgba(79,20,24,1)
15,2: (21074,9509,53456,65535)  #5225D0FF  srgba(82,37,208,1)
0,3: (21074,9766,58596,65535)  #5226E4FF  srgba(82,38,228,1)
1,3: (21588,14392,29298,65535)  #543872FF  srgba(84,56,114,1)
2,3: (21588,19532,12079,65535)  #544C2FFF  srgba(84,76,47,1)
3,3: (21845,23901,28013,65535)  #555D6DFF  srgba(85,93,109,1)
4,3: (22102,20046,61423,65535)  #564EEFFF  srgba(86,78,239,1)
5,3: (22359,19532,53970,65535)  #574CD2FF  srgba(87,76,210,1)
6,3: (22359,34181,28013,65535)  #57856DFF  srgba(87,133,109,1)
7,3: (22616,28270,58339,65535)  #586EE3FF  srgba(88,110,227,1)
8,3: (22873,29041,43433,65535)  #5971A9FF  srgba(89,113,169,1)
9,3: (22873,41377,44204,65535)  #59A1ACFF  srgba(89,161,172,1)
10,3: (23387,12336,43690,65535)  #5B30AAFF  srgba(91,48,170,1)
11,3: (23387,19275,43433,65535)  #5B4BA9FF  srgba(91,75,169,1)
12,3: (23901,44461,27242,65535)  #5DAD6AFF  srgba(93,173,106,1)
13,3: (24672,5397,24415,65535)  #60155FFF  srgba(96,21,95,1)
14,3: (24672,6682,36751,65535)  #601A8FFF  srgba(96,26,143,1)
15,3: (24672,6939,54484,65535)  #601BD4FF  srgba(96,27,212,1)
0,4: (24929,6939,47031,65535)  #611BB7FF  srgba(97,27,183,1)
1,4: (24929,37779,59110,65535)  #6193E6FF  srgba(97,147,230,1)
2,4: (25443,6939,43176,65535)  #631BA8FF  srgba(99,27,168,1)
3,4: (26214,4112,12079,65535)  #66102FFF  srgba(102,16,47,1)
4,4: (26214,19532,12850,65535)  #664C32FF  srgba(102,76,50,1)
5,4: (26728,10023,52685,65535)  #6827CDFF  srgba(104,39,205,1)
6,4: (26728,29041,40863,65535)  #68719FFF  srgba(104,113,159,1)
7,4: (26728,29298,46774,65535)  #6872B6FF  srgba(104,114,182,1)
8,4: (26985,33410,15420,65535)  #69823CFF  srgba(105,130,60,1)
9,4: (27242,28527,54227,65535)  #6A6FD3FF  srgba(106,111,211,1)
10,4: (27242,28527,62451,65535)  #6A6FF3FF  srgba(106,111,243,1)
11,4: (27756,41891,44718,65535)  #6CA3AEFF  srgba(108,163,174,1)
12,4: (27756,42662,16962,65535)  #6CA642FF  srgba(108,166,66,1)
13,4: (28013,34695,58596,65535)  #6D87E4FF  srgba(109,135,228,1)
14,4: (28013,42662,59110,65535)  #6DA6E6FF  srgba(109,166,230,1)
15,4: (28270,11308,59367,65535)  #6E2CE7FF  srgba(110,44,231,1)
0,5: (28270,35466,26985,65535)  #6E8A69FF  srgba(110,138,105,1)
1,5: (28270,46774,26985,65535)  #6EB669FF  srgba(110,182,105,1)
2,5: (28784,6939,50886,65535)  #701BC6FF  srgba(112,27,198,1)
3,5: (28784,10537,56283,65535)  #7029DBFF  srgba(112,41,219,1)
4,5: (29298,14906,32639,65535)  #723A7FFF  srgba(114,58,127,1)
5,5: (29555,17476,60395,65535)  #7344EBFF  srgba(115,68,235,1)
6,5: (29812,12593,41634,65535)  #7431A2FF  srgba(116,49,162,1)
7,5: (29812,17219,53713,65535)  #7443D1FF  srgba(116,67,209,1)
8,5: (29812,22616,53713,65535)  #7458D1FF  srgba(116,88,209,1)
9,5: (29812,22873,61166,65535)  #7459EEFF  srgba(116,89,238,1)
10,5: (29812,25700,31354,65535)  #74647AFF  srgba(116,100,122,1)
11,5: (30069,14649,12850,65535)  #753932FF  srgba(117,57,50,1)
12,5: (30069,15934,23387,65535)  #753E5BFF  srgba(117,62,91,1)
13,5: (30069,19532,41634,65535)  #754CA2FF  srgba(117,76,162,1)
14,5: (30069,25443,14392,65535)  #756338FF  srgba(117,99,56,1)
15,5: (30069,25957,22616,65535)  #756558FF  srgba(117,101,88,1)
0,6: (30326,12593,47288,65535)  #7631B8FF  srgba(118,49,184,1)
1,6: (30326,39064,45232,65535)  #7698B0FF  srgba(118,152,176,1)
2,6: (30583,19532,47288,65535)  #774CB8FF  srgba(119,76,184,1)
3,6: (30583,46774,46260,65535)  #77B6B4FF  srgba(119,182,180,1)
4,6: (31097,34181,16191,65535)  #79853FFF  srgba(121,133,63,1)
5,6: (31097,42919,17476,65535)  #79A744FF  srgba(121,167,68,1)
6,6: (31354,4112,10794,65535)  #7A102AFF  srgba(122,16,42,1)
7,6: (31354,5654,24158,65535)  #7A165EFF  srgba(122,22,94,1)
8,6: (31354,6682,39578,65535)  #7A1A9AFF  srgba(122,26,154,1)
9,6: (31354,29555,42148,65535)  #7A73A4FF  srgba(122,115,164,1)
10,6: (31611,6682,43690,65535)  #7B1AAAFF  srgba(123,26,170,1)
11,6: (31611,7196,46517,65535)  #7B1CB5FF  srgba(123,28,181,1)
12,6: (31611,10023,52428,65535)  #7B27CCFF  srgba(123,39,204,1)
13,6: (31611,29812,47802,65535)  #7B74BAFF  srgba(123,116,186,1)
14,6: (31868,4369,13107,65535)  #7C1133FF  srgba(124,17,51,1)
15,6: (31868,30840,61680,65535)  #7C78F0FF  srgba(124,120,240,1)
0,7: (31868,40092,62194,65535)  #7C9CF2FF  srgba(124,156,242,1)
1,7: (32125,4883,15163,65535)  #7D133BFF  srgba(125,19,59,1)
2,7: (32125,30840,53456,65535)  #7D78D0FF  srgba(125,120,208,1)
3,7: (32125,35980,22616,65535)  #7D8C58FF  srgba(125,140,88,1)
4,7: (32125,35980,30326,65535)  #7D8C76FF  srgba(125,140,118,1)
5,7: (32125,40092,52685,65535)  #7D9CCDFF  srgba(125,156,205,1)
6,7: (32125,44204,26214,65535)  #7DAC66FF  srgba(125,172,102,1)
7,7: (32125,47031,59367,65535)  #7DB7E7FF  srgba(125,183,231,1)
8,7: (32125,49858,26214,65535)  #7DC266FF  srgba(125,194,102,1)
9,7: (32639,15420,14135,65535)  #7F3C37FF  srgba(127,60,55,1)
10,7: (32639,25957,15420,65535)  #7F653CFF  srgba(127,101,60,1)
11,7: (32639,33410,16448,65535)  #7F8240FF  srgba(127,130,64,1)
12,7: (32639,40606,46260,65535)  #7F9EB4FF  srgba(127,158,180,1)
13,7: (32639,42148,17733,65535)  #7FA445FF  srgba(127,164,69,1)
14,7: (32896,48316,47802,65535)  #80BCBAFF  srgba(128,188,186,1)
15,7: (32896,48830,50629,65535)  #80BEC5FF  srgba(128,190,197,1)
0,8: (34695,34181,19275,65535)  #87854BFF  srgba(135,133,75,1)
1,8: (34695,43176,18247,65535)  #87A847FF  srgba(135,168,71,1)
2,8: (34952,45232,24415,65535)  #88B05FFF  srgba(136,176,95,1)
3,8: (35209,48316,50372,65535)  #89BCC4FF  srgba(137,188,196,1)
4,8: (35466,7196,47031,65535)  #8A1CB7FF  srgba(138,28,183,1)
5,8: (35723,10794,55512,65535)  #8B2AD8FF  srgba(139,42,216,1)
6,8: (35723,18247,58339,65535)  #8B47E3FF  srgba(139,71,227,1)
7,8: (35723,35980,49858,65535)  #8B8CC2FF  srgba(139,140,194,1)
8,8: (35723,41634,49858,65535)  #8BA2C2FF  srgba(139,162,194,1)
9,8: (35980,4369,15934,65535)  #8C113EFF  srgba(140,17,62,1)
10,8: (35980,6425,39064,65535)  #8C1998FF  srgba(140,25,152,1)
11,8: (35980,7453,50372,65535)  #8C1DC4FF  srgba(140,29,196,1)
12,8: (35980,14135,42405,65535)  #8C37A5FF  srgba(140,55,165,1)
13,8: (35980,14392,46517,65535)  #8C38B5FF  srgba(140,56,181,1)
14,8: (35980,25186,15677,65535)  #8C623DFF  srgba(140,98,61,1)
15,8: (36237,7710,50886,65535)  #8D1EC6FF  srgba(141,30,198,1)
0,9: (36237,14392,50629,65535)  #8D38C5FF  srgba(141,56,197,1)
1,9: (36237,23387,58853,65535)  #8D5BE5FF  srgba(141,91,229,1)
2,9: (36237,33924,35980,65535)  #8D848CFF  srgba(141,132,140,1)
3,9: (36237,41377,39064,65535)  #8DA198FF  srgba(141,161,152,1)
4,9: (36237,47802,37779,65535)  #8DBA93FF  srgba(141,186,147,1)
5,9: (36494,5654,23387,65535)  #8E165BFF  srgba(142,22,91,1)
6,9: (36494,13621,35209,65535)  #8E3589FF  srgba(142,53,137,1)
7,9: (36494,23644,49601,65535)  #8E5CC1FF  srgba(142,92,193,1)
8,9: (36494,29812,49858,65535)  #8E74C2FF  srgba(142,116,194,1)
9,9: (36494,33924,43947,65535)  #8E84ABFF  srgba(142,132,171,1)
10,9: (36494,37008,55769,65535)  #8E90D9FF  srgba(142,144,217,1)
11,9: (36751,12850,12336,65535)  #8F3230FF  srgba(143,50,48,1)
12,9: (36751,29555,62194,65535)  #8F73F2FF  srgba(143,115,242,1)
13,9: (36751,37008,62451,65535)  #8F90F3FF  srgba(143,144,243,1)
14,9: (37008,13364,15163,65535)  #90343BFF  srgba(144,52,59,1)
15,9: (37008,29555,55769,65535)  #9073D9FF  srgba(144,115,217,1)
0,10: (37265,44204,22102,65535)  #91AC56FF  srgba(145,172,86,1)
1,10: (37522,33924,20560,65535)  #928450FF  srgba(146,132,80,1)
2,10: (37779,25186,23644,65535)  #93625CFF  srgba(147,98,92,1)
3,10: (38036,9766,17476,65535)  #942644FF  srgba(148,38,68,1)
4,10: (38293,46003,60138,65535)  #95B3EAFF  srgba(149,179,234,1)
5,10: (38293,48830,60138,65535)  #95BEEAFF  srgba(149,190,234,1)
6,10: (38807,17219,17733,65535)  #974345FF  srgba(151,67,69,1)
7,10: (38807,24672,43176,65535)  #9760A8FF  srgba(151,96,168,1)
8,10: (39835,42919,56797,65535)  #9BA7DDFF  srgba(155,167,221,1)
9,10: (39835,44718,22616,65535)  #9BAE58FF  srgba(155,174,88,1)
10,10: (40092,43176,63222,65535)  #9CA8F6FF  srgba(156,168,246,1)
11,10: (40092,43690,49601,65535)  #9CAAC1FF  srgba(156,170,193,1)
12,10: (40349,24415,34695,65535)  #9D5F87FF  srgba(157,95,135,1)
13,10: (40606,12079,24158,65535)  #9E2F5EFF  srgba(158,47,94,1)
14,10: (40863,43176,39064,65535)  #9FA898FF  srgba(159,168,152,1)
15,10: (41120,17990,23901,65535)  #A0465DFF  srgba(160,70,93,1)
0,11: (41120,37008,56026,65535)  #A090DAFF  srgba(160,144,218,1)
1,11: (41377,37008,62451,65535)  #A190F3FF  srgba(161,144,243,1)
2,11: (41891,7453,46517,65535)  #A31DB5FF  srgba(163,29,181,1)
3,11: (42148,18247,57311,65535)  #A447DFFF  srgba(164,71,223,1)
4,11: (42405,18504,48059,65535)  #A548BBFF  srgba(165,72,187,1)
5,11: (42405,23644,58339,65535)  #A55CE3FF  srgba(165,92,227,1)
6,11: (42405,32125,39321,65535)  #A57D99FF  srgba(165,125,153,1)
7,11: (42662,11308,56026,65535)  #A62CDAFF  srgba(166,44,218,1)
8,11: (42662,12079,48059,65535)  #A62FBBFF  srgba(166,47,187,1)
9,11: (42919,6425,24929,65535)  #A71961FF  srgba(167,25,97,1)
10,11: (42919,6939,36237,65535)  #A71B8DFF  srgba(167,27,141,1)
11,11: (43176,11822,35980,65535)  #A82E8CFF  srgba(168,46,140,1)
12,11: (43176,18247,35723,65535)  #A8478BFF  srgba(168,71,139,1)
13,11: (43176,29812,56026,65535)  #A874DAFF  srgba(168,116,218,1)
14,11: (43176,29812,62194,65535)  #A874F2FF  srgba(168,116,242,1)
15,11: (43690,34952,50115,65535)  #AA88C3FF  srgba(170,136,195,1)
0,12: (43947,33667,23130,65535)  #AB835AFF  srgba(171,131,90,1)
1,12: (44204,24158,49858,65535)  #AC5EC2FF  srgba(172,94,194,1)
2,12: (44204,29812,50115,65535)  #AC74C3FF  srgba(172,116,195,1)
3,12: (44204,42919,39321,65535)  #ACA799FF  srgba(172,167,153,1)
4,12: (44718,23901,19018,65535)  #AE5D4AFF  srgba(174,93,74,1)
5,12: (44718,24158,25957,65535)  #AE5E65FF  srgba(174,94,101,1)
6,12: (44975,44204,23901,65535)  #AFAC5DFF  srgba(175,172,93,1)
7,12: (45746,46003,60909,65535)  #B2B3EDFF  srgba(178,179,237,1)
8,12: (46260,37522,58082,65535)  #B492E2FF  srgba(180,146,226,1)
9,12: (46517,45746,50372,65535)  #B5B2C4FF  srgba(181,178,196,1)
10,12: (46774,38036,61937,65535)  #B694F1FF  srgba(182,148,241,1)
11,12: (46774,42662,60395,65535)  #B6A6EBFF  srgba(182,166,235,1)
12,12: (47031,48316,61166,65535)  #B7BCEEFF  srgba(183,188,238,1)
13,12: (48059,39578,50372,65535)  #BB9AC4FF  srgba(187,154,196,1)
14,12: (48316,10794,44461,65535)  #BC2AADFF  srgba(188,42,173,1)
15,12: (48573,24158,33667,65535)  #BD5E83FF  srgba(189,94,131,1)
0,13: (48573,24929,41377,65535)  #BD61A1FF  srgba(189,97,161,1)
1,13: (48573,43690,60652,65535)  #BDAAECFF  srgba(189,170,236,1)
2,13: (48573,45746,60652,65535)  #BDB2ECFF  srgba(189,178,236,1)
3,13: (48830,7453,27242,65535)  #BE1D6AFF  srgba(190,29,106,1)
4,13: (49601,13364,34181,65535)  #C13485FF  srgba(193,52,133,1)
5,13: (49601,15420,27499,65535)  #C13C6BFF  srgba(193,60,107,1)
6,13: (49858,47031,60909,65535)  #C2B7EDFF  srgba(194,183,237,1)
7,13: (50115,10023,19789,65535)  #C3274DFF  srgba(195,39,77,1)
8,13: (50629,17476,19789,65535)  #C5444DFF  srgba(197,68,77,1)
9,13: (50629,17990,46260,65535)  #C546B4FF  srgba(197,70,180,1)
10,13: (50886,38036,61680,65535)  #C694F0FF  srgba(198,148,240,1)
11,13: (51143,14392,57568,65535)  #C738E0FF  srgba(199,56,224,1)
12,13: (51143,41120,40092,65535)  #C7A09CFF  srgba(199,160,156,1)
13,13: (51657,29298,56540,65535)  #C972DCFF  srgba(201,114,220,1)
14,13: (51657,29555,61423,65535)  #C973EFFF  srgba(201,115,239,1)
15,13: (51914,22616,58082,65535)  #CA58E2FF  srgba(202,88,226,1)
0,14: (51914,23644,25957,65535)  #CA5C65FF  srgba(202,92,101,1)
1,14: (51914,49344,60909,65535)  #CAC0EDFF  srgba(202,192,237,1)
2,14: (52171,22873,19532,65535)  #CB594CFF  srgba(203,89,76,1)
3,14: (52942,31868,39835,65535)  #CE7C9BFF  srgba(206,124,155,1)
4,14: (53713,48830,60909,65535)  #D1BEEDFF  srgba(209,190,237,1)
5,14: (53970,37522,57568,65535)  #D292E0FF  srgba(210,146,224,1)
6,14: (53970,44975,61680,65535)  #D2AFF0FF  srgba(210,175,240,1)
7,14: (54484,24415,49858,65535)  #D45FC2FF  srgba(212,95,194,1)
8,14: (54484,44204,59624,65535)  #D4ACE8FF  srgba(212,172,232,1)
9,14: (54741,12079,46517,65535)  #D52FB5FF  srgba(213,47,181,1)
10,14: (55255,30069,50115,65535)  #D775C3FF  srgba(215,117,195,1)
11,14: (56026,17990,33924,65535)  #DA4684FF  srgba(218,70,132,1)
12,14: (56026,38036,60909,65535)  #DA94EDFF  srgba(218,148,237,1)
13,14: (56283,10023,32639,65535)  #DB277FFF  srgba(219,39,127,1)
14,14: (56283,13878,27242,65535)  #DB366AFF  srgba(219,54,106,1)
15,14: (56540,18761,47031,65535)  #DC49B7FF  srgba(220,73,183,1)
0,15: (56797,7453,28013,65535)  #DD1D6DFF  srgba(221,29,109,1)
1,15: (57054,15163,57568,65535)  #DE3BE0FF  srgba(222,59,224,1)
2,15: (57054,17476,19789,65535)  #DE444DFF  srgba(222,68,77,1)
3,15: (57311,11308,20046,65535)  #DF2C4EFF  srgba(223,44,78,1)
4,15: (57311,34438,51143,65535)  #DF86C7FF  srgba(223,134,199,1)
5,15: (57311,39321,58596,65535)  #DF99E4FF  srgba(223,153,228,1)
6,15: (57311,49087,61423,65535)  #DFBFEFFF  srgba(223,191,239,1)
7,15: (57568,23644,35980,65535)  #E05C8CFF  srgba(224,92,140,1)
8,15: (58082,42919,59881,65535)  #E2A7E9FF  srgba(226,167,233,1)
9,15: (58339,22616,58339,65535)  #E358E3FF  srgba(227,88,227,1)
10,15: (58339,28013,50372,65535)  #E36DC4FF  srgba(227,109,196,1)
11,15: (58339,39064,58596,65535)  #E398E4FF  srgba(227,152,228,1)
12,15: (58596,24929,41891,65535)  #E461A3FF  srgba(228,97,163,1)
13,15: (58853,38293,60138,65535)  #E595EAFF  srgba(229,149,234,1)
14,15: (59110,29555,58853,65535)  #E673E5FF  srgba(230,115,229,1)
15,15: (0,65535,0,0)  #00FF0000  srgba(0,255,0,0)
