# ImageMagick pixel enumeration: 16,16,65535,srgba
0,0: (0,0,257,65535)  #000001FF  srgba(0,0,1,1)
1,0: (0,6939,56540,65535)  #001BDCFF  srgba(0,27,220,1)
2,0: (0,7196,59110,65535)  #001CE6FF  srgba(0,28,230,1)
3,0: (0,7710,60138,65535)  #001EEAFF  srgba(0,30,234,1)
4,0: (257,0,514,65535)  #010002FF  srgba(1,0,2,1)
5,0: (257,7710,60652,65535)  #011EECFF  srgba(1,30,236,1)
6,0: (257,7967,57825,65535)  #011FE1FF  srgba(1,31,225,1)
7,0: (514,6939,57311,65535)  #021BDFFF  srgba(2,27,223,1)
8,0: (514,7453,47802,65535)  #021DBAFF  srgba(2,29,186,1)
9,0: (771,7453,33924,65535)  #031D84FF  srgba(3,29,132,1)
10,0: (1799,514,2056,65535)  #070208FF  srgba(7,2,8,1)
11,0: (1799,6682,19532,65535)  #071A4CFF  srgba(7,26,76,1)
12,0: (2570,8224,26728,65535)  #0A2068FF  srgba(10,32,104,1)
13,0: (2827,6682,56540,65535)  #0B1ADCFF  srgba(11,26,220,1)
14,0: (4112,7453,40863,65535)  #101D9FFF  srgba(16,29,159,1)
15,0: (4112,9252,55255,65535)  #1024D7FF  srgba(16,36,215,1)
0,1: (5140,12079,33153,65535)  #142F81FF  srgba(20,47,129,1)
1,1: (5654,12079,23644,65535)  #162F5CFF  srgba(22,47,92,1)
2,1: (6168,12593,46003,65535)  #1831B3FF  srgba(24,49,179,1)
3,1: (6425,9509,60395,65535)  #1925EBFF  srgba(25,37,235,1)
4,1: (6682,7453,47545,65535)  #1A1DB9FF  srgba(26,29,185,1)
5,1: (6939,6682,56540,65535)  #1B1ADCFF  srgba(27,26,220,1)
6,1: (7453,18504,54484,65535)  #1D48D4FF  srgba(29,72,212,1)
7,1: (7710,7710,33667,65535)  #1E1E83FF  srgba(30,30,131,1)
8,1: (7967,18247,61680,65535)  #1F47F0FF  srgba(31,71,240,1)
9,1: (8224,3855,6682,65535)  #200F1AFF  srgba(32,15,26,1)
10,1: (8481,9509,55512,65535)  #2125D8FF  srgba(33,37,216,1)
11,1: (8481,18761,33924,65535)  #214984FF  srgba(33,73,132,1)
12,1: (9252,20046,46260,65535)  #244EB4FF  srgba(36,78,180,1)
13,1: (9509,13364,13878,65535)  #253436FF  srgba(37,52,54,1)
14,1: (10537,6939,56540,65535)  #291BDCFF  srgba(41,27,220,1)
15,1: (11565,20303,23387,65535)  #2D4F5BFF  srgba(45,79,91,1)
0,2: (11822,7453,22616,65535)  #2E1D58FF  srgba(46,29,88,1)
1,2: (13107,19275,62194,65535)  #334BF2FF  srgba(51,75,242,1)
2,2: (13107,19789,55255,65535)  #334DD7FF  srgba(51,77,215,1)
3,2: (13621,21845,14135,65535)  #355537FF  srgba(53,85,55,1)
4,2: (14392,10023,55512,65535)  #3827D8FF  srgba(56,39,216,1)
5,2: (14392,10023,60138,65535)  #3827EAFF  srgba(56,39,234,1)
6,2: (15163,29555,58339,65535)  #3B73E3FF  srgba(59,115,227,1)
7,2: (17219,16191,33924,65535)  #433F84FF  srgba(67,63,132,1)
8,2: (17219,21074,55255,65535)  #4352D7FF  srgba(67,82,215,1)
9,2: (17219,21074,61937,65535)  #4352F1FF  srgba(67,82,241,1)
10,2: (17476,16448,46003,65535)  #4440B3FF  srgba(68,64,179,1)
11,2: (17733,6682,37008,65535)  #451A90FF  srgba(69,26,144,1)
12,2: (17733,34181,45232,65535)  #4585B0FF  srgba(69,133,176,1)
13,2: (17733,42148,59110,65535)  #45A4E6FF  srgba(69,164,230,1)
14,2: (17990,25443,33924,65535)  #466384FF  srgba(70,99,132,1)
15,2: (17990,25443,46003,65535)  #4663B3FF  srgba(70,99,179,1)
0,3: (18247,34438,32382,65535)  #47867EFF  srgba(71,134,126,1)
1,3: (18504,6682,56026,65535)  #481ADAFF  srgba(72,26,218,1)
2,3: (19018,34695,58596,65535)  #4A87E4FF  srgba(74,135,228,1)
3,3: (19532,7453,47031,65535)  #4C1DB7FF  srgba(76,29,183,1)
4,3: (20046,29555,58596,65535)  #4E73E4FF  srgba(78,115,228,1)
5,3: (20817,40349,25186,65535)  #519D62FF  srgba(81,157,98,1)
6,3: (21331,22102,23130,65535)  #53565AFF  srgba(83,86,90,1)
7,3: (21331,39578,19275,65535)  #539A4BFF  srgba(83,154,75,1)
8,3: (21588,44461,57311,65535)  #54ADDFFF  srgba(84,173,223,1)
9,3: (21588,49087,48059,65535)  #54BFBBFF  srgba(84,191,187,1)
10,3: (22359,16962,12593,65535)  #574231FF  srgba(87,66,49,1)
11,3: (22616,26985,14649,65535)  #586939FF  srgba(88,105,57,1)
12,3: (22616,34695,45232,65535)  #5887B0FF  srgba(88,135,176,1)
13,3: (22616,35466,32125,65535)  #588A7DFF  srgba(88,138,125,1)
14,3: (22873,46517,30840,65535)  #59B578FF  srgba(89,181,120,1)
15,3: (23130,29812,59110,65535)  #5A74E6FF  srgba(90,116,230,1)
0,4: (23387,10023,59624,65535)  #5B27E8FF  srgba(91,39,232,1)
1,4: (23644,10280,55255,65535)  #5C28D7FF  srgba(92,40,215,1)
2,4: (23901,35466,59110,65535)  #5D8AE6FF  srgba(93,138,230,1)
3,4: (24158,24929,61680,65535)  #5E61F0FF  srgba(94,97,240,1)
4,4: (24158,46003,57054,65535)  #5EB3DEFF  srgba(94,179,222,1)
5,4: (24415,24672,55255,65535)  #5F60D7FF  srgba(95,96,215,1)
6,4: (24672,18504,55255,65535)  #6048D7FF  srgba(96,72,215,1)
7,4: (24672,19018,61166,65535)  #604AEEFF  srgba(96,74,238,1)
8,4: (24929,6939,37008,65535)  #611B90FF  srgba(97,27,144,1)
9,4: (25186,6168,20817,65535)  #621851FF  srgba(98,24,81,1)
10,4: (25700,41377,20560,65535)  #64A150FF  srgba(100,161,80,1)
11,4: (26214,34695,46003,65535)  #6687B3FF  srgba(102,135,179,1)
12,4: (26214,35209,33153,65535)  #668981FF  srgba(102,137,129,1)
13,4: (26214,47031,46774,65535)  #66B7B6FF  srgba(102,183,182,1)
14,4: (26728,17476,37265,65535)  #684491FF  srgba(104,68,145,1)
15,4: (26728,26985,45746,65535)  #6869B2FF  srgba(104,105,178,1)
0,5: (26728,47288,31354,65535)  #68B87AFF  srgba(104,184,122,1)
1,5: (26985,17733,29812,65535)  #694574FF  srgba(105,69,116,1)
2,5: (26985,20303,45746,65535)  #694FB2FF  srgba(105,79,178,1)
3,5: (26985,27242,37008,65535)  #696A90FF  srgba(105,106,144,1)
4,5: (27242,13878,45489,65535)  #6A36B1FF  srgba(106,54,177,1)
5,5: (27242,27242,29812,65535)  #6A6A74FF  srgba(106,106,116,1)
6,5: (27756,19532,20303,65535)  #6C4C4FFF  srgba(108,76,79,1)
7,5: (27756,29298,19532,65535)  #6C724CFF  srgba(108,114,76,1)
8,5: (28013,7196,46260,65535)  #6D1CB4FF  srgba(109,28,180,1)
9,5: (28013,16705,11565,65535)  #6D412DFF  srgba(109,65,45,1)
10,5: (28013,26985,13107,65535)  #6D6933FF  srgba(109,105,51,1)
11,5: (28013,35723,18247,65535)  #6D8B47FF  srgba(109,139,71,1)
12,5: (28013,44461,20303,65535)  #6DAD4FFF  srgba(109,173,79,1)
13,5: (28527,32639,54741,65535)  #6F7FD5FF  srgba(111,127,213,1)
14,5: (28527,32639,62708,65535)  #6F7FF4FF  srgba(111,127,244,1)
15,5: (28784,5397,8481,65535)  #701521FF  srgba(112,21,33,1)
0,6: (28784,40349,62965,65535)  #709DF5FF  srgba(112,157,245,1)
1,6: (28784,49858,56540,65535)  #70C2DCFF  srgba(112,194,220,1)
2,6: (29298,40092,54741,65535)  #729CD5FF  srgba(114,156,213,1)
3,6: (29298,45232,59367,65535)  #72B0E7FF  srgba(114,176,231,1)
4,6: (29812,35466,17476,65535)  #748A44FF  srgba(116,138,68,1)
5,6: (29812,43176,19018,65535)  #74A84AFF  srgba(116,168,74,1)
6,6: (30069,4883,11565,65535)  #75132DFF  srgba(117,19,45,1)
7,6: (30326,4883,22102,65535)  #761356FF  srgba(118,19,86,1)
8,6: (30326,35980,45232,65535)  #768CB0FF  srgba(118,140,176,1)
9,6: (30326,47288,30326,65535)  #76B876FF  srgba(118,184,118,1)
10,6: (30583,4369,13621,65535)  #771135FF  srgba(119,17,53,1)
11,6: (30583,6425,37522,65535)  #771992FF  srgba(119,25,146,1)
12,6: (30583,35723,31868,65535)  #778B7CFF  srgba(119,139,124,1)
13,6: (30583,43176,44975,65535)  #77A8AFFF  srgba(119,168,175,1)
14,6: (30583,48573,45232,65535)  #77BDB0FF  srgba(119,189,176,1)
15,6: (30840,30069,17990,65535)  #787546FF  srgba(120,117,70,1)
0,7: (31097,6939,46260,65535)  #791BB4FF  srgba(121,27,180,1)
1,7: (31097,15420,12079,65535)  #793C2FFF  srgba(121,60,47,1)
2,7: (31097,17476,19789,65535)  #79444DFF  srgba(121,68,77,1)
3,7: (31097,25186,18504,65535)  #796248FF  srgba(121,98,72,1)
4,7: (31097,25700,13621,65535)  #796435FF  srgba(121,100,53,1)
5,7: (31097,40349,16962,65535)  #799D42FF  srgba(121,157,66,1)
6,7: (31354,34438,16448,65535)  #7A8640FF  srgba(122,134,64,1)
7,7: (31354,36751,20560,65535)  #7A8F50FF  srgba(122,143,80,1)
8,7: (31354,44975,20560,65535)  #7AAF50FF  srgba(122,175,80,1)
9,7: (31611,3855,11822,65535)  #7B0F2EFF  srgba(123,15,46,1)
10,7: (31868,3598,12850,65535)  #7C0E32FF  srgba(124,14,50,1)
11,7: (31868,4112,13621,65535)  #7C1035FF  srgba(124,16,53,1)
12,7: (31868,4626,19275,65535)  #7C124BFF  srgba(124,18,75,1)
13,7: (32639,3855,12850,65535)  #7F0F32FF  srgba(127,15,50,1)
14,7: (32896,4112,12079,65535)  #80102FFF  srgba(128,16,47,1)
15,7: (32896,6682,42148,65535)  #801AA4FF  srgba(128,26,164,1)
0,8: (33153,4112,14392,65535)  #811038FF  srgba(129,16,56,1)
1,8: (33153,4883,13364,65535)  #811334FF  srgba(129,19,52,1)
2,8: (33153,9509,11822,65535)  #81252EFF  srgba(129,37,46,1)
3,8: (33153,11822,13107,65535)  #812E33FF  srgba(129,46,51,1)
4,8: (33153,21331,13107,65535)  #815333FF  srgba(129,83,51,1)
5,8: (33153,32639,15934,65535)  #817F3EFF  srgba(129,127,62,1)
6,8: (33410,22873,14135,65535)  #825937FF  srgba(130,89,55,1)
7,8: (33410,27756,14906,65535)  #826C3AFF  srgba(130,108,58,1)
8,8: (33410,35723,26728,65535)  #828B68FF  srgba(130,139,104,1)
9,8: (33410,36237,20046,65535)  #828D4EFF  srgba(130,141,78,1)
10,8: (33410,42919,23387,65535)  #82A75BFF  srgba(130,167,91,1)
11,8: (33410,48573,24158,65535)  #82BD5EFF  srgba(130,189,94,1)
12,8: (33667,4626,22873,65535)  #831259FF  srgba(131,18,89,1)
13,8: (33667,11051,14392,65535)  #832B38FF  srgba(131,43,56,1)
14,8: (33667,37265,37522,65535)  #839192FF  srgba(131,145,146,1)
15,8: (33667,37265,46774,65535)  #8391B6FF  srgba(131,145,182,1)
0,9: (33667,42919,42148,65535)  #83A7A4FF  srgba(131,167,164,1)
1,9: (33667,48316,41120,65535)  #83BCA0FF  srgba(131,188,160,1)
2,9: (33924,9509,28784,65535)  #842570FF  srgba(132,37,112,1)
3,9: (33924,21074,14906,65535)  #84523AFF  srgba(132,82,58,1)
4,9: (33924,24158,25700,65535)  #845E64FF  srgba(132,94,100,1)
5,9: (33924,28784,15934,65535)  #84703EFF  srgba(132,112,62,1)
6,9: (34181,4112,16448,65535)  #851040FF  srgba(133,16,64,1)
7,9: (34181,11051,20817,65535)  #852B51FF  srgba(133,43,81,1)
8,9: (34181,25443,18247,65535)  #856347FF  srgba(133,99,71,1)
9,9: (34181,30326,38807,65535)  #857697FF  srgba(133,118,151,1)
10,9: (34181,36751,16705,65535)  #858F41FF  srgba(133,143,65,1)
11,9: (34181,41891,17219,65535)  #85A343FF  srgba(133,163,67,1)
12,9: (34181,45489,51914,65535)  #85B1CAFF  srgba(133,177,202,1)
13,9: (34438,8481,16448,65535)  #862140FF  srgba(134,33,64,1)
14,9: (34438,22359,15934,65535)  #86573EFF  srgba(134,87,62,1)
15,9: (34695,13107,41120,65535)  #8733A0FF  srgba(135,51,160,1)
0,10: (34695,21845,40606,65535)  #87559EFF  srgba(135,85,158,1)
1,10: (34695,30326,48573,65535)  #8776BDFF  srgba(135,118,189,1)
2,10: (34952,21074,50372,65535)  #8852C4FF  srgba(136,82,196,1)
3,10: (34952,21845,60395,65535)  #8855EBFF  srgba(136,85,235,1)
4,10: (35466,35466,23901,65535)  #8A8A5DFF  srgba(138,138,93,1)
5,10: (35466,42148,24158,65535)  #8AA45EFF  srgba(138,164,94,1)
6,10: (35466,47802,24672,65535)  #8ABA60FF  srgba(138,186,96,1)
7,10: (35723,32639,16191,65535)  #8B7F3FFF  srgba(139,127,63,1)
8,10: (35980,8224,48316,65535)  #8C20BCFF  srgba(140,32,188,1)
9,10: (35980,30069,59110,65535)  #8C75E6FF  srgba(140,117,230,1)
10,10: (36237,37522,52942,65535)  #8D92CEFF  srgba(141,146,206,1)
11,10: (36237,38807,62194,65535)  #8D97F2FF  srgba(141,151,242,1)
12,10: (36237,45232,41377,65535)  #8DB0A1FF  srgba(141,176,161,1)
13,10: (36494,37265,42662,65535)  #8E91A6FF  srgba(142,145,166,1)
14,10: (37008,9509,52685,65535)  #9025CDFF  srgba(144,37,205,1)
15,10: (37779,42919,25700,65535)  #93A764FF  srgba(147,167,100,1)
0,11: (37779,47031,62194,65535)  #93B7F2FF  srgba(147,183,242,1)
1,11: (38293,23130,17733,65535)  #955A45FF  srgba(149,90,69,1)
2,11: (38293,24672,14392,65535)  #956038FF  srgba(149,96,56,1)
3,11: (38807,11308,15420,65535)  #972C3CFF  srgba(151,44,60,1)
4,11: (39064,4626,14906,65535)  #98123AFF  srgba(152,18,58,1)
5,11: (39321,5140,19789,65535)  #99144DFF  srgba(153,20,77,1)
6,11: (39321,7196,43176,65535)  #991CA8FF  srgba(153,28,168,1)
7,11: (39321,26728,24672,65535)  #996860FF  srgba(153,104,96,1)
8,11: (39578,20046,24415,65535)  #9A4E5FFF  srgba(154,78,95,1)
9,11: (39835,11822,20046,65535)  #9B2E4EFF  srgba(155,46,78,1)
10,11: (40092,7196,35723,65535)  #9C1C8BFF  srgba(156,28,139,1)
11,11: (40092,33667,25186,65535)  #9C8362FF  srgba(156,131,98,1)
12,11: (41120,42148,26471,65535)  #A0A467FF  srgba(160,164,103,1)
13,11: (41377,21331,51143,65535)  #A153C7FF  srgba(161,83,199,1)
14,11: (41634,6425,26214,65535)  #A21966FF  srgba(162,25,102,1)
15,11: (42148,12336,26471,65535)  #A43067FF  srgba(164,48,103,1)
0,12: (42148,45489,41120,65535)  #A4B1A0FF  srgba(164,177,160,1)
1,12: (42662,21588,39578,65535)  #A6549AFF  srgba(166,84,154,1)
2,12: (42919,12850,38807,65535)  #A73297FF  srgba(167,50,151,1)
3,12: (42919,21845,58853,65535)  #A755E5FF  srgba(167,85,229,1)
4,12: (42919,29555,39321,65535)  #A77399FF  srgba(167,115,153,1)
5,12: (42919,46517,53199,65535)  #A7B5CFFF  srgba(167,181,207,1)
6,12: (43433,29812,49087,65535)  #A974BFFF  srgba(169,116,191,1)
7,12: (43433,38550,61166,65535)  #A996EEFF  srgba(169,150,238,1)
8,12: (43690,30069,59110,65535)  #AA75E6FF  srgba(170,117,230,1)
9,12: (44718,37008,42405,65535)  #AE90A5FF  srgba(174,144,165,1)
10,12: (46774,42148,53456,65535)  #B6A4D0FF  srgba(182,164,208,1)
11,12: (47288,46260,61423,65535)  #B8B4EFFF  srgba(184,180,239,1)
12,12: (48059,20817,29298,65535)  #BB5172FF  srgba(187,81,114,1)
13,12: (49344,6939,27499,65535)  #C01B6BFF  srgba(192,27,107,1)
14,12: (49601,11308,37779,65535)  #C12C93FF  srgba(193,44,147,1)
15,12: (49601,20303,18761,65535)  #C14F49FF  srgba(193,79,73,1)
0,13: (49601,21074,23130,65535)  #C1525AFF  srgba(193,82,90,1)
1,13: (49858,13107,27756,65535)  #C2336CFF  srgba(194,51,108,1)
2,13: (50629,17733,38293,65535)  #C54595FF  srgba(197,69,149,1)
3,13: (50629,37008,53713,65535)  #C590D1FF  srgba(197,144,209,1)
4,13: (51143,37008,60395,65535)  #C790EBFF  srgba(199,144,235,1)
5,13: (51143,41891,60652,65535)  #C7A3ECFF  srgba(199,163,236,1)
6,13: (51400,22359,36237,65535)  #C8578DFF  srgba(200,87,141,1)
7,13: (51914,18247,50372,65535)  #CA47C4FF  srgba(202,71,196,1)
8,13: (51914,22616,44718,65535)  #CA58AEFF  srgba(202,88,174,1)
9,13: (52171,10794,17990,65535)  #CB2A46FF  srgba(203,42,70,1)
10,13: (52171,10794,20560,65535)  #CB2A50FF  srgba(203,42,80,1)
11,13: (52171,17476,57054,65535)  #CB44DEFF  srgba(203,68,222,1)
12,13: (52685,30069,60138,65535)  #CD75EAFF  srgba(205,117,234,1)
13,13: (52685,47031,60909,65535)  #CDB7EDFF  srgba(205,183,237,1)
14,13: (53199,24158,53199,65535)  #CF5ECFFF  srgba(207,94,207,1)
15,13: (53199,28784,43690,65535)  #CF70AAFF  srgba(207,112,170,1)
0,14: (53713,30069,54741,65535)  #D175D5FF  srgba(209,117,213,1)
1,14: (54227,11822,27756,65535)  #D32E6CFF  srgba(211,46,108,1)
2,14: (54484,19275,29812,65535)  #D44B74FF  srgba(212,75,116,1)
3,14: (54484,29555,49344,65535)  #D473C0FF  srgba(212,115,192,1)
4,14: (54998,30326,51400,65535)  #D676C8FF  srgba(214,118,200,1)
5,14: (55769,7196,28013,65535)  #D91C6DFF  srgba(217,28,109,1)
6,14: (56026,13878,38036,65535)  #DA3694FF  srgba(218,54,148,1)
7,14: (56283,18761,38807,65535)  #DB4997FF  srgba(219,73,151,1)
8,14: (56540,39321,61423,65535)  #DC99EFFF  srgba(220,153,239,1)
9,14: (57311,18761,20817,65535)  #DF4951FF  srgba(223,73,81,1)
10,14: (57568,11308,19789,65535)  #E02C4DFF  srgba(224,44,77,1)
11,14: (57568,18761,57825,65535)  #E049E1FF  srgba(224,73,225,1)
12,14: (57568,19789,50372,65535)  #E04DC4FF  srgba(224,77,196,1)
13,14: (57568,39835,53713,65535)  #E09BD1FF  srgba(224,155,209,1)
14,14: (57825,9766,28013,65535)  #E1266DFF  srgba(225,38,109,1)
15,14: (57825,39064,50629,65535)  #E198C5FF  srgba(225,152,197,1)
0,15: (57825,45489,59110,65535)  #E1B1E6FF  srgba(225,177,230,1)
1,15: (57825,49601,61680,65535)  #E1C1F0FF  srgba(225,193,240,1)
2,15: (58082,29555,50629,65535)  #E273C5FF  srgba(226,115,197,1)
3,15: (58082,35209,51400,65535)  #E289C8FF  srgba(226,137,200,1)
4,15: (58082,38036,58082,65535)  #E294E2FF  srgba(226,148,226,1)
5,15: (58082,44975,61680,65535)  #E2AFF0FF  srgba(226,175,240,1)
6,15: (58082,47545,61680,65535)  #E2B9F0FF  srgba(226,185,240,1)
7,15: (58853,22873,40092,65535)  #E5599CFF  srgba(229,89,156,1)
8,15: (58853,24415,53713,65535)  #E55FD1FF  srgba(229,95,209,1)
9,15: (58853,30069,51914,65535)  #E575CAFF  srgba(229,117,202,1)
10,15: (59367,30069,55512,65535)  #E775D8FF  srgba(231,117,216,1)
11,15: (59367,30326,60395,65535)  #E776EBFF  srgba(231,118,235,1)
12,15: (59624,29298,47288,65535)  #E872B8FF  srgba(232,114,184,1)
13,15: (60652,39064,62194,65535)  #EC98F2FF  srgba(236,152,242,1)
14,15: (61937,28527,40606,65535)  #F16F9EFF  srgba(241,111,158,1)
15,15: (0,65535,0,0)  #00FF0000  srgba(0,255,0,0)
