# ImageMagick pixel enumeration: 16,16,65535,srgba
0,0: (0,0,0,65535)  #000000FF  black
1,0: (257,0,257,65535)  #010001FF  srgba(1,0,1,1)
2,0: (1799,0,257,65535)  #070001FF  srgba(7,0,1,1)
3,0: (2056,0,514,65535)  #080002FF  srgba(8,0,2,1)
4,0: (2827,0,0,65535)  #0B0000FF  srgba(11,0,0,1)
5,0: (2827,0,771,65535)  #0B0003FF  srgba(11,0,3,1)
6,0: (3084,257,771,65535)  #0C0103FF  srgba(12,1,3,1)
7,0: (3341,0,0,65535)  #0D0000FF  srgba(13,0,0,1)
8,0: (4883,0,257,65535)  #130001FF  srgba(19,0,1,1)
9,0: (6425,0,0,65535)  #190000FF  srgba(25,0,0,1)
10,0: (6425,0,771,65535)  #190003FF  srgba(25,0,3,1)
11,0: (6682,1028,1285,65535)  #1A0405FF  srgba(26,4,5,1)
12,0: (7967,0,0,65535)  #1F0000FF  srgba(31,0,0,1)
13,0: (8738,257,1028,65535)  #220104FF  srgba(34,1,4,1)
14,0: (8995,0,0,65535)  #230000FF  srgba(35,0,0,1)
15,0: (8995,0,771,65535)  #230003FF  srgba(35,0,3,1)
0,1: (9509,0,257,65535)  #250001FF  srgba(37,0,1,1)
1,1: (10794,0,0,65535)  #2A0000FF  srgba(42,0,0,1)
2,1: (13364,0,0,65535)  #340000FF  srgba(52,0,0,1)
3,1: (14649,0,514,65535)  #390002FF  srgba(57,0,2,1)
4,1: (15677,0,0,65535)  #3D0000FF  srgba(61,0,0,1)
5,1: (16191,0,0,65535)  #3F0000FF  srgba(63,0,0,1)
6,1: (17476,1542,1542,65535)  #440606FF  srgba(68,6,6,1)
7,1: (17733,1285,0,65535)  #450500FF  srgba(69,5,0,1)
8,1: (19275,0,0,65535)  #4B0000FF  srgba(75,0,0,1)
9,1: (22359,0,0,65535)  #570000FF  srgba(87,0,0,1)
10,1: (22616,1542,771,65535)  #580603FF  srgba(88,6,3,1)
11,1: (24929,0,0,65535)  #610000FF  srgba(97,0,0,1)
12,1: (25443,2056,514,65535)  #630802FF  srgba(99,8,2,1)
13,1: (26985,5397,1028,65535)  #691504FF  srgba(105,21,4,1)
14,1: (27756,5911,3341,65535)  #6C170DFF  srgba(108,23,13,1)
15,1: (29041,0,0,65535)  #710000FF  srgba(113,0,0,1)
0,2: (29041,2570,514,65535)  #710A02FF  srgba(113,10,2,1)
1,2: (30069,7196,5654,65535)  #751C16FF  srgba(117,28,22,1)
2,2: (30583,5654,771,65535)  #771603FF  srgba(119,22,3,1)
3,2: (32639,6939,3341,65535)  #7F1B0DFF  srgba(127,27,13,1)
4,2: (33153,6168,771,65535)  #811803FF  srgba(129,24,3,1)
5,2: (33153,12850,8995,65535)  #813223FF  srgba(129,50,35,1)
6,2: (33410,3341,1799,65535)  #820D07FF  srgba(130,13,7,1)
7,2: (33667,2827,0,65535)  #830B00FF  srgba(131,11,0,1)
8,2: (34695,2570,0,65535)  #870A00FF  srgba(135,10,0,1)
9,2: (36494,8481,5397,65535)  #8E2115FF  srgba(142,33,21,1)
10,2: (36494,11051,5397,65535)  #8E2B15FF  srgba(142,43,21,1)
11,2: (36751,5654,514,65535)  #8F1602FF  srgba(143,22,2,1)
12,2: (36751,8481,3341,65535)  #8F210DFF  srgba(143,33,13,1)
13,2: (37008,8738,1028,65535)  #902204FF  srgba(144,34,4,1)
14,2: (38036,13107,8995,65535)  #943323FF  srgba(148,51,35,1)
15,2: (41120,5654,514,65535)  #A01602FF  srgba(160,22,2,1)
0,3: (41120,8995,2056,65535)  #A02308FF  srgba(160,35,8,1)
1,3: (41377,11308,5654,65535)  #A12C16FF  srgba(161,44,22,1)
2,3: (41377,12079,7710,65535)  #A12F1EFF  srgba(161,47,30,1)
3,3: (42662,11308,2570,65535)  #A62C0AFF  srgba(166,44,10,1)
4,3: (43947,14392,9509,65535)  #AB3825FF  srgba(171,56,37,1)
5,3: (44204,13621,3084,65535)  #AC350CFF  srgba(172,53,12,1)
6,3: (44461,14135,6425,65535)  #AD3719FF  srgba(173,55,25,1)
7,3: (45489,9509,1799,65535)  #B12507FF  srgba(177,37,7,1)
8,3: (46003,7453,771,65535)  #B31D03FF  srgba(179,29,3,1)
9,3: (46003,16705,7710,65535)  #B3411EFF  srgba(179,65,30,1)
10,3: (46517,12336,7453,65535)  #B5301DFF  srgba(181,48,29,1)
11,3: (47288,16962,10537,65535)  #B84229FF  srgba(184,66,41,1)
12,3: (47288,18247,13107,65535)  #B84733FF  srgba(184,71,51,1)
13,3: (47545,11822,5654,65535)  #B92E16FF  srgba(185,46,22,1)
14,3: (48316,28013,21331,65535)  #BC6D53FF  srgba(188,109,83,1)
15,3: (48830,14649,9252,65535)  #BE3924FF  srgba(190,57,36,1)
0,4: (49087,16705,7453,65535)  #BF411DFF  srgba(191,65,29,1)
1,4: (49344,14392,6425,65535)  #C03819FF  srgba(192,56,25,1)
2,4: (49601,9766,1542,65535)  #C12606FF  srgba(193,38,6,1)
3,4: (50115,11565,2056,65535)  #C32D08FF  srgba(195,45,8,1)
4,4: (50115,13878,2570,65535)  #C3360AFF  srgba(195,54,10,1)
5,4: (50372,16448,3341,65535)  #C4400DFF  srgba(196,64,13,1)
6,4: (51400,25186,13621,65535)  #C86235FF  srgba(200,98,53,1)
7,4: (51657,17476,7710,65535)  #C9441EFF  srgba(201,68,30,1)
8,4: (51657,17733,10537,65535)  #C94529FF  srgba(201,69,41,1)
9,4: (51914,19018,13107,65535)  #CA4A33FF  srgba(202,74,51,1)
10,4: (54227,12079,2827,65535)  #D32F0BFF  srgba(211,47,11,1)
11,4: (54484,14392,4369,65535)  #D43811FF  srgba(212,56,17,1)
12,4: (54741,28784,21074,65535)  #D57052FF  srgba(213,112,82,1)
13,4: (55512,17990,10537,65535)  #D84629FF  srgba(216,70,41,1)
14,4: (55512,19275,5140,65535)  #D84B14FF  srgba(216,75,20,1)
15,4: (55769,16448,7710,65535)  #D9401EFF  srgba(217,64,30,1)
0,5: (56026,16448,2827,65535)  #DA400BFF  srgba(218,64,11,1)
1,5: (56540,13621,3855,65535)  #DC350FFF  srgba(220,53,15,1)
2,5: (56797,20046,12850,65535)  #DD4E32FF  srgba(221,78,50,1)
3,5: (57054,19789,8224,65535)  #DE4D20FF  srgba(222,77,32,1)
4,5: (57054,21074,15163,65535)  #DE523BFF  srgba(222,82,59,1)
5,5: (57054,24415,13364,65535)  #DE5F34FF  srgba(222,95,52,1)
6,5: (57825,21074,10794,65535)  #E1522AFF  srgba(225,82,42,1)
7,5: (58596,26985,19789,65535)  #E4694DFF  srgba(228,105,77,1)
8,5: (58853,24415,13364,65535)  #E55F34FF  srgba(229,95,52,1)
9,5: (59367,14135,4883,65535)  #E73713FF  srgba(231,55,19,1)
10,5: (59367,19789,4112,65535)  #E74D10FF  srgba(231,77,16,1)
11,5: (60909,16448,2827,65535)  #ED400BFF  srgba(237,64,11,1)
12,5: (60909,24672,11051,65535)  #ED602BFF  srgba(237,96,43,1)
13,5: (60909,25186,15677,65535)  #ED623DFF  srgba(237,98,61,1)
14,5: (61166,26985,19789,65535)  #EE694DFF  srgba(238,105,77,1)
15,5: (61166,43433,35980,65535)  #EEA98CFF  srgba(238,169,140,1)
0,6: (61423,16705,7967,65535)  #EF411FFF  srgba(239,65,31,1)
1,6: (62194,18504,10537,65535)  #F24829FF  srgba(242,72,41,1)
2,6: (62194,37265,29298,65535)  #F29172FF  srgba(242,145,114,1)
3,6: (62708,25186,8738,65535)  #F46222FF  srgba(244,98,34,1)
4,6: (62708,25186,12850,65535)  #F46232FF  srgba(244,98,50,1)
5,6: (62708,25700,15934,65535)  #F4643EFF  srgba(244,100,62,1)
6,6: (62965,21845,15163,65535)  #F5553BFF  srgba(245,85,59,1)
7,6: (62965,27499,18761,65535)  #F56B49FF  srgba(245,107,73,1)
8,6: (62965,30069,22359,65535)  #F57557FF  srgba(245,117,87,1)
9,6: (62965,44204,36237,65535)  #F5AC8DFF  srgba(245,172,141,1)
10,6: (63222,21074,12850,65535)  #F65232FF  srgba(246,82,50,1)
11,6: (63222,35209,15420,65535)  #F6893CFF  srgba(246,137,60,1)
12,6: (63222,35466,21588,65535)  #F68A54FF  srgba(246,138,84,1)
13,6: (63222,49087,38550,65535)  #F6BF96FF  srgba(246,191,150,1)
14,6: (63479,20303,2570,65535)  #F74F0AFF  srgba(247,79,10,1)
15,6: (63479,20303,7710,65535)  #F74F1EFF  srgba(247,79,30,1)
0,7: (63479,44461,36494,65535)  #F7AD8EFF  srgba(247,173,142,1)
1,7: (63736,21331,11051,65535)  #F8532BFF  srgba(248,83,43,1)
2,7: (63736,42148,34695,65535)  #F8A487FF  srgba(248,164,135,1)
3,7: (63736,45746,37265,65535)  #F8B291FF  srgba(248,178,145,1)
4,7: (63736,52171,44718,65535)  #F8CBAEFF  srgba(248,203,174,1)
5,7: (63736,54741,49601,65535)  #F8D5C1FF  srgba(248,213,193,1)
6,7: (63993,24672,12850,65535)  #F96032FF  srgba(249,96,50,1)
7,7: (63993,24929,15934,65535)  #F9613EFF  srgba(249,97,62,1)
8,7: (63993,26728,10023,65535)  #F96827FF  srgba(249,104,39,1)
9,7: (63993,28527,19018,65535)  #F96F4AFF  srgba(249,111,74,1)
10,7: (63993,29041,12850,65535)  #F97132FF  srgba(249,113,50,1)
11,7: (63993,31354,23130,65535)  #F97A5AFF  srgba(249,122,90,1)
12,7: (63993,37522,29298,65535)  #F99272FF  srgba(249,146,114,1)
13,7: (63993,49087,38550,65535)  #F9BF96FF  srgba(249,191,150,1)
14,7: (64250,26728,4883,65535)  #FA6813FF  srgba(250,104,19,1)
15,7: (64250,29555,15934,65535)  #FA733EFF  srgba(250,115,62,1)
0,8: (64250,35209,14649,65535)  #FA8939FF  srgba(250,137,57,1)
1,8: (64250,42148,34438,65535)  #FAA486FF  srgba(250,164,134,1)
2,8: (64250,45746,37008,65535)  #FAB290FF  srgba(250,178,144,1)
3,8: (64250,58339,46517,65535)  #FAE3B5FF  srgba(250,227,181,1)
4,8: (64507,35209,21331,65535)  #FB8953FF  srgba(251,137,83,1)
5,8: (64507,35466,25186,65535)  #FB8A62FF  srgba(251,138,98,1)
6,8: (64507,37779,29298,65535)  #FB9372FF  srgba(251,147,114,1)
7,8: (64507,41634,29812,65535)  #FBA274FF  srgba(251,162,116,1)
8,8: (64507,49087,36494,65535)  #FBBF8EFF  srgba(251,191,142,1)
9,8: (64507,49087,41377,65535)  #FBBFA1FF  srgba(251,191,161,1)
10,8: (64507,52428,44718,65535)  #FBCCAEFF  srgba(251,204,174,1)
11,8: (64507,54484,49344,65535)  #FBD4C0FF  srgba(251,212,192,1)
12,8: (64507,58339,50629,65535)  #FBE3C5FF  srgba(251,227,197,1)
13,8: (64507,58596,53456,65535)  #FBE4D0FF  srgba(251,228,208,1)
14,8: (64507,59367,56283,65535)  #FBE7DBFF  srgba(251,231,219,1)
15,8: (64507,63736,59367,65535)  #FBF8E7FF  srgba(251,248,231,1)
0,9: (64764,26985,19018,65535)  #FC694AFF  srgba(252,105,74,1)
1,9: (64764,30840,21845,65535)  #FC7855FF  srgba(252,120,85,1)
2,9: (64764,31097,19275,65535)  #FC794BFF  srgba(252,121,75,1)
3,9: (64764,32125,24672,65535)  #FC7D60FF  srgba(252,125,96,1)
4,9: (64764,38550,10537,65535)  #FC9629FF  srgba(252,150,41,1)
5,9: (64764,41377,22873,65535)  #FCA159FF  srgba(252,161,89,1)
6,9: (64764,41377,33153,65535)  #FCA181FF  srgba(252,161,129,1)
7,9: (64764,42919,35980,65535)  #FCA78CFF  srgba(252,167,140,1)
8,9: (64764,43176,17219,65535)  #FCA843FF  srgba(252,168,67,1)
9,9: (64764,43947,25700,65535)  #FCAB64FF  srgba(252,171,100,1)
10,9: (64764,45746,34952,65535)  #FCB288FF  srgba(252,178,136,1)
11,9: (64764,46003,39064,65535)  #FCB398FF  srgba(252,179,152,1)
12,9: (64764,52428,36751,65535)  #FCCC8FFF  srgba(252,204,143,1)
13,9: (64764,63993,56283,65535)  #FCF9DBFF  srgba(252,249,219,1)
14,9: (64764,64507,65278,65535)  #FCFBFEFF  srgba(252,251,254,1)
15,9: (64764,65021,63993,65535)  #FCFDF9FF  srgba(252,253,249,1)
0,10: (65021,35209,12593,65535)  #FD8931FF  srgba(253,137,49,1)
1,10: (65021,35209,18761,65535)  #FD8949FF  srgba(253,137,73,1)
2,10: (65021,35466,21845,65535)  #FD8A55FF  srgba(253,138,85,1)
3,10: (65021,36237,28527,65535)  #FD8D6FFF  srgba(253,141,111,1)
4,10: (65021,38550,16448,65535)  #FD9640FF  srgba(253,150,64,1)
5,10: (65021,38550,19275,65535)  #FD964BFF  srgba(253,150,75,1)
6,10: (65021,38550,22359,65535)  #FD9657FF  srgba(253,150,87,1)
7,10: (65021,38550,25443,65535)  #FD9663FF  srgba(253,150,99,1)
8,10: (65021,38807,29812,65535)  #FD9774FF  srgba(253,151,116,1)
9,10: (65021,41377,25700,65535)  #FDA164FF  srgba(253,161,100,1)
10,10: (65021,43176,11822,65535)  #FDA82EFF  srgba(253,168,46,1)
11,10: (65021,43433,20046,65535)  #FDA94EFF  srgba(253,169,78,1)
12,10: (65021,44718,30069,65535)  #FDAE75FF  srgba(253,174,117,1)
13,10: (65021,45746,22873,65535)  #FDB259FF  srgba(253,178,89,1)
14,10: (65021,47288,30069,65535)  #FDB875FF  srgba(253,184,117,1)
15,10: (65021,48316,25700,65535)  #FDBC64FF  srgba(253,188,100,1)
0,11: (65021,49601,30069,65535)  #FDC175FF  srgba(253,193,117,1)
1,11: (65021,49601,36237,65535)  #FDC18DFF  srgba(253,193,141,1)
2,11: (65021,49601,41377,65535)  #FDC1A1FF  srgba(253,193,161,1)
3,11: (65021,50629,44718,65535)  #FDC5AEFF  srgba(253,197,174,1)
4,11: (65021,52428,41377,65535)  #FDCCA1FF  srgba(253,204,161,1)
5,11: (65021,53456,30326,65535)  #FDD076FF  srgba(253,208,118,1)
6,11: (65021,53713,47545,65535)  #FDD1B9FF  srgba(253,209,185,1)
7,11: (65021,54227,44975,65535)  #FDD3AFFF  srgba(253,211,175,1)
8,11: (65021,54998,37265,65535)  #FDD691FF  srgba(253,214,145,1)
9,11: (65021,54998,41634,65535)  #FDD6A2FF  srgba(253,214,162,1)
10,11: (65021,55255,50629,65535)  #FDD7C5FF  srgba(253,215,197,1)
11,11: (65021,56797,38036,65535)  #FDDD94FF  srgba(253,221,148,1)
12,11: (65021,58596,41891,65535)  #FDE4A3FF  srgba(253,228,163,1)
13,11: (65021,58596,46517,65535)  #FDE4B5FF  srgba(253,228,181,1)
14,11: (65021,59881,38036,65535)  #FDE994FF  srgba(253,233,148,1)
15,11: (65021,62965,46003,65535)  #FDF5B3FF  srgba(253,245,179,1)
0,12: (65021,63222,49087,65535)  #FDF6BFFF  srgba(253,246,191,1)
1,12: (65021,63479,50886,65535)  #FDF7C6FF  srgba(253,247,198,1)
2,12: (65021,63479,59624,65535)  #FDF7E8FF  srgba(253,247,232,1)
3,12: (65021,63736,53456,65535)  #FDF8D0FF  srgba(253,248,208,1)
4,12: (65021,64250,59110,65535)  #FDFAE6FF  srgba(253,250,230,1)
5,12: (65021,64507,65021,65535)  #FDFBFDFF  srgba(253,251,253,1)
6,12: (65021,64764,64507,65535)  #FDFCFBFF  srgba(253,252,251,1)
7,12: (65021,65021,62708,65535)  #FDFDF4FF  srgba(253,253,244,1)
8,12: (65021,65021,65021,65535)  #FDFDFDFF  srgba(253,253,253,1)
9,12: (65021,65278,61937,65535)  #FDFEF1FF  srgba(253,254,241,1)
10,12: (65278,24929,3598,65535)  #FE610EFF  srgba(254,97,14,1)
11,12: (65278,24929,8995,65535)  #FE6123FF  srgba(254,97,35,1)
12,12: (65278,25186,12593,65535)  #FE6231FF  srgba(254,98,49,1)
13,12: (65278,25443,15934,65535)  #FE633EFF  srgba(254,99,62,1)
14,12: (65278,27499,19275,65535)  #FE6B4BFF  srgba(254,107,75,1)
15,12: (65278,29041,15934,65535)  #FE713EFF  srgba(254,113,62,1)
0,13: (65278,29555,4369,65535)  #FE7311FF  srgba(254,115,17,1)
1,13: (65278,29812,9509,65535)  #FE7425FF  srgba(254,116,37,1)
2,13: (65278,30069,12593,65535)  #FE7531FF  srgba(254,117,49,1)
3,13: (65278,31097,22102,65535)  #FE7956FF  srgba(254,121,86,1)
4,13: (65278,31354,19532,65535)  #FE7A4CFF  srgba(254,122,76,1)
5,13: (65278,31868,15934,65535)  #FE7C3EFF  srgba(254,124,62,1)
6,13: (65278,32382,24929,65535)  #FE7E61FF  srgba(254,126,97,1)
7,13: (65278,58596,53199,65535)  #FEE4CFFF  srgba(254,228,207,1)
8,13: (65278,59624,56026,65535)  #FEE8DAFF  srgba(254,232,218,1)
9,13: (65278,63479,62194,65535)  #FEF7F2FF  srgba(254,247,242,1)
10,13: (65278,63736,55769,65535)  #FEF8D9FF  srgba(254,248,217,1)
11,13: (65278,63993,62965,65535)  #FEF9F5FF  srgba(254,249,245,1)
12,13: (65278,64507,63222,65535)  #FEFBF6FF  srgba(254,251,246,1)
13,13: (65278,64764,63222,65535)  #FEFCF6FF  srgba(254,252,246,1)
14,13: (65278,65021,58853,65535)  #FEFDE5FF  srgba(254,253,229,1)
15,13: (65278,65021,65021,65535)  #FEFDFDFF  srgba(254,253,253,1)
0,14: (65535,35209,18761,65535)  #FF8949FF  srgba(255,137,73,1)
1,14: (65535,35466,10537,65535)  #FF8A29FF  srgba(255,138,41,1)
2,14: (65535,35466,15934,65535)  #FF8A3EFF  srgba(255,138,62,1)
3,14: (65535,35466,21588,65535)  #FF8A54FF  srgba(255,138,84,1)
4,14: (65535,35466,25186,65535)  #FF8A62FF  srgba(255,138,98,1)
5,14: (65535,36237,28784,65535)  #FF8D70FF  srgba(255,141,112,1)
6,14: (65535,38807,29812,65535)  #FF9774FF  srgba(255,151,116,1)
7,14: (65535,41377,33153,65535)  #FFA181FF  srgba(255,161,129,1)
8,14: (65535,41634,29812,65535)  #FFA274FF  srgba(255,162,116,1)
9,14: (65535,42919,35723,65535)  #FFA78BFF  srgba(255,167,139,1)
10,14: (65535,45746,34952,65535)  #FFB288FF  srgba(255,178,136,1)
11,14: (65535,46260,39321,65535)  #FFB499FF  srgba(255,180,153,1)
12,14: (65535,49087,34695,65535)  #FFBF87FF  srgba(255,191,135,1)
13,14: (65535,49087,38036,65535)  #FFBF94FF  srgba(255,191,148,1)
14,14: (65535,49087,41120,65535)  #FFBFA0FF  srgba(255,191,160,1)
15,14: (65535,50886,44461,65535)  #FFC6ADFF  srgba(255,198,173,1)
0,15: (65535,52428,36494,65535)  #FFCC8EFF  srgba(255,204,142,1)
1,15: (65535,53713,48573,65535)  #FFD1BDFF  srgba(255,209,189,1)
2,15: (65535,54484,44975,65535)  #FFD4AFFF  srgba(255,212,175,1)
3,15: (65535,55769,50115,65535)  #FFD9C3FF  srgba(255,217,195,1)
4,15: (65535,58339,46517,65535)  #FFE3B5FF  srgba(255,227,181,1)
5,15: (65535,58339,50629,65535)  #FFE3C5FF  srgba(255,227,197,1)
6,15: (65535,62451,56026,65535)  #FFF3DAFF  srgba(255,243,218,1)
7,15: (65535,62708,59110,65535)  #FFF4E6FF  srgba(255,244,230,1)
8,15: (65535,63736,52942,65535)  #FFF8CEFF  srgba(255,248,206,1)
9,15: (65535,64507,59110,65535)  #FFFBE6FF  srgba(255,251,230,1)
10,15: (65535,64507,63222,65535)  #FFFBF6FF  srgba(255,251,246,1)
11,15: (65535,64764,56283,65535)  #FFFCDBFF  srgba(255,252,219,1)
12,15: (65535,65278,63479,65535)  #FFFEF7FF  srgba(255,254,247,1)
13,15: (65535,65278,65278,65535)  #FFFEFEFF  srgba(255,254,254,1)
14,15: (65535,65535,65535,65535)  #FFFFFFFF  white
15,15: (0,65535,0,0)  #00FF0000  srgba(0,255,0,0)
