# ImageMagick pixel enumeration: 16,16,65535,srgba
0,0: (0,0,0,65535)  #000000FF  black
1,0: (0,0,257,65535)  #000001FF  srgba(0,0,1,1)
2,0: (771,257,771,65535)  #030103FF  srgba(3,1,3,1)
3,0: (1799,771,2056,65535)  #070308FF  srgba(7,3,8,1)
4,0: (3341,16705,18247,65535)  #0D4147FF  srgba(13,65,71,1)
5,0: (3855,31354,30069,65535)  #0F7A75FF  srgba(15,122,117,1)
6,0: (4112,10023,13364,65535)  #102734FF  srgba(16,39,52,1)
7,0: (4883,25186,26471,65535)  #136267FF  srgba(19,98,103,1)
8,0: (5911,2827,3084,65535)  #170B0CFF  srgba(23,11,12,1)
9,0: (5911,3598,6425,65535)  #170E19FF  srgba(23,14,25,1)
10,0: (8224,13878,22359,65535)  #203657FF  srgba(32,54,87,1)
11,0: (8738,3598,12593,65535)  #220E31FF  srgba(34,14,49,1)
12,0: (8995,19532,23130,65535)  #234C5AFF  srgba(35,76,90,1)
13,0: (9509,38807,38293,65535)  #259795FF  srgba(37,151,149,1)
14,0: (11565,21331,26728,65535)  #2D5368FF  srgba(45,83,104,1)
15,0: (12336,30583,37522,65535)  #307792FF  srgba(48,119,146,1)
0,1: (13621,10537,14135,65535)  #352937FF  srgba(53,41,55,1)
1,1: (13621,44718,42919,65535)  #35AEA7FF  srgba(53,174,167,1)
2,1: (14392,11051,26728,65535)  #382B68FF  srgba(56,43,104,1)
3,1: (15420,19532,34438,65535)  #3C4C86FF  srgba(60,76,134,1)
4,1: (15934,26471,30069,65535)  #3E6775FF  srgba(62,103,117,1)
5,1: (16448,9766,34181,65535)  #402685FF  srgba(64,38,133,1)
6,1: (16962,16705,16448,65535)  #424140FF  srgba(66,65,64,1)
7,1: (17219,2827,15163,65535)  #430B3BFF  srgba(67,11,59,1)
8,1: (17476,49858,48573,65535)  #44C2BDFF  srgba(68,194,189,1)
9,1: (17733,1285,7967,65535)  #45051FFF  srgba(69,5,31,1)
10,1: (18247,5911,22873,65535)  #471759FF  srgba(71,23,89,1)
11,1: (19532,28527,37008,65535)  #4C6F90FF  srgba(76,111,144,1)
12,1: (19789,35466,40092,65535)  #4D8A9CFF  srgba(77,138,156,1)
13,1: (22873,51143,50886,65535)  #59C7C6FF  srgba(89,199,198,1)
14,1: (24929,20560,21331,65535)  #615053FF  srgba(97,80,83,1)
15,1: (25443,58082,55255,65535)  #63E2D7FF  srgba(99,226,215,1)
0,2: (25700,257,11051,65535)  #64012BFF  srgba(100,1,43,1)
1,2: (25700,8224,28784,65535)  #642070FF  srgba(100,32,112,1)
2,2: (25700,38036,43176,65535)  #6494A8FF  srgba(100,148,168,1)
3,2: (25700,58596,55769,65535)  #64E4D9FF  srgba(100,228,217,1)
4,2: (25700,58853,56283,65535)  #64E5DBFF  srgba(100,229,219,1)
5,2: (25700,59110,56797,65535)  #64E6DDFF  srgba(100,230,221,1)
6,2: (25700,59881,57825,65535)  #64E9E1FF  srgba(100,233,225,1)
7,2: (25957,58339,57568,65535)  #65E3E0FF  srgba(101,227,224,1)
8,2: (26214,0,3341,65535)  #66000DFF  srgba(102,0,13,1)
9,2: (26728,32382,41377,65535)  #687EA1FF  srgba(104,126,161,1)
10,2: (26728,55769,58596,65535)  #68D9E4FF  srgba(104,217,228,1)
11,2: (26728,57825,56797,65535)  #68E1DDFF  srgba(104,225,221,1)
12,2: (26728,59367,56797,65535)  #68E7DDFF  srgba(104,231,221,1)
13,2: (26728,59881,57825,65535)  #68E9E1FF  srgba(104,233,225,1)
14,2: (26985,58596,55769,65535)  #69E4D9FF  srgba(105,228,217,1)
15,2: (27499,24929,27499,65535)  #6B616BFF  srgba(107,97,107,1)
0,3: (27499,60138,59367,65535)  #6BEAE7FF  srgba(107,234,231,1)
1,3: (27756,57054,56797,65535)  #6CDEDDFF  srgba(108,222,221,1)
2,3: (27756,58082,57825,65535)  #6CE2E1FF  srgba(108,226,225,1)
3,3: (28270,23901,53713,65535)  #6E5DD1FF  srgba(110,93,209,1)
4,3: (28270,58082,60395,65535)  #6EE2EBFF  srgba(110,226,235,1)
5,3: (28527,7967,20817,65535)  #6F1F51FF  srgba(111,31,81,1)
6,3: (28527,24672,41634,65535)  #6F60A2FF  srgba(111,96,162,1)
7,3: (28527,56797,56026,65535)  #6FDDDAFF  srgba(111,221,218,1)
8,3: (28527,57311,54998,65535)  #6FDFD6FF  srgba(111,223,214,1)
9,3: (28784,53713,60138,65535)  #70D1EAFF  srgba(112,209,234,1)
10,3: (29041,257,21588,65535)  #710154FF  srgba(113,1,84,1)
11,3: (29041,34695,54227,65535)  #7187D3FF  srgba(113,135,211,1)
12,3: (29041,50886,61166,65535)  #71C6EEFF  srgba(113,198,238,1)
13,3: (29298,11565,41634,65535)  #722DA2FF  srgba(114,45,162,1)
14,3: (29298,40092,54998,65535)  #729CD6FF  srgba(114,156,214,1)
15,3: (29555,53713,56797,65535)  #73D1DDFF  srgba(115,209,221,1)
0,4: (29555,55769,60652,65535)  #73D9ECFF  srgba(115,217,236,1)
1,4: (29812,5911,12336,65535)  #741730FF  srgba(116,23,48,1)
2,4: (30069,45232,48830,65535)  #75B0BEFF  srgba(117,176,190,1)
3,4: (30326,0,7453,65535)  #76001DFF  srgba(118,0,29,1)
4,4: (30326,21331,32382,65535)  #76537EFF  srgba(118,83,126,1)
5,4: (30326,51914,54998,65535)  #76CAD6FF  srgba(118,202,214,1)
6,4: (30326,52942,55769,65535)  #76CED9FF  srgba(118,206,217,1)
7,4: (30583,257,29812,65535)  #770174FF  srgba(119,1,116,1)
8,4: (30583,51914,53970,65535)  #77CAD2FF  srgba(119,202,210,1)
9,4: (30840,49087,52942,65535)  #78BFCEFF  srgba(120,191,206,1)
10,4: (31097,32125,32896,65535)  #797D80FF  srgba(121,125,128,1)
11,4: (31354,52171,61423,65535)  #7ACBEFFF  srgba(122,203,239,1)
12,4: (31611,47288,63222,65535)  #7BB8F6FF  srgba(123,184,246,1)
13,4: (33153,8481,30326,65535)  #812176FF  srgba(129,33,118,1)
14,4: (33153,38807,46517,65535)  #8197B5FF  srgba(129,151,181,1)
15,4: (33667,39835,61937,65535)  #839BF1FF  srgba(131,155,241,1)
0,5: (34181,514,11051,65535)  #85022BFF  srgba(133,2,43,1)
1,5: (34181,31868,58339,65535)  #857CE3FF  srgba(133,124,227,1)
2,5: (34181,55255,63479,65535)  #85D7F7FF  srgba(133,215,247,1)
3,5: (35466,39578,65278,65535)  #8A9AFEFF  srgba(138,154,254,1)
4,5: (35723,1028,41120,65535)  #8B04A0FF  srgba(139,4,160,1)
5,5: (35723,39835,56540,65535)  #8B9BDCFF  srgba(139,155,220,1)
6,5: (35723,46517,53970,65535)  #8BB5D2FF  srgba(139,181,210,1)
7,5: (35723,53456,54227,65535)  #8BD0D3FF  srgba(139,208,211,1)
8,5: (35723,54484,57311,65535)  #8BD4DFFF  srgba(139,212,223,1)
9,5: (35723,57311,58082,65535)  #8BDFE2FF  srgba(139,223,226,1)
10,5: (35980,28527,60395,65535)  #8C6FEBFF  srgba(140,111,235,1)
11,5: (35980,35209,62965,65535)  #8C89F5FF  srgba(140,137,245,1)
12,5: (35980,47802,52942,65535)  #8CBACEFF  srgba(140,186,206,1)
13,5: (36494,38036,39064,65535)  #8E9498FF  srgba(142,148,152,1)
14,5: (36494,49087,64250,65535)  #8EBFFAFF  srgba(142,191,250,1)
15,5: (36494,51657,57311,65535)  #8EC9DFFF  srgba(142,201,223,1)
0,6: (36751,43947,64764,65535)  #8FABFCFF  srgba(143,171,252,1)
1,6: (36751,46774,48573,65535)  #8FB6BDFF  srgba(143,182,189,1)
2,6: (36751,47802,51914,65535)  #8FBACAFF  srgba(143,186,202,1)
3,6: (37522,11308,41891,65535)  #922CA3FF  srgba(146,44,163,1)
4,6: (37779,36237,65278,65535)  #938DFEFF  srgba(147,141,254,1)
5,6: (37779,47288,57311,65535)  #93B8DFFF  srgba(147,184,223,1)
6,6: (38036,30069,58596,65535)  #9475E4FF  srgba(148,117,228,1)
7,6: (38036,30326,43690,65535)  #9476AAFF  srgba(148,118,170,1)
8,6: (38036,30583,65278,65535)  #9477FEFF  srgba(148,119,254,1)
9,6: (38036,37779,51143,65535)  #9493C7FF  srgba(148,147,199,1)
10,6: (38036,39064,56283,65535)  #9498DBFF  srgba(148,152,219,1)
11,6: (38036,62708,63479,65535)  #94F4F7FF  srgba(148,244,247,1)
12,6: (38293,23387,41377,65535)  #955BA1FF  srgba(149,91,161,1)
13,6: (38293,23644,60909,65535)  #955CEDFF  srgba(149,92,237,1)
14,6: (39064,6939,13107,65535)  #981B33FF  srgba(152,27,51,1)
15,6: (39064,56797,62965,65535)  #98DDF5FF  srgba(152,221,245,1)
0,7: (39321,4883,52171,65535)  #9913CBFF  srgba(153,19,203,1)
1,7: (39578,257,23644,65535)  #9A015CFF  srgba(154,1,92,1)
2,7: (39835,7710,30840,65535)  #9B1E78FF  srgba(155,30,120,1)
3,7: (41120,20303,27756,65535)  #A04F6CFF  srgba(160,79,108,1)
4,7: (41377,30840,65021,65535)  #A178FDFF  srgba(161,120,253,1)
5,7: (41377,31097,50886,65535)  #A179C6FF  srgba(161,121,198,1)
6,7: (41634,19789,62708,65535)  #A24DF4FF  srgba(162,77,244,1)
7,7: (41891,514,32382,65535)  #A3027EFF  srgba(163,2,126,1)
8,7: (41891,9766,20046,65535)  #A3264EFF  srgba(163,38,78,1)
9,7: (41891,18761,22616,65535)  #A34958FF  srgba(163,73,88,1)
10,7: (41891,32125,57054,65535)  #A37DDEFF  srgba(163,125,222,1)
11,7: (41891,39321,60138,65535)  #A399EAFF  srgba(163,153,234,1)
12,7: (42662,18504,32896,65535)  #A64880FF  srgba(166,72,128,1)
13,7: (42662,18761,55512,65535)  #A649D8FF  srgba(166,73,216,1)
14,7: (42662,23387,51400,65535)  #A65BC8FF  srgba(166,91,200,1)
15,7: (42919,0,43947,65535)  #A700ABFF  srgba(167,0,171,1)
0,8: (42919,3598,42405,65535)  #A70EA5FF  srgba(167,14,165,1)
1,8: (42919,12079,42405,65535)  #A72FA5FF  srgba(167,47,165,1)
2,8: (42919,25700,33410,65535)  #A76482FF  srgba(167,100,130,1)
3,8: (43690,3084,52428,65535)  #AA0CCCFF  srgba(170,12,204,1)
4,8: (44461,25443,39578,65535)  #AD639AFF  srgba(173,99,154,1)
5,8: (44975,24929,46003,65535)  #AF61B3FF  srgba(175,97,179,1)
6,8: (45489,46003,56026,65535)  #B1B3DAFF  srgba(177,179,218,1)
7,8: (45746,33667,42405,65535)  #B283A5FF  srgba(178,131,165,1)
8,8: (45746,48573,52171,65535)  #B2BDCBFF  srgba(178,189,203,1)
9,8: (45746,48830,58853,65535)  #B2BEE5FF  srgba(178,190,229,1)
10,8: (46003,1285,50886,65535)  #B305C6FF  srgba(179,5,198,1)
11,8: (46003,5911,56026,65535)  #B317DAFF  srgba(179,23,218,1)
12,8: (46260,7710,31868,65535)  #B41E7CFF  srgba(180,30,124,1)
13,8: (46517,46260,47545,65535)  #B5B4B9FF  srgba(181,180,185,1)
14,8: (46774,21074,52171,65535)  #B652CBFF  srgba(182,82,203,1)
15,8: (47288,34695,47031,65535)  #B887B7FF  srgba(184,135,183,1)
0,9: (47288,37522,62708,65535)  #B892F4FF  srgba(184,146,244,1)
1,9: (47545,15163,62451,65535)  #B93BF3FF  srgba(185,59,243,1)
2,9: (47802,38293,54484,65535)  #BA95D4FF  srgba(186,149,212,1)
3,9: (47802,62965,63993,65535)  #BAF5F9FF  srgba(186,245,249,1)
4,9: (48059,30583,63479,65535)  #BB77F7FF  srgba(187,119,247,1)
5,9: (48059,60138,62708,65535)  #BBEAF4FF  srgba(187,234,244,1)
6,9: (48316,0,44975,65535)  #BC00AFFF  srgba(188,0,175,1)
7,9: (48316,0,51400,65535)  #BC00C8FF  srgba(188,0,200,1)
8,9: (48316,4112,43433,65535)  #BC10A9FF  srgba(188,16,169,1)
9,9: (48316,5654,52942,65535)  #BC16CEFF  srgba(188,22,206,1)
10,9: (48316,15934,54741,65535)  #BC3ED5FF  srgba(188,62,213,1)
11,9: (48316,22616,64507,65535)  #BC58FBFF  srgba(188,88,251,1)
12,9: (48316,31354,54484,65535)  #BC7AD4FF  srgba(188,122,212,1)
13,9: (48573,11565,60395,65535)  #BD2DEBFF  srgba(189,45,235,1)
14,9: (48573,13364,43176,65535)  #BD34A8FF  srgba(189,52,168,1)
15,9: (48573,53199,55769,65535)  #BDCFD9FF  srgba(189,207,217,1)
0,10: (48830,14906,59367,65535)  #BE3AE7FF  srgba(190,58,231,1)
1,10: (49344,22359,58339,65535)  #C057E3FF  srgba(192,87,227,1)
2,10: (49858,514,52428,65535)  #C202CCFF  srgba(194,2,204,1)
3,10: (50115,8481,56283,65535)  #C321DBFF  srgba(195,33,219,1)
4,10: (50115,12079,61423,65535)  #C32FEFFF  srgba(195,47,239,1)
5,10: (50115,12850,58853,65535)  #C332E5FF  srgba(195,50,229,1)
6,10: (50372,46517,63736,65535)  #C4B5F8FF  srgba(196,181,248,1)
7,10: (50886,12593,59881,65535)  #C631E9FF  srgba(198,49,233,1)
8,10: (51143,2570,52171,65535)  #C70ACBFF  srgba(199,10,203,1)
9,10: (51143,6682,58339,65535)  #C71AE3FF  srgba(199,26,227,1)
10,10: (51143,11822,60395,65535)  #C72EEBFF  srgba(199,46,235,1)
11,10: (51143,12079,61423,65535)  #C72FEFFF  srgba(199,47,239,1)
12,10: (51400,55769,63222,65535)  #C8D9F6FF  srgba(200,217,246,1)
13,10: (52685,10794,61423,65535)  #CD2AEFFF  srgba(205,42,239,1)
14,10: (52685,11565,58596,65535)  #CD2DE4FF  srgba(205,45,228,1)
15,10: (53456,58339,59367,65535)  #D0E3E7FF  srgba(208,227,231,1)
0,11: (53713,49858,52171,65535)  #D1C2CBFF  srgba(209,194,203,1)
1,11: (53970,1542,57568,65535)  #D206E0FF  srgba(210,6,224,1)
2,11: (54227,13621,61680,65535)  #D335F0FF  srgba(211,53,240,1)
3,11: (54741,14135,28270,65535)  #D5376EFF  srgba(213,55,110,1)
4,11: (54998,14906,53456,65535)  #D63AD0FF  srgba(214,58,208,1)
5,11: (54998,62194,63222,65535)  #D6F2F6FF  srgba(214,242,246,1)
6,11: (55255,0,52942,65535)  #D700CEFF  srgba(215,0,206,1)
7,11: (55255,7453,35980,65535)  #D71D8CFF  srgba(215,29,140,1)
8,11: (55255,9252,44461,65535)  #D724ADFF  srgba(215,36,173,1)
9,11: (55512,5140,40863,65535)  #D8149FFF  srgba(216,20,159,1)
10,11: (55512,12593,63736,65535)  #D831F8FF  srgba(216,49,248,1)
11,11: (55769,15163,48830,65535)  #D93BBEFF  srgba(217,59,190,1)
12,11: (56026,17733,58082,65535)  #DA45E2FF  srgba(218,69,226,1)
13,11: (56026,60395,62965,65535)  #DAEBF5FF  srgba(218,235,245,1)
14,11: (56283,0,48830,65535)  #DB00BEFF  srgba(219,0,190,1)
15,11: (56283,2827,48830,65535)  #DB0BBEFF  srgba(219,11,190,1)
0,12: (56540,0,44461,65535)  #DC00ADFF  srgba(220,0,173,1)
1,12: (56540,4626,53456,65535)  #DC12D0FF  srgba(220,18,208,1)
2,12: (56540,25186,64250,65535)  #DC62FAFF  srgba(220,98,250,1)
3,12: (56540,33410,48059,65535)  #DC82BBFF  srgba(220,130,187,1)
4,12: (56540,43433,51400,65535)  #DCA9C8FF  srgba(220,169,200,1)
5,12: (56540,45746,55769,65535)  #DCB2D9FF  srgba(220,178,217,1)
6,12: (56540,50629,58853,65535)  #DCC5E5FF  srgba(220,197,229,1)
7,12: (56540,54741,56283,65535)  #DCD5DBFF  srgba(220,213,219,1)
8,12: (56797,11051,58339,65535)  #DD2BE3FF  srgba(221,43,227,1)
9,12: (57054,29041,37008,65535)  #DE7190FF  srgba(222,113,144,1)
10,12: (57054,33667,44461,65535)  #DE83ADFF  srgba(222,131,173,1)
11,12: (57054,35723,64764,65535)  #DE8BFCFF  srgba(222,139,252,1)
12,12: (57311,37008,49858,65535)  #DF90C2FF  srgba(223,144,194,1)
13,12: (57311,39321,52428,65535)  #DF99CCFF  srgba(223,153,204,1)
14,12: (57568,29298,49858,65535)  #E072C2FF  srgba(224,114,194,1)
15,12: (58082,514,61937,65535)  #E202F1FF  srgba(226,2,241,1)
0,13: (58082,8738,61680,65535)  #E222F0FF  srgba(226,34,240,1)
1,13: (58082,26985,61937,65535)  #E269F1FF  srgba(226,105,241,1)
2,13: (58082,30583,52428,65535)  #E277CCFF  srgba(226,119,204,1)
3,13: (58853,2056,58082,65535)  #E508E2FF  srgba(229,8,226,1)
4,13: (58853,15677,64507,65535)  #E53DFBFF  srgba(229,61,251,1)
5,13: (59110,0,64507,65535)  #E600FBFF  srgba(230,0,251,1)
6,13: (59110,25186,53199,65535)  #E662CFFF  srgba(230,98,207,1)
7,13: (59367,45489,64250,65535)  #E7B1FAFF  srgba(231,177,250,1)
8,13: (59624,54741,63993,65535)  #E8D5F9FF  srgba(232,213,249,1)
9,13: (59624,59367,59881,65535)  #E8E7E9FF  srgba(232,231,233,1)
10,13: (59624,60395,61423,65535)  #E8EBEFFF  srgba(232,235,239,1)
11,13: (59881,22616,61680,65535)  #E958F0FF  srgba(233,88,240,1)
12,13: (59881,23387,57568,65535)  #E95BE0FF  srgba(233,91,224,1)
13,13: (59881,27499,57825,65535)  #E96BE1FF  srgba(233,107,225,1)
14,13: (59881,36494,57825,65535)  #E98EE1FF  srgba(233,142,225,1)
15,13: (60138,59367,63479,65535)  #EAE7F7FF  srgba(234,231,247,1)
0,14: (60138,59881,61937,65535)  #EAE9F1FF  srgba(234,233,241,1)
1,14: (60138,60395,60138,65535)  #EAEBEAFF  srgba(234,235,234,1)
2,14: (60395,10794,64250,65535)  #EB2AFAFF  srgba(235,42,250,1)
3,14: (60652,60395,60395,65535)  #ECEBEBFF  srgba(236,235,235,1)
4,14: (60909,17990,62194,65535)  #ED46F2FF  srgba(237,70,242,1)
5,14: (60909,18761,64250,65535)  #ED49FAFF  srgba(237,73,250,1)
6,14: (60909,60395,60909,65535)  #EDEBEDFF  srgba(237,235,237,1)
7,14: (61166,20560,63993,65535)  #EE50F9FF  srgba(238,80,249,1)
8,14: (61166,20817,61937,65535)  #EE51F1FF  srgba(238,81,241,1)
9,14: (61166,36237,61937,65535)  #EE8DF1FF  srgba(238,141,241,1)
10,14: (61166,60138,62194,65535)  #EEEAF2FF  srgba(238,234,242,1)
11,14: (61423,19532,63736,65535)  #EF4CF8FF  srgba(239,76,248,1)
12,14: (61423,19789,62451,65535)  #EF4DF3FF  srgba(239,77,243,1)
13,14: (61423,21074,58853,65535)  #EF52E5FF  srgba(239,82,229,1)
14,14: (62451,18504,64507,65535)  #F348FBFF  srgba(243,72,251,1)
15,14: (62451,48830,56797,65535)  #F3BEDDFF  srgba(243,190,221,1)
0,15: (62708,57568,65278,65535)  #F4E0FEFF  srgba(244,224,254,1)
1,15: (62965,56283,59110,65535)  #F5DBE6FF  srgba(245,219,230,1)
2,15: (63222,58339,60909,65535)  #F6E3EDFF  srgba(246,227,237,1)
3,15: (63479,1285,64764,65535)  #F705FCFF  srgba(247,5,252,1)
4,15: (63479,25186,64764,65535)  #F762FCFF  srgba(247,98,252,1)
5,15: (63736,47288,63222,65535)  #F8B8F6FF  srgba(248,184,246,1)
6,15: (63736,57311,62965,65535)  #F8DFF5FF  srgba(248,223,245,1)
7,15: (63993,53199,63479,65535)  #F9CFF7FF  srgba(249,207,247,1)
8,15: (64250,50886,65278,65535)  #FAC6FEFF  srgba(250,198,254,1)
9,15: (64250,54227,60652,65535)  #FAD3ECFF  srgba(250,211,236,1)
10,15: (64250,54484,65278,65535)  #FAD4FEFF  srgba(250,212,254,1)
11,15: (64507,46003,65278,65535)  #FBB3FEFF  srgba(251,179,254,1)
12,15: (64764,7967,65021,65535)  #FC1FFDFF  srgba(252,31,253,1)
13,15: (64764,13621,65021,65535)  #FC35FDFF  srgba(252,53,253,1)
14,15: (64764,36237,65021,65535)  #FC8DFDFF  srgba(252,141,253,1)
15,15: (0,65535,0,0)  #00FF0000  srgba(0,255,0,0)
