# ImageMagick pixel enumeration: 16,16,65535,srgba
0,0: (0,0,0,65535)  #000000FF  black
1,0: (0,0,514,65535)  #000002FF  srgba(0,0,2,1)
2,0: (0,0,1285,65535)  #000005FF  srgba(0,0,5,1)
3,0: (0,0,2056,65535)  #000008FF  srgba(0,0,8,1)
4,0: (0,0,2570,65535)  #00000AFF  srgba(0,0,10,1)
5,0: (0,0,3084,65535)  #00000CFF  srgba(0,0,12,1)
6,0: (0,0,3855,65535)  #00000FFF  srgba(0,0,15,1)
7,0: (0,0,6425,65535)  #000019FF  srgba(0,0,25,1)
8,0: (0,257,1542,65535)  #000106FF  srgba(0,1,6,1)
9,0: (0,514,2570,65535)  #00020AFF  srgba(0,2,10,1)
10,0: (0,771,2570,65535)  #00030AFF  srgba(0,3,10,1)
11,0: (0,771,4369,65535)  #000311FF  srgba(0,3,17,1)
12,0: (0,1285,6682,65535)  #00051AFF  srgba(0,5,26,1)
13,0: (0,4626,7453,65535)  #00121DFF  srgba(0,18,29,1)
14,0: (257,0,771,65535)  #010003FF  srgba(1,0,3,1)
15,0: (257,0,1799,65535)  #010007FF  srgba(1,0,7,1)
0,1: (257,0,2570,65535)  #01000AFF  srgba(1,0,10,1)
1,1: (257,257,1799,65535)  #010107FF  srgba(1,1,7,1)
2,1: (514,0,3855,65535)  #02000FFF  srgba(2,0,15,1)
3,1: (514,0,5397,65535)  #020015FF  srgba(2,0,21,1)
4,1: (514,0,6168,65535)  #020018FF  srgba(2,0,24,1)
5,1: (1028,0,4369,65535)  #040011FF  srgba(4,0,17,1)
6,1: (1028,0,6682,65535)  #04001AFF  srgba(4,0,26,1)
7,1: (1028,0,7967,65535)  #04001FFF  srgba(4,0,31,1)
8,1: (1028,2056,3598,65535)  #04080EFF  srgba(4,8,14,1)
9,1: (1028,2570,5654,65535)  #040A16FF  srgba(4,10,22,1)
10,1: (1285,2827,8224,65535)  #050B20FF  srgba(5,11,32,1)
11,1: (1285,5140,7453,65535)  #05141DFF  srgba(5,20,29,1)
12,1: (1542,0,5397,65535)  #060015FF  srgba(6,0,21,1)
13,1: (1542,0,9766,65535)  #060026FF  srgba(6,0,38,1)
14,1: (1799,0,6939,65535)  #07001BFF  srgba(7,0,27,1)
15,1: (1799,7196,10537,65535)  #071C29FF  srgba(7,28,41,1)
0,2: (2056,0,8481,65535)  #080021FF  srgba(8,0,33,1)
1,2: (2313,0,8481,65535)  #090021FF  srgba(9,0,33,1)
2,2: (2313,0,10023,65535)  #090027FF  srgba(9,0,39,1)
3,2: (2313,0,11565,65535)  #09002DFF  srgba(9,0,45,1)
4,2: (2827,0,8224,65535)  #0B0020FF  srgba(11,0,32,1)
5,2: (2827,0,8738,65535)  #0B0022FF  srgba(11,0,34,1)
6,2: (2827,1028,9252,65535)  #0B0424FF  srgba(11,4,36,1)
7,2: (3084,0,11051,65535)  #0C002BFF  srgba(12,0,43,1)
8,2: (3084,0,13621,65535)  #0C0035FF  srgba(12,0,53,1)
9,2: (3341,0,11822,65535)  #0D002EFF  srgba(13,0,46,1)
10,2: (3341,3855,6682,65535)  #0D0F1AFF  srgba(13,15,26,1)
11,2: (3341,3855,11308,65535)  #0D0F2CFF  srgba(13,15,44,1)
12,2: (4112,0,13621,65535)  #100035FF  srgba(16,0,53,1)
13,2: (4369,0,15420,65535)  #11003CFF  srgba(17,0,60,1)
14,2: (4883,0,16705,65535)  #130041FF  srgba(19,0,65,1)
15,2: (4883,1285,12593,65535)  #130531FF  srgba(19,5,49,1)
0,3: (4883,4626,7453,65535)  #13121DFF  srgba(19,18,29,1)
1,3: (5140,5140,11822,65535)  #14142EFF  srgba(20,20,46,1)
2,3: (5140,8995,11051,65535)  #14232BFF  srgba(20,35,43,1)
3,3: (5397,0,17990,65535)  #150046FF  srgba(21,0,70,1)
4,3: (5397,10023,13878,65535)  #152736FF  srgba(21,39,54,1)
5,3: (6168,12593,15163,65535)  #18313BFF  srgba(24,49,59,1)
6,3: (6682,0,20046,65535)  #1A004EFF  srgba(26,0,78,1)
7,3: (6682,2313,14392,65535)  #1A0938FF  srgba(26,9,56,1)
8,3: (6682,5140,9766,65535)  #1A1426FF  srgba(26,20,38,1)
9,3: (7710,2570,18761,65535)  #1E0A49FF  srgba(30,10,73,1)
10,3: (7710,12079,18247,65535)  #1E2F47FF  srgba(30,47,71,1)
11,3: (7967,4369,13364,65535)  #1F1134FF  srgba(31,17,52,1)
12,3: (7967,18761,22102,65535)  #1F4956FF  srgba(31,73,86,1)
13,3: (8224,19018,23387,65535)  #204A5BFF  srgba(32,74,91,1)
14,3: (8738,13364,15677,65535)  #22343DFF  srgba(34,52,61,1)
15,3: (8738,18504,21331,65535)  #224853FF  srgba(34,72,83,1)
0,4: (8995,9252,11822,65535)  #23242EFF  srgba(35,36,46,1)
1,4: (9252,18247,20560,65535)  #244750FF  srgba(36,71,80,1)
2,4: (9509,5140,14906,65535)  #25143AFF  srgba(37,20,58,1)
3,4: (10023,15934,18761,65535)  #273E49FF  srgba(39,62,73,1)
4,4: (10280,0,21074,65535)  #280052FF  srgba(40,0,82,1)
5,4: (10280,10023,15163,65535)  #28273BFF  srgba(40,39,59,1)
6,4: (10537,3598,19532,65535)  #290E4CFF  srgba(41,14,76,1)
7,4: (10794,11822,18504,65535)  #2A2E48FF  srgba(42,46,72,1)
8,4: (10794,16962,23387,65535)  #2A425BFF  srgba(42,66,91,1)
9,4: (10794,17476,20303,65535)  #2A444FFF  srgba(42,68,79,1)
10,4: (10794,17990,20303,65535)  #2A464FFF  srgba(42,70,79,1)
11,4: (11051,17219,20046,65535)  #2B434EFF  srgba(43,67,78,1)
12,4: (11051,18247,21074,65535)  #2B4752FF  srgba(43,71,82,1)
13,4: (11308,16191,26214,65535)  #2C3F66FF  srgba(44,63,102,1)
14,4: (11565,18761,22359,65535)  #2D4957FF  srgba(45,73,87,1)
15,4: (11822,13621,15677,65535)  #2E353DFF  srgba(46,53,61,1)
0,5: (12079,0,24929,65535)  #2F0061FF  srgba(47,0,97,1)
1,5: (12079,3084,23387,65535)  #2F0C5BFF  srgba(47,12,91,1)
2,5: (12079,17219,20046,65535)  #2F434EFF  srgba(47,67,78,1)
3,5: (12336,16705,20046,65535)  #30414EFF  srgba(48,65,78,1)
4,5: (12336,21074,25186,65535)  #305262FF  srgba(48,82,98,1)
5,5: (12593,10537,23387,65535)  #31295BFF  srgba(49,41,91,1)
6,5: (12850,15420,27499,65535)  #323C6BFF  srgba(50,60,107,1)
7,5: (12850,17219,20046,65535)  #32434EFF  srgba(50,67,78,1)
8,5: (12850,22873,28527,65535)  #32596FFF  srgba(50,89,111,1)
9,5: (13107,6682,20046,65535)  #331A4EFF  srgba(51,26,78,1)
10,5: (13107,14906,29555,65535)  #333A73FF  srgba(51,58,115,1)
11,5: (13107,16191,23130,65535)  #333F5AFF  srgba(51,63,90,1)
12,5: (13621,15163,23644,65535)  #353B5CFF  srgba(53,59,92,1)
13,5: (13621,15677,20303,65535)  #353D4FFF  srgba(53,61,79,1)
14,5: (13878,3341,26471,65535)  #360D67FF  srgba(54,13,103,1)
15,5: (13878,16448,20046,65535)  #36404EFF  srgba(54,64,78,1)
0,6: (14135,10537,26728,65535)  #372968FF  srgba(55,41,104,1)
1,6: (14135,11051,19532,65535)  #372B4CFF  srgba(55,43,76,1)
2,6: (14649,14135,19789,65535)  #39374DFF  srgba(57,55,77,1)
3,6: (14649,14649,25957,65535)  #393965FF  srgba(57,57,101,1)
4,6: (14906,0,33667,65535)  #3A0083FF  srgba(58,0,131,1)
5,6: (15163,13364,30583,65535)  #3B3477FF  srgba(59,52,119,1)
6,6: (15420,14649,23644,65535)  #3C395CFF  srgba(60,57,92,1)
7,6: (15677,9509,23644,65535)  #3D255CFF  srgba(61,37,92,1)
8,6: (15677,11308,30069,65535)  #3D2C75FF  srgba(61,44,117,1)
9,6: (15677,13621,26985,65535)  #3D3569FF  srgba(61,53,105,1)
10,6: (15934,11565,32382,65535)  #3E2D7EFF  srgba(62,45,126,1)
11,6: (15934,13878,23901,65535)  #3E365DFF  srgba(62,54,93,1)
12,6: (16191,10537,27242,65535)  #3F296AFF  srgba(63,41,106,1)
13,6: (17219,13364,24929,65535)  #433461FF  srgba(67,52,97,1)
14,6: (17476,12850,28527,65535)  #44326FFF  srgba(68,50,111,1)
15,6: (17733,12079,31868,65535)  #452F7CFF  srgba(69,47,124,1)
0,7: (17733,19275,21845,65535)  #454B55FF  srgba(69,75,85,1)
1,7: (17990,7967,28013,65535)  #461F6DFF  srgba(70,31,109,1)
2,7: (18247,10794,27499,65535)  #472A6BFF  srgba(71,42,107,1)
3,7: (18504,11822,28527,65535)  #482E6FFF  srgba(72,46,111,1)
4,7: (18504,13107,26471,65535)  #483367FF  srgba(72,51,103,1)
5,7: (19275,25186,28270,65535)  #4B626EFF  srgba(75,98,110,1)
6,7: (19532,20817,31354,65535)  #4C517AFF  srgba(76,81,122,1)
7,7: (19532,26471,32639,65535)  #4C677FFF  srgba(76,103,127,1)
8,7: (19789,21074,24929,65535)  #4D5261FF  srgba(77,82,97,1)
9,7: (20046,10537,34181,65535)  #4E2985FF  srgba(78,41,133,1)
10,7: (20046,11051,29041,65535)  #4E2B71FF  srgba(78,43,113,1)
11,7: (20046,13621,27499,65535)  #4E356BFF  srgba(78,53,107,1)
12,7: (20046,29298,33667,65535)  #4E7283FF  srgba(78,114,131,1)
13,7: (20303,10023,31868,65535)  #4F277CFF  srgba(79,39,124,1)
14,7: (20303,20817,27756,65535)  #4F516CFF  srgba(79,81,108,1)
15,7: (20560,12336,31868,65535)  #50307CFF  srgba(80,48,124,1)
0,8: (21074,20817,35209,65535)  #525189FF  srgba(82,81,137,1)
1,8: (22102,32896,36494,65535)  #56808EFF  srgba(86,128,142,1)
2,8: (22873,8995,35209,65535)  #592389FF  srgba(89,35,137,1)
3,8: (23130,8738,41891,65535)  #5A22A3FF  srgba(90,34,163,1)
4,8: (23901,5140,44975,65535)  #5D14AFFF  srgba(93,20,175,1)
5,8: (24672,14392,35209,65535)  #603889FF  srgba(96,56,137,1)
6,8: (25700,24158,29555,65535)  #645E73FF  srgba(100,94,115,1)
7,8: (26214,5140,46003,65535)  #6614B3FF  srgba(102,20,179,1)
8,8: (26214,22102,35466,65535)  #66568AFF  srgba(102,86,138,1)
9,8: (26728,14135,40349,65535)  #68379DFF  srgba(104,55,157,1)
10,8: (27499,6168,49344,65535)  #6B18C0FF  srgba(107,24,192,1)
11,8: (27499,34438,38550,65535)  #6B8696FF  srgba(107,134,150,1)
12,8: (27756,30840,33924,65535)  #6C7884FF  srgba(108,120,132,1)
13,8: (28013,37779,42148,65535)  #6D93A4FF  srgba(109,147,164,1)
14,8: (28270,25443,32382,65535)  #6E637EFF  srgba(110,99,126,1)
15,8: (28527,21845,37779,65535)  #6F5593FF  srgba(111,85,147,1)
0,9: (28784,28784,41891,65535)  #7070A3FF  srgba(112,112,163,1)
1,9: (29812,21074,41891,65535)  #7452A3FF  srgba(116,82,163,1)
2,9: (30326,10023,43690,65535)  #7627AAFF  srgba(118,39,170,1)
3,9: (30840,16448,41634,65535)  #7840A2FF  srgba(120,64,162,1)
4,9: (31097,24929,37522,65535)  #796192FF  srgba(121,97,146,1)
5,9: (32125,25700,44975,65535)  #7D64AFFF  srgba(125,100,175,1)
6,9: (32639,40092,44975,65535)  #7F9CAFFF  srgba(127,156,175,1)
7,9: (32896,31097,37008,65535)  #807990FF  srgba(128,121,144,1)
8,9: (33153,40092,47031,65535)  #819CB7FF  srgba(129,156,183,1)
9,9: (33410,12336,51143,65535)  #8230C7FF  srgba(130,48,199,1)
10,9: (33924,24929,42405,65535)  #8461A5FF  srgba(132,97,165,1)
11,9: (34438,35466,38550,65535)  #868A96FF  srgba(134,138,150,1)
12,9: (34438,45232,48316,65535)  #86B0BCFF  srgba(134,176,188,1)
13,9: (34695,39835,50629,65535)  #879BC5FF  srgba(135,155,197,1)
14,9: (34952,37779,42148,65535)  #8893A4FF  srgba(136,147,164,1)
15,9: (35209,21074,53199,65535)  #8952CFFF  srgba(137,82,207,1)
0,10: (35209,27242,47288,65535)  #896AB8FF  srgba(137,106,184,1)
1,10: (35466,29555,50372,65535)  #8A73C4FF  srgba(138,115,196,1)
2,10: (35466,31611,42148,65535)  #8A7BA4FF  srgba(138,123,164,1)
3,10: (35980,28013,45232,65535)  #8C6DB0FF  srgba(140,109,176,1)
4,10: (35980,47545,51143,65535)  #8CB9C7FF  srgba(140,185,199,1)
5,10: (36237,48830,53199,65535)  #8DBECFFF  srgba(141,190,207,1)
6,10: (36751,14392,56797,65535)  #8F38DDFF  srgba(143,56,221,1)
7,10: (37522,47288,53970,65535)  #92B8D2FF  srgba(146,184,210,1)
8,10: (37779,47545,50372,65535)  #93B9C4FF  srgba(147,185,196,1)
9,10: (39578,29041,48059,65535)  #9A71BBFF  srgba(154,113,187,1)
10,10: (39835,34438,46774,65535)  #9B86B6FF  srgba(155,134,182,1)
11,10: (39835,46774,50372,65535)  #9BB6C4FF  srgba(155,182,196,1)
12,10: (40349,39321,43947,65535)  #9D99ABFF  srgba(157,153,171,1)
13,10: (40606,46517,52685,65535)  #9EB5CDFF  srgba(158,181,205,1)
14,10: (40863,44718,57568,65535)  #9FAEE0FF  srgba(159,174,224,1)
15,10: (41120,28013,52942,65535)  #A06DCEFF  srgba(160,109,206,1)
0,11: (41377,44975,53199,65535)  #A1AFCFFF  srgba(161,175,207,1)
1,11: (41634,40092,47545,65535)  #A29CB9FF  srgba(162,156,185,1)
2,11: (41634,46774,55769,65535)  #A2B6D9FF  srgba(162,182,217,1)
3,11: (41891,24672,59881,65535)  #A360E9FF  srgba(163,96,233,1)
4,11: (42405,33924,53713,65535)  #A584D1FF  srgba(165,132,209,1)
5,11: (42405,39835,52171,65535)  #A59BCBFF  srgba(165,155,203,1)
6,11: (42405,49087,55255,65535)  #A5BFD7FF  srgba(165,191,215,1)
7,11: (42662,51400,54227,65535)  #A6C8D3FF  srgba(166,200,211,1)
8,11: (43433,41891,60138,65535)  #A9A3EAFF  srgba(169,163,234,1)
9,11: (44461,43947,56026,65535)  #ADABDAFF  srgba(173,171,218,1)
10,11: (44718,43947,52942,65535)  #AEABCEFF  srgba(174,171,206,1)
11,11: (44718,45232,49858,65535)  #AEB0C2FF  srgba(174,176,194,1)
12,11: (45232,52942,59110,65535)  #B0CEE6FF  srgba(176,206,230,1)
13,11: (45746,33924,54484,65535)  #B284D4FF  srgba(178,132,212,1)
14,11: (45746,43433,50115,65535)  #B2A9C3FF  srgba(178,169,195,1)
15,11: (45746,43947,49344,65535)  #B2ABC0FF  srgba(178,171,192,1)
0,12: (46003,38807,53970,65535)  #B397D2FF  srgba(179,151,210,1)
1,12: (46003,42662,54998,65535)  #B3A6D6FF  srgba(179,166,214,1)
2,12: (46260,30069,60909,65535)  #B475EDFF  srgba(180,117,237,1)
3,12: (46260,41891,58596,65535)  #B4A3E4FF  srgba(180,163,228,1)
4,12: (46517,38807,61423,65535)  #B597EFFF  srgba(181,151,239,1)
5,12: (46517,41120,61423,65535)  #B5A0EFFF  srgba(181,160,239,1)
6,12: (46517,42919,51143,65535)  #B5A7C7FF  srgba(181,167,199,1)
7,12: (46774,41634,54998,65535)  #B6A2D6FF  srgba(182,162,214,1)
8,12: (46774,42148,54484,65535)  #B6A4D4FF  srgba(182,164,212,1)
9,12: (47545,42662,53713,65535)  #B9A6D1FF  srgba(185,166,209,1)
10,12: (48059,41891,54998,65535)  #BBA3D6FF  srgba(187,163,214,1)
11,12: (48316,41120,56283,65535)  #BCA0DBFF  srgba(188,160,219,1)
12,12: (48830,40863,59110,65535)  #BE9FE6FF  srgba(190,159,230,1)
13,12: (48830,50372,54741,65535)  #BEC4D5FF  srgba(190,196,213,1)
14,12: (49087,42919,60138,65535)  #BFA7EAFF  srgba(191,167,234,1)
15,12: (49344,39835,60138,65535)  #C09BEAFF  srgba(192,155,234,1)
0,13: (49344,40606,59624,65535)  #C09EE8FF  srgba(192,158,232,1)
1,13: (49344,40863,56797,65535)  #C09FDDFF  srgba(192,159,221,1)
2,13: (49858,53456,61166,65535)  #C2D0EEFF  srgba(194,208,238,1)
3,13: (50372,38293,64507,65535)  #C495FBFF  srgba(196,149,251,1)
4,13: (50372,43690,54998,65535)  #C4AAD6FF  srgba(196,170,214,1)
5,13: (50886,38293,60395,65535)  #C695EBFF  srgba(198,149,235,1)
6,13: (50886,39578,61680,65535)  #C69AF0FF  srgba(198,154,240,1)
7,13: (51657,39578,58596,65535)  #C99AE4FF  srgba(201,154,228,1)
8,13: (52428,31097,56797,65535)  #CC79DDFF  srgba(204,121,221,1)
9,13: (52685,37008,64507,65535)  #CD90FBFF  srgba(205,144,251,1)
10,13: (52685,59624,62451,65535)  #CDE8F3FF  srgba(205,232,243,1)
11,13: (52942,29812,64764,65535)  #CE74FCFF  srgba(206,116,252,1)
12,13: (53199,51657,56283,65535)  #CFC9DBFF  srgba(207,201,219,1)
13,13: (53713,33667,61423,65535)  #D183EFFF  srgba(209,131,239,1)
14,13: (54227,36494,64507,65535)  #D38EFBFF  srgba(211,142,251,1)
15,13: (54227,55255,61680,65535)  #D3D7F0FF  srgba(211,215,240,1)
0,14: (54227,63736,65278,65535)  #D3F8FEFF  srgba(211,248,254,1)
1,14: (54484,37779,60652,65535)  #D493ECFF  srgba(212,147,236,1)
2,14: (54998,36494,61423,65535)  #D68EEFFF  srgba(214,142,239,1)
3,14: (54998,37779,56540,65535)  #D693DCFF  srgba(214,147,220,1)
4,14: (55512,34952,65021,65535)  #D888FDFF  srgba(216,136,253,1)
5,14: (55512,43433,62194,65535)  #D8A9F2FF  srgba(216,169,242,1)
6,14: (56026,33667,65021,65535)  #DA83FDFF  srgba(218,131,253,1)
7,14: (56026,49601,62194,65535)  #DAC1F2FF  srgba(218,193,242,1)
8,14: (56026,63222,64764,65535)  #DAF6FCFF  srgba(218,246,252,1)
9,14: (56283,36237,57568,65535)  #DB8DE0FF  srgba(219,141,224,1)
10,14: (56540,33153,65021,65535)  #DC81FDFF  srgba(220,129,253,1)
11,14: (56797,65021,65278,65535)  #DDFDFEFF  srgba(221,253,254,1)
12,14: (57825,35466,58339,65535)  #E18AE3FF  srgba(225,138,227,1)
13,14: (57825,36751,64507,65535)  #E18FFBFF  srgba(225,143,251,1)
14,14: (57825,64764,65278,65535)  #E1FCFEFF  srgba(225,252,254,1)
15,14: (58596,34695,58853,65535)  #E487E5FF  srgba(228,135,229,1)
0,15: (59110,54998,62708,65535)  #E6D6F4FF  srgba(230,214,244,1)
1,15: (59110,64764,65278,65535)  #E6FCFEFF  srgba(230,252,254,1)
2,15: (59624,33153,64764,65535)  #E881FCFF  srgba(232,129,252,1)
3,15: (59881,64764,65278,65535)  #E9FCFEFF  srgba(233,252,254,1)
4,15: (60395,34181,61423,65535)  #EB85EFFF  srgba(235,133,239,1)
5,15: (61166,62965,64764,65535)  #EEF5FCFF  srgba(238,245,252,1)
6,15: (61166,65021,65278,65535)  #EEFDFEFF  srgba(238,253,254,1)
7,15: (61680,65021,65278,65535)  #F0FDFEFF  srgba(240,253,254,1)
8,15: (62965,44461,63736,65535)  #F5ADF8FF  srgba(245,173,248,1)
9,15: (63222,50115,63993,65535)  #F6C3F9FF  srgba(246,195,249,1)
10,15: (64250,64764,65278,65535)  #FAFCFEFF  srgba(250,252,254,1)
11,15: (64507,55255,64764,65535)  #FBD7FCFF  srgba(251,215,252,1)
12,15: (64764,63479,65278,65535)  #FCF7FEFF  srgba(252,247,254,1)
13,15: (65021,59881,65021,65535)  #FDE9FDFF  srgba(253,233,253,1)
14,15: (65021,61937,65021,65535)  #FDF1FDFF  srgba(253,241,253,1)
15,15: (0,65535,0,0)  #00FF0000  srgba(0,255,0,0)
