# ImageMagick pixel enumeration: 16,16,65535,srgba
0,0: (0,0,514,65535)  #000002FF  srgba(0,0,2,1)
1,0: (514,26471,17219,65535)  #026743FF  srgba(2,103,67,1)
2,0: (514,33924,16962,65535)  #028442FF  srgba(2,132,66,1)
3,0: (771,24672,31097,65535)  #036079FF  srgba(3,96,121,1)
4,0: (771,34695,8224,65535)  #038720FF  srgba(3,135,32,1)
5,0: (771,34695,13107,65535)  #038733FF  srgba(3,135,51,1)
6,0: (771,35466,10794,65535)  #038A2AFF  srgba(3,138,42,1)
7,0: (1028,29555,25186,65535)  #047362FF  srgba(4,115,98,1)
8,0: (1542,27756,12336,65535)  #066C30FF  srgba(6,108,48,1)
9,0: (1542,40349,11308,65535)  #069D2CFF  srgba(6,157,44,1)
10,0: (1799,30840,21845,65535)  #077855FF  srgba(7,120,85,1)
11,0: (2313,27242,6939,65535)  #096A1BFF  srgba(9,106,27,1)
12,0: (2570,19018,33667,65535)  #0A4A83FF  srgba(10,74,131,1)
13,0: (2570,22359,25700,65535)  #0A5764FF  srgba(10,87,100,1)
14,0: (3084,0,1285,65535)  #0C0005FF  srgba(12,0,5,1)
15,0: (3084,0,1285,65535)  #0C0005FF  srgba(12,0,5,1)
0,1: (3084,514,1799,65535)  #0C0207FF  srgba(12,2,7,1)
1,1: (3341,22102,12336,65535)  #0D5630FF  srgba(13,86,48,1)
2,1: (4112,21845,6168,65535)  #105518FF  srgba(16,85,24,1)
3,1: (4112,23644,21845,65535)  #105C55FF  srgba(16,92,85,1)
4,1: (4369,30840,17219,65535)  #117843FF  srgba(17,120,67,1)
5,1: (4626,19532,17219,65535)  #124C43FF  srgba(18,76,67,1)
6,1: (7453,11822,7967,65535)  #1D2E1FFF  srgba(29,46,31,1)
7,1: (8738,23901,17476,65535)  #225D44FF  srgba(34,93,68,1)
8,1: (10280,30069,17476,65535)  #287544FF  srgba(40,117,68,1)
9,1: (11308,13878,38807,65535)  #2C3697FF  srgba(44,54,151,1)
10,1: (11822,18761,17219,65535)  #2E4943FF  srgba(46,73,67,1)
11,1: (12593,14392,31097,65535)  #313879FF  srgba(49,56,121,1)
12,1: (13878,29298,11565,65535)  #36722DFF  srgba(54,114,45,1)
13,1: (14135,23130,24929,65535)  #375A61FF  srgba(55,90,97,1)
14,1: (14135,23387,3598,65535)  #375B0EFF  srgba(55,91,14,1)
15,1: (14392,19275,11565,65535)  #384B2DFF  srgba(56,75,45,1)
0,2: (14392,19532,3855,65535)  #384C0FFF  srgba(56,76,15,1)
1,2: (14392,23387,11308,65535)  #385B2CFF  srgba(56,91,44,1)
2,2: (14649,12079,13364,65535)  #392F34FF  srgba(57,47,52,1)
3,2: (14649,14649,24158,65535)  #39395EFF  srgba(57,57,94,1)
4,2: (14906,10537,8224,65535)  #3A2920FF  srgba(58,41,32,1)
5,2: (14906,28270,4626,65535)  #3A6E12FF  srgba(58,110,18,1)
6,2: (15163,22616,27756,65535)  #3B586CFF  srgba(59,88,108,1)
7,2: (15420,22616,21845,65535)  #3C5855FF  srgba(60,88,85,1)
8,2: (15934,13878,16962,65535)  #3E3642FF  srgba(62,54,66,1)
9,2: (15934,15420,10280,65535)  #3E3C28FF  srgba(62,60,40,1)
10,2: (16705,18504,17476,65535)  #414844FF  srgba(65,72,68,1)
11,2: (17733,23130,35466,65535)  #455A8AFF  srgba(69,90,138,1)
12,2: (17733,24415,17476,65535)  #455F44FF  srgba(69,95,68,1)
13,2: (18504,23387,8995,65535)  #485B23FF  srgba(72,91,35,1)
14,2: (18504,29298,8995,65535)  #487223FF  srgba(72,114,35,1)
15,2: (19275,18761,11051,65535)  #4B492BFF  srgba(75,73,43,1)
0,3: (19532,16962,17219,65535)  #4C4243FF  srgba(76,66,67,1)
1,3: (19532,18761,3084,65535)  #4C490CFF  srgba(76,73,12,1)
2,3: (20303,14392,12850,65535)  #4F3832FF  srgba(79,56,50,1)
3,3: (20817,12850,32896,65535)  #513280FF  srgba(81,50,128,1)
4,3: (20817,15163,6425,65535)  #513B19FF  srgba(81,59,25,1)
5,3: (21074,23387,30840,65535)  #525B78FF  srgba(82,91,120,1)
6,3: (21331,13107,24158,65535)  #53335EFF  srgba(83,51,94,1)
7,3: (21588,19275,22102,65535)  #544B56FF  srgba(84,75,86,1)
8,3: (22102,29812,17476,65535)  #567444FF  srgba(86,116,68,1)
9,3: (22102,43690,19532,65535)  #56AA4CFF  srgba(86,170,76,1)
10,3: (22359,23901,17476,65535)  #575D44FF  srgba(87,93,68,1)
11,3: (22359,25957,21845,65535)  #576555FF  srgba(87,101,85,1)
12,3: (22359,29812,10023,65535)  #577427FF  srgba(87,116,39,1)
13,3: (22616,46260,26728,65535)  #58B468FF  srgba(88,180,104,1)
14,3: (22873,11822,17219,65535)  #592E43FF  srgba(89,46,67,1)
15,3: (23130,11822,12079,65535)  #5A2E2FFF  srgba(90,46,47,1)
0,4: (23130,22359,25186,65535)  #5A5762FF  srgba(90,87,98,1)
1,4: (23387,11051,5654,65535)  #5B2B16FF  srgba(91,43,22,1)
2,4: (23387,49344,35466,65535)  #5BC08AFF  srgba(91,192,138,1)
3,4: (23644,23130,8224,65535)  #5C5A20FF  srgba(92,90,32,1)
4,4: (24929,18504,2056,65535)  #614808FF  srgba(97,72,8,1)
5,4: (24929,23387,28013,65535)  #615B6DFF  srgba(97,91,109,1)
6,4: (25186,16448,17219,65535)  #624043FF  srgba(98,64,67,1)
7,4: (25957,18761,10023,65535)  #654927FF  srgba(101,73,39,1)
8,4: (26985,14906,9509,65535)  #693A25FF  srgba(105,58,37,1)
9,4: (27756,12850,23387,65535)  #6C325BFF  srgba(108,50,91,1)
10,4: (28013,11308,32896,65535)  #6D2C80FF  srgba(109,44,128,1)
11,4: (28013,14906,1799,65535)  #6D3A07FF  srgba(109,58,7,1)
12,4: (28270,11051,28013,65535)  #6E2B6DFF  srgba(110,43,109,1)
13,4: (28784,26728,37265,65535)  #706891FF  srgba(112,104,145,1)
14,4: (29298,9252,23387,65535)  #72245BFF  srgba(114,36,91,1)
15,4: (29812,10280,17476,65535)  #742844FF  srgba(116,40,68,1)
0,5: (30069,10537,11308,65535)  #75292CFF  srgba(117,41,44,1)
1,5: (30583,10794,3855,65535)  #772A0FFF  srgba(119,42,15,1)
2,5: (31868,46517,37265,65535)  #7CB591FF  srgba(124,181,145,1)
3,5: (32125,61680,38807,65535)  #7DF097FF  srgba(125,240,151,1)
4,5: (34181,55769,47802,65535)  #85D9BAFF  srgba(133,217,186,1)
5,5: (36494,10537,11822,65535)  #8E292EFF  srgba(142,41,46,1)
6,5: (37265,9766,3341,65535)  #91260DFF  srgba(145,38,13,1)
7,5: (37265,10537,21588,65535)  #912954FF  srgba(145,41,84,1)
8,5: (37522,8481,12079,65535)  #92212FFF  srgba(146,33,47,1)
9,5: (38293,7196,21588,65535)  #951C54FF  srgba(149,28,84,1)
10,5: (38550,12850,29812,65535)  #963274FF  srgba(150,50,116,1)
11,5: (39064,7710,28784,65535)  #981E70FF  srgba(152,30,112,1)
12,5: (39064,24672,30326,65535)  #986076FF  srgba(152,96,118,1)
13,5: (39064,27242,13878,65535)  #986A36FF  srgba(152,106,54,1)
14,5: (39321,16448,2570,65535)  #99400AFF  srgba(153,64,10,1)
15,5: (39321,19532,13107,65535)  #994C33FF  srgba(153,76,51,1)
0,6: (39321,33410,31097,65535)  #998279FF  srgba(153,130,121,1)
1,6: (39578,57568,49344,65535)  #9AE0C0FF  srgba(154,224,192,1)
2,6: (39835,13364,1028,65535)  #9B3404FF  srgba(155,52,4,1)
3,6: (40092,14392,12336,65535)  #9C3830FF  srgba(156,56,48,1)
4,6: (40349,48573,28013,65535)  #9DBD6DFF  srgba(157,189,109,1)
5,6: (40606,11565,1028,65535)  #9E2D04FF  srgba(158,45,4,1)
6,6: (41120,9766,2570,65535)  #A0260AFF  srgba(160,38,10,1)
7,6: (41120,19532,21331,65535)  #A04C53FF  srgba(160,76,83,1)
8,6: (41120,60909,41120,65535)  #A0EDA0FF  srgba(160,237,160,1)
9,6: (41377,53970,36237,65535)  #A1D28DFF  srgba(161,210,141,1)
10,6: (41634,6682,3855,65535)  #A21A0FFF  srgba(162,26,15,1)
11,6: (42148,29812,22102,65535)  #A47456FF  srgba(164,116,86,1)
12,6: (42405,6168,12336,65535)  #A51830FF  srgba(165,24,48,1)
13,6: (42405,12593,771,65535)  #A53103FF  srgba(165,49,3,1)
14,6: (42405,47545,41377,65535)  #A5B9A1FF  srgba(165,185,161,1)
15,6: (42919,60138,50115,65535)  #A7EAC3FF  srgba(167,234,195,1)
0,7: (43176,49858,50115,65535)  #A8C2C3FF  srgba(168,194,195,1)
1,7: (43433,8481,12079,65535)  #A9212FFF  srgba(169,33,47,1)
2,7: (43433,10537,11822,65535)  #A9292EFF  srgba(169,41,46,1)
3,7: (44461,10023,1799,65535)  #AD2707FF  srgba(173,39,7,1)
4,7: (44461,38036,42662,65535)  #AD94A6FF  srgba(173,148,166,1)
5,7: (44975,19275,40092,65535)  #AF4B9CFF  srgba(175,75,156,1)
6,7: (45232,11565,257,65535)  #B02D01FF  srgba(176,45,1,1)
7,7: (45232,47545,51143,65535)  #B0B9C7FF  srgba(176,185,199,1)
8,7: (45232,55512,49087,65535)  #B0D8BFFF  srgba(176,216,191,1)
9,7: (46003,27499,42148,65535)  #B36BA4FF  srgba(179,107,164,1)
10,7: (46003,56283,41120,65535)  #B3DBA0FF  srgba(179,219,160,1)
11,7: (46260,10280,21845,65535)  #B42855FF  srgba(180,40,85,1)
12,7: (46260,49344,41891,65535)  #B4C0A3FF  srgba(180,192,163,1)
13,7: (46260,54227,30840,65535)  #B4D378FF  srgba(180,211,120,1)
14,7: (46260,55769,37779,65535)  #B4D993FF  srgba(180,217,147,1)
15,7: (46260,56540,35209,65535)  #B4DC89FF  srgba(180,220,137,1)
0,8: (46774,36237,42662,65535)  #B68DA6FF  srgba(182,141,166,1)
1,8: (46774,46260,56026,65535)  #B6B4DAFF  srgba(182,180,218,1)
2,8: (46774,48316,47802,65535)  #B6BCBAFF  srgba(182,188,186,1)
3,8: (46774,53713,46003,65535)  #B6D1B3FF  srgba(182,209,179,1)
4,8: (46774,54741,52171,65535)  #B6D5CBFF  srgba(182,213,203,1)
5,8: (47031,6682,21331,65535)  #B71A53FF  srgba(183,26,83,1)
6,8: (47031,32639,42662,65535)  #B77FA6FF  srgba(183,127,166,1)
7,8: (47545,11308,514,65535)  #B92C02FF  srgba(185,44,2,1)
8,8: (48316,11822,257,65535)  #BC2E01FF  srgba(188,46,1,1)
9,8: (48573,33667,31097,65535)  #BD8379FF  srgba(189,131,121,1)
10,8: (49087,12336,771,65535)  #BF3003FF  srgba(191,48,3,1)
11,8: (49344,6425,3855,65535)  #C0190FFF  srgba(192,25,15,1)
12,8: (49344,10794,11822,65535)  #C02A2EFF  srgba(192,42,46,1)
13,8: (49344,53456,46260,65535)  #C0D0B4FF  srgba(192,208,180,1)
14,8: (49344,54227,53199,65535)  #C0D3CFFF  srgba(192,211,207,1)
15,8: (49601,21588,30326,65535)  #C15476FF  srgba(193,84,118,1)
0,9: (49601,44718,59110,65535)  #C1AEE6FF  srgba(193,174,230,1)
1,9: (49601,47288,52942,65535)  #C1B8CEFF  srgba(193,184,206,1)
2,9: (49601,47802,47802,65535)  #C1BABAFF  srgba(193,186,186,1)
3,9: (50115,9252,2570,65535)  #C3240AFF  srgba(195,36,10,1)
4,9: (50629,58082,37008,65535)  #C5E290FF  srgba(197,226,144,1)
5,9: (50886,5911,12079,65535)  #C6172FFF  srgba(198,23,47,1)
6,9: (50886,56026,41120,65535)  #C6DAA0FF  srgba(198,218,160,1)
7,9: (51143,54741,34181,65535)  #C7D585FF  srgba(199,213,133,1)
8,9: (51400,53456,31354,65535)  #C8D07AFF  srgba(200,208,122,1)
9,9: (51657,7967,11822,65535)  #C91F2EFF  srgba(201,31,46,1)
10,9: (51657,11051,1542,65535)  #C92B06FF  srgba(201,43,6,1)
11,9: (51657,48830,41634,65535)  #C9BEA2FF  srgba(201,190,162,1)
12,9: (51657,49858,26985,65535)  #C9C269FF  srgba(201,194,105,1)
13,9: (51657,50629,37265,65535)  #C9C591FF  srgba(201,197,145,1)
14,9: (51914,13621,3084,65535)  #CA350CFF  srgba(202,53,12,1)
15,9: (52428,18247,12593,65535)  #CC4731FF  srgba(204,71,49,1)
0,10: (52685,19789,4112,65535)  #CD4D10FF  srgba(205,77,16,1)
1,10: (52942,8995,28013,65535)  #CE236DFF  srgba(206,35,109,1)
2,10: (53199,6939,4369,65535)  #CF1B11FF  srgba(207,27,17,1)
3,10: (54484,26985,13364,65535)  #D46934FF  srgba(212,105,52,1)
4,10: (55255,6425,20560,65535)  #D71950FF  srgba(215,25,80,1)
5,10: (55769,7196,5140,65535)  #D91C14FF  srgba(217,28,20,1)
6,10: (56026,8738,4626,65535)  #DA2212FF  srgba(218,34,18,1)
7,10: (56540,44975,46774,65535)  #DCAFB6FF  srgba(220,175,182,1)
8,10: (56797,15163,21588,65535)  #DD3B54FF  srgba(221,59,84,1)
9,10: (57054,6425,14135,65535)  #DE1937FF  srgba(222,25,55,1)
10,10: (57054,42919,60138,65535)  #DEA7EAFF  srgba(222,167,234,1)
11,10: (57311,6425,9252,65535)  #DF1924FF  srgba(223,25,36,1)
12,10: (57311,54227,54741,65535)  #DFD3D5FF  srgba(223,211,213,1)
13,10: (57568,11565,11051,65535)  #E02D2BFF  srgba(224,45,43,1)
14,10: (57568,53713,49601,65535)  #E0D1C1FF  srgba(224,209,193,1)
15,10: (57568,53970,46003,65535)  #E0D2B3FF  srgba(224,210,179,1)
0,11: (57825,7710,11308,65535)  #E11E2CFF  srgba(225,30,44,1)
1,11: (57825,49087,46003,65535)  #E1BFB3FF  srgba(225,191,179,1)
2,11: (57825,49087,52171,65535)  #E1BFCBFF  srgba(225,191,203,1)
3,11: (58082,9509,22616,65535)  #E22558FF  srgba(226,37,88,1)
4,11: (58082,34438,31354,65535)  #E2867AFF  srgba(226,134,122,1)
5,11: (58339,44204,54741,65535)  #E3ACD5FF  srgba(227,172,213,1)
6,11: (58853,7453,5911,65535)  #E51D17FF  srgba(229,29,23,1)
7,11: (58853,44718,51400,65535)  #E5AEC8FF  srgba(229,174,200,1)
8,11: (59367,6682,5911,65535)  #E71A17FF  srgba(231,26,23,1)
9,11: (59367,38036,47288,65535)  #E794B8FF  srgba(231,148,184,1)
10,11: (59367,55255,40606,65535)  #E7D79EFF  srgba(231,215,158,1)
11,11: (59624,24158,21074,65535)  #E85E52FF  srgba(232,94,82,1)
12,11: (59881,7453,21588,65535)  #E91D54FF  srgba(233,29,84,1)
13,11: (59881,50372,40863,65535)  #E9C49FFF  srgba(233,196,159,1)
14,11: (60138,32125,22359,65535)  #EA7D57FF  srgba(234,125,87,1)
15,11: (60138,54227,35723,65535)  #EAD38BFF  srgba(234,211,139,1)
0,12: (60395,6939,9766,65535)  #EB1B26FF  srgba(235,27,38,1)
1,12: (60395,7453,11051,65535)  #EB1D2BFF  srgba(235,29,43,1)
2,12: (60395,47288,27242,65535)  #EBB86AFF  srgba(235,184,106,1)
3,12: (60652,23644,30326,65535)  #EC5C76FF  srgba(236,92,118,1)
4,12: (60652,46774,40863,65535)  #ECB69FFF  srgba(236,182,159,1)
5,12: (60909,47031,32382,65535)  #EDB77EFF  srgba(237,183,126,1)
6,12: (60909,54998,32125,65535)  #EDD67DFF  srgba(237,214,125,1)
7,12: (61166,42662,40606,65535)  #EEA69EFF  srgba(238,166,158,1)
8,12: (61166,45232,35723,65535)  #EEB08BFF  srgba(238,176,139,1)
9,12: (61423,56026,28270,65535)  #EFDA6EFF  srgba(239,218,110,1)
10,12: (61937,44461,46517,65535)  #F1ADB5FF  srgba(241,173,181,1)
11,12: (62965,18504,12593,65535)  #F54831FF  srgba(245,72,49,1)
12,12: (62965,30583,40349,65535)  #F5779DFF  srgba(245,119,157,1)
13,12: (62965,36237,47288,65535)  #F58DB8FF  srgba(245,141,184,1)
14,12: (63736,32382,50115,65535)  #F87EC3FF  srgba(248,126,195,1)
15,12: (64250,27499,14649,65535)  #FA6B39FF  srgba(250,107,57,1)
0,13: (64250,45489,39064,65535)  #FAB198FF  srgba(250,177,152,1)
1,13: (64250,47288,35209,65535)  #FAB889FF  srgba(250,184,137,1)
2,13: (64250,48059,25700,65535)  #FABB64FF  srgba(250,187,100,1)
3,13: (64250,49858,32382,65535)  #FAC27EFF  srgba(250,194,126,1)
4,13: (64250,50115,30583,65535)  #FAC377FF  srgba(250,195,119,1)
5,13: (64250,50372,51143,65535)  #FAC4C7FF  srgba(250,196,199,1)
6,13: (64250,55512,29555,65535)  #FAD873FF  srgba(250,216,115,1)
7,13: (64507,42148,53456,65535)  #FBA4D0FF  srgba(251,164,208,1)
8,13: (64507,43433,44204,65535)  #FBA9ACFF  srgba(251,169,172,1)
9,13: (64507,43433,48573,65535)  #FBA9BDFF  srgba(251,169,189,1)
10,13: (64507,46003,49601,65535)  #FBB3C1FF  srgba(251,179,193,1)
11,13: (64507,47031,45232,65535)  #FBB7B0FF  srgba(251,183,176,1)
12,13: (64507,47545,42405,65535)  #FBB9A5FF  srgba(251,185,165,1)
13,13: (64507,50115,38807,65535)  #FBC397FF  srgba(251,195,151,1)
14,13: (64507,52171,34952,65535)  #FBCB88FF  srgba(251,203,136,1)
15,13: (64764,38036,56283,65535)  #FC94DBFF  srgba(252,148,219,1)
0,14: (65021,38293,44461,65535)  #FD95ADFF  srgba(253,149,173,1)
1,14: (65278,35980,30583,65535)  #FE8C77FF  srgba(254,140,119,1)
2,14: (65278,41634,38550,65535)  #FEA296FF  srgba(254,162,150,1)
3,14: (65278,41634,56797,65535)  #FEA2DDFF  srgba(254,162,221,1)
4,14: (65278,41891,44461,65535)  #FEA3ADFF  srgba(254,163,173,1)
5,14: (65278,42405,25443,65535)  #FEA563FF  srgba(254,165,99,1)
6,14: (65278,42405,28784,65535)  #FEA570FF  srgba(254,165,112,1)
7,14: (65278,42662,32896,65535)  #FEA680FF  srgba(254,166,128,1)
8,14: (65278,42919,52685,65535)  #FEA7CDFF  srgba(254,167,205,1)
9,14: (65278,43690,49344,65535)  #FEAAC0FF  srgba(254,170,192,1)
10,14: (65278,44975,39064,65535)  #FEAF98FF  srgba(254,175,152,1)
11,14: (65278,44975,44718,65535)  #FEAFAEFF  srgba(254,175,174,1)
12,14: (65278,45746,25700,65535)  #FEB264FF  srgba(254,178,100,1)
13,14: (65278,46774,50372,65535)  #FEB6C4FF  srgba(254,182,196,1)
14,14: (65278,47031,43176,65535)  #FEB7A8FF  srgba(254,183,168,1)
15,14: (65278,47802,46003,65535)  #FEBAB3FF  srgba(254,186,179,1)
0,15: (65278,48059,39321,65535)  #FEBB99FF  srgba(254,187,153,1)
1,15: (65278,49344,30840,65535)  #FEC078FF  srgba(254,192,120,1)
2,15: (65278,49858,34181,65535)  #FEC285FF  srgba(254,194,133,1)
3,15: (65278,50115,42919,65535)  #FEC3A7FF  srgba(254,195,167,1)
4,15: (65278,50115,49344,65535)  #FEC3C0FF  srgba(254,195,192,1)
5,15: (65278,50372,38807,65535)  #FEC497FF  srgba(254,196,151,1)
6,15: (65278,51143,55255,65535)  #FEC7D7FF  srgba(254,199,215,1)
7,15: (65278,52685,37779,65535)  #FECD93FF  srgba(254,205,147,1)
8,15: (65278,53199,26728,65535)  #FECF68FF  srgba(254,207,104,1)
9,15: (65278,53970,33667,65535)  #FED283FF  srgba(254,210,131,1)
10,15: (65278,54998,30840,65535)  #FED678FF  srgba(254,214,120,1)
11,15: (65535,33410,22873,65535)  #FF8259FF  srgba(255,130,89,1)
12,15: (65535,36237,49858,65535)  #FF8DC2FF  srgba(255,141,194,1)
13,15: (65535,38036,44461,65535)  #FF94ADFF  srgba(255,148,173,1)
14,15: (65535,38036,56283,65535)  #FF94DBFF  srgba(255,148,219,1)
15,15: (0,65535,0,0)  #00FF0000  srgba(0,255,0,0)
