# ImageMagick pixel enumeration: 16,16,65535,srgba
0,0: (0,2056,257,65535)  #000801FF  srgba(0,8,1,1)
1,0: (257,0,0,65535)  #010000FF  srgba(1,0,0,1)
2,0: (2313,2313,514,65535)  #090902FF  srgba(9,9,2,1)
3,0: (3084,1028,14392,65535)  #0C0438FF  srgba(12,4,56,1)
4,0: (3598,7453,514,65535)  #0E1D02FF  srgba(14,29,2,1)
5,0: (3598,11822,514,65535)  #0E2E02FF  srgba(14,46,2,1)
6,0: (3855,17476,1028,65535)  #0F4404FF  srgba(15,68,4,1)
7,0: (4112,2313,20560,65535)  #100950FF  srgba(16,9,80,1)
8,0: (4626,2056,3855,65535)  #12080FFF  srgba(18,8,15,1)
9,0: (4626,12079,40092,65535)  #122F9CFF  srgba(18,47,156,1)
10,0: (4883,13364,49601,65535)  #1334C1FF  srgba(19,52,193,1)
11,0: (5140,5654,21588,65535)  #141654FF  srgba(20,22,84,1)
12,0: (5140,7196,39578,65535)  #141C9AFF  srgba(20,28,154,1)
13,0: (5654,4369,13364,65535)  #161134FF  srgba(22,17,52,1)
14,0: (5654,5911,30069,65535)  #161775FF  srgba(22,23,117,1)
15,0: (5654,8995,48830,65535)  #1623BEFF  srgba(22,35,190,1)
0,1: (5911,10537,21845,65535)  #172955FF  srgba(23,41,85,1)
1,1: (5911,10794,30583,65535)  #172A77FF  srgba(23,42,119,1)
2,1: (6168,10794,3341,65535)  #182A0DFF  srgba(24,42,13,1)
3,1: (6168,12850,57568,65535)  #1832E0FF  srgba(24,50,224,1)
4,1: (6425,22102,2056,65535)  #195608FF  srgba(25,86,8,1)
5,1: (6682,771,8481,65535)  #1A0321FF  srgba(26,3,33,1)
6,1: (6939,4883,8224,65535)  #1B1320FF  srgba(27,19,32,1)
7,1: (6939,10023,12336,65535)  #1B2730FF  srgba(27,39,48,1)
8,1: (7196,17219,29812,65535)  #1C4374FF  srgba(28,67,116,1)
9,1: (7453,10023,58596,65535)  #1D27E4FF  srgba(29,39,228,1)
10,1: (7453,16705,48573,65535)  #1D41BDFF  srgba(29,65,189,1)
11,1: (7453,16705,54998,65535)  #1D41D6FF  srgba(29,65,214,1)
12,1: (7453,36237,2570,65535)  #1D8D0AFF  srgba(29,141,10,1)
13,1: (7967,9766,7453,65535)  #1F261DFF  srgba(31,38,29,1)
14,1: (8224,1285,13878,65535)  #200536FF  srgba(32,5,54,1)
15,1: (8224,17476,2570,65535)  #20440AFF  srgba(32,68,10,1)
0,2: (8224,18761,5140,65535)  #204914FF  srgba(32,73,20,1)
1,2: (8481,8738,1028,65535)  #212204FF  srgba(33,34,4,1)
2,2: (8481,16705,43947,65535)  #2141ABFF  srgba(33,65,171,1)
3,2: (8481,22873,5140,65535)  #215914FF  srgba(33,89,20,1)
4,2: (8738,3598,771,65535)  #220E03FF  srgba(34,14,3,1)
5,2: (8738,28527,5397,65535)  #226F15FF  srgba(34,111,21,1)
6,2: (9252,2570,3598,65535)  #240A0EFF  srgba(36,10,14,1)
7,2: (9252,10537,3598,65535)  #24290EFF  srgba(36,41,14,1)
8,2: (10023,20817,17476,65535)  #275144FF  srgba(39,81,68,1)
9,2: (10537,12336,40092,65535)  #29309CFF  srgba(41,48,156,1)
10,2: (10537,16962,38550,65535)  #294296FF  srgba(41,66,150,1)
11,2: (10537,20560,3855,65535)  #29500FFF  srgba(41,80,15,1)
12,2: (10537,35980,7967,65535)  #298C1FFF  srgba(41,140,31,1)
13,2: (10794,6682,39835,65535)  #2A1A9BFF  srgba(42,26,155,1)
14,2: (10794,22102,6425,65535)  #2A5619FF  srgba(42,86,25,1)
15,2: (11051,13364,49344,65535)  #2B34C0FF  srgba(43,52,192,1)
0,3: (11308,8481,48830,65535)  #2C21BEFF  srgba(44,33,190,1)
1,3: (11308,25186,28013,65535)  #2C626DFF  srgba(44,98,109,1)
2,3: (11565,23387,46003,65535)  #2D5BB3FF  srgba(45,91,179,1)
3,3: (12079,10023,2570,65535)  #2F270AFF  srgba(47,39,10,1)
4,3: (12593,1285,11565,65535)  #31052DFF  srgba(49,5,45,1)
5,3: (12593,12079,58596,65535)  #312FE4FF  srgba(49,47,228,1)
6,3: (12850,1028,2570,65535)  #32040AFF  srgba(50,4,10,1)
7,3: (12850,8995,59881,65535)  #3223E9FF  srgba(50,35,233,1)
8,3: (12850,24929,55255,65535)  #3261D7FF  srgba(50,97,215,1)
9,3: (13107,21331,4369,65535)  #335311FF  srgba(51,83,17,1)
10,3: (13621,17219,30326,65535)  #354376FF  srgba(53,67,118,1)
11,3: (13621,21845,9252,65535)  #355524FF  srgba(53,85,36,1)
12,3: (13621,45746,8224,65535)  #35B220FF  srgba(53,178,32,1)
13,3: (13878,5911,6939,65535)  #36171BFF  srgba(54,23,27,1)
14,3: (13878,24158,39064,65535)  #365E98FF  srgba(54,94,152,1)
15,3: (14135,4626,1799,65535)  #371207FF  srgba(55,18,7,1)
0,4: (14135,11051,6939,65535)  #372B1BFF  srgba(55,43,27,1)
1,4: (14392,4883,22873,65535)  #381359FF  srgba(56,19,89,1)
2,4: (14392,11565,31611,65535)  #382D7BFF  srgba(56,45,123,1)
3,4: (14392,36751,9766,65535)  #388F26FF  srgba(56,143,38,1)
4,4: (14649,6682,12336,65535)  #391A30FF  srgba(57,26,48,1)
5,4: (14649,11051,23387,65535)  #392B5BFF  srgba(57,43,91,1)
6,4: (14649,28784,7967,65535)  #39701FFF  srgba(57,112,31,1)
7,4: (14649,53199,9509,65535)  #39CF25FF  srgba(57,207,37,1)
8,4: (14906,5911,31611,65535)  #3A177BFF  srgba(58,23,123,1)
9,4: (14906,12079,12079,65535)  #3A2F2FFF  srgba(58,47,47,1)
10,4: (15163,1028,6425,65535)  #3B0419FF  srgba(59,4,25,1)
11,4: (15163,37522,16448,65535)  #3B9240FF  srgba(59,146,64,1)
12,4: (15677,6168,37522,65535)  #3D1892FF  srgba(61,24,146,1)
13,4: (15677,11822,38036,65535)  #3D2E94FF  srgba(61,46,148,1)
14,4: (15677,12079,42919,65535)  #3D2FA7FF  srgba(61,47,167,1)
15,4: (15934,6425,42662,65535)  #3E19A6FF  srgba(62,25,166,1)
0,5: (15934,10023,2570,65535)  #3E270AFF  srgba(62,39,10,1)
1,5: (15934,12593,49344,65535)  #3E31C0FF  srgba(62,49,192,1)
2,5: (16191,7453,48830,65535)  #3F1DBEFF  srgba(63,29,190,1)
3,5: (16705,11051,62194,65535)  #412BF2FF  srgba(65,43,242,1)
4,5: (16705,11565,56540,65535)  #412DDCFF  srgba(65,45,220,1)
5,5: (16962,1542,11822,65535)  #42062EFF  srgba(66,6,46,1)
6,5: (16962,8224,57825,65535)  #4220E1FF  srgba(66,32,225,1)
7,5: (16962,8995,62965,65535)  #4223F5FF  srgba(66,35,245,1)
8,5: (16962,21845,17219,65535)  #425543FF  srgba(66,85,67,1)
9,5: (17219,46774,23644,65535)  #43B65CFF  srgba(67,182,92,1)
10,5: (17219,60138,23644,65535)  #43EA5CFF  srgba(67,234,92,1)
11,5: (17476,21074,5654,65535)  #445216FF  srgba(68,82,22,1)
12,5: (17476,21074,11308,65535)  #44522CFF  srgba(68,82,44,1)
13,5: (17990,1542,2313,65535)  #460609FF  srgba(70,6,9,1)
14,5: (17990,47545,11051,65535)  #46B92BFF  srgba(70,185,43,1)
15,5: (17990,56797,12336,65535)  #46DD30FF  srgba(70,221,48,1)
0,6: (17990,63222,13878,65535)  #46F636FF  srgba(70,246,54,1)
1,6: (18504,17219,55769,65535)  #4843D9FF  srgba(72,67,217,1)
2,6: (18504,17476,27499,65535)  #48446BFF  srgba(72,68,107,1)
3,6: (18504,26471,27499,65535)  #48676BFF  srgba(72,103,107,1)
4,6: (18504,62965,14906,65535)  #48F53AFF  srgba(72,245,58,1)
5,6: (18761,17476,48316,65535)  #4944BCFF  srgba(73,68,188,1)
6,6: (19018,17219,43947,65535)  #4A43ABFF  srgba(74,67,171,1)
7,6: (19532,56540,16705,65535)  #4CDC41FF  srgba(76,220,65,1)
8,6: (19789,40349,16705,65535)  #4D9D41FF  srgba(77,157,65,1)
9,6: (20046,44975,28784,65535)  #4EAF70FF  srgba(78,175,112,1)
10,6: (20560,17219,37008,65535)  #504390FF  srgba(80,67,144,1)
11,6: (20817,5140,25700,65535)  #511464FF  srgba(81,20,100,1)
12,6: (20817,7967,35209,65535)  #511F89FF  srgba(81,31,137,1)
13,6: (20817,10794,42148,65535)  #512AA4FF  srgba(81,42,164,1)
14,6: (20817,12079,24929,65535)  #512F61FF  srgba(81,47,97,1)
15,6: (20817,30326,10794,65535)  #51762AFF  srgba(81,118,42,1)
0,7: (20817,57311,28527,65535)  #51DF6FFF  srgba(81,223,111,1)
1,7: (20817,62194,15420,65535)  #51F23CFF  srgba(81,242,60,1)
2,7: (21074,5911,41634,65535)  #5217A2FF  srgba(82,23,162,1)
3,7: (21074,62708,13621,65535)  #52F435FF  srgba(82,244,53,1)
4,7: (21588,10537,52171,65535)  #5429CBFF  srgba(84,41,203,1)
5,7: (21588,11051,47545,65535)  #542BB9FF  srgba(84,43,185,1)
6,7: (21588,47802,23644,65535)  #54BA5CFF  srgba(84,186,92,1)
7,7: (21845,6682,49344,65535)  #551AC0FF  srgba(85,26,192,1)
8,7: (21845,37522,11822,65535)  #55922EFF  srgba(85,146,46,1)
9,7: (21845,49858,11822,65535)  #55C22EFF  srgba(85,194,46,1)
10,7: (22102,10023,62965,65535)  #5627F5FF  srgba(86,39,245,1)
11,7: (22102,10794,58339,65535)  #562AE3FF  srgba(86,42,227,1)
12,7: (22359,24415,48830,65535)  #575FBEFF  srgba(87,95,190,1)
13,7: (22359,30326,5911,65535)  #577617FF  srgba(87,118,23,1)
14,7: (22359,54227,32896,65535)  #57D380FF  srgba(87,211,128,1)
15,7: (22359,57054,16705,65535)  #57DE41FF  srgba(87,222,65,1)
0,8: (22616,2827,7453,65535)  #580B1DFF  srgba(88,11,29,1)
1,8: (22616,8481,62708,65535)  #5821F4FF  srgba(88,33,244,1)
2,8: (22873,7967,57825,65535)  #591FE1FF  srgba(89,31,225,1)
3,8: (22873,36237,7196,65535)  #598D1CFF  srgba(89,141,28,1)
4,8: (23130,1799,1799,65535)  #5A0707FF  srgba(90,7,7,1)
5,8: (23130,20817,11565,65535)  #5A512DFF  srgba(90,81,45,1)
6,8: (23130,43433,33153,65535)  #5AA981FF  srgba(90,169,129,1)
7,8: (23130,51914,38550,65535)  #5ACA96FF  srgba(90,202,150,1)
8,8: (23130,58853,13364,65535)  #5AE534FF  srgba(90,229,52,1)
9,8: (23387,25700,17476,65535)  #5B6444FF  srgba(91,100,68,1)
10,8: (23387,40349,40863,65535)  #5B9D9FFF  srgba(91,157,159,1)
11,8: (23644,18247,17476,65535)  #5C4744FF  srgba(92,71,68,1)
12,8: (23901,11051,7196,65535)  #5D2B1CFF  srgba(93,43,28,1)
13,8: (23901,17733,26985,65535)  #5D4569FF  srgba(93,69,105,1)
14,8: (23901,20303,5397,65535)  #5D4F15FF  srgba(93,79,21,1)
15,8: (23901,25700,38807,65535)  #5D6497FF  srgba(93,100,151,1)
0,9: (24158,11308,14135,65535)  #5E2C37FF  srgba(94,44,55,1)
1,9: (24158,26728,31354,65535)  #5E687AFF  srgba(94,104,122,1)
2,9: (24158,27242,24158,65535)  #5E6A5EFF  srgba(94,106,94,1)
3,9: (24158,44718,17476,65535)  #5EAE44FF  srgba(94,174,68,1)
4,9: (24158,62194,15934,65535)  #5EF23EFF  srgba(94,242,62,1)
5,9: (24415,35466,17219,65535)  #5F8A43FF  srgba(95,138,67,1)
6,9: (24415,58853,23130,65535)  #5FE55AFF  srgba(95,229,90,1)
7,9: (24672,7710,42148,65535)  #601EA4FF  srgba(96,30,164,1)
8,9: (24929,7453,35723,65535)  #611D8BFF  srgba(97,29,139,1)
9,9: (24929,10023,25186,65535)  #612762FF  srgba(97,39,98,1)
10,9: (25186,59367,16448,65535)  #62E740FF  srgba(98,231,64,1)
11,9: (25443,4369,2056,65535)  #631108FF  srgba(99,17,8,1)
12,9: (25443,45746,29041,65535)  #63B271FF  srgba(99,178,113,1)
13,9: (25443,47802,23644,65535)  #63BA5CFF  srgba(99,186,92,1)
14,9: (25443,55255,17476,65535)  #63D744FF  srgba(99,215,68,1)
15,9: (26471,7967,49601,65535)  #671FC1FF  srgba(103,31,193,1)
0,10: (27756,8738,58339,65535)  #6C22E3FF  srgba(108,34,227,1)
1,10: (28013,8481,34695,65535)  #6D2187FF  srgba(109,33,135,1)
2,10: (28013,8995,62965,65535)  #6D23F5FF  srgba(109,35,245,1)
3,10: (28527,7196,42405,65535)  #6F1CA5FF  srgba(111,28,165,1)
4,10: (28784,11308,21845,65535)  #702C55FF  srgba(112,44,85,1)
5,10: (30069,57311,14649,65535)  #75DF39FF  srgba(117,223,57,1)
6,10: (31097,3084,2570,65535)  #790C0AFF  srgba(121,12,10,1)
7,10: (31097,7710,49858,65535)  #791EC2FF  srgba(121,30,194,1)
8,10: (31097,21845,47288,65535)  #7955B8FF  srgba(121,85,184,1)
9,10: (31611,9509,10280,65535)  #7B2528FF  srgba(123,37,40,1)
10,10: (31611,19532,18761,65535)  #7B4C49FF  srgba(123,76,73,1)
11,10: (31611,24415,19018,65535)  #7B5F4AFF  srgba(123,95,74,1)
12,10: (31868,8738,61166,65535)  #7C22EEFF  srgba(124,34,238,1)
13,10: (31868,34438,19789,65535)  #7C864DFF  srgba(124,134,77,1)
14,10: (31868,42919,33153,65535)  #7CA781FF  srgba(124,167,129,1)
15,10: (32125,18761,24672,65535)  #7D4960FF  srgba(125,73,96,1)
0,11: (32125,31611,7710,65535)  #7D7B1EFF  srgba(125,123,30,1)
1,11: (32125,39835,9252,65535)  #7D9B24FF  srgba(125,155,36,1)
2,11: (32382,25700,39835,65535)  #7E649BFF  srgba(126,100,155,1)
3,11: (32639,33924,26214,65535)  #7F8466FF  srgba(127,132,102,1)
4,11: (32896,17733,12593,65535)  #804531FF  srgba(128,69,49,1)
5,11: (32896,25186,25186,65535)  #806262FF  srgba(128,98,98,1)
6,11: (32896,43947,18761,65535)  #80AB49FF  srgba(128,171,73,1)
7,11: (32896,43947,25700,65535)  #80AB64FF  srgba(128,171,100,1)
8,11: (32896,51143,39321,65535)  #80C799FF  srgba(128,199,153,1)
9,11: (32896,58853,18247,65535)  #80E547FF  srgba(128,229,71,1)
10,11: (33153,5397,2827,65535)  #81150BFF  srgba(129,21,11,1)
11,11: (33153,13364,7710,65535)  #81341EFF  srgba(129,52,30,1)
12,11: (33153,21845,32639,65535)  #81557FFF  srgba(129,85,127,1)
13,11: (33153,24158,6682,65535)  #815E1AFF  srgba(129,94,26,1)
14,11: (33153,40863,13878,65535)  #819F36FF  srgba(129,159,54,1)
15,11: (33153,52171,32382,65535)  #81CB7EFF  srgba(129,203,126,1)
0,12: (33667,23387,13107,65535)  #835B33FF  srgba(131,91,51,1)
1,12: (33667,52171,22873,65535)  #83CB59FF  srgba(131,203,89,1)
2,12: (33667,52942,18247,65535)  #83CE47FF  srgba(131,206,71,1)
3,12: (33924,4883,3855,65535)  #84130FFF  srgba(132,19,15,1)
4,12: (33924,31097,12336,65535)  #847930FF  srgba(132,121,48,1)
5,12: (34181,31097,32896,65535)  #857980FF  srgba(133,121,128,1)
6,12: (34181,55512,27499,65535)  #85D86BFF  srgba(133,216,107,1)
7,12: (34438,16705,5911,65535)  #864117FF  srgba(134,65,23,1)
8,12: (34695,40349,50372,65535)  #879DC4FF  srgba(135,157,196,1)
9,12: (34695,40863,43176,65535)  #879FA8FF  srgba(135,159,168,1)
10,12: (34695,41377,38807,65535)  #87A197FF  srgba(135,161,151,1)
11,12: (34695,50115,28013,65535)  #87C36DFF  srgba(135,195,109,1)
12,12: (35209,8995,61937,65535)  #8923F1FF  srgba(137,35,241,1)
13,12: (35466,11308,24929,65535)  #8A2C61FF  srgba(138,44,97,1)
14,12: (36237,56026,14906,65535)  #8DDA3AFF  srgba(141,218,58,1)
15,12: (36751,48830,12336,65535)  #8FBE30FF  srgba(143,190,48,1)
0,13: (37265,58596,22616,65535)  #91E458FF  srgba(145,228,88,1)
1,13: (37522,49344,15163,65535)  #92C03BFF  srgba(146,192,59,1)
2,13: (37779,52942,14392,65535)  #93CE38FF  srgba(147,206,56,1)
3,13: (38036,4112,3598,65535)  #94100EFF  srgba(148,16,14,1)
4,13: (38036,42919,33153,65535)  #94A781FF  srgba(148,167,129,1)
5,13: (38293,7710,3598,65535)  #951E0EFF  srgba(149,30,14,1)
6,13: (39321,10023,6682,65535)  #99271AFF  srgba(153,39,26,1)
7,13: (39321,53199,18247,65535)  #99CF47FF  srgba(153,207,71,1)
8,13: (39321,58596,18761,65535)  #99E449FF  srgba(153,228,73,1)
9,13: (40092,9252,62965,65535)  #9C24F5FF  srgba(156,36,245,1)
10,13: (40092,22616,22359,65535)  #9C5857FF  srgba(156,88,87,1)
11,13: (40349,53456,22616,65535)  #9DD058FF  srgba(157,208,88,1)
12,13: (40606,6682,4626,65535)  #9E1A12FF  srgba(158,26,18,1)
13,13: (40606,30583,23644,65535)  #9E775CFF  srgba(158,119,92,1)
14,13: (40606,42919,19789,65535)  #9EA74DFF  srgba(158,167,77,1)
15,13: (40606,53199,14135,65535)  #9ECF37FF  srgba(158,207,55,1)
0,14: (40863,41634,26985,65535)  #9FA269FF  srgba(159,162,105,1)
1,14: (41377,43433,13364,65535)  #A1A934FF  srgba(161,169,52,1)
2,14: (41891,24415,10537,65535)  #A35F29FF  srgba(163,95,41,1)
3,14: (42148,51143,14135,65535)  #A4C737FF  srgba(164,199,55,1)
4,14: (42662,5140,3855,65535)  #A6140FFF  srgba(166,20,15,1)
5,14: (42662,58082,19018,65535)  #A6E24AFF  srgba(166,226,74,1)
6,14: (42919,50115,14392,65535)  #A7C338FF  srgba(167,195,56,1)
7,14: (42919,51400,39064,65535)  #A7C898FF  srgba(167,200,152,1)
8,14: (43176,42662,33410,65535)  #A8A682FF  srgba(168,166,130,1)
9,14: (43433,53456,14906,65535)  #A9D03AFF  srgba(169,208,58,1)
10,14: (43433,56026,22873,65535)  #A9DA59FF  srgba(169,218,89,1)
11,14: (43690,41377,47031,65535)  #AAA1B7FF  srgba(170,161,183,1)
12,14: (43690,51657,31868,65535)  #AAC97CFF  srgba(170,201,124,1)
13,14: (43690,52942,17990,65535)  #AACE46FF  srgba(170,206,70,1)
14,14: (43947,53970,27499,65535)  #ABD26BFF  srgba(171,210,107,1)
15,14: (44204,30583,33153,65535)  #AC7781FF  srgba(172,119,129,1)
0,15: (46003,31354,40092,65535)  #B37A9CFF  srgba(179,122,156,1)
1,15: (47031,5397,5397,65535)  #B71515FF  srgba(183,21,21,1)
2,15: (47031,37008,13878,65535)  #B79036FF  srgba(183,144,54,1)
3,15: (47288,29041,22359,65535)  #B87157FF  srgba(184,113,87,1)
4,15: (47545,40092,23387,65535)  #B99C5BFF  srgba(185,156,91,1)
5,15: (49087,28013,12850,65535)  #BF6D32FF  srgba(191,109,50,1)
6,15: (49601,40863,39064,65535)  #C19F98FF  srgba(193,159,152,1)
7,15: (51657,31868,48830,65535)  #C97CBEFF  srgba(201,124,190,1)
8,15: (51657,41377,33667,65535)  #C9A183FF  srgba(201,161,131,1)
9,15: (53970,39835,45489,65535)  #D29BB1FF  srgba(210,155,177,1)
10,15: (54484,38036,23644,65535)  #D4945CFF  srgba(212,148,92,1)
11,15: (54998,30840,22873,65535)  #D67859FF  srgba(214,120,89,1)
12,15: (54998,32896,33410,65535)  #D68082FF  srgba(214,128,130,1)
13,15: (57825,32639,40349,65535)  #E17F9DFF  srgba(225,127,157,1)
14,15: (64250,31354,53456,65535)  #FA7AD0FF  srgba(250,122,208,1)
15,15: (0,65535,0,0)  #00FF0000  srgba(0,255,0,0)
