# ImageMagick pixel enumeration: 16,16,65535,srgba
0,0: (0,23644,42405,65535)  #005CA5FF  srgba(0,92,165,1)
1,0: (0,24415,36237,65535)  #005F8DFF  srgba(0,95,141,1)
2,0: (0,28527,21331,65535)  #006F53FF  srgba(0,111,83,1)
3,0: (0,30583,26728,65535)  #007768FF  srgba(0,119,104,1)
4,0: (0,31611,19789,65535)  #007B4DFF  srgba(0,123,77,1)
5,0: (257,257,0,65535)  #010100FF  srgba(1,1,0,1)
6,0: (257,38293,7710,65535)  #01951EFF  srgba(1,149,30,1)
7,0: (514,26214,34952,65535)  #026688FF  srgba(2,102,136,1)
8,0: (514,27242,33667,65535)  #026A83FF  srgba(2,106,131,1)
9,0: (514,28013,32639,65535)  #026D7FFF  srgba(2,109,127,1)
10,0: (514,31097,13107,65535)  #027933FF  srgba(2,121,51,1)
11,0: (514,32125,6682,65535)  #027D1AFF  srgba(2,125,26,1)
12,0: (771,28527,26985,65535)  #036F69FF  srgba(3,111,105,1)
13,0: (771,30840,26471,65535)  #037867FF  srgba(3,120,103,1)
14,0: (771,38036,11051,65535)  #03942BFF  srgba(3,148,43,1)
15,0: (1028,28784,32125,65535)  #04707DFF  srgba(4,112,125,1)
0,1: (1285,26985,27499,65535)  #05696BFF  srgba(5,105,107,1)
1,1: (1542,24929,28527,65535)  #06616FFF  srgba(6,97,111,1)
2,1: (1542,32896,19789,65535)  #06804DFF  srgba(6,128,77,1)
3,1: (1799,14649,24929,65535)  #073961FF  srgba(7,57,97,1)
4,1: (1799,22616,44461,65535)  #0758ADFF  srgba(7,88,173,1)
5,1: (1799,23387,36237,65535)  #075B8DFF  srgba(7,91,141,1)
6,1: (1799,28013,20817,65535)  #076D51FF  srgba(7,109,81,1)
7,1: (2570,2056,1285,65535)  #0A0805FF  srgba(10,8,5,1)
8,1: (2570,12079,13621,65535)  #0A2F35FF  srgba(10,47,53,1)
9,1: (2570,21588,27499,65535)  #0A546BFF  srgba(10,84,107,1)
10,1: (2827,10794,5140,65535)  #0B2A14FF  srgba(11,42,20,1)
11,1: (3855,12850,257,65535)  #0F3201FF  srgba(15,50,1,1)
12,1: (4112,21845,39835,65535)  #10559BFF  srgba(16,85,155,1)
13,1: (4626,22359,14135,65535)  #125737FF  srgba(18,87,55,1)
14,1: (5140,1799,0,65535)  #140700FF  srgba(20,7,0,1)
15,1: (5140,20560,5654,65535)  #145016FF  srgba(20,80,22,1)
0,2: (5397,5140,15934,65535)  #15143EFF  srgba(21,20,62,1)
1,2: (5911,5397,257,65535)  #171501FF  srgba(23,21,1,1)
2,2: (5911,27499,20046,65535)  #176B4EFF  srgba(23,107,78,1)
3,2: (6425,34181,32125,65535)  #19857DFF  srgba(25,133,125,1)
4,2: (6682,30840,6425,65535)  #1A7819FF  srgba(26,120,25,1)
5,2: (6939,5140,7710,65535)  #1B141EFF  srgba(27,20,30,1)
6,2: (7196,25443,514,65535)  #1C6302FF  srgba(28,99,2,1)
7,2: (7710,23130,26214,65535)  #1E5A66FF  srgba(30,90,102,1)
8,2: (7710,27499,12593,65535)  #1E6B31FF  srgba(30,107,49,1)
9,2: (7967,10537,4369,65535)  #1F2911FF  srgba(31,41,17,1)
10,2: (7967,17990,25700,65535)  #1F4664FF  srgba(31,70,100,1)
11,2: (8224,5397,3598,65535)  #20150EFF  srgba(32,21,14,1)
12,2: (8224,38550,12336,65535)  #209630FF  srgba(32,150,48,1)
13,2: (8481,18247,257,65535)  #214701FF  srgba(33,71,1,1)
14,2: (8481,31354,12079,65535)  #217A2FFF  srgba(33,122,47,1)
15,2: (8995,5397,1285,65535)  #231505FF  srgba(35,21,5,1)
0,3: (8995,20560,38807,65535)  #235097FF  srgba(35,80,151,1)
1,3: (9252,4626,257,65535)  #241201FF  srgba(36,18,1,1)
2,3: (9252,9252,771,65535)  #242403FF  srgba(36,36,3,1)
3,3: (9509,5397,2313,65535)  #251509FF  srgba(37,21,9,1)
4,3: (9509,5654,1799,65535)  #251607FF  srgba(37,22,7,1)
5,3: (10280,32639,19532,65535)  #287F4CFF  srgba(40,127,76,1)
6,3: (10794,13621,12850,65535)  #2A3532FF  srgba(42,53,50,1)
7,3: (11308,5397,1028,65535)  #2C1504FF  srgba(44,21,4,1)
8,3: (11308,5911,5397,65535)  #2C1715FF  srgba(44,23,21,1)
9,3: (11565,9509,3598,65535)  #2D250EFF  srgba(45,37,14,1)
10,3: (12593,20303,25186,65535)  #314F62FF  srgba(49,79,98,1)
11,3: (12593,21588,14135,65535)  #315437FF  srgba(49,84,55,1)
12,3: (12850,44204,19532,65535)  #32AC4CFF  srgba(50,172,76,1)
13,3: (13364,6425,1285,65535)  #341905FF  srgba(52,25,5,1)
14,3: (13364,8224,1285,65535)  #342005FF  srgba(52,32,5,1)
15,3: (13621,5140,257,65535)  #351401FF  srgba(53,20,1,1)
0,4: (14135,7710,1285,65535)  #371E05FF  srgba(55,30,5,1)
1,4: (14392,8738,1028,65535)  #382204FF  srgba(56,34,4,1)
2,4: (14392,12850,257,65535)  #383201FF  srgba(56,50,1,1)
3,4: (14649,6425,1542,65535)  #391906FF  srgba(57,25,6,1)
4,4: (14649,8481,3084,65535)  #39210CFF  srgba(57,33,12,1)
5,4: (14906,6939,771,65535)  #3A1B03FF  srgba(58,27,3,1)
6,4: (14906,7710,1285,65535)  #3A1E05FF  srgba(58,30,5,1)
7,4: (15163,6682,1285,65535)  #3B1A05FF  srgba(59,26,5,1)
8,4: (15420,7967,1285,65535)  #3C1F05FF  srgba(60,31,5,1)
9,4: (15934,6425,1799,65535)  #3E1907FF  srgba(62,25,7,1)
10,4: (15934,6939,1028,65535)  #3E1B04FF  srgba(62,27,4,1)
11,4: (15934,7453,1285,65535)  #3E1D05FF  srgba(62,29,5,1)
12,4: (16191,5911,3598,65535)  #3F170EFF  srgba(63,23,14,1)
13,4: (16191,38807,26728,65535)  #3F9768FF  srgba(63,151,104,1)
14,4: (16448,6425,1285,65535)  #401905FF  srgba(64,25,5,1)
15,4: (16448,8224,1028,65535)  #402004FF  srgba(64,32,4,1)
0,5: (16448,20303,5654,65535)  #404F16FF  srgba(64,79,22,1)
1,5: (16962,6168,2313,65535)  #421809FF  srgba(66,24,9,1)
2,5: (16962,7453,1542,65535)  #421D06FF  srgba(66,29,6,1)
3,5: (16962,8481,2827,65535)  #42210BFF  srgba(66,33,11,1)
4,5: (17219,5654,771,65535)  #431603FF  srgba(67,22,3,1)
5,5: (17219,6425,771,65535)  #431903FF  srgba(67,25,3,1)
6,5: (17476,5140,1285,65535)  #441405FF  srgba(68,20,5,1)
7,5: (17476,6168,1285,65535)  #441805FF  srgba(68,24,5,1)
8,5: (17476,6168,1285,65535)  #441805FF  srgba(68,24,5,1)
9,5: (17476,6168,1799,65535)  #441807FF  srgba(68,24,7,1)
10,5: (17733,5654,1799,65535)  #451607FF  srgba(69,22,7,1)
11,5: (17733,6425,1542,65535)  #451906FF  srgba(69,25,6,1)
12,5: (17733,7453,1285,65535)  #451D05FF  srgba(69,29,5,1)
13,5: (17733,7967,1028,65535)  #451F04FF  srgba(69,31,4,1)
14,5: (17733,9252,514,65535)  #452402FF  srgba(69,36,2,1)
15,5: (17990,5911,1285,65535)  #461705FF  srgba(70,23,5,1)
0,6: (17990,5911,1285,65535)  #461705FF  srgba(70,23,5,1)
1,6: (18504,5911,1285,65535)  #481705FF  srgba(72,23,5,1)
2,6: (18504,20560,24158,65535)  #48505EFF  srgba(72,80,94,1)
3,6: (19018,5911,1028,65535)  #4A1704FF  srgba(74,23,4,1)
4,6: (19018,16705,12593,65535)  #4A4131FF  srgba(74,65,49,1)
5,6: (19789,5911,1028,65535)  #4D1704FF  srgba(77,23,4,1)
6,6: (20303,22873,13621,65535)  #4F5935FF  srgba(79,89,53,1)
7,6: (21074,5397,771,65535)  #521503FF  srgba(82,21,3,1)
8,6: (21074,7453,514,65535)  #521D02FF  srgba(82,29,2,1)
9,6: (21331,10537,4112,65535)  #532910FF  srgba(83,41,16,1)
10,6: (21331,31354,6425,65535)  #537A19FF  srgba(83,122,25,1)
11,6: (21845,12850,257,65535)  #553201FF  srgba(85,50,1,1)
12,6: (22616,26728,6168,65535)  #586818FF  srgba(88,104,24,1)
13,6: (23130,8224,257,65535)  #5A2001FF  srgba(90,32,1,1)
14,6: (23130,27499,19532,65535)  #5A6B4CFF  srgba(90,107,76,1)
15,6: (23644,4883,514,65535)  #5C1302FF  srgba(92,19,2,1)
0,7: (23901,20303,257,65535)  #5D4F01FF  srgba(93,79,1,1)
1,7: (24672,27499,11822,65535)  #606B2EFF  srgba(96,107,46,1)
2,7: (26214,9766,257,65535)  #662601FF  srgba(102,38,1,1)
3,7: (26214,17476,5397,65535)  #664415FF  srgba(102,68,21,1)
4,7: (26214,22359,5654,65535)  #665716FF  srgba(102,87,22,1)
5,7: (26471,12336,4369,65535)  #673011FF  srgba(103,48,17,1)
6,7: (26471,17219,11308,65535)  #67432CFF  srgba(103,67,44,1)
7,7: (27499,39835,13107,65535)  #6B9B33FF  srgba(107,155,51,1)
8,7: (28013,4626,514,65535)  #6D1202FF  srgba(109,18,2,1)
9,7: (28013,22873,12079,65535)  #6D592FFF  srgba(109,89,47,1)
10,7: (28013,33410,12079,65535)  #6D822FFF  srgba(109,130,47,1)
11,7: (28270,33153,19275,65535)  #6E814BFF  srgba(110,129,75,1)
12,7: (29555,13364,257,65535)  #733401FF  srgba(115,52,1,1)
13,7: (29812,44461,20046,65535)  #74AD4EFF  srgba(116,173,78,1)
14,7: (30069,30326,11565,65535)  #75762DFF  srgba(117,118,45,1)
15,7: (31868,12850,4626,65535)  #7C3212FF  srgba(124,50,18,1)
0,8: (32382,17733,257,65535)  #7E4501FF  srgba(126,69,1,1)
1,8: (33153,18247,5140,65535)  #814714FF  srgba(129,71,20,1)
2,8: (33410,4369,514,65535)  #821102FF  srgba(130,17,2,1)
3,8: (33667,20046,11051,65535)  #834E2BFF  srgba(131,78,43,1)
4,8: (33667,24415,257,65535)  #835F01FF  srgba(131,95,1,1)
5,8: (33924,22102,5654,65535)  #845616FF  srgba(132,86,22,1)
6,8: (34181,24415,11565,65535)  #855F2DFF  srgba(133,95,45,1)
7,8: (34438,24929,6168,65535)  #866118FF  srgba(134,97,24,1)
8,8: (34438,28270,6682,65535)  #866E1AFF  srgba(134,110,26,1)
9,8: (34695,27242,11308,65535)  #876A2CFF  srgba(135,106,44,1)
10,8: (39321,25443,14135,65535)  #996337FF  srgba(153,99,55,1)
11,8: (39578,25957,3341,65535)  #9A650DFF  srgba(154,101,13,1)
12,8: (39578,25957,6425,65535)  #9A6519FF  srgba(154,101,25,1)
13,8: (39578,26214,8224,65535)  #9A6620FF  srgba(154,102,32,1)
14,8: (39835,23387,4369,65535)  #9B5B11FF  srgba(155,91,17,1)
15,8: (40092,24672,11308,65535)  #9C602CFF  srgba(156,96,44,1)
0,9: (40092,29812,3341,65535)  #9C740DFF  srgba(156,116,13,1)
1,9: (40349,23387,7967,65535)  #9D5B1FFF  srgba(157,91,31,1)
2,9: (40606,17476,4112,65535)  #9E4410FF  srgba(158,68,16,1)
3,9: (40606,19789,2827,65535)  #9E4D0BFF  srgba(158,77,11,1)
4,9: (40863,12336,2313,65535)  #9F3009FF  srgba(159,48,9,1)
5,9: (40863,19789,7196,65535)  #9F4D1CFF  srgba(159,77,28,1)
6,9: (41120,29555,8224,65535)  #A07320FF  srgba(160,115,32,1)
7,9: (41377,21588,3855,65535)  #A1540FFF  srgba(161,84,15,1)
8,9: (41377,21588,7453,65535)  #A1541DFF  srgba(161,84,29,1)
9,9: (42405,26985,16705,65535)  #A56941FF  srgba(165,105,65,1)
10,9: (43433,4883,1028,65535)  #A91304FF  srgba(169,19,4,1)
11,9: (43690,23387,5140,65535)  #AA5B14FF  srgba(170,91,20,1)
12,9: (43690,25443,6682,65535)  #AA631AFF  srgba(170,99,26,1)
13,9: (43690,32125,11565,65535)  #AA7D2DFF  srgba(170,125,45,1)
14,9: (44461,23644,7710,65535)  #AD5C1EFF  srgba(173,92,30,1)
15,9: (44461,30326,3341,65535)  #AD760DFF  srgba(173,118,13,1)
0,10: (45746,25186,6682,65535)  #B2621AFF  srgba(178,98,26,1)
1,10: (46774,34438,14392,65535)  #B68638FF  srgba(182,134,56,1)
2,10: (47031,22102,5911,65535)  #B75617FF  srgba(183,86,23,1)
3,10: (47288,16962,4112,65535)  #B84210FF  srgba(184,66,16,1)
4,10: (47288,23901,6939,65535)  #B85D1BFF  srgba(184,93,27,1)
5,10: (48059,23387,6939,65535)  #BB5B1BFF  srgba(187,91,27,1)
6,10: (48059,25700,6168,65535)  #BB6418FF  srgba(187,100,24,1)
7,10: (48059,37779,6425,65535)  #BB9319FF  srgba(187,147,25,1)
8,10: (48830,31097,3598,65535)  #BE790EFF  srgba(190,121,14,1)
9,10: (49087,31611,8224,65535)  #BF7B20FF  srgba(191,123,32,1)
10,10: (49601,23130,6682,65535)  #C15A1AFF  srgba(193,90,26,1)
11,10: (50115,25957,14135,65535)  #C36537FF  srgba(195,101,55,1)
12,10: (50629,22616,6168,65535)  #C55818FF  srgba(197,88,24,1)
13,10: (50886,26728,11308,65535)  #C6682CFF  srgba(198,104,44,1)
14,10: (52428,18504,4883,65535)  #CC4813FF  srgba(204,72,19,1)
15,10: (52942,13364,4112,65535)  #CE3410FF  srgba(206,52,16,1)
0,11: (52942,20046,11308,65535)  #CE4E2CFF  srgba(206,78,44,1)
1,11: (52942,34695,11565,65535)  #CE872DFF  srgba(206,135,45,1)
2,11: (52942,41891,11565,65535)  #CEA32DFF  srgba(206,163,45,1)
3,11: (52942,44204,7710,65535)  #CEAC1EFF  srgba(206,172,30,1)
4,11: (53199,35466,16705,65535)  #CF8A41FF  srgba(207,138,65,1)
5,11: (53199,41377,14392,65535)  #CFA138FF  srgba(207,161,56,1)
6,11: (53713,48316,19532,65535)  #D1BC4CFF  srgba(209,188,76,1)
7,11: (53970,47802,13107,65535)  #D2BA33FF  srgba(210,186,51,1)
8,11: (54484,35466,19018,65535)  #D48A4AFF  srgba(212,138,74,1)
9,11: (54741,31868,6939,65535)  #D57C1BFF  srgba(213,124,27,1)
10,11: (54998,27499,19018,65535)  #D66B4AFF  srgba(214,107,74,1)
11,11: (54998,44975,12593,65535)  #D6AF31FF  srgba(214,175,49,1)
12,11: (55255,41634,17219,65535)  #D7A243FF  srgba(215,162,67,1)
13,11: (55255,41634,20046,65535)  #D7A24EFF  srgba(215,162,78,1)
14,11: (55255,50629,23130,65535)  #D7C55AFF  srgba(215,197,90,1)
15,11: (55512,35980,23387,65535)  #D88C5BFF  srgba(216,140,91,1)
0,12: (55512,38550,7710,65535)  #D8961EFF  srgba(216,150,30,1)
1,12: (56283,35209,14392,65535)  #DB8938FF  srgba(219,137,56,1)
2,12: (57311,25957,6682,65535)  #DF651AFF  srgba(223,101,26,1)
3,12: (57311,41634,24929,65535)  #DFA261FF  srgba(223,162,97,1)
4,12: (57311,42662,11565,65535)  #DFA62DFF  srgba(223,166,45,1)
5,12: (57311,44718,8481,65535)  #DFAE21FF  srgba(223,174,33,1)
6,12: (57825,22359,6425,65535)  #E15719FF  srgba(225,87,25,1)
7,12: (58339,46260,12850,65535)  #E3B432FF  srgba(227,180,50,1)
8,12: (58339,52685,25700,65535)  #E3CD64FF  srgba(227,205,100,1)
9,12: (58853,41891,14392,65535)  #E5A338FF  srgba(229,163,56,1)
10,12: (59881,16962,6425,65535)  #E94219FF  srgba(233,66,25,1)
11,12: (59881,53713,28270,65535)  #E9D16EFF  srgba(233,209,110,1)
12,12: (60138,26728,16705,65535)  #EA6841FF  srgba(234,104,65,1)
13,12: (60138,42662,11565,65535)  #EAA62DFF  srgba(234,166,45,1)
14,12: (60395,49087,19275,65535)  #EBBF4BFF  srgba(235,191,75,1)
15,12: (60652,27756,21074,65535)  #EC6C52FF  srgba(236,108,82,1)
0,13: (60652,45746,8995,65535)  #ECB223FF  srgba(236,178,35,1)
1,13: (60909,44975,12593,65535)  #EDAF31FF  srgba(237,175,49,1)
2,13: (60909,47031,13107,65535)  #EDB733FF  srgba(237,183,51,1)
3,13: (61166,11308,6425,65535)  #EE2C19FF  srgba(238,44,25,1)
4,13: (61166,51657,13878,65535)  #EEC936FF  srgba(238,201,54,1)
5,13: (61423,28013,24415,65535)  #EF6D5FFF  srgba(239,109,95,1)
6,13: (61680,31354,8224,65535)  #F07A20FF  srgba(240,122,32,1)
7,13: (61680,40606,8995,65535)  #F09E23FF  srgba(240,158,35,1)
8,13: (62451,37008,11822,65535)  #F3902EFF  srgba(243,144,46,1)
9,13: (62708,32125,11565,65535)  #F47D2DFF  srgba(244,125,45,1)
10,13: (62965,53199,23130,65535)  #F5CF5AFF  srgba(245,207,90,1)
11,13: (63222,41891,14392,65535)  #F6A338FF  srgba(246,163,56,1)
12,13: (63222,49087,19532,65535)  #F6BF4CFF  srgba(246,191,76,1)
13,13: (63222,55512,38036,65535)  #F6D894FF  srgba(246,216,148,1)
14,13: (63479,41634,17219,65535)  #F7A243FF  srgba(247,162,67,1)
15,13: (63479,54741,33667,65535)  #F7D583FF  srgba(247,213,131,1)
0,14: (63736,42148,11565,65535)  #F8A42DFF  srgba(248,164,45,1)
1,14: (63736,54741,31097,65535)  #F8D579FF  srgba(248,213,121,1)
2,14: (63736,58082,19789,65535)  #F8E24DFF  srgba(248,226,77,1)
3,14: (63993,19275,11565,65535)  #F94B2DFF  srgba(249,75,45,1)
4,14: (63993,26728,11822,65535)  #F9682EFF  srgba(249,104,46,1)
5,14: (63993,34952,14392,65535)  #F98838FF  srgba(249,136,56,1)
6,14: (64250,47031,13878,65535)  #FAB736FF  srgba(250,183,54,1)
7,14: (64507,25186,14392,65535)  #FB6238FF  srgba(251,98,56,1)
8,14: (64507,41634,20046,65535)  #FBA24EFF  srgba(251,162,78,1)
9,14: (64764,35209,16962,65535)  #FC8942FF  srgba(252,137,66,1)
10,14: (64764,52685,14906,65535)  #FCCD3AFF  srgba(252,205,58,1)
11,14: (64764,57568,25443,65535)  #FCE063FF  srgba(252,224,99,1)
12,14: (64764,57825,23387,65535)  #FCE15BFF  srgba(252,225,91,1)
13,14: (65278,25957,16705,65535)  #FE6541FF  srgba(254,101,65,1)
14,14: (65278,35466,19018,65535)  #FE8A4AFF  srgba(254,138,74,1)
15,14: (65278,35980,23901,65535)  #FE8C5DFF  srgba(254,140,93,1)
0,15: (65278,41634,26214,65535)  #FEA266FF  srgba(254,162,102,1)
1,15: (65278,54227,19532,65535)  #FED34CFF  srgba(254,211,76,1)
2,15: (65278,56797,25700,65535)  #FEDD64FF  srgba(254,221,100,1)
3,15: (65278,57311,23387,65535)  #FEDF5BFF  srgba(254,223,91,1)
4,15: (65278,58339,15677,65535)  #FEE33DFF  srgba(254,227,61,1)
5,15: (65278,59624,19789,65535)  #FEE84DFF  srgba(254,232,77,1)
6,15: (65535,26214,19018,65535)  #FF664AFF  srgba(255,102,74,1)
7,15: (65535,50629,19789,65535)  #FFC54DFF  srgba(255,197,77,1)
8,15: (65535,54741,23130,65535)  #FFD55AFF  srgba(255,213,90,1)
9,15: (65535,55512,28270,65535)  #FFD86EFF  srgba(255,216,110,1)
10,15: (65535,55769,28013,65535)  #FFD96DFF  srgba(255,217,109,1)
11,15: (65535,56026,19789,65535)  #FFDA4DFF  srgba(255,218,77,1)
12,15: (65535,57054,25700,65535)  #FFDE64FF  srgba(255,222,100,1)
13,15: (65535,59624,19789,65535)  #FFE84DFF  srgba(255,232,77,1)
14,15: (65535,60138,23387,65535)  #FFEA5BFF  srgba(255,234,91,1)
15,15: (0,65535,0,0)  #00FF0000  srgba(0,255,0,0)
