# ImageMagick pixel enumeration: 16,16,65535,srgba
0,0: (0,0,10794,65535)  #00002AFF  srgba(0,0,42,1)
1,0: (0,0,11308,65535)  #00002CFF  srgba(0,0,44,1)
2,0: (0,0,12336,65535)  #000030FF  srgba(0,0,48,1)
3,0: (0,0,14392,65535)  #000038FF  srgba(0,0,56,1)
4,0: (0,0,15420,65535)  #00003CFF  srgba(0,0,60,1)
5,0: (0,0,16962,65535)  #000042FF  srgba(0,0,66,1)
6,0: (0,0,19018,65535)  #00004AFF  srgba(0,0,74,1)
7,0: (0,0,20046,65535)  #00004EFF  srgba(0,0,78,1)
8,0: (0,0,21331,65535)  #000053FF  srgba(0,0,83,1)
9,0: (0,0,21331,65535)  #000053FF  srgba(0,0,83,1)
10,0: (0,0,21588,65535)  #000054FF  srgba(0,0,84,1)
11,0: (0,0,22359,65535)  #000057FF  srgba(0,0,87,1)
12,0: (0,0,22616,65535)  #000058FF  srgba(0,0,88,1)
13,0: (0,0,23130,65535)  #00005AFF  srgba(0,0,90,1)
14,0: (0,0,23387,65535)  #00005BFF  srgba(0,0,91,1)
15,0: (0,0,24158,65535)  #00005EFF  srgba(0,0,94,1)
0,1: (0,0,24929,65535)  #000061FF  srgba(0,0,97,1)
1,1: (0,0,26214,65535)  #000066FF  srgba(0,0,102,1)
2,1: (0,0,27242,65535)  #00006AFF  srgba(0,0,106,1)
3,1: (0,0,28784,65535)  #000070FF  srgba(0,0,112,1)
4,1: (0,0,31097,65535)  #000079FF  srgba(0,0,121,1)
5,1: (0,0,31611,65535)  #00007BFF  srgba(0,0,123,1)
6,1: (0,0,33667,65535)  #000083FF  srgba(0,0,131,1)
7,1: (0,0,33667,65535)  #000083FF  srgba(0,0,131,1)
8,1: (0,0,34952,65535)  #000088FF  srgba(0,0,136,1)
9,1: (0,0,35980,65535)  #00008CFF  srgba(0,0,140,1)
10,1: (0,0,37008,65535)  #000090FF  srgba(0,0,144,1)
11,1: (0,0,37008,65535)  #000090FF  srgba(0,0,144,1)
12,1: (0,0,39578,65535)  #00009AFF  srgba(0,0,154,1)
13,1: (0,0,40092,65535)  #00009CFF  srgba(0,0,156,1)
14,1: (0,0,43176,65535)  #0000A8FF  srgba(0,0,168,1)
15,1: (0,0,43176,65535)  #0000A8FF  srgba(0,0,168,1)
0,2: (0,0,45232,65535)  #0000B0FF  srgba(0,0,176,1)
1,2: (0,0,46260,65535)  #0000B4FF  srgba(0,0,180,1)
2,2: (0,0,48059,65535)  #0000BBFF  srgba(0,0,187,1)
3,2: (0,0,50629,65535)  #0000C5FF  srgba(0,0,197,1)
4,2: (0,0,51143,65535)  #0000C7FF  srgba(0,0,199,1)
5,2: (0,0,53713,65535)  #0000D1FF  srgba(0,0,209,1)
6,2: (0,0,55769,65535)  #0000D9FF  srgba(0,0,217,1)
7,2: (0,0,58082,65535)  #0000E2FF  srgba(0,0,226,1)
8,2: (0,257,22616,65535)  #000158FF  srgba(0,1,88,1)
9,2: (0,257,23387,65535)  #00015BFF  srgba(0,1,91,1)
10,2: (0,257,23901,65535)  #00015DFF  srgba(0,1,93,1)
11,2: (0,257,25186,65535)  #000162FF  srgba(0,1,98,1)
12,2: (0,257,30069,65535)  #000175FF  srgba(0,1,117,1)
13,2: (0,257,34181,65535)  #000185FF  srgba(0,1,133,1)
14,2: (0,257,39321,65535)  #000199FF  srgba(0,1,153,1)
15,2: (0,257,46517,65535)  #0001B5FF  srgba(0,1,181,1)
0,3: (0,257,48573,65535)  #0001BDFF  srgba(0,1,189,1)
1,3: (0,257,54998,65535)  #0001D6FF  srgba(0,1,214,1)
2,3: (0,514,50886,65535)  #0002C6FF  srgba(0,2,198,1)
3,3: (0,514,54227,65535)  #0002D3FF  srgba(0,2,211,1)
4,3: (0,514,56540,65535)  #0002DCFF  srgba(0,2,220,1)
5,3: (0,514,58339,65535)  #0002E3FF  srgba(0,2,227,1)
6,3: (0,514,59110,65535)  #0002E6FF  srgba(0,2,230,1)
7,3: (0,514,60909,65535)  #0002EDFF  srgba(0,2,237,1)
8,3: (0,771,19532,65535)  #00034CFF  srgba(0,3,76,1)
9,3: (0,771,24929,65535)  #000361FF  srgba(0,3,97,1)
10,3: (0,771,28527,65535)  #00036FFF  srgba(0,3,111,1)
11,3: (0,771,34952,65535)  #000388FF  srgba(0,3,136,1)
12,3: (0,771,41891,65535)  #0003A3FF  srgba(0,3,163,1)
13,3: (0,771,57568,65535)  #0003E0FF  srgba(0,3,224,1)
14,3: (0,771,59624,65535)  #0003E8FF  srgba(0,3,232,1)
15,3: (0,771,60138,65535)  #0003EAFF  srgba(0,3,234,1)
0,4: (0,1028,53970,65535)  #0004D2FF  srgba(0,4,210,1)
1,4: (0,1028,58596,65535)  #0004E4FF  srgba(0,4,228,1)
2,4: (0,1028,60909,65535)  #0004EDFF  srgba(0,4,237,1)
3,4: (257,0,11308,65535)  #01002CFF  srgba(1,0,44,1)
4,4: (257,0,11822,65535)  #01002EFF  srgba(1,0,46,1)
5,4: (257,0,16191,65535)  #01003FFF  srgba(1,0,63,1)
6,4: (257,0,19789,65535)  #01004DFF  srgba(1,0,77,1)
7,4: (257,0,22102,65535)  #010056FF  srgba(1,0,86,1)
8,4: (257,0,27242,65535)  #01006AFF  srgba(1,0,106,1)
9,4: (257,0,32125,65535)  #01007DFF  srgba(1,0,125,1)
10,4: (257,0,32382,65535)  #01007EFF  srgba(1,0,126,1)
11,4: (257,0,35466,65535)  #01008AFF  srgba(1,0,138,1)
12,4: (257,0,41120,65535)  #0100A0FF  srgba(1,0,160,1)
13,4: (257,0,45232,65535)  #0100B0FF  srgba(1,0,176,1)
14,4: (257,0,51657,65535)  #0100C9FF  srgba(1,0,201,1)
15,4: (257,0,56540,65535)  #0100DCFF  srgba(1,0,220,1)
0,5: (257,257,29555,65535)  #010173FF  srgba(1,1,115,1)
1,5: (257,257,52171,65535)  #0101CBFF  srgba(1,1,203,1)
2,5: (257,514,16448,65535)  #010240FF  srgba(1,2,64,1)
3,5: (257,514,47802,65535)  #0102BAFF  srgba(1,2,186,1)
4,5: (257,514,47802,65535)  #0102BAFF  srgba(1,2,186,1)
5,5: (257,514,52685,65535)  #0102CDFF  srgba(1,2,205,1)
6,5: (257,514,56283,65535)  #0102DBFF  srgba(1,2,219,1)
7,5: (257,514,57568,65535)  #0102E0FF  srgba(1,2,224,1)
8,5: (257,514,59110,65535)  #0102E6FF  srgba(1,2,230,1)
9,5: (257,514,59624,65535)  #0102E8FF  srgba(1,2,232,1)
10,5: (257,771,29555,65535)  #010373FF  srgba(1,3,115,1)
11,5: (257,771,37008,65535)  #010390FF  srgba(1,3,144,1)
12,5: (257,771,55512,65535)  #0103D8FF  srgba(1,3,216,1)
13,5: (257,771,58082,65535)  #0103E2FF  srgba(1,3,226,1)
14,5: (257,771,60138,65535)  #0103EAFF  srgba(1,3,234,1)
15,5: (257,771,62451,65535)  #0103F3FF  srgba(1,3,243,1)
0,6: (257,1028,45746,65535)  #0104B2FF  srgba(1,4,178,1)
1,6: (257,1285,61166,65535)  #0105EEFF  srgba(1,5,238,1)
2,6: (257,2056,28527,65535)  #01086FFF  srgba(1,8,111,1)
3,6: (257,2056,35980,65535)  #01088CFF  srgba(1,8,140,1)
4,6: (514,0,14392,65535)  #020038FF  srgba(2,0,56,1)
5,6: (514,0,19789,65535)  #02004DFF  srgba(2,0,77,1)
6,6: (514,0,25186,65535)  #020062FF  srgba(2,0,98,1)
7,6: (514,0,32382,65535)  #02007EFF  srgba(2,0,126,1)
8,6: (514,0,37008,65535)  #020090FF  srgba(2,0,144,1)
9,6: (514,0,40092,65535)  #02009CFF  srgba(2,0,156,1)
10,6: (514,0,47031,65535)  #0200B7FF  srgba(2,0,183,1)
11,6: (514,0,51400,65535)  #0200C8FF  srgba(2,0,200,1)
12,6: (514,0,58853,65535)  #0200E5FF  srgba(2,0,229,1)
13,6: (514,771,53199,65535)  #0203CFFF  srgba(2,3,207,1)
14,6: (514,771,55769,65535)  #0203D9FF  srgba(2,3,217,1)
15,6: (514,1028,61937,65535)  #0204F1FF  srgba(2,4,241,1)
0,7: (771,0,34438,65535)  #030086FF  srgba(3,0,134,1)
1,7: (771,514,20817,65535)  #030251FF  srgba(3,2,81,1)
2,7: (771,514,46517,65535)  #0302B5FF  srgba(3,2,181,1)
3,7: (771,514,50115,65535)  #0302C3FF  srgba(3,2,195,1)
4,7: (771,771,26214,65535)  #030366FF  srgba(3,3,102,1)
5,7: (771,771,30583,65535)  #030377FF  srgba(3,3,119,1)
6,7: (771,771,38293,65535)  #030395FF  srgba(3,3,149,1)
7,7: (771,771,43433,65535)  #0303A9FF  srgba(3,3,169,1)
8,7: (771,771,58596,65535)  #0303E4FF  srgba(3,3,228,1)
9,7: (771,1028,60652,65535)  #0304ECFF  srgba(3,4,236,1)
10,7: (771,1028,61937,65535)  #0304F1FF  srgba(3,4,241,1)
11,7: (1028,0,16962,65535)  #040042FF  srgba(4,0,66,1)
12,7: (1028,0,42919,65535)  #0400A7FF  srgba(4,0,167,1)
13,7: (1028,0,54741,65535)  #0400D5FF  srgba(4,0,213,1)
14,7: (1028,514,50372,65535)  #0402C4FF  srgba(4,2,196,1)
15,7: (1028,771,54741,65535)  #0403D5FF  srgba(4,3,213,1)
0,8: (1028,1028,61423,65535)  #0404EFFF  srgba(4,4,239,1)
1,8: (1028,1285,60909,65535)  #0405EDFF  srgba(4,5,237,1)
2,8: (1285,0,26728,65535)  #050068FF  srgba(5,0,104,1)
3,8: (1285,771,59624,65535)  #0503E8FF  srgba(5,3,232,1)
4,8: (1285,1542,59624,65535)  #0506E8FF  srgba(5,6,232,1)
5,8: (1542,0,16448,65535)  #060040FF  srgba(6,0,64,1)
6,8: (1542,771,45746,65535)  #0603B2FF  srgba(6,3,178,1)
7,8: (1542,1028,38550,65535)  #060496FF  srgba(6,4,150,1)
8,8: (1542,1028,60138,65535)  #0604EAFF  srgba(6,4,234,1)
9,8: (1799,1028,19275,65535)  #07044BFF  srgba(7,4,75,1)
10,8: (1799,1028,52942,65535)  #0704CEFF  srgba(7,4,206,1)
11,8: (1799,1285,26214,65535)  #070566FF  srgba(7,5,102,1)
12,8: (2056,0,33924,65535)  #080084FF  srgba(8,0,132,1)
13,8: (2056,0,46260,65535)  #0800B4FF  srgba(8,0,180,1)
14,8: (2056,0,57054,65535)  #0800DEFF  srgba(8,0,222,1)
15,8: (2056,1285,59110,65535)  #0805E6FF  srgba(8,5,230,1)
0,9: (2313,1028,44718,65535)  #0904AEFF  srgba(9,4,174,1)
1,9: (2313,1285,38293,65535)  #090595FF  srgba(9,5,149,1)
2,9: (2570,0,15677,65535)  #0A003DFF  srgba(10,0,61,1)
3,9: (2570,1285,21845,65535)  #0A0555FF  srgba(10,5,85,1)
4,9: (2570,1542,30840,65535)  #0A0678FF  srgba(10,6,120,1)
5,9: (2570,2827,28270,65535)  #0A0B6EFF  srgba(10,11,110,1)
6,9: (2827,1285,52942,65535)  #0B05CEFF  srgba(11,5,206,1)
7,9: (2827,3341,36751,65535)  #0B0D8FFF  srgba(11,13,143,1)
8,9: (3084,1542,41377,65535)  #0C06A1FF  srgba(12,6,161,1)
9,9: (3341,0,47031,65535)  #0D00B7FF  srgba(13,0,183,1)
10,9: (3341,0,57311,65535)  #0D00DFFF  srgba(13,0,223,1)
11,9: (3341,771,59881,65535)  #0D03E9FF  srgba(13,3,233,1)
12,9: (3341,3598,31354,65535)  #0D0E7AFF  srgba(13,14,122,1)
13,9: (3855,1799,60138,65535)  #0F07EAFF  srgba(15,7,234,1)
14,9: (3855,3084,44204,65535)  #0F0CACFF  srgba(15,12,172,1)
15,9: (3855,3084,60652,65535)  #0F0CECFF  srgba(15,12,236,1)
0,10: (4369,4112,19789,65535)  #11104DFF  srgba(17,16,77,1)
1,10: (4369,4626,24929,65535)  #111261FF  srgba(17,18,97,1)
2,10: (4626,1542,25186,65535)  #120662FF  srgba(18,6,98,1)
3,10: (4626,3084,52171,65535)  #120CCBFF  srgba(18,12,203,1)
4,10: (4626,5140,28270,65535)  #12146EFF  srgba(18,20,110,1)
5,10: (4883,1285,16962,65535)  #130542FF  srgba(19,5,66,1)
6,10: (5140,4112,37008,65535)  #141090FF  srgba(20,16,144,1)
7,10: (5397,1285,53199,65535)  #1505CFFF  srgba(21,5,207,1)
8,10: (5397,4883,43690,65535)  #1513AAFF  srgba(21,19,170,1)
9,10: (5397,6168,31868,65535)  #15187CFF  srgba(21,24,124,1)
10,10: (5654,4626,51400,65535)  #1612C8FF  srgba(22,18,200,1)
11,10: (5654,5911,36494,65535)  #16178EFF  srgba(22,23,142,1)
12,10: (5911,0,14135,65535)  #170037FF  srgba(23,0,55,1)
13,10: (5911,1285,42148,65535)  #1705A4FF  srgba(23,5,164,1)
14,10: (6425,6168,47802,65535)  #1918BAFF  srgba(25,24,186,1)
15,10: (6939,0,47031,65535)  #1B00B7FF  srgba(27,0,183,1)
0,11: (6939,0,57311,65535)  #1B00DFFF  srgba(27,0,223,1)
1,11: (6939,3084,60909,65535)  #1B0CEDFF  srgba(27,12,237,1)
2,11: (6939,4883,61680,65535)  #1B13F0FF  srgba(27,19,240,1)
3,11: (6939,7710,46003,65535)  #1B1EB3FF  srgba(27,30,179,1)
4,11: (6939,8224,36494,65535)  #1B208EFF  srgba(27,32,142,1)
5,11: (8481,6939,61937,65535)  #211BF1FF  srgba(33,27,241,1)
6,11: (9252,7453,25186,65535)  #241D62FF  srgba(36,29,98,1)
7,11: (9252,7967,32125,65535)  #241F7DFF  srgba(36,31,125,1)
8,11: (9252,8738,36494,65535)  #24228EFF  srgba(36,34,142,1)
9,11: (9509,5397,52171,65535)  #2515CBFF  srgba(37,21,203,1)
10,11: (9766,8481,42919,65535)  #2621A7FF  srgba(38,33,167,1)
11,11: (10023,9252,51143,65535)  #2724C7FF  srgba(39,36,199,1)
12,11: (11308,6682,61937,65535)  #2C1AF1FF  srgba(44,26,241,1)
13,11: (11565,8995,25443,65535)  #2D2363FF  srgba(45,35,99,1)
14,11: (12336,9252,51914,65535)  #3024CAFF  srgba(48,36,202,1)
15,11: (12336,10280,42919,65535)  #3028A7FF  srgba(48,40,167,1)
0,12: (12850,10537,36751,65535)  #32298FFF  srgba(50,41,143,1)
1,12: (13107,9766,32125,65535)  #33267DFF  srgba(51,38,125,1)
2,12: (14135,9509,52685,65535)  #3725CDFF  srgba(55,37,205,1)
3,12: (14135,10537,43690,65535)  #3729AAFF  srgba(55,41,170,1)
4,12: (14392,14392,49087,65535)  #3838BFFF  srgba(56,56,191,1)
5,12: (14906,7453,61937,65535)  #3A1DF1FF  srgba(58,29,241,1)
6,12: (15163,10023,28013,65535)  #3B276DFF  srgba(59,39,109,1)
7,12: (15163,11565,62451,65535)  #3B2DF3FF  srgba(59,45,243,1)
8,12: (15163,14392,41120,65535)  #3B38A0FF  srgba(59,56,160,1)
9,12: (15934,8995,19532,65535)  #3E234CFF  srgba(62,35,76,1)
10,12: (16191,10023,48830,65535)  #3F27BEFF  srgba(63,39,190,1)
11,12: (16191,15677,37522,65535)  #3F3D92FF  srgba(63,61,146,1)
12,12: (16705,15934,33924,65535)  #413E84FF  srgba(65,62,132,1)
13,12: (16962,15677,28013,65535)  #423D6DFF  srgba(66,61,109,1)
14,12: (17733,15677,62451,65535)  #453DF3FF  srgba(69,61,243,1)
15,12: (18504,15163,49858,65535)  #483BC2FF  srgba(72,59,194,1)
0,13: (18504,18504,41634,65535)  #4848A2FF  srgba(72,72,162,1)
1,13: (18761,17990,49344,65535)  #4946C0FF  srgba(73,70,192,1)
2,13: (20046,10280,49087,65535)  #4E28BFFF  srgba(78,40,191,1)
3,13: (20560,21588,49087,65535)  #5054BFFF  srgba(80,84,191,1)
4,13: (22616,13364,62965,65535)  #5834F5FF  srgba(88,52,245,1)
5,13: (23130,17733,63222,65535)  #5A45F6FF  srgba(90,69,246,1)
6,13: (23644,20303,62965,65535)  #5C4FF5FF  srgba(92,79,245,1)
7,13: (24929,22873,52942,65535)  #6159CEFF  srgba(97,89,206,1)
8,13: (24929,23901,62451,65535)  #615DF3FF  srgba(97,93,243,1)
9,13: (26471,21331,40863,65535)  #67539FFF  srgba(103,83,159,1)
10,13: (26471,21845,46517,65535)  #6755B5FF  srgba(103,85,181,1)
11,13: (26728,20817,35980,65535)  #68518CFF  srgba(104,81,140,1)
12,13: (27499,20046,27756,65535)  #6B4E6CFF  srgba(107,78,108,1)
13,13: (28784,20560,63479,65535)  #7050F7FF  srgba(112,80,247,1)
14,13: (29041,25700,53199,65535)  #7164CFFF  srgba(113,100,207,1)
15,13: (29041,26728,62965,65535)  #7168F5FF  srgba(113,104,245,1)
0,14: (29298,29041,47802,65535)  #7271BAFF  srgba(114,113,186,1)
1,14: (30326,29041,40349,65535)  #76719DFF  srgba(118,113,157,1)
2,14: (32382,25186,63479,65535)  #7E62F7FF  srgba(126,98,247,1)
3,14: (32382,31611,62194,65535)  #7E7BF2FF  srgba(126,123,242,1)
4,14: (34438,26471,53199,65535)  #8667CFFF  srgba(134,103,207,1)
5,14: (34952,34181,53456,65535)  #8885D0FF  srgba(136,133,208,1)
6,14: (37265,35466,62708,65535)  #918AF4FF  srgba(145,138,244,1)
7,14: (37522,26471,63479,65535)  #9267F7FF  srgba(146,103,247,1)
8,14: (38036,32125,63479,65535)  #947DF7FF  srgba(148,125,247,1)
9,14: (38807,32125,47802,65535)  #977DBAFF  srgba(151,125,186,1)
10,14: (39321,39321,62708,65535)  #9999F4FF  srgba(153,153,244,1)
11,14: (40092,32125,43176,65535)  #9C7DA8FF  srgba(156,125,168,1)
12,14: (40606,30840,34438,65535)  #9E7886FF  srgba(158,120,134,1)
13,14: (41634,39321,47802,65535)  #A299BAFF  srgba(162,153,186,1)
14,14: (44975,34952,63479,65535)  #AF88F7FF  srgba(175,136,247,1)
15,14: (45232,38036,53713,65535)  #B094D1FF  srgba(176,148,209,1)
0,15: (45489,39835,63479,65535)  #B19BF7FF  srgba(177,155,247,1)
1,15: (46003,43176,63479,65535)  #B3A8F7FF  srgba(179,168,247,1)
2,15: (47802,45489,53970,65535)  #BAB1D2FF  srgba(186,177,210,1)
3,15: (47802,47545,63736,65535)  #BAB9F8FF  srgba(186,185,248,1)
4,15: (50115,43433,43176,65535)  #C3A9A8FF  srgba(195,169,168,1)
5,15: (51143,42662,35723,65535)  #C7A68BFF  srgba(199,166,139,1)
6,15: (54484,42405,63736,65535)  #D4A5F8FF  srgba(212,165,248,1)
7,15: (54484,52171,63736,65535)  #D4CBF8FF  srgba(212,203,248,1)
8,15: (55255,46774,47802,65535)  #D7B6BAFF  srgba(215,182,186,1)
9,15: (56026,48059,63736,65535)  #DABBF8FF  srgba(218,187,248,1)
10,15: (58853,52171,53970,65535)  #E5CBD2FF  srgba(229,203,210,1)
11,15: (59110,58339,64250,65535)  #E6E3FAFF  srgba(230,227,250,1)
12,15: (61423,52942,63993,65535)  #EFCEF9FF  srgba(239,206,249,1)
13,15: (63479,60909,64507,65535)  #F7EDFBFF  srgba(247,237,251,1)
14,15: (65278,62194,64764,65535)  #FEF2FCFF  srgba(254,242,252,1)
15,15: (0,65535,0,0)  #00FF0000  srgba(0,255,0,0)
