# ImageMagick pixel enumeration: 16,16,65535,srgba
0,0: (0,0,0,65535)  #000000FF  black
1,0: (0,0,514,65535)  #000002FF  srgba(0,0,2,1)
2,0: (0,0,1285,65535)  #000005FF  srgba(0,0,5,1)
3,0: (0,257,0,65535)  #000100FF  srgba(0,1,0,1)
4,0: (257,0,257,65535)  #010001FF  srgba(1,0,1,1)
5,0: (257,0,771,65535)  #010003FF  srgba(1,0,3,1)
6,0: (257,0,1542,65535)  #010006FF  srgba(1,0,6,1)
7,0: (257,257,257,65535)  #010101FF  srgba(1,1,1,1)
8,0: (1028,0,771,65535)  #040003FF  srgba(4,0,3,1)
9,0: (1542,0,1799,65535)  #060007FF  srgba(6,0,7,1)
10,0: (1542,257,2827,65535)  #06010BFF  srgba(6,1,11,1)
11,0: (2827,0,1799,65535)  #0B0007FF  srgba(11,0,7,1)
12,0: (2827,0,3855,65535)  #0B000FFF  srgba(11,0,15,1)
13,0: (2827,1542,4112,65535)  #0B0610FF  srgba(11,6,16,1)
14,0: (3855,257,6168,65535)  #0F0118FF  srgba(15,1,24,1)
15,0: (3855,257,10537,65535)  #0F0129FF  srgba(15,1,41,1)
0,1: (4112,0,2827,65535)  #10000BFF  srgba(16,0,11,1)
1,1: (4112,1028,4626,65535)  #100412FF  srgba(16,4,18,1)
2,1: (5140,3084,6425,65535)  #140C19FF  srgba(20,12,25,1)
3,1: (5397,514,4112,65535)  #150210FF  srgba(21,2,16,1)
4,1: (5654,257,7453,65535)  #16011DFF  srgba(22,1,29,1)
5,1: (6168,3598,7967,65535)  #180E1FFF  srgba(24,14,31,1)
6,1: (6425,3598,10280,65535)  #190E28FF  srgba(25,14,40,1)
7,1: (6682,514,4369,65535)  #1A0211FF  srgba(26,2,17,1)
8,1: (6939,0,6168,65535)  #1B0018FF  srgba(27,0,24,1)
9,1: (6939,257,9509,65535)  #1B0125FF  srgba(27,1,37,1)
10,1: (7710,257,4112,65535)  #1E0110FF  srgba(30,1,16,1)
11,1: (7967,2313,17219,65535)  #1F0943FF  srgba(31,9,67,1)
12,1: (8738,2570,7453,65535)  #220A1DFF  srgba(34,10,29,1)
13,1: (8738,4883,8481,65535)  #221321FF  srgba(34,19,33,1)
14,1: (8995,0,7196,65535)  #23001CFF  srgba(35,0,28,1)
15,1: (8995,3084,11822,65535)  #230C2EFF  srgba(35,12,46,1)
0,2: (9252,5911,12079,65535)  #24172FFF  srgba(36,23,47,1)
1,2: (9509,0,9766,65535)  #250026FF  srgba(37,0,38,1)
2,2: (10794,0,4369,65535)  #2A0011FF  srgba(42,0,17,1)
3,2: (10794,4626,17476,65535)  #2A1244FF  srgba(42,18,68,1)
4,2: (11822,0,9252,65535)  #2E0024FF  srgba(46,0,36,1)
5,2: (11822,6682,13621,65535)  #2E1A35FF  srgba(46,26,53,1)
6,2: (12079,3598,12850,65535)  #2F0E32FF  srgba(47,14,50,1)
7,2: (12079,3855,8738,65535)  #2F0F22FF  srgba(47,15,34,1)
8,2: (12336,1285,8995,65535)  #300523FF  srgba(48,5,35,1)
9,2: (12336,3855,22616,65535)  #300F58FF  srgba(48,15,88,1)
10,2: (12336,5911,10023,65535)  #301727FF  srgba(48,23,39,1)
11,2: (12593,1285,13107,65535)  #310533FF  srgba(49,5,51,1)
12,2: (12850,7196,17219,65535)  #321C43FF  srgba(50,28,67,1)
13,2: (13107,0,12079,65535)  #33002FFF  srgba(51,0,47,1)
14,2: (13107,2827,16962,65535)  #330B42FF  srgba(51,11,66,1)
15,2: (15163,4369,25957,65535)  #3B1165FF  srgba(59,17,101,1)
0,3: (15163,7710,18504,65535)  #3B1E48FF  srgba(59,30,72,1)
1,3: (15420,257,12336,65535)  #3C0130FF  srgba(60,1,48,1)
2,3: (15420,3855,17476,65535)  #3C0F44FF  srgba(60,15,68,1)
3,3: (15677,0,13107,65535)  #3D0033FF  srgba(61,0,51,1)
4,3: (15677,771,16448,65535)  #3D0340FF  srgba(61,3,64,1)
5,3: (15677,2313,11051,65535)  #3D092BFF  srgba(61,9,43,1)
6,3: (15677,5397,11565,65535)  #3D152DFF  srgba(61,21,45,1)
7,3: (16705,6168,22616,65535)  #411858FF  srgba(65,24,88,1)
8,3: (17219,4112,29555,65535)  #431073FF  srgba(67,16,115,1)
9,3: (17733,257,13107,65535)  #450133FF  srgba(69,1,51,1)
10,3: (17990,5654,19018,65535)  #46164AFF  srgba(70,22,74,1)
11,3: (18247,0,16448,65535)  #470040FF  srgba(71,0,64,1)
12,3: (18247,2570,18504,65535)  #470A48FF  srgba(71,10,72,1)
13,3: (18504,771,17476,65535)  #480344FF  srgba(72,3,68,1)
14,3: (18761,3084,11565,65535)  #490C2DFF  srgba(73,12,45,1)
15,3: (18761,5654,12593,65535)  #491631FF  srgba(73,22,49,1)
0,4: (20046,5911,25957,65535)  #4E1765FF  srgba(78,23,101,1)
1,4: (20046,6168,22873,65535)  #4E1859FF  srgba(78,24,89,1)
2,4: (20303,257,12336,65535)  #4F0130FF  srgba(79,1,48,1)
3,4: (20560,1799,22359,65535)  #500757FF  srgba(80,7,87,1)
4,4: (20817,257,18247,65535)  #510147FF  srgba(81,1,71,1)
5,4: (20817,4626,33410,65535)  #511282FF  srgba(81,18,130,1)
6,4: (21074,1799,19018,65535)  #52074AFF  srgba(82,7,74,1)
7,4: (21074,3598,18761,65535)  #520E49FF  srgba(82,14,73,1)
8,4: (21588,771,19018,65535)  #54034AFF  srgba(84,3,74,1)
9,4: (21845,257,19275,65535)  #55014BFF  srgba(85,1,75,1)
10,4: (21845,5911,29812,65535)  #551774FF  srgba(85,23,116,1)
11,4: (23130,257,19018,65535)  #5A014AFF  srgba(90,1,74,1)
12,4: (23387,2570,22873,65535)  #5B0A59FF  srgba(91,10,89,1)
13,4: (23644,3084,37779,65535)  #5C0C93FF  srgba(92,12,147,1)
14,4: (23901,771,22102,65535)  #5D0356FF  srgba(93,3,86,1)
15,4: (23901,5140,13621,65535)  #5D1435FF  srgba(93,20,53,1)
0,5: (24158,5397,25957,65535)  #5E1565FF  srgba(94,21,101,1)
1,5: (24158,8481,17476,65535)  #5E2144FF  srgba(94,33,68,1)
2,5: (24415,2827,12850,65535)  #5F0B32FF  srgba(95,11,50,1)
3,5: (24672,2056,25700,65535)  #600864FF  srgba(96,8,100,1)
4,5: (24672,5397,17476,65535)  #601544FF  srgba(96,21,68,1)
5,5: (24929,514,12593,65535)  #610231FF  srgba(97,2,49,1)
6,5: (24929,771,20303,65535)  #61034FFF  srgba(97,3,79,1)
7,5: (25186,6939,37008,65535)  #621B90FF  srgba(98,27,144,1)
8,5: (25443,1799,18761,65535)  #630749FF  srgba(99,7,73,1)
9,5: (25957,0,18504,65535)  #650048FF  srgba(101,0,72,1)
10,5: (26214,771,23130,65535)  #66035AFF  srgba(102,3,90,1)
11,5: (26214,3598,17733,65535)  #660E45FF  srgba(102,14,69,1)
12,5: (26214,5654,33667,65535)  #661683FF  srgba(102,22,131,1)
13,5: (26471,1285,23387,65535)  #67055BFF  srgba(103,5,91,1)
14,5: (26471,2313,23130,65535)  #67095AFF  srgba(103,9,90,1)
15,5: (26728,6425,29555,65535)  #681973FF  srgba(104,25,115,1)
0,6: (26728,7453,40863,65535)  #681D9FFF  srgba(104,29,159,1)
1,6: (27242,2570,29298,65535)  #6A0A72FF  srgba(106,10,114,1)
2,6: (27499,2827,26214,65535)  #6B0B66FF  srgba(107,11,102,1)
3,6: (27499,3598,39578,65535)  #6B0E9AFF  srgba(107,14,154,1)
4,6: (28013,1285,25443,65535)  #6D0563FF  srgba(109,5,99,1)
5,6: (29812,1799,25443,65535)  #740763FF  srgba(116,7,99,1)
6,6: (30583,1028,24929,65535)  #770461FF  srgba(119,4,97,1)
7,6: (31097,1542,27242,65535)  #79066AFF  srgba(121,6,106,1)
8,6: (31097,1799,27499,65535)  #79076BFF  srgba(121,7,107,1)
9,6: (31354,1799,14649,65535)  #7A0739FF  srgba(122,7,57,1)
10,6: (31611,2827,27242,65535)  #7B0B6AFF  srgba(123,11,106,1)
11,6: (31611,3598,24672,65535)  #7B0E60FF  srgba(123,14,96,1)
12,6: (31868,3598,30326,65535)  #7C0E76FF  srgba(124,14,118,1)
13,6: (31868,6939,33153,65535)  #7C1B81FF  srgba(124,27,129,1)
14,6: (32125,514,20303,65535)  #7D024FFF  srgba(125,2,79,1)
15,6: (32382,2570,16705,65535)  #7E0A41FF  srgba(126,10,65,1)
0,7: (32382,2570,20046,65535)  #7E0A4EFF  srgba(126,10,78,1)
1,7: (32382,4883,32896,65535)  #7E1380FF  srgba(126,19,128,1)
2,7: (32382,6168,19789,65535)  #7E184DFF  srgba(126,24,77,1)
3,7: (32639,8224,39835,65535)  #7F209BFF  srgba(127,32,155,1)
4,7: (32896,1799,29298,65535)  #800772FF  srgba(128,7,114,1)
5,7: (32896,2056,31354,65535)  #80087AFF  srgba(128,8,122,1)
6,7: (32896,5911,39064,65535)  #801798FF  srgba(128,23,152,1)
7,7: (32896,8738,45489,65535)  #8022B1FF  srgba(128,34,177,1)
8,7: (33153,2827,42148,65535)  #810BA4FF  srgba(129,11,164,1)
9,7: (33153,4369,43690,65535)  #8111AAFF  srgba(129,17,170,1)
10,7: (33410,3598,33924,65535)  #820E84FF  srgba(130,14,132,1)
11,7: (33667,2570,30326,65535)  #830A76FF  srgba(131,10,118,1)
12,7: (33667,5911,44204,65535)  #8317ACFF  srgba(131,23,172,1)
13,7: (33924,4369,38293,65535)  #841195FF  srgba(132,17,149,1)
14,7: (34181,2827,32382,65535)  #850B7EFF  srgba(133,11,126,1)
15,7: (34952,2056,31611,65535)  #88087BFF  srgba(136,8,123,1)
0,8: (36494,10023,50372,65535)  #8E27C4FF  srgba(142,39,196,1)
1,8: (37008,2570,32382,65535)  #900A7EFF  srgba(144,10,126,1)
2,8: (37265,3084,37522,65535)  #910C92FF  srgba(145,12,146,1)
3,8: (37522,1542,28784,65535)  #920670FF  srgba(146,6,112,1)
4,8: (37522,3084,20560,65535)  #920C50FF  srgba(146,12,80,1)
5,8: (37522,3341,29298,65535)  #920D72FF  srgba(146,13,114,1)
6,8: (37779,257,19789,65535)  #93014DFF  srgba(147,1,77,1)
7,8: (37779,2570,34181,65535)  #930A85FF  srgba(147,10,133,1)
8,8: (38293,3598,34952,65535)  #950E88FF  srgba(149,14,136,1)
9,8: (38550,3084,41120,65535)  #960CA0FF  srgba(150,12,160,1)
10,8: (38807,4369,40349,65535)  #97119DFF  srgba(151,17,157,1)
11,8: (39321,5397,38807,65535)  #991597FF  srgba(153,21,151,1)
12,8: (39321,5654,50115,65535)  #9916C3FF  srgba(153,22,195,1)
13,8: (39321,8224,42919,65535)  #9920A7FF  srgba(153,32,167,1)
14,8: (39835,5397,43947,65535)  #9B15ABFF  srgba(155,21,171,1)
15,8: (39835,6425,42662,65535)  #9B19A6FF  srgba(155,25,166,1)
0,9: (40863,3084,33924,65535)  #9F0C84FF  srgba(159,12,132,1)
1,9: (40863,3341,35980,65535)  #9F0D8CFF  srgba(159,13,140,1)
2,9: (41120,257,19789,65535)  #A0014DFF  srgba(160,1,77,1)
3,9: (41120,1799,24929,65535)  #A00761FF  srgba(160,7,97,1)
4,9: (41120,3084,37779,65535)  #A00C93FF  srgba(160,12,147,1)
5,9: (41120,4112,26214,65535)  #A01066FF  srgba(160,16,102,1)
6,9: (41120,9766,52685,65535)  #A026CDFF  srgba(160,38,205,1)
7,9: (41377,514,25186,65535)  #A10262FF  srgba(161,2,98,1)
8,9: (41634,4369,38293,65535)  #A21195FF  srgba(162,17,149,1)
9,9: (41634,4369,42405,65535)  #A211A5FF  srgba(162,17,165,1)
10,9: (42662,3341,37522,65535)  #A60D92FF  srgba(166,13,146,1)
11,9: (42662,3341,39835,65535)  #A60D9BFF  srgba(166,13,155,1)
12,9: (44461,3598,39064,65535)  #AD0E98FF  srgba(173,14,152,1)
13,9: (44461,6425,43947,65535)  #AD19ABFF  srgba(173,25,171,1)
14,9: (44718,771,22616,65535)  #AE0358FF  srgba(174,3,88,1)
15,9: (44718,3855,39835,65535)  #AE0F9BFF  srgba(174,15,155,1)
0,10: (44718,4369,40606,65535)  #AE119EFF  srgba(174,17,158,1)
1,10: (44975,2056,28013,65535)  #AF086DFF  srgba(175,8,109,1)
2,10: (44975,5140,43433,65535)  #AF14A9FF  srgba(175,20,169,1)
3,10: (44975,5911,50115,65535)  #AF17C3FF  srgba(175,23,195,1)
4,10: (44975,8738,55512,65535)  #AF22D8FF  srgba(175,34,216,1)
5,10: (45232,3341,41634,65535)  #B00DA2FF  srgba(176,13,162,1)
6,10: (45489,3855,42148,65535)  #B10FA4FF  srgba(177,15,164,1)
7,10: (45489,4112,34952,65535)  #B11088FF  srgba(177,16,136,1)
8,10: (45489,4369,44204,65535)  #B111ACFF  srgba(177,17,172,1)
9,10: (45746,2313,34181,65535)  #B20985FF  srgba(178,9,133,1)
10,10: (48316,1542,27242,65535)  #BC066AFF  srgba(188,6,106,1)
11,10: (48316,3598,40349,65535)  #BC0E9DFF  srgba(188,14,157,1)
12,10: (48316,4112,42662,65535)  #BC10A6FF  srgba(188,16,166,1)
13,10: (48573,5140,44718,65535)  #BD14AEFF  srgba(189,20,174,1)
14,10: (48830,4369,43176,65535)  #BE11A8FF  srgba(190,17,168,1)
15,10: (48830,6425,44975,65535)  #BE19AFFF  srgba(190,25,175,1)
0,11: (48830,9766,57825,65535)  #BE26E1FF  srgba(190,38,225,1)
1,11: (49087,4112,44461,65535)  #BF10ADFF  srgba(191,16,173,1)
2,11: (49087,4626,44461,65535)  #BF12ADFF  srgba(191,18,173,1)
3,11: (49087,5397,49601,65535)  #BF15C1FF  srgba(191,21,193,1)
4,11: (49087,6168,54484,65535)  #BF18D4FF  srgba(191,24,212,1)
5,11: (49601,4369,45232,65535)  #C111B0FF  srgba(193,17,176,1)
6,11: (51400,4369,44975,65535)  #C811AFFF  srgba(200,17,175,1)
7,11: (51914,1799,29041,65535)  #CA0771FF  srgba(202,7,113,1)
8,11: (51914,4369,46774,65535)  #CA11B6FF  srgba(202,17,182,1)
9,11: (51914,4883,46260,65535)  #CA13B4FF  srgba(202,19,180,1)
10,11: (52171,3598,40863,65535)  #CB0E9FFF  srgba(203,14,159,1)
11,11: (52428,4626,34181,65535)  #CC1285FF  srgba(204,18,133,1)
12,11: (52428,5140,46003,65535)  #CC14B3FF  srgba(204,20,179,1)
13,11: (52428,5654,51143,65535)  #CC16C7FF  srgba(204,22,199,1)
14,11: (52428,5911,45232,65535)  #CC17B0FF  srgba(204,23,176,1)
15,11: (52428,6168,55512,65535)  #CC18D8FF  srgba(204,24,216,1)
0,12: (52428,9509,59367,65535)  #CC25E7FF  srgba(204,37,231,1)
1,12: (52685,5140,48573,65535)  #CD14BDFF  srgba(205,20,189,1)
2,12: (53713,1285,33924,65535)  #D10584FF  srgba(209,5,132,1)
3,12: (54998,4883,49601,65535)  #D613C1FF  srgba(214,19,193,1)
4,12: (55255,4369,46260,65535)  #D711B4FF  srgba(215,17,180,1)
5,12: (55255,5397,49601,65535)  #D715C1FF  srgba(215,21,193,1)
6,12: (55255,7710,57054,65535)  #D71EDEFF  srgba(215,30,222,1)
7,12: (55512,3341,40606,65535)  #D80D9EFF  srgba(216,13,158,1)
8,12: (55512,9509,61680,65535)  #D825F0FF  srgba(216,37,240,1)
9,12: (55769,5911,55512,65535)  #D917D8FF  srgba(217,23,216,1)
10,12: (56026,5654,51914,65535)  #DA16CAFF  srgba(218,22,202,1)
11,12: (56540,5397,41634,65535)  #DC15A2FF  srgba(220,21,162,1)
12,12: (56797,5397,46774,65535)  #DD15B6FF  srgba(221,21,182,1)
13,12: (57311,4883,34695,65535)  #DF1387FF  srgba(223,19,135,1)
14,12: (58339,5654,51143,65535)  #E316C7FF  srgba(227,22,199,1)
15,12: (58853,4883,50372,65535)  #E513C4FF  srgba(229,19,196,1)
0,13: (59110,5397,53456,65535)  #E615D0FF  srgba(230,21,208,1)
1,13: (59367,3084,40349,65535)  #E70C9DFF  srgba(231,12,157,1)
2,13: (59367,5911,52942,65535)  #E717CEFF  srgba(231,23,206,1)
3,13: (59367,5911,53199,65535)  #E717CFFF  srgba(231,23,207,1)
4,13: (59624,7453,57825,65535)  #E81DE1FF  srgba(232,29,225,1)
5,13: (59881,6168,52428,65535)  #E918CCFF  srgba(233,24,204,1)
6,13: (59881,6939,52685,65535)  #E91BCDFF  srgba(233,27,205,1)
7,13: (59881,9509,62965,65535)  #E925F5FF  srgba(233,37,245,1)
8,13: (60395,3855,45489,65535)  #EB0FB1FF  srgba(235,15,177,1)
9,13: (60395,5911,55255,65535)  #EB17D7FF  srgba(235,23,215,1)
10,13: (60395,5911,58596,65535)  #EB17E4FF  srgba(235,23,228,1)
11,13: (60395,7453,61423,65535)  #EB1DEFFF  srgba(235,29,239,1)
12,13: (60652,5911,56540,65535)  #EC17DCFF  srgba(236,23,220,1)
13,13: (60652,6682,57311,65535)  #EC1ADFFF  srgba(236,26,223,1)
14,13: (61166,5397,42148,65535)  #EE15A4FF  srgba(238,21,164,1)
15,13: (61166,6939,41634,65535)  #EE1BA2FF  srgba(238,27,162,1)
0,14: (62708,6168,46517,65535)  #F418B5FF  srgba(244,24,181,1)
1,14: (63479,5654,51143,65535)  #F716C7FF  srgba(247,22,199,1)
2,14: (63479,6168,57311,65535)  #F718DFFF  srgba(247,24,223,1)
3,14: (63736,5911,54741,65535)  #F817D5FF  srgba(248,23,213,1)
4,14: (63736,6682,56797,65535)  #F81ADDFF  srgba(248,26,221,1)
5,14: (63993,6425,52942,65535)  #F919CEFF  srgba(249,25,206,1)
6,14: (63993,6425,59367,65535)  #F919E7FF  srgba(249,25,231,1)
7,14: (63993,6682,57825,65535)  #F91AE1FF  srgba(249,26,225,1)
8,14: (64250,7196,52428,65535)  #FA1CCCFF  srgba(250,28,204,1)
9,14: (64507,8738,65278,65535)  #FB22FEFF  srgba(251,34,254,1)
10,14: (64764,6939,60138,65535)  #FC1BEAFF  srgba(252,27,234,1)
11,14: (64764,6939,62451,65535)  #FC1BF3FF  srgba(252,27,243,1)
12,14: (64764,7196,63736,65535)  #FC1CF8FF  srgba(252,28,248,1)
13,14: (64764,7967,63993,65535)  #FC1FF9FF  srgba(252,31,249,1)
14,14: (64764,8224,65278,65535)  #FC20FEFF  srgba(252,32,254,1)
15,14: (64764,8481,65021,65535)  #FC21FDFF  srgba(252,33,253,1)
0,15: (64764,8738,64250,65535)  #FC22FAFF  srgba(252,34,250,1)
1,15: (65021,6425,60138,65535)  #FD19EAFF  srgba(253,25,234,1)
2,15: (65021,8224,65021,65535)  #FD20FDFF  srgba(253,32,253,1)
3,15: (65278,6939,56540,65535)  #FE1BDCFF  srgba(254,27,220,1)
4,15: (65278,6939,58853,65535)  #FE1BE5FF  srgba(254,27,229,1)
5,15: (65278,7196,49858,65535)  #FE1CC2FF  srgba(254,28,194,1)
6,15: (65278,7196,53970,65535)  #FE1CD2FF  srgba(254,28,210,1)
7,15: (65278,7196,61166,65535)  #FE1CEEFF  srgba(254,28,238,1)
8,15: (65278,7710,63479,65535)  #FE1EF7FF  srgba(254,30,247,1)
9,15: (65278,7967,65021,65535)  #FE1FFDFF  srgba(254,31,253,1)
10,15: (65278,7967,65278,65535)  #FE1FFEFF  srgba(254,31,254,1)
11,15: (65278,8738,65021,65535)  #FE22FDFF  srgba(254,34,253,1)
12,15: (65278,8738,65535,65535)  #FE22FFFF  srgba(254,34,255,1)
13,15: (65278,8995,65278,65535)  #FE23FEFF  srgba(254,35,254,1)
14,15: (65278,9509,65278,65535)  #FE25FEFF  srgba(254,37,254,1)
15,15: (0,65535,0,0)  #00FF0000  srgba(0,255,0,0)
