# ImageMagick pixel enumeration: 16,16,65535,srgba
0,0: (0,0,0,65535)  #000000FF  black
1,0: (0,0,514,65535)  #000002FF  srgba(0,0,2,1)
2,0: (0,0,2313,65535)  #000009FF  srgba(0,0,9,1)
3,0: (514,0,514,65535)  #020002FF  srgba(2,0,2,1)
4,0: (514,0,771,65535)  #020003FF  srgba(2,0,3,1)
5,0: (514,0,2313,65535)  #020009FF  srgba(2,0,9,1)
6,0: (771,0,1799,65535)  #030007FF  srgba(3,0,7,1)
7,0: (771,0,3855,65535)  #03000FFF  srgba(3,0,15,1)
8,0: (771,0,5911,65535)  #030017FF  srgba(3,0,23,1)
9,0: (1028,257,3855,65535)  #04010FFF  srgba(4,1,15,1)
10,0: (1028,19275,29041,65535)  #044B71FF  srgba(4,75,113,1)
11,0: (1285,0,2056,65535)  #050008FF  srgba(5,0,8,1)
12,0: (1285,514,5911,65535)  #050217FF  srgba(5,2,23,1)
13,0: (1285,514,7710,65535)  #05021EFF  srgba(5,2,30,1)
14,0: (1285,7453,17733,65535)  #051D45FF  srgba(5,29,69,1)
15,0: (1285,14392,25957,65535)  #053865FF  srgba(5,56,101,1)
0,1: (1285,26471,40606,65535)  #05679EFF  srgba(5,103,158,1)
1,1: (1542,771,9509,65535)  #060325FF  srgba(6,3,37,1)
2,1: (1542,2056,12336,65535)  #060830FF  srgba(6,8,48,1)
3,1: (3341,0,3598,65535)  #0D000EFF  srgba(13,0,14,1)
4,1: (3598,1799,6168,65535)  #0E0718FF  srgba(14,7,24,1)
5,1: (4369,257,7453,65535)  #11011DFF  srgba(17,1,29,1)
6,1: (4369,257,10023,65535)  #110127FF  srgba(17,1,39,1)
7,1: (4369,1799,10023,65535)  #110727FF  srgba(17,7,39,1)
8,1: (4626,3598,7967,65535)  #120E1FFF  srgba(18,14,31,1)
9,1: (5140,1542,13107,65535)  #140633FF  srgba(20,6,51,1)
10,1: (5140,3598,10794,65535)  #140E2AFF  srgba(20,14,42,1)
11,1: (5654,0,4626,65535)  #160012FF  srgba(22,0,18,1)
12,1: (5911,4626,13107,65535)  #171233FF  srgba(23,18,51,1)
13,1: (6425,3855,15677,65535)  #190F3DFF  srgba(25,15,61,1)
14,1: (6682,1799,6939,65535)  #1A071BFF  srgba(26,7,27,1)
15,1: (7196,4626,17733,65535)  #1C1245FF  srgba(28,18,69,1)
0,2: (7453,257,8481,65535)  #1D0121FF  srgba(29,1,33,1)
1,2: (7710,4112,8738,65535)  #1E1022FF  srgba(30,16,34,1)
2,2: (7710,8224,18761,65535)  #1E2049FF  srgba(30,32,73,1)
3,2: (7710,18247,27499,65535)  #1E476BFF  srgba(30,71,107,1)
4,2: (7967,5911,11051,65535)  #1F172BFF  srgba(31,23,43,1)
5,2: (7967,7967,14906,65535)  #1F1F3AFF  srgba(31,31,58,1)
6,2: (7967,12850,25186,65535)  #1F3262FF  srgba(31,50,98,1)
7,2: (8224,12850,22616,65535)  #203258FF  srgba(32,50,88,1)
8,2: (8224,21331,32639,65535)  #20537FFF  srgba(32,83,127,1)
9,2: (8481,8481,22102,65535)  #212156FF  srgba(33,33,86,1)
10,2: (8481,15934,26214,65535)  #213E66FF  srgba(33,62,102,1)
11,2: (8481,17990,30840,65535)  #214678FF  srgba(33,70,120,1)
12,2: (8738,2056,10280,65535)  #220828FF  srgba(34,8,40,1)
13,2: (8738,3598,11051,65535)  #220E2BFF  srgba(34,14,43,1)
14,2: (8995,12079,19532,65535)  #232F4CFF  srgba(35,47,76,1)
15,2: (9252,5654,13364,65535)  #241634FF  srgba(36,22,52,1)
0,3: (9252,10280,21331,65535)  #242853FF  srgba(36,40,83,1)
1,3: (9509,5140,19275,65535)  #25144BFF  srgba(37,20,75,1)
2,3: (9766,1799,13107,65535)  #260733FF  srgba(38,7,51,1)
3,3: (9766,5140,21588,65535)  #261454FF  srgba(38,20,84,1)
4,3: (9766,30840,47288,65535)  #2678B8FF  srgba(38,120,184,1)
5,3: (10023,4369,15934,65535)  #27113EFF  srgba(39,17,62,1)
6,3: (10280,0,9252,65535)  #280024FF  srgba(40,0,36,1)
7,3: (10280,4883,17733,65535)  #281345FF  srgba(40,19,69,1)
8,3: (10280,10280,16962,65535)  #282842FF  srgba(40,40,66,1)
9,3: (10794,29041,42405,65535)  #2A71A5FF  srgba(42,113,165,1)
10,3: (11051,8481,15163,65535)  #2B213BFF  srgba(43,33,59,1)
11,3: (11308,12593,25700,65535)  #2C3164FF  srgba(44,49,100,1)
12,3: (11565,8224,18761,65535)  #2D2049FF  srgba(45,32,73,1)
13,3: (11822,8224,22102,65535)  #2E2056FF  srgba(46,32,86,1)
14,3: (13621,1799,10280,65535)  #350728FF  srgba(53,7,40,1)
15,3: (14135,9252,18247,65535)  #372447FF  srgba(55,36,71,1)
0,4: (14135,17990,31097,65535)  #374679FF  srgba(55,70,121,1)
1,4: (14392,2570,12079,65535)  #380A2FFF  srgba(56,10,47,1)
2,4: (14392,8738,15163,65535)  #38223BFF  srgba(56,34,59,1)
3,4: (14392,10023,20817,65535)  #382751FF  srgba(56,39,81,1)
4,4: (14392,11565,17990,65535)  #382D46FF  srgba(56,45,70,1)
5,4: (14392,21845,33924,65535)  #385584FF  srgba(56,85,132,1)
6,4: (14906,771,13621,65535)  #3A0335FF  srgba(58,3,53,1)
7,4: (14906,5911,20303,65535)  #3A174FFF  srgba(58,23,79,1)
8,4: (14906,8481,24415,65535)  #3A215FFF  srgba(58,33,95,1)
9,4: (14906,9509,24415,65535)  #3A255FFF  srgba(58,37,95,1)
10,4: (14906,13878,31868,65535)  #3A367CFF  srgba(58,54,124,1)
11,4: (14906,15163,30069,65535)  #3A3B75FF  srgba(58,59,117,1)
12,4: (15163,1285,15677,65535)  #3B053DFF  srgba(59,5,61,1)
13,4: (15163,2056,18761,65535)  #3B0849FF  srgba(59,8,73,1)
14,4: (15163,4883,13621,65535)  #3B1335FF  srgba(59,19,53,1)
15,4: (15163,5397,24158,65535)  #3B155EFF  srgba(59,21,94,1)
0,5: (15163,5911,16448,65535)  #3B1740FF  srgba(59,23,64,1)
1,5: (15163,16705,26985,65535)  #3B4169FF  srgba(59,65,105,1)
2,5: (15420,11051,23644,65535)  #3C2B5CFF  srgba(60,43,92,1)
3,5: (15420,12850,20817,65535)  #3C3251FF  srgba(60,50,81,1)
4,5: (15420,14135,26985,65535)  #3C3769FF  srgba(60,55,105,1)
5,5: (15677,15163,25957,65535)  #3D3B65FF  srgba(61,59,101,1)
6,5: (15677,22873,42405,65535)  #3D59A5FF  srgba(61,89,165,1)
7,5: (15934,11051,26471,65535)  #3E2B67FF  srgba(62,43,103,1)
8,5: (15934,12593,23644,65535)  #3E315CFF  srgba(62,49,92,1)
9,5: (15934,14135,23644,65535)  #3E375CFF  srgba(62,55,92,1)
10,5: (15934,22873,37779,65535)  #3E5993FF  srgba(62,89,147,1)
11,5: (16191,11565,29812,65535)  #3F2D74FF  srgba(63,45,116,1)
12,5: (16191,12850,26728,65535)  #3F3268FF  srgba(63,50,104,1)
13,5: (16191,30069,47288,65535)  #3F75B8FF  srgba(63,117,184,1)
14,5: (16448,28013,41891,65535)  #406DA3FF  srgba(64,109,163,1)
15,5: (17219,13878,35723,65535)  #43368BFF  srgba(67,54,139,1)
0,6: (17733,13621,32896,65535)  #453580FF  srgba(69,53,128,1)
1,6: (18761,21588,34695,65535)  #495487FF  srgba(73,84,135,1)
2,6: (19018,3341,14649,65535)  #4A0D39FF  srgba(74,13,57,1)
3,6: (19018,14135,23387,65535)  #4A375BFF  srgba(74,55,91,1)
4,6: (19018,17990,31868,65535)  #4A467CFF  srgba(74,70,124,1)
5,6: (19275,1285,16448,65535)  #4B0540FF  srgba(75,5,64,1)
6,6: (19275,7196,16705,65535)  #4B1C41FF  srgba(75,28,65,1)
7,6: (19275,11308,26471,65535)  #4B2C67FF  srgba(75,44,103,1)
8,6: (19275,14135,26214,65535)  #4B3766FF  srgba(75,55,102,1)
9,6: (19532,4112,23901,65535)  #4C105DFF  srgba(76,16,93,1)
10,6: (19532,8995,25186,65535)  #4C2362FF  srgba(76,35,98,1)
11,6: (19532,13107,28013,65535)  #4C336DFF  srgba(76,51,109,1)
12,6: (19532,13364,31868,65535)  #4C347CFF  srgba(76,52,124,1)
13,6: (19789,1542,18504,65535)  #4D0648FF  srgba(77,6,72,1)
14,6: (19789,7710,18761,65535)  #4D1E49FF  srgba(77,30,73,1)
15,6: (19789,13364,30069,65535)  #4D3475FF  srgba(77,52,117,1)
0,7: (19789,15420,28013,65535)  #4D3C6DFF  srgba(77,60,109,1)
1,7: (21074,22359,38036,65535)  #525794FF  srgba(82,87,148,1)
2,7: (21074,22873,41891,65535)  #5259A3FF  srgba(82,89,163,1)
3,7: (21845,13621,31868,65535)  #55357CFF  srgba(85,53,124,1)
4,7: (22102,13878,34181,65535)  #563685FF  srgba(86,54,133,1)
5,7: (22102,26985,42405,65535)  #5669A5FF  srgba(86,105,165,1)
6,7: (22102,28784,47031,65535)  #5670B7FF  srgba(86,112,183,1)
7,7: (22616,14649,30069,65535)  #583975FF  srgba(88,57,117,1)
8,7: (22616,16191,27242,65535)  #583F6AFF  srgba(88,63,106,1)
9,7: (22873,2827,17733,65535)  #590B45FF  srgba(89,11,69,1)
10,7: (22873,13107,26471,65535)  #593367FF  srgba(89,51,103,1)
11,7: (23130,8995,20560,65535)  #5A2350FF  srgba(90,35,80,1)
12,7: (23130,10280,27242,65535)  #5A286AFF  srgba(90,40,106,1)
13,7: (23130,17990,33153,65535)  #5A4681FF  srgba(90,70,129,1)
14,7: (23387,2570,20046,65535)  #5B0A4EFF  srgba(91,10,78,1)
15,7: (23387,22102,34695,65535)  #5B5687FF  srgba(91,86,135,1)
0,8: (23644,12079,30069,65535)  #5C2F75FF  srgba(92,47,117,1)
1,8: (23644,20046,34181,65535)  #5C4E85FF  srgba(92,78,133,1)
2,8: (23901,3341,24929,65535)  #5D0D61FF  srgba(93,13,97,1)
3,8: (24158,2827,21588,65535)  #5E0B54FF  srgba(94,11,84,1)
4,8: (24158,21074,37779,65535)  #5E5293FF  srgba(94,82,147,1)
5,8: (24158,22616,41891,65535)  #5E58A3FF  srgba(94,88,163,1)
6,8: (24415,8224,30069,65535)  #5F2075FF  srgba(95,32,117,1)
7,8: (24929,14135,32382,65535)  #61377EFF  srgba(97,55,126,1)
8,8: (25443,12850,34438,65535)  #633286FF  srgba(99,50,134,1)
9,8: (25443,13878,35980,65535)  #63368CFF  srgba(99,54,140,1)
10,8: (25700,9509,32382,65535)  #64257EFF  srgba(100,37,126,1)
11,8: (25700,13878,38807,65535)  #643697FF  srgba(100,54,151,1)
12,8: (26471,19018,35466,65535)  #674A8AFF  srgba(103,74,138,1)
13,8: (26728,19275,39064,65535)  #684B98FF  srgba(104,75,152,1)
14,8: (26728,22359,35723,65535)  #68578BFF  srgba(104,87,139,1)
15,8: (26728,22616,39578,65535)  #68589AFF  srgba(104,88,154,1)
0,9: (26985,2313,22102,65535)  #690956FF  srgba(105,9,86,1)
1,9: (27242,12850,25443,65535)  #6A3263FF  srgba(106,50,99,1)
2,9: (27499,8738,24158,65535)  #6B225EFF  srgba(107,34,94,1)
3,9: (27756,5397,23644,65535)  #6C155CFF  srgba(108,21,92,1)
4,9: (27756,25186,43433,65535)  #6C62A9FF  srgba(108,98,169,1)
5,9: (28013,2313,25443,65535)  #6D0963FF  srgba(109,9,99,1)
6,9: (28784,21074,42919,65535)  #7052A7FF  srgba(112,82,167,1)
7,9: (29555,21588,38807,65535)  #735497FF  srgba(115,84,151,1)
8,9: (29555,24415,38807,65535)  #735F97FF  srgba(115,95,151,1)
9,9: (29812,12079,32639,65535)  #742F7FFF  srgba(116,47,127,1)
10,9: (29812,19018,38550,65535)  #744A96FF  srgba(116,74,150,1)
11,9: (29812,27756,46003,65535)  #746CB3FF  srgba(116,108,179,1)
12,9: (30326,8738,32382,65535)  #76227EFF  srgba(118,34,126,1)
13,9: (30583,3084,26214,65535)  #770C66FF  srgba(119,12,102,1)
14,9: (30840,6168,25700,65535)  #781864FF  srgba(120,24,100,1)
15,9: (30840,12593,36237,65535)  #78318DFF  srgba(120,49,141,1)
0,10: (30840,21331,45232,65535)  #7853B0FF  srgba(120,83,176,1)
1,10: (31097,10280,25700,65535)  #792864FF  srgba(121,40,100,1)
2,10: (31097,24672,46774,65535)  #7960B6FF  srgba(121,96,182,1)
3,10: (31354,4369,31354,65535)  #7A117AFF  srgba(122,17,122,1)
4,10: (31354,24929,43690,65535)  #7A61AAFF  srgba(122,97,170,1)
5,10: (31868,14392,38807,65535)  #7C3897FF  srgba(124,56,151,1)
6,10: (32382,27499,48830,65535)  #7E6BBEFF  srgba(126,107,190,1)
7,10: (32639,2827,26985,65535)  #7F0B69FF  srgba(127,11,105,1)
8,10: (32639,20817,47802,65535)  #7F51BAFF  srgba(127,81,186,1)
9,10: (33153,5140,36237,65535)  #81148DFF  srgba(129,20,141,1)
10,10: (33667,8224,26471,65535)  #832067FF  srgba(131,32,103,1)
11,10: (33667,31354,50115,65535)  #837AC3FF  srgba(131,122,195,1)
12,10: (34438,20046,43176,65535)  #864EA8FF  srgba(134,78,168,1)
13,10: (34695,18504,38807,65535)  #874897FF  srgba(135,72,151,1)
14,10: (34952,3855,31354,65535)  #880F7AFF  srgba(136,15,122,1)
15,10: (35209,5911,39064,65535)  #891798FF  srgba(137,23,152,1)
0,11: (35980,7967,32382,65535)  #8C1F7EFF  srgba(140,31,126,1)
1,11: (35980,14392,41377,65535)  #8C38A1FF  srgba(140,56,161,1)
2,11: (36751,11051,32382,65535)  #8F2B7EFF  srgba(143,43,126,1)
3,11: (37008,19789,45489,65535)  #904DB1FF  srgba(144,77,177,1)
4,11: (37522,3084,26728,65535)  #920C68FF  srgba(146,12,104,1)
5,11: (37522,14906,46517,65535)  #923AB5FF  srgba(146,58,181,1)
6,11: (38036,8738,26728,65535)  #942268FF  srgba(148,34,104,1)
7,11: (38293,13364,39064,65535)  #953498FF  srgba(149,52,152,1)
8,11: (38550,2827,32896,65535)  #960B80FF  srgba(150,11,128,1)
9,11: (38550,4883,32639,65535)  #96137FFF  srgba(150,19,127,1)
10,11: (38550,5654,41377,65535)  #9616A1FF  srgba(150,22,161,1)
11,11: (38807,4626,35980,65535)  #97128CFF  srgba(151,18,140,1)
12,11: (38807,10794,36237,65535)  #972A8DFF  srgba(151,42,141,1)
13,11: (39321,8224,46003,65535)  #9920B3FF  srgba(153,32,179,1)
14,11: (39321,19275,47802,65535)  #994BBAFF  srgba(153,75,186,1)
15,11: (41377,4112,36237,65535)  #A1108DFF  srgba(161,16,141,1)
0,12: (41377,5140,38807,65535)  #A11497FF  srgba(161,20,151,1)
1,12: (44718,4369,35723,65535)  #AE118BFF  srgba(174,17,139,1)
2,12: (44718,10023,37779,65535)  #AE2793FF  srgba(174,39,147,1)
3,12: (44975,4626,39321,65535)  #AF1299FF  srgba(175,18,153,1)
4,12: (46003,13107,41120,65535)  #B333A0FF  srgba(179,51,160,1)
5,12: (46260,10023,43176,65535)  #B427A8FF  srgba(180,39,168,1)
6,12: (46517,4112,41891,65535)  #B510A3FF  srgba(181,16,163,1)
7,12: (46517,5911,43176,65535)  #B517A8FF  srgba(181,23,168,1)
8,12: (47031,18761,45232,65535)  #B749B0FF  srgba(183,73,176,1)
9,12: (47802,14906,42919,65535)  #BA3AA7FF  srgba(186,58,167,1)
10,12: (48059,16191,44975,65535)  #BB3FAFFF  srgba(187,63,175,1)
11,12: (48830,21074,44718,65535)  #BE52AEFF  srgba(190,82,174,1)
12,12: (49601,4883,41891,65535)  #C113A3FF  srgba(193,19,163,1)
13,12: (50886,12850,45232,65535)  #C632B0FF  srgba(198,50,176,1)
14,12: (51143,5654,45746,65535)  #C716B2FF  srgba(199,22,178,1)
15,12: (51143,6168,49601,65535)  #C718C1FF  srgba(199,24,193,1)
0,13: (51657,10023,45489,65535)  #C927B1FF  srgba(201,39,177,1)
1,13: (51914,14906,49344,65535)  #CA3AC0FF  srgba(202,58,192,1)
2,13: (52171,10023,39835,65535)  #CB279BFF  srgba(203,39,155,1)
3,13: (52171,16962,48316,65535)  #CB42BCFF  srgba(203,66,188,1)
4,13: (52942,13107,49858,65535)  #CE33C2FF  srgba(206,51,194,1)
5,13: (52942,17733,49601,65535)  #CE45C1FF  srgba(206,69,193,1)
6,13: (53199,5140,43690,65535)  #CF14AAFF  srgba(207,20,170,1)
7,13: (53713,10023,48316,65535)  #D127BCFF  srgba(209,39,188,1)
8,13: (53970,4883,38807,65535)  #D21397FF  srgba(210,19,151,1)
9,13: (54227,24672,53713,65535)  #D360D1FF  srgba(211,96,209,1)
10,13: (54741,9766,52428,65535)  #D526CCFF  srgba(213,38,204,1)
11,13: (54741,16191,50886,65535)  #D53FC6FF  srgba(213,63,198,1)
12,13: (55255,5654,46517,65535)  #D716B5FF  srgba(215,22,181,1)
13,13: (55255,5911,50115,65535)  #D717C3FF  srgba(215,23,195,1)
14,13: (58339,6168,52685,65535)  #E318CDFF  srgba(227,24,205,1)
15,13: (58853,18504,54741,65535)  #E548D5FF  srgba(229,72,213,1)
0,14: (60138,12850,53970,65535)  #EA32D2FF  srgba(234,50,210,1)
1,14: (61166,9766,54484,65535)  #EE26D4FF  srgba(238,38,212,1)
2,14: (62194,5911,53456,65535)  #F217D0FF  srgba(242,23,208,1)
3,14: (62708,6939,54227,65535)  #F41BD3FF  srgba(244,27,211,1)
4,14: (63479,6682,57311,65535)  #F71ADFFF  srgba(247,26,223,1)
5,14: (63479,6939,59881,65535)  #F71BE9FF  srgba(247,27,233,1)
6,14: (63993,16191,58596,65535)  #F93FE4FF  srgba(249,63,228,1)
7,14: (64507,14906,62194,65535)  #FB3AF2FF  srgba(251,58,242,1)
8,14: (64764,7196,61937,65535)  #FC1CF1FF  srgba(252,28,241,1)
9,14: (64764,9509,58853,65535)  #FC25E5FF  srgba(252,37,229,1)
10,14: (64764,13107,60138,65535)  #FC33EAFF  srgba(252,51,234,1)
11,14: (65021,7453,64507,65535)  #FD1DFBFF  srgba(253,29,251,1)
12,14: (65021,8995,65278,65535)  #FD23FEFF  srgba(253,35,254,1)
13,14: (65021,9766,63736,65535)  #FD26F8FF  srgba(253,38,248,1)
14,14: (65021,16962,64764,65535)  #FD42FCFF  srgba(253,66,252,1)
15,14: (65278,7196,61680,65535)  #FE1CF0FF  srgba(254,28,240,1)
0,15: (65278,7710,64764,65535)  #FE1EFCFF  srgba(254,30,252,1)
1,15: (65278,10280,65278,65535)  #FE28FEFF  srgba(254,40,254,1)
2,15: (65278,12850,65278,65535)  #FE32FEFF  srgba(254,50,254,1)
3,15: (65278,13107,64764,65535)  #FE33FCFF  srgba(254,51,252,1)
4,15: (65278,14649,65278,65535)  #FE39FEFF  srgba(254,57,254,1)
5,15: (65278,15420,65021,65535)  #FE3CFDFF  srgba(254,60,253,1)
6,15: (65278,16191,65021,65535)  #FE3FFDFF  srgba(254,63,253,1)
7,15: (65278,16191,65278,65535)  #FE3FFEFF  srgba(254,63,254,1)
8,15: (65278,17219,65535,65535)  #FE43FFFF  srgba(254,67,255,1)
9,15: (65278,17476,65535,65535)  #FE44FFFF  srgba(254,68,255,1)
10,15: (65278,17733,65021,65535)  #FE45FDFF  srgba(254,69,253,1)
11,15: (65535,7453,62451,65535)  #FF1DF3FF  srgba(255,29,243,1)
12,15: (65535,7710,65278,65535)  #FF1EFEFF  srgba(255,30,254,1)
13,15: (65535,7967,65021,65535)  #FF1FFDFF  srgba(255,31,253,1)
14,15: (65535,17219,65278,65535)  #FF43FEFF  srgba(255,67,254,1)
15,15: (0,65535,0,0)  #00FF0000  srgba(0,255,0,0)
