# ImageMagick pixel enumeration: 16,16,65535,srgba
0,0: (0,0,0,65535)  #000000FF  black
1,0: (257,0,257,65535)  #010001FF  srgba(1,0,1,1)
2,0: (257,771,257,65535)  #010301FF  srgba(1,3,1,1)
3,0: (1542,0,0,65535)  #060000FF  srgba(6,0,0,1)
4,0: (1799,257,257,65535)  #070101FF  srgba(7,1,1,1)
5,0: (1799,3341,1285,65535)  #070D05FF  srgba(7,13,5,1)
6,0: (2056,771,4369,65535)  #080311FF  srgba(8,3,17,1)
7,0: (2313,771,10794,65535)  #09032AFF  srgba(9,3,42,1)
8,0: (3598,0,0,65535)  #0E0000FF  srgba(14,0,0,1)
9,0: (3598,4626,3855,65535)  #0E120FFF  srgba(14,18,15,1)
10,0: (3855,2313,1285,65535)  #0F0905FF  srgba(15,9,5,1)
11,0: (4369,3084,8224,65535)  #110C20FF  srgba(17,12,32,1)
12,0: (5654,6939,4883,65535)  #161B13FF  srgba(22,27,19,1)
13,0: (5654,10794,5397,65535)  #162A15FF  srgba(22,42,21,1)
14,0: (6425,771,1028,65535)  #190304FF  srgba(25,3,4,1)
15,0: (6682,3855,4112,65535)  #1A0F10FF  srgba(26,15,16,1)
0,1: (7710,3341,1799,65535)  #1E0D07FF  srgba(30,13,7,1)
1,1: (8224,4112,11308,65535)  #20102CFF  srgba(32,16,44,1)
2,1: (8738,12850,8224,65535)  #223220FF  srgba(34,50,32,1)
3,1: (9252,12593,10280,65535)  #243128FF  srgba(36,49,40,1)
4,1: (9509,16448,10023,65535)  #254027FF  srgba(37,64,39,1)
5,1: (9766,7453,8224,65535)  #261D20FF  srgba(38,29,32,1)
6,1: (10794,4369,4369,65535)  #2A1111FF  srgba(42,17,17,1)
7,1: (11051,19532,11308,65535)  #2B4C2CFF  srgba(43,76,44,1)
8,1: (11565,8995,5911,65535)  #2D2317FF  srgba(45,35,23,1)
9,1: (12336,6168,5911,65535)  #301817FF  srgba(48,24,23,1)
10,1: (12850,13364,12079,65535)  #32342FFF  srgba(50,52,47,1)
11,1: (13107,8224,11822,65535)  #33202EFF  srgba(51,32,46,1)
12,1: (13621,20046,14906,65535)  #354E3AFF  srgba(53,78,58,1)
13,1: (13878,16448,10794,65535)  #36402AFF  srgba(54,64,42,1)
14,1: (13878,20560,12336,65535)  #365030FF  srgba(54,80,48,1)
15,1: (14392,8481,7967,65535)  #38211FFF  srgba(56,33,31,1)
0,2: (15420,7196,6939,65535)  #3C1C1BFF  srgba(60,28,27,1)
1,2: (15677,8224,7967,65535)  #3D201FFF  srgba(61,32,31,1)
2,2: (15677,8481,12850,65535)  #3D2132FF  srgba(61,33,50,1)
3,2: (15677,8738,8995,65535)  #3D2223FF  srgba(61,34,35,1)
4,2: (15677,19532,15677,65535)  #3D4C3DFF  srgba(61,76,61,1)
5,2: (15677,25443,15934,65535)  #3D633EFF  srgba(61,99,62,1)
6,2: (15934,7710,7710,65535)  #3E1E1EFF  srgba(62,30,30,1)
7,2: (16191,8481,6682,65535)  #3F211AFF  srgba(63,33,26,1)
8,2: (16448,8224,7710,65535)  #40201EFF  srgba(64,32,30,1)
9,2: (16705,10280,6168,65535)  #412818FF  srgba(65,40,24,1)
10,2: (16962,8738,8224,65535)  #422220FF  srgba(66,34,32,1)
11,2: (17219,19789,13107,65535)  #434D33FF  srgba(67,77,51,1)
12,2: (17219,24415,16448,65535)  #435F40FF  srgba(67,95,64,1)
13,2: (17219,27242,17219,65535)  #436A43FF  srgba(67,106,67,1)
14,2: (17476,11308,15420,65535)  #442C3CFF  srgba(68,44,60,1)
15,2: (17476,27756,17733,65535)  #446C45FF  srgba(68,108,69,1)
0,3: (17476,28270,17476,65535)  #446E44FF  srgba(68,110,68,1)
1,3: (17476,28527,16705,65535)  #446F41FF  srgba(68,111,65,1)
2,3: (17733,11051,10537,65535)  #452B29FF  srgba(69,43,41,1)
3,3: (17733,23387,18761,65535)  #455B49FF  srgba(69,91,73,1)
4,3: (17990,10023,8995,65535)  #462723FF  srgba(70,39,35,1)
5,3: (17990,26471,19275,65535)  #46674BFF  srgba(70,103,75,1)
6,3: (17990,27499,19018,65535)  #466B4AFF  srgba(70,107,74,1)
7,3: (17990,28527,18761,65535)  #466F49FF  srgba(70,111,73,1)
8,3: (17990,28784,19018,65535)  #46704AFF  srgba(70,112,74,1)
9,3: (17990,29041,17733,65535)  #467145FF  srgba(70,113,69,1)
10,3: (17990,29041,17733,65535)  #467145FF  srgba(70,113,69,1)
11,3: (18504,19018,12336,65535)  #484A30FF  srgba(72,74,48,1)
12,3: (18504,24929,15934,65535)  #48613EFF  srgba(72,97,62,1)
13,3: (18504,28013,16962,65535)  #486D42FF  srgba(72,109,66,1)
14,3: (18504,28013,17733,65535)  #486D45FF  srgba(72,109,69,1)
15,3: (18504,28270,19018,65535)  #486E4AFF  srgba(72,110,74,1)
0,4: (18504,28527,17219,65535)  #486F43FF  srgba(72,111,67,1)
1,4: (18504,29298,19532,65535)  #48724CFF  srgba(72,114,76,1)
2,4: (18504,29555,18247,65535)  #487347FF  srgba(72,115,71,1)
3,4: (19789,29041,17733,65535)  #4D7145FF  srgba(77,113,69,1)
4,4: (19789,29041,18504,65535)  #4D7148FF  srgba(77,113,72,1)
5,4: (20046,29041,20817,65535)  #4E7151FF  srgba(78,113,81,1)
6,4: (20303,30326,18761,65535)  #4F7649FF  srgba(79,118,73,1)
7,4: (20560,22616,15420,65535)  #50583CFF  srgba(80,88,60,1)
8,4: (20560,25700,17476,65535)  #506444FF  srgba(80,100,68,1)
9,4: (20560,27756,20303,65535)  #506C4FFF  srgba(80,108,79,1)
10,4: (20817,10280,9509,65535)  #512825FF  srgba(81,40,37,1)
11,4: (20817,19018,12336,65535)  #514A30FF  srgba(81,74,48,1)
12,4: (20817,21588,20046,65535)  #51544EFF  srgba(81,84,78,1)
13,4: (20817,25443,20303,65535)  #51634FFF  srgba(81,99,79,1)
14,4: (20817,30583,20560,65535)  #517750FF  srgba(81,119,80,1)
15,4: (21331,12079,22102,65535)  #532F56FF  srgba(83,47,86,1)
0,5: (21331,33410,20560,65535)  #538250FF  srgba(83,130,80,1)
1,5: (21588,10794,11051,65535)  #542A2BFF  srgba(84,42,43,1)
2,5: (21588,12593,9252,65535)  #543124FF  srgba(84,49,36,1)
3,5: (21588,31611,20046,65535)  #547B4EFF  srgba(84,123,78,1)
4,5: (21845,13621,12336,65535)  #553530FF  srgba(85,53,48,1)
5,5: (21845,29298,18247,65535)  #557247FF  srgba(85,114,71,1)
6,5: (21845,29298,20560,65535)  #557250FF  srgba(85,114,80,1)
7,5: (22616,33153,22359,65535)  #588157FF  srgba(88,129,87,1)
8,5: (22873,30326,18761,65535)  #597649FF  srgba(89,118,73,1)
9,5: (23130,29298,24929,65535)  #5A7261FF  srgba(90,114,97,1)
10,5: (23130,37522,22873,65535)  #5A9259FF  srgba(90,146,89,1)
11,5: (23387,29555,19275,65535)  #5B734BFF  srgba(91,115,75,1)
12,5: (23387,30326,20303,65535)  #5B764FFF  srgba(91,118,79,1)
13,5: (23644,13621,21845,65535)  #5C3555FF  srgba(92,53,85,1)
14,5: (23644,22873,21074,65535)  #5C5952FF  srgba(92,89,82,1)
15,5: (23644,24415,17219,65535)  #5C5F43FF  srgba(92,95,67,1)
0,6: (23644,30069,25186,65535)  #5C7562FF  srgba(92,117,98,1)
1,6: (23901,19789,13107,65535)  #5D4D33FF  srgba(93,77,51,1)
2,6: (23901,27242,20303,65535)  #5D6A4FFF  srgba(93,106,79,1)
3,6: (23901,34181,24158,65535)  #5D855EFF  srgba(93,133,94,1)
4,6: (24158,13621,24929,65535)  #5E3561FF  srgba(94,53,97,1)
5,6: (24415,29298,19532,65535)  #5F724CFF  srgba(95,114,76,1)
6,6: (24415,38807,23387,65535)  #5F975BFF  srgba(95,151,91,1)
7,6: (24415,38807,24158,65535)  #5F975EFF  srgba(95,151,94,1)
8,6: (24672,38293,24672,65535)  #609560FF  srgba(96,149,96,1)
9,6: (24672,39321,24158,65535)  #60995EFF  srgba(96,153,94,1)
10,6: (25186,25700,25186,65535)  #626462FF  srgba(98,100,98,1)
11,6: (25186,30840,19532,65535)  #62784CFF  srgba(98,120,76,1)
12,6: (25186,31611,21588,65535)  #627B54FF  srgba(98,123,84,1)
13,6: (25186,34438,21845,65535)  #628655FF  srgba(98,134,85,1)
14,6: (25186,37008,22873,65535)  #629059FF  srgba(98,144,89,1)
15,6: (25186,38036,23644,65535)  #62945CFF  srgba(98,148,92,1)
0,7: (25186,38293,25957,65535)  #629565FF  srgba(98,149,101,1)
1,7: (25186,39835,24158,65535)  #629B5EFF  srgba(98,155,94,1)
2,7: (25443,18247,25443,65535)  #634763FF  srgba(99,71,99,1)
3,7: (25443,33410,25957,65535)  #638265FF  srgba(99,130,101,1)
4,7: (25700,29298,19789,65535)  #64724DFF  srgba(100,114,77,1)
5,7: (25957,30326,27499,65535)  #65766BFF  srgba(101,118,107,1)
6,7: (25957,40092,25186,65535)  #659C62FF  srgba(101,156,98,1)
7,7: (26214,31611,27756,65535)  #667B6CFF  srgba(102,123,108,1)
8,7: (26471,34181,24415,65535)  #67855FFF  srgba(103,133,95,1)
9,7: (26728,20560,15163,65535)  #68503BFF  srgba(104,80,59,1)
10,7: (26728,20817,20817,65535)  #685151FF  srgba(104,81,81,1)
11,7: (26728,26985,20303,65535)  #68694FFF  srgba(104,105,79,1)
12,7: (26985,41120,25700,65535)  #69A064FF  srgba(105,160,100,1)
13,7: (27242,31354,20817,65535)  #6A7A51FF  srgba(106,122,81,1)
14,7: (27242,35723,23130,65535)  #6A8B5AFF  srgba(106,139,90,1)
15,7: (27499,34181,21588,65535)  #6B8554FF  srgba(107,133,84,1)
0,8: (27756,25186,16962,65535)  #6C6242FF  srgba(108,98,66,1)
1,8: (28527,30583,26985,65535)  #6F7769FF  srgba(111,119,105,1)
2,8: (28527,30840,28784,65535)  #6F7870FF  srgba(111,120,112,1)
3,8: (28784,32639,25443,65535)  #707F63FF  srgba(112,127,99,1)
4,8: (29041,17219,28270,65535)  #71436EFF  srgba(113,67,110,1)
5,8: (29041,30069,27499,65535)  #71756BFF  srgba(113,117,107,1)
6,8: (29298,35723,24672,65535)  #728B60FF  srgba(114,139,96,1)
7,8: (29555,31868,21331,65535)  #737C53FF  srgba(115,124,83,1)
8,8: (29555,32382,28784,65535)  #737E70FF  srgba(115,126,112,1)
9,8: (29555,34952,22616,65535)  #738858FF  srgba(115,136,88,1)
10,8: (29555,37779,25443,65535)  #739363FF  srgba(115,147,99,1)
11,8: (29555,40863,25700,65535)  #739F64FF  srgba(115,159,100,1)
12,8: (29812,25957,26985,65535)  #746569FF  srgba(116,101,105,1)
13,8: (29812,29041,20560,65535)  #747150FF  srgba(116,113,80,1)
14,8: (29812,42405,26471,65535)  #74A567FF  srgba(116,165,103,1)
15,8: (30326,42148,27756,65535)  #76A46CFF  srgba(118,164,108,1)
0,9: (30583,25957,20560,65535)  #776550FF  srgba(119,101,80,1)
1,9: (30583,38293,27242,65535)  #77956AFF  srgba(119,149,106,1)
2,9: (31097,44204,28527,65535)  #79AC6FFF  srgba(121,172,111,1)
3,9: (31354,33667,22102,65535)  #7A8356FF  srgba(122,131,86,1)
4,9: (31354,35723,27242,65535)  #7A8B6AFF  srgba(122,139,106,1)
5,9: (32125,35723,24929,65535)  #7D8B61FF  srgba(125,139,97,1)
6,9: (32382,35466,30069,65535)  #7E8A75FF  srgba(126,138,117,1)
7,9: (32639,38293,28527,65535)  #7F956FFF  srgba(127,149,111,1)
8,9: (33410,32896,25443,65535)  #828063FF  srgba(130,128,99,1)
9,9: (33410,33153,29555,65535)  #828173FF  srgba(130,129,115,1)
10,9: (33410,38036,25700,65535)  #829464FF  srgba(130,148,100,1)
11,9: (33410,38293,30583,65535)  #829577FF  srgba(130,149,119,1)
12,9: (33667,45746,30583,65535)  #83B277FF  srgba(131,178,119,1)
13,9: (33924,33924,22616,65535)  #848458FF  srgba(132,132,88,1)
14,9: (33924,38550,27242,65535)  #84966AFF  srgba(132,150,106,1)
15,9: (33924,42919,27499,65535)  #84A76BFF  srgba(132,167,107,1)
0,10: (34181,44975,29041,65535)  #85AF71FF  srgba(133,175,113,1)
1,10: (35209,35980,24929,65535)  #898C61FF  srgba(137,140,97,1)
2,10: (35466,40349,27499,65535)  #8A9D6BFF  srgba(138,157,107,1)
3,10: (35466,41120,30326,65535)  #8AA076FF  srgba(138,160,118,1)
4,10: (35466,42405,29041,65535)  #8AA571FF  srgba(138,165,113,1)
5,10: (35723,40606,28784,65535)  #8B9E70FF  srgba(139,158,112,1)
6,10: (35723,41120,32125,65535)  #8BA07DFF  srgba(139,160,125,1)
7,10: (36237,38293,27242,65535)  #8D956AFF  srgba(141,149,106,1)
8,10: (36494,35723,31611,65535)  #8E8B7BFF  srgba(142,139,123,1)
9,10: (36494,46003,31097,65535)  #8EB379FF  srgba(142,179,121,1)
10,10: (36751,35723,28270,65535)  #8F8B6EFF  srgba(143,139,110,1)
11,10: (37008,38293,31097,65535)  #909579FF  srgba(144,149,121,1)
12,10: (37265,48059,31868,65535)  #91BB7CFF  srgba(145,187,124,1)
13,10: (37522,38293,33410,65535)  #929582FF  srgba(146,149,130,1)
14,10: (38036,41377,31611,65535)  #94A17BFF  srgba(148,161,123,1)
15,10: (38807,49087,33667,65535)  #97BF83FF  srgba(151,191,131,1)
0,11: (39064,38550,27756,65535)  #98966CFF  srgba(152,150,108,1)
1,11: (39321,40863,28013,65535)  #999F6DFF  srgba(153,159,109,1)
2,11: (39321,41377,32896,65535)  #99A180FF  srgba(153,161,128,1)
3,11: (39321,41634,30326,65535)  #99A276FF  srgba(153,162,118,1)
4,11: (39321,46003,32125,65535)  #99B37DFF  srgba(153,179,125,1)
5,11: (39578,41377,29298,65535)  #9AA172FF  srgba(154,161,114,1)
6,11: (39578,45232,30840,65535)  #9AB078FF  srgba(154,176,120,1)
7,11: (39835,41377,28527,65535)  #9BA16FFF  srgba(155,161,111,1)
8,11: (39835,41891,29041,65535)  #9BA371FF  srgba(155,163,113,1)
9,11: (39835,45489,34438,65535)  #9BB186FF  srgba(155,177,134,1)
10,11: (40092,38550,31097,65535)  #9C9679FF  srgba(156,150,121,1)
11,11: (40092,38807,33667,65535)  #9C9783FF  srgba(156,151,131,1)
12,11: (40606,41634,30583,65535)  #9EA277FF  srgba(158,162,119,1)
13,11: (40606,48573,32382,65535)  #9EBD7EFF  srgba(158,189,126,1)
14,11: (40863,41377,34438,65535)  #9FA186FF  srgba(159,161,134,1)
15,11: (40863,41634,32125,65535)  #9FA27DFF  srgba(159,162,125,1)
0,12: (40863,42405,29298,65535)  #9FA572FF  srgba(159,165,114,1)
1,12: (40863,49344,33667,65535)  #9FC083FF  srgba(159,192,131,1)
2,12: (41377,43690,29298,65535)  #A1AA72FF  srgba(161,170,114,1)
3,12: (41891,41634,29298,65535)  #A3A272FF  srgba(163,162,114,1)
4,12: (41891,42662,29298,65535)  #A3A672FF  srgba(163,166,114,1)
5,12: (42148,42148,29298,65535)  #A4A472FF  srgba(164,164,114,1)
6,12: (42405,41634,31097,65535)  #A5A279FF  srgba(165,162,121,1)
7,12: (42405,41891,34181,65535)  #A5A385FF  srgba(165,163,133,1)
8,12: (42405,42662,30583,65535)  #A5A677FF  srgba(165,166,119,1)
9,12: (42405,44204,31097,65535)  #A5AC79FF  srgba(165,172,121,1)
10,12: (42405,47031,31868,65535)  #A5B77CFF  srgba(165,183,124,1)
11,12: (42405,47031,34181,65535)  #A5B785FF  srgba(165,183,133,1)
12,12: (42405,48059,33153,65535)  #A5BB81FF  srgba(165,187,129,1)
13,12: (42405,48830,32382,65535)  #A5BE7EFF  srgba(165,190,126,1)
14,12: (42662,42405,35723,65535)  #A6A58BFF  srgba(166,165,139,1)
15,12: (42662,44718,36494,65535)  #A6AE8EFF  srgba(166,174,142,1)
0,13: (42662,49087,32639,65535)  #A6BF7FFF  srgba(166,191,127,1)
1,13: (42662,49601,33667,65535)  #A6C183FF  srgba(166,193,131,1)
2,13: (42919,42405,29298,65535)  #A7A572FF  srgba(167,165,114,1)
3,13: (43690,48059,33667,65535)  #AABB83FF  srgba(170,187,131,1)
4,13: (43690,49858,33410,65535)  #AAC282FF  srgba(170,194,130,1)
5,13: (43947,42662,35466,65535)  #ABA68AFF  srgba(171,166,138,1)
6,13: (43947,43176,30069,65535)  #ABA875FF  srgba(171,168,117,1)
7,13: (43947,44204,36237,65535)  #ABAC8DFF  srgba(171,172,141,1)
8,13: (43947,47545,32125,65535)  #ABB97DFF  srgba(171,185,125,1)
9,13: (44204,42919,32125,65535)  #ACA77DFF  srgba(172,167,125,1)
10,13: (44204,42919,35723,65535)  #ACA78BFF  srgba(172,167,139,1)
11,13: (44461,42662,34181,65535)  #ADA685FF  srgba(173,166,133,1)
12,13: (44718,42919,35980,65535)  #AEA78CFF  srgba(174,167,140,1)
13,13: (44718,50115,34695,65535)  #AEC387FF  srgba(174,195,135,1)
14,13: (44975,43433,35980,65535)  #AFA98CFF  srgba(175,169,140,1)
15,13: (45489,47031,32639,65535)  #B1B77FFF  srgba(177,183,127,1)
0,14: (45489,49858,33410,65535)  #B1C282FF  srgba(177,194,130,1)
1,14: (46774,43947,36237,65535)  #B6AB8DFF  srgba(182,171,141,1)
2,14: (46774,51657,35466,65535)  #B6C98AFF  srgba(182,201,138,1)
3,14: (46774,53199,36494,65535)  #B6CF8EFF  srgba(182,207,142,1)
4,14: (47031,50629,35209,65535)  #B7C589FF  srgba(183,197,137,1)
5,14: (47545,47545,33153,65535)  #B9B981FF  srgba(185,185,129,1)
6,14: (48316,48059,36237,65535)  #BCBB8DFF  srgba(188,187,141,1)
7,14: (48573,47031,39835,65535)  #BDB79BFF  srgba(189,183,155,1)
8,14: (48830,51143,34695,65535)  #BEC787FF  srgba(190,199,135,1)
9,14: (49087,52428,36751,65535)  #BFCC8FFF  srgba(191,204,143,1)
10,14: (50115,50115,40349,65535)  #C3C39DFF  srgba(195,195,157,1)
11,14: (50115,54741,39321,65535)  #C3D599FF  srgba(195,213,153,1)
12,14: (50372,54741,37522,65535)  #C4D592FF  srgba(196,213,146,1)
13,14: (50886,51914,35723,65535)  #C6CA8BFF  srgba(198,202,139,1)
14,14: (50886,52685,40092,65535)  #C6CD9CFF  srgba(198,205,156,1)
15,14: (51143,55769,39321,65535)  #C7D999FF  srgba(199,217,153,1)
0,15: (51657,52171,37522,65535)  #C9CB92FF  srgba(201,203,146,1)
1,15: (52428,54741,39835,65535)  #CCD59BFF  srgba(204,213,155,1)
2,15: (52942,55512,38036,65535)  #CED894FF  srgba(206,216,148,1)
3,15: (52942,56797,39578,65535)  #CEDD9AFF  srgba(206,221,154,1)
4,15: (53456,56026,39578,65535)  #D0DA9AFF  srgba(208,218,154,1)
5,15: (53456,57311,39835,65535)  #D0DF9BFF  srgba(208,223,155,1)
6,15: (53970,56797,39064,65535)  #D2DD98FF  srgba(210,221,152,1)
7,15: (54227,53713,39321,65535)  #D3D199FF  srgba(211,209,153,1)
8,15: (54227,57311,39064,65535)  #D3DF98FF  srgba(211,223,152,1)
9,15: (54484,53199,42662,65535)  #D4CFA6FF  srgba(212,207,166,1)
10,15: (54484,54998,40349,65535)  #D4D69DFF  srgba(212,214,157,1)
11,15: (54484,57311,39321,65535)  #D4DF99FF  srgba(212,223,153,1)
12,15: (54998,56026,40349,65535)  #D6DA9DFF  srgba(214,218,157,1)
13,15: (54998,56797,39578,65535)  #D6DD9AFF  srgba(214,221,154,1)
14,15: (54998,57311,39321,65535)  #D6DF99FF  srgba(214,223,153,1)
15,15: (0,65535,0,0)  #00FF0000  srgba(0,255,0,0)
