# ImageMagick pixel enumeration: 16,16,65535,srgba
0,0: (0,0,0,65535)  #000000FF  black
1,0: (0,8738,38293,65535)  #002295FF  srgba(0,34,149,1)
2,0: (257,514,257,65535)  #010201FF  srgba(1,2,1,1)
3,0: (2056,13107,46517,65535)  #0833B5FF  srgba(8,51,181,1)
4,0: (2056,21588,55512,65535)  #0854D8FF  srgba(8,84,216,1)
5,0: (2056,25186,59881,65535)  #0862E9FF  srgba(8,98,233,1)
6,0: (2056,34181,61423,65535)  #0885EFFF  srgba(8,133,239,1)
7,0: (2313,19018,51914,65535)  #094ACAFF  srgba(9,74,202,1)
8,0: (2827,5397,27499,65535)  #0B156BFF  srgba(11,21,107,1)
9,0: (2827,51400,64764,65535)  #0BC8FCFF  srgba(11,200,252,1)
10,0: (3084,7710,30326,65535)  #0C1E76FF  srgba(12,30,118,1)
11,0: (3084,31097,64250,65535)  #0C79FAFF  srgba(12,121,250,1)
12,0: (3341,1285,1028,65535)  #0D0504FF  srgba(13,5,4,1)
13,0: (3598,39578,64764,65535)  #0E9AFCFF  srgba(14,154,252,1)
14,0: (3855,18504,49344,65535)  #0F48C0FF  srgba(15,72,192,1)
15,0: (4369,4369,3084,65535)  #11110CFF  srgba(17,17,12,1)
0,1: (4369,51400,61423,65535)  #11C8EFFF  srgba(17,200,239,1)
1,1: (6168,10280,38036,65535)  #182894FF  srgba(24,40,148,1)
2,1: (6425,6939,18504,65535)  #191B48FF  srgba(25,27,72,1)
3,1: (6682,5140,17476,65535)  #1A1444FF  srgba(26,20,68,1)
4,1: (7453,6939,5654,65535)  #1D1B16FF  srgba(29,27,22,1)
5,1: (8481,7710,7710,65535)  #211E1EFF  srgba(33,30,30,1)
6,1: (8738,5397,10794,65535)  #22152AFF  srgba(34,21,42,1)
7,1: (9766,5654,7967,65535)  #26161FFF  srgba(38,22,31,1)
8,1: (10280,5140,4112,65535)  #281410FF  srgba(40,20,16,1)
9,1: (10280,5654,6425,65535)  #281619FF  srgba(40,22,25,1)
10,1: (10794,5654,4883,65535)  #2A1613FF  srgba(42,22,19,1)
11,1: (10794,5911,5397,65535)  #2A1715FF  srgba(42,23,21,1)
12,1: (10794,54484,65021,65535)  #2AD4FDFF  srgba(42,212,253,1)
13,1: (11051,5397,4369,65535)  #2B1511FF  srgba(43,21,17,1)
14,1: (11565,6168,5140,65535)  #2D1814FF  srgba(45,24,20,1)
15,1: (11822,6425,5397,65535)  #2E1915FF  srgba(46,25,21,1)
0,2: (12079,5911,5397,65535)  #2F1715FF  srgba(47,23,21,1)
1,2: (12593,5911,4626,65535)  #311712FF  srgba(49,23,18,1)
2,2: (12593,6168,5654,65535)  #311816FF  srgba(49,24,22,1)
3,2: (12593,6425,5397,65535)  #311915FF  srgba(49,25,21,1)
4,2: (12850,5140,3598,65535)  #32140EFF  srgba(50,20,14,1)
5,2: (12850,18504,36751,65535)  #32488FFF  srgba(50,72,143,1)
6,2: (13107,5397,4369,65535)  #331511FF  srgba(51,21,17,1)
7,2: (13107,6168,5911,65535)  #331817FF  srgba(51,24,23,1)
8,2: (13107,6168,7453,65535)  #33181DFF  srgba(51,24,29,1)
9,2: (13364,4626,3598,65535)  #34120EFF  srgba(52,18,14,1)
10,2: (13364,6682,5397,65535)  #341A15FF  srgba(52,26,21,1)
11,2: (13621,63736,65021,65535)  #35F8FDFF  srgba(53,248,253,1)
12,2: (13878,7710,7967,65535)  #361E1FFF  srgba(54,30,31,1)
13,2: (16191,10794,24672,65535)  #3F2A60FF  srgba(63,42,96,1)
14,2: (16705,10023,15420,65535)  #41273CFF  srgba(65,39,60,1)
15,2: (17219,4626,2827,65535)  #43120BFF  srgba(67,18,11,1)
0,3: (17219,5911,2827,65535)  #43170BFF  srgba(67,23,11,1)
1,3: (17219,7967,7967,65535)  #431F1FFF  srgba(67,31,31,1)
2,3: (17476,5654,4883,65535)  #441613FF  srgba(68,22,19,1)
3,3: (17476,5911,5397,65535)  #441715FF  srgba(68,23,21,1)
4,3: (17476,6939,4369,65535)  #441B11FF  srgba(68,27,17,1)
5,3: (17733,7710,3855,65535)  #451E0FFF  srgba(69,30,15,1)
6,3: (19018,6168,5911,65535)  #4A1817FF  srgba(74,24,23,1)
7,3: (19275,5911,5654,65535)  #4B1716FF  srgba(75,23,22,1)
8,3: (19789,5654,7967,65535)  #4D161FFF  srgba(77,22,31,1)
9,3: (20046,7710,2056,65535)  #4E1E08FF  srgba(78,30,8,1)
10,3: (20817,4369,2827,65535)  #51110BFF  srgba(81,17,11,1)
11,3: (20817,65021,65021,65535)  #51FDFDFF  srgba(81,253,253,1)
12,3: (21074,64764,65021,65535)  #52FCFDFF  srgba(82,252,253,1)
13,3: (21331,5911,5140,65535)  #531714FF  srgba(83,23,20,1)
14,3: (21331,8224,7453,65535)  #53201DFF  srgba(83,32,29,1)
15,3: (21845,5654,4883,65535)  #551613FF  srgba(85,22,19,1)
0,4: (21845,7710,5397,65535)  #551E15FF  srgba(85,30,21,1)
1,4: (21845,65021,65021,65535)  #55FDFDFF  srgba(85,253,253,1)
2,4: (22359,5911,3598,65535)  #57170EFF  srgba(87,23,14,1)
3,4: (22359,64507,64764,65535)  #57FBFCFF  srgba(87,251,252,1)
4,4: (22359,64764,65021,65535)  #57FCFDFF  srgba(87,252,253,1)
5,4: (22616,10023,7967,65535)  #58271FFF  srgba(88,39,31,1)
6,4: (22873,8224,2056,65535)  #592008FF  srgba(89,32,8,1)
7,4: (22873,65278,65535,65535)  #59FEFFFF  srgba(89,254,255,1)
8,4: (22873,65535,65535,65535)  #59FFFFFF  srgba(89,255,255,1)
9,4: (23130,11051,8995,65535)  #5A2B23FF  srgba(90,43,35,1)
10,4: (23130,65278,65535,65535)  #5AFEFFFF  srgba(90,254,255,1)
11,4: (23644,10023,3341,65535)  #5C270DFF  srgba(92,39,13,1)
12,4: (23901,4369,2827,65535)  #5D110BFF  srgba(93,17,11,1)
13,4: (24672,11565,7453,65535)  #602D1DFF  srgba(96,45,29,1)
14,4: (24929,10794,3855,65535)  #612A0FFF  srgba(97,42,15,1)
15,4: (24929,12593,8995,65535)  #613123FF  srgba(97,49,35,1)
0,5: (24929,65278,65021,65535)  #61FEFDFF  srgba(97,254,253,1)
1,5: (25443,65021,65278,65535)  #63FDFEFF  srgba(99,253,254,1)
2,5: (26728,5397,4112,65535)  #681510FF  srgba(104,21,16,1)
3,5: (26985,4883,2570,65535)  #69130AFF  srgba(105,19,10,1)
4,5: (27756,65021,64764,65535)  #6CFDFCFF  srgba(108,253,252,1)
5,5: (28527,5654,4626,65535)  #6F1612FF  srgba(111,22,18,1)
6,5: (28527,10280,7196,65535)  #6F281CFF  srgba(111,40,28,1)
7,5: (28527,65278,65535,65535)  #6FFEFFFF  srgba(111,254,255,1)
8,5: (28784,5654,6682,65535)  #70161AFF  srgba(112,22,26,1)
9,5: (28784,8995,2827,65535)  #70230BFF  srgba(112,35,11,1)
10,5: (28784,64764,65278,65535)  #70FCFEFF  srgba(112,252,254,1)
11,5: (29298,5654,5140,65535)  #721614FF  srgba(114,22,20,1)
12,5: (29298,12593,3084,65535)  #72310CFF  srgba(114,49,12,1)
13,5: (29298,13364,8224,65535)  #723420FF  srgba(114,52,32,1)
14,5: (29298,16448,20046,65535)  #72404EFF  srgba(114,64,78,1)
15,5: (30069,15163,14135,65535)  #753B37FF  srgba(117,59,55,1)
0,6: (30069,64764,65021,65535)  #75FCFDFF  srgba(117,252,253,1)
1,6: (30583,16962,43176,65535)  #7742A8FF  srgba(119,66,168,1)
2,6: (30840,16191,16448,65535)  #783F40FF  srgba(120,63,64,1)
3,6: (31097,5397,4112,65535)  #791510FF  srgba(121,21,16,1)
4,6: (31611,3855,2313,65535)  #7B0F09FF  srgba(123,15,9,1)
5,6: (31868,5397,2827,65535)  #7C150BFF  srgba(124,21,11,1)
6,6: (32639,15420,9766,65535)  #7F3C26FF  srgba(127,60,38,1)
7,6: (32896,16962,26214,65535)  #804266FF  srgba(128,66,102,1)
8,6: (33667,14906,5140,65535)  #833A14FF  srgba(131,58,20,1)
9,6: (33924,11051,5397,65535)  #842B15FF  srgba(132,43,21,1)
10,6: (33924,64764,64507,65535)  #84FCFBFF  srgba(132,252,251,1)
11,6: (34181,11308,7967,65535)  #852C1FFF  srgba(133,44,31,1)
12,6: (34181,12850,2570,65535)  #85320AFF  srgba(133,50,10,1)
13,6: (34438,65021,65278,65535)  #86FDFEFF  srgba(134,253,254,1)
14,6: (34695,65278,65278,65535)  #87FEFEFF  srgba(135,254,254,1)
15,6: (34952,39064,64764,65535)  #8898FCFF  srgba(136,152,252,1)
0,7: (35209,8224,1799,65535)  #892007FF  srgba(137,32,7,1)
1,7: (35723,5140,4369,65535)  #8B1411FF  srgba(139,20,17,1)
2,7: (35723,64507,65021,65535)  #8BFBFDFF  srgba(139,251,253,1)
3,7: (35980,65278,65535,65535)  #8CFEFFFF  srgba(140,254,255,1)
4,7: (36237,4626,2313,65535)  #8D1209FF  srgba(141,18,9,1)
5,7: (36237,5140,4883,65535)  #8D1413FF  srgba(141,20,19,1)
6,7: (37008,32639,51914,65535)  #907FCAFF  srgba(144,127,202,1)
7,7: (37265,5140,5654,65535)  #911416FF  srgba(145,20,22,1)
8,7: (37265,15677,6168,65535)  #913D18FF  srgba(145,61,24,1)
9,7: (37522,17990,8738,65535)  #924622FF  srgba(146,70,34,1)
10,7: (37779,61166,64764,65535)  #93EEFCFF  srgba(147,238,252,1)
11,7: (39578,4369,2056,65535)  #9A1108FF  srgba(154,17,8,1)
12,7: (39835,5397,6425,65535)  #9B1519FF  srgba(155,21,25,1)
13,7: (40349,15934,5654,65535)  #9D3E16FF  srgba(157,62,22,1)
14,7: (41377,4883,4369,65535)  #A11311FF  srgba(161,19,17,1)
15,7: (41634,64764,65278,65535)  #A2FCFEFF  srgba(162,252,254,1)
0,8: (42148,18504,7710,65535)  #A4481EFF  srgba(164,72,30,1)
1,8: (42405,5140,7196,65535)  #A5141CFF  srgba(165,20,28,1)
2,8: (42405,20046,14135,65535)  #A54E37FF  srgba(165,78,55,1)
3,8: (42662,64764,65021,65535)  #A6FCFDFF  srgba(166,252,253,1)
4,8: (42919,4883,4883,65535)  #A71313FF  srgba(167,19,19,1)
5,8: (43176,9509,1028,65535)  #A82504FF  srgba(168,37,4,1)
6,8: (43176,9766,6168,65535)  #A82618FF  srgba(168,38,24,1)
7,8: (44204,4112,2056,65535)  #AC1008FF  srgba(172,16,8,1)
8,8: (44975,65021,65278,65535)  #AFFDFEFF  srgba(175,253,254,1)
9,8: (44975,65278,65535,65535)  #AFFEFFFF  srgba(175,254,255,1)
10,8: (45232,15934,5140,65535)  #B03E14FF  srgba(176,62,20,1)
11,8: (45489,21845,19789,65535)  #B1554DFF  srgba(177,85,77,1)
12,8: (45489,22102,9252,65535)  #B15624FF  srgba(177,86,36,1)
13,8: (45489,65021,64764,65535)  #B1FDFCFF  srgba(177,253,252,1)
14,8: (45746,19018,7196,65535)  #B24A1CFF  srgba(178,74,28,1)
15,8: (46003,5140,10023,65535)  #B31427FF  srgba(179,20,39,1)
0,9: (47545,4626,5654,65535)  #B91216FF  srgba(185,18,22,1)
1,9: (48059,4112,4369,65535)  #BB1011FF  srgba(187,16,17,1)
2,9: (48059,65278,65021,65535)  #BBFEFDFF  srgba(187,254,253,1)
3,9: (48573,21331,16448,65535)  #BD5340FF  srgba(189,83,64,1)
4,9: (49601,19532,6682,65535)  #C14C1AFF  srgba(193,76,26,1)
5,9: (50372,65278,64507,65535)  #C4FEFBFF  srgba(196,254,251,1)
6,9: (50629,22359,8224,65535)  #C55720FF  srgba(197,87,32,1)
7,9: (50629,26214,17476,65535)  #C56644FF  srgba(197,102,68,1)
8,9: (51143,3341,1799,65535)  #C70D07FF  srgba(199,13,7,1)
9,9: (51143,5140,7967,65535)  #C7141FFF  srgba(199,20,31,1)
10,9: (51657,9766,3855,65535)  #C9260FFF  srgba(201,38,15,1)
11,9: (51657,30583,20046,65535)  #C9774EFF  srgba(201,119,78,1)
12,9: (52171,64764,64250,65535)  #CBFCFAFF  srgba(203,252,250,1)
13,9: (52171,64764,65278,65535)  #CBFCFEFF  srgba(203,252,254,1)
14,9: (52171,65278,65535,65535)  #CBFEFFFF  srgba(203,254,255,1)
15,9: (52942,64764,65021,65535)  #CEFCFDFF  srgba(206,252,253,1)
0,10: (52942,65021,65278,65535)  #CEFDFEFF  srgba(206,253,254,1)
1,10: (53199,24929,8995,65535)  #CF6123FF  srgba(207,97,35,1)
2,10: (53713,20817,14135,65535)  #D15137FF  srgba(209,81,55,1)
3,10: (53970,63736,64764,65535)  #D2F8FCFF  srgba(210,248,252,1)
4,10: (55769,44461,64507,65535)  #D9ADFBFF  srgba(217,173,251,1)
5,10: (56026,15420,5911,65535)  #DA3C17FF  srgba(218,60,23,1)
6,10: (56283,19275,6168,65535)  #DB4B18FF  srgba(219,75,24,1)
7,10: (56283,37008,43690,65535)  #DB90AAFF  srgba(219,144,170,1)
8,10: (56283,65021,64250,65535)  #DBFDFAFF  srgba(219,253,250,1)
9,10: (56540,22873,6939,65535)  #DC591BFF  srgba(220,89,27,1)
10,10: (57054,4112,5140,65535)  #DE1014FF  srgba(222,16,20,1)
11,10: (57054,65021,64764,65535)  #DEFDFCFF  srgba(222,253,252,1)
12,10: (57054,65278,65021,65535)  #DEFEFDFF  srgba(222,254,253,1)
13,10: (57568,57311,63993,65535)  #E0DFF9FF  srgba(224,223,249,1)
14,10: (57568,65278,64507,65535)  #E0FEFBFF  srgba(224,254,251,1)
15,10: (58339,4626,6425,65535)  #E31219FF  srgba(227,18,25,1)
0,11: (58853,3855,4369,65535)  #E50F11FF  srgba(229,15,17,1)
1,11: (58853,26985,8995,65535)  #E56923FF  srgba(229,105,35,1)
2,11: (59367,64764,64250,65535)  #E7FCFAFF  srgba(231,252,250,1)
3,11: (59367,65278,63993,65535)  #E7FEF9FF  srgba(231,254,249,1)
4,11: (59624,10023,1542,65535)  #E82706FF  srgba(232,39,6,1)
5,11: (59624,10537,6682,65535)  #E8291AFF  srgba(232,41,26,1)
6,11: (59624,28784,9252,65535)  #E87024FF  srgba(232,112,36,1)
7,11: (60138,3855,2056,65535)  #EA0F08FF  srgba(234,15,8,1)
8,11: (60138,25186,7453,65535)  #EA621DFF  srgba(234,98,29,1)
9,11: (60395,28527,16448,65535)  #EB6F40FF  srgba(235,111,64,1)
10,11: (60909,4883,7196,65535)  #ED131CFF  srgba(237,19,28,1)
11,11: (60909,64764,63222,65535)  #EDFCF6FF  srgba(237,252,246,1)
12,11: (60909,65278,63479,65535)  #EDFEF7FF  srgba(237,254,247,1)
13,11: (61166,4369,5654,65535)  #EE1116FF  srgba(238,17,22,1)
14,11: (61166,33924,8738,65535)  #EE8422FF  srgba(238,132,34,1)
15,11: (61423,36237,19275,65535)  #EF8D4BFF  srgba(239,141,75,1)
0,12: (61937,65021,63479,65535)  #F1FDF7FF  srgba(241,253,247,1)
1,12: (61937,65278,64250,65535)  #F1FEFAFF  srgba(241,254,250,1)
2,12: (63993,65278,62451,65535)  #F9FEF3FF  srgba(249,254,243,1)
3,12: (63993,65278,63736,65535)  #F9FEF8FF  srgba(249,254,248,1)
4,12: (63993,65278,64250,65535)  #F9FEFAFF  srgba(249,254,250,1)
5,12: (63993,65278,64764,65535)  #F9FEFCFF  srgba(249,254,252,1)
6,12: (64250,65021,63222,65535)  #FAFDF6FF  srgba(250,253,246,1)
7,12: (64250,65278,55255,65535)  #FAFED7FF  srgba(250,254,215,1)
8,12: (64764,25700,5140,65535)  #FC6414FF  srgba(252,100,20,1)
9,12: (64764,61680,55255,65535)  #FCF0D7FF  srgba(252,240,215,1)
10,12: (64764,63479,62708,65535)  #FCF7F4FF  srgba(252,247,244,1)
11,12: (64764,65278,47545,65535)  #FCFEB9FF  srgba(252,254,185,1)
12,12: (65021,10794,2570,65535)  #FD2A0AFF  srgba(253,42,10,1)
13,12: (65021,11308,6682,65535)  #FD2C1AFF  srgba(253,44,26,1)
14,12: (65021,16705,2827,65535)  #FD410BFF  srgba(253,65,11,1)
15,12: (65021,17219,5654,65535)  #FD4316FF  srgba(253,67,22,1)
0,13: (65021,17476,8481,65535)  #FD4421FF  srgba(253,68,33,1)
1,13: (65021,28784,11565,65535)  #FD702DFF  srgba(253,112,45,1)
2,13: (65021,29812,5654,65535)  #FD7416FF  srgba(253,116,22,1)
3,13: (65021,33153,12336,65535)  #FD8130FF  srgba(253,129,48,1)
4,13: (65021,33924,5654,65535)  #FD8416FF  srgba(253,132,22,1)
5,13: (65021,37779,10537,65535)  #FD9329FF  srgba(253,147,41,1)
6,13: (65021,38036,15163,65535)  #FD943BFF  srgba(253,148,59,1)
7,13: (65021,38293,24672,65535)  #FD9560FF  srgba(253,149,96,1)
8,13: (65021,38550,5654,65535)  #FD9616FF  srgba(253,150,22,1)
9,13: (65021,42919,7196,65535)  #FDA71CFF  srgba(253,167,28,1)
10,13: (65021,43176,16191,65535)  #FDA83FFF  srgba(253,168,63,1)
11,13: (65021,44461,21588,65535)  #FDAD54FF  srgba(253,173,84,1)
12,13: (65021,44718,31097,65535)  #FDAE79FF  srgba(253,174,121,1)
13,13: (65021,45489,12079,65535)  #FDB12FFF  srgba(253,177,47,1)
14,13: (65021,47288,63736,65535)  #FDB8F8FF  srgba(253,184,248,1)
15,13: (65021,47545,9252,65535)  #FDB924FF  srgba(253,185,36,1)
0,14: (65021,48830,16191,65535)  #FDBE3FFF  srgba(253,190,63,1)
1,14: (65021,48830,23644,65535)  #FDBE5CFF  srgba(253,190,92,1)
2,14: (65021,48830,39064,65535)  #FDBE98FF  srgba(253,190,152,1)
3,14: (65021,51143,12336,65535)  #FDC730FF  srgba(253,199,48,1)
4,14: (65021,51657,22102,65535)  #FDC956FF  srgba(253,201,86,1)
5,14: (65021,52171,55769,65535)  #FDCBD9FF  srgba(253,203,217,1)
6,14: (65021,52685,13364,65535)  #FDCD34FF  srgba(253,205,52,1)
7,14: (65021,52685,53199,65535)  #FDCDCFFF  srgba(253,205,207,1)
8,14: (65021,52685,54741,65535)  #FDCDD5FF  srgba(253,205,213,1)
9,14: (65021,53199,13878,65535)  #FDCF36FF  srgba(253,207,54,1)
10,14: (65021,54227,49344,65535)  #FDD3C0FF  srgba(253,211,192,1)
11,14: (65021,59367,12593,65535)  #FDE731FF  srgba(253,231,49,1)
12,14: (65021,61423,58853,65535)  #FDEFE5FF  srgba(253,239,229,1)
13,14: (65021,64250,38807,65535)  #FDFA97FF  srgba(253,250,151,1)
14,14: (65021,64250,47545,65535)  #FDFAB9FF  srgba(253,250,185,1)
15,14: (65021,64507,12079,65535)  #FDFB2FFF  srgba(253,251,47,1)
0,15: (65021,64764,11308,65535)  #FDFC2CFF  srgba(253,252,44,1)
1,15: (65278,51657,32382,65535)  #FEC97EFF  srgba(254,201,126,1)
2,15: (65278,52428,15420,65535)  #FECC3CFF  srgba(254,204,60,1)
3,15: (65278,52685,14135,65535)  #FECD37FF  srgba(254,205,55,1)
4,15: (65278,53713,53456,65535)  #FED1D0FF  srgba(254,209,208,1)
5,15: (65278,53713,54227,65535)  #FED1D3FF  srgba(254,209,211,1)
6,15: (65278,53970,52685,65535)  #FED2CDFF  srgba(254,210,205,1)
7,15: (65278,54484,25700,65535)  #FED464FF  srgba(254,212,100,1)
8,15: (65278,54741,57311,65535)  #FED5DFFF  srgba(254,213,223,1)
9,15: (65278,57568,13878,65535)  #FEE036FF  srgba(254,224,54,1)
10,15: (65278,63993,24158,65535)  #FEF95EFF  srgba(254,249,94,1)
11,15: (65278,64250,31354,65535)  #FEFA7AFF  srgba(254,250,122,1)
12,15: (65278,64764,15163,65535)  #FEFC3BFF  srgba(254,252,59,1)
13,15: (65278,65278,24158,65535)  #FEFE5EFF  srgba(254,254,94,1)
14,15: (65278,65278,37779,65535)  #FEFE93FF  srgba(254,254,147,1)
15,15: (0,65535,0,0)  #00FF0000  srgba(0,255,0,0)
