# ImageMagick pixel enumeration: 16,16,65535,srgba
0,0: (0,0,0,65535)  #000000FF  black
1,0: (0,0,3084,65535)  #00000CFF  srgba(0,0,12,1)
2,0: (0,0,6682,65535)  #00001AFF  srgba(0,0,26,1)
3,0: (0,0,23644,65535)  #00005CFF  srgba(0,0,92,1)
4,0: (0,257,771,65535)  #000103FF  srgba(0,1,3,1)
5,0: (257,0,18504,65535)  #010048FF  srgba(1,0,72,1)
6,0: (257,257,12850,65535)  #010132FF  srgba(1,1,50,1)
7,0: (771,771,771,65535)  #030303FF  grey1
8,0: (1028,0,27499,65535)  #04006BFF  srgba(4,0,107,1)
9,0: (1028,771,3598,65535)  #04030EFF  srgba(4,3,14,1)
10,0: (1285,257,32896,65535)  #050180FF  srgba(5,1,128,1)
11,0: (1542,5140,59367,65535)  #0614E7FF  srgba(6,20,231,1)
12,0: (2056,2056,2827,65535)  #08080BFF  srgba(8,8,11,1)
13,0: (2827,2570,3341,65535)  #0B0A0DFF  srgba(11,10,13,1)
14,0: (3341,514,23901,65535)  #0D025DFF  srgba(13,2,93,1)
15,0: (3598,4112,52942,65535)  #0E10CEFF  srgba(14,16,206,1)
0,1: (3598,7967,46774,65535)  #0E1FB6FF  srgba(14,31,182,1)
1,1: (3855,4112,3855,65535)  #0F100FFF  srgba(15,16,15,1)
2,1: (4112,1799,17990,65535)  #100746FF  srgba(16,7,70,1)
3,1: (4112,1799,46260,65535)  #1007B4FF  srgba(16,7,180,1)
4,1: (4112,2313,4369,65535)  #100911FF  srgba(16,9,17,1)
5,1: (4626,1542,40349,65535)  #12069DFF  srgba(18,6,157,1)
6,1: (4883,5140,5911,65535)  #131417FF  srgba(19,20,23,1)
7,1: (5140,8995,40349,65535)  #14239DFF  srgba(20,35,157,1)
8,1: (5911,4626,11822,65535)  #17122EFF  srgba(23,18,46,1)
9,1: (6425,4883,33153,65535)  #191381FF  srgba(25,19,129,1)
10,1: (6425,6425,6425,65535)  #191919FF  srgba(25,25,25,1)
11,1: (6682,1028,28527,65535)  #1A046FFF  srgba(26,4,111,1)
12,1: (6939,1285,34181,65535)  #1B0585FF  srgba(27,5,133,1)
13,1: (6939,3855,17990,65535)  #1B0F46FF  srgba(27,15,70,1)
14,1: (6939,12850,55769,65535)  #1B32D9FF  srgba(27,50,217,1)
15,1: (7453,4883,60395,65535)  #1D13EBFF  srgba(29,19,235,1)
0,2: (7710,5397,25186,65535)  #1E1562FF  srgba(30,21,98,1)
1,2: (7710,13621,63479,65535)  #1E35F7FF  srgba(30,53,247,1)
2,2: (7967,7967,7967,65535)  #1F1F1FFF  grey12
3,2: (7967,13107,33153,65535)  #1F3381FF  srgba(31,51,129,1)
4,2: (8224,16448,65278,65535)  #2040FEFF  srgba(32,64,254,1)
5,2: (8224,18504,65278,65535)  #2048FEFF  srgba(32,72,254,1)
6,2: (8738,16705,62194,65535)  #2241F2FF  srgba(34,65,242,1)
7,2: (8738,18761,31611,65535)  #22497BFF  srgba(34,73,123,1)
8,2: (8995,7967,17476,65535)  #231F44FF  srgba(35,31,68,1)
9,2: (8995,8481,11822,65535)  #23212EFF  srgba(35,33,46,1)
10,2: (8995,18761,16962,65535)  #234942FF  srgba(35,73,66,1)
11,2: (8995,20303,43433,65535)  #234FA9FF  srgba(35,79,169,1)
12,2: (9252,9509,9252,65535)  #242524FF  srgba(36,37,36,1)
13,2: (9252,19789,61166,65535)  #244DEEFF  srgba(36,77,238,1)
14,2: (9252,20817,49601,65535)  #2451C1FF  srgba(36,81,193,1)
15,2: (9509,14135,65278,65535)  #2537FEFF  srgba(37,55,254,1)
0,3: (9509,24929,27499,65535)  #25616BFF  srgba(37,97,107,1)
1,3: (10023,8738,31354,65535)  #27227AFF  srgba(39,34,122,1)
2,3: (10023,8738,46517,65535)  #2722B5FF  srgba(39,34,181,1)
3,3: (10023,10023,10537,65535)  #272729FF  srgba(39,39,41,1)
4,3: (10280,5911,33410,65535)  #281782FF  srgba(40,23,130,1)
5,3: (10280,8995,24158,65535)  #28235EFF  srgba(40,35,94,1)
6,3: (10280,11565,23901,65535)  #282D5DFF  srgba(40,45,93,1)
7,3: (10537,8738,40349,65535)  #29229DFF  srgba(41,34,157,1)
8,3: (10794,10794,10794,65535)  #2A2A2AFF  srgba(42,42,42,1)
9,3: (10794,13364,13621,65535)  #2A3435FF  srgba(42,52,53,1)
10,3: (11051,10537,15934,65535)  #2B293EFF  srgba(43,41,62,1)
11,3: (11051,11308,11822,65535)  #2B2C2EFF  srgba(43,44,46,1)
12,3: (11051,12336,12593,65535)  #2B3031FF  srgba(43,48,49,1)
13,3: (11308,11565,11822,65535)  #2C2D2EFF  srgba(44,45,46,1)
14,3: (12593,10280,22102,65535)  #312856FF  srgba(49,40,86,1)
15,3: (12850,12593,12593,65535)  #323131FF  srgba(50,49,49,1)
0,4: (13107,10023,28784,65535)  #332770FF  srgba(51,39,112,1)
1,4: (13364,12850,20817,65535)  #343251FF  srgba(52,50,81,1)
2,4: (13364,13364,14649,65535)  #343439FF  srgba(52,52,57,1)
3,4: (13878,9766,35209,65535)  #362689FF  srgba(54,38,137,1)
4,4: (13878,16962,64507,65535)  #3642FBFF  srgba(54,66,251,1)
5,4: (14649,4883,35466,65535)  #39138AFF  srgba(57,19,138,1)
6,4: (14649,11565,27499,65535)  #392D6BFF  srgba(57,45,107,1)
7,4: (14649,14392,17733,65535)  #393845FF  srgba(57,56,69,1)
8,4: (14649,19789,59881,65535)  #394DE9FF  srgba(57,77,233,1)
9,4: (14906,13621,65278,65535)  #3A35FEFF  srgba(58,53,254,1)
10,4: (14906,14135,24672,65535)  #3A3760FF  srgba(58,55,96,1)
11,4: (14906,14649,14392,65535)  #3A3938FF  srgba(58,57,56,1)
12,4: (15163,7967,41634,65535)  #3B1FA2FF  srgba(59,31,162,1)
13,4: (15420,12079,35209,65535)  #3C2F89FF  srgba(60,47,137,1)
14,4: (15420,24158,39064,65535)  #3C5E98FF  srgba(60,94,152,1)
15,4: (15677,12850,27499,65535)  #3D326BFF  srgba(61,50,107,1)
0,5: (15677,14906,15677,65535)  #3D3A3DFF  srgba(61,58,61,1)
1,5: (15677,19532,44718,65535)  #3D4CAEFF  srgba(61,76,174,1)
2,5: (15677,24158,65278,65535)  #3D5EFEFF  srgba(61,94,254,1)
3,5: (15934,15163,24929,65535)  #3E3B61FF  srgba(62,59,97,1)
4,5: (15934,16962,56797,65535)  #3E42DDFF  srgba(62,66,221,1)
5,5: (15934,23387,51143,65535)  #3E5BC7FF  srgba(62,91,199,1)
6,5: (15934,23901,62708,65535)  #3E5DF4FF  srgba(62,93,244,1)
7,5: (16191,11308,41891,65535)  #3F2CA3FF  srgba(63,44,163,1)
8,5: (16191,20046,49858,65535)  #3F4EC2FF  srgba(63,78,194,1)
9,5: (16191,21588,39578,65535)  #3F549AFF  srgba(63,84,154,1)
10,5: (16191,29041,55512,65535)  #3F71D8FF  srgba(63,113,216,1)
11,5: (16191,31354,36751,65535)  #3F7A8FFF  srgba(63,122,143,1)
12,5: (16705,14392,62708,65535)  #4138F4FF  srgba(65,56,244,1)
13,5: (16705,16962,16191,65535)  #41423FFF  srgba(65,66,63,1)
14,5: (16705,17733,41377,65535)  #4145A1FF  srgba(65,69,161,1)
15,5: (16705,19532,35209,65535)  #414C89FF  srgba(65,76,137,1)
0,6: (16705,23130,25186,65535)  #415A62FF  srgba(65,90,98,1)
1,6: (16962,14649,33410,65535)  #423982FF  srgba(66,57,130,1)
2,6: (16962,16448,24672,65535)  #424060FF  srgba(66,64,96,1)
3,6: (16962,28013,64507,65535)  #426DFBFF  srgba(66,109,251,1)
4,6: (17219,13107,42662,65535)  #4333A6FF  srgba(67,51,166,1)
5,6: (17476,17476,19018,65535)  #44444AFF  srgba(68,68,74,1)
6,6: (17733,14392,57311,65535)  #4538DFFF  srgba(69,56,223,1)
7,6: (17733,14649,37522,65535)  #453992FF  srgba(69,57,146,1)
8,6: (17990,10537,50886,65535)  #4629C6FF  srgba(70,41,198,1)
9,6: (17990,14649,40863,65535)  #46399FFF  srgba(70,57,159,1)
10,6: (17990,14649,44718,65535)  #4639AEFF  srgba(70,57,174,1)
11,6: (17990,16448,31868,65535)  #46407CFF  srgba(70,64,124,1)
12,6: (17990,20046,65278,65535)  #464EFEFF  srgba(70,78,254,1)
13,6: (18247,15163,28784,65535)  #473B70FF  srgba(71,59,112,1)
14,6: (18247,16191,42919,65535)  #473FA7FF  srgba(71,63,167,1)
15,6: (18247,17733,25443,65535)  #474563FF  srgba(71,69,99,1)
0,7: (18504,18761,24672,65535)  #484960FF  srgba(72,73,96,1)
1,7: (18504,19532,19018,65535)  #484C4AFF  srgba(72,76,74,1)
2,7: (18761,12336,65278,65535)  #4930FEFF  srgba(73,48,254,1)
3,7: (18761,16448,36751,65535)  #49408FFF  srgba(73,64,143,1)
4,7: (18761,17733,32382,65535)  #49457EFF  srgba(73,69,126,1)
5,7: (19275,13621,51143,65535)  #4B35C7FF  srgba(75,53,199,1)
6,7: (19275,14906,50372,65535)  #4B3AC4FF  srgba(75,58,196,1)
7,7: (19532,12079,61680,65535)  #4C2FF0FF  srgba(76,47,240,1)
8,7: (19532,16962,49344,65535)  #4C42C0FF  srgba(76,66,192,1)
9,7: (19789,9252,62708,65535)  #4D24F4FF  srgba(77,36,244,1)
10,7: (19789,16962,64507,65535)  #4D42FBFF  srgba(77,66,251,1)
11,7: (20046,9766,28270,65535)  #4E266EFF  srgba(78,38,110,1)
12,7: (20046,11565,15420,65535)  #4E2D3CFF  srgba(78,45,60,1)
13,7: (20303,19789,59624,65535)  #4F4DE8FF  srgba(79,77,232,1)
14,7: (20303,20303,19532,65535)  #4F4F4CFF  srgba(79,79,76,1)
15,7: (20560,16705,39578,65535)  #50419AFF  srgba(80,65,154,1)
0,8: (20817,14906,42919,65535)  #513AA7FF  srgba(81,58,167,1)
1,8: (20817,15163,45746,65535)  #513BB2FF  srgba(81,59,178,1)
2,8: (20817,17990,37522,65535)  #514692FF  srgba(81,70,146,1)
3,8: (21074,14649,38293,65535)  #523995FF  srgba(82,57,149,1)
4,8: (21074,16448,45489,65535)  #5240B1FF  srgba(82,64,177,1)
5,8: (21074,19018,38293,65535)  #524A95FF  srgba(82,74,149,1)
6,8: (21074,21074,22873,65535)  #525259FF  srgba(82,82,89,1)
7,8: (21331,17990,43690,65535)  #5346AAFF  srgba(83,70,170,1)
8,8: (21588,7710,39835,65535)  #541E9BFF  srgba(84,30,155,1)
9,8: (21588,9252,65278,65535)  #5424FEFF  srgba(84,36,254,1)
10,8: (21588,12336,40863,65535)  #54309FFF  srgba(84,48,159,1)
11,8: (21588,12593,65278,65535)  #5431FEFF  srgba(84,49,254,1)
12,8: (21588,18761,28784,65535)  #544970FF  srgba(84,73,112,1)
13,8: (21588,21074,38293,65535)  #545295FF  srgba(84,82,149,1)
14,8: (21845,16705,55512,65535)  #5541D8FF  srgba(85,65,216,1)
15,8: (22102,12593,45489,65535)  #5631B1FF  srgba(86,49,177,1)
0,9: (22102,20817,20046,65535)  #56514EFF  srgba(86,81,78,1)
1,9: (22102,21074,28013,65535)  #56526DFF  srgba(86,82,109,1)
2,9: (22359,17219,49344,65535)  #5743C0FF  srgba(87,67,192,1)
3,9: (22616,12593,21588,65535)  #583154FF  srgba(88,49,84,1)
4,9: (22616,19018,49858,65535)  #584AC2FF  srgba(88,74,194,1)
5,9: (22873,14392,57311,65535)  #5938DFFF  srgba(89,56,223,1)
6,9: (22873,34181,63993,65535)  #5985F9FF  srgba(89,133,249,1)
7,9: (23130,14135,62708,65535)  #5A37F4FF  srgba(90,55,244,1)
8,9: (23130,23901,28013,65535)  #5A5D6DFF  srgba(90,93,109,1)
9,9: (23387,19275,42919,65535)  #5B4BA7FF  srgba(91,75,167,1)
10,9: (23387,20560,40349,65535)  #5B509DFF  srgba(91,80,157,1)
11,9: (23387,22359,22873,65535)  #5B5759FF  srgba(91,87,89,1)
12,9: (23901,16705,46260,65535)  #5D41B4FF  srgba(93,65,180,1)
13,9: (23901,16962,40863,65535)  #5D429FFF  srgba(93,66,159,1)
14,9: (23901,21845,39321,65535)  #5D5599FF  srgba(93,85,153,1)
15,9: (24415,27756,38807,65535)  #5F6C97FF  srgba(95,108,151,1)
0,10: (24672,11565,61166,65535)  #602DEEFF  srgba(96,45,238,1)
1,10: (24672,14906,49601,65535)  #603AC1FF  srgba(96,58,193,1)
2,10: (24672,16962,49601,65535)  #6042C1FF  srgba(96,66,193,1)
3,10: (24929,12593,65278,65535)  #6131FEFF  srgba(97,49,254,1)
4,10: (25186,8481,63222,65535)  #6221F6FF  srgba(98,33,246,1)
5,10: (25443,7967,65278,65535)  #631FFEFF  srgba(99,31,254,1)
6,10: (25443,12336,49858,65535)  #6330C2FF  srgba(99,48,194,1)
7,10: (25443,14135,40863,65535)  #63379FFF  srgba(99,55,159,1)
8,10: (25700,10280,42148,65535)  #6428A4FF  srgba(100,40,164,1)
9,10: (25700,12850,46517,65535)  #6432B5FF  srgba(100,50,181,1)
10,10: (25700,19275,51400,65535)  #644BC8FF  srgba(100,75,200,1)
11,10: (26214,28270,59624,65535)  #666EE8FF  srgba(102,110,232,1)
12,10: (26471,23387,65021,65535)  #675BFDFF  srgba(103,91,253,1)
13,10: (26728,16962,59367,65535)  #6842E7FF  srgba(104,66,231,1)
14,10: (26728,23387,52942,65535)  #685BCEFF  srgba(104,91,206,1)
15,10: (26728,29041,65278,65535)  #6871FEFF  srgba(104,113,254,1)
0,11: (27499,19789,61680,65535)  #6B4DF0FF  srgba(107,77,240,1)
1,11: (27499,19789,65278,65535)  #6B4DFEFF  srgba(107,77,254,1)
2,11: (27756,23901,58853,65535)  #6C5DE5FF  srgba(108,93,229,1)
3,11: (28270,11822,46517,65535)  #6E2EB5FF  srgba(110,46,181,1)
4,11: (28270,12079,40863,65535)  #6E2F9FFF  srgba(110,47,159,1)
5,11: (28270,16962,65021,65535)  #6E42FDFF  srgba(110,66,253,1)
6,11: (28270,17219,52942,65535)  #6E43CEFF  srgba(110,67,206,1)
7,11: (28527,16705,50115,65535)  #6F41C3FF  srgba(111,65,195,1)
8,11: (28527,17219,44975,65535)  #6F43AFFF  srgba(111,67,175,1)
9,11: (28784,7453,65278,65535)  #701DFEFF  srgba(112,29,254,1)
10,11: (28784,34695,64507,65535)  #7087FBFF  srgba(112,135,251,1)
11,11: (29041,7710,64507,65535)  #711EFBFF  srgba(113,30,251,1)
12,11: (29041,8995,57054,65535)  #7123DEFF  srgba(113,35,222,1)
13,11: (29041,17990,37779,65535)  #714693FF  srgba(113,70,147,1)
14,11: (29298,12850,58853,65535)  #7232E5FF  srgba(114,50,229,1)
15,11: (29298,14135,49344,65535)  #7237C0FF  srgba(114,55,192,1)
0,12: (29298,18247,23387,65535)  #72475BFF  srgba(114,71,91,1)
1,12: (29555,13107,65021,65535)  #7333FDFF  srgba(115,51,253,1)
2,12: (29812,13621,51657,65535)  #7435C9FF  srgba(116,53,201,1)
3,12: (29812,41377,64250,65535)  #74A1FAFF  srgba(116,161,250,1)
4,12: (30069,11308,48573,65535)  #752CBDFF  srgba(117,44,189,1)
5,12: (30326,11565,43176,65535)  #762DA8FF  srgba(118,45,168,1)
6,12: (30326,13621,27499,65535)  #76356BFF  srgba(118,53,107,1)
7,12: (31097,18247,27756,65535)  #79476CFF  srgba(121,71,108,1)
8,12: (31354,12079,41377,65535)  #7A2FA1FF  srgba(122,47,161,1)
9,12: (31354,14392,22102,65535)  #7A3856FF  srgba(122,56,86,1)
10,12: (32896,31868,39321,65535)  #807C99FF  srgba(128,124,153,1)
11,12: (33410,12850,50372,65535)  #8232C4FF  srgba(130,50,196,1)
12,12: (33410,13621,41120,65535)  #8235A0FF  srgba(130,53,160,1)
13,12: (33667,11822,61680,65535)  #832EF0FF  srgba(131,46,240,1)
14,12: (34181,13107,52685,65535)  #8533CDFF  srgba(133,51,205,1)
15,12: (34181,14906,54998,65535)  #853AD6FF  srgba(133,58,214,1)
0,13: (34438,24415,37779,65535)  #865F93FF  srgba(134,95,147,1)
1,13: (34695,11565,65021,65535)  #872DFDFF  srgba(135,45,253,1)
2,13: (34695,14649,65021,65535)  #8739FDFF  srgba(135,57,253,1)
3,13: (34695,25443,30069,65535)  #876375FF  srgba(135,99,117,1)
4,13: (35723,42148,65021,65535)  #8BA4FDFF  srgba(139,164,253,1)
5,13: (36237,16962,65278,65535)  #8D42FEFF  srgba(141,66,254,1)
6,13: (36494,19018,28270,65535)  #8E4A6EFF  srgba(142,74,110,1)
7,13: (36494,21845,65278,65535)  #8E55FEFF  srgba(142,85,254,1)
8,13: (36751,14392,53456,65535)  #8F38D0FF  srgba(143,56,208,1)
9,13: (37008,18761,53456,65535)  #9049D0FF  srgba(144,73,208,1)
10,13: (37008,20817,60138,65535)  #9051EAFF  srgba(144,81,234,1)
11,13: (37265,19018,37779,65535)  #914A93FF  srgba(145,74,147,1)
12,13: (37522,14392,58853,65535)  #9238E5FF  srgba(146,56,229,1)
13,13: (38036,16448,54998,65535)  #9440D6FF  srgba(148,64,214,1)
14,13: (38036,30069,61166,65535)  #9475EEFF  srgba(148,117,238,1)
15,13: (38293,30069,65278,65535)  #9575FEFF  srgba(149,117,254,1)
0,14: (38550,12850,65278,65535)  #9632FEFF  srgba(150,50,254,1)
1,14: (38550,19018,44718,65535)  #964AAEFF  srgba(150,74,174,1)
2,14: (38550,22102,36494,65535)  #96568EFF  srgba(150,86,142,1)
3,14: (38550,22873,30840,65535)  #965978FF  srgba(150,89,120,1)
4,14: (38550,37779,64764,65535)  #9693FCFF  srgba(150,147,252,1)
5,14: (39064,17476,58339,65535)  #9844E3FF  srgba(152,68,227,1)
6,14: (39064,17990,56540,65535)  #9846DCFF  srgba(152,70,220,1)
7,14: (39321,30326,64764,65535)  #9976FCFF  srgba(153,118,252,1)
8,14: (40863,23387,31097,65535)  #9F5B79FF  srgba(159,91,121,1)
9,14: (40863,46260,64507,65535)  #9FB4FBFF  srgba(159,180,251,1)
10,14: (41120,18247,57054,65535)  #A047DEFF  srgba(160,71,222,1)
11,14: (41377,50886,64507,65535)  #A1C6FBFF  srgba(161,198,251,1)
12,14: (42662,18761,63736,65535)  #A649F8FF  srgba(166,73,248,1)
13,14: (42919,24929,37265,65535)  #A76191FF  srgba(167,97,145,1)
14,14: (43433,23130,63736,65535)  #A95AF8FF  srgba(169,90,248,1)
15,14: (45746,42148,64250,65535)  #B2A4FAFF  srgba(178,164,250,1)
0,15: (47031,37265,64764,65535)  #B791FCFF  srgba(183,145,252,1)
1,15: (47545,29298,59881,65535)  #B972E9FF  srgba(185,114,233,1)
2,15: (47545,30326,65278,65535)  #B976FEFF  srgba(185,118,254,1)
3,15: (47802,23644,64507,65535)  #BA5CFBFF  srgba(186,92,251,1)
4,15: (48059,30069,64764,65535)  #BB75FCFF  srgba(187,117,252,1)
5,15: (48830,32382,41120,65535)  #BE7EA0FF  srgba(190,126,160,1)
6,15: (54227,31097,63993,65535)  #D379F9FF  srgba(211,121,249,1)
7,15: (54741,30840,65021,65535)  #D578FDFF  srgba(213,120,253,1)
8,15: (54741,31611,65278,65535)  #D57BFEFF  srgba(213,123,254,1)
9,15: (57568,45746,64764,65535)  #E0B2FCFF  srgba(224,178,252,1)
10,15: (58596,40092,62451,65535)  #E49CF3FF  srgba(228,156,243,1)
11,15: (59367,37265,63993,65535)  #E791F9FF  srgba(231,145,249,1)
12,15: (59367,37265,65278,65535)  #E791FEFF  srgba(231,145,254,1)
13,15: (59367,40092,65535,65535)  #E79CFFFF  srgba(231,156,255,1)
14,15: (59881,42405,64764,65535)  #E9A5FCFF  srgba(233,165,252,1)
15,15: (0,65535,0,0)  #00FF0000  srgba(0,255,0,0)
