# ImageMagick pixel enumeration: 16,16,65535,srgba
0,0: (0,0,0,65535)  #000000FF  black
1,0: (0,0,13107,65535)  #000033FF  srgba(0,0,51,1)
2,0: (0,257,15163,65535)  #00013BFF  srgba(0,1,59,1)
3,0: (0,1799,0,65535)  #000700FF  srgba(0,7,0,1)
4,0: (0,3341,0,65535)  #000D00FF  srgba(0,13,0,1)
5,0: (0,3855,0,65535)  #000F00FF  srgba(0,15,0,1)
6,0: (0,13878,11565,65535)  #00362DFF  srgba(0,54,45,1)
7,0: (0,20303,11565,65535)  #004F2DFF  srgba(0,79,45,1)
8,0: (0,24672,11565,65535)  #00602DFF  srgba(0,96,45,1)
9,0: (257,257,42148,65535)  #0101A4FF  srgba(1,1,164,1)
10,0: (257,257,48059,65535)  #0101BBFF  srgba(1,1,187,1)
11,0: (257,514,9766,65535)  #010226FF  srgba(1,2,38,1)
12,0: (257,514,20303,65535)  #01024FFF  srgba(1,2,79,1)
13,0: (257,514,30326,65535)  #010276FF  srgba(1,2,118,1)
14,0: (257,1028,4626,65535)  #010412FF  srgba(1,4,18,1)
15,0: (257,1799,514,65535)  #010702FF  srgba(1,7,2,1)
0,1: (257,2056,0,65535)  #010800FF  srgba(1,8,0,1)
1,1: (257,4883,257,65535)  #011301FF  srgba(1,19,1,1)
2,1: (257,5397,6682,65535)  #01151AFF  srgba(1,21,26,1)
3,1: (257,6682,257,65535)  #011A01FF  srgba(1,26,1,1)
4,1: (257,6682,13878,65535)  #011A36FF  srgba(1,26,54,1)
5,1: (257,6682,18504,65535)  #011A48FF  srgba(1,26,72,1)
6,1: (257,7196,11565,65535)  #011C2DFF  srgba(1,28,45,1)
7,1: (257,8995,6682,65535)  #01231AFF  srgba(1,35,26,1)
8,1: (257,8995,48316,65535)  #0123BCFF  srgba(1,35,188,1)
9,1: (257,9252,41634,65535)  #0124A2FF  srgba(1,36,162,1)
10,1: (257,9509,33410,65535)  #012582FF  srgba(1,37,130,1)
11,1: (257,9766,26214,65535)  #012666FF  srgba(1,38,102,1)
12,1: (257,10023,257,65535)  #012701FF  srgba(1,39,1,1)
13,1: (257,12850,13878,65535)  #013236FF  srgba(1,50,54,1)
14,1: (257,12850,18504,65535)  #013248FF  srgba(1,50,72,1)
15,1: (257,13878,257,65535)  #013601FF  srgba(1,54,1,1)
0,2: (257,13878,5140,65535)  #013614FF  srgba(1,54,20,1)
1,2: (257,13878,9252,65535)  #013624FF  srgba(1,54,36,1)
2,2: (257,17476,30326,65535)  #014476FF  srgba(1,68,118,1)
3,2: (257,17476,43690,65535)  #0144AAFF  srgba(1,68,170,1)
4,2: (257,18247,20817,65535)  #014751FF  srgba(1,71,81,1)
5,2: (257,18504,16191,65535)  #01483FFF  srgba(1,72,63,1)
6,2: (257,19018,514,65535)  #014A02FF  srgba(1,74,2,1)
7,2: (257,19018,13621,65535)  #014A35FF  srgba(1,74,53,1)
8,2: (257,20303,4883,65535)  #014F13FF  srgba(1,79,19,1)
9,2: (257,20303,9252,65535)  #014F24FF  srgba(1,79,36,1)
10,2: (257,22102,20817,65535)  #015651FF  srgba(1,86,81,1)
11,2: (257,22873,16191,65535)  #01593FFF  srgba(1,89,63,1)
12,2: (257,22873,39835,65535)  #01599BFF  srgba(1,89,155,1)
13,2: (257,23644,13621,65535)  #015C35FF  srgba(1,92,53,1)
14,2: (257,24158,771,65535)  #015E03FF  srgba(1,94,3,1)
15,2: (257,24929,6168,65535)  #016118FF  srgba(1,97,24,1)
0,3: (257,25443,28270,65535)  #01636EFF  srgba(1,99,110,1)
1,3: (257,26985,8995,65535)  #016923FF  srgba(1,105,35,1)
2,3: (257,27242,13621,65535)  #016A35FF  srgba(1,106,53,1)
3,3: (257,27499,16191,65535)  #016B3FFF  srgba(1,107,63,1)
4,3: (257,28270,8995,65535)  #016E23FF  srgba(1,110,35,1)
5,3: (257,28527,771,65535)  #016F03FF  srgba(1,111,3,1)
6,3: (257,29555,9252,65535)  #017324FF  srgba(1,115,36,1)
7,3: (257,29555,20817,65535)  #017351FF  srgba(1,115,81,1)
8,3: (257,32382,7453,65535)  #017E1DFF  srgba(1,126,29,1)
9,3: (257,36751,257,65535)  #018F01FF  srgba(1,143,1,1)
10,3: (257,45232,7196,65535)  #01B01CFF  srgba(1,176,28,1)
11,3: (257,51657,257,65535)  #01C901FF  srgba(1,201,1,1)
12,3: (2827,21845,3855,65535)  #0B550FFF  srgba(11,85,15,1)
13,3: (3084,1799,0,65535)  #0C0700FF  srgba(12,7,0,1)
14,3: (3084,5911,0,65535)  #0C1700FF  srgba(12,23,0,1)
15,3: (3341,28013,3598,65535)  #0D6D0EFF  srgba(13,109,14,1)
0,4: (3598,5654,3341,65535)  #0E160DFF  srgba(14,22,13,1)
1,4: (3598,6939,11051,65535)  #0E1B2BFF  srgba(14,27,43,1)
2,4: (3598,13621,11308,65535)  #0E352CFF  srgba(14,53,44,1)
3,4: (3855,7196,15163,65535)  #0F1C3BFF  srgba(15,28,59,1)
4,4: (3855,9766,3598,65535)  #0F260EFF  srgba(15,38,14,1)
5,4: (3855,14906,3855,65535)  #0F3A0FFF  srgba(15,58,15,1)
6,4: (4112,1799,257,65535)  #100701FF  srgba(16,7,1,1)
7,4: (4369,13364,0,65535)  #113400FF  srgba(17,52,0,1)
8,4: (4369,22102,11565,65535)  #11562DFF  srgba(17,86,45,1)
9,4: (4369,23387,0,65535)  #115B00FF  srgba(17,91,0,1)
10,4: (4626,257,12593,65535)  #120131FF  srgba(18,1,49,1)
11,4: (4626,257,14649,65535)  #120139FF  srgba(18,1,57,1)
12,4: (4626,13878,41891,65535)  #1236A3FF  srgba(18,54,163,1)
13,4: (4883,1028,5911,65535)  #130417FF  srgba(19,4,23,1)
14,4: (4883,23387,17219,65535)  #135B43FF  srgba(19,91,67,1)
15,4: (5140,514,10280,65535)  #140228FF  srgba(20,2,40,1)
0,5: (5140,13878,30840,65535)  #143678FF  srgba(20,54,120,1)
1,5: (5140,18247,17219,65535)  #144743FF  srgba(20,71,67,1)
2,5: (5140,20560,23387,65535)  #14505BFF  srgba(20,80,91,1)
3,5: (5140,20817,34952,65535)  #145188FF  srgba(20,81,136,1)
4,5: (5140,27242,11308,65535)  #146A2CFF  srgba(20,106,44,1)
5,5: (5397,18247,11565,65535)  #15472DFF  srgba(21,71,45,1)
6,5: (5654,13878,23644,65535)  #16365CFF  srgba(22,54,92,1)
7,5: (6168,1285,0,65535)  #180500FF  srgba(24,5,0,1)
8,5: (6168,6939,44461,65535)  #181BADFF  srgba(24,27,173,1)
9,5: (6425,7196,31097,65535)  #191C79FF  srgba(25,28,121,1)
10,5: (6425,7453,21588,65535)  #191D54FF  srgba(25,29,84,1)
11,5: (6682,257,47288,65535)  #1A01B8FF  srgba(26,1,184,1)
12,5: (6682,13621,17219,65535)  #1A3543FF  srgba(26,53,67,1)
13,5: (6939,6168,0,65535)  #1B1800FF  srgba(27,24,0,1)
14,5: (6939,34181,0,65535)  #1B8500FF  srgba(27,133,0,1)
15,5: (6939,34952,23644,65535)  #1B885CFF  srgba(27,136,92,1)
0,6: (6939,36751,17476,65535)  #1B8F44FF  srgba(27,143,68,1)
1,6: (7196,35723,33924,65535)  #1C8B84FF  srgba(28,139,132,1)
2,6: (7453,40863,11308,65535)  #1D9F2CFF  srgba(29,159,44,1)
3,6: (7710,514,25186,65535)  #1E0262FF  srgba(30,2,98,1)
4,6: (7710,514,37522,65535)  #1E0292FF  srgba(30,2,146,1)
5,6: (8224,771,17990,65535)  #200346FF  srgba(32,3,70,1)
6,6: (8224,7710,3598,65535)  #201E0EFF  srgba(32,30,14,1)
7,6: (8738,7196,11051,65535)  #221C2BFF  srgba(34,28,43,1)
8,6: (8995,14906,3598,65535)  #233A0EFF  srgba(35,58,14,1)
9,6: (9252,13364,0,65535)  #243400FF  srgba(36,52,0,1)
10,6: (9252,13364,11565,65535)  #24342DFF  srgba(36,52,45,1)
11,6: (9509,257,14649,65535)  #250139FF  srgba(37,1,57,1)
12,6: (9766,7453,15420,65535)  #261D3CFF  srgba(38,29,60,1)
13,6: (9766,49601,3341,65535)  #26C10DFF  srgba(38,193,13,1)
14,6: (10023,257,12593,65535)  #270131FF  srgba(39,1,49,1)
15,6: (10023,21588,3341,65535)  #27540DFF  srgba(39,84,13,1)
0,7: (10023,37265,3341,65535)  #27910DFF  srgba(39,145,13,1)
1,7: (10023,53199,0,65535)  #27CF00FF  srgba(39,207,0,1)
2,7: (11051,6425,0,65535)  #2B1900FF  srgba(43,25,0,1)
3,7: (11565,23387,0,65535)  #2D5B00FF  srgba(45,91,0,1)
4,7: (11822,1028,0,65535)  #2E0400FF  srgba(46,4,0,1)
5,7: (12079,257,10537,65535)  #2F0129FF  srgba(47,1,41,1)
6,7: (12079,771,5654,65535)  #2F0316FF  srgba(47,3,22,1)
7,7: (12079,28784,3341,65535)  #2F700DFF  srgba(47,112,13,1)
8,7: (12593,46003,0,65535)  #31B300FF  srgba(49,179,0,1)
9,7: (13878,7710,3341,65535)  #361E0DFF  srgba(54,30,13,1)
10,7: (13878,14906,3084,65535)  #363A0CFF  srgba(54,58,12,1)
11,7: (14649,6425,0,65535)  #391900FF  srgba(57,25,0,1)
12,7: (15163,257,14906,65535)  #3B013AFF  srgba(59,1,58,1)
13,7: (15677,13621,0,65535)  #3D3500FF  srgba(61,53,0,1)
14,7: (15934,0,12593,65535)  #3E0031FF  srgba(62,0,49,1)
15,7: (16191,34695,0,65535)  #3F8700FF  srgba(63,135,0,1)
0,8: (17990,257,9509,65535)  #460125FF  srgba(70,1,37,1)
1,8: (17990,1285,1028,65535)  #460504FF  srgba(70,5,4,1)
2,8: (18247,10537,31097,65535)  #472979FF  srgba(71,41,121,1)
3,8: (18247,22616,32639,65535)  #47587FFF  srgba(71,88,127,1)
4,8: (18504,29812,21588,65535)  #487454FF  srgba(72,116,84,1)
5,8: (18504,38293,32639,65535)  #48957FFF  srgba(72,149,127,1)
6,8: (18761,257,46517,65535)  #4901B5FF  srgba(73,1,181,1)
7,8: (18761,10537,20046,65535)  #49294EFF  srgba(73,41,78,1)
8,8: (18761,19789,11051,65535)  #494D2BFF  srgba(73,77,43,1)
9,8: (18761,29555,15934,65535)  #49733EFF  srgba(73,115,62,1)
10,8: (19018,12593,15934,65535)  #4A313EFF  srgba(74,49,62,1)
11,8: (19275,6682,0,65535)  #4B1A00FF  srgba(75,26,0,1)
12,8: (19275,23644,0,65535)  #4B5C00FF  srgba(75,92,0,1)
13,8: (19532,5654,19532,65535)  #4C164CFF  srgba(76,22,76,1)
14,8: (19789,5397,42148,65535)  #4D15A4FF  srgba(77,21,164,1)
15,8: (19789,5654,27499,65535)  #4D166BFF  srgba(77,22,107,1)
0,9: (19789,38293,10794,65535)  #4D952AFF  srgba(77,149,42,1)
1,9: (20046,257,37522,65535)  #4E0192FF  srgba(78,1,146,1)
2,9: (20046,771,24415,65535)  #4E035FFF  srgba(78,3,95,1)
3,9: (20046,5397,15677,65535)  #4E153DFF  srgba(78,21,61,1)
4,9: (20046,6425,3341,65535)  #4E190DFF  srgba(78,25,13,1)
5,9: (20303,771,17476,65535)  #4F0344FF  srgba(79,3,68,1)
6,9: (20560,9252,15934,65535)  #50243EFF  srgba(80,36,62,1)
7,9: (20817,5654,11565,65535)  #51162DFF  srgba(81,22,45,1)
8,9: (21331,514,15163,65535)  #53023BFF  srgba(83,2,59,1)
9,9: (21588,13621,0,65535)  #543500FF  srgba(84,53,0,1)
10,9: (21845,12079,11308,65535)  #552F2CFF  srgba(85,47,44,1)
11,9: (21845,15163,3084,65535)  #553B0CFF  srgba(85,59,12,1)
12,9: (22102,257,12336,65535)  #560130FF  srgba(86,1,48,1)
13,9: (22359,9766,11565,65535)  #57262DFF  srgba(87,38,45,1)
14,9: (22359,10537,3855,65535)  #57290FFF  srgba(87,41,15,1)
15,9: (22359,26471,3084,65535)  #57670CFF  srgba(87,103,12,1)
0,10: (22616,257,9509,65535)  #580125FF  srgba(88,1,37,1)
1,10: (22616,1285,1028,65535)  #580504FF  srgba(88,5,4,1)
2,10: (24415,6425,3855,65535)  #5F190FFF  srgba(95,25,15,1)
3,10: (25186,37522,3341,65535)  #62920DFF  srgba(98,146,13,1)
4,10: (25443,45489,0,65535)  #63B100FF  srgba(99,177,0,1)
5,10: (25700,5140,37008,65535)  #641490FF  srgba(100,20,144,1)
6,10: (25700,6682,0,65535)  #641A00FF  srgba(100,26,0,1)
7,10: (25700,35209,0,65535)  #648900FF  srgba(100,137,0,1)
8,10: (25700,46260,2570,65535)  #64B40AFF  srgba(100,180,10,1)
9,10: (26471,6168,11565,65535)  #67182DFF  srgba(103,24,45,1)
10,10: (26471,12079,11051,65535)  #672F2BFF  srgba(103,47,43,1)
11,10: (26471,24158,0,65535)  #675E00FF  srgba(103,94,0,1)
12,10: (27242,13621,0,65535)  #6A3500FF  srgba(106,53,0,1)
13,10: (28013,0,12079,65535)  #6D002FFF  srgba(109,0,47,1)
14,10: (28013,8995,15677,65535)  #6D233DFF  srgba(109,35,61,1)
15,10: (28270,257,8224,65535)  #6E0120FF  srgba(110,1,32,1)
0,11: (28270,1285,1028,65535)  #6E0504FF  srgba(110,5,4,1)
1,11: (28527,0,13621,65535)  #6F0035FF  srgba(111,0,53,1)
2,11: (29041,514,23130,65535)  #71025AFF  srgba(113,2,90,1)
3,11: (29041,9509,11308,65535)  #71252CFF  srgba(113,37,44,1)
4,11: (29298,5654,15677,65535)  #72163DFF  srgba(114,22,61,1)
5,11: (29812,5654,20817,65535)  #741651FF  srgba(116,22,81,1)
6,11: (29812,11051,20560,65535)  #742B50FF  srgba(116,43,80,1)
7,11: (29812,41891,2827,65535)  #74A30BFF  srgba(116,163,11,1)
8,11: (30069,257,16191,65535)  #75013FFF  srgba(117,1,63,1)
9,11: (30069,12336,3598,65535)  #75300EFF  srgba(117,48,14,1)
10,11: (30326,5654,4112,65535)  #761610FF  srgba(118,22,16,1)
11,11: (30326,35466,10794,65535)  #768A2AFF  srgba(118,138,42,1)
12,11: (31611,514,44718,65535)  #7B02AEFF  srgba(123,2,174,1)
13,11: (31611,14906,15677,65535)  #7B3A3DFF  srgba(123,58,61,1)
14,11: (31611,32125,30069,65535)  #7B7D75FF  srgba(123,125,117,1)
15,11: (31868,5140,34438,65535)  #7C1486FF  srgba(124,20,134,1)
0,12: (31868,27499,3084,65535)  #7C6B0CFF  srgba(124,107,12,1)
1,12: (32382,257,35723,65535)  #7E018BFF  srgba(126,1,139,1)
2,12: (32639,13364,31611,65535)  #7F347BFF  srgba(127,52,123,1)
3,12: (32639,31868,21074,65535)  #7F7C52FF  srgba(127,124,82,1)
4,12: (32896,5911,11308,65535)  #80172CFF  srgba(128,23,44,1)
5,12: (33153,5911,0,65535)  #811700FF  srgba(129,23,0,1)
6,12: (33153,13621,0,65535)  #813500FF  srgba(129,53,0,1)
7,12: (33410,0,13621,65535)  #820035FF  srgba(130,0,53,1)
8,12: (33667,34695,15934,65535)  #83873EFF  srgba(131,135,62,1)
9,12: (34181,24158,0,65535)  #855E00FF  srgba(133,94,0,1)
10,12: (34438,37779,3341,65535)  #86930DFF  srgba(134,147,13,1)
11,12: (34952,0,11822,65535)  #88002EFF  srgba(136,0,46,1)
12,12: (34952,32639,0,65535)  #887F00FF  srgba(136,127,0,1)
13,12: (35209,1028,1285,65535)  #890405FF  srgba(137,4,5,1)
14,12: (35466,514,7967,65535)  #8A021FFF  srgba(138,2,31,1)
15,12: (35466,15420,10794,65535)  #8A3C2AFF  srgba(138,60,42,1)
0,13: (35466,42919,0,65535)  #8AA700FF  srgba(138,167,0,1)
1,13: (36751,257,23387,65535)  #8F015BFF  srgba(143,1,91,1)
2,13: (37265,5140,3598,65535)  #91140EFF  srgba(145,20,14,1)
3,13: (37265,12850,2827,65535)  #91320BFF  srgba(145,50,11,1)
4,13: (37779,39321,0,65535)  #939900FF  srgba(147,153,0,1)
5,13: (37779,40606,0,65535)  #939E00FF  srgba(147,158,0,1)
6,13: (39578,0,13621,65535)  #9A0035FF  srgba(154,0,53,1)
7,13: (39578,0,15934,65535)  #9A003EFF  srgba(154,0,62,1)
8,13: (39578,39064,2570,65535)  #9A980AFF  srgba(154,152,10,1)
9,13: (40606,6939,0,65535)  #9E1B00FF  srgba(158,27,0,1)
10,13: (40606,33410,10794,65535)  #9E822AFF  srgba(158,130,42,1)
11,13: (41120,15163,0,65535)  #A03B00FF  srgba(160,59,0,1)
12,13: (42148,257,9252,65535)  #A40124FF  srgba(164,1,36,1)
13,13: (42148,771,2827,65535)  #A4030BFF  srgba(164,3,11,1)
14,13: (42148,39835,0,65535)  #A49B00FF  srgba(164,155,0,1)
15,13: (42405,24415,0,65535)  #A55F00FF  srgba(165,95,0,1)
0,14: (42405,24672,2570,65535)  #A5600AFF  srgba(165,96,10,1)
1,14: (42662,0,12079,65535)  #A6002FFF  srgba(166,0,47,1)
2,14: (42662,31868,2827,65535)  #A67C0BFF  srgba(166,124,11,1)
3,14: (42919,0,23387,65535)  #A7005BFF  srgba(167,0,91,1)
4,14: (43176,32896,0,65535)  #A88000FF  srgba(168,128,0,1)
5,14: (44204,10794,2827,65535)  #AC2A0BFF  srgba(172,42,11,1)
6,14: (44718,0,35980,65535)  #AE008CFF  srgba(174,0,140,1)
7,14: (44718,0,45489,65535)  #AE00B1FF  srgba(174,0,177,1)
8,14: (45232,0,13621,65535)  #B00035FF  srgba(176,0,53,1)
9,14: (45489,0,15934,65535)  #B1003EFF  srgba(177,0,62,1)
10,14: (46003,38807,0,65535)  #B39700FF  srgba(179,151,0,1)
11,14: (46774,0,10280,65535)  #B60028FF  srgba(182,0,40,1)
12,14: (46774,0,12336,65535)  #B60030FF  srgba(182,0,48,1)
13,14: (46774,257,4112,65535)  #B60110FF  srgba(182,1,16,1)
14,14: (47288,37522,2056,65535)  #B89208FF  srgba(184,146,8,1)
15,14: (48830,0,22873,65535)  #BE0059FF  srgba(190,0,89,1)
0,15: (49858,0,9766,65535)  #C20026FF  srgba(194,0,38,1)
1,15: (49858,37265,0,65535)  #C29100FF  srgba(194,145,0,1)
2,15: (50372,11565,0,65535)  #C42D00FF  srgba(196,45,0,1)
3,15: (50629,32639,0,65535)  #C57F00FF  srgba(197,127,0,1)
4,15: (51143,0,13621,65535)  #C70035FF  srgba(199,0,53,1)
5,15: (51143,28527,2313,65535)  #C76F09FF  srgba(199,111,9,1)
6,15: (51400,21845,0,65535)  #C85500FF  srgba(200,85,0,1)
7,15: (52171,0,15677,65535)  #CB003DFF  srgba(203,0,61,1)
8,15: (53713,0,10280,65535)  #D10028FF  srgba(209,0,40,1)
9,15: (55255,14135,2313,65535)  #D73709FF  srgba(215,55,9,1)
10,15: (56026,32639,0,65535)  #DA7F00FF  srgba(218,127,0,1)
11,15: (59881,13621,0,65535)  #E93500FF  srgba(233,53,0,1)
12,15: (59881,27756,1799,65535)  #E96C07FF  srgba(233,108,7,1)
13,15: (61423,30326,0,65535)  #EF7600FF  srgba(239,118,0,1)
14,15: (61680,21588,0,65535)  #F05400FF  srgba(240,84,0,1)
15,15: (0,65535,0,0)  #00FF0000  srgba(0,255,0,0)
