# ImageMagick pixel enumeration: 16,16,65535,srgba
0,0: (0,514,12336,65535)  #000230FF  srgba(0,2,48,1)
1,0: (0,1028,15934,65535)  #00043EFF  srgba(0,4,62,1)
2,0: (0,1799,17990,65535)  #000746FF  srgba(0,7,70,1)
3,0: (0,4112,20560,65535)  #001050FF  srgba(0,16,80,1)
4,0: (0,6939,20817,65535)  #001B51FF  srgba(0,27,81,1)
5,0: (0,7967,18247,65535)  #001F47FF  srgba(0,31,71,1)
6,0: (0,14649,27242,65535)  #00396AFF  srgba(0,57,106,1)
7,0: (0,20303,32382,65535)  #004F7EFF  srgba(0,79,126,1)
8,0: (0,22616,32382,65535)  #00587EFF  srgba(0,88,126,1)
9,0: (0,23130,34952,65535)  #005A88FF  srgba(0,90,136,1)
10,0: (0,26728,37265,65535)  #006891FF  srgba(0,104,145,1)
11,0: (0,29555,38807,65535)  #007397FF  srgba(0,115,151,1)
12,0: (0,32382,40606,65535)  #007E9EFF  srgba(0,126,158,1)
13,0: (0,32896,39321,65535)  #008099FF  srgba(0,128,153,1)
14,0: (0,33924,42405,65535)  #0084A5FF  srgba(0,132,165,1)
15,0: (0,37779,43947,65535)  #0093ABFF  srgba(0,147,171,1)
0,1: (0,39578,46003,65535)  #009AB3FF  srgba(0,154,179,1)
1,1: (0,40863,47031,65535)  #009FB7FF  srgba(0,159,183,1)
2,1: (0,41634,50372,65535)  #00A2C4FF  srgba(0,162,196,1)
3,1: (0,42405,47031,65535)  #00A5B7FF  srgba(0,165,183,1)
4,1: (0,44718,50886,65535)  #00AEC6FF  srgba(0,174,198,1)
5,1: (0,46517,54227,65535)  #00B5D3FF  srgba(0,181,211,1)
6,1: (0,50886,50372,65535)  #00C6C4FF  srgba(0,198,196,1)
7,1: (0,51657,47031,65535)  #00C9B7FF  srgba(0,201,183,1)
8,1: (257,0,7967,65535)  #01001FFF  srgba(1,0,31,1)
9,1: (257,514,3084,65535)  #01020CFF  srgba(1,2,12,1)
10,1: (257,514,8481,65535)  #010221FF  srgba(1,2,33,1)
11,1: (257,1028,16191,65535)  #01043FFF  srgba(1,4,63,1)
12,1: (257,3598,20046,65535)  #010E4EFF  srgba(1,14,78,1)
13,1: (257,6939,21845,65535)  #011B55FF  srgba(1,27,85,1)
14,1: (257,7710,11565,65535)  #011E2DFF  srgba(1,30,45,1)
15,1: (257,7967,22873,65535)  #011F59FF  srgba(1,31,89,1)
0,2: (257,9766,24415,65535)  #01265FFF  srgba(1,38,95,1)
1,2: (257,11822,26214,65535)  #012E66FF  srgba(1,46,102,1)
2,2: (257,16448,29812,65535)  #014074FF  srgba(1,64,116,1)
3,2: (257,18761,31097,65535)  #014979FF  srgba(1,73,121,1)
4,2: (514,0,257,65535)  #020001FF  srgba(2,0,1,1)
5,2: (514,0,2313,65535)  #020009FF  srgba(2,0,9,1)
6,2: (514,0,3598,65535)  #02000EFF  srgba(2,0,14,1)
7,2: (771,22616,34952,65535)  #035888FF  srgba(3,88,136,1)
8,2: (771,26214,37265,65535)  #036691FF  srgba(3,102,145,1)
9,2: (771,30840,39578,65535)  #03789AFF  srgba(3,120,154,1)
10,2: (771,33410,42148,65535)  #0382A4FF  srgba(3,130,164,1)
11,2: (1028,37779,44461,65535)  #0493ADFF  srgba(4,147,173,1)
12,2: (1028,40092,46774,65535)  #049CB6FF  srgba(4,156,182,1)
13,2: (1028,41377,47802,65535)  #04A1BAFF  srgba(4,161,186,1)
14,2: (1028,42919,51400,65535)  #04A7C8FF  srgba(4,167,200,1)
15,2: (1285,47288,53456,65535)  #05B8D0FF  srgba(5,184,208,1)
0,3: (1542,3598,19532,65535)  #060E4CFF  srgba(6,14,76,1)
1,3: (1542,50372,47802,65535)  #06C4BAFF  srgba(6,196,186,1)
2,3: (1799,52942,51914,65535)  #07CECAFF  srgba(7,206,202,1)
3,3: (2570,1285,15420,65535)  #0A053CFF  srgba(10,5,60,1)
4,3: (2827,0,2570,65535)  #0B000AFF  srgba(11,0,10,1)
5,3: (2827,0,7967,65535)  #0B001FFF  srgba(11,0,31,1)
6,3: (2827,9509,24929,65535)  #0B2561FF  srgba(11,37,97,1)
7,3: (3084,0,0,65535)  #0C0000FF  srgba(12,0,0,1)
8,3: (3341,514,8995,65535)  #0D0223FF  srgba(13,2,35,1)
9,3: (3341,514,12593,65535)  #0D0231FF  srgba(13,2,49,1)
10,3: (3855,3598,19018,65535)  #0F0E4AFF  srgba(15,14,74,1)
11,3: (4626,15420,29812,65535)  #123C74FF  srgba(18,60,116,1)
12,3: (4626,22873,35209,65535)  #125989FF  srgba(18,89,137,1)
13,3: (4883,13878,25957,65535)  #133665FF  srgba(19,54,101,1)
14,3: (4883,30840,39578,65535)  #13789AFF  srgba(19,120,154,1)
15,3: (4883,33667,43433,65535)  #1383A9FF  srgba(19,131,169,1)
0,4: (5140,26471,37522,65535)  #146792FF  srgba(20,103,146,1)
1,4: (5397,7453,22102,65535)  #151D56FF  srgba(21,29,86,1)
2,4: (5654,18761,32125,65535)  #16497DFF  srgba(22,73,125,1)
3,4: (6168,0,0,65535)  #180000FF  srgba(24,0,0,1)
4,4: (6168,0,2570,65535)  #18000AFF  srgba(24,0,10,1)
5,4: (6425,7196,19789,65535)  #191C4DFF  srgba(25,28,77,1)
6,4: (6425,8224,13364,65535)  #192034FF  srgba(25,32,52,1)
7,4: (6682,18504,28784,65535)  #1A4870FF  srgba(26,72,112,1)
8,4: (6939,20817,31354,65535)  #1B517AFF  srgba(27,81,122,1)
9,4: (7196,514,11822,65535)  #1C022EFF  srgba(28,2,46,1)
10,4: (7196,9766,24929,65535)  #1C2661FF  srgba(28,38,97,1)
11,4: (7453,257,7967,65535)  #1D011FFF  srgba(29,1,31,1)
12,4: (7710,1799,15420,65535)  #1E073CFF  srgba(30,7,60,1)
13,4: (8224,4112,18761,65535)  #201049FF  srgba(32,16,73,1)
14,4: (8481,24415,30840,65535)  #215F78FF  srgba(33,95,120,1)
15,4: (9766,0,0,65535)  #260000FF  srgba(38,0,0,1)
0,5: (9766,39578,47802,65535)  #269ABAFF  srgba(38,154,186,1)
1,5: (10023,0,3855,65535)  #27000FFF  srgba(39,0,15,1)
2,5: (10280,38036,44461,65535)  #2894ADFF  srgba(40,148,173,1)
3,5: (10537,771,3855,65535)  #29030FFF  srgba(41,3,15,1)
4,5: (10537,1028,11565,65535)  #29042DFF  srgba(41,4,45,1)
5,5: (10537,44461,50629,65535)  #29ADC5FF  srgba(41,173,197,1)
6,5: (10537,47031,53199,65535)  #29B7CFFF  srgba(41,183,207,1)
7,5: (10537,47288,46774,65535)  #29B8B6FF  srgba(41,184,182,1)
8,5: (10794,0,1028,65535)  #2A0004FF  srgba(42,0,4,1)
9,5: (10794,514,1028,65535)  #2A0204FF  srgba(42,2,4,1)
10,5: (10794,514,7967,65535)  #2A021FFF  srgba(42,2,31,1)
11,5: (10794,46774,49087,65535)  #2AB6BFFF  srgba(42,182,191,1)
12,5: (11051,257,0,65535)  #2B0100FF  srgba(43,1,0,1)
13,5: (11565,54998,51143,65535)  #2DD6C7FF  srgba(45,214,199,1)
14,5: (11565,59367,47288,65535)  #2DE7B8FF  srgba(45,231,184,1)
15,5: (11822,52685,53713,65535)  #2ECDD1FF  srgba(46,205,209,1)
0,6: (13364,14906,28270,65535)  #343A6EFF  srgba(52,58,110,1)
1,6: (14649,514,514,65535)  #390202FF  srgba(57,2,2,1)
2,6: (14649,771,6168,65535)  #390318FF  srgba(57,3,24,1)
3,6: (15163,771,2570,65535)  #3B030AFF  srgba(59,3,10,1)
4,6: (15420,23901,35723,65535)  #3C5D8BFF  srgba(60,93,139,1)
5,6: (15420,28527,38036,65535)  #3C6F94FF  srgba(60,111,148,1)
6,6: (15677,34438,43690,65535)  #3D86AAFF  srgba(61,134,170,1)
7,6: (15934,32639,39064,65535)  #3E7F98FF  srgba(62,127,152,1)
8,6: (16191,14392,19789,65535)  #3F384DFF  srgba(63,56,77,1)
9,6: (16448,1542,10280,65535)  #400628FF  srgba(64,6,40,1)
10,6: (16448,3598,16705,65535)  #400E41FF  srgba(64,14,65,1)
11,6: (16448,8995,22102,65535)  #402356FF  srgba(64,35,86,1)
12,6: (16705,1799,13107,65535)  #410733FF  srgba(65,7,51,1)
13,6: (17476,771,771,65535)  #440303FF  srgba(68,3,3,1)
14,6: (18504,1285,2313,65535)  #480509FF  srgba(72,5,9,1)
15,6: (18761,1542,5911,65535)  #490617FF  srgba(73,6,23,1)
0,7: (18761,60395,46774,65535)  #49EBB6FF  srgba(73,235,182,1)
1,7: (19018,40863,45746,65535)  #4A9FB2FF  srgba(74,159,178,1)
2,7: (19018,54484,51400,65535)  #4AD4C8FF  srgba(74,212,200,1)
3,7: (19275,8224,15420,65535)  #4B203CFF  srgba(75,32,60,1)
4,7: (19532,45746,51400,65535)  #4CB2C8FF  srgba(76,178,200,1)
5,7: (20303,6939,8995,65535)  #4F1B23FF  srgba(79,27,35,1)
6,7: (20303,15163,27756,65535)  #4F3B6CFF  srgba(79,59,108,1)
7,7: (21331,1285,771,65535)  #530503FF  srgba(83,5,3,1)
8,7: (22616,1799,2313,65535)  #580709FF  srgba(88,7,9,1)
9,7: (22616,2313,10280,65535)  #580928FF  srgba(88,9,40,1)
10,7: (23130,51143,51400,65535)  #5AC7C8FF  srgba(90,199,200,1)
11,7: (23387,2313,5911,65535)  #5B0917FF  srgba(91,9,23,1)
12,7: (23387,43690,50629,65535)  #5BAAC5FF  srgba(91,170,197,1)
13,7: (24158,1799,1028,65535)  #5E0704FF  srgba(94,7,4,1)
14,7: (24158,19789,31354,65535)  #5E4D7AFF  srgba(94,77,122,1)
15,7: (24415,9252,21331,65535)  #5F2453FF  srgba(95,36,83,1)
0,8: (24415,22359,27499,65535)  #5F576BFF  srgba(95,87,107,1)
1,8: (24415,28527,30840,65535)  #5F6F78FF  srgba(95,111,120,1)
2,8: (24672,19275,22873,65535)  #604B59FF  srgba(96,75,89,1)
3,8: (24672,24415,30069,65535)  #605F75FF  srgba(96,95,117,1)
4,8: (24929,25186,35980,65535)  #61628CFF  srgba(97,98,140,1)
5,8: (25186,3855,15677,65535)  #620F3DFF  srgba(98,15,61,1)
6,8: (25186,32639,40606,65535)  #627F9EFF  srgba(98,127,158,1)
7,8: (25443,3084,12850,65535)  #630C32FF  srgba(99,12,50,1)
8,8: (25700,22359,32639,65535)  #64577FFF  srgba(100,87,127,1)
9,8: (26214,19018,28527,65535)  #664A6FFF  srgba(102,74,111,1)
10,8: (26728,38036,44461,65535)  #6894ADFF  srgba(104,148,173,1)
11,8: (26985,2056,1028,65535)  #690804FF  srgba(105,8,4,1)
12,8: (27242,47545,46003,65535)  #6AB9B3FF  srgba(106,185,179,1)
13,8: (27499,2570,2056,65535)  #6B0A08FF  srgba(107,10,8,1)
14,8: (27756,3084,10280,65535)  #6C0C28FF  srgba(108,12,40,1)
15,8: (28013,3084,5654,65535)  #6D0C16FF  srgba(109,12,22,1)
0,9: (28527,14135,20817,65535)  #6F3751FF  srgba(111,55,81,1)
1,9: (28784,3341,2570,65535)  #700D0AFF  srgba(112,13,10,1)
2,9: (29812,15420,27242,65535)  #743C6AFF  srgba(116,60,106,1)
3,9: (30069,7196,8738,65535)  #751C22FF  srgba(117,28,34,1)
4,9: (30326,8224,15420,65535)  #76203CFF  srgba(118,32,60,1)
5,9: (31611,9509,21074,65535)  #7B2552FF  srgba(123,37,82,1)
6,9: (32382,50629,50886,65535)  #7EC5C6FF  srgba(126,197,198,1)
7,9: (32896,3084,2313,65535)  #800C09FF  srgba(128,12,9,1)
8,9: (32896,26985,36237,65535)  #80698DFF  srgba(128,105,141,1)
9,9: (32896,43433,49858,65535)  #80A9C2FF  srgba(128,169,194,1)
10,9: (33410,4112,14392,65535)  #821038FF  srgba(130,16,56,1)
11,9: (33667,33410,40349,65535)  #83829DFF  srgba(131,130,157,1)
12,9: (33924,3855,2827,65535)  #840F0BFF  srgba(132,15,11,1)
13,9: (33924,3855,5397,65535)  #840F15FF  srgba(132,15,21,1)
14,9: (33924,3855,7967,65535)  #840F1FFF  srgba(132,15,31,1)
15,9: (33924,3855,11051,65535)  #840F2BFF  srgba(132,15,43,1)
0,10: (36237,4112,4112,65535)  #8D1010FF  srgba(141,16,16,1)
1,10: (37522,4112,3084,65535)  #92100CFF  srgba(146,16,12,1)
2,10: (39578,4626,5140,65535)  #9A1214FF  srgba(154,18,20,1)
3,10: (39578,8738,20560,65535)  #9A2250FF  srgba(154,34,80,1)
4,10: (40606,4626,4112,65535)  #9E1210FF  srgba(158,18,16,1)
5,10: (40606,4883,14649,65535)  #9E1339FF  srgba(158,19,57,1)
6,10: (41120,4112,3341,65535)  #A0100DFF  srgba(160,16,13,1)
7,10: (41120,4369,8224,65535)  #A01120FF  srgba(160,17,32,1)
8,10: (41377,4626,10794,65535)  #A1122AFF  srgba(161,18,42,1)
9,10: (41377,21074,29298,65535)  #A15272FF  srgba(161,82,114,1)
10,10: (41891,39064,43947,65535)  #A398ABFF  srgba(163,152,171,1)
11,10: (42148,17476,26471,65535)  #A44467FF  srgba(164,68,103,1)
12,10: (42148,47288,45232,65535)  #A4B8B0FF  srgba(164,184,176,1)
13,10: (42405,12593,20817,65535)  #A53151FF  srgba(165,49,81,1)
14,10: (42405,13878,25186,65535)  #A53662FF  srgba(165,54,98,1)
15,10: (42919,25443,30840,65535)  #A76378FF  srgba(167,99,120,1)
0,11: (43176,4883,4883,65535)  #A81313FF  srgba(168,19,19,1)
1,11: (43433,4626,4112,65535)  #A91210FF  srgba(169,18,16,1)
2,11: (43433,7710,9509,65535)  #A91E25FF  srgba(169,30,37,1)
3,11: (43433,8224,15934,65535)  #A9203EFF  srgba(169,32,62,1)
4,11: (43433,27242,36237,65535)  #A96A8DFF  srgba(169,106,141,1)
5,11: (43690,6425,16962,65535)  #AA1942FF  srgba(170,25,66,1)
6,11: (43947,33410,40349,65535)  #AB829DFF  srgba(171,130,157,1)
7,11: (45746,6168,11051,65535)  #B2182BFF  srgba(178,24,43,1)
8,11: (46260,6168,6168,65535)  #B41818FF  srgba(180,24,24,1)
9,11: (46517,5654,12336,65535)  #B51630FF  srgba(181,22,48,1)
10,11: (46774,4883,3855,65535)  #B6130FFF  srgba(182,19,15,1)
11,11: (46774,8995,20560,65535)  #B62350FF  srgba(182,35,80,1)
12,11: (47288,5140,4626,65535)  #B81412FF  srgba(184,20,18,1)
13,11: (47545,5654,6425,65535)  #B91619FF  srgba(185,22,25,1)
14,11: (47802,5140,12079,65535)  #BA142FFF  srgba(186,20,47,1)
15,11: (47802,5654,5140,65535)  #BA1614FF  srgba(186,22,20,1)
0,12: (48573,5140,5911,65535)  #BD1417FF  srgba(189,20,23,1)
1,12: (48573,5140,8224,65535)  #BD1420FF  srgba(189,20,32,1)
2,12: (49087,6168,4626,65535)  #BF1812FF  srgba(191,24,18,1)
3,12: (49344,5654,4626,65535)  #C01612FF  srgba(192,22,18,1)
4,12: (50629,5397,4112,65535)  #C51510FF  srgba(197,21,16,1)
5,12: (50629,5397,4883,65535)  #C51513FF  srgba(197,21,19,1)
6,12: (51400,5397,4112,65535)  #C81510FF  srgba(200,21,16,1)
7,12: (51657,5911,4626,65535)  #C91712FF  srgba(201,23,18,1)
8,12: (51914,5397,4626,65535)  #CA1512FF  srgba(202,21,18,1)
9,12: (52171,5397,5911,65535)  #CB1517FF  srgba(203,21,23,1)
10,12: (52428,5911,5140,65535)  #CC1714FF  srgba(204,23,20,1)
11,12: (52685,6168,9509,65535)  #CD1825FF  srgba(205,24,37,1)
12,12: (53456,5397,9252,65535)  #D01524FF  srgba(208,21,36,1)
13,12: (54227,6168,5397,65535)  #D31815FF  srgba(211,24,21,1)
14,12: (54227,10537,21845,65535)  #D32955FF  srgba(211,41,85,1)
15,12: (54484,6425,12336,65535)  #D41930FF  srgba(212,25,48,1)
0,13: (54741,6168,9766,65535)  #D51826FF  srgba(213,24,38,1)
1,13: (55255,7196,17733,65535)  #D71C45FF  srgba(215,28,69,1)
2,13: (55512,6425,5654,65535)  #D81916FF  srgba(216,25,22,1)
3,13: (55769,6682,15420,65535)  #D91A3CFF  srgba(217,26,60,1)
4,13: (56283,6682,13878,65535)  #DB1A36FF  srgba(219,26,54,1)
5,13: (56540,8995,13364,65535)  #DC2334FF  srgba(220,35,52,1)
6,13: (57311,13878,24415,65535)  #DF365FFF  srgba(223,54,95,1)
7,13: (57568,6425,5911,65535)  #E01917FF  srgba(224,25,23,1)
8,13: (57568,6682,9766,65535)  #E01A26FF  srgba(224,26,38,1)
9,13: (57825,6939,12336,65535)  #E11B30FF  srgba(225,27,48,1)
10,13: (57825,20560,29812,65535)  #E15074FF  srgba(225,80,116,1)
11,13: (58596,9252,19018,65535)  #E4244AFF  srgba(228,36,74,1)
12,13: (59624,24415,33153,65535)  #E85F81FF  srgba(232,95,129,1)
13,13: (60395,16191,26214,65535)  #EB3F66FF  srgba(235,63,102,1)
14,13: (60395,46774,45489,65535)  #EBB6B1FF  srgba(235,182,177,1)
15,13: (60652,10794,21588,65535)  #EC2A54FF  srgba(236,42,84,1)
0,14: (60909,7196,12593,65535)  #ED1C31FF  srgba(237,28,49,1)
1,14: (61423,8738,13621,65535)  #EF2235FF  srgba(239,34,53,1)
2,14: (61680,7196,10023,65535)  #F01C27FF  srgba(240,28,39,1)
3,14: (62451,7453,14649,65535)  #F31D39FF  srgba(243,29,57,1)
4,14: (62965,7453,16705,65535)  #F51D41FF  srgba(245,29,65,1)
5,14: (62965,13364,21074,65535)  #F53452FF  srgba(245,52,82,1)
6,14: (63222,21331,26214,65535)  #F65366FF  srgba(246,83,102,1)
7,14: (63222,39578,40863,65535)  #F69A9FFF  srgba(246,154,159,1)
8,14: (63222,41891,44204,65535)  #F6A3ACFF  srgba(246,163,172,1)
9,14: (63479,8738,13878,65535)  #F72236FF  srgba(247,34,54,1)
10,14: (63479,17476,25957,65535)  #F74465FF  srgba(247,68,101,1)
11,14: (63479,28784,34952,65535)  #F77088FF  srgba(247,112,136,1)
12,14: (63479,34695,40092,65535)  #F7879CFF  srgba(247,135,156,1)
13,14: (63479,38293,43433,65535)  #F795A9FF  srgba(247,149,169,1)
14,14: (63736,18761,26471,65535)  #F84967FF  srgba(248,73,103,1)
15,14: (63736,31354,38550,65535)  #F87A96FF  srgba(248,122,150,1)
0,15: (64250,7453,12850,65535)  #FA1D32FF  srgba(250,29,50,1)
1,15: (64250,10023,19532,65535)  #FA274CFF  srgba(250,39,76,1)
2,15: (64250,15934,23387,65535)  #FA3E5BFF  srgba(250,62,91,1)
3,15: (64250,21074,29812,65535)  #FA5274FF  srgba(250,82,116,1)
4,15: (64507,14135,24158,65535)  #FB375EFF  srgba(251,55,94,1)
5,15: (64764,8995,14649,65535)  #FC2339FF  srgba(252,35,57,1)
6,15: (64764,24672,32896,65535)  #FC6080FF  srgba(252,96,128,1)
7,15: (65278,8995,14649,65535)  #FE2339FF  srgba(254,35,57,1)
8,15: (65278,9766,18504,65535)  #FE2648FF  srgba(254,38,72,1)
9,15: (65278,10794,21074,65535)  #FE2A52FF  srgba(254,42,82,1)
10,15: (65278,13621,21331,65535)  #FE3553FF  srgba(254,53,83,1)
11,15: (65278,14135,24158,65535)  #FE375EFF  srgba(254,55,94,1)
12,15: (65278,16191,26214,65535)  #FE3F66FF  srgba(254,63,102,1)
13,15: (65278,21074,29812,65535)  #FE5274FF  srgba(254,82,116,1)
14,15: (65535,24415,33153,65535)  #FF5F81FF  srgba(255,95,129,1)
15,15: (0,65535,0,0)  #00FF0000  srgba(0,255,0,0)
