# ImageMagick pixel enumeration: 16,16,65535,srgba
0,0: (0,1799,257,65535)  #000701FF  srgba(0,7,1,1)
1,0: (0,6425,0,65535)  #001900FF  srgba(0,25,0,1)
2,0: (0,7196,257,65535)  #001C01FF  srgba(0,28,1,1)
3,0: (0,20046,514,65535)  #004E02FF  srgba(0,78,2,1)
4,0: (0,21588,771,65535)  #005403FF  srgba(0,84,3,1)
5,0: (0,21845,0,65535)  #005500FF  srgba(0,85,0,1)
6,0: (0,21845,0,65535)  #005500FF  srgba(0,85,0,1)
7,0: (0,22102,0,65535)  #005600FF  srgba(0,86,0,1)
8,0: (0,22359,0,65535)  #005700FF  srgba(0,87,0,1)
9,0: (0,23130,257,65535)  #005A01FF  srgba(0,90,1,1)
10,0: (0,23130,4626,65535)  #005A12FF  srgba(0,90,18,1)
11,0: (0,23644,0,65535)  #005C00FF  srgba(0,92,0,1)
12,0: (0,25443,257,65535)  #006301FF  srgba(0,99,1,1)
13,0: (257,0,257,65535)  #010001FF  srgba(1,0,1,1)
14,0: (514,23387,0,65535)  #025B00FF  srgba(2,91,0,1)
15,0: (514,28527,0,65535)  #026F00FF  srgba(2,111,0,1)
0,1: (514,32125,257,65535)  #027D01FF  srgba(2,125,1,1)
1,1: (771,6682,514,65535)  #031A02FF  srgba(3,26,2,1)
2,1: (771,21074,4626,65535)  #035212FF  srgba(3,82,18,1)
3,1: (771,25957,0,65535)  #036500FF  srgba(3,101,0,1)
4,1: (2570,29555,514,65535)  #0A7302FF  srgba(10,115,2,1)
5,1: (2570,36751,1285,65535)  #0A8F05FF  srgba(10,143,5,1)
6,1: (2827,33667,771,65535)  #0B8303FF  srgba(11,131,3,1)
7,1: (3084,20560,514,65535)  #0C5002FF  srgba(12,80,2,1)
8,1: (3084,24929,771,65535)  #0C6103FF  srgba(12,97,3,1)
9,1: (3084,39578,2056,65535)  #0C9A08FF  srgba(12,154,8,1)
10,1: (4369,11822,1542,65535)  #112E06FF  srgba(17,46,6,1)
11,1: (4626,43176,3855,65535)  #12A80FFF  srgba(18,168,15,1)
12,1: (4883,24672,5140,65535)  #136014FF  srgba(19,96,20,1)
13,1: (5140,29555,5911,65535)  #147317FF  srgba(20,115,23,1)
14,1: (5140,33667,5911,65535)  #148317FF  srgba(20,131,23,1)
15,1: (5654,33667,1799,65535)  #168307FF  srgba(22,131,7,1)
0,2: (5911,29298,2313,65535)  #177209FF  srgba(23,114,9,1)
1,2: (5911,38807,7453,65535)  #17971DFF  srgba(23,151,29,1)
2,2: (6425,20303,1799,65535)  #194F07FF  srgba(25,79,7,1)
3,2: (6425,39835,3598,65535)  #199B0EFF  srgba(25,155,14,1)
4,2: (6682,24415,8995,65535)  #1A5F23FF  srgba(26,95,35,1)
5,2: (6682,36751,3341,65535)  #1A8F0DFF  srgba(26,143,13,1)
6,2: (6939,20560,5140,65535)  #1B5014FF  srgba(27,80,20,1)
7,2: (6939,46517,6168,65535)  #1BB518FF  srgba(27,181,24,1)
8,2: (7453,19275,9252,65535)  #1D4B24FF  srgba(29,75,36,1)
9,2: (7453,29555,6168,65535)  #1D7318FF  srgba(29,115,24,1)
10,2: (7453,33667,6425,65535)  #1D8319FF  srgba(29,131,25,1)
11,2: (7453,49858,6939,65535)  #1DC21BFF  srgba(29,194,27,1)
12,2: (7710,38550,7710,65535)  #1E961EFF  srgba(30,150,30,1)
13,2: (7710,43433,4883,65535)  #1EA913FF  srgba(30,169,19,1)
14,2: (7967,24158,2570,65535)  #1F5E0AFF  srgba(31,94,10,1)
15,2: (7967,43690,8481,65535)  #1FAA21FF  srgba(31,170,33,1)
0,3: (7967,47545,9766,65535)  #1FB926FF  srgba(31,185,38,1)
1,3: (7967,52171,10023,65535)  #1FCB27FF  srgba(31,203,39,1)
2,3: (8224,24672,5140,65535)  #206014FF  srgba(32,96,20,1)
3,3: (8738,29555,6425,65535)  #227319FF  srgba(34,115,25,1)
4,3: (8738,33410,6939,65535)  #22821BFF  srgba(34,130,27,1)
5,3: (8738,38550,7967,65535)  #22961FFF  srgba(34,150,31,1)
6,3: (8995,23130,12593,65535)  #235A31FF  srgba(35,90,49,1)
7,3: (8995,40863,11822,65535)  #239F2EFF  srgba(35,159,46,1)
8,3: (8995,58339,12079,65535)  #23E32FFF  srgba(35,227,47,1)
9,3: (9252,19532,2827,65535)  #244C0BFF  srgba(36,76,11,1)
10,3: (9252,20303,5140,65535)  #244F14FF  srgba(36,79,20,1)
11,3: (9252,24415,9252,65535)  #245F24FF  srgba(36,95,36,1)
12,3: (9252,53970,12079,65535)  #24D22FFF  srgba(36,210,47,1)
13,3: (9509,31354,12079,65535)  #257A2FFF  srgba(37,122,47,1)
14,3: (9509,49087,11822,65535)  #25BF2EFF  srgba(37,191,46,1)
15,3: (9766,18247,9509,65535)  #264725FF  srgba(38,71,37,1)
0,4: (9766,25957,5397,65535)  #266515FF  srgba(38,101,21,1)
1,4: (10023,22873,5140,65535)  #275914FF  srgba(39,89,20,1)
2,4: (10023,37779,6168,65535)  #279318FF  srgba(39,147,24,1)
3,4: (10280,18504,4883,65535)  #284813FF  srgba(40,72,19,1)
4,4: (10280,22616,14906,65535)  #28583AFF  srgba(40,88,58,1)
5,4: (10280,22616,17219,65535)  #285843FF  srgba(40,88,67,1)
6,4: (10280,32896,6425,65535)  #288019FF  srgba(40,128,25,1)
7,4: (10280,38293,8224,65535)  #289520FF  srgba(40,149,32,1)
8,4: (10280,39064,9509,65535)  #289825FF  srgba(40,152,37,1)
9,4: (10280,44461,7967,65535)  #28AD1FFF  srgba(40,173,31,1)
10,4: (10280,44461,10280,65535)  #28AD28FF  srgba(40,173,40,1)
11,4: (10280,50115,7710,65535)  #28C31EFF  srgba(40,195,30,1)
12,4: (10280,50886,10280,65535)  #28C628FF  srgba(40,198,40,1)
13,4: (10537,22102,20303,65535)  #29564FFF  srgba(41,86,79,1)
14,4: (10537,22873,9252,65535)  #295924FF  srgba(41,89,36,1)
15,4: (10537,26214,8995,65535)  #296623FF  srgba(41,102,35,1)
0,5: (10537,29041,6168,65535)  #297118FF  srgba(41,113,24,1)
1,5: (10537,30326,8738,65535)  #297622FF  srgba(41,118,34,1)
2,5: (10537,34181,8738,65535)  #298522FF  srgba(41,133,34,1)
3,5: (10794,16448,3084,65535)  #2A400CFF  srgba(42,64,12,1)
4,5: (10794,16962,12850,65535)  #2A4232FF  srgba(42,66,50,1)
5,5: (10794,16962,14906,65535)  #2A423AFF  srgba(42,66,58,1)
6,5: (10794,17219,19532,65535)  #2A434CFF  srgba(42,67,76,1)
7,5: (10794,17990,9509,65535)  #2A4625FF  srgba(42,70,37,1)
8,5: (10794,20303,4883,65535)  #2A4F13FF  srgba(42,79,19,1)
9,5: (10794,31354,14649,65535)  #2A7A39FF  srgba(42,122,57,1)
10,5: (10794,41377,11822,65535)  #2AA12EFF  srgba(42,161,46,1)
11,5: (11051,16705,5397,65535)  #2B4115FF  srgba(43,65,21,1)
12,5: (11051,18504,3084,65535)  #2B480CFF  srgba(43,72,12,1)
13,5: (11051,23130,12593,65535)  #2B5A31FF  srgba(43,90,49,1)
14,5: (11308,17476,4883,65535)  #2C4413FF  srgba(44,68,19,1)
15,5: (11308,22873,5397,65535)  #2C5915FF  srgba(44,89,21,1)
0,6: (11308,25700,5911,65535)  #2C6417FF  srgba(44,100,23,1)
1,6: (11308,59110,12336,65535)  #2CE630FF  srgba(44,230,48,1)
2,6: (11822,16962,9509,65535)  #2E4225FF  srgba(46,66,37,1)
3,6: (11822,23130,9252,65535)  #2E5A24FF  srgba(46,90,36,1)
4,6: (11822,26214,8995,65535)  #2E6623FF  srgba(46,102,35,1)
5,6: (11822,31354,12336,65535)  #2E7A30FF  srgba(46,122,48,1)
6,6: (11822,38293,9252,65535)  #2E9524FF  srgba(46,149,36,1)
7,6: (11822,44461,9509,65535)  #2EAD25FF  srgba(46,173,37,1)
8,6: (11822,48059,12079,65535)  #2EBB2FFF  srgba(46,187,47,1)
9,6: (11822,51657,9509,65535)  #2EC925FF  srgba(46,201,37,1)
10,6: (11822,53199,12336,65535)  #2ECF30FF  srgba(46,207,48,1)
11,6: (12079,28784,6939,65535)  #2F701BFF  srgba(47,112,27,1)
12,6: (12079,30069,9252,65535)  #2F7524FF  srgba(47,117,36,1)
13,6: (12079,32382,7453,65535)  #2F7E1DFF  srgba(47,126,29,1)
14,6: (12079,33924,9252,65535)  #2F8424FF  srgba(47,132,36,1)
15,6: (12079,41120,12079,65535)  #2FA02FFF  srgba(47,160,47,1)
0,7: (12336,17219,15420,65535)  #30433CFF  srgba(48,67,60,1)
1,7: (12336,17219,17990,65535)  #304346FF  srgba(48,67,70,1)
2,7: (12336,17219,22616,65535)  #304358FF  srgba(48,67,88,1)
3,7: (12336,18504,4883,65535)  #304813FF  srgba(48,72,19,1)
4,7: (12336,19532,9509,65535)  #304C25FF  srgba(48,76,37,1)
5,7: (12336,20560,5397,65535)  #305015FF  srgba(48,80,21,1)
6,7: (12336,22616,15677,65535)  #30583DFF  srgba(48,88,61,1)
7,7: (12336,23130,12850,65535)  #305A32FF  srgba(48,90,50,1)
8,7: (12336,24158,5911,65535)  #305E17FF  srgba(48,94,23,1)
9,7: (12593,40863,14392,65535)  #319F38FF  srgba(49,159,56,1)
10,7: (12593,60909,13621,65535)  #31ED35FF  srgba(49,237,53,1)
11,7: (12850,17733,13107,65535)  #324533FF  srgba(50,69,51,1)
12,7: (12850,58082,12079,65535)  #32E22FFF  srgba(50,226,47,1)
13,7: (12850,60138,13878,65535)  #32EA36FF  srgba(50,234,54,1)
14,7: (12850,62965,14135,65535)  #32F537FF  srgba(50,245,55,1)
15,7: (13107,23130,21331,65535)  #335A53FF  srgba(51,90,83,1)
0,8: (13107,24929,8995,65535)  #336123FF  srgba(51,97,35,1)
1,8: (13107,30326,7710,65535)  #33761EFF  srgba(51,118,30,1)
2,8: (13107,31354,16705,65535)  #337A41FF  srgba(51,122,65,1)
3,8: (13107,32125,9766,65535)  #337D26FF  srgba(51,125,38,1)
4,8: (13107,38550,9766,65535)  #339626FF  srgba(51,150,38,1)
5,8: (13107,47031,9766,65535)  #33B726FF  srgba(51,183,38,1)
6,8: (13107,48059,14392,65535)  #33BB38FF  srgba(51,187,56,1)
7,8: (13107,53199,9766,65535)  #33CF26FF  srgba(51,207,38,1)
8,8: (13107,61166,12850,65535)  #33EE32FF  srgba(51,238,50,1)
9,8: (13364,23387,17733,65535)  #345B45FF  srgba(52,91,69,1)
10,8: (13621,24158,6425,65535)  #355E19FF  srgba(53,94,25,1)
11,8: (13621,30583,12336,65535)  #357730FF  srgba(53,119,48,1)
12,8: (13621,36237,12079,65535)  #358D2FFF  srgba(53,141,47,1)
13,8: (13621,42919,12079,65535)  #35A72FFF  srgba(53,167,47,1)
14,8: (13621,63222,14649,65535)  #35F639FF  srgba(53,246,57,1)
15,8: (13878,50115,12336,65535)  #36C330FF  srgba(54,195,48,1)
0,9: (13878,60138,14649,65535)  #36EA39FF  srgba(54,234,57,1)
1,9: (13878,61423,15163,65535)  #36EF3BFF  srgba(54,239,59,1)
2,9: (14135,31354,9252,65535)  #377A24FF  srgba(55,122,36,1)
3,9: (14135,31354,19789,65535)  #377A4DFF  srgba(55,122,77,1)
4,9: (14135,39835,10023,65535)  #379B27FF  srgba(55,155,39,1)
5,9: (14135,54484,12336,65535)  #37D430FF  srgba(55,212,48,1)
6,9: (14392,25186,8738,65535)  #386222FF  srgba(56,98,34,1)
7,9: (14392,31868,14906,65535)  #387C3AFF  srgba(56,124,58,1)
8,9: (14392,52942,10023,65535)  #38CE27FF  srgba(56,206,39,1)
9,9: (14392,53713,15163,65535)  #38D13BFF  srgba(56,209,59,1)
10,9: (14392,61166,12850,65535)  #38EE32FF  srgba(56,238,50,1)
11,9: (14649,58596,12336,65535)  #39E430FF  srgba(57,228,48,1)
12,9: (14649,60909,13621,65535)  #39ED35FF  srgba(57,237,53,1)
13,9: (14906,23130,15420,65535)  #3A5A3CFF  srgba(58,90,60,1)
14,9: (14906,41120,15677,65535)  #3AA03DFF  srgba(58,160,61,1)
15,9: (14906,42662,12336,65535)  #3AA630FF  srgba(58,166,48,1)
0,10: (15163,22873,13107,65535)  #3B5933FF  srgba(59,89,51,1)
1,10: (15163,40092,9766,65535)  #3B9C26FF  srgba(59,156,38,1)
2,10: (15163,43947,16705,65535)  #3BAB41FF  srgba(59,171,65,1)
3,10: (15163,60909,14135,65535)  #3BED37FF  srgba(59,237,55,1)
4,10: (15420,34181,12079,65535)  #3C852FFF  srgba(60,133,47,1)
5,10: (15420,48316,15677,65535)  #3CBC3DFF  srgba(60,188,61,1)
6,10: (15677,31354,9252,65535)  #3D7A24FF  srgba(61,122,36,1)
7,10: (15677,60652,15934,65535)  #3DEC3EFF  srgba(61,236,62,1)
8,10: (15934,42662,19532,65535)  #3EA64CFF  srgba(62,166,76,1)
9,10: (15934,59367,12593,65535)  #3EE731FF  srgba(62,231,49,1)
10,10: (15934,60652,13621,65535)  #3EEC35FF  srgba(62,236,53,1)
11,10: (15934,60909,12850,65535)  #3EED32FF  srgba(62,237,50,1)
12,10: (16191,44975,14392,65535)  #3FAF38FF  srgba(63,175,56,1)
13,10: (16448,52942,12593,65535)  #40CE31FF  srgba(64,206,49,1)
14,10: (16448,60138,17476,65535)  #40EA44FF  srgba(64,234,68,1)
15,10: (16448,60652,14135,65535)  #40EC37FF  srgba(64,236,55,1)
0,11: (16448,60909,15163,65535)  #40ED3BFF  srgba(64,237,59,1)
1,11: (16448,61166,14649,65535)  #40EE39FF  srgba(64,238,57,1)
2,11: (16962,60652,13621,65535)  #42EC35FF  srgba(66,236,53,1)
3,11: (17219,42405,12850,65535)  #43A532FF  srgba(67,165,50,1)
4,11: (17219,60652,13107,65535)  #43EC33FF  srgba(67,236,51,1)
5,11: (17476,59881,12850,65535)  #44E932FF  srgba(68,233,50,1)
6,11: (18247,33924,12593,65535)  #478431FF  srgba(71,132,49,1)
7,11: (18247,53713,16448,65535)  #47D140FF  srgba(71,209,64,1)
8,11: (18247,60395,13364,65535)  #47EB34FF  srgba(71,235,52,1)
9,11: (18247,60395,15163,65535)  #47EB3BFF  srgba(71,235,59,1)
10,11: (18247,60652,14649,65535)  #47EC39FF  srgba(71,236,57,1)
11,11: (18247,61166,13878,65535)  #47EE36FF  srgba(71,238,54,1)
12,11: (18504,59881,13878,65535)  #48E936FF  srgba(72,233,54,1)
13,11: (18504,59881,15934,65535)  #48E93EFF  srgba(72,233,62,1)
14,11: (18761,34695,16191,65535)  #49873FFF  srgba(73,135,63,1)
15,11: (18761,39835,8995,65535)  #499B23FF  srgba(73,155,35,1)
0,12: (18761,59624,13107,65535)  #49E833FF  srgba(73,232,51,1)
1,12: (18761,59624,17733,65535)  #49E845FF  srgba(73,232,69,1)
2,12: (19018,47031,16448,65535)  #4AB740FF  srgba(74,183,64,1)
3,12: (19018,60138,13107,65535)  #4AEA33FF  srgba(74,234,51,1)
4,12: (19018,60138,13364,65535)  #4AEA34FF  srgba(74,234,52,1)
5,12: (19275,53456,10280,65535)  #4BD028FF  srgba(75,208,40,1)
6,12: (20046,59881,13364,65535)  #4EE934FF  srgba(78,233,52,1)
7,12: (20046,59881,13878,65535)  #4EE936FF  srgba(78,233,54,1)
8,12: (20303,40863,16448,65535)  #4F9F40FF  srgba(79,159,64,1)
9,12: (20303,59110,12850,65535)  #4FE632FF  srgba(79,230,50,1)
10,12: (20303,59624,13107,65535)  #4FE833FF  srgba(79,232,51,1)
11,12: (20303,60138,15934,65535)  #4FEA3EFF  srgba(79,234,62,1)
12,12: (20817,37522,20560,65535)  #519250FF  srgba(81,146,80,1)
13,12: (20817,60138,18761,65535)  #51EA49FF  srgba(81,234,73,1)
14,12: (21074,57825,18247,65535)  #52E147FF  srgba(82,225,71,1)
15,12: (21074,59367,13364,65535)  #52E734FF  srgba(82,231,52,1)
0,13: (21331,38807,24672,65535)  #539760FF  srgba(83,151,96,1)
1,13: (21331,59110,12850,65535)  #53E632FF  srgba(83,230,50,1)
2,13: (21588,59624,13621,65535)  #54E835FF  srgba(84,232,53,1)
3,13: (21845,58853,13107,65535)  #55E533FF  srgba(85,229,51,1)
4,13: (22102,46517,17733,65535)  #56B545FF  srgba(86,181,69,1)
5,13: (22359,58853,13364,65535)  #57E534FF  srgba(87,229,52,1)
6,13: (22873,58596,12850,65535)  #59E432FF  srgba(89,228,50,1)
7,13: (23130,53970,19789,65535)  #5AD24DFF  srgba(90,210,77,1)
8,13: (23387,34952,16191,65535)  #5B883FFF  srgba(91,136,63,1)
9,13: (23387,44975,23130,65535)  #5BAF5AFF  srgba(91,175,90,1)
10,13: (23387,58082,20046,65535)  #5BE24EFF  srgba(91,226,78,1)
11,13: (24158,49087,20817,65535)  #5EBF51FF  srgba(94,191,81,1)
12,13: (24929,54998,12079,65535)  #61D62FFF  srgba(97,214,47,1)
13,13: (25443,57568,23644,65535)  #63E05CFF  srgba(99,224,92,1)
14,13: (25957,49087,26214,65535)  #65BF66FF  srgba(101,191,102,1)
15,13: (26214,44461,10023,65535)  #66AD27FF  srgba(102,173,39,1)
0,14: (26471,57054,21331,65535)  #67DE53FF  srgba(103,222,83,1)
1,14: (27499,57054,25700,65535)  #6BDE64FF  srgba(107,222,100,1)
2,14: (27756,54484,21331,65535)  #6CD453FF  srgba(108,212,83,1)
3,14: (27756,54484,23901,65535)  #6CD45DFF  srgba(108,212,93,1)
4,14: (28013,54484,30840,65535)  #6DD478FF  srgba(109,212,120,1)
5,14: (28013,54741,25957,65535)  #6DD565FF  srgba(109,213,101,1)
6,14: (28013,57054,29812,65535)  #6DDE74FF  srgba(109,222,116,1)
7,14: (28527,56540,23901,65535)  #6FDC5DFF  srgba(111,220,93,1)
8,14: (30326,49601,10794,65535)  #76C12AFF  srgba(118,193,42,1)
9,14: (30583,49858,11565,65535)  #77C22DFF  srgba(119,194,45,1)
10,14: (30583,53970,24672,65535)  #77D260FF  srgba(119,210,96,1)
11,14: (30583,55255,24158,65535)  #77D75EFF  srgba(119,215,94,1)
12,14: (30840,50115,12593,65535)  #78C331FF  srgba(120,195,49,1)
13,14: (30840,54741,24672,65535)  #78D560FF  srgba(120,213,96,1)
14,14: (30840,55255,25443,65535)  #78D763FF  srgba(120,215,99,1)
15,14: (30840,56283,25186,65535)  #78DB62FF  srgba(120,219,98,1)
0,15: (31097,54484,28270,65535)  #79D46EFF  srgba(121,212,110,1)
1,15: (31097,54998,29812,65535)  #79D674FF  srgba(121,214,116,1)
2,15: (31097,54998,34695,65535)  #79D687FF  srgba(121,214,135,1)
3,15: (31097,55255,26985,65535)  #79D769FF  srgba(121,215,105,1)
4,15: (31354,53970,29812,65535)  #7AD274FF  srgba(122,210,116,1)
5,15: (31354,53970,35209,65535)  #7AD289FF  srgba(122,210,137,1)
6,15: (31354,54484,33153,65535)  #7AD481FF  srgba(122,212,129,1)
7,15: (31354,56540,26985,65535)  #7ADC69FF  srgba(122,220,105,1)
8,15: (31354,56540,31354,65535)  #7ADC7AFF  srgba(122,220,122,1)
9,15: (31868,53713,32639,65535)  #7CD17FFF  srgba(124,209,127,1)
10,15: (32382,54998,31611,65535)  #7ED67BFF  srgba(126,214,123,1)
11,15: (32639,52171,30840,65535)  #7FCB78FF  srgba(127,203,120,1)
12,15: (32896,53199,31354,65535)  #80CF7AFF  srgba(128,207,122,1)
13,15: (34181,43947,18761,65535)  #85AB49FF  srgba(133,171,73,1)
14,15: (34438,46774,20817,65535)  #86B651FF  srgba(134,182,81,1)
15,15: (0,65535,0,0)  #00FF0000  srgba(0,255,0,0)
