# ImageMagick pixel enumeration: 16,16,65535,srgba
0,0: (0,0,0,65535)  #000000FF  black
1,0: (0,257,0,65535)  #000100FF  srgba(0,1,0,1)
2,0: (0,257,257,65535)  #000101FF  srgba(0,1,1,1)
3,0: (257,0,257,65535)  #010001FF  srgba(1,0,1,1)
4,0: (1028,0,257,65535)  #040001FF  srgba(4,0,1,1)
5,0: (1799,0,0,65535)  #070000FF  srgba(7,0,0,1)
6,0: (3341,0,257,65535)  #0D0001FF  srgba(13,0,1,1)
7,0: (4369,771,514,65535)  #110302FF  srgba(17,3,2,1)
8,0: (4883,257,257,65535)  #130101FF  srgba(19,1,1,1)
9,0: (5140,0,257,65535)  #140001FF  srgba(20,0,1,1)
10,0: (5397,0,514,65535)  #150002FF  srgba(21,0,2,1)
11,0: (12079,0,1285,65535)  #2F0005FF  srgba(47,0,5,1)
12,0: (15934,0,0,65535)  #3E0000FF  srgba(62,0,0,1)
13,0: (15934,16962,5397,65535)  #3E4215FF  srgba(62,66,21,1)
14,0: (16448,0,0,65535)  #400000FF  srgba(64,0,0,1)
15,0: (16448,0,0,65535)  #400000FF  srgba(64,0,0,1)
0,1: (16448,13621,13621,65535)  #403535FF  srgba(64,53,53,1)
1,1: (17733,14392,14392,65535)  #453838FF  srgba(69,56,56,1)
2,1: (18504,25186,5140,65535)  #486214FF  srgba(72,98,20,1)
3,1: (19018,25443,5397,65535)  #4A6315FF  srgba(74,99,21,1)
4,1: (19018,25957,5911,65535)  #4A6517FF  srgba(74,101,23,1)
5,1: (19275,25186,5397,65535)  #4B6215FF  srgba(75,98,21,1)
6,1: (20046,25957,5911,65535)  #4E6517FF  srgba(78,101,23,1)
7,1: (21331,25186,5654,65535)  #536216FF  srgba(83,98,22,1)
8,1: (22102,24672,14906,65535)  #56603AFF  srgba(86,96,58,1)
9,1: (23130,2056,1542,65535)  #5A0806FF  srgba(90,8,6,1)
10,1: (23901,24415,5654,65535)  #5D5F16FF  srgba(93,95,22,1)
11,1: (25186,13107,14906,65535)  #62333AFF  srgba(98,51,58,1)
12,1: (25443,23130,5140,65535)  #635A14FF  srgba(99,90,20,1)
13,1: (29041,22359,5140,65535)  #715714FF  srgba(113,87,20,1)
14,1: (30840,21331,4883,65535)  #785313FF  srgba(120,83,19,1)
15,1: (31354,6939,5654,65535)  #7A1B16FF  srgba(122,27,22,1)
0,2: (31354,25186,6682,65535)  #7A621AFF  srgba(122,98,26,1)
1,2: (31611,22359,5140,65535)  #7B5714FF  srgba(123,87,20,1)
2,2: (32896,18761,4626,65535)  #804912FF  srgba(128,73,18,1)
3,2: (33153,20303,4626,65535)  #814F12FF  srgba(129,79,18,1)
4,2: (33410,23130,16705,65535)  #825A41FF  srgba(130,90,65,1)
5,2: (33410,24415,27242,65535)  #825F6AFF  srgba(130,95,106,1)
6,2: (33924,23901,22616,65535)  #845D58FF  srgba(132,93,88,1)
7,2: (35209,20046,23644,65535)  #894E5CFF  srgba(137,78,92,1)
8,2: (37779,19532,4369,65535)  #934C11FF  srgba(147,76,17,1)
9,2: (37779,20817,5140,65535)  #935114FF  srgba(147,81,20,1)
10,2: (38293,22359,6168,65535)  #955718FF  srgba(149,87,24,1)
11,2: (39064,21588,17219,65535)  #985443FF  srgba(152,84,67,1)
12,2: (39064,26214,26985,65535)  #986669FF  srgba(152,102,105,1)
13,2: (39321,15420,5140,65535)  #993C14FF  srgba(153,60,20,1)
14,2: (39578,8224,5911,65535)  #9A2017FF  srgba(154,32,23,1)
15,2: (39835,19275,23901,65535)  #9B4B5DFF  srgba(155,75,93,1)
0,3: (39835,25443,8224,65535)  #9B6320FF  srgba(155,99,32,1)
1,3: (40092,25957,23130,65535)  #9C655AFF  srgba(156,101,90,1)
2,3: (41120,16191,16705,65535)  #A03F41FF  srgba(160,63,65,1)
3,3: (41377,26985,26985,65535)  #A16969FF  srgba(161,105,105,1)
4,3: (42148,18504,23901,65535)  #A4485DFF  srgba(164,72,93,1)
5,3: (42405,20560,17219,65535)  #A55043FF  srgba(165,80,67,1)
6,3: (43690,18247,21588,65535)  #AA4754FF  srgba(170,71,84,1)
7,3: (43690,18247,27242,65535)  #AA476AFF  srgba(170,71,106,1)
8,3: (43690,26471,22873,65535)  #AA6759FF  srgba(170,103,89,1)
9,3: (44204,17476,16191,65535)  #AC443FFF  srgba(172,68,63,1)
10,3: (44718,20303,16705,65535)  #AE4F41FF  srgba(174,79,65,1)
11,3: (44975,23130,21845,65535)  #AF5A55FF  srgba(175,90,85,1)
12,3: (45489,24158,26471,65535)  #B15E67FF  srgba(177,94,103,1)
13,3: (45746,23901,31097,65535)  #B25D79FF  srgba(178,93,121,1)
14,3: (46003,17733,25957,65535)  #B34565FF  srgba(179,69,101,1)
15,3: (46260,17733,30326,65535)  #B44576FF  srgba(180,69,118,1)
0,4: (46260,18247,21588,65535)  #B44754FF  srgba(180,71,84,1)
1,4: (46260,22102,7710,65535)  #B4561EFF  srgba(180,86,30,1)
2,4: (46517,20560,4883,65535)  #B55013FF  srgba(181,80,19,1)
3,4: (46774,16705,15420,65535)  #B6413CFF  srgba(182,65,60,1)
4,4: (46774,17990,15934,65535)  #B6463EFF  srgba(182,70,62,1)
5,4: (46774,23130,17476,65535)  #B65A44FF  srgba(182,90,68,1)
6,4: (46774,25186,8995,65535)  #B66223FF  srgba(182,98,35,1)
7,4: (47031,19275,16191,65535)  #B74B3FFF  srgba(183,75,63,1)
8,4: (47545,13878,7453,65535)  #B9361DFF  srgba(185,54,29,1)
9,4: (48059,16448,8995,65535)  #BB4023FF  srgba(187,64,35,1)
10,4: (48316,23644,22102,65535)  #BC5C56FF  srgba(188,92,86,1)
11,4: (48573,23644,27242,65535)  #BD5C6AFF  srgba(189,92,106,1)
12,4: (48573,23644,32382,65535)  #BD5C7EFF  srgba(189,92,126,1)
13,4: (48830,17733,9252,65535)  #BE4524FF  srgba(190,69,36,1)
14,4: (49858,16448,15163,65535)  #C2403BFF  srgba(194,64,59,1)
15,4: (49858,17733,15163,65535)  #C2453BFF  srgba(194,69,59,1)
0,5: (49858,20303,21845,65535)  #C24F55FF  srgba(194,79,85,1)
1,5: (50115,20560,17476,65535)  #C35044FF  srgba(195,80,68,1)
2,5: (50372,16448,22102,65535)  #C44056FF  srgba(196,64,86,1)
3,5: (50372,18761,15420,65535)  #C4493CFF  srgba(196,73,60,1)
4,5: (50372,20303,14135,65535)  #C44F37FF  srgba(196,79,55,1)
5,5: (50372,23130,17476,65535)  #C45A44FF  srgba(196,90,68,1)
6,5: (50629,16962,26985,65535)  #C54269FF  srgba(197,66,105,1)
7,5: (50629,21331,8738,65535)  #C55322FF  srgba(197,83,34,1)
8,5: (50886,18247,21845,65535)  #C64755FF  srgba(198,71,85,1)
9,5: (50886,18504,30840,65535)  #C64878FF  srgba(198,72,120,1)
10,5: (51143,18247,33667,65535)  #C74783FF  srgba(199,71,131,1)
11,5: (51143,20303,26728,65535)  #C74F68FF  srgba(199,79,104,1)
12,5: (51143,23644,21845,65535)  #C75C55FF  srgba(199,92,85,1)
13,5: (51400,17476,38036,65535)  #C84494FF  srgba(200,68,148,1)
14,5: (51400,22102,21588,65535)  #C85654FF  srgba(200,86,84,1)
15,5: (51400,22873,27499,65535)  #C8596BFF  srgba(200,89,107,1)
0,6: (51400,22873,31354,65535)  #C8597AFF  srgba(200,89,122,1)
1,6: (51400,22873,35466,65535)  #C8598AFF  srgba(200,89,138,1)
2,6: (52685,20817,21845,65535)  #CD5155FF  srgba(205,81,85,1)
3,6: (52685,24929,8995,65535)  #CD6123FF  srgba(205,97,35,1)
4,6: (53456,15934,7710,65535)  #D03E1EFF  srgba(208,62,30,1)
5,6: (53970,16962,15163,65535)  #D2423BFF  srgba(210,66,59,1)
6,6: (53970,17733,9252,65535)  #D24524FF  srgba(210,69,36,1)
7,6: (53970,18761,15934,65535)  #D2493EFF  srgba(210,73,62,1)
8,6: (54227,20560,8481,65535)  #D35021FF  srgba(211,80,33,1)
9,6: (54227,21845,14392,65535)  #D35538FF  srgba(211,85,56,1)
10,6: (54227,21845,17733,65535)  #D35545FF  srgba(211,85,69,1)
11,6: (54227,22359,16448,65535)  #D35740FF  srgba(211,87,64,1)
12,6: (54227,23130,16705,65535)  #D35A41FF  srgba(211,90,65,1)
13,6: (54484,18247,14906,65535)  #D4473AFF  srgba(212,71,58,1)
14,6: (54484,19789,11051,65535)  #D44D2BFF  srgba(212,77,43,1)
15,6: (54484,19789,15934,65535)  #D44D3EFF  srgba(212,77,62,1)
0,7: (54484,22616,29555,65535)  #D45873FF  srgba(212,88,115,1)
1,7: (54741,18761,12850,65535)  #D54932FF  srgba(213,73,50,1)
2,7: (54741,19789,12850,65535)  #D54D32FF  srgba(213,77,50,1)
3,7: (54741,21331,17219,65535)  #D55343FF  srgba(213,83,67,1)
4,7: (54741,23130,22359,65535)  #D55A57FF  srgba(213,90,87,1)
5,7: (54998,21331,13878,65535)  #D65336FF  srgba(214,83,54,1)
6,7: (54998,21845,22616,65535)  #D65558FF  srgba(214,85,88,1)
7,7: (56026,17476,22616,65535)  #DA4458FF  srgba(218,68,88,1)
8,7: (56026,20817,20560,65535)  #DA5150FF  srgba(218,81,80,1)
9,7: (56026,20817,24415,65535)  #DA515FFF  srgba(218,81,95,1)
10,7: (56283,16705,30069,65535)  #DB4175FF  srgba(219,65,117,1)
11,7: (56283,19018,30069,65535)  #DB4A75FF  srgba(219,74,117,1)
12,7: (56283,20560,29812,65535)  #DB5074FF  srgba(219,80,116,1)
13,7: (56540,21588,30069,65535)  #DC5475FF  srgba(220,84,117,1)
14,7: (56797,19275,22616,65535)  #DD4B58FF  srgba(221,75,88,1)
15,7: (56797,21845,36494,65535)  #DD558EFF  srgba(221,85,142,1)
0,8: (57568,21074,14135,65535)  #E05237FF  srgba(224,82,55,1)
1,8: (57825,17990,9766,65535)  #E14626FF  srgba(225,70,38,1)
2,8: (57825,20303,15677,65535)  #E14F3DFF  srgba(225,79,61,1)
3,8: (57825,21588,15420,65535)  #E1543CFF  srgba(225,84,60,1)
4,8: (58082,23130,29812,65535)  #E25A74FF  srgba(226,90,116,1)
5,8: (58339,18761,9766,65535)  #E34926FF  srgba(227,73,38,1)
6,8: (58339,19275,10023,65535)  #E34B27FF  srgba(227,75,39,1)
7,8: (58339,20303,12593,65535)  #E34F31FF  srgba(227,79,49,1)
8,8: (58339,21331,42148,65535)  #E353A4FF  srgba(227,83,164,1)
9,8: (58596,20817,10280,65535)  #E45128FF  srgba(228,81,40,1)
10,8: (58596,21588,22359,65535)  #E45457FF  srgba(228,84,87,1)
11,8: (58596,22359,22616,65535)  #E45758FF  srgba(228,87,88,1)
12,8: (58853,15934,5911,65535)  #E53E17FF  srgba(229,62,23,1)
13,8: (59110,18761,36494,65535)  #E6498EFF  srgba(230,73,142,1)
14,8: (59110,20303,10023,65535)  #E64F27FF  srgba(230,79,39,1)
15,8: (59110,20303,36494,65535)  #E64F8EFF  srgba(230,79,142,1)
0,9: (59110,22102,15163,65535)  #E6563BFF  srgba(230,86,59,1)
1,9: (59110,24672,22359,65535)  #E66057FF  srgba(230,96,87,1)
2,9: (59367,16448,36751,65535)  #E7408FFF  srgba(231,64,143,1)
3,9: (59367,22359,9252,65535)  #E75724FF  srgba(231,87,36,1)
4,9: (59624,19532,12593,65535)  #E84C31FF  srgba(232,76,49,1)
5,9: (59624,19532,16191,65535)  #E84C3FFF  srgba(232,76,63,1)
6,9: (59624,19789,10280,65535)  #E84D28FF  srgba(232,77,40,1)
7,9: (59624,24672,9252,65535)  #E86024FF  srgba(232,96,36,1)
8,9: (59881,16962,15420,65535)  #E9423CFF  srgba(233,66,60,1)
9,9: (60138,22873,15163,65535)  #EA593BFF  srgba(234,89,59,1)
10,9: (60395,17476,42148,65535)  #EB44A4FF  srgba(235,68,164,1)
11,9: (60395,18761,12850,65535)  #EB4932FF  srgba(235,73,50,1)
12,9: (60652,18761,16705,65535)  #EC4941FF  srgba(236,73,65,1)
13,9: (60652,23644,8738,65535)  #EC5C22FF  srgba(236,92,34,1)
14,9: (60909,19018,29812,65535)  #ED4A74FF  srgba(237,74,116,1)
15,9: (60909,19532,42148,65535)  #ED4CA4FF  srgba(237,76,164,1)
0,10: (60909,20046,46517,65535)  #ED4EB5FF  srgba(237,78,181,1)
1,10: (60909,21074,12850,65535)  #ED5232FF  srgba(237,82,50,1)
2,10: (60909,21588,14392,65535)  #ED5438FF  srgba(237,84,56,1)
3,10: (61166,19789,8481,65535)  #EE4D21FF  srgba(238,77,33,1)
4,10: (61166,20303,12336,65535)  #EE4F30FF  srgba(238,79,48,1)
5,10: (61166,20303,29812,65535)  #EE4F74FF  srgba(238,79,116,1)
6,10: (61166,20560,20560,65535)  #EE5050FF  srgba(238,80,80,1)
7,10: (61166,20560,24158,65535)  #EE505EFF  srgba(238,80,94,1)
8,10: (61166,21074,16705,65535)  #EE5241FF  srgba(238,82,65,1)
9,10: (61166,24158,14906,65535)  #EE5E3AFF  srgba(238,94,58,1)
10,10: (61423,19275,22359,65535)  #EF4B57FF  srgba(239,75,87,1)
11,10: (61680,19275,9509,65535)  #F04B25FF  srgba(240,75,37,1)
12,10: (61680,20303,14649,65535)  #F04F39FF  srgba(240,79,57,1)
13,10: (61937,20303,10023,65535)  #F14F27FF  srgba(241,79,39,1)
14,10: (62194,20303,8224,65535)  #F24F20FF  srgba(242,79,32,1)
15,10: (62194,20303,17476,65535)  #F24F44FF  srgba(242,79,68,1)
0,11: (62194,21074,9766,65535)  #F25226FF  srgba(242,82,38,1)
1,11: (62451,17990,22873,65535)  #F34659FF  srgba(243,70,89,1)
2,11: (62451,19275,7710,65535)  #F34B1EFF  srgba(243,75,30,1)
3,11: (62451,19789,10023,65535)  #F34D27FF  srgba(243,77,39,1)
4,11: (62708,18247,15934,65535)  #F4473EFF  srgba(244,71,62,1)
5,11: (62708,18504,7453,65535)  #F4481DFF  srgba(244,72,29,1)
6,11: (62708,18504,49858,65535)  #F448C2FF  srgba(244,72,194,1)
7,11: (62965,17219,29812,65535)  #F54374FF  srgba(245,67,116,1)
8,11: (63222,17733,46517,65535)  #F645B5FF  srgba(246,69,181,1)
9,11: (63222,18247,9766,65535)  #F64726FF  srgba(246,71,38,1)
10,11: (63222,22359,8995,65535)  #F65723FF  srgba(246,87,35,1)
11,11: (63479,19018,9509,65535)  #F74A25FF  srgba(247,74,37,1)
12,11: (63479,19789,7967,65535)  #F74D1FFF  srgba(247,77,31,1)
13,11: (63736,17990,15677,65535)  #F8463DFF  srgba(248,70,61,1)
14,11: (63736,18504,54484,65535)  #F848D4FF  srgba(248,72,212,1)
15,11: (63736,19275,9509,65535)  #F84B25FF  srgba(248,75,37,1)
0,12: (63736,19275,12593,65535)  #F84B31FF  srgba(248,75,49,1)
1,12: (63736,19275,15677,65535)  #F84B3DFF  srgba(248,75,61,1)
2,12: (63993,17476,6682,65535)  #F9441AFF  srgba(249,68,26,1)
3,12: (63993,17476,15934,65535)  #F9443EFF  srgba(249,68,62,1)
4,12: (63993,18504,36751,65535)  #F9488FFF  srgba(249,72,143,1)
5,12: (63993,18761,15677,65535)  #F9493DFF  srgba(249,73,61,1)
6,12: (63993,18761,29812,65535)  #F94974FF  srgba(249,73,116,1)
7,12: (64250,16962,6425,65535)  #FA4219FF  srgba(250,66,25,1)
8,12: (64250,16962,36494,65535)  #FA428EFF  srgba(250,66,142,1)
9,12: (64250,17476,29812,65535)  #FA4474FF  srgba(250,68,116,1)
10,12: (64250,17733,42405,65535)  #FA45A5FF  srgba(250,69,165,1)
11,12: (64250,18247,20560,65535)  #FA4750FF  srgba(250,71,80,1)
12,12: (64250,18247,24158,65535)  #FA475EFF  srgba(250,71,94,1)
13,12: (64250,19018,7453,65535)  #FA4A1DFF  srgba(250,74,29,1)
14,12: (64507,18247,7453,65535)  #FB471DFF  srgba(251,71,29,1)
15,12: (64507,18247,14906,65535)  #FB473AFF  srgba(251,71,58,1)
0,13: (64507,18504,9766,65535)  #FB4826FF  srgba(251,72,38,1)
1,13: (64507,18504,16191,65535)  #FB483FFF  srgba(251,72,63,1)
2,13: (64764,16962,6682,65535)  #FC421AFF  srgba(252,66,26,1)
3,13: (65021,19018,9252,65535)  #FD4A24FF  srgba(253,74,36,1)
4,13: (65021,19018,11822,65535)  #FD4A2EFF  srgba(253,74,46,1)
5,13: (65021,19275,8738,65535)  #FD4B22FF  srgba(253,75,34,1)
6,13: (65021,19532,7453,65535)  #FD4C1DFF  srgba(253,76,29,1)
7,13: (65278,17476,6939,65535)  #FE441BFF  srgba(254,68,27,1)
8,13: (65278,17733,39578,65535)  #FE459AFF  srgba(254,69,154,1)
9,13: (65278,17733,43433,65535)  #FE45A9FF  srgba(254,69,169,1)
10,13: (65278,17990,7196,65535)  #FE461CFF  srgba(254,70,28,1)
11,13: (65278,17990,7453,65535)  #FE461DFF  srgba(254,70,29,1)
12,13: (65278,18247,30326,65535)  #FE4776FF  srgba(254,71,118,1)
13,13: (65278,18247,34181,65535)  #FE4785FF  srgba(254,71,133,1)
14,13: (65278,18247,48316,65535)  #FE47BCFF  srgba(254,71,188,1)
15,13: (65278,18247,57568,65535)  #FE47E0FF  srgba(254,71,224,1)
0,14: (65278,18504,7196,65535)  #FE481CFF  srgba(254,72,28,1)
1,14: (65278,18504,8738,65535)  #FE4822FF  srgba(254,72,34,1)
2,14: (65278,18504,10537,65535)  #FE4829FF  srgba(254,72,41,1)
3,14: (65278,18504,12593,65535)  #FE4831FF  srgba(254,72,49,1)
4,14: (65278,18504,15163,65535)  #FE483BFF  srgba(254,72,59,1)
5,14: (65278,18504,17476,65535)  #FE4844FF  srgba(254,72,68,1)
6,14: (65278,18504,19789,65535)  #FE484DFF  srgba(254,72,77,1)
7,14: (65278,18504,22873,65535)  #FE4859FF  srgba(254,72,89,1)
8,14: (65278,18504,26728,65535)  #FE4868FF  srgba(254,72,104,1)
9,14: (65278,18504,40863,65535)  #FE489FFF  srgba(254,72,159,1)
10,14: (65278,18504,52942,65535)  #FE48CEFF  srgba(254,72,206,1)
11,14: (65278,18761,31611,65535)  #FE497BFF  srgba(254,73,123,1)
12,14: (65278,19018,7453,65535)  #FE4A1DFF  srgba(254,74,29,1)
13,14: (65278,19018,15163,65535)  #FE4A3BFF  srgba(254,74,59,1)
14,14: (65278,19018,22873,65535)  #FE4A59FF  srgba(254,74,89,1)
15,14: (65278,19018,26728,65535)  #FE4A68FF  srgba(254,74,104,1)
0,15: (65278,19275,19275,65535)  #FE4B4BFF  srgba(254,75,75,1)
1,15: (65278,19275,24929,65535)  #FE4B61FF  srgba(254,75,97,1)
2,15: (65278,19275,31354,65535)  #FE4B7AFF  srgba(254,75,122,1)
3,15: (65278,19532,11051,65535)  #FE4C2BFF  srgba(254,76,43,1)
4,15: (65278,19532,15163,65535)  #FE4C3BFF  srgba(254,76,59,1)
5,15: (65278,19532,18761,65535)  #FE4C49FF  srgba(254,76,73,1)
6,15: (65278,19532,40863,65535)  #FE4C9FFF  srgba(254,76,159,1)
7,15: (65278,19789,14649,65535)  #FE4D39FF  srgba(254,77,57,1)
8,15: (65278,19789,19275,65535)  #FE4D4BFF  srgba(254,77,75,1)
9,15: (65278,20046,10537,65535)  #FE4E29FF  srgba(254,78,41,1)
10,15: (65278,20046,23901,65535)  #FE4E5DFF  srgba(254,78,93,1)
11,15: (65278,20046,32382,65535)  #FE4E7EFF  srgba(254,78,126,1)
12,15: (65278,20303,9509,65535)  #FE4F25FF  srgba(254,79,37,1)
13,15: (65278,20817,16705,65535)  #FE5141FF  srgba(254,81,65,1)
14,15: (65278,21588,9766,65535)  #FE5426FF  srgba(254,84,38,1)
15,15: (0,65535,0,0)  #00FF0000  srgba(0,255,0,0)
