# ImageMagick pixel enumeration: 16,16,65535,srgba
0,0: (0,0,0,65535)  #000000FF  black
1,0: (0,0,257,65535)  #000001FF  srgba(0,0,1,1)
2,0: (0,0,1028,65535)  #000004FF  srgba(0,0,4,1)
3,0: (0,0,1542,65535)  #000006FF  srgba(0,0,6,1)
4,0: (0,0,2313,65535)  #000009FF  srgba(0,0,9,1)
5,0: (0,0,2570,65535)  #00000AFF  srgba(0,0,10,1)
6,0: (0,0,4112,65535)  #000010FF  srgba(0,0,16,1)
7,0: (0,0,4112,65535)  #000010FF  srgba(0,0,16,1)
8,0: (0,0,5911,65535)  #000017FF  srgba(0,0,23,1)
9,0: (0,0,7196,65535)  #00001CFF  srgba(0,0,28,1)
10,0: (0,0,9766,65535)  #000026FF  srgba(0,0,38,1)
11,0: (0,257,257,65535)  #000101FF  srgba(0,1,1,1)
12,0: (0,257,1799,65535)  #000107FF  srgba(0,1,7,1)
13,0: (0,514,4369,65535)  #000211FF  srgba(0,2,17,1)
14,0: (0,514,13364,65535)  #000234FF  srgba(0,2,52,1)
15,0: (0,514,17476,65535)  #000244FF  srgba(0,2,68,1)
0,1: (0,1028,6939,65535)  #00041BFF  srgba(0,4,27,1)
1,1: (0,1028,9509,65535)  #000425FF  srgba(0,4,37,1)
2,1: (0,1542,23130,65535)  #00065AFF  srgba(0,6,90,1)
3,1: (0,1799,4883,65535)  #000713FF  srgba(0,7,19,1)
4,1: (0,2827,8738,65535)  #000B22FF  srgba(0,11,34,1)
5,1: (0,4369,9509,65535)  #001125FF  srgba(0,17,37,1)
6,1: (0,4369,13621,65535)  #001135FF  srgba(0,17,53,1)
7,1: (0,4369,17990,65535)  #001146FF  srgba(0,17,70,1)
8,1: (0,5140,26985,65535)  #001469FF  srgba(0,20,105,1)
9,1: (0,6425,16962,65535)  #001942FF  srgba(0,25,66,1)
10,1: (0,6425,32125,65535)  #00197DFF  srgba(0,25,125,1)
11,1: (0,6939,23387,65535)  #001B5BFF  srgba(0,27,91,1)
12,1: (0,8481,18247,65535)  #002147FF  srgba(0,33,71,1)
13,1: (0,9766,24672,65535)  #002660FF  srgba(0,38,96,1)
14,1: (0,10023,32639,65535)  #00277FFF  srgba(0,39,127,1)
15,1: (0,13107,29555,65535)  #003373FF  srgba(0,51,115,1)
0,2: (0,13364,41634,65535)  #0034A2FF  srgba(0,52,162,1)
1,2: (0,14392,36494,65535)  #00388EFF  srgba(0,56,142,1)
2,2: (0,18504,43176,65535)  #0048A8FF  srgba(0,72,168,1)
3,2: (0,19275,48573,65535)  #004BBDFF  srgba(0,75,189,1)
4,2: (0,21845,53713,65535)  #0055D1FF  srgba(0,85,209,1)
5,2: (0,26728,50372,65535)  #0068C4FF  srgba(0,104,196,1)
6,2: (0,27242,55769,65535)  #006AD9FF  srgba(0,106,217,1)
7,2: (0,28270,59110,65535)  #006EE6FF  srgba(0,110,230,1)
8,2: (0,29812,63222,65535)  #0074F6FF  srgba(0,116,246,1)
9,2: (0,35209,63993,65535)  #0089F9FF  srgba(0,137,249,1)
10,2: (257,0,0,65535)  #010000FF  srgba(1,0,0,1)
11,2: (257,0,1285,65535)  #010005FF  srgba(1,0,5,1)
12,2: (257,2056,17219,65535)  #010843FF  srgba(1,8,67,1)
13,2: (257,3855,24415,65535)  #010F5FFF  srgba(1,15,95,1)
14,2: (514,0,1028,65535)  #020004FF  srgba(2,0,4,1)
15,2: (514,771,1799,65535)  #020307FF  srgba(2,3,7,1)
0,3: (514,2056,5911,65535)  #020817FF  srgba(2,8,23,1)
1,3: (514,2313,12336,65535)  #020930FF  srgba(2,9,48,1)
2,3: (514,9509,32639,65535)  #02257FFF  srgba(2,37,127,1)
3,3: (514,13107,38293,65535)  #023395FF  srgba(2,51,149,1)
4,3: (514,24158,55512,65535)  #025ED8FF  srgba(2,94,216,1)
5,3: (514,31611,62708,65535)  #027BF4FF  srgba(2,123,244,1)
6,3: (771,1028,4369,65535)  #030411FF  srgba(3,4,17,1)
7,3: (771,2313,9509,65535)  #030925FF  srgba(3,9,37,1)
8,3: (771,6168,16448,65535)  #031840FF  srgba(3,24,64,1)
9,3: (771,8738,28270,65535)  #03226EFF  srgba(3,34,110,1)
10,3: (771,16448,43947,65535)  #0340ABFF  srgba(3,64,171,1)
11,3: (1028,0,771,65535)  #040003FF  srgba(4,0,3,1)
12,3: (1028,30326,55255,65535)  #0476D7FF  srgba(4,118,215,1)
13,3: (1028,37265,65021,65535)  #0491FDFF  srgba(4,145,253,1)
14,3: (1285,2570,4626,65535)  #050A12FF  srgba(5,10,18,1)
15,3: (1285,2827,7710,65535)  #050B1EFF  srgba(5,11,30,1)
0,4: (1285,10023,24158,65535)  #05275EFF  srgba(5,39,94,1)
1,4: (1542,1028,1542,65535)  #060406FF  srgba(6,4,6,1)
2,4: (1542,21588,49344,65535)  #0654C0FF  srgba(6,84,192,1)
3,4: (1799,6425,12850,65535)  #071932FF  srgba(7,25,50,1)
4,4: (2056,1799,2570,65535)  #08070AFF  srgba(8,7,10,1)
5,4: (2313,4626,7967,65535)  #09121FFF  srgba(9,18,31,1)
6,4: (2313,5911,11051,65535)  #09172BFF  srgba(9,23,43,1)
7,4: (2313,8481,16448,65535)  #092140FF  srgba(9,33,64,1)
8,4: (2313,36494,60138,65535)  #098EEAFF  srgba(9,142,234,1)
9,4: (2570,11051,20303,65535)  #0A2B4FFF  srgba(10,43,79,1)
10,4: (2827,2827,2827,65535)  #0B0B0BFF  srgba(11,11,11,1)
11,4: (2827,14906,28527,65535)  #0B3A6FFF  srgba(11,58,111,1)
12,4: (3084,3341,5911,65535)  #0C0D17FF  srgba(12,13,23,1)
13,4: (3084,5397,7967,65535)  #0C151FFF  srgba(12,21,31,1)
14,4: (3084,12336,24158,65535)  #0C305EFF  srgba(12,48,94,1)
15,4: (3341,6425,8738,65535)  #0D1922FF  srgba(13,25,34,1)
0,5: (3341,8224,12336,65535)  #0D2030FF  srgba(13,32,48,1)
1,5: (3341,10023,15420,65535)  #0D273CFF  srgba(13,39,60,1)
2,5: (3598,3084,4369,65535)  #0E0C11FF  srgba(14,12,17,1)
3,5: (3598,4369,5397,65535)  #0E1115FF  srgba(14,17,21,1)
4,5: (3598,15677,32125,65535)  #0E3D7DFF  srgba(14,61,125,1)
5,5: (5397,4112,4626,65535)  #151012FF  srgba(21,16,18,1)
6,5: (5911,5140,7196,65535)  #17141CFF  srgba(23,20,28,1)
7,5: (5911,5397,5397,65535)  #171515FF  srgba(23,21,21,1)
8,5: (5911,14906,24672,65535)  #173A60FF  srgba(23,58,96,1)
9,5: (6168,6168,7710,65535)  #18181EFF  srgba(24,24,30,1)
10,5: (6168,20303,37779,65535)  #184F93FF  srgba(24,79,147,1)
11,5: (6425,12079,19275,65535)  #192F4BFF  srgba(25,47,75,1)
12,5: (6682,7710,10537,65535)  #1A1E29FF  srgba(26,30,41,1)
13,5: (6939,6682,7453,65535)  #1B1A1DFF  srgba(27,26,29,1)
14,5: (6939,9252,14135,65535)  #1B2437FF  srgba(27,36,55,1)
15,5: (6939,24415,43690,65535)  #1B5FAAFF  srgba(27,95,170,1)
0,6: (7196,7196,9252,65535)  #1C1C24FF  srgba(28,28,36,1)
1,6: (7196,8995,12079,65535)  #1C232FFF  srgba(28,35,47,1)
2,6: (7196,18504,32382,65535)  #1C487EFF  srgba(28,72,126,1)
3,6: (7196,31354,51400,65535)  #1C7AC8FF  srgba(28,122,200,1)
4,6: (7453,10537,14649,65535)  #1D2939FF  srgba(29,41,57,1)
5,6: (7453,11565,16962,65535)  #1D2D42FF  srgba(29,45,66,1)
6,6: (7967,7967,7710,65535)  #1F1F1EFF  srgba(31,31,30,1)
7,6: (7967,10537,12336,65535)  #1F2930FF  srgba(31,41,48,1)
8,6: (7967,16705,28270,65535)  #1F416EFF  srgba(31,65,110,1)
9,6: (8224,8481,9252,65535)  #202124FF  srgba(32,33,36,1)
10,6: (8224,13364,19018,65535)  #20344AFF  srgba(32,52,74,1)
11,6: (8481,9252,10794,65535)  #21242AFF  srgba(33,36,42,1)
12,6: (8481,12079,14649,65535)  #212F39FF  srgba(33,47,57,1)
13,6: (8738,14906,19789,65535)  #223A4DFF  srgba(34,58,77,1)
14,6: (8995,21331,33410,65535)  #235382FF  srgba(35,83,130,1)
15,6: (10280,19275,28784,65535)  #284B70FF  srgba(40,75,112,1)
0,7: (10537,9509,10280,65535)  #292528FF  srgba(41,37,40,1)
1,7: (10537,24158,38293,65535)  #295E95FF  srgba(41,94,149,1)
2,7: (10794,16191,23901,65535)  #2A3F5DFF  srgba(42,63,93,1)
3,7: (10794,29812,43176,65535)  #2A74A8FF  srgba(42,116,168,1)
4,7: (11308,12336,15420,65535)  #2C303CFF  srgba(44,48,60,1)
5,7: (11308,14135,18761,65535)  #2C3749FF  srgba(44,55,73,1)
6,7: (11565,11051,12850,65535)  #2D2B32FF  srgba(45,43,50,1)
7,7: (11565,13878,16191,65535)  #2D363FFF  srgba(45,54,63,1)
8,7: (11565,15934,20560,65535)  #2D3E50FF  srgba(45,62,80,1)
9,7: (12079,11308,11308,65535)  #2F2C2CFF  srgba(47,44,44,1)
10,7: (12850,17733,24158,65535)  #32455EFF  srgba(50,69,94,1)
11,7: (13107,12850,13364,65535)  #333234FF  srgba(51,50,52,1)
12,7: (13107,19532,24929,65535)  #334C61FF  srgba(51,76,97,1)
13,7: (13107,22359,32639,65535)  #33577FFF  srgba(51,87,127,1)
14,7: (13364,36751,54484,65535)  #348FD4FF  srgba(52,143,212,1)
15,7: (13621,13621,15677,65535)  #35353DFF  srgba(53,53,61,1)
0,8: (13878,15420,18247,65535)  #363C47FF  srgba(54,60,71,1)
1,8: (14135,17476,20560,65535)  #374450FF  srgba(55,68,80,1)
2,8: (14392,20303,28270,65535)  #384F6EFF  srgba(56,79,110,1)
3,8: (14906,16191,20303,65535)  #3A3F4FFF  srgba(58,63,79,1)
4,8: (14906,18761,21074,65535)  #3A4952FF  srgba(58,73,82,1)
5,8: (15163,15677,16448,65535)  #3B3D40FF  srgba(59,61,64,1)
6,8: (15420,14135,15934,65535)  #3C373EFF  srgba(60,55,62,1)
7,8: (15420,16705,18247,65535)  #3C4147FF  srgba(60,65,71,1)
8,8: (15420,20303,24672,65535)  #3C4F60FF  srgba(60,79,96,1)
9,8: (15934,22359,28527,65535)  #3E576FFF  srgba(62,87,111,1)
10,8: (15934,24158,33924,65535)  #3E5E84FF  srgba(62,94,132,1)
11,8: (15934,25700,38036,65535)  #3E6494FF  srgba(62,100,148,1)
12,8: (16448,29555,42405,65535)  #4073A5FF  srgba(64,115,165,1)
13,8: (16962,41891,54998,65535)  #42A3D6FF  srgba(66,163,214,1)
14,8: (17219,23901,31354,65535)  #435D7AFF  srgba(67,93,122,1)
15,8: (17733,16962,17733,65535)  #454245FF  srgba(69,66,69,1)
0,9: (17733,19789,23901,65535)  #454D5DFF  srgba(69,77,93,1)
1,9: (17733,22102,25186,65535)  #455662FF  srgba(69,86,98,1)
2,9: (17990,18504,20560,65535)  #464850FF  srgba(70,72,80,1)
3,9: (17990,36237,49344,65535)  #468DC0FF  srgba(70,141,192,1)
4,9: (18761,28527,35980,65535)  #496F8CFF  srgba(73,111,140,1)
5,9: (19018,30069,41891,65535)  #4A75A3FF  srgba(74,117,163,1)
6,9: (19275,23901,28527,65535)  #4B5D6FFF  srgba(75,93,111,1)
7,9: (19275,26471,36751,65535)  #4B678FFF  srgba(75,103,143,1)
8,9: (19532,18504,19018,65535)  #4C484AFF  srgba(76,72,74,1)
9,9: (19789,19532,21331,65535)  #4D4C53FF  srgba(77,76,83,1)
10,9: (20046,32382,48059,65535)  #4E7EBBFF  srgba(78,126,187,1)
11,9: (20560,26214,33667,65535)  #506683FF  srgba(80,102,131,1)
12,9: (20817,20817,23644,65535)  #51515CFF  srgba(81,81,92,1)
13,9: (21331,22873,24929,65535)  #535961FF  srgba(83,89,97,1)
14,9: (21331,29555,40863,65535)  #53739FFF  srgba(83,115,159,1)
15,9: (21588,28784,34438,65535)  #547086FF  srgba(84,112,134,1)
0,10: (21588,32382,43176,65535)  #547EA8FF  srgba(84,126,168,1)
1,10: (21845,20046,19789,65535)  #554E4DFF  srgba(85,78,77,1)
2,10: (21845,21074,21845,65535)  #555255FF  srgba(85,82,85,1)
3,10: (22873,24158,28013,65535)  #595E6DFF  srgba(89,94,109,1)
4,10: (23387,26214,28527,65535)  #5B666FFF  srgba(91,102,111,1)
5,10: (23387,26214,31097,65535)  #5B6679FF  srgba(91,102,121,1)
6,10: (23387,28784,31868,65535)  #5B707CFF  srgba(91,112,124,1)
7,10: (23387,29555,35723,65535)  #5B738BFF  srgba(91,115,139,1)
8,10: (23901,22873,24672,65535)  #5D5960FF  srgba(93,89,96,1)
9,10: (24158,24672,25700,65535)  #5E6064FF  srgba(94,96,100,1)
10,10: (24672,33667,44461,65535)  #6083ADFF  srgba(96,131,173,1)
11,10: (24672,34695,48059,65535)  #6087BBFF  srgba(96,135,187,1)
12,10: (25700,28784,30840,65535)  #647078FF  srgba(100,112,120,1)
13,10: (25700,30840,35723,65535)  #64788BFF  srgba(100,120,139,1)
14,10: (25700,32896,40606,65535)  #64809EFF  srgba(100,128,158,1)
15,10: (26214,38293,53199,65535)  #6695CFFF  srgba(102,149,207,1)
0,11: (26471,25443,25957,65535)  #676365FF  srgba(103,99,101,1)
1,11: (26471,37779,50115,65535)  #6793C3FF  srgba(103,147,195,1)
2,11: (26728,26214,28270,65535)  #68666EFF  srgba(104,102,110,1)
3,11: (26728,37265,45489,65535)  #6891B1FF  srgba(104,145,177,1)
4,11: (27242,42148,56540,65535)  #6AA4DCFF  srgba(106,164,220,1)
5,11: (28270,29812,33410,65535)  #6E7482FF  srgba(110,116,130,1)
6,11: (28527,28527,30069,65535)  #6F6F75FF  srgba(111,111,117,1)
7,11: (28527,32896,35980,65535)  #6F808CFF  srgba(111,128,140,1)
8,11: (30840,31354,34438,65535)  #787A86FF  srgba(120,122,134,1)
9,11: (30840,39064,49344,65535)  #7898C0FF  srgba(120,152,192,1)
10,11: (31097,29812,30069,65535)  #797475FF  srgba(121,116,117,1)
11,11: (31354,30840,32382,65535)  #7A787EFF  srgba(122,120,126,1)
12,11: (31354,41377,53456,65535)  #7AA1D0FF  srgba(122,161,208,1)
13,11: (31611,43947,59624,65535)  #7BABE8FF  srgba(123,171,232,1)
14,11: (32639,38293,44718,65535)  #7F95AEFF  srgba(127,149,174,1)
15,11: (32896,31868,34438,65535)  #807C86FF  srgba(128,124,134,1)
0,12: (32896,35209,39578,65535)  #80899AFF  srgba(128,137,154,1)
1,12: (33410,33667,34181,65535)  #828385FF  srgba(130,131,133,1)
2,12: (33410,37779,42405,65535)  #8293A5FF  srgba(130,147,165,1)
3,12: (33667,34181,35980,65535)  #83858CFF  srgba(131,133,140,1)
4,12: (33667,34181,37265,65535)  #838591FF  srgba(131,133,145,1)
5,12: (33667,47288,62194,65535)  #83B8F2FF  srgba(131,184,242,1)
6,12: (33924,45232,53456,65535)  #84B0D0FF  srgba(132,176,208,1)
7,12: (34181,37779,40092,65535)  #85939CFF  srgba(133,147,156,1)
8,12: (34181,41891,47802,65535)  #85A3BAFF  srgba(133,163,186,1)
9,12: (34438,35980,37779,65535)  #868C93FF  srgba(134,140,147,1)
10,12: (34695,50886,63479,65535)  #87C6F7FF  srgba(135,198,247,1)
11,12: (35209,41377,43947,65535)  #89A1ABFF  srgba(137,161,171,1)
12,12: (37779,51143,63736,65535)  #93C7F8FF  srgba(147,199,248,1)
13,12: (38036,36494,36237,65535)  #948E8DFF  srgba(148,142,141,1)
14,12: (38036,37265,38550,65535)  #949196FF  srgba(148,145,150,1)
15,12: (38293,39064,41634,65535)  #9598A2FF  srgba(149,152,162,1)
0,13: (38807,38293,39835,65535)  #97959BFF  srgba(151,149,155,1)
1,13: (38807,40349,44461,65535)  #979DADFF  srgba(151,157,173,1)
2,13: (39064,42662,46260,65535)  #98A6B4FF  srgba(152,166,180,1)
3,13: (40863,46774,54484,65535)  #9FB6D4FF  srgba(159,182,212,1)
4,13: (41120,40349,41891,65535)  #A09DA3FF  srgba(160,157,163,1)
5,13: (41891,41891,44975,65535)  #A3A3AFFF  srgba(163,163,175,1)
6,13: (41891,45489,50372,65535)  #A3B1C4FF  srgba(163,177,196,1)
7,13: (41891,54998,63222,65535)  #A3D6F6FF  srgba(163,214,246,1)
8,13: (42405,45489,48059,65535)  #A5B1BBFF  srgba(165,177,187,1)
9,13: (42405,50629,56283,65535)  #A5C5DBFF  srgba(165,197,219,1)
10,13: (42662,48830,55255,65535)  #A6BED7FF  srgba(166,190,215,1)
11,13: (42662,52428,61937,65535)  #A6CCF1FF  srgba(166,204,241,1)
12,13: (42919,44718,46003,65535)  #A7AEB3FF  srgba(167,174,179,1)
13,13: (43176,48316,50886,65535)  #A8BCC6FF  srgba(168,188,198,1)
14,13: (43176,57568,63993,65535)  #A8E0F9FF  srgba(168,224,249,1)
15,13: (43947,42919,45489,65535)  #ABA7B1FF  srgba(171,167,177,1)
0,14: (44975,53456,57568,65535)  #AFD0E0FF  srgba(175,208,224,1)
1,14: (46003,50886,55255,65535)  #B3C6D7FF  srgba(179,198,215,1)
2,14: (46260,60138,63993,65535)  #B4EAF9FF  srgba(180,234,249,1)
3,14: (46517,46003,47545,65535)  #B5B3B9FF  srgba(181,179,185,1)
4,14: (46774,48059,50886,65535)  #B6BBC6FF  srgba(182,187,198,1)
5,14: (48059,53970,57054,65535)  #BBD2DEFF  srgba(187,210,222,1)
6,14: (48059,55255,61423,65535)  #BBD7EFFF  srgba(187,215,239,1)
7,14: (48830,57825,62451,65535)  #BEE1F3FF  srgba(190,225,243,1)
8,14: (49087,47802,50115,65535)  #BFBAC3FF  srgba(191,186,195,1)
9,14: (49858,50115,54227,65535)  #C2C3D3FF  srgba(194,195,211,1)
10,14: (50115,54484,57311,65535)  #C3D4DFFF  srgba(195,212,223,1)
11,14: (50372,50372,51400,65535)  #C4C4C8FF  srgba(196,196,200,1)
12,14: (50372,51657,54741,65535)  #C4C9D5FF  srgba(196,201,213,1)
13,14: (51914,60138,62708,65535)  #CAEAF4FF  srgba(202,234,244,1)
14,14: (52428,53199,56026,65535)  #CCCFDAFF  srgba(204,207,218,1)
15,14: (52428,56283,58339,65535)  #CCDBE3FF  srgba(204,219,227,1)
0,15: (53199,56797,61423,65535)  #CFDDEFFF  srgba(207,221,239,1)
1,15: (53713,58596,61680,65535)  #D1E4F0FF  srgba(209,228,240,1)
2,15: (54484,53456,56283,65535)  #D4D0DBFF  srgba(212,208,219,1)
3,15: (54484,59881,62451,65535)  #D4E9F3FF  srgba(212,233,243,1)
4,15: (55255,54998,57311,65535)  #D7D6DFFF  srgba(215,214,223,1)
5,15: (56283,56540,58596,65535)  #DBDCE4FF  srgba(219,220,228,1)
6,15: (56283,59881,62194,65535)  #DBE9F2FF  srgba(219,233,242,1)
7,15: (57311,57568,61423,65535)  #DFE0EFFF  srgba(223,224,239,1)
8,15: (57311,58853,61680,65535)  #DFE5F0FF  srgba(223,229,240,1)
9,15: (57568,58596,59367,65535)  #E0E4E7FF  srgba(224,228,231,1)
10,15: (57825,59881,61680,65535)  #E1E9F0FF  srgba(225,233,240,1)
11,15: (59367,58853,61423,65535)  #E7E5EFFF  srgba(231,229,239,1)
12,15: (59624,59110,59881,65535)  #E8E6E9FF  srgba(232,230,233,1)
13,15: (59624,59624,61166,65535)  #E8E8EEFF  srgba(232,232,238,1)
14,15: (59881,59881,60909,65535)  #E9E9EDFF  srgba(233,233,237,1)
15,15: (0,65535,0,0)  #00FF0000  srgba(0,255,0,0)
