# ImageMagick pixel enumeration: 16,16,65535,srgba
0,0: (0,0,0,65535)  #000000FF  black
1,0: (0,1285,514,65535)  #000502FF  srgba(0,5,2,1)
2,0: (0,2313,19532,65535)  #00094CFF  srgba(0,9,76,1)
3,0: (0,3084,20560,65535)  #000C50FF  srgba(0,12,80,1)
4,0: (0,3598,19532,65535)  #000E4CFF  srgba(0,14,76,1)
5,0: (0,5140,771,65535)  #001403FF  srgba(0,20,3,1)
6,0: (0,7196,771,65535)  #001C03FF  srgba(0,28,3,1)
7,0: (0,10023,514,65535)  #002702FF  srgba(0,39,2,1)
8,0: (0,11051,2056,65535)  #002B08FF  srgba(0,43,8,1)
9,0: (0,11308,13364,65535)  #002C34FF  srgba(0,44,52,1)
10,0: (0,11565,24672,65535)  #002D60FF  srgba(0,45,96,1)
11,0: (0,14135,1799,65535)  #003707FF  srgba(0,55,7,1)
12,0: (0,15163,3341,65535)  #003B0DFF  srgba(0,59,13,1)
13,0: (0,16191,5140,65535)  #003F14FF  srgba(0,63,20,1)
14,0: (0,16448,33153,65535)  #004081FF  srgba(0,64,129,1)
15,0: (0,17219,6168,65535)  #004318FF  srgba(0,67,24,1)
0,1: (0,17733,7453,65535)  #00451DFF  srgba(0,69,29,1)
1,1: (0,18504,2827,65535)  #00480BFF  srgba(0,72,11,1)
2,1: (0,19018,4112,65535)  #004A10FF  srgba(0,74,16,1)
3,1: (0,21074,5140,65535)  #005214FF  srgba(0,82,20,1)
4,1: (0,21074,25957,65535)  #005265FF  srgba(0,82,101,1)
5,1: (0,21588,4112,65535)  #005410FF  srgba(0,84,16,1)
6,1: (0,21845,4883,65535)  #005513FF  srgba(0,85,19,1)
7,1: (0,22873,5140,65535)  #005914FF  srgba(0,89,20,1)
8,1: (0,22873,12850,65535)  #005932FF  srgba(0,89,50,1)
9,1: (0,23387,4112,65535)  #005B10FF  srgba(0,91,16,1)
10,1: (0,23901,5140,65535)  #005D14FF  srgba(0,93,20,1)
11,1: (0,24158,6168,65535)  #005E18FF  srgba(0,94,24,1)
12,1: (0,24929,4112,65535)  #006110FF  srgba(0,97,16,1)
13,1: (0,25700,5397,65535)  #006415FF  srgba(0,100,21,1)
14,1: (0,25700,6168,65535)  #006418FF  srgba(0,100,24,1)
15,1: (0,27242,6168,65535)  #006A18FF  srgba(0,106,24,1)
0,2: (0,27499,6939,65535)  #006B1BFF  srgba(0,107,27,1)
1,2: (0,28013,6425,65535)  #006D19FF  srgba(0,109,25,1)
2,2: (0,28527,3855,65535)  #006F0FFF  srgba(0,111,15,1)
3,2: (0,28527,5397,65535)  #006F15FF  srgba(0,111,21,1)
4,2: (0,29041,34952,65535)  #007188FF  srgba(0,113,136,1)
5,2: (0,29298,7196,65535)  #00721CFF  srgba(0,114,28,1)
6,2: (0,29298,42405,65535)  #0072A5FF  srgba(0,114,165,1)
7,2: (0,30840,6425,65535)  #007819FF  srgba(0,120,25,1)
8,2: (0,31868,7196,65535)  #007C1CFF  srgba(0,124,28,1)
9,2: (0,35209,7710,65535)  #00891EFF  srgba(0,137,30,1)
10,2: (0,37522,9509,65535)  #009225FF  srgba(0,146,37,1)
11,2: (0,38036,45232,65535)  #0094B0FF  srgba(0,148,176,1)
12,2: (0,42148,50115,65535)  #00A4C3FF  srgba(0,164,195,1)
13,2: (0,45489,44461,65535)  #00B1ADFF  srgba(0,177,173,1)
14,2: (0,45489,46003,65535)  #00B1B3FF  srgba(0,177,179,1)
15,2: (0,45489,47288,65535)  #00B1B8FF  srgba(0,177,184,1)
0,3: (0,45489,50886,65535)  #00B1C6FF  srgba(0,177,198,1)
1,3: (0,45746,48316,65535)  #00B2BCFF  srgba(0,178,188,1)
2,3: (0,48316,10280,65535)  #00BC28FF  srgba(0,188,40,1)
3,3: (0,49344,23387,65535)  #00C05BFF  srgba(0,192,91,1)
4,3: (257,1542,4626,65535)  #010612FF  srgba(1,6,18,1)
5,3: (257,2056,7710,65535)  #01081EFF  srgba(1,8,30,1)
6,3: (257,2056,12593,65535)  #010831FF  srgba(1,8,49,1)
7,3: (257,2056,16705,65535)  #010841FF  srgba(1,8,65,1)
8,3: (257,2827,21588,65535)  #010B54FF  srgba(1,11,84,1)
9,3: (257,3855,16191,65535)  #010F3FFF  srgba(1,15,63,1)
10,3: (257,5397,4112,65535)  #011510FF  srgba(1,21,16,1)
11,3: (514,2827,23387,65535)  #020B5BFF  srgba(2,11,91,1)
12,3: (514,4369,11822,65535)  #02112EFF  srgba(2,17,46,1)
13,3: (514,5140,7453,65535)  #02141DFF  srgba(2,20,29,1)
14,3: (514,11051,1542,65535)  #022B06FF  srgba(2,43,6,1)
15,3: (514,13364,3855,65535)  #02340FFF  srgba(2,52,15,1)
0,4: (514,18761,3598,65535)  #02490EFF  srgba(2,73,14,1)
1,4: (514,19789,5140,65535)  #024D14FF  srgba(2,77,20,1)
2,4: (514,23644,5397,65535)  #025C15FF  srgba(2,92,21,1)
3,4: (514,26985,6168,65535)  #026918FF  srgba(2,105,24,1)
4,4: (514,30840,6939,65535)  #02781BFF  srgba(2,120,27,1)
5,4: (771,2827,24672,65535)  #030B60FF  srgba(3,11,96,1)
6,4: (771,35723,8738,65535)  #038B22FF  srgba(3,139,34,1)
7,4: (771,45489,47031,65535)  #03B1B7FF  srgba(3,177,183,1)
8,4: (771,45746,48059,65535)  #03B2BBFF  srgba(3,178,187,1)
9,4: (771,45746,49344,65535)  #03B2C0FF  srgba(3,178,192,1)
10,4: (1028,3598,27499,65535)  #040E6BFF  srgba(4,14,107,1)
11,4: (1285,44204,52942,65535)  #05ACCEFF  srgba(5,172,206,1)
12,4: (2056,11308,2056,65535)  #082C08FF  srgba(8,44,8,1)
13,4: (2056,16962,4369,65535)  #084211FF  srgba(8,66,17,1)
14,4: (2056,21845,5140,65535)  #085514FF  srgba(8,85,20,1)
15,4: (2056,26214,5911,65535)  #086617FF  srgba(8,102,23,1)
0,5: (2313,11308,5654,65535)  #092C16FF  srgba(9,44,22,1)
1,5: (2313,29555,6425,65535)  #097319FF  srgba(9,115,25,1)
2,5: (2313,47031,38807,65535)  #09B797FF  srgba(9,183,151,1)
3,5: (2570,24929,37522,65535)  #0A6192FF  srgba(10,97,146,1)
4,5: (2570,31354,8995,65535)  #0A7A23FF  srgba(10,122,35,1)
5,5: (2570,41891,10280,65535)  #0AA328FF  srgba(10,163,40,1)
6,5: (2827,10023,23644,65535)  #0B275CFF  srgba(11,39,92,1)
7,5: (2827,14906,24415,65535)  #0B3A5FFF  srgba(11,58,95,1)
8,5: (2827,22616,25700,65535)  #0B5864FF  srgba(11,88,100,1)
9,5: (2827,34952,6425,65535)  #0B8819FF  srgba(11,136,25,1)
10,5: (2827,39835,48316,65535)  #0B9BBCFF  srgba(11,155,188,1)
11,5: (3084,38036,44718,65535)  #0C94AEFF  srgba(12,148,174,1)
12,5: (3341,35980,36237,65535)  #0D8C8DFF  srgba(13,140,141,1)
13,5: (3598,4112,3598,65535)  #0E100EFF  srgba(14,16,14,1)
14,5: (3598,4626,8481,65535)  #0E1221FF  srgba(14,18,33,1)
15,5: (3598,9252,11051,65535)  #0E242BFF  srgba(14,36,43,1)
0,6: (3598,13107,10537,65535)  #0E3329FF  srgba(14,51,41,1)
1,6: (3598,23901,9509,65535)  #0E5D25FF  srgba(14,93,37,1)
2,6: (3598,51143,11822,65535)  #0EC72EFF  srgba(14,199,46,1)
3,6: (3855,3855,12850,65535)  #0F0F32FF  srgba(15,15,50,1)
4,6: (4112,38807,54998,65535)  #1097D6FF  srgba(16,151,214,1)
5,6: (4369,1799,23901,65535)  #11075DFF  srgba(17,7,93,1)
6,6: (4626,36237,10280,65535)  #128D28FF  srgba(18,141,40,1)
7,6: (5397,1285,18504,65535)  #150548FF  srgba(21,5,72,1)
8,6: (5397,4112,24415,65535)  #15105FFF  srgba(21,16,95,1)
9,6: (5397,12850,37522,65535)  #153292FF  srgba(21,50,146,1)
10,6: (5654,4626,17990,65535)  #161246FF  srgba(22,18,70,1)
11,6: (5911,4369,8224,65535)  #171120FF  srgba(23,17,32,1)
12,6: (6168,3598,28270,65535)  #180E6EFF  srgba(24,14,110,1)
13,6: (7453,3855,13878,65535)  #1D0F36FF  srgba(29,15,54,1)
14,6: (8738,4369,10280,65535)  #221128FF  srgba(34,17,40,1)
15,6: (8995,1799,23901,65535)  #23075DFF  srgba(35,7,93,1)
0,7: (9252,3084,18504,65535)  #240C48FF  srgba(36,12,72,1)
1,7: (9766,3855,24158,65535)  #260F5EFF  srgba(38,15,94,1)
2,7: (10023,10023,22873,65535)  #272759FF  srgba(39,39,89,1)
3,7: (10023,12079,10794,65535)  #272F2AFF  srgba(39,47,42,1)
4,7: (10280,12850,2570,65535)  #28320AFF  srgba(40,50,10,1)
5,7: (10537,3598,28527,65535)  #290E6FFF  srgba(41,14,111,1)
6,7: (10537,19789,3341,65535)  #294D0DFF  srgba(41,77,13,1)
7,7: (10537,28270,48059,65535)  #296EBBFF  srgba(41,110,187,1)
8,7: (10537,36751,49087,65535)  #298FBFFF  srgba(41,143,191,1)
9,7: (10794,35980,58596,65535)  #2A8CE4FF  srgba(42,140,228,1)
10,7: (11051,3855,1799,65535)  #2B0F07FF  srgba(43,15,7,1)
11,7: (11051,25700,4369,65535)  #2B6411FF  srgba(43,100,17,1)
12,7: (11308,23901,38550,65535)  #2C5D96FF  srgba(44,93,150,1)
13,7: (11565,31611,5140,65535)  #2D7B14FF  srgba(45,123,20,1)
14,7: (11822,4112,30583,65535)  #2E1077FF  srgba(46,16,119,1)
15,7: (11822,39064,5911,65535)  #2E9817FF  srgba(46,152,23,1)
0,8: (12079,28013,11051,65535)  #2F6D2BFF  srgba(47,109,43,1)
1,8: (12336,3341,19275,65535)  #300D4BFF  srgba(48,13,75,1)
2,8: (12593,2313,24158,65535)  #31095EFF  srgba(49,9,94,1)
3,8: (12850,16705,45489,65535)  #3241B1FF  srgba(50,65,177,1)
4,8: (12850,42148,11051,65535)  #32A42BFF  srgba(50,164,43,1)
5,8: (13107,4369,24672,65535)  #331160FF  srgba(51,17,96,1)
6,8: (13364,15677,23130,65535)  #343D5AFF  srgba(52,61,90,1)
7,8: (13878,4369,31868,65535)  #36117CFF  srgba(54,17,124,1)
8,8: (14135,36237,11051,65535)  #378D2BFF  srgba(55,141,43,1)
9,8: (14135,52428,11822,65535)  #37CC2EFF  srgba(55,204,46,1)
10,8: (14392,3855,28527,65535)  #380F6FFF  srgba(56,15,111,1)
11,8: (14649,5140,37522,65535)  #391492FF  srgba(57,20,146,1)
12,8: (14649,37522,19018,65535)  #39924AFF  srgba(57,146,74,1)
13,8: (15163,19275,51657,65535)  #3B4BC9FF  srgba(59,75,201,1)
14,8: (15420,24158,21845,65535)  #3C5E55FF  srgba(60,94,85,1)
15,8: (15677,2570,24929,65535)  #3D0A61FF  srgba(61,10,97,1)
0,9: (15677,4369,33410,65535)  #3D1182FF  srgba(61,17,130,1)
1,9: (15677,4626,34695,65535)  #3D1287FF  srgba(61,18,135,1)
2,9: (15677,15420,12593,65535)  #3D3C31FF  srgba(61,60,49,1)
3,9: (15934,12079,38550,65535)  #3E2F96FF  srgba(62,47,150,1)
4,9: (15934,34181,56283,65535)  #3E85DBFF  srgba(62,133,219,1)
5,9: (16191,4112,25443,65535)  #3F1063FF  srgba(63,16,99,1)
6,9: (16191,52171,20303,65535)  #3FCB4FFF  srgba(63,203,79,1)
7,9: (16448,29041,57311,65535)  #4071DFFF  srgba(64,113,223,1)
8,9: (16962,4112,30583,65535)  #421077FF  srgba(66,16,119,1)
9,9: (17733,3855,28784,65535)  #450F70FF  srgba(69,15,112,1)
10,9: (18247,4369,31868,65535)  #47117CFF  srgba(71,17,124,1)
11,9: (18504,4369,30583,65535)  #481177FF  srgba(72,17,119,1)
12,9: (19275,4112,29298,65535)  #4B1072FF  srgba(75,16,114,1)
13,9: (19532,4369,30326,65535)  #4C1176FF  srgba(76,17,118,1)
14,9: (19532,4369,30840,65535)  #4C1178FF  srgba(76,17,120,1)
15,9: (19532,4883,37008,65535)  #4C1390FF  srgba(76,19,144,1)
0,10: (19789,16962,2570,65535)  #4D420AFF  srgba(77,66,10,1)
1,10: (20046,4626,35980,65535)  #4E128CFF  srgba(78,18,140,1)
2,10: (20303,4112,30840,65535)  #4F1078FF  srgba(79,16,120,1)
3,10: (20303,4369,32125,65535)  #4F117DFF  srgba(79,17,125,1)
4,10: (20303,4626,34952,65535)  #4F1288FF  srgba(79,18,136,1)
5,10: (20560,4369,30069,65535)  #501175FF  srgba(80,17,117,1)
6,10: (20560,4626,33410,65535)  #501282FF  srgba(80,18,130,1)
7,10: (21074,4112,30069,65535)  #521075FF  srgba(82,16,117,1)
8,10: (21074,4112,30583,65535)  #521077FF  srgba(82,16,119,1)
9,10: (21074,28527,10537,65535)  #526F29FF  srgba(82,111,41,1)
10,10: (21588,4369,29041,65535)  #541171FF  srgba(84,17,113,1)
11,10: (21588,25700,4369,65535)  #546411FF  srgba(84,100,17,1)
12,10: (22616,31868,57054,65535)  #587CDEFF  srgba(88,124,222,1)
13,10: (22873,4369,27756,65535)  #59116CFF  srgba(89,17,108,1)
14,10: (23130,35466,55512,65535)  #5A8AD8FF  srgba(90,138,216,1)
15,10: (23387,19789,29041,65535)  #5B4D71FF  srgba(91,77,113,1)
0,11: (23901,5654,40349,65535)  #5D169DFF  srgba(93,22,157,1)
1,11: (23901,14649,40349,65535)  #5D399DFF  srgba(93,57,157,1)
2,11: (25186,15934,46260,65535)  #623EB4FF  srgba(98,62,180,1)
3,11: (25443,3598,771,65535)  #630E03FF  srgba(99,14,3,1)
4,11: (25957,38036,10794,65535)  #65942AFF  srgba(101,148,42,1)
5,11: (26471,21845,53199,65535)  #6755CFFF  srgba(103,85,207,1)
6,11: (26471,31611,5140,65535)  #677B14FF  srgba(103,123,20,1)
7,11: (26728,39321,5911,65535)  #689917FF  srgba(104,153,23,1)
8,11: (26985,28527,61166,65535)  #696FEEFF  srgba(105,111,238,1)
9,11: (27242,37265,20817,65535)  #6A9151FF  srgba(106,145,81,1)
10,11: (29041,17219,40092,65535)  #71439CFF  srgba(113,67,156,1)
11,11: (29041,53456,20303,65535)  #71D04FFF  srgba(113,208,79,1)
12,11: (29555,14135,2056,65535)  #733708FF  srgba(115,55,8,1)
13,11: (29555,23387,60909,65535)  #735BEDFF  srgba(115,91,237,1)
14,11: (30069,20303,3598,65535)  #754F0EFF  srgba(117,79,14,1)
15,11: (31097,25700,4626,65535)  #796412FF  srgba(121,100,18,1)
0,12: (31354,56283,13107,65535)  #7ADB33FF  srgba(122,219,51,1)
1,12: (31611,46517,11822,65535)  #7BB52EFF  srgba(123,181,46,1)
2,12: (31868,15934,46774,65535)  #7C3EB6FF  srgba(124,62,182,1)
3,12: (33924,24158,10023,65535)  #845E27FF  srgba(132,94,39,1)
4,12: (34438,31097,10537,65535)  #867929FF  srgba(134,121,41,1)
5,12: (34438,38036,11051,65535)  #86942BFF  srgba(134,148,43,1)
6,12: (35466,19018,53456,65535)  #8A4AD0FF  srgba(138,74,208,1)
7,12: (36751,27242,21588,65535)  #8F6A54FF  srgba(143,106,84,1)
8,12: (36751,49601,34695,65535)  #8FC187FF  srgba(143,193,135,1)
9,12: (37008,24672,61680,65535)  #9060F0FF  srgba(144,96,240,1)
10,12: (39835,4626,2056,65535)  #9B1208FF  srgba(155,18,8,1)
11,12: (39835,19532,60909,65535)  #9B4CEDFF  srgba(155,76,237,1)
12,12: (42148,57054,18761,65535)  #A4DE49FF  srgba(164,222,73,1)
13,12: (42405,16448,2827,65535)  #A5400BFF  srgba(165,64,11,1)
14,12: (42919,22873,4626,65535)  #A75912FF  srgba(167,89,18,1)
15,12: (43433,44461,22873,65535)  #A9AD59FF  srgba(169,173,89,1)
0,13: (44204,35980,22359,65535)  #AC8C57FF  srgba(172,140,87,1)
1,13: (45232,26985,5397,65535)  #B06915FF  srgba(176,105,21,1)
2,13: (45489,38036,11051,65535)  #B1942BFF  srgba(177,148,43,1)
3,13: (45746,37522,5654,65535)  #B29216FF  srgba(178,146,22,1)
4,13: (46260,24672,9766,65535)  #B46026FF  srgba(180,96,38,1)
5,13: (46260,46774,12079,65535)  #B4B62FFF  srgba(180,182,47,1)
6,13: (46260,56540,13621,65535)  #B4DC35FF  srgba(180,220,53,1)
7,13: (47031,31097,10794,65535)  #B7792AFF  srgba(183,121,42,1)
8,13: (47802,30840,5654,65535)  #BA7816FF  srgba(186,120,22,1)
9,13: (55769,18504,4369,65535)  #D94811FF  srgba(217,72,17,1)
10,13: (56026,23644,5654,65535)  #DA5C16FF  srgba(218,92,22,1)
11,13: (57825,27242,5911,65535)  #E16A17FF  srgba(225,106,23,1)
12,13: (59110,41634,20817,65535)  #E6A251FF  srgba(230,162,81,1)
13,13: (59367,33924,9252,65535)  #E78424FF  srgba(231,132,36,1)
14,13: (59624,36751,6682,65535)  #E88F1AFF  srgba(232,143,26,1)
15,13: (60138,54741,14649,65535)  #EAD539FF  srgba(234,213,57,1)
0,14: (60652,30326,8995,65535)  #EC7623FF  srgba(236,118,35,1)
1,14: (60652,41891,16448,65535)  #ECA340FF  srgba(236,163,64,1)
2,14: (60909,38550,9766,65535)  #ED9626FF  srgba(237,150,38,1)
3,14: (61423,30583,6939,65535)  #EF771BFF  srgba(239,119,27,1)
4,14: (61423,38807,14649,65535)  #EF9739FF  srgba(239,151,57,1)
5,14: (61423,46774,11565,65535)  #EFB62DFF  srgba(239,182,45,1)
6,14: (61423,54227,13621,65535)  #EFD335FF  srgba(239,211,53,1)
7,14: (61680,45746,10280,65535)  #F0B228FF  srgba(240,178,40,1)
8,14: (61680,53713,12593,65535)  #F0D131FF  srgba(240,209,49,1)
9,14: (61680,54484,13364,65535)  #F0D434FF  srgba(240,212,52,1)
10,14: (61937,31868,11308,65535)  #F17C2CFF  srgba(241,124,44,1)
11,14: (62194,41377,13364,65535)  #F2A134FF  srgba(242,161,52,1)
12,14: (62451,36494,12336,65535)  #F38E30FF  srgba(243,142,48,1)
13,14: (62708,48573,14392,65535)  #F4BD38FF  srgba(244,189,56,1)
14,14: (62965,41634,10280,65535)  #F5A228FF  srgba(245,162,40,1)
15,14: (62965,43690,12336,65535)  #F5AA30FF  srgba(245,170,48,1)
0,15: (62965,48573,12336,65535)  #F5BD30FF  srgba(245,189,48,1)
1,15: (63222,49344,13364,65535)  #F6C034FF  srgba(246,192,52,1)
2,15: (63479,22359,8738,65535)  #F75722FF  srgba(247,87,34,1)
3,15: (63479,38293,11308,65535)  #F7952CFF  srgba(247,149,44,1)
4,15: (63736,25186,8738,65535)  #F86222FF  srgba(248,98,34,1)
5,15: (63736,27242,8738,65535)  #F86A22FF  srgba(248,106,34,1)
6,15: (63993,41634,11308,65535)  #F9A22CFF  srgba(249,162,44,1)
7,15: (64507,26985,7453,65535)  #FB691DFF  srgba(251,105,29,1)
8,15: (64507,33667,9252,65535)  #FB8324FF  srgba(251,131,36,1)
9,15: (64764,22359,7196,65535)  #FC571CFF  srgba(252,87,28,1)
10,15: (64764,30069,8995,65535)  #FC7523FF  srgba(252,117,35,1)
11,15: (65021,45232,11565,65535)  #FDB02DFF  srgba(253,176,45,1)
12,15: (65278,30069,9252,65535)  #FE7524FF  srgba(254,117,36,1)
13,15: (65278,33924,9766,65535)  #FE8426FF  srgba(254,132,38,1)
14,15: (65278,38293,10023,65535)  #FE9527FF  srgba(254,149,39,1)
15,15: (0,65535,0,0)  #00FF0000  srgba(0,255,0,0)
