# ImageMagick pixel enumeration: 16,16,65535,srgba
0,0: (0,771,257,65535)  #000301FF  srgba(0,3,1,1)
1,0: (257,0,0,65535)  #010000FF  srgba(1,0,0,1)
2,0: (2827,1542,514,65535)  #0B0602FF  srgba(11,6,2,1)
3,0: (5654,15934,9766,65535)  #163E26FF  srgba(22,62,38,1)
4,0: (5911,13364,12850,65535)  #173432FF  srgba(23,52,50,1)
5,0: (6168,10023,514,65535)  #182702FF  srgba(24,39,2,1)
6,0: (6425,3084,4626,65535)  #190C12FF  srgba(25,12,18,1)
7,0: (7196,5654,3855,65535)  #1C160FFF  srgba(28,22,15,1)
8,0: (7453,16448,6425,65535)  #1D4019FF  srgba(29,64,25,1)
9,0: (7967,1542,6425,65535)  #1F0619FF  srgba(31,6,25,1)
10,0: (7967,10280,10023,65535)  #1F2827FF  srgba(31,40,39,1)
11,0: (8224,0,771,65535)  #200003FF  srgba(32,0,3,1)
12,0: (8224,5397,514,65535)  #201502FF  srgba(32,21,2,1)
13,0: (8995,10537,6682,65535)  #23291AFF  srgba(35,41,26,1)
14,0: (9252,15420,6682,65535)  #243C1AFF  srgba(36,60,26,1)
15,0: (9509,10537,4626,65535)  #252912FF  srgba(37,41,18,1)
0,1: (10280,13364,13107,65535)  #283433FF  srgba(40,52,51,1)
1,1: (10537,20560,6168,65535)  #295018FF  srgba(41,80,24,1)
2,1: (10794,15163,2570,65535)  #2A3B0AFF  srgba(42,59,10,1)
3,1: (10794,16705,4369,65535)  #2A4111FF  srgba(42,65,17,1)
4,1: (11565,16191,4626,65535)  #2D3F12FF  srgba(45,63,18,1)
5,1: (12336,15677,2827,65535)  #303D0BFF  srgba(48,61,11,1)
6,1: (12593,19018,2313,65535)  #314A09FF  srgba(49,74,9,1)
7,1: (12593,24158,1542,65535)  #315E06FF  srgba(49,94,6,1)
8,1: (12850,2570,13107,65535)  #320A33FF  srgba(50,10,51,1)
9,1: (12850,16191,3855,65535)  #323F0FFF  srgba(50,63,15,1)
10,1: (12850,16705,3855,65535)  #32410FFF  srgba(50,65,15,1)
11,1: (13107,13878,9252,65535)  #333624FF  srgba(51,54,36,1)
12,1: (13107,16191,3084,65535)  #333F0CFF  srgba(51,63,12,1)
13,1: (13107,16705,3855,65535)  #33410FFF  srgba(51,65,15,1)
14,1: (13364,12850,16191,65535)  #34323FFF  srgba(52,50,63,1)
15,1: (13364,16962,3598,65535)  #34420EFF  srgba(52,66,14,1)
0,2: (13364,16962,4369,65535)  #344211FF  srgba(52,66,17,1)
1,2: (13364,30583,13364,65535)  #347734FF  srgba(52,119,52,1)
2,2: (13621,15677,3855,65535)  #353D0FFF  srgba(53,61,15,1)
3,2: (13621,16448,3855,65535)  #35400FFF  srgba(53,64,15,1)
4,2: (13621,16962,4112,65535)  #354210FF  srgba(53,66,16,1)
5,2: (13621,17219,3598,65535)  #35430EFF  srgba(53,67,14,1)
6,2: (13621,17990,3341,65535)  #35460DFF  srgba(53,70,13,1)
7,2: (13621,19018,5397,65535)  #354A15FF  srgba(53,74,21,1)
8,2: (14135,3341,22359,65535)  #370D57FF  srgba(55,13,87,1)
9,2: (14135,3855,6168,65535)  #370F18FF  srgba(55,15,24,1)
10,2: (14135,6168,9509,65535)  #371825FF  srgba(55,24,37,1)
11,2: (14135,10794,6682,65535)  #372A1AFF  srgba(55,42,26,1)
12,2: (14135,17476,3341,65535)  #37440DFF  srgba(55,68,13,1)
13,2: (14135,17990,4112,65535)  #374610FF  srgba(55,70,16,1)
14,2: (14392,11051,17476,65535)  #382B44FF  srgba(56,43,68,1)
15,2: (14392,14906,9766,65535)  #383A26FF  srgba(56,58,38,1)
0,3: (14392,17219,3855,65535)  #38430FFF  srgba(56,67,15,1)
1,3: (14392,17733,3855,65535)  #38450FFF  srgba(56,69,15,1)
2,3: (14649,15420,6425,65535)  #393C19FF  srgba(57,60,25,1)
3,3: (14649,16705,3341,65535)  #39410DFF  srgba(57,65,13,1)
4,3: (14649,18247,4883,65535)  #394713FF  srgba(57,71,19,1)
5,3: (14906,17219,3598,65535)  #3A430EFF  srgba(58,67,14,1)
6,3: (14906,17476,4112,65535)  #3A4410FF  srgba(58,68,16,1)
7,3: (15163,27756,10794,65535)  #3B6C2AFF  srgba(59,108,42,1)
8,3: (15420,16448,3855,65535)  #3C400FFF  srgba(60,64,15,1)
9,3: (15677,14135,2827,65535)  #3D370BFF  srgba(61,55,11,1)
10,3: (15677,15934,3341,65535)  #3D3E0DFF  srgba(61,62,13,1)
11,3: (15677,17733,4626,65535)  #3D4512FF  srgba(61,69,18,1)
12,3: (15934,11822,2313,65535)  #3E2E09FF  srgba(62,46,9,1)
13,3: (16191,3855,771,65535)  #3F0F03FF  srgba(63,15,3,1)
14,3: (16191,9766,1799,65535)  #3F2607FF  srgba(63,38,7,1)
15,3: (16191,16191,4369,65535)  #3F3F11FF  srgba(63,63,17,1)
0,4: (16191,20046,6425,65535)  #3F4E19FF  srgba(63,78,25,1)
1,4: (16705,25186,10537,65535)  #416229FF  srgba(65,98,41,1)
2,4: (16705,26728,15677,65535)  #41683DFF  srgba(65,104,61,1)
3,4: (16705,26985,12850,65535)  #416932FF  srgba(65,105,50,1)
4,4: (16705,29555,12850,65535)  #417332FF  srgba(65,115,50,1)
5,4: (16705,29812,11565,65535)  #41742DFF  srgba(65,116,45,1)
6,4: (16962,15934,16705,65535)  #423E41FF  srgba(66,62,65,1)
7,4: (17476,28527,11565,65535)  #446F2DFF  srgba(68,111,45,1)
8,4: (18247,29298,12079,65535)  #47722FFF  srgba(71,114,47,1)
9,4: (18504,16705,4112,65535)  #484110FF  srgba(72,65,16,1)
10,4: (19275,29041,11822,65535)  #4B712EFF  srgba(75,113,46,1)
11,4: (19532,29041,13621,65535)  #4C7135FF  srgba(76,113,53,1)
12,4: (20303,14135,3598,65535)  #4F370EFF  srgba(79,55,14,1)
13,4: (20303,15934,3855,65535)  #4F3E0FFF  srgba(79,62,15,1)
14,4: (20303,20817,4626,65535)  #4F5112FF  srgba(79,81,18,1)
15,4: (20303,24415,13878,65535)  #4F5F36FF  srgba(79,95,54,1)
0,5: (20303,26471,14906,65535)  #4F673AFF  srgba(79,103,58,1)
1,5: (20560,2827,1028,65535)  #500B04FF  srgba(80,11,4,1)
2,5: (20560,26214,11308,65535)  #50662CFF  srgba(80,102,44,1)
3,5: (20817,8738,1542,65535)  #512206FF  srgba(81,34,6,1)
4,5: (20817,20817,10794,65535)  #51512AFF  srgba(81,81,42,1)
5,5: (21331,26471,5140,65535)  #536714FF  srgba(83,103,20,1)
6,5: (21588,2313,4112,65535)  #540910FF  srgba(84,9,16,1)
7,5: (21588,9766,3598,65535)  #54260EFF  srgba(84,38,14,1)
8,5: (21588,16705,4112,65535)  #544110FF  srgba(84,65,16,1)
9,5: (21845,23644,15934,65535)  #555C3EFF  srgba(85,92,62,1)
10,5: (22616,23130,20046,65535)  #585A4EFF  srgba(88,90,78,1)
11,5: (23130,3855,19275,65535)  #5A0F4BFF  srgba(90,15,75,1)
12,5: (23644,30840,10794,65535)  #5C782AFF  srgba(92,120,42,1)
13,5: (25186,13878,3855,65535)  #62360FFF  srgba(98,54,15,1)
14,5: (25186,31611,4626,65535)  #627B12FF  srgba(98,123,18,1)
15,5: (25700,2827,4626,65535)  #640B12FF  srgba(100,11,18,1)
0,6: (25700,8738,2056,65535)  #642208FF  srgba(100,34,8,1)
1,6: (25700,15677,3598,65535)  #643D0EFF  srgba(100,61,14,1)
2,6: (25957,3341,1799,65535)  #650D07FF  srgba(101,13,7,1)
3,6: (25957,5654,10537,65535)  #651629FF  srgba(101,22,41,1)
4,6: (25957,9766,4112,65535)  #652610FF  srgba(101,38,16,1)
5,6: (25957,39321,5654,65535)  #659916FF  srgba(101,153,22,1)
6,6: (26214,5397,12336,65535)  #661530FF  srgba(102,21,48,1)
7,6: (26214,15677,4369,65535)  #663D11FF  srgba(102,61,17,1)
8,6: (26728,18247,15677,65535)  #68473DFF  srgba(104,71,61,1)
9,6: (26985,21331,4883,65535)  #695313FF  srgba(105,83,19,1)
10,6: (27499,15934,10537,65535)  #6B3E29FF  srgba(107,62,41,1)
11,6: (27499,26728,5140,65535)  #6B6814FF  srgba(107,104,20,1)
12,6: (28270,22616,15934,65535)  #6E583EFF  srgba(110,88,62,1)
13,6: (28270,23644,10794,65535)  #6E5C2AFF  srgba(110,92,42,1)
14,6: (28527,5911,13878,65535)  #6F1736FF  srgba(111,23,54,1)
15,6: (28527,26471,15677,65535)  #6F673DFF  srgba(111,103,61,1)
0,7: (28527,27499,13878,65535)  #6F6B36FF  srgba(111,107,54,1)
1,7: (28784,23387,25186,65535)  #705B62FF  srgba(112,91,98,1)
2,7: (28784,26728,17733,65535)  #706845FF  srgba(112,104,69,1)
3,7: (29041,9509,2827,65535)  #71250BFF  srgba(113,37,11,1)
4,7: (29041,23901,20303,65535)  #715D4FFF  srgba(113,93,79,1)
5,7: (29298,13621,3598,65535)  #72350EFF  srgba(114,53,14,1)
6,7: (29298,13878,4369,65535)  #723611FF  srgba(114,54,17,1)
7,7: (29812,22616,13878,65535)  #745836FF  srgba(116,88,54,1)
8,7: (30069,44461,10537,65535)  #75AD29FF  srgba(117,173,41,1)
9,7: (30326,3598,2056,65535)  #760E08FF  srgba(118,14,8,1)
10,7: (31097,3855,5140,65535)  #790F14FF  srgba(121,15,20,1)
11,7: (31097,10280,3855,65535)  #79280FFF  srgba(121,40,15,1)
12,7: (31611,3855,2827,65535)  #7B0F0BFF  srgba(123,15,11,1)
13,7: (31611,8995,2827,65535)  #7B230BFF  srgba(123,35,11,1)
14,7: (31868,10023,5654,65535)  #7C2716FF  srgba(124,39,22,1)
15,7: (31868,13878,4626,65535)  #7C3612FF  srgba(124,54,18,1)
0,8: (32125,18247,21331,65535)  #7D4753FF  srgba(125,71,83,1)
1,8: (32382,21588,17990,65535)  #7E5446FF  srgba(126,84,70,1)
2,8: (32382,34181,10280,65535)  #7E8528FF  srgba(126,133,40,1)
3,8: (32896,35466,25443,65535)  #808A63FF  srgba(128,138,99,1)
4,8: (33410,18247,16448,65535)  #824740FF  srgba(130,71,64,1)
5,8: (33410,44718,13621,65535)  #82AE35FF  srgba(130,174,53,1)
6,8: (33667,14135,10023,65535)  #833727FF  srgba(131,55,39,1)
7,8: (34181,8738,10537,65535)  #852229FF  srgba(133,34,41,1)
8,8: (34181,21845,15934,65535)  #85553EFF  srgba(133,85,62,1)
9,8: (34695,8224,12336,65535)  #872030FF  srgba(135,32,48,1)
10,8: (34695,48573,15677,65535)  #87BD3DFF  srgba(135,189,61,1)
11,8: (34695,52428,11565,65535)  #87CC2DFF  srgba(135,204,45,1)
12,8: (35209,12850,5654,65535)  #893216FF  srgba(137,50,22,1)
13,8: (35723,18247,4626,65535)  #8B4712FF  srgba(139,71,18,1)
14,8: (35723,24158,5397,65535)  #8B5E15FF  srgba(139,94,21,1)
15,8: (35980,4112,3598,65535)  #8C100EFF  srgba(140,16,14,1)
0,9: (35980,6425,16705,65535)  #8C1941FF  srgba(140,25,65,1)
1,9: (35980,10794,7967,65535)  #8C2A1FFF  srgba(140,42,31,1)
2,9: (35980,44718,10537,65535)  #8CAE29FF  srgba(140,174,41,1)
3,9: (36494,6939,4112,65535)  #8E1B10FF  srgba(142,27,16,1)
4,9: (36494,9766,10537,65535)  #8E2629FF  srgba(142,38,41,1)
5,9: (36494,10537,4626,65535)  #8E2912FF  srgba(142,41,18,1)
6,9: (36751,4369,7196,65535)  #8F111CFF  srgba(143,17,28,1)
7,9: (36751,7453,7710,65535)  #8F1D1EFF  srgba(143,29,30,1)
8,9: (37008,43176,7196,65535)  #90A81CFF  srgba(144,168,28,1)
9,9: (37265,7710,13621,65535)  #911E35FF  srgba(145,30,53,1)
10,9: (37265,8481,12079,65535)  #91212FFF  srgba(145,33,47,1)
11,9: (37265,53713,13364,65535)  #91D134FF  srgba(145,209,52,1)
12,9: (37522,16962,21588,65535)  #924254FF  srgba(146,66,84,1)
13,9: (38036,6939,10537,65535)  #941B29FF  srgba(148,27,41,1)
14,9: (38036,18761,16705,65535)  #944941FF  srgba(148,73,65,1)
15,9: (38036,37779,7196,65535)  #94931CFF  srgba(148,147,28,1)
0,10: (38036,45746,10537,65535)  #94B229FF  srgba(148,178,41,1)
1,10: (38293,52428,11822,65535)  #95CC2EFF  srgba(149,204,46,1)
2,10: (38550,6425,12336,65535)  #961930FF  srgba(150,25,48,1)
3,10: (38550,33924,6939,65535)  #96841BFF  srgba(150,132,27,1)
4,10: (39064,5397,13621,65535)  #981535FF  srgba(152,21,53,1)
5,10: (39064,29041,6168,65535)  #987118FF  srgba(152,113,24,1)
6,10: (39578,52428,11822,65535)  #9ACC2EFF  srgba(154,204,46,1)
7,10: (39835,16705,10537,65535)  #9B4129FF  srgba(155,65,41,1)
8,10: (39835,46003,10794,65535)  #9BB32AFF  srgba(155,179,42,1)
9,10: (40092,5397,13364,65535)  #9C1534FF  srgba(156,21,52,1)
10,10: (40092,15677,16705,65535)  #9C3D41FF  srgba(156,61,65,1)
11,10: (40349,18247,5140,65535)  #9D4714FF  srgba(157,71,20,1)
12,10: (40863,26728,9766,65535)  #9F6826FF  srgba(159,104,38,1)
13,10: (41120,44461,10537,65535)  #A0AD29FF  srgba(160,173,41,1)
14,10: (41120,51400,11822,65535)  #A0C82EFF  srgba(160,200,46,1)
15,10: (41377,16191,20046,65535)  #A13F4EFF  srgba(161,63,78,1)
0,11: (41634,15163,23901,65535)  #A23B5DFF  srgba(162,59,93,1)
1,11: (41634,36751,13621,65535)  #A28F35FF  srgba(162,143,53,1)
2,11: (41634,37779,9509,65535)  #A29325FF  srgba(162,147,37,1)
3,11: (41891,5911,18504,65535)  #A31748FF  srgba(163,23,72,1)
4,11: (41891,33667,9509,65535)  #A38325FF  srgba(163,131,37,1)
5,11: (42405,7710,3598,65535)  #A51E0EFF  srgba(165,30,14,1)
6,11: (42405,8481,5140,65535)  #A52114FF  srgba(165,33,20,1)
7,11: (42405,24415,6168,65535)  #A55F18FF  srgba(165,95,24,1)
8,11: (42405,42662,10280,65535)  #A5A628FF  srgba(165,166,40,1)
9,11: (42405,48059,17990,65535)  #A5BB46FF  srgba(165,187,70,1)
10,11: (42405,49858,11565,65535)  #A5C22DFF  srgba(165,194,45,1)
11,11: (42405,52428,13364,65535)  #A5CC34FF  srgba(165,204,52,1)
12,11: (42919,4883,4626,65535)  #A71312FF  srgba(167,19,18,1)
13,11: (43176,4626,13107,65535)  #A81233FF  srgba(168,18,51,1)
14,11: (43176,47288,13621,65535)  #A8B835FF  srgba(168,184,53,1)
15,11: (43690,41891,10280,65535)  #AAA328FF  srgba(170,163,40,1)
0,12: (43690,49344,11565,65535)  #AAC02DFF  srgba(170,192,45,1)
1,12: (43947,29041,7196,65535)  #AB711CFF  srgba(171,113,28,1)
2,12: (44461,33924,7967,65535)  #AD841FFF  srgba(173,132,31,1)
3,12: (44461,50115,15677,65535)  #ADC33DFF  srgba(173,195,61,1)
4,12: (44975,42919,20560,65535)  #AFA750FF  srgba(175,167,80,1)
5,12: (45232,24672,6682,65535)  #B0601AFF  srgba(176,96,26,1)
6,12: (45232,34952,9509,65535)  #B08825FF  srgba(176,136,37,1)
7,12: (45489,5654,4369,65535)  #B11611FF  srgba(177,22,17,1)
8,12: (45489,14906,19789,65535)  #B13A4DFF  srgba(177,58,77,1)
9,12: (45489,23644,20303,65535)  #B15C4FFF  srgba(177,92,79,1)
10,12: (45746,7453,13621,65535)  #B21D35FF  srgba(178,29,53,1)
11,12: (46003,45232,11308,65535)  #B3B02CFF  srgba(179,176,44,1)
12,12: (46260,16191,5654,65535)  #B43F16FF  srgba(180,63,22,1)
13,12: (46517,28784,7453,65535)  #B5701DFF  srgba(181,112,29,1)
14,12: (46774,13364,28013,65535)  #B6346DFF  srgba(182,52,109,1)
15,12: (46774,14392,23387,65535)  #B6385BFF  srgba(182,56,91,1)
0,13: (46774,20560,6168,65535)  #B65018FF  srgba(182,80,24,1)
1,13: (47288,5397,4626,65535)  #B81512FF  srgba(184,21,18,1)
2,13: (47288,26985,9509,65535)  #B86925FF  srgba(184,105,37,1)
3,13: (47288,31868,17990,65535)  #B87C46FF  srgba(184,124,70,1)
4,13: (47545,17219,10280,65535)  #B94328FF  srgba(185,67,40,1)
5,13: (48059,5654,4626,65535)  #BB1612FF  srgba(187,22,18,1)
6,13: (48059,23901,6939,65535)  #BB5D1BFF  srgba(187,93,27,1)
7,13: (48059,36494,15677,65535)  #BB8E3DFF  srgba(187,142,61,1)
8,13: (48316,8224,19532,65535)  #BC204CFF  srgba(188,32,76,1)
9,13: (48316,9509,23387,65535)  #BC255BFF  srgba(188,37,91,1)
10,13: (48316,33924,10023,65535)  #BC8427FF  srgba(188,132,39,1)
11,13: (49087,10023,28013,65535)  #BF276DFF  srgba(191,39,109,1)
12,13: (49601,13878,19789,65535)  #C1364DFF  srgba(193,54,77,1)
13,13: (49858,18247,6168,65535)  #C24718FF  srgba(194,71,24,1)
14,13: (50115,43433,28013,65535)  #C3A96DFF  srgba(195,169,109,1)
15,13: (50372,7453,5654,65535)  #C41D16FF  srgba(196,29,22,1)
0,14: (50372,13107,24929,65535)  #C43361FF  srgba(196,51,97,1)
1,14: (50629,33153,13621,65535)  #C58135FF  srgba(197,129,53,1)
2,14: (51400,16448,5911,65535)  #C84017FF  srgba(200,64,23,1)
3,14: (51914,12850,23387,65535)  #CA325BFF  srgba(202,50,91,1)
4,14: (52942,13621,18761,65535)  #CE3549FF  srgba(206,53,73,1)
5,14: (53713,15677,6425,65535)  #D13D19FF  srgba(209,61,25,1)
6,14: (53713,22102,10280,65535)  #D15628FF  srgba(209,86,40,1)
7,14: (54227,13107,27499,65535)  #D3336BFF  srgba(211,51,107,1)
8,14: (54484,14135,10537,65535)  #D43729FF  srgba(212,55,41,1)
9,14: (55512,9766,15677,65535)  #D8263DFF  srgba(216,38,61,1)
10,14: (55769,9509,21074,65535)  #D92552FF  srgba(217,37,82,1)
11,14: (55769,10023,23901,65535)  #D9275DFF  srgba(217,39,93,1)
12,14: (56540,11051,25957,65535)  #DC2B65FF  srgba(220,43,101,1)
13,14: (56797,8738,26214,65535)  #DD2266FF  srgba(221,34,102,1)
14,14: (57311,10023,28527,65535)  #DF276FFF  srgba(223,39,111,1)
15,14: (57568,14392,16962,65535)  #E03842FF  srgba(224,56,66,1)
0,15: (57825,7967,29041,65535)  #E11F71FF  srgba(225,31,113,1)
1,15: (58082,8481,31611,65535)  #E2217BFF  srgba(226,33,123,1)
2,15: (58082,8995,35723,65535)  #E2238BFF  srgba(226,35,139,1)
3,15: (58853,28013,28270,65535)  #E56D6EFF  srgba(229,109,110,1)
4,15: (61166,8995,41120,65535)  #EE23A0FF  srgba(238,35,160,1)
5,15: (61680,9252,26728,65535)  #F02468FF  srgba(240,36,104,1)
6,15: (61680,9509,22616,65535)  #F02558FF  srgba(240,37,88,1)
7,15: (62194,8995,37265,65535)  #F22391FF  srgba(242,35,145,1)
8,15: (62194,9252,28013,65535)  #F2246DFF  srgba(242,36,109,1)
9,15: (62965,8738,34695,65535)  #F52287FF  srgba(245,34,135,1)
10,15: (62965,8995,29555,65535)  #F52373FF  srgba(245,35,115,1)
11,15: (63479,8481,33153,65535)  #F72181FF  srgba(247,33,129,1)
12,15: (63993,8481,31354,65535)  #F9217AFF  srgba(249,33,122,1)
13,15: (63993,9252,31097,65535)  #F92479FF  srgba(249,36,121,1)
14,15: (64507,8995,32896,65535)  #FB2380FF  srgba(251,35,128,1)
15,15: (0,65535,0,0)  #00FF0000  srgba(0,255,0,0)
