# ImageMagick pixel enumeration: 16,16,65535,srgba
0,0: (0,0,0,65535)  #000000FF  black
1,0: (0,0,7710,65535)  #00001EFF  srgba(0,0,30,1)
2,0: (0,514,257,65535)  #000201FF  srgba(0,2,1,1)
3,0: (0,514,1799,65535)  #000207FF  srgba(0,2,7,1)
4,0: (0,771,0,65535)  #000300FF  srgba(0,3,0,1)
5,0: (0,1542,12336,65535)  #000630FF  srgba(0,6,48,1)
6,0: (0,1799,15677,65535)  #00073DFF  srgba(0,7,61,1)
7,0: (0,2056,0,65535)  #000800FF  srgba(0,8,0,1)
8,0: (0,2313,7710,65535)  #00091EFF  srgba(0,9,30,1)
9,0: (0,2827,19275,65535)  #000B4BFF  srgba(0,11,75,1)
10,0: (0,3084,22616,65535)  #000C58FF  srgba(0,12,88,1)
11,0: (0,3855,257,65535)  #000F01FF  srgba(0,15,1,1)
12,0: (0,3855,27242,65535)  #000F6AFF  srgba(0,15,106,1)
13,0: (0,4112,0,65535)  #001000FF  srgba(0,16,0,1)
14,0: (0,4369,771,65535)  #001103FF  srgba(0,17,3,1)
15,0: (0,4369,2827,65535)  #00110BFF  srgba(0,17,11,1)
0,1: (0,4883,33153,65535)  #001381FF  srgba(0,19,129,1)
1,1: (0,5140,38293,65535)  #001495FF  srgba(0,20,149,1)
2,1: (0,5397,7453,65535)  #00151DFF  srgba(0,21,29,1)
3,1: (0,5654,0,65535)  #001600FF  srgba(0,22,0,1)
4,1: (0,5911,46260,65535)  #0017B4FF  srgba(0,23,180,1)
5,1: (0,6682,13878,65535)  #001A36FF  srgba(0,26,54,1)
6,1: (0,7196,1285,65535)  #001C05FF  srgba(0,28,5,1)
7,1: (0,8995,0,65535)  #002300FF  srgba(0,35,0,1)
8,1: (0,8995,7453,65535)  #00231DFF  srgba(0,35,29,1)
9,1: (0,10280,14135,65535)  #002837FF  srgba(0,40,55,1)
10,1: (0,10280,21074,65535)  #002852FF  srgba(0,40,82,1)
11,1: (0,10794,27499,65535)  #002A6BFF  srgba(0,42,107,1)
12,1: (0,11051,1799,65535)  #002B07FF  srgba(0,43,7,1)
13,1: (0,12079,40606,65535)  #002F9EFF  srgba(0,47,158,1)
14,1: (0,12593,32639,65535)  #00317FFF  srgba(0,49,127,1)
15,1: (0,13107,7453,65535)  #00331DFF  srgba(0,51,29,1)
0,2: (0,14906,14135,65535)  #003A37FF  srgba(0,58,55,1)
1,2: (0,15163,2827,65535)  #003B0BFF  srgba(0,59,11,1)
2,2: (0,16448,7196,65535)  #00401CFF  srgba(0,64,28,1)
3,2: (0,16705,21074,65535)  #004152FF  srgba(0,65,82,1)
4,2: (0,19532,3598,65535)  #004C0EFF  srgba(0,76,14,1)
5,2: (0,20303,14135,65535)  #004F37FF  srgba(0,79,55,1)
6,2: (0,21074,39835,65535)  #00529BFF  srgba(0,82,155,1)
7,2: (0,22359,6682,65535)  #00571AFF  srgba(0,87,26,1)
8,2: (0,22359,27499,65535)  #00576BFF  srgba(0,87,107,1)
9,2: (0,23387,4112,65535)  #005B10FF  srgba(0,91,16,1)
10,2: (0,23644,32639,65535)  #005C7FFF  srgba(0,92,127,1)
11,2: (0,24158,21331,65535)  #005E53FF  srgba(0,94,83,1)
12,2: (0,25700,14135,65535)  #006437FF  srgba(0,100,55,1)
13,2: (0,28013,6425,65535)  #006D19FF  srgba(0,109,25,1)
14,2: (257,257,0,65535)  #010100FF  srgba(1,1,0,1)
15,2: (257,514,5654,65535)  #010216FF  srgba(1,2,22,1)
0,3: (257,514,11308,65535)  #01022CFF  srgba(1,2,44,1)
1,3: (257,1285,18504,65535)  #010548FF  srgba(1,5,72,1)
2,3: (257,8995,1285,65535)  #012305FF  srgba(1,35,5,1)
3,3: (514,2313,514,65535)  #020902FF  srgba(2,9,2,1)
4,3: (514,4626,9509,65535)  #021225FF  srgba(2,18,37,1)
5,3: (514,4626,13364,65535)  #021234FF  srgba(2,18,52,1)
6,3: (514,4883,26214,65535)  #021366FF  srgba(2,19,102,1)
7,3: (514,5140,5654,65535)  #021416FF  srgba(2,20,22,1)
8,3: (514,6168,1028,65535)  #021804FF  srgba(2,24,4,1)
9,3: (514,10280,4883,65535)  #022813FF  srgba(2,40,19,1)
10,3: (514,10537,1542,65535)  #022906FF  srgba(2,41,6,1)
11,3: (514,11308,9509,65535)  #022C25FF  srgba(2,44,37,1)
12,3: (514,11308,13364,65535)  #022C34FF  srgba(2,44,52,1)
13,3: (514,11822,19018,65535)  #022E4AFF  srgba(2,46,74,1)
14,3: (514,14649,1799,65535)  #023907FF  srgba(2,57,7,1)
15,3: (514,16962,4626,65535)  #024212FF  srgba(2,66,18,1)
0,4: (514,17733,19275,65535)  #02454BFF  srgba(2,69,75,1)
1,4: (514,27499,6425,65535)  #026B19FF  srgba(2,107,25,1)
2,4: (771,4883,19275,65535)  #03134BFF  srgba(3,19,75,1)
3,4: (771,5911,32639,65535)  #03177FFF  srgba(3,23,127,1)
4,4: (771,6168,38293,65535)  #031895FF  srgba(3,24,149,1)
5,4: (771,6682,47031,65535)  #031AB7FF  srgba(3,26,183,1)
6,4: (771,13621,40863,65535)  #03359FFF  srgba(3,53,159,1)
7,4: (771,13878,26214,65535)  #033666FF  srgba(3,54,102,1)
8,4: (771,14135,4369,65535)  #033711FF  srgba(3,55,17,1)
9,4: (771,14392,32639,65535)  #03387FFF  srgba(3,56,127,1)
10,4: (771,18247,11308,65535)  #03472CFF  srgba(3,71,44,1)
11,4: (771,19532,5140,65535)  #034C14FF  srgba(3,76,20,1)
12,4: (771,21845,40349,65535)  #03559DFF  srgba(3,85,157,1)
13,4: (771,22873,5654,65535)  #035916FF  srgba(3,89,22,1)
14,4: (771,22873,26471,65535)  #035967FF  srgba(3,89,103,1)
15,4: (771,23130,11308,65535)  #035A2CFF  srgba(3,90,44,1)
0,5: (771,24158,32639,65535)  #035E7FFF  srgba(3,94,127,1)
1,5: (771,24415,19275,65535)  #035F4BFF  srgba(3,95,75,1)
2,5: (771,28270,10537,65535)  #036E29FF  srgba(3,110,41,1)
3,5: (2570,3855,1542,65535)  #0A0F06FF  srgba(10,15,6,1)
4,5: (3084,4883,6168,65535)  #0C1318FF  srgba(12,19,24,1)
5,5: (3084,10794,4883,65535)  #0C2A13FF  srgba(12,42,19,1)
6,5: (3084,18247,3855,65535)  #0C470FFF  srgba(12,71,15,1)
7,5: (3084,19018,7710,65535)  #0C4A1EFF  srgba(12,74,30,1)
8,5: (4112,4369,16962,65535)  #101142FF  srgba(16,17,66,1)
9,5: (4112,12593,16448,65535)  #103140FF  srgba(16,49,64,1)
10,5: (4369,4112,27499,65535)  #11106BFF  srgba(17,16,107,1)
11,5: (4369,11565,27499,65535)  #112D6BFF  srgba(17,45,107,1)
12,5: (4626,25700,8224,65535)  #126420FF  srgba(18,100,32,1)
13,5: (5397,28784,7196,65535)  #15701CFF  srgba(21,112,28,1)
14,5: (5911,25443,4369,65535)  #176311FF  srgba(23,99,17,1)
15,5: (5911,27756,17476,65535)  #176C44FF  srgba(23,108,68,1)
0,6: (6168,5397,36751,65535)  #18158FFF  srgba(24,21,143,1)
1,6: (6425,5911,43947,65535)  #1917ABFF  srgba(25,23,171,1)
2,6: (6425,19018,28784,65535)  #194A70FF  srgba(25,74,112,1)
3,6: (6682,12079,37008,65535)  #1A2F90FF  srgba(26,47,144,1)
4,6: (6682,20560,14906,65535)  #1A503AFF  srgba(26,80,58,1)
5,6: (6939,9252,49087,65535)  #1B24BFFF  srgba(27,36,191,1)
6,6: (6939,12336,43690,65535)  #1B30AAFF  srgba(27,48,170,1)
7,6: (6939,19018,35723,65535)  #1B4A8BFF  srgba(27,74,139,1)
8,6: (6939,20560,21845,65535)  #1B5055FF  srgba(27,80,85,1)
9,6: (7196,24158,30840,65535)  #1C5E78FF  srgba(28,94,120,1)
10,6: (7453,9766,55769,65535)  #1D26D9FF  srgba(29,38,217,1)
11,6: (7710,6425,2313,65535)  #1E1909FF  srgba(30,25,9,1)
12,6: (7967,6682,8481,65535)  #1F1A21FF  srgba(31,26,33,1)
13,6: (7967,20560,7453,65535)  #1F501DFF  srgba(31,80,29,1)
14,6: (8224,13621,5140,65535)  #203514FF  srgba(32,53,20,1)
15,6: (8224,20560,2313,65535)  #205009FF  srgba(32,80,9,1)
0,7: (8481,19018,42148,65535)  #214AA4FF  srgba(33,74,164,1)
1,7: (8481,26471,40349,65535)  #21679DFF  srgba(33,103,157,1)
2,7: (8738,32896,16705,65535)  #228041FF  srgba(34,128,65,1)
3,7: (9766,26214,50886,65535)  #2666C6FF  srgba(38,102,198,1)
4,7: (9766,30326,31097,65535)  #267679FF  srgba(38,118,121,1)
5,7: (10023,4883,18761,65535)  #271349FF  srgba(39,19,73,1)
6,7: (10023,4883,28784,65535)  #271370FF  srgba(39,19,112,1)
7,7: (10023,19018,51914,65535)  #274ACAFF  srgba(39,74,202,1)
8,7: (10280,12079,28784,65535)  #282F70FF  srgba(40,47,112,1)
9,7: (10280,12850,17733,65535)  #283245FF  srgba(40,50,69,1)
10,7: (10537,33924,8738,65535)  #298422FF  srgba(41,132,34,1)
11,7: (10794,30583,7453,65535)  #2A771DFF  srgba(42,119,29,1)
12,7: (11308,40092,17219,65535)  #2C9C43FF  srgba(44,156,67,1)
13,7: (13107,6939,38807,65535)  #331B97FF  srgba(51,27,151,1)
14,7: (13107,13364,39064,65535)  #333498FF  srgba(51,52,152,1)
15,7: (13364,10280,47802,65535)  #3428BAFF  srgba(52,40,186,1)
0,8: (13364,10794,56283,65535)  #342ADBFF  srgba(52,42,219,1)
1,8: (13364,25957,5397,65535)  #346515FF  srgba(52,101,21,1)
2,8: (14649,10023,28527,65535)  #39276FFF  srgba(57,39,111,1)
3,8: (14649,11308,17219,65535)  #392C43FF  srgba(57,44,67,1)
4,8: (14649,28784,6682,65535)  #39701AFF  srgba(57,112,26,1)
5,8: (15163,19018,32639,65535)  #3B4A7FFF  srgba(59,74,127,1)
6,8: (15677,10023,3855,65535)  #3D270FFF  srgba(61,39,15,1)
7,8: (16191,16448,4112,65535)  #3F4010FF  srgba(63,64,16,1)
8,8: (16191,21331,4369,65535)  #3F5311FF  srgba(63,83,17,1)
9,8: (16705,11051,39064,65535)  #412B98FF  srgba(65,43,152,1)
10,8: (17219,11565,52171,65535)  #432DCBFF  srgba(67,45,203,1)
11,8: (17476,20046,17733,65535)  #444E45FF  srgba(68,78,69,1)
12,8: (17733,24158,31097,65535)  #455E79FF  srgba(69,94,121,1)
13,8: (17733,28013,17476,65535)  #456D44FF  srgba(69,109,68,1)
14,8: (19018,19018,53970,65535)  #4A4AD2FF  srgba(74,74,210,1)
15,8: (19275,19018,43176,65535)  #4B4AA8FF  srgba(75,74,168,1)
0,9: (19789,23901,52171,65535)  #4D5DCBFF  srgba(77,93,203,1)
1,9: (19789,33153,15934,65535)  #4D813EFF  srgba(77,129,62,1)
2,9: (19789,40092,17733,65535)  #4D9C45FF  srgba(77,156,69,1)
3,9: (20560,11308,28527,65535)  #502C6FFF  srgba(80,44,111,1)
4,9: (20560,12336,17476,65535)  #503044FF  srgba(80,48,68,1)
5,9: (20817,26985,45489,65535)  #5169B1FF  srgba(81,105,177,1)
6,9: (21331,11822,38807,65535)  #532E97FF  srgba(83,46,151,1)
7,9: (21331,23901,41120,65535)  #535DA0FF  srgba(83,93,160,1)
8,9: (21588,11822,52685,65535)  #542ECDFF  srgba(84,46,205,1)
9,9: (22102,25957,5397,65535)  #566515FF  srgba(86,101,21,1)
10,9: (22873,21074,18504,65535)  #595248FF  srgba(89,82,72,1)
11,9: (22873,29812,6682,65535)  #59741AFF  srgba(89,116,26,1)
12,9: (22873,31868,44461,65535)  #597CADFF  srgba(89,124,173,1)
13,9: (23130,15934,3855,65535)  #5A3E0FFF  srgba(90,62,15,1)
14,9: (23644,21845,4626,65535)  #5C5512FF  srgba(92,85,18,1)
15,9: (23901,19275,32125,65535)  #5D4B7DFF  srgba(93,75,125,1)
0,10: (23901,34695,8481,65535)  #5D8721FF  srgba(93,135,33,1)
1,10: (26985,28270,30840,65535)  #696E78FF  srgba(105,110,120,1)
2,10: (28270,24158,30583,65535)  #6E5E77FF  srgba(110,94,119,1)
3,10: (28784,36237,29812,65535)  #708D74FF  srgba(112,141,116,1)
4,10: (30583,30326,20046,65535)  #77764EFF  srgba(119,118,78,1)
5,10: (30583,31354,13364,65535)  #777A34FF  srgba(119,122,52,1)
6,10: (30840,21845,17990,65535)  #785546FF  srgba(120,85,70,1)
7,10: (31097,38036,14649,65535)  #799439FF  srgba(121,148,57,1)
8,10: (32382,42919,15677,65535)  #7EA73DFF  srgba(126,167,61,1)
9,10: (32639,22616,4369,65535)  #7F5811FF  srgba(127,88,17,1)
10,10: (32639,28270,4369,65535)  #7F6E11FF  srgba(127,110,17,1)
11,10: (32639,29812,8995,65535)  #7F7423FF  srgba(127,116,35,1)
12,10: (32896,20046,3341,65535)  #804E0DFF  srgba(128,78,13,1)
13,10: (33924,15677,2313,65535)  #843D09FF  srgba(132,61,9,1)
14,10: (34181,35723,8738,65535)  #858B22FF  srgba(133,139,34,1)
15,10: (35466,38550,9509,65535)  #8A9625FF  srgba(138,150,37,1)
0,11: (37008,42919,9509,65535)  #90A725FF  srgba(144,167,37,1)
1,11: (41891,29555,5140,65535)  #A37314FF  srgba(163,115,20,1)
2,11: (41891,32125,24672,65535)  #A37D60FF  srgba(163,125,96,1)
3,11: (42405,30840,9252,65535)  #A57824FF  srgba(165,120,36,1)
4,11: (42405,31868,12336,65535)  #A57C30FF  srgba(165,124,48,1)
5,11: (44204,35723,8995,65535)  #AC8B23FF  srgba(172,139,35,1)
6,11: (44204,38550,9766,65535)  #AC9626FF  srgba(172,150,38,1)
7,11: (44461,30840,40606,65535)  #AD789EFF  srgba(173,120,158,1)
8,11: (44975,28784,19532,65535)  #AF704CFF  srgba(175,112,76,1)
9,11: (44975,43947,10023,65535)  #AFAB27FF  srgba(175,171,39,1)
10,11: (46003,39835,15677,65535)  #B39B3DFF  srgba(179,155,61,1)
11,11: (46517,44204,13878,65535)  #B5AC36FF  srgba(181,172,54,1)
12,11: (46517,50372,15420,65535)  #B5C43CFF  srgba(181,196,60,1)
13,11: (46774,31354,32896,65535)  #B67A80FF  srgba(182,122,128,1)
14,11: (46774,42405,28270,65535)  #B6A56EFF  srgba(182,165,110,1)
15,11: (47031,32382,15677,65535)  #B77E3DFF  srgba(183,126,61,1)
0,12: (47545,32896,28527,65535)  #B9806FFF  srgba(185,128,111,1)
1,12: (47802,31868,13878,65535)  #BA7C36FF  srgba(186,124,54,1)
2,12: (47802,35980,19275,65535)  #BA8C4BFF  srgba(186,140,75,1)
3,12: (48573,41120,12336,65535)  #BDA030FF  srgba(189,160,48,1)
4,12: (49344,38550,13621,65535)  #C09635FF  srgba(192,150,53,1)
5,12: (49601,37779,12336,65535)  #C19330FF  srgba(193,147,48,1)
6,12: (50372,42148,19018,65535)  #C4A44AFF  srgba(196,164,74,1)
7,12: (50372,49601,19532,65535)  #C4C14CFF  srgba(196,193,76,1)
8,12: (50629,45489,12336,65535)  #C5B130FF  srgba(197,177,48,1)
9,12: (51657,39835,9766,65535)  #C99B26FF  srgba(201,155,38,1)
10,12: (51657,47545,32639,65535)  #C9B97FFF  srgba(201,185,127,1)
11,12: (51657,52428,12593,65535)  #C9CC31FF  srgba(201,204,49,1)
12,12: (51914,49601,39578,65535)  #CAC19AFF  srgba(202,193,154,1)
13,12: (53199,33153,12336,65535)  #CF8130FF  srgba(207,129,48,1)
14,12: (53199,35980,7967,65535)  #CF8C1FFF  srgba(207,140,31,1)
15,12: (53199,36237,10537,65535)  #CF8D29FF  srgba(207,141,41,1)
0,13: (54227,33153,8481,65535)  #D38121FF  srgba(211,129,33,1)
1,13: (55255,51143,13621,65535)  #D7C735FF  srgba(215,199,53,1)
2,13: (55512,31354,7967,65535)  #D87A1FFF  srgba(216,122,31,1)
3,13: (55769,23644,4112,65535)  #D95C10FF  srgba(217,92,16,1)
4,13: (55769,33410,24415,65535)  #D9825FFF  srgba(217,130,95,1)
5,13: (56283,43690,10280,65535)  #DBAA28FF  srgba(219,170,40,1)
6,13: (56283,48316,10537,65535)  #DBBC29FF  srgba(219,188,41,1)
7,13: (57311,47545,25443,65535)  #DFB963FF  srgba(223,185,99,1)
8,13: (57568,40092,9766,65535)  #E09C26FF  srgba(224,156,38,1)
9,13: (58339,53456,12593,65535)  #E3D031FF  srgba(227,208,49,1)
10,13: (58853,51914,15163,65535)  #E5CA3BFF  srgba(229,202,59,1)
11,13: (59110,55255,13621,65535)  #E6D735FF  srgba(230,215,53,1)
12,13: (59881,40092,15677,65535)  #E99C3DFF  srgba(233,156,61,1)
13,13: (60138,44461,13621,65535)  #EAAD35FF  srgba(234,173,53,1)
14,13: (60909,46003,12336,65535)  #EDB330FF  srgba(237,179,48,1)
15,13: (61166,46774,19789,65535)  #EEB64DFF  srgba(238,182,77,1)
0,14: (61166,53456,12593,65535)  #EED031FF  srgba(238,208,49,1)
1,14: (61423,27756,7710,65535)  #EF6C1EFF  srgba(239,108,30,1)
2,14: (61423,35980,9252,65535)  #EF8C24FF  srgba(239,140,36,1)
3,14: (62194,41634,12336,65535)  #F2A230FF  srgba(242,162,48,1)
4,14: (62451,28784,8224,65535)  #F37020FF  srgba(243,112,32,1)
5,14: (62451,30069,8481,65535)  #F37521FF  srgba(243,117,33,1)
6,14: (62451,32896,8995,65535)  #F38023FF  srgba(243,128,35,1)
7,14: (62708,40349,10023,65535)  #F49D27FF  srgba(244,157,39,1)
8,14: (62965,46260,10794,65535)  #F5B42AFF  srgba(245,180,42,1)
9,14: (62965,53713,12850,65535)  #F5D132FF  srgba(245,209,50,1)
10,14: (63479,31354,8738,65535)  #F77A22FF  srgba(247,122,34,1)
11,14: (63479,54741,13621,65535)  #F7D535FF  srgba(247,213,53,1)
12,14: (63736,33667,19275,65535)  #F8834BFF  srgba(248,131,75,1)
13,14: (64250,33410,15934,65535)  #FA823EFF  srgba(250,130,62,1)
14,14: (64250,51657,13621,65535)  #FAC935FF  srgba(250,201,53,1)
15,14: (64507,35723,12336,65535)  #FB8B30FF  srgba(251,139,48,1)
0,15: (64507,46260,12336,65535)  #FBB430FF  srgba(251,180,48,1)
1,15: (64764,36751,13878,65535)  #FC8F36FF  srgba(252,143,54,1)
2,15: (64764,51657,12593,65535)  #FCC931FF  srgba(252,201,49,1)
3,15: (64764,54484,13621,65535)  #FCD435FF  srgba(252,212,53,1)
4,15: (65021,33153,9509,65535)  #FD8125FF  srgba(253,129,37,1)
5,15: (65021,35980,9766,65535)  #FD8C26FF  srgba(253,140,38,1)
6,15: (65021,40349,10537,65535)  #FD9D29FF  srgba(253,157,41,1)
7,15: (65021,44975,11051,65535)  #FDAF2BFF  srgba(253,175,43,1)
8,15: (65021,49858,15420,65535)  #FDC23CFF  srgba(253,194,60,1)
9,15: (65278,31097,9252,65535)  #FE7924FF  srgba(254,121,36,1)
10,15: (65278,40349,15677,65535)  #FE9D3DFF  srgba(254,157,61,1)
11,15: (65278,41377,12336,65535)  #FEA130FF  srgba(254,161,48,1)
12,15: (65278,44204,13878,65535)  #FEAC36FF  srgba(254,172,54,1)
13,15: (65278,46003,12336,65535)  #FEB330FF  srgba(254,179,48,1)
14,15: (65278,51143,13621,65535)  #FEC735FF  srgba(254,199,53,1)
15,15: (0,65535,0,0)  #00FF0000  srgba(0,255,0,0)
