# ImageMagick pixel enumeration: 16,16,65535,srgba
0,0: (0,0,0,65535)  #000000FF  black
1,0: (0,0,1028,65535)  #000004FF  srgba(0,0,4,1)
2,0: (0,0,5140,65535)  #000014FF  srgba(0,0,20,1)
3,0: (0,0,8738,65535)  #000022FF  srgba(0,0,34,1)
4,0: (0,0,11822,65535)  #00002EFF  srgba(0,0,46,1)
5,0: (0,0,12850,65535)  #000032FF  srgba(0,0,50,1)
6,0: (0,0,14135,65535)  #000037FF  srgba(0,0,55,1)
7,0: (0,0,15677,65535)  #00003DFF  srgba(0,0,61,1)
8,0: (0,0,16962,65535)  #000042FF  srgba(0,0,66,1)
9,0: (0,0,19532,65535)  #00004CFF  srgba(0,0,76,1)
10,0: (0,0,20817,65535)  #000051FF  srgba(0,0,81,1)
11,0: (0,0,22873,65535)  #000059FF  srgba(0,0,89,1)
12,0: (0,0,25186,65535)  #000062FF  srgba(0,0,98,1)
13,0: (0,0,29555,65535)  #000073FF  srgba(0,0,115,1)
14,0: (0,0,30840,65535)  #000078FF  srgba(0,0,120,1)
15,0: (0,0,35723,65535)  #00008BFF  DarkBlue
0,1: (0,0,35980,65535)  #00008CFF  srgba(0,0,140,1)
1,1: (0,0,41120,65535)  #0000A0FF  srgba(0,0,160,1)
2,1: (0,0,44975,65535)  #0000AFFF  srgba(0,0,175,1)
3,1: (0,257,45489,65535)  #0001B1FF  srgba(0,1,177,1)
4,1: (0,257,47288,65535)  #0001B8FF  srgba(0,1,184,1)
5,1: (0,771,0,65535)  #000300FF  srgba(0,3,0,1)
6,1: (0,4369,0,65535)  #001100FF  srgba(0,17,0,1)
7,1: (0,10280,0,65535)  #002800FF  srgba(0,40,0,1)
8,1: (0,11822,0,65535)  #002E00FF  srgba(0,46,0,1)
9,1: (0,18247,0,65535)  #004700FF  srgba(0,71,0,1)
10,1: (0,23387,0,65535)  #005B00FF  srgba(0,91,0,1)
11,1: (0,28527,0,65535)  #006F00FF  srgba(0,111,0,1)
12,1: (0,33924,257,65535)  #008401FF  srgba(0,132,1,1)
13,1: (0,35723,514,65535)  #008B02FF  srgba(0,139,2,1)
14,1: (0,38550,3341,65535)  #00960DFF  srgba(0,150,13,1)
15,1: (0,40606,2827,65535)  #009E0BFF  srgba(0,158,11,1)
0,2: (0,40863,514,65535)  #009F02FF  srgba(0,159,2,1)
1,2: (0,40863,514,65535)  #009F02FF  srgba(0,159,2,1)
2,2: (0,43690,3598,65535)  #00AA0EFF  srgba(0,170,14,1)
3,2: (0,44461,6425,65535)  #00AD19FF  srgba(0,173,25,1)
4,2: (0,44975,771,65535)  #00AF03FF  srgba(0,175,3,1)
5,2: (0,46003,9252,65535)  #00B324FF  srgba(0,179,36,1)
6,2: (0,46517,771,65535)  #00B503FF  srgba(0,181,3,1)
7,2: (0,47031,771,65535)  #00B703FF  srgba(0,183,3,1)
8,2: (0,47288,3598,65535)  #00B80EFF  srgba(0,184,14,1)
9,2: (0,47545,5654,65535)  #00B916FF  srgba(0,185,22,1)
10,2: (0,48059,2827,65535)  #00BB0BFF  srgba(0,187,11,1)
11,2: (0,48316,3855,65535)  #00BC0FFF  srgba(0,188,15,1)
12,2: (0,48316,4883,65535)  #00BC13FF  srgba(0,188,19,1)
13,2: (0,49344,12336,65535)  #00C030FF  srgba(0,192,48,1)
14,2: (0,49601,7967,65535)  #00C11FFF  srgba(0,193,31,1)
15,2: (0,50115,2827,65535)  #00C30BFF  srgba(0,195,11,1)
0,3: (0,50886,771,65535)  #00C603FF  srgba(0,198,3,1)
1,3: (0,51400,1028,65535)  #00C804FF  srgba(0,200,4,1)
2,3: (0,53456,3598,65535)  #00D00EFF  srgba(0,208,14,1)
3,3: (0,54484,6425,65535)  #00D419FF  srgba(0,212,25,1)
4,3: (0,54741,4112,65535)  #00D510FF  srgba(0,213,16,1)
5,3: (0,54741,5911,65535)  #00D517FF  srgba(0,213,23,1)
6,3: (0,55769,1028,65535)  #00D904FF  srgba(0,217,4,1)
7,3: (0,57311,6425,65535)  #00DF19FF  srgba(0,223,25,1)
8,3: (0,58082,4626,65535)  #00E212FF  srgba(0,226,18,1)
9,3: (0,58596,7967,65535)  #00E41FFF  srgba(0,228,31,1)
10,3: (0,59110,10023,65535)  #00E627FF  srgba(0,230,39,1)
11,3: (0,59881,6682,65535)  #00E91AFF  srgba(0,233,26,1)
12,3: (0,59881,10280,65535)  #00E928FF  srgba(0,233,40,1)
13,3: (0,60138,8224,65535)  #00EA20FF  srgba(0,234,32,1)
14,3: (0,60395,11565,65535)  #00EB2DFF  srgba(0,235,45,1)
15,3: (0,60652,9252,65535)  #00EC24FF  srgba(0,236,36,1)
0,4: (0,60652,12850,65535)  #00EC32FF  srgba(0,236,50,1)
1,4: (257,0,12336,65535)  #010030FF  srgba(1,0,48,1)
2,4: (257,0,21331,65535)  #010053FF  srgba(1,0,83,1)
3,4: (257,0,34181,65535)  #010085FF  srgba(1,0,133,1)
4,4: (257,0,48830,65535)  #0100BEFF  srgba(1,0,190,1)
5,4: (257,257,257,65535)  #010101FF  srgba(1,1,1,1)
6,4: (257,257,29298,65535)  #010172FF  srgba(1,1,114,1)
7,4: (257,257,49858,65535)  #0101C2FF  srgba(1,1,194,1)
8,4: (257,514,257,65535)  #010201FF  srgba(1,2,1,1)
9,4: (257,771,45489,65535)  #0103B1FF  srgba(1,3,177,1)
10,4: (257,2570,257,65535)  #010A01FF  srgba(1,10,1,1)
11,4: (257,21845,514,65535)  #015502FF  srgba(1,85,2,1)
12,4: (257,24415,2827,65535)  #015F0BFF  srgba(1,95,11,1)
13,4: (257,29298,514,65535)  #017202FF  srgba(1,114,2,1)
14,4: (257,29298,1542,65535)  #017206FF  srgba(1,114,6,1)
15,4: (257,35980,771,65535)  #018C03FF  srgba(1,140,3,1)
0,5: (257,41120,3084,65535)  #01A00CFF  srgba(1,160,12,1)
1,5: (257,41377,771,65535)  #01A103FF  srgba(1,161,3,1)
2,5: (257,46003,771,65535)  #01B303FF  srgba(1,179,3,1)
3,5: (257,47031,4112,65535)  #01B710FF  srgba(1,183,16,1)
4,5: (257,47031,6425,65535)  #01B719FF  srgba(1,183,25,1)
5,5: (257,49344,3084,65535)  #01C00CFF  srgba(1,192,12,1)
6,5: (257,52685,1028,65535)  #01CD04FF  srgba(1,205,4,1)
7,5: (257,55769,3855,65535)  #01D90FFF  srgba(1,217,15,1)
8,5: (257,58082,7196,65535)  #01E21CFF  srgba(1,226,28,1)
9,5: (514,0,3855,65535)  #02000FFF  srgba(2,0,15,1)
10,5: (514,0,8224,65535)  #020020FF  srgba(2,0,32,1)
11,5: (514,0,33153,65535)  #020081FF  srgba(2,0,129,1)
12,5: (514,0,53713,65535)  #0200D1FF  srgba(2,0,209,1)
13,5: (514,257,42405,65535)  #0201A5FF  srgba(2,1,165,1)
14,5: (514,514,30840,65535)  #020278FF  srgba(2,2,120,1)
15,5: (514,514,41634,65535)  #0202A2FF  srgba(2,2,162,1)
0,6: (514,514,51143,65535)  #0202C7FF  srgba(2,2,199,1)
1,6: (514,771,37008,65535)  #020390FF  srgba(2,3,144,1)
2,6: (514,771,46260,65535)  #0203B4FF  srgba(2,3,180,1)
3,6: (514,771,48830,65535)  #0203BEFF  srgba(2,3,190,1)
4,6: (514,771,50372,65535)  #0203C4FF  srgba(2,3,196,1)
5,6: (514,771,53970,65535)  #0203D2FF  srgba(2,3,210,1)
6,6: (514,771,57825,65535)  #0203E1FF  srgba(2,3,225,1)
7,6: (514,1028,49344,65535)  #0204C0FF  srgba(2,4,192,1)
8,6: (514,1542,48059,65535)  #0206BBFF  srgba(2,6,187,1)
9,6: (514,1799,1028,65535)  #020704FF  srgba(2,7,4,1)
10,6: (514,3341,17476,65535)  #020D44FF  srgba(2,13,68,1)
11,6: (514,4369,5654,65535)  #021116FF  srgba(2,17,22,1)
12,6: (514,5397,28784,65535)  #021570FF  srgba(2,21,112,1)
13,6: (514,21074,1542,65535)  #025206FF  srgba(2,82,6,1)
14,6: (514,24672,6939,65535)  #02601BFF  srgba(2,96,27,1)
15,6: (514,37265,771,65535)  #029103FF  srgba(2,145,3,1)
0,7: (514,43690,2827,65535)  #02AA0BFF  srgba(2,170,11,1)
1,7: (514,48573,771,65535)  #02BD03FF  srgba(2,189,3,1)
2,7: (514,56797,5911,65535)  #02DD17FF  srgba(2,221,23,1)
3,7: (771,0,1028,65535)  #030004FF  srgba(3,0,4,1)
4,7: (771,1285,38293,65535)  #030595FF  srgba(3,5,149,1)
5,7: (771,1542,37008,65535)  #030690FF  srgba(3,6,144,1)
6,7: (771,9766,1028,65535)  #032604FF  srgba(3,38,4,1)
7,7: (771,44461,5654,65535)  #03AD16FF  srgba(3,173,22,1)
8,7: (1028,0,0,65535)  #040000FF  srgba(4,0,0,1)
9,7: (1028,0,13364,65535)  #040034FF  srgba(4,0,52,1)
10,7: (1028,0,22359,65535)  #040057FF  srgba(4,0,87,1)
11,7: (1028,2313,45232,65535)  #0409B0FF  srgba(4,9,176,1)
12,7: (1285,37522,1028,65535)  #059204FF  srgba(5,146,4,1)
13,7: (1285,39064,2827,65535)  #05980BFF  srgba(5,152,11,1)
14,7: (1285,42405,7967,65535)  #05A51FFF  srgba(5,165,31,1)
15,7: (1285,48573,1028,65535)  #05BD04FF  srgba(5,189,4,1)
0,8: (1285,52428,3084,65535)  #05CC0CFF  srgba(5,204,12,1)
1,8: (1285,57054,8224,65535)  #05DE20FF  srgba(5,222,32,1)
2,8: (1542,0,34181,65535)  #060085FF  srgba(6,0,133,1)
3,8: (1542,1028,61166,65535)  #0604EEFF  srgba(6,4,238,1)
4,8: (1542,1285,63736,65535)  #0605F8FF  srgba(6,5,248,1)
5,8: (1542,1542,57311,65535)  #0606DFFF  srgba(6,6,223,1)
6,8: (1799,771,54741,65535)  #0703D5FF  srgba(7,3,213,1)
7,8: (1799,1028,58596,65535)  #0704E4FF  srgba(7,4,228,1)
8,8: (1799,1799,61680,65535)  #0707F0FF  srgba(7,7,240,1)
9,8: (2313,0,0,65535)  #090000FF  srgba(9,0,0,1)
10,8: (2570,771,50115,65535)  #0A03C3FF  srgba(10,3,195,1)
11,8: (2827,514,45746,65535)  #0B02B2FF  srgba(11,2,178,1)
12,8: (2827,1028,57568,65535)  #0B04E0FF  srgba(11,4,224,1)
13,8: (2827,47545,2570,65535)  #0BB90AFF  srgba(11,185,10,1)
14,8: (3084,771,37779,65535)  #0C0393FF  srgba(12,3,147,1)
15,8: (3084,1285,61680,65535)  #0C05F0FF  srgba(12,5,240,1)
0,9: (3084,1285,64250,65535)  #0C05FAFF  srgba(12,5,250,1)
1,9: (3084,7196,2827,65535)  #0C1C0BFF  srgba(12,28,11,1)
2,9: (3084,35980,2570,65535)  #0C8C0AFF  srgba(12,140,10,1)
3,9: (3341,0,0,65535)  #0D0000FF  srgba(13,0,0,1)
4,9: (3341,0,514,65535)  #0D0002FF  srgba(13,0,2,1)
5,9: (3598,0,16448,65535)  #0E0040FF  srgba(14,0,64,1)
6,9: (3598,1542,37522,65535)  #0E0692FF  srgba(14,6,146,1)
7,9: (3598,1542,65535,65535)  #0E06FFFF  srgba(14,6,255,1)
8,9: (3598,42919,6682,65535)  #0EA71AFF  srgba(14,167,26,1)
9,9: (3598,56283,17990,65535)  #0EDB46FF  srgba(14,219,70,1)
10,9: (3855,0,4112,65535)  #0F0010FF  srgba(15,0,16,1)
11,9: (3855,1285,57311,65535)  #0F05DFFF  srgba(15,5,223,1)
12,9: (3855,1285,62708,65535)  #0F05F4FF  srgba(15,5,244,1)
13,9: (3855,1542,49344,65535)  #0F06C0FF  srgba(15,6,192,1)
14,9: (3855,1542,65021,65535)  #0F06FDFF  srgba(15,6,253,1)
15,9: (3855,26471,3341,65535)  #0F670DFF  srgba(15,103,13,1)
0,10: (3855,39578,14906,65535)  #0F9A3AFF  srgba(15,154,58,1)
1,10: (4112,1799,64250,65535)  #1007FAFF  srgba(16,7,250,1)
2,10: (4112,2313,48316,65535)  #1009BCFF  srgba(16,9,188,1)
3,10: (4112,17476,3341,65535)  #10440DFF  srgba(16,68,13,1)
4,10: (4369,1799,60652,65535)  #1107ECFF  srgba(17,7,236,1)
5,10: (4626,1285,63479,65535)  #1205F7FF  srgba(18,5,247,1)
6,10: (4626,2313,39321,65535)  #120999FF  srgba(18,9,153,1)
7,10: (4626,23130,8738,65535)  #125A22FF  srgba(18,90,34,1)
8,10: (4883,0,0,65535)  #130000FF  srgba(19,0,0,1)
9,10: (4883,20817,17733,65535)  #135145FF  srgba(19,81,69,1)
10,10: (5140,1799,65278,65535)  #1407FEFF  srgba(20,7,254,1)
11,10: (5140,2056,65535,65535)  #1408FFFF  srgba(20,8,255,1)
12,10: (5140,2313,63222,65535)  #1409F6FF  srgba(20,9,246,1)
13,10: (5397,2056,62965,65535)  #1508F5FF  srgba(21,8,245,1)
14,10: (5397,2313,65021,65535)  #1509FDFF  srgba(21,9,253,1)
15,10: (5654,2313,65021,65535)  #1609FDFF  srgba(22,9,253,1)
0,11: (5654,2313,65535,65535)  #1609FFFF  srgba(22,9,255,1)
1,11: (5654,2313,65535,65535)  #1609FFFF  srgba(22,9,255,1)
2,11: (5654,2570,65021,65535)  #160AFDFF  srgba(22,10,253,1)
3,11: (5654,3084,62708,65535)  #160CF4FF  srgba(22,12,244,1)
4,11: (5654,4369,41634,65535)  #1611A2FF  srgba(22,17,162,1)
5,11: (5911,6682,18761,65535)  #171A49FF  srgba(23,26,73,1)
6,11: (6168,2570,64507,65535)  #180AFBFF  srgba(24,10,251,1)
7,11: (6682,2056,65278,65535)  #1A08FEFF  srgba(26,8,254,1)
8,11: (6682,10023,35466,65535)  #1A278AFF  srgba(26,39,138,1)
9,11: (7196,0,0,65535)  #1C0000FF  srgba(28,0,0,1)
10,11: (7196,1799,2056,65535)  #1C0708FF  srgba(28,7,8,1)
11,11: (7196,6939,4112,65535)  #1C1B10FF  srgba(28,27,16,1)
12,11: (7196,8224,8224,65535)  #1C2020FF  srgba(28,32,32,1)
13,11: (7453,1028,20303,65535)  #1D044FFF  srgba(29,4,79,1)
14,11: (7453,2827,65278,65535)  #1D0BFEFF  srgba(29,11,254,1)
15,11: (7710,514,1028,65535)  #1E0204FF  srgba(30,2,4,1)
0,12: (7710,3084,63479,65535)  #1E0CF7FF  srgba(30,12,247,1)
1,12: (7710,39835,7967,65535)  #1E9B1FFF  srgba(30,155,31,1)
2,12: (7967,4369,62965,65535)  #1F11F5FF  srgba(31,17,245,1)
3,12: (8224,40349,19018,65535)  #209D4AFF  srgba(32,157,74,1)
4,12: (8224,59110,24672,65535)  #20E660FF  srgba(32,230,96,1)
5,12: (8481,5140,60909,65535)  #2114EDFF  srgba(33,20,237,1)
6,12: (9252,0,7196,65535)  #24001CFF  srgba(36,0,28,1)
7,12: (9509,0,2313,65535)  #250009FF  srgba(37,0,9,1)
8,12: (9766,0,514,65535)  #260002FF  srgba(38,0,2,1)
9,12: (10023,0,0,65535)  #270000FF  srgba(39,0,0,1)
10,12: (10023,771,12336,65535)  #270330FF  srgba(39,3,48,1)
11,12: (10280,7453,59881,65535)  #281DE9FF  srgba(40,29,233,1)
12,12: (10537,0,14135,65535)  #290037FF  srgba(41,0,55,1)
13,12: (10794,20303,9252,65535)  #2A4F24FF  srgba(42,79,36,1)
14,12: (11565,21074,33667,65535)  #2D5283FF  srgba(45,82,131,1)
15,12: (12593,0,0,65535)  #310000FF  srgba(49,0,0,1)
0,13: (13621,771,8224,65535)  #350320FF  srgba(53,3,32,1)
1,13: (13621,22616,17476,65535)  #355844FF  srgba(53,88,68,1)
2,13: (13621,49344,17476,65535)  #35C044FF  srgba(53,192,68,1)
3,13: (13621,57054,33153,65535)  #35DE81FF  srgba(53,222,129,1)
4,13: (14392,35980,15677,65535)  #388C3DFF  srgba(56,140,61,1)
5,13: (15163,0,0,65535)  #3B0000FF  srgba(59,0,0,1)
6,13: (15420,514,1285,65535)  #3C0205FF  srgba(60,2,5,1)
7,13: (15677,0,514,65535)  #3D0002FF  srgba(61,0,2,1)
8,13: (15677,0,5397,65535)  #3D0015FF  srgba(61,0,21,1)
9,13: (15677,1542,1799,65535)  #3D0607FF  srgba(61,6,7,1)
10,13: (16705,5140,8995,65535)  #411423FF  srgba(65,20,35,1)
11,13: (17476,4369,3341,65535)  #44110DFF  srgba(68,17,13,1)
12,13: (17733,1285,13621,65535)  #450535FF  srgba(69,5,53,1)
13,13: (17733,3855,15420,65535)  #450F3CFF  srgba(69,15,60,1)
14,13: (18504,0,0,65535)  #480000FF  srgba(72,0,0,1)
15,13: (18761,55512,35980,65535)  #49D88CFF  srgba(73,216,140,1)
0,14: (19275,514,1028,65535)  #4B0204FF  srgba(75,2,4,1)
1,14: (19789,0,2056,65535)  #4D0008FF  srgba(77,0,8,1)
2,14: (20303,1028,8224,65535)  #4F0420FF  srgba(79,4,32,1)
3,14: (20560,1542,1542,65535)  #500606FF  srgba(80,6,6,1)
4,14: (21331,0,0,65535)  #530000FF  srgba(83,0,0,1)
5,14: (22873,0,2056,65535)  #590008FF  srgba(89,0,8,1)
6,14: (24158,0,0,65535)  #5E0000FF  srgba(94,0,0,1)
7,14: (24929,514,1542,65535)  #610206FF  srgba(97,2,6,1)
8,14: (24929,2056,1542,65535)  #610806FF  srgba(97,8,6,1)
9,14: (25700,54227,38036,65535)  #64D394FF  srgba(100,211,148,1)
10,14: (26471,1028,7453,65535)  #67041DFF  srgba(103,4,29,1)
11,14: (27499,3084,7710,65535)  #6B0C1EFF  srgba(107,12,30,1)
12,14: (27499,52942,55769,65535)  #6BCED9FF  srgba(107,206,217,1)
13,14: (28013,0,0,65535)  #6D0000FF  srgba(109,0,0,1)
14,14: (28013,0,2570,65535)  #6D000AFF  srgba(109,0,10,1)
15,14: (29041,6682,20303,65535)  #711A4FFF  srgba(113,26,79,1)
0,15: (29298,2570,10794,65535)  #720A2AFF  srgba(114,10,42,1)
1,15: (30069,1799,2313,65535)  #750709FF  srgba(117,7,9,1)
2,15: (32382,4369,15677,65535)  #7E113DFF  srgba(126,17,61,1)
3,15: (33667,0,0,65535)  #830000FF  srgba(131,0,0,1)
4,15: (33667,2570,7710,65535)  #830A1EFF  srgba(131,10,30,1)
5,15: (33667,3598,14392,65535)  #830E38FF  srgba(131,14,56,1)
6,15: (33924,3084,13107,65535)  #840C33FF  srgba(132,12,51,1)
7,15: (34181,2056,2313,65535)  #850809FF  srgba(133,8,9,1)
8,15: (36494,3084,11051,65535)  #8E0C2BFF  srgba(142,12,43,1)
9,15: (40092,2313,2570,65535)  #9C090AFF  srgba(156,9,10,1)
10,15: (40349,3341,7967,65535)  #9D0D1FFF  srgba(157,13,31,1)
11,15: (42919,3855,11051,65535)  #A70F2BFF  srgba(167,15,43,1)
12,15: (44718,3341,14906,65535)  #AE0D3AFF  srgba(174,13,58,1)
13,15: (47802,5140,16191,65535)  #BA143FFF  srgba(186,20,63,1)
14,15: (48316,7710,17219,65535)  #BC1E43FF  srgba(188,30,67,1)
15,15: (0,65535,0,0)  #00FF0000  srgba(0,255,0,0)
