# ImageMagick pixel enumeration: 16,16,65535,srgba
0,0: (0,0,0,65535)  #000000FF  black
1,0: (0,0,514,65535)  #000002FF  srgba(0,0,2,1)
2,0: (0,0,1028,65535)  #000004FF  srgba(0,0,4,1)
3,0: (0,514,2570,65535)  #00020AFF  srgba(0,2,10,1)
4,0: (0,771,0,65535)  #000300FF  srgba(0,3,0,1)
5,0: (0,1542,0,65535)  #000600FF  srgba(0,6,0,1)
6,0: (0,2056,514,65535)  #000802FF  srgba(0,8,2,1)
7,0: (0,4626,0,65535)  #001200FF  srgba(0,18,0,1)
8,0: (0,4626,514,65535)  #001202FF  srgba(0,18,2,1)
9,0: (0,5397,0,65535)  #001500FF  srgba(0,21,0,1)
10,0: (0,6682,0,65535)  #001A00FF  srgba(0,26,0,1)
11,0: (0,7196,771,65535)  #001C03FF  srgba(0,28,3,1)
12,0: (0,7710,0,65535)  #001E00FF  srgba(0,30,0,1)
13,0: (0,8995,0,65535)  #002300FF  srgba(0,35,0,1)
14,0: (0,9252,0,65535)  #002400FF  srgba(0,36,0,1)
15,0: (0,10023,514,65535)  #002702FF  srgba(0,39,2,1)
0,1: (0,10537,0,65535)  #002900FF  srgba(0,41,0,1)
1,1: (0,11565,0,65535)  #002D00FF  srgba(0,45,0,1)
2,1: (0,13621,0,65535)  #003500FF  srgba(0,53,0,1)
3,1: (0,16705,0,65535)  #004100FF  srgba(0,65,0,1)
4,1: (0,19789,0,65535)  #004D00FF  srgba(0,77,0,1)
5,1: (0,23130,0,65535)  #005A00FF  srgba(0,90,0,1)
6,1: (0,30326,0,65535)  #007600FF  srgba(0,118,0,1)
7,1: (257,0,0,65535)  #010000FF  srgba(1,0,0,1)
8,1: (257,0,1799,65535)  #010007FF  srgba(1,0,7,1)
9,1: (257,257,257,65535)  #010101FF  srgba(1,1,1,1)
10,1: (257,1028,514,65535)  #010402FF  srgba(1,4,2,1)
11,1: (257,1799,0,65535)  #010700FF  srgba(1,7,0,1)
12,1: (257,4112,514,65535)  #011002FF  srgba(1,16,2,1)
13,1: (257,4883,0,65535)  #011300FF  srgba(1,19,0,1)
14,1: (257,6682,514,65535)  #011A02FF  srgba(1,26,2,1)
15,1: (257,7453,0,65535)  #011D00FF  srgba(1,29,0,1)
0,2: (257,8224,0,65535)  #012000FF  srgba(1,32,0,1)
1,2: (257,10280,514,65535)  #012802FF  srgba(1,40,2,1)
2,2: (257,14906,0,65535)  #013A00FF  srgba(1,58,0,1)
3,2: (257,15163,771,65535)  #013B03FF  srgba(1,59,3,1)
4,2: (257,15677,2827,65535)  #013D0BFF  srgba(1,61,11,1)
5,2: (257,22359,2827,65535)  #01570BFF  srgba(1,87,11,1)
6,2: (257,27242,4369,65535)  #016A11FF  srgba(1,106,17,1)
7,2: (514,0,4369,65535)  #020011FF  srgba(2,0,17,1)
8,2: (514,1542,771,65535)  #020603FF  srgba(2,6,3,1)
9,2: (514,5654,771,65535)  #021603FF  srgba(2,22,3,1)
10,2: (514,6682,3084,65535)  #021A0CFF  srgba(2,26,12,1)
11,2: (514,10023,514,65535)  #022702FF  srgba(2,39,2,1)
12,2: (514,10023,3084,65535)  #02270CFF  srgba(2,39,12,1)
13,2: (514,19789,771,65535)  #024D03FF  srgba(2,77,3,1)
14,2: (514,26471,257,65535)  #026701FF  srgba(2,103,1,1)
15,2: (771,23387,771,65535)  #035B03FF  srgba(3,91,3,1)
0,3: (771,30840,4369,65535)  #037811FF  srgba(3,120,17,1)
1,3: (771,34952,514,65535)  #038802FF  srgba(3,136,2,1)
2,3: (1028,3598,771,65535)  #040E03FF  srgba(4,14,3,1)
3,3: (1028,7967,0,65535)  #041F00FF  srgba(4,31,0,1)
4,3: (1028,10023,771,65535)  #042703FF  srgba(4,39,3,1)
5,3: (1028,15420,1028,65535)  #043C04FF  srgba(4,60,4,1)
6,3: (1028,30326,771,65535)  #047603FF  srgba(4,118,3,1)
7,3: (1285,2827,0,65535)  #050B00FF  srgba(5,11,0,1)
8,3: (1285,38550,1285,65535)  #059605FF  srgba(5,150,5,1)
9,3: (1542,3855,1028,65535)  #060F04FF  srgba(6,15,4,1)
10,3: (1542,9766,1028,65535)  #062604FF  srgba(6,38,4,1)
11,3: (1542,34695,5140,65535)  #068714FF  srgba(6,135,20,1)
12,3: (1799,0,0,65535)  #070000FF  srgba(7,0,0,1)
13,3: (2056,0,7196,65535)  #08001CFF  srgba(8,0,28,1)
14,3: (2056,21845,6168,65535)  #085518FF  srgba(8,85,24,1)
15,3: (2056,35466,10023,65535)  #088A27FF  srgba(8,138,39,1)
0,4: (2313,2313,3341,65535)  #09090DFF  srgba(9,9,13,1)
1,4: (2313,21845,3084,65535)  #09550CFF  srgba(9,85,12,1)
2,4: (2313,22616,8224,65535)  #095820FF  srgba(9,88,32,1)
3,4: (2313,28013,8481,65535)  #096D21FF  srgba(9,109,33,1)
4,4: (2570,0,771,65535)  #0A0003FF  srgba(10,0,3,1)
5,4: (2570,0,2570,65535)  #0A000AFF  srgba(10,0,10,1)
6,4: (2570,15420,3084,65535)  #0A3C0CFF  srgba(10,60,12,1)
7,4: (2570,31611,8481,65535)  #0A7B21FF  srgba(10,123,33,1)
8,4: (2827,27242,4369,65535)  #0B6A11FF  srgba(11,106,17,1)
9,4: (3084,2056,7967,65535)  #0C081FFF  srgba(12,8,31,1)
10,4: (3084,15934,5911,65535)  #0C3E17FF  srgba(12,62,23,1)
11,4: (3084,21331,10023,65535)  #0C5327FF  srgba(12,83,39,1)
12,4: (3341,7710,1028,65535)  #0D1E04FF  srgba(13,30,4,1)
13,4: (3341,41634,4626,65535)  #0DA212FF  srgba(13,162,18,1)
14,4: (3598,0,0,65535)  #0E0000FF  srgba(14,0,0,1)
15,4: (3598,10280,4112,65535)  #0E2810FF  srgba(14,40,16,1)
0,5: (3598,29555,11051,65535)  #0E732BFF  srgba(14,115,43,1)
1,5: (3598,31097,4626,65535)  #0E7912FF  srgba(14,121,18,1)
2,5: (3855,0,9252,65535)  #0F0024FF  srgba(15,0,36,1)
3,5: (3855,5911,3855,65535)  #0F170FFF  srgba(15,23,15,1)
4,5: (3855,17219,8224,65535)  #0F4320FF  srgba(15,67,32,1)
5,5: (3855,21331,12079,65535)  #0F532FFF  srgba(15,83,47,1)
6,5: (3855,38807,5911,65535)  #0F9717FF  srgba(15,151,23,1)
7,5: (4112,3084,1028,65535)  #100C04FF  srgba(16,12,4,1)
8,5: (4112,8995,6939,65535)  #10231BFF  srgba(16,35,27,1)
9,5: (4112,44718,5911,65535)  #10AE17FF  srgba(16,174,23,1)
10,5: (4369,29555,13107,65535)  #117333FF  srgba(17,115,51,1)
11,5: (4626,19018,18247,65535)  #124A47FF  srgba(18,74,71,1)
12,5: (4626,34952,6425,65535)  #128819FF  srgba(18,136,25,1)
13,5: (4883,40606,10537,65535)  #139E29FF  srgba(19,158,41,1)
14,5: (5140,0,1542,65535)  #140006FF  srgba(20,0,6,1)
15,5: (5140,30069,15677,65535)  #14753DFF  srgba(20,117,61,1)
0,6: (5140,35980,12336,65535)  #148C30FF  srgba(20,140,48,1)
1,6: (5654,41120,13878,65535)  #16A036FF  srgba(22,160,54,1)
2,6: (5654,45489,10537,65535)  #16B129FF  srgba(22,177,41,1)
3,6: (5911,35466,10023,65535)  #178A27FF  srgba(23,138,39,1)
4,6: (5911,35466,14906,65535)  #178A3AFF  srgba(23,138,58,1)
5,6: (6168,0,11308,65535)  #18002CFF  srgba(24,0,44,1)
6,6: (6168,46003,14135,65535)  #18B337FF  srgba(24,179,55,1)
7,6: (6682,514,11822,65535)  #1A022EFF  srgba(26,2,46,1)
8,6: (6682,2056,8738,65535)  #1A0822FF  srgba(26,8,34,1)
9,6: (7196,1285,12336,65535)  #1C0530FF  srgba(28,5,48,1)
10,6: (7453,5911,11822,65535)  #1D172EFF  srgba(29,23,46,1)
11,6: (7710,771,3855,65535)  #1E030FFF  srgba(30,3,15,1)
12,6: (7967,0,3341,65535)  #1F000DFF  srgba(31,0,13,1)
13,6: (7967,9509,8224,65535)  #1F2520FF  srgba(31,37,32,1)
14,6: (7967,44718,12336,65535)  #1FAE30FF  srgba(31,174,48,1)
15,6: (8224,37522,11822,65535)  #20922EFF  srgba(32,146,46,1)
0,7: (8224,37522,15163,65535)  #20923BFF  srgba(32,146,59,1)
1,7: (8481,45489,15934,65535)  #21B13EFF  srgba(33,177,62,1)
2,7: (8738,1028,14392,65535)  #220438FF  srgba(34,4,56,1)
3,7: (8738,3084,14135,65535)  #220C37FF  srgba(34,12,55,1)
4,7: (8738,3598,15934,65535)  #220E3EFF  srgba(34,14,62,1)
5,7: (8738,17476,6939,65535)  #22441BFF  srgba(34,68,27,1)
6,7: (8995,32639,14135,65535)  #237F37FF  srgba(35,127,55,1)
7,7: (9252,29555,11822,65535)  #24732EFF  srgba(36,115,46,1)
8,7: (9252,37265,19018,65535)  #24914AFF  srgba(36,145,74,1)
9,7: (9509,17476,10023,65535)  #254427FF  srgba(37,68,39,1)
10,7: (9766,31868,7453,65535)  #267C1DFF  srgba(38,124,29,1)
11,7: (10280,0,11308,65535)  #28002CFF  srgba(40,0,44,1)
12,7: (10280,32896,16962,65535)  #288042FF  srgba(40,128,66,1)
13,7: (10537,21331,13107,65535)  #295333FF  srgba(41,83,51,1)
14,7: (10537,26214,6682,65535)  #29661AFF  srgba(41,102,26,1)
15,7: (11051,15677,12850,65535)  #2B3D32FF  srgba(43,61,50,1)
0,8: (11308,0,6425,65535)  #2C0019FF  srgba(44,0,25,1)
1,8: (11308,26471,14135,65535)  #2C6737FF  srgba(44,103,55,1)
2,8: (11565,3084,16705,65535)  #2D0C41FF  srgba(45,12,65,1)
3,8: (11565,9766,11565,65535)  #2D262DFF  srgba(45,38,45,1)
4,8: (11822,1799,6425,65535)  #2E0719FF  srgba(46,7,25,1)
5,8: (11822,2056,9766,65535)  #2E0826FF  srgba(46,8,38,1)
6,8: (11822,17733,22873,65535)  #2E4559FF  srgba(46,69,89,1)
7,8: (11822,29812,24158,65535)  #2E745EFF  srgba(46,116,94,1)
8,8: (12850,33410,20303,65535)  #32824FFF  srgba(50,130,79,1)
9,8: (13364,27242,16962,65535)  #346A42FF  srgba(52,106,66,1)
10,8: (13878,28270,20046,65535)  #366E4EFF  srgba(54,110,78,1)
11,8: (13878,30326,28013,65535)  #36766DFF  srgba(54,118,109,1)
12,8: (14392,1799,8995,65535)  #380723FF  srgba(56,7,35,1)
13,8: (15163,4883,20046,65535)  #3B134EFF  srgba(59,19,78,1)
14,8: (15163,17476,11308,65535)  #3B442CFF  srgba(59,68,44,1)
15,8: (15163,17733,14392,65535)  #3B4538FF  srgba(59,69,56,1)
0,9: (15163,18761,26728,65535)  #3B4968FF  srgba(59,73,104,1)
1,9: (15420,5397,9766,65535)  #3C1526FF  srgba(60,21,38,1)
2,9: (15677,4883,16191,65535)  #3D133FFF  srgba(61,19,63,1)
3,9: (16448,36494,19789,65535)  #408E4DFF  srgba(64,142,77,1)
4,9: (16705,17990,16448,65535)  #414640FF  srgba(65,70,64,1)
5,9: (16705,38807,14649,65535)  #419739FF  srgba(65,151,57,1)
6,9: (16962,7710,20817,65535)  #421E51FF  srgba(66,30,81,1)
7,9: (17219,9252,15934,65535)  #43243EFF  srgba(67,36,62,1)
8,9: (17733,5654,12336,65535)  #451630FF  srgba(69,22,48,1)
9,9: (17990,36751,28013,65535)  #468F6DFF  srgba(70,143,109,1)
10,9: (18247,18504,19018,65535)  #47484AFF  srgba(71,72,74,1)
11,9: (18247,35980,23901,65535)  #478C5DFF  srgba(71,140,93,1)
12,9: (18247,40092,23901,65535)  #479C5DFF  srgba(71,156,93,1)
13,9: (18761,8224,23387,65535)  #49205BFF  srgba(73,32,91,1)
14,9: (19275,42405,19532,65535)  #4BA54CFF  srgba(75,165,76,1)
15,9: (20046,29812,21845,65535)  #4E7455FF  srgba(78,116,85,1)
0,10: (20560,28527,20046,65535)  #506F4EFF  srgba(80,111,78,1)
1,10: (21074,17476,21588,65535)  #524454FF  srgba(82,68,84,1)
2,10: (21074,17733,26471,65535)  #524567FF  srgba(82,69,103,1)
3,10: (21331,8481,23644,65535)  #53215CFF  srgba(83,33,92,1)
4,10: (21588,29298,15420,65535)  #54723CFF  srgba(84,114,60,1)
5,10: (22359,39835,29041,65535)  #579B71FF  srgba(87,155,113,1)
6,10: (22616,8995,16705,65535)  #582341FF  srgba(88,35,65,1)
7,10: (22616,10280,26214,65535)  #582866FF  srgba(88,40,102,1)
8,10: (22616,10794,21588,65535)  #582A54FF  srgba(88,42,84,1)
9,10: (22873,30326,24672,65535)  #597660FF  srgba(89,118,96,1)
10,10: (23387,43176,30583,65535)  #5BA877FF  srgba(91,168,119,1)
11,10: (23901,28013,22359,65535)  #5D6D57FF  srgba(93,109,87,1)
12,10: (24415,17219,23387,65535)  #5F435BFF  srgba(95,67,91,1)
13,10: (25186,15420,20046,65535)  #623C4EFF  srgba(98,60,78,1)
14,10: (25186,15677,28784,65535)  #623D70FF  srgba(98,61,112,1)
15,10: (25186,29298,30326,65535)  #627276FF  srgba(98,114,118,1)
0,11: (25443,11565,28270,65535)  #632D6EFF  srgba(99,45,110,1)
1,11: (25443,37008,28270,65535)  #63906EFF  srgba(99,144,110,1)
2,11: (25957,29298,26214,65535)  #657266FF  srgba(101,114,102,1)
3,11: (26214,11565,20560,65535)  #662D50FF  srgba(102,45,80,1)
4,11: (27499,14649,22359,65535)  #6B3957FF  srgba(107,57,87,1)
5,11: (27499,15163,30069,65535)  #6B3B75FF  srgba(107,59,117,1)
6,11: (28784,29298,30326,65535)  #707276FF  srgba(112,114,118,1)
7,11: (28784,44204,37779,65535)  #70AC93FF  srgba(112,172,147,1)
8,11: (29298,31354,37008,65535)  #727A90FF  srgba(114,122,144,1)
9,11: (29812,15420,24158,65535)  #743C5EFF  srgba(116,60,94,1)
10,11: (30326,28527,26471,65535)  #766F67FF  srgba(118,111,103,1)
11,11: (30583,15934,32896,65535)  #773E80FF  srgba(119,62,128,1)
12,11: (30583,29041,31611,65535)  #77717BFF  srgba(119,113,123,1)
13,11: (30583,37779,32382,65535)  #77937EFF  srgba(119,147,126,1)
14,11: (30840,15677,30069,65535)  #783D75FF  srgba(120,61,117,1)
15,11: (30840,37522,24929,65535)  #789261FF  srgba(120,146,97,1)
0,12: (30840,38293,29555,65535)  #789573FF  srgba(120,149,115,1)
1,12: (31611,20046,35723,65535)  #7B4E8BFF  srgba(123,78,139,1)
2,12: (32125,17219,26985,65535)  #7D4369FF  srgba(125,67,105,1)
3,12: (32125,31354,37265,65535)  #7D7A91FF  srgba(125,122,145,1)
4,12: (32125,41891,28784,65535)  #7DA370FF  srgba(125,163,112,1)
5,12: (32639,19789,29555,65535)  #7F4D73FF  srgba(127,77,115,1)
6,12: (32896,49087,41120,65535)  #80BFA0FF  srgba(128,191,160,1)
7,12: (33153,29041,32125,65535)  #81717DFF  srgba(129,113,125,1)
8,12: (33410,42148,32896,65535)  #82A480FF  srgba(130,164,128,1)
9,12: (33410,44461,38550,65535)  #82AD96FF  srgba(130,173,150,1)
10,12: (33667,32639,39835,65535)  #837F9BFF  srgba(131,127,155,1)
11,12: (33667,33410,36237,65535)  #83828DFF  srgba(131,130,141,1)
12,12: (33924,19532,35980,65535)  #844C8CFF  srgba(132,76,140,1)
13,12: (33924,20046,32896,65535)  #844E80FF  srgba(132,78,128,1)
14,12: (33924,47288,28527,65535)  #84B86FFF  srgba(132,184,111,1)
15,12: (35209,47031,33410,65535)  #89B782FF  srgba(137,183,130,1)
0,13: (35466,20560,37008,65535)  #8A5090FF  srgba(138,80,144,1)
1,13: (35723,20303,30583,65535)  #8B4F77FF  srgba(139,79,119,1)
2,13: (35980,36494,37008,65535)  #8C8E90FF  srgba(140,142,144,1)
3,13: (36494,28270,36751,65535)  #8E6E8FFF  srgba(142,110,143,1)
4,13: (36494,28527,41120,65535)  #8E6FA0FF  srgba(142,111,160,1)
5,13: (36494,37265,42662,65535)  #8E91A6FF  srgba(142,145,166,1)
6,13: (36751,44718,40092,65535)  #8FAE9CFF  srgba(143,174,156,1)
7,13: (36751,50372,39578,65535)  #8FC49AFF  srgba(143,196,154,1)
8,13: (37008,51143,46260,65535)  #90C7B4FF  srgba(144,199,180,1)
9,13: (37779,21331,33153,65535)  #935381FF  srgba(147,83,129,1)
10,13: (37779,21845,36751,65535)  #93558FFF  srgba(147,85,143,1)
11,13: (38036,22359,39321,65535)  #945799FF  srgba(148,87,153,1)
12,13: (38036,28527,32639,65535)  #946F7FFF  srgba(148,111,127,1)
13,13: (38036,37779,32896,65535)  #949380FF  srgba(148,147,128,1)
14,13: (40092,46003,40349,65535)  #9CB39DFF  srgba(156,179,157,1)
15,13: (40349,23387,36494,65535)  #9D5B8EFF  srgba(157,91,142,1)
0,14: (40349,24158,40349,65535)  #9D5E9DFF  srgba(157,94,157,1)
1,14: (40349,28013,41634,65535)  #9D6DA2FF  srgba(157,109,162,1)
2,14: (40349,35466,42662,65535)  #9D8AA6FF  srgba(157,138,166,1)
3,14: (40349,47288,47545,65535)  #9DB8B9FF  srgba(157,184,185,1)
4,14: (40606,34438,37008,65535)  #9E8690FF  srgba(158,134,144,1)
5,14: (40606,53970,41377,65535)  #9ED2A1FF  srgba(158,210,161,1)
6,14: (40863,27242,37779,65535)  #9F6A93FF  srgba(159,106,147,1)
7,14: (40863,54741,48059,65535)  #9FD5BBFF  srgba(159,213,187,1)
8,14: (41120,26214,41377,65535)  #A066A1FF  srgba(160,102,161,1)
9,14: (41891,24158,37779,65535)  #A35E93FF  srgba(163,94,147,1)
10,14: (42405,24672,40092,65535)  #A5609CFF  srgba(165,96,156,1)
11,14: (42662,24929,41891,65535)  #A661A3FF  srgba(166,97,163,1)
12,14: (43176,25957,41891,65535)  #A865A3FF  srgba(168,101,163,1)
13,14: (43176,29298,40606,65535)  #A8729EFF  srgba(168,114,158,1)
14,14: (43690,26214,43690,65535)  #AA66AAFF  srgba(170,102,170,1)
15,14: (43690,42919,38807,65535)  #AAA797FF  srgba(170,167,151,1)
0,15: (43690,48059,48830,65535)  #AABBBEFF  srgba(170,187,190,1)
1,15: (43690,56540,43947,65535)  #AADCABFF  srgba(170,220,171,1)
2,15: (43947,38036,46774,65535)  #AB94B6FF  srgba(171,148,182,1)
3,15: (43947,52428,48573,65535)  #ABCCBDFF  srgba(171,204,189,1)
4,15: (44204,50372,40606,65535)  #ACC49EFF  srgba(172,196,158,1)
5,15: (44204,57825,47031,65535)  #ACE1B7FF  srgba(172,225,183,1)
6,15: (45232,56797,50886,65535)  #B0DDC6FF  srgba(176,221,198,1)
7,15: (47031,57568,47031,65535)  #B7E0B7FF  srgba(183,224,183,1)
8,15: (47802,52685,48830,65535)  #BACDBEFF  srgba(186,205,190,1)
9,15: (48059,57054,51143,65535)  #BBDEC7FF  srgba(187,222,199,1)
10,15: (48830,33924,47288,65535)  #BE84B8FF  srgba(190,132,184,1)
11,15: (49087,52428,55255,65535)  #BFCCD7FF  srgba(191,204,215,1)
12,15: (49858,48059,51914,65535)  #C2BBCAFF  srgba(194,187,202,1)
13,15: (49858,56540,51400,65535)  #C2DCC8FF  srgba(194,220,200,1)
14,15: (51400,41634,50629,65535)  #C8A2C5FF  srgba(200,162,197,1)
15,15: (0,65535,0,0)  #00FF0000  srgba(0,255,0,0)
