# ImageMagick pixel enumeration: 16,16,65535,srgba
0,0: (0,0,0,65535)  #000000FF  black
1,0: (257,6939,0,65535)  #011B00FF  srgba(1,27,0,1)
2,0: (257,11051,0,65535)  #012B00FF  srgba(1,43,0,1)
3,0: (257,17733,0,65535)  #014500FF  srgba(1,69,0,1)
4,0: (257,54227,0,65535)  #01D300FF  srgba(1,211,0,1)
5,0: (514,1542,0,65535)  #020600FF  srgba(2,6,0,1)
6,0: (514,15677,0,65535)  #023D00FF  srgba(2,61,0,1)
7,0: (771,6682,0,65535)  #031A00FF  srgba(3,26,0,1)
8,0: (771,9509,6939,65535)  #03251BFF  srgba(3,37,27,1)
9,0: (771,20046,6939,65535)  #034E1BFF  srgba(3,78,27,1)
10,0: (1028,6425,2313,65535)  #041909FF  srgba(4,25,9,1)
11,0: (1028,7196,771,65535)  #041C03FF  srgba(4,28,3,1)
12,0: (1028,17476,2570,65535)  #04440AFF  srgba(4,68,10,1)
13,0: (1028,38293,0,65535)  #049500FF  srgba(4,149,0,1)
14,0: (1285,2313,0,65535)  #050900FF  srgba(5,9,0,1)
15,0: (1285,15420,771,65535)  #053C03FF  srgba(5,60,3,1)
0,1: (1285,16705,13107,65535)  #054133FF  srgba(5,65,51,1)
1,1: (1799,38293,771,65535)  #079503FF  srgba(7,149,3,1)
2,1: (2056,1285,514,65535)  #080502FF  srgba(8,5,2,1)
3,1: (2056,17990,18504,65535)  #084648FF  srgba(8,70,72,1)
4,1: (2056,45232,0,65535)  #08B000FF  srgba(8,176,0,1)
5,1: (2313,26214,2313,65535)  #096609FF  srgba(9,102,9,1)
6,1: (2313,47545,1542,65535)  #09B906FF  srgba(9,185,6,1)
7,1: (2570,257,0,65535)  #0A0100FF  srgba(10,1,0,1)
8,1: (3084,32896,1542,65535)  #0C8006FF  srgba(12,128,6,1)
9,1: (3855,41634,12336,65535)  #0FA230FF  srgba(15,162,48,1)
10,1: (4626,29298,12336,65535)  #127230FF  srgba(18,114,48,1)
11,1: (4883,38036,12079,65535)  #13942FFF  srgba(19,148,47,1)
12,1: (5397,52171,13364,65535)  #15CB34FF  srgba(21,203,52,1)
13,1: (5654,29555,22616,65535)  #167358FF  srgba(22,115,88,1)
14,1: (5911,15677,0,65535)  #173D00FF  srgba(23,61,0,1)
15,1: (6682,1799,0,65535)  #1A0700FF  srgba(26,7,0,1)
0,2: (6939,0,0,65535)  #1B0000FF  srgba(27,0,0,1)
1,2: (7453,6682,6939,65535)  #1D1A1BFF  srgba(29,26,27,1)
2,2: (8995,257,257,65535)  #230101FF  srgba(35,1,1,1)
3,2: (8995,13364,2570,65535)  #23340AFF  srgba(35,52,10,1)
4,2: (9509,2313,2056,65535)  #250908FF  srgba(37,9,8,1)
5,2: (10023,0,0,65535)  #270000FF  srgba(39,0,0,1)
6,2: (10280,6939,0,65535)  #281B00FF  srgba(40,27,0,1)
7,2: (10280,17733,23387,65535)  #28455BFF  srgba(40,69,91,1)
8,2: (10537,32125,33410,65535)  #297D82FF  srgba(41,125,130,1)
9,2: (10794,0,0,65535)  #2A0000FF  srgba(42,0,0,1)
10,2: (11822,0,514,65535)  #2E0002FF  srgba(46,0,2,1)
11,2: (12336,18504,7196,65535)  #30481CFF  srgba(48,72,28,1)
12,2: (12336,31611,25443,65535)  #307B63FF  srgba(48,123,99,1)
13,2: (12593,30583,1799,65535)  #317707FF  srgba(49,119,7,1)
14,2: (12593,31097,14906,65535)  #31793AFF  srgba(49,121,58,1)
15,2: (12850,18504,31097,65535)  #324879FF  srgba(50,72,121,1)
0,3: (13364,2056,0,65535)  #340800FF  srgba(52,8,0,1)
1,3: (13364,38807,22359,65535)  #349757FF  srgba(52,151,87,1)
2,3: (13621,20046,13364,65535)  #354E34FF  srgba(53,78,52,1)
3,3: (14392,8481,13107,65535)  #382133FF  srgba(56,33,51,1)
4,3: (14392,15934,0,65535)  #383E00FF  srgba(56,62,0,1)
5,3: (14392,38807,4112,65535)  #389710FF  srgba(56,151,16,1)
6,3: (14906,0,0,65535)  #3A0000FF  srgba(58,0,0,1)
7,3: (14906,39321,34695,65535)  #3A9987FF  srgba(58,153,135,1)
8,3: (15420,16191,18761,65535)  #3C3F49FF  srgba(60,63,73,1)
9,3: (15934,3598,771,65535)  #3E0E03FF  srgba(62,14,3,1)
10,3: (15934,44461,5397,65535)  #3EAD15FF  srgba(62,173,21,1)
11,3: (16705,13878,771,65535)  #413603FF  srgba(65,54,3,1)
12,3: (17219,514,771,65535)  #430203FF  srgba(67,2,3,1)
13,3: (18761,38293,48830,65535)  #4995BEFF  srgba(73,149,190,1)
14,3: (19018,0,0,65535)  #4A0000FF  srgba(74,0,0,1)
15,3: (19018,41634,41377,65535)  #4AA2A1FF  srgba(74,162,161,1)
0,4: (19018,52171,5654,65535)  #4ACB16FF  srgba(74,203,22,1)
1,4: (19532,5397,6682,65535)  #4C151AFF  srgba(76,21,26,1)
2,4: (19532,29555,1799,65535)  #4C7307FF  srgba(76,115,7,1)
3,4: (19532,50372,23387,65535)  #4CC45BFF  srgba(76,196,91,1)
4,4: (20046,13621,2570,65535)  #4E350AFF  srgba(78,53,10,1)
5,4: (20046,44204,23644,65535)  #4EAC5CFF  srgba(78,172,92,1)
6,4: (20560,0,0,65535)  #500000FF  srgba(80,0,0,1)
7,4: (21074,1542,2056,65535)  #520608FF  srgba(82,6,8,1)
8,4: (21331,0,514,65535)  #530002FF  srgba(83,0,2,1)
9,4: (21588,7196,0,65535)  #541C00FF  srgba(84,28,0,1)
10,4: (21588,44975,47031,65535)  #54AFB7FF  srgba(84,175,183,1)
11,4: (22102,1542,0,65535)  #560600FF  srgba(86,6,0,1)
12,4: (22102,17476,0,65535)  #564400FF  srgba(86,68,0,1)
13,4: (22616,44975,35466,65535)  #58AF8AFF  srgba(88,175,138,1)
14,4: (22616,49858,39835,65535)  #58C29BFF  srgba(88,194,155,1)
15,4: (22873,39321,22873,65535)  #599959FF  srgba(89,153,89,1)
0,5: (22873,40092,35466,65535)  #599C8AFF  srgba(89,156,138,1)
1,5: (24158,0,0,65535)  #5E0000FF  srgba(94,0,0,1)
2,5: (24415,32639,33924,65535)  #5F7F84FF  srgba(95,127,132,1)
3,5: (24672,30069,13364,65535)  #607534FF  srgba(96,117,52,1)
4,5: (24672,30326,24415,65535)  #60765FFF  srgba(96,118,95,1)
5,5: (25186,50115,43433,65535)  #62C3A9FF  srgba(98,195,169,1)
6,5: (25443,47031,44204,65535)  #63B7ACFF  srgba(99,183,172,1)
7,5: (25957,44718,4369,65535)  #65AE11FF  srgba(101,174,17,1)
8,5: (26471,38807,3084,65535)  #67970CFF  srgba(103,151,12,1)
9,5: (26728,51143,44461,65535)  #68C7ADFF  srgba(104,199,173,1)
10,5: (26985,42405,55769,65535)  #69A5D9FF  srgba(105,165,217,1)
11,5: (26985,47031,57054,65535)  #69B7DEFF  srgba(105,183,222,1)
12,5: (27242,40606,43433,65535)  #6A9EA9FF  srgba(106,158,169,1)
13,5: (27499,50886,56283,65535)  #6BC6DBFF  srgba(107,198,219,1)
14,5: (28013,28527,1285,65535)  #6D6F05FF  srgba(109,111,5,1)
15,5: (28527,54484,23387,65535)  #6FD45BFF  srgba(111,212,91,1)
0,6: (28784,0,0,65535)  #700000FF  srgba(112,0,0,1)
1,6: (28784,54998,5911,65535)  #70D617FF  srgba(112,214,23,1)
2,6: (29555,1028,1285,65535)  #730405FF  srgba(115,4,5,1)
3,6: (29812,50629,61166,65535)  #74C5EEFF  srgba(116,197,238,1)
4,6: (29812,53456,42148,65535)  #74D0A4FF  srgba(116,208,164,1)
5,6: (29812,53970,54998,65535)  #74D2D6FF  srgba(116,210,214,1)
6,6: (30069,53713,48573,65535)  #75D1BDFF  srgba(117,209,189,1)
7,6: (30583,3855,0,65535)  #770F00FF  srgba(119,15,0,1)
8,6: (30840,17476,2570,65535)  #78440AFF  srgba(120,68,10,1)
9,6: (31354,11308,0,65535)  #7A2C00FF  srgba(122,44,0,1)
10,6: (31354,20303,0,65535)  #7A4F00FF  srgba(122,79,0,1)
11,6: (31611,51657,62708,65535)  #7BC9F4FF  srgba(123,201,244,1)
12,6: (31611,55255,56797,65535)  #7BD7DDFF  srgba(123,215,221,1)
13,6: (34695,52428,64507,65535)  #87CCFBFF  srgba(135,204,251,1)
14,6: (34695,53970,64507,65535)  #87D2FBFF  srgba(135,210,251,1)
15,6: (35209,4883,10537,65535)  #891329FF  srgba(137,19,41,1)
0,7: (35209,7710,2056,65535)  #891E08FF  srgba(137,30,8,1)
1,7: (35466,53970,55512,65535)  #8AD2D8FF  srgba(138,210,216,1)
2,7: (35980,19018,11308,65535)  #8C4A2CFF  srgba(140,74,44,1)
3,7: (35980,56026,64250,65535)  #8CDAFAFF  srgba(140,218,250,1)
4,7: (36237,52685,48830,65535)  #8DCDBEFF  srgba(141,205,190,1)
5,7: (36751,0,0,65535)  #8F0000FF  srgba(143,0,0,1)
6,7: (36751,59624,61680,65535)  #8FE8F0FF  srgba(143,232,240,1)
7,7: (37522,1285,1799,65535)  #920507FF  srgba(146,5,7,1)
8,7: (37522,58853,23130,65535)  #92E55AFF  srgba(146,229,90,1)
9,7: (37779,60909,54484,65535)  #93EDD4FF  srgba(147,237,212,1)
10,7: (38293,47545,63222,65535)  #95B9F6FF  srgba(149,185,246,1)
11,7: (38293,50629,38807,65535)  #95C597FF  srgba(149,197,151,1)
12,7: (38550,5911,21845,65535)  #961755FF  srgba(150,23,85,1)
13,7: (38550,59881,65278,65535)  #96E9FEFF  srgba(150,233,254,1)
14,7: (38807,59110,9509,65535)  #97E625FF  srgba(151,230,37,1)
15,7: (38807,61680,47288,65535)  #97F0B8FF  srgba(151,240,184,1)
0,8: (39064,29041,4112,65535)  #987110FF  srgba(152,113,16,1)
1,8: (39321,17476,2570,65535)  #99440AFF  srgba(153,68,10,1)
2,8: (39578,4369,0,65535)  #9A1100FF  srgba(154,17,0,1)
3,8: (39835,13621,31354,65535)  #9B357AFF  srgba(155,53,122,1)
4,8: (39835,41891,43176,65535)  #9BA3A8FF  srgba(155,163,168,1)
5,8: (40092,42148,53199,65535)  #9CA4CFFF  srgba(156,164,207,1)
6,8: (40349,29812,22873,65535)  #9D7459FF  srgba(157,116,89,1)
7,8: (40606,15420,0,65535)  #9E3C00FF  srgba(158,60,0,1)
8,8: (40606,62965,36751,65535)  #9EF58FFF  srgba(158,245,143,1)
9,8: (41377,28784,0,65535)  #A17000FF  srgba(161,112,0,1)
10,8: (41891,19275,21845,65535)  #A34B55FF  srgba(163,75,85,1)
11,8: (41891,40092,34438,65535)  #A39C86FF  srgba(163,156,134,1)
12,8: (42662,51657,771,65535)  #A6C903FF  srgba(166,201,3,1)
13,8: (42919,29812,12336,65535)  #A77430FF  srgba(167,116,48,1)
14,8: (43176,33410,51143,65535)  #A882C7FF  srgba(168,130,199,1)
15,8: (43433,30326,33924,65535)  #A97684FF  srgba(169,118,132,1)
0,9: (43433,32896,42405,65535)  #A980A5FF  srgba(169,128,165,1)
1,9: (43433,63222,62708,65535)  #A9F6F4FF  srgba(169,246,244,1)
2,9: (44718,41891,21588,65535)  #AEA354FF  srgba(174,163,84,1)
3,9: (44718,63736,65278,65535)  #AEF8FEFF  srgba(174,248,254,1)
4,9: (45746,7453,11051,65535)  #B21D2BFF  srgba(178,29,43,1)
5,9: (46517,19275,11051,65535)  #B54B2BFF  srgba(181,75,43,1)
6,9: (46517,41377,771,65535)  #B5A103FF  srgba(181,161,3,1)
7,9: (46774,37522,17476,65535)  #B69244FF  srgba(182,146,68,1)
8,9: (46774,60652,22616,65535)  #B6EC58FF  srgba(182,236,88,1)
9,9: (47031,4626,2056,65535)  #B71208FF  srgba(183,18,8,1)
10,9: (47031,41377,8224,65535)  #B7A120FF  srgba(183,161,32,1)
11,9: (47288,29812,3855,65535)  #B8740FFF  srgba(184,116,15,1)
12,9: (47802,28527,0,65535)  #BA6F00FF  srgba(186,111,0,1)
13,9: (47802,59881,10023,65535)  #BAE927FF  srgba(186,233,39,1)
14,9: (48059,8738,21845,65535)  #BB2255FF  srgba(187,34,85,1)
15,9: (48059,37522,5140,65535)  #BB9214FF  srgba(187,146,20,1)
0,10: (48316,39321,257,65535)  #BC9901FF  srgba(188,153,1,1)
1,10: (48573,3084,0,65535)  #BD0C00FF  srgba(189,12,0,1)
2,10: (48573,16448,2570,65535)  #BD400AFF  srgba(189,64,10,1)
3,10: (48830,11822,2570,65535)  #BE2E0AFF  srgba(190,46,10,1)
4,10: (48830,37522,0,65535)  #BE9200FF  srgba(190,146,0,1)
5,10: (48830,37779,771,65535)  #BE9303FF  srgba(190,147,3,1)
6,10: (49087,21845,2313,65535)  #BF5509FF  srgba(191,85,9,1)
7,10: (49344,10280,0,65535)  #C02800FF  srgba(192,40,0,1)
8,10: (49344,13621,31611,65535)  #C0357BFF  srgba(192,53,123,1)
9,10: (49601,14392,39578,65535)  #C1389AFF  srgba(193,56,154,1)
10,10: (49858,29812,22102,65535)  #C27456FF  srgba(194,116,86,1)
11,10: (50115,15934,0,65535)  #C33E00FF  srgba(195,62,0,1)
12,10: (50372,25186,0,65535)  #C46200FF  srgba(196,98,0,1)
13,10: (50372,29298,4112,65535)  #C47210FF  srgba(196,114,16,1)
14,10: (50372,29555,12079,65535)  #C4732FFF  srgba(196,115,47,1)
15,10: (50372,32125,257,65535)  #C47D01FF  srgba(196,125,1,1)
0,11: (50629,10794,11051,65535)  #C52A2BFF  srgba(197,42,43,1)
1,11: (50629,19018,11051,65535)  #C54A2BFF  srgba(197,74,43,1)
2,11: (50629,21331,0,65535)  #C55300FF  srgba(197,83,0,1)
3,11: (50886,14906,49344,65535)  #C63AC0FF  srgba(198,58,192,1)
4,11: (51143,10794,22102,65535)  #C72A56FF  srgba(199,42,86,1)
5,11: (51400,19275,22359,65535)  #C84B57FF  srgba(200,75,87,1)
6,11: (52171,15163,31611,65535)  #CB3B7BFF  srgba(203,59,123,1)
7,11: (54227,19789,2056,65535)  #D34D08FF  srgba(211,77,8,1)
8,11: (54998,28270,28013,65535)  #D66E6DFF  srgba(214,110,109,1)
9,11: (55255,19018,22359,65535)  #D74A57FF  srgba(215,74,87,1)
10,11: (55255,25957,3341,65535)  #D7650DFF  srgba(215,101,13,1)
11,11: (55512,39321,27499,65535)  #D8996BFF  srgba(216,153,107,1)
12,11: (56026,7453,2313,65535)  #DA1D09FF  srgba(218,29,9,1)
13,11: (56283,32125,3084,65535)  #DB7D0CFF  srgba(219,125,12,1)
14,11: (56797,20817,0,65535)  #DD5100FF  srgba(221,81,0,1)
15,11: (57311,13364,2570,65535)  #DF340AFF  srgba(223,52,10,1)
0,12: (57568,19018,11051,65535)  #E04A2BFF  srgba(224,74,43,1)
1,12: (57825,14649,42405,65535)  #E139A5FF  srgba(225,57,165,1)
2,12: (57825,27499,14392,65535)  #E16B38FF  srgba(225,107,56,1)
3,12: (58082,11051,51400,65535)  #E22BC8FF  srgba(226,43,200,1)
4,12: (58082,29298,0,65535)  #E27200FF  srgba(226,114,0,1)
5,12: (58082,36751,41891,65535)  #E28FA3FF  srgba(226,143,163,1)
6,12: (58339,28013,41891,65535)  #E36DA3FF  srgba(227,109,163,1)
7,12: (58596,24929,0,65535)  #E46100FF  srgba(228,97,0,1)
8,12: (58596,47802,0,65535)  #E4BA00FF  srgba(228,186,0,1)
9,12: (58853,36237,14649,65535)  #E58D39FF  srgba(229,141,57,1)
10,12: (58853,37779,2570,65535)  #E5930AFF  srgba(229,147,10,1)
11,12: (58853,42662,2827,65535)  #E5A60BFF  srgba(229,166,11,1)
12,12: (59110,10280,32639,65535)  #E6287FFF  srgba(230,40,127,1)
13,12: (59110,19532,32639,65535)  #E64C7FFF  srgba(230,76,127,1)
14,12: (59110,38293,0,65535)  #E69500FF  srgba(230,149,0,1)
15,12: (59110,62708,62965,65535)  #E6F4F5FF  srgba(230,244,245,1)
0,13: (59367,52428,0,65535)  #E7CC00FF  srgba(231,204,0,1)
1,13: (59624,20303,2056,65535)  #E84F08FF  srgba(232,79,8,1)
2,13: (59624,35209,0,65535)  #E88900FF  srgba(232,137,0,1)
3,13: (59881,13107,21845,65535)  #E93355FF  srgba(233,51,85,1)
4,13: (60395,7710,11308,65535)  #EB1E2CFF  srgba(235,30,44,1)
5,13: (60395,12593,11051,65535)  #EB312BFF  srgba(235,49,43,1)
6,13: (60395,49344,2827,65535)  #EBC00BFF  srgba(235,192,11,1)
7,13: (60395,54227,3341,65535)  #EBD30DFF  srgba(235,211,13,1)
8,13: (60652,26214,2827,65535)  #EC660BFF  srgba(236,102,11,1)
9,13: (60652,43176,14649,65535)  #ECA839FF  srgba(236,168,57,1)
10,13: (60909,7453,21845,65535)  #ED1D55FF  srgba(237,29,85,1)
11,13: (60909,7710,0,65535)  #ED1E00FF  srgba(237,30,0,1)
12,13: (60909,21331,0,65535)  #ED5300FF  srgba(237,83,0,1)
13,13: (60909,32125,3084,65535)  #ED7D0CFF  srgba(237,125,12,1)
14,13: (61166,11565,0,65535)  #EE2D00FF  srgba(238,45,0,1)
15,13: (61166,15934,0,65535)  #EE3E00FF  srgba(238,62,0,1)
0,14: (61166,43690,41634,65535)  #EEAAA2FF  srgba(238,170,162,1)
1,14: (61166,60909,16448,65535)  #EEED40FF  srgba(238,237,64,1)
2,14: (61423,20046,54227,65535)  #EF4ED3FF  srgba(239,78,211,1)
3,14: (61423,39064,0,65535)  #EF9800FF  srgba(239,152,0,1)
4,14: (61423,47545,0,65535)  #EFB900FF  srgba(239,185,0,1)
5,14: (61937,33667,0,65535)  #F18300FF  srgba(241,131,0,1)
6,14: (62194,25443,0,65535)  #F26300FF  srgba(242,99,0,1)
7,14: (62194,59367,28270,65535)  #F2E76EFF  srgba(242,231,110,1)
8,14: (62451,21588,0,65535)  #F35400FF  srgba(243,84,0,1)
9,14: (62708,8995,2313,65535)  #F42309FF  srgba(244,35,9,1)
10,14: (62965,13107,2313,65535)  #F53309FF  srgba(245,51,9,1)
11,14: (62965,53199,16705,65535)  #F5CF41FF  srgba(245,207,65,1)
12,14: (62965,60909,50115,65535)  #F5EDC3FF  srgba(245,237,195,1)
13,14: (63222,20046,2056,65535)  #F64E08FF  srgba(246,78,8,1)
14,14: (63222,30069,60395,65535)  #F675EBFF  srgba(246,117,235,1)
15,14: (63222,37779,3855,65535)  #F6930FFF  srgba(246,147,15,1)
0,15: (63222,42662,3598,65535)  #F6A60EFF  srgba(246,166,14,1)
1,15: (63479,26214,3598,65535)  #F7660EFF  srgba(247,102,14,1)
2,15: (63736,31868,4112,65535)  #F87C10FF  srgba(248,124,16,1)
3,15: (63736,49601,17219,65535)  #F8C143FF  srgba(248,193,67,1)
4,15: (63993,18761,11308,65535)  #F9492CFF  srgba(249,73,44,1)
5,15: (63993,18761,21845,65535)  #F94955FF  srgba(249,73,85,1)
6,15: (63993,28270,14135,65535)  #F96E37FF  srgba(249,110,55,1)
7,15: (63993,29555,27499,65535)  #F9736BFF  srgba(249,115,107,1)
8,15: (63993,41891,61937,65535)  #F9A3F1FF  srgba(249,163,241,1)
9,15: (64250,40092,26985,65535)  #FA9C69FF  srgba(250,156,105,1)
10,15: (64250,50886,25700,65535)  #FAC664FF  srgba(250,198,100,1)
11,15: (64507,36237,14135,65535)  #FB8D37FF  srgba(251,141,55,1)
12,15: (64507,59881,39578,65535)  #FBE99AFF  srgba(251,233,154,1)
13,15: (65278,43947,15420,65535)  #FEAB3CFF  srgba(254,171,60,1)
14,15: (65278,57568,28784,65535)  #FEE070FF  srgba(254,224,112,1)
15,15: (0,65535,0,0)  #00FF0000  srgba(0,255,0,0)
