# ImageMagick pixel enumeration: 16,16,65535,srgba
0,0: (0,0,257,65535)  #000001FF  srgba(0,0,1,1)
1,0: (3855,2056,3855,65535)  #0F080FFF  srgba(15,8,15,1)
2,0: (4883,514,0,65535)  #130200FF  srgba(19,2,0,1)
3,0: (17219,11822,7453,65535)  #432E1DFF  srgba(67,46,29,1)
4,0: (19789,514,0,65535)  #4D0200FF  srgba(77,2,0,1)
5,0: (21074,20560,5140,65535)  #525014FF  srgba(82,80,20,1)
6,0: (21331,1799,1799,65535)  #530707FF  srgba(83,7,7,1)
7,0: (25700,14906,23387,65535)  #643A5BFF  srgba(100,58,91,1)
8,0: (26985,24672,26985,65535)  #696069FF  srgba(105,96,105,1)
9,0: (28270,15677,3855,65535)  #6E3D0FFF  srgba(110,61,15,1)
10,0: (28270,28270,1028,65535)  #6E6E04FF  srgba(110,110,4,1)
11,0: (31354,38293,0,65535)  #7A9500FF  srgba(122,149,0,1)
12,0: (31611,771,0,65535)  #7B0300FF  srgba(123,3,0,1)
13,0: (32125,42148,3855,65535)  #7DA40FFF  srgba(125,164,15,1)
14,0: (34438,1285,0,65535)  #860500FF  srgba(134,5,0,1)
15,0: (34438,14392,3855,65535)  #86380FFF  srgba(134,56,15,1)
0,1: (34438,26985,2313,65535)  #866909FF  srgba(134,105,9,1)
1,1: (34952,27499,29041,65535)  #886B71FF  srgba(136,107,113,1)
2,1: (35980,14906,26214,65535)  #8C3A66FF  srgba(140,58,102,1)
3,1: (36494,3084,1542,65535)  #8E0C06FF  srgba(142,12,6,1)
4,1: (36751,40092,257,65535)  #8F9C01FF  srgba(143,156,1,1)
5,1: (37008,42919,6168,65535)  #90A718FF  srgba(144,167,24,1)
6,1: (38807,2570,9252,65535)  #970A24FF  srgba(151,10,36,1)
7,1: (39578,1285,0,65535)  #9A0500FF  srgba(154,5,0,1)
8,1: (40349,17476,3598,65535)  #9D440EFF  srgba(157,68,14,1)
9,1: (40349,28527,257,65535)  #9D6F01FF  srgba(157,111,1,1)
10,1: (40606,16705,257,65535)  #9E4101FF  srgba(158,65,1,1)
11,1: (40606,16705,12336,65535)  #9E4130FF  srgba(158,65,48,1)
12,1: (41120,29041,7196,65535)  #A0711CFF  srgba(160,113,28,1)
13,1: (41377,19018,28013,65535)  #A14A6DFF  srgba(161,74,109,1)
14,1: (41377,30326,49087,65535)  #A176BFFF  srgba(161,118,191,1)
15,1: (41377,40606,1542,65535)  #A19E06FF  srgba(161,158,6,1)
0,2: (41891,9252,25957,65535)  #A32465FF  srgba(163,36,101,1)
1,2: (41891,19275,41377,65535)  #A34BA1FF  srgba(163,75,161,1)
2,2: (41891,28270,28013,65535)  #A36E6DFF  srgba(163,110,109,1)
3,2: (41891,30840,42405,65535)  #A378A5FF  srgba(163,120,165,1)
4,2: (41891,38036,9766,65535)  #A39426FF  srgba(163,148,38,1)
5,2: (41891,42919,23387,65535)  #A3A75BFF  srgba(163,167,91,1)
6,2: (41891,46517,9766,65535)  #A3B526FF  srgba(163,181,38,1)
7,2: (42405,39321,38550,65535)  #A59996FF  srgba(165,153,150,1)
8,2: (43433,40606,44975,65535)  #A99EAFFF  srgba(169,158,175,1)
9,2: (43690,41120,48059,65535)  #AAA0BBFF  srgba(170,160,187,1)
10,2: (44204,11822,59881,65535)  #AC2EE9FF  srgba(172,46,233,1)
11,2: (44204,21588,54998,65535)  #AC54D6FF  srgba(172,84,214,1)
12,2: (44975,31354,62965,65535)  #AF7AF5FF  srgba(175,122,245,1)
13,2: (45232,52942,10280,65535)  #B0CE28FF  srgba(176,206,40,1)
14,2: (45746,39578,61680,65535)  #B29AF0FF  srgba(178,154,240,1)
15,2: (46003,54998,16448,65535)  #B3D640FF  srgba(179,214,64,1)
0,3: (46774,17733,41891,65535)  #B645A3FF  srgba(182,69,163,1)
1,3: (47031,38550,2056,65535)  #B79608FF  srgba(183,150,8,1)
2,3: (47031,41377,38036,65535)  #B7A194FF  srgba(183,161,148,1)
3,3: (47031,42919,23901,65535)  #B7A75DFF  srgba(183,167,93,1)
4,3: (47288,40349,12336,65535)  #B89D30FF  srgba(184,157,48,1)
5,3: (47288,47031,11822,65535)  #B8B72EFF  srgba(184,183,46,1)
6,3: (47545,45489,3855,65535)  #B9B10FFF  srgba(185,177,15,1)
7,3: (48059,16191,27756,65535)  #BB3F6CFF  srgba(187,63,108,1)
8,3: (48059,27242,33667,65535)  #BB6A83FF  srgba(187,106,131,1)
9,3: (48059,27499,23644,65535)  #BB6B5CFF  srgba(187,107,92,1)
10,3: (48316,5911,21845,65535)  #BC1755FF  srgba(188,23,85,1)
11,3: (48316,30069,42405,65535)  #BC75A5FF  srgba(188,117,165,1)
12,3: (48316,30583,62965,65535)  #BC77F5FF  srgba(188,119,245,1)
13,3: (48316,54227,23901,65535)  #BCD35DFF  srgba(188,211,93,1)
14,3: (48573,5911,31868,65535)  #BD177CFF  srgba(189,23,124,1)
15,3: (48830,30840,1285,65535)  #BE7805FF  srgba(190,120,5,1)
0,4: (48830,41377,62965,65535)  #BEA1F5FF  srgba(190,161,245,1)
1,4: (49087,23387,2313,65535)  #BF5B09FF  srgba(191,91,9,1)
2,4: (49087,29812,48830,65535)  #BF74BEFF  srgba(191,116,190,1)
3,4: (49087,42919,52428,65535)  #BFA7CCFF  srgba(191,167,204,1)
4,4: (49087,43947,45489,65535)  #BFABB1FF  srgba(191,171,177,1)
5,4: (49344,7967,41891,65535)  #C01FA3FF  srgba(192,31,163,1)
6,4: (49344,12079,54227,65535)  #C02FD3FF  srgba(192,47,211,1)
7,4: (49344,21331,41634,65535)  #C053A2FF  srgba(192,83,162,1)
8,4: (49344,30583,7967,65535)  #C0771FFF  srgba(192,119,31,1)
9,4: (49344,53199,38036,65535)  #C0CF94FF  srgba(192,207,148,1)
10,4: (49601,3855,1028,65535)  #C10F04FF  srgba(193,15,4,1)
11,4: (49601,10023,1285,65535)  #C12705FF  srgba(193,39,5,1)
12,4: (49601,22873,51143,65535)  #C159C7FF  srgba(193,89,199,1)
13,4: (49858,17219,2313,65535)  #C24309FF  srgba(194,67,9,1)
14,4: (50115,2827,13878,65535)  #C30B36FF  srgba(195,11,54,1)
15,4: (50115,39578,37779,65535)  #C39A93FF  srgba(195,154,147,1)
0,5: (50115,40092,24158,65535)  #C39C5EFF  srgba(195,156,94,1)
1,5: (50115,46517,37265,65535)  #C3B591FF  srgba(195,181,145,1)
2,5: (50115,47031,24672,65535)  #C3B760FF  srgba(195,183,96,1)
3,5: (50372,2313,7710,65535)  #C4091EFF  srgba(196,9,30,1)
4,5: (50372,10280,14906,65535)  #C4283AFF  srgba(196,40,58,1)
5,5: (50629,10023,8995,65535)  #C52723FF  srgba(197,39,35,1)
6,5: (50886,30583,14649,65535)  #C67739FF  srgba(198,119,57,1)
7,5: (50886,54484,10794,65535)  #C6D42AFF  srgba(198,212,42,1)
8,5: (50886,55255,60909,65535)  #C6D7EDFF  srgba(198,215,237,1)
9,5: (50886,56540,16705,65535)  #C6DC41FF  srgba(198,220,65,1)
10,5: (51143,55255,24672,65535)  #C7D760FF  srgba(199,215,96,1)
11,5: (51657,16705,13364,65535)  #C94134FF  srgba(201,65,52,1)
12,5: (51657,22873,12850,65535)  #C95932FF  srgba(201,89,50,1)
13,5: (51914,54227,38550,65535)  #CAD396FF  srgba(202,211,150,1)
14,5: (52428,0,514,65535)  #CC0002FF  srgba(204,0,2,1)
15,5: (52685,28527,47031,65535)  #CD6FB7FF  srgba(205,111,183,1)
0,6: (52685,39064,2313,65535)  #CD9809FF  srgba(205,152,9,1)
1,6: (52942,21074,48830,65535)  #CE52BEFF  srgba(206,82,190,1)
2,6: (53199,20817,43947,65535)  #CF51ABFF  srgba(207,81,171,1)
3,6: (53199,29298,43947,65535)  #CF72ABFF  srgba(207,114,171,1)
4,6: (53199,44461,61166,65535)  #CFADEEFF  srgba(207,173,238,1)
5,6: (53199,45232,3855,65535)  #CFB00FFF  srgba(207,176,15,1)
6,6: (53456,5397,32896,65535)  #D01580FF  srgba(208,21,128,1)
7,6: (53456,5911,23130,65535)  #D0175AFF  srgba(208,23,90,1)
8,6: (53456,12079,43690,65535)  #D02FAAFF  srgba(208,47,170,1)
9,6: (53456,12593,48573,65535)  #D031BDFF  srgba(208,49,189,1)
10,6: (53456,23644,35209,65535)  #D05C89FF  srgba(208,92,137,1)
11,6: (53456,29812,52171,65535)  #D074CBFF  srgba(208,116,203,1)
12,6: (53456,31354,35209,65535)  #D07A89FF  srgba(208,122,137,1)
13,6: (53456,41891,44718,65535)  #D0A3AEFF  srgba(208,163,174,1)
14,6: (53456,47031,12079,65535)  #D0B72FFF  srgba(208,183,47,1)
15,6: (53456,47545,44975,65535)  #D0B9AFFF  srgba(208,185,175,1)
0,7: (53456,53970,45232,65535)  #D0D2B0FF  srgba(208,210,176,1)
1,7: (53456,53970,48316,65535)  #D0D2BCFF  srgba(208,210,188,1)
2,7: (53713,15163,22616,65535)  #D13B58FF  srgba(209,59,88,1)
3,7: (53713,15934,33410,65535)  #D13E82FF  srgba(209,62,130,1)
4,7: (53713,23901,23644,65535)  #D15D5CFF  srgba(209,93,92,1)
5,7: (53713,31354,23644,65535)  #D17A5CFF  srgba(209,122,92,1)
6,7: (53713,40863,12593,65535)  #D19F31FF  srgba(209,159,49,1)
7,7: (53713,42662,47288,65535)  #D1A6B8FF  srgba(209,166,184,1)
8,7: (53713,43433,51400,65535)  #D1A9C8FF  srgba(209,169,200,1)
9,7: (53713,54484,38807,65535)  #D1D497FF  srgba(209,212,151,1)
10,7: (53970,39578,38036,65535)  #D29A94FF  srgba(210,154,148,1)
11,7: (53970,39835,28270,65535)  #D29B6EFF  srgba(210,155,110,1)
12,7: (53970,40349,21331,65535)  #D29D53FF  srgba(210,157,83,1)
13,7: (53970,46774,25186,65535)  #D2B662FF  srgba(210,182,98,1)
14,7: (53970,46774,38036,65535)  #D2B694FF  srgba(210,182,148,1)
15,7: (54227,52942,25700,65535)  #D3CE64FF  srgba(211,206,100,1)
0,8: (54227,59110,24415,65535)  #D3E65FFF  srgba(211,230,95,1)
1,8: (55512,52428,38807,65535)  #D8CC97FF  srgba(216,204,151,1)
2,8: (55769,55769,59624,65535)  #D9D9E8FF  srgba(217,217,232,1)
3,8: (55769,57311,38550,65535)  #D9DF96FF  srgba(217,223,150,1)
4,8: (56026,56026,45232,65535)  #DADAB0FF  srgba(218,218,176,1)
5,8: (56283,56026,48059,65535)  #DBDABBFF  srgba(219,218,187,1)
6,8: (56283,59367,17219,65535)  #DBE743FF  srgba(219,231,67,1)
7,8: (56540,53456,16962,65535)  #DCD042FF  srgba(220,208,66,1)
8,8: (56540,54484,12336,65535)  #DCD430FF  srgba(220,212,48,1)
9,8: (56797,53456,6168,65535)  #DDD018FF  srgba(221,208,24,1)
10,8: (57568,53456,22616,65535)  #E0D058FF  srgba(224,208,88,1)
11,8: (57568,53713,28784,65535)  #E0D170FF  srgba(224,209,112,1)
12,8: (57825,3855,0,65535)  #E10F00FF  srgba(225,15,0,1)
13,8: (57825,8481,33667,65535)  #E12183FF  srgba(225,33,131,1)
14,8: (57825,53456,35466,65535)  #E1D08AFF  srgba(225,208,138,1)
15,8: (57825,53456,42148,65535)  #E1D0A4FF  srgba(225,208,164,1)
0,9: (57825,58082,35466,65535)  #E1E28AFF  srgba(225,226,138,1)
1,9: (57825,58339,41891,65535)  #E1E3A3FF  srgba(225,227,163,1)
2,9: (57825,59881,22102,65535)  #E1E956FF  srgba(225,233,86,1)
3,9: (58082,8224,24672,65535)  #E22060FF  srgba(226,32,96,1)
4,9: (58082,54484,45232,65535)  #E2D4B0FF  srgba(226,212,176,1)
5,9: (58082,59110,28013,65535)  #E2E66DFF  srgba(226,230,109,1)
6,9: (58339,14906,33924,65535)  #E33A84FF  srgba(227,58,132,1)
7,9: (58339,54484,48573,65535)  #E3D4BDFF  srgba(227,212,189,1)
8,9: (58339,56540,59110,65535)  #E3DCE6FF  srgba(227,220,230,1)
9,9: (58339,59624,45489,65535)  #E3E8B1FF  srgba(227,232,177,1)
10,9: (58596,7196,14392,65535)  #E41C38FF  srgba(228,28,56,1)
11,9: (58596,42405,43690,65535)  #E4A5AAFF  srgba(228,165,170,1)
12,9: (58596,46774,43176,65535)  #E4B6A8FF  srgba(228,182,168,1)
13,9: (58596,59624,48830,65535)  #E4E8BEFF  srgba(228,232,190,1)
14,9: (58596,60395,60652,65535)  #E4EBECFF  srgba(228,235,236,1)
15,9: (58853,6168,4626,65535)  #E51812FF  srgba(229,24,18,1)
0,10: (58853,15934,43947,65535)  #E53EABFF  srgba(229,62,171,1)
1,10: (59110,8481,43690,65535)  #E621AAFF  srgba(230,33,170,1)
2,10: (59110,14649,24929,65535)  #E63961FF  srgba(230,57,97,1)
3,10: (59110,16962,3598,65535)  #E6420EFF  srgba(230,66,14,1)
4,10: (59110,46003,45746,65535)  #E6B3B2FF  srgba(230,179,178,1)
5,10: (59367,17219,14906,65535)  #E7433AFF  srgba(231,67,58,1)
6,10: (59367,22102,34695,65535)  #E75687FF  srgba(231,86,135,1)
7,10: (59367,44461,3855,65535)  #E7AD0FFF  srgba(231,173,15,1)
8,10: (59367,44461,44461,65535)  #E7ADADFF  srgba(231,173,173,1)
9,10: (59624,8224,52428,65535)  #E820CCFF  srgba(232,32,204,1)
10,10: (59624,16448,52171,65535)  #E840CBFF  srgba(232,64,203,1)
11,10: (59624,22359,24672,65535)  #E85760FF  srgba(232,87,96,1)
12,10: (59624,23901,43690,65535)  #E85DAAFF  srgba(232,93,170,1)
13,10: (59624,24158,14906,65535)  #E85E3AFF  srgba(232,94,58,1)
14,10: (59624,33667,47288,65535)  #E883B8FF  srgba(232,131,184,1)
15,10: (59624,42405,46774,65535)  #E8A5B6FF  srgba(232,165,182,1)
0,11: (59624,55769,41634,65535)  #E8D9A2FF  srgba(232,217,162,1)
1,11: (59624,56026,35466,65535)  #E8DA8AFF  srgba(232,218,138,1)
2,11: (59881,23901,4369,65535)  #E95D11FF  srgba(233,93,17,1)
3,11: (59881,23901,48316,65535)  #E95DBCFF  srgba(233,93,188,1)
4,11: (59881,31611,18247,65535)  #E97B47FF  srgba(233,123,71,1)
5,11: (59881,31868,35723,65535)  #E97C8BFF  srgba(233,124,139,1)
6,11: (59881,45489,8995,65535)  #E9B123FF  srgba(233,177,35,1)
7,11: (59881,60909,41377,65535)  #E9EDA1FF  srgba(233,237,161,1)
8,11: (59881,61166,34952,65535)  #E9EE88FF  srgba(233,238,136,1)
9,11: (60138,31354,27499,65535)  #EA7A6BFF  srgba(234,122,107,1)
10,11: (60138,31611,42662,65535)  #EA7BA6FF  srgba(234,123,166,1)
11,11: (60138,36237,42919,65535)  #EA8DA7FF  srgba(234,141,167,1)
12,11: (60138,38036,18247,65535)  #EA9447FF  srgba(234,148,71,1)
13,11: (60138,42662,19532,65535)  #EAA64CFF  srgba(234,166,76,1)
14,11: (60138,42919,13621,65535)  #EAA735FF  srgba(234,167,53,1)
15,11: (60138,42919,24415,65535)  #EAA75FFF  srgba(234,167,95,1)
0,12: (60138,47031,24672,65535)  #EAB760FF  srgba(234,183,96,1)
1,12: (60138,47545,13621,65535)  #EAB935FF  srgba(234,185,53,1)
2,12: (60138,54484,45489,65535)  #EAD4B1FF  srgba(234,212,177,1)
3,12: (60138,56540,50372,65535)  #EADCC4FF  srgba(234,220,196,1)
4,12: (60138,59110,46003,65535)  #EAE6B3FF  srgba(234,230,179,1)
5,12: (60138,59110,60652,65535)  #EAE6ECFF  srgba(234,230,236,1)
6,12: (60138,60652,51400,65535)  #EAECC8FF  srgba(234,236,200,1)
7,12: (60395,23644,55769,65535)  #EB5CD9FF  srgba(235,92,217,1)
8,12: (60395,31354,9766,65535)  #EB7A26FF  srgba(235,122,38,1)
9,12: (60395,33667,51143,65535)  #EB83C7FF  srgba(235,131,199,1)
10,12: (60395,38036,35980,65535)  #EB948CFF  srgba(235,148,140,1)
11,12: (60395,41891,49858,65535)  #EBA3C2FF  srgba(235,163,194,1)
12,12: (60395,47288,19532,65535)  #EBB84CFF  srgba(235,184,76,1)
13,12: (60395,61166,60395,65535)  #EBEEEBFF  srgba(235,238,235,1)
14,12: (60395,61423,46260,65535)  #EBEFB4FF  srgba(235,239,180,1)
15,12: (60652,37522,9766,65535)  #EC9226FF  srgba(236,146,38,1)
0,13: (60652,37779,27499,65535)  #EC936BFF  srgba(236,147,107,1)
1,13: (60652,43176,30583,65535)  #ECA877FF  srgba(236,168,119,1)
2,13: (60652,43433,37008,65535)  #ECA990FF  srgba(236,169,144,1)
3,13: (60652,47031,30840,65535)  #ECB778FF  srgba(236,183,120,1)
4,13: (60652,47031,36751,65535)  #ECB78FFF  srgba(236,183,143,1)
5,13: (60652,61423,50372,65535)  #ECEFC4FF  srgba(236,239,196,1)
6,13: (60909,37522,3084,65535)  #ED920CFF  srgba(237,146,12,1)
7,13: (60909,46774,52685,65535)  #EDB6CDFF  srgba(237,182,205,1)
8,13: (60909,47031,48059,65535)  #EDB7BBFF  srgba(237,183,187,1)
9,13: (60909,47031,59624,65535)  #EDB7E8FF  srgba(237,183,232,1)
10,13: (60909,53970,7196,65535)  #EDD21CFF  srgba(237,210,28,1)
11,13: (60909,60138,7196,65535)  #EDEA1CFF  srgba(237,234,28,1)
12,13: (60909,60652,12850,65535)  #EDEC32FF  srgba(237,236,50,1)
13,13: (60909,61423,24158,65535)  #EDEF5EFF  srgba(237,239,94,1)
14,13: (61166,41891,58596,65535)  #EEA3E4FF  srgba(238,163,228,1)
15,13: (61166,53970,13364,65535)  #EED234FF  srgba(238,210,52,1)
0,14: (61166,60909,18761,65535)  #EEED49FF  srgba(238,237,73,1)
1,14: (61166,60909,61680,65535)  #EEEDF0FF  srgba(238,237,240,1)
2,14: (61423,31354,2827,65535)  #EF7A0BFF  srgba(239,122,11,1)
3,14: (61423,33924,59367,65535)  #EF84E7FF  srgba(239,132,231,1)
4,14: (61423,54998,18504,65535)  #EFD648FF  srgba(239,214,72,1)
5,14: (61423,55512,29298,65535)  #EFD872FF  srgba(239,216,114,1)
6,14: (61423,55769,24158,65535)  #EFD95EFF  srgba(239,217,94,1)
7,14: (61423,61166,61166,65535)  #EFEEEEFF  srgba(239,238,238,1)
8,14: (61423,61423,29041,65535)  #EFEF71FF  srgba(239,239,113,1)
9,14: (61423,61423,46003,65535)  #EFEFB3FF  srgba(239,239,179,1)
10,14: (61680,45232,43690,65535)  #F0B0AAFF  srgba(240,176,170,1)
11,14: (61680,58339,41634,65535)  #F0E3A2FF  srgba(240,227,162,1)
12,14: (61680,58853,45489,65535)  #F0E5B1FF  srgba(240,229,177,1)
13,14: (61680,61423,41891,65535)  #F0EFA3FF  srgba(240,239,163,1)
14,14: (61680,61680,37779,65535)  #F0F093FF  srgba(240,240,147,1)
15,14: (61680,61680,56026,65535)  #F0F0DAFF  srgba(240,240,218,1)
0,15: (61937,52942,41891,65535)  #F1CEA3FF  srgba(241,206,163,1)
1,15: (61937,52942,45232,65535)  #F1CEB0FF  srgba(241,206,176,1)
2,15: (61937,58339,35723,65535)  #F1E38BFF  srgba(241,227,139,1)
3,15: (61937,59110,62965,65535)  #F1E6F5FF  srgba(241,230,245,1)
4,15: (61937,61680,33924,65535)  #F1F084FF  srgba(241,240,132,1)
5,15: (61937,61680,49087,65535)  #F1F0BFFF  srgba(241,240,191,1)
6,15: (62194,42148,43176,65535)  #F2A4A8FF  srgba(242,164,168,1)
7,15: (62194,46774,45746,65535)  #F2B6B2FF  srgba(242,182,178,1)
8,15: (62194,48316,43690,65535)  #F2BCAAFF  srgba(242,188,170,1)
9,15: (62194,53456,35466,65535)  #F2D08AFF  srgba(242,208,138,1)
10,15: (62194,59110,48573,65535)  #F2E6BDFF  srgba(242,230,189,1)
11,15: (62194,60395,57825,65535)  #F2EBE1FF  srgba(242,235,225,1)
12,15: (62451,53199,47802,65535)  #F3CFBAFF  srgba(243,207,186,1)
13,15: (62965,58339,57311,65535)  #F5E3DFFF  srgba(245,227,223,1)
14,15: (63222,53713,56797,65535)  #F6D1DDFF  srgba(246,209,221,1)
15,15: (0,65535,0,0)  #00FF0000  srgba(0,255,0,0)
