# ImageMagick pixel enumeration: 16,16,65535,srgba
0,0: (1285,0,3855,65535)  #05000FFF  srgba(5,0,15,1)
1,0: (1542,0,0,65535)  #060000FF  srgba(6,0,0,1)
2,0: (1542,0,12079,65535)  #06002FFF  srgba(6,0,47,1)
3,0: (1542,257,0,65535)  #060100FF  srgba(6,1,0,1)
4,0: (2056,0,18761,65535)  #080049FF  srgba(8,0,73,1)
5,0: (2313,5654,0,65535)  #091600FF  srgba(9,22,0,1)
6,0: (3598,1285,2827,65535)  #0E050BFF  srgba(14,5,11,1)
7,0: (4112,38293,0,65535)  #109500FF  srgba(16,149,0,1)
8,0: (5140,1285,11565,65535)  #14052DFF  srgba(20,5,45,1)
9,0: (5654,7196,2827,65535)  #161C0BFF  srgba(22,28,11,1)
10,0: (6168,19018,0,65535)  #184A00FF  srgba(24,74,0,1)
11,0: (6425,0,3855,65535)  #19000FFF  srgba(25,0,15,1)
12,0: (7196,26214,0,65535)  #1C6600FF  srgba(28,102,0,1)
13,0: (7967,0,0,65535)  #1F0000FF  srgba(31,0,0,1)
14,0: (8995,0,11565,65535)  #23002DFF  srgba(35,0,45,1)
15,0: (11308,19789,2570,65535)  #2C4D0AFF  srgba(44,77,10,1)
0,1: (11565,514,19789,65535)  #2D024DFF  srgba(45,2,77,1)
1,1: (12336,0,3855,65535)  #30000FFF  srgba(48,0,15,1)
2,1: (12593,0,0,65535)  #310000FF  srgba(49,0,0,1)
3,1: (13107,1028,0,65535)  #330400FF  srgba(51,4,0,1)
4,1: (13364,7967,0,65535)  #341F00FF  srgba(52,31,0,1)
5,1: (14135,35209,0,65535)  #378900FF  srgba(55,137,0,1)
6,1: (14135,35209,1799,65535)  #378907FF  srgba(55,137,7,1)
7,1: (16191,27499,2570,65535)  #3F6B0AFF  srgba(63,107,10,1)
8,1: (16448,21845,0,65535)  #405500FF  srgba(64,85,0,1)
9,1: (16705,0,20046,65535)  #41004EFF  srgba(65,0,78,1)
10,1: (17476,2313,2827,65535)  #44090BFF  srgba(68,9,11,1)
11,1: (17476,10280,2827,65535)  #44280BFF  srgba(68,40,11,1)
12,1: (17990,0,0,65535)  #460000FF  srgba(70,0,0,1)
13,1: (18761,0,12079,65535)  #49002FFF  srgba(73,0,47,1)
14,1: (19789,0,26214,65535)  #4D0066FF  srgba(77,0,102,1)
15,1: (20046,0,3341,65535)  #4E000DFF  srgba(78,0,13,1)
0,2: (21588,3598,11822,65535)  #540E2EFF  srgba(84,14,46,1)
1,2: (21588,20303,3341,65535)  #544F0DFF  srgba(84,79,13,1)
2,2: (23387,21331,11565,65535)  #5B532DFF  srgba(91,83,45,1)
3,2: (24415,1028,20817,65535)  #5F0451FF  srgba(95,4,81,1)
4,2: (24672,0,0,65535)  #600000FF  srgba(96,0,0,1)
5,2: (24929,1028,0,65535)  #610400FF  srgba(97,4,0,1)
6,2: (24929,7710,0,65535)  #611E00FF  srgba(97,30,0,1)
7,2: (25186,17990,0,65535)  #624600FF  srgba(98,70,0,1)
8,2: (25186,25957,0,65535)  #626500FF  srgba(98,101,0,1)
9,2: (25443,0,20303,65535)  #63004FFF  srgba(99,0,79,1)
10,2: (26728,0,3598,65535)  #68000EFF  srgba(104,0,14,1)
11,2: (26985,15677,20303,65535)  #693D4FFF  srgba(105,61,79,1)
12,2: (26985,27756,4112,65535)  #696C10FF  srgba(105,108,16,1)
13,2: (27242,35209,3341,65535)  #6A890DFF  srgba(106,137,13,1)
14,2: (27756,10280,3084,65535)  #6C280CFF  srgba(108,40,12,1)
15,2: (28270,20046,3341,65535)  #6E4E0DFF  srgba(110,78,13,1)
0,3: (28527,0,31868,65535)  #6F007CFF  srgba(111,0,124,1)
1,3: (29041,0,11822,65535)  #71002EFF  srgba(113,0,46,1)
2,3: (29041,1799,28784,65535)  #710770FF  srgba(113,7,112,1)
3,3: (29555,0,0,65535)  #730000FF  srgba(115,0,0,1)
4,3: (29555,34181,11565,65535)  #73852DFF  srgba(115,133,45,1)
5,3: (30326,0,26214,65535)  #760066FF  srgba(118,0,102,1)
6,3: (30583,33667,0,65535)  #778300FF  srgba(119,131,0,1)
7,3: (31097,2570,3084,65535)  #790A0CFF  srgba(121,10,12,1)
8,3: (31097,39321,0,65535)  #799900FF  srgba(121,153,0,1)
9,3: (31611,2313,35466,65535)  #7B098AFF  srgba(123,9,138,1)
10,3: (31611,25957,20046,65535)  #7B654EFF  srgba(123,101,78,1)
11,3: (32125,17990,28270,65535)  #7D466EFF  srgba(125,70,110,1)
12,3: (32125,31868,32382,65535)  #7D7C7EFF  srgba(125,124,126,1)
13,3: (32639,257,11822,65535)  #7F012EFF  srgba(127,1,46,1)
14,3: (32896,2313,20303,65535)  #80094FFF  srgba(128,9,79,1)
15,3: (32896,7710,12079,65535)  #801E2FFF  srgba(128,30,47,1)
0,4: (33410,0,4369,65535)  #820011FF  srgba(130,0,17,1)
1,4: (33410,514,0,65535)  #820200FF  srgba(130,2,0,1)
2,4: (33410,38550,19789,65535)  #82964DFF  srgba(130,150,77,1)
3,4: (33667,0,19789,65535)  #83004DFF  srgba(131,0,77,1)
4,4: (33667,0,43176,65535)  #8300A8FF  srgba(131,0,168,1)
5,4: (33667,7710,0,65535)  #831E00FF  srgba(131,30,0,1)
6,4: (33667,17990,0,65535)  #834600FF  srgba(131,70,0,1)
7,4: (33667,44718,0,65535)  #83AE00FF  srgba(131,174,0,1)
8,4: (33924,26728,0,65535)  #846800FF  srgba(132,104,0,1)
9,4: (33924,29041,3855,65535)  #84710FFF  srgba(132,113,15,1)
10,4: (33924,38036,3341,65535)  #84940DFF  srgba(132,148,13,1)
11,4: (34181,22616,12593,65535)  #855831FF  srgba(133,88,49,1)
12,4: (34438,0,0,65535)  #860000FF  srgba(134,0,0,1)
13,4: (34695,2056,45232,65535)  #8708B0FF  srgba(135,8,176,1)
14,4: (34695,16705,41377,65535)  #8741A1FF  srgba(135,65,161,1)
15,4: (34952,10280,3084,65535)  #88280CFF  srgba(136,40,12,1)
0,5: (34952,19789,3598,65535)  #884D0EFF  srgba(136,77,14,1)
1,5: (35209,0,11565,65535)  #89002DFF  srgba(137,0,45,1)
2,5: (35466,16191,20560,65535)  #8A3F50FF  srgba(138,63,80,1)
3,5: (35723,34181,12079,65535)  #8B852FFF  srgba(139,133,47,1)
4,5: (39321,257,13107,65535)  #990133FF  srgba(153,1,51,1)
5,5: (39321,771,1028,65535)  #990304FF  srgba(153,3,4,1)
6,5: (39578,10537,514,65535)  #9A2902FF  srgba(154,41,2,1)
7,5: (39578,10794,9252,65535)  #9A2A24FF  srgba(154,42,36,1)
8,5: (39578,20046,8481,65535)  #9A4E21FF  srgba(154,78,33,1)
9,5: (39578,20560,514,65535)  #9A5002FF  srgba(154,80,2,1)
10,5: (40092,59367,3855,65535)  #9CE70FFF  srgba(156,231,15,1)
11,5: (40349,0,23387,65535)  #9D005BFF  srgba(157,0,91,1)
12,5: (40606,5397,29041,65535)  #9E1571FF  srgba(158,21,113,1)
13,5: (40863,0,32125,65535)  #9F007DFF  srgba(159,0,125,1)
14,5: (40863,31611,14392,65535)  #9F7B38FF  srgba(159,123,56,1)
15,5: (40863,34952,0,65535)  #9F8800FF  srgba(159,136,0,1)
0,6: (41120,1285,55255,65535)  #A005D7FF  srgba(160,5,215,1)
1,6: (41120,15677,29041,65535)  #A03D71FF  srgba(160,61,113,1)
2,6: (41120,28527,0,65535)  #A06F00FF  srgba(160,111,0,1)
3,6: (41120,30840,1542,65535)  #A07806FF  srgba(160,120,6,1)
4,6: (41120,30840,6939,65535)  #A0781BFF  srgba(160,120,27,1)
5,6: (41120,47031,0,65535)  #A0B700FF  srgba(160,183,0,1)
6,6: (41634,1028,43947,65535)  #A204ABFF  srgba(162,4,171,1)
7,6: (41634,13107,55255,65535)  #A233D7FF  srgba(162,51,215,1)
8,6: (41634,38807,0,65535)  #A29700FF  srgba(162,151,0,1)
9,6: (41634,52942,0,65535)  #A2CE00FF  srgba(162,206,0,1)
10,6: (41891,18504,43690,65535)  #A348AAFF  srgba(163,72,170,1)
11,6: (42662,23644,56797,65535)  #A65CDDFF  srgba(166,92,221,1)
12,6: (42919,2313,13364,65535)  #A70934FF  srgba(167,9,52,1)
13,6: (42919,4883,1799,65535)  #A71307FF  srgba(167,19,7,1)
14,6: (43176,27756,24415,65535)  #A86C5FFF  srgba(168,108,95,1)
15,6: (43433,18761,10023,65535)  #A94927FF  srgba(169,73,39,1)
0,7: (43433,19275,771,65535)  #A94B03FF  srgba(169,75,3,1)
1,7: (43433,51914,3084,65535)  #A9CA0CFF  srgba(169,202,12,1)
2,7: (43690,38036,24415,65535)  #AA945FFF  srgba(170,148,95,1)
3,7: (43690,38293,34181,65535)  #AA9585FF  srgba(170,149,133,1)
4,7: (43690,59881,5654,65535)  #AAE916FF  srgba(170,233,22,1)
5,7: (43947,27242,33924,65535)  #AB6A84FF  srgba(171,106,132,1)
6,7: (43947,39064,46003,65535)  #AB98B3FF  srgba(171,152,179,1)
7,7: (44204,31354,60395,65535)  #AC7AEBFF  srgba(172,122,235,1)
8,7: (44204,32125,46260,65535)  #AC7DB4FF  srgba(172,125,180,1)
9,7: (44461,50115,15163,65535)  #ADC33BFF  srgba(173,195,59,1)
10,7: (44718,38036,60138,65535)  #AE94EAFF  srgba(174,148,234,1)
11,7: (44975,0,29812,65535)  #AF0074FF  srgba(175,0,116,1)
12,7: (44975,13621,24929,65535)  #AF3561FF  srgba(175,53,97,1)
13,7: (45232,12850,34695,65535)  #B03287FF  srgba(176,50,135,1)
14,7: (45232,31611,3598,65535)  #B07B0EFF  srgba(176,123,14,1)
15,7: (45232,40863,4112,65535)  #B09F10FF  srgba(176,159,16,1)
0,8: (45489,4112,1799,65535)  #B11007FF  srgba(177,16,7,1)
1,8: (45489,30840,0,65535)  #B17800FF  srgba(177,120,0,1)
2,8: (45489,31868,12850,65535)  #B17C32FF  srgba(177,124,50,1)
3,8: (45489,41377,14649,65535)  #B1A139FF  srgba(177,161,57,1)
4,8: (45489,43690,25443,65535)  #B1AA63FF  srgba(177,170,99,1)
5,8: (45746,2827,13878,65535)  #B20B36FF  srgba(178,11,54,1)
6,8: (45746,43690,38293,65535)  #B2AA95FF  srgba(178,170,149,1)
7,8: (45746,59624,2056,65535)  #B2E808FF  srgba(178,232,8,1)
8,8: (45746,60909,12850,65535)  #B2ED32FF  srgba(178,237,50,1)
9,8: (46517,49858,25443,65535)  #B5C263FF  srgba(181,194,99,1)
10,8: (46774,3598,43947,65535)  #B60EABFF  srgba(182,14,171,1)
11,8: (46774,3598,56283,65535)  #B60EDBFF  srgba(182,14,219,1)
12,8: (46774,19789,6425,65535)  #B64D19FF  srgba(182,77,25,1)
13,8: (46774,44718,49344,65535)  #B6AEC0FF  srgba(182,174,192,1)
14,8: (47802,43176,0,65535)  #BAA800FF  srgba(186,168,0,1)
15,8: (47802,50115,38036,65535)  #BAC394FF  srgba(186,195,148,1)
0,9: (47802,53456,0,65535)  #BAD000FF  srgba(186,208,0,1)
1,9: (48316,46260,63222,65535)  #BCB4F6FF  srgba(188,180,246,1)
2,9: (48316,60395,2827,65535)  #BCEB0BFF  srgba(188,235,11,1)
3,9: (48316,60909,13621,65535)  #BCED35FF  srgba(188,237,53,1)
4,9: (49087,30583,771,65535)  #BF7703FF  srgba(191,119,3,1)
5,9: (49344,51400,50629,65535)  #C0C8C5FF  srgba(192,200,197,1)
6,9: (49601,51143,4369,65535)  #C1C711FF  srgba(193,199,17,1)
7,9: (49858,31354,12593,65535)  #C27A31FF  srgba(194,122,49,1)
8,9: (49858,53456,62708,65535)  #C2D0F4FF  srgba(194,208,244,1)
9,9: (50115,4369,14649,65535)  #C31139FF  srgba(195,17,57,1)
10,9: (50115,34952,60138,65535)  #C388EAFF  srgba(195,136,234,1)
11,9: (50372,2827,35466,65535)  #C40B8AFF  srgba(196,11,138,1)
12,9: (50372,3084,25700,65535)  #C40C64FF  srgba(196,12,100,1)
13,9: (50372,4626,2056,65535)  #C41208FF  srgba(196,18,8,1)
14,9: (50629,22359,44461,65535)  #C557ADFF  srgba(197,87,173,1)
15,9: (50629,22616,57825,65535)  #C558E1FF  srgba(197,88,225,1)
0,10: (50886,51143,14135,65535)  #C6C737FF  srgba(198,199,55,1)
1,10: (51143,16191,30069,65535)  #C73F75FF  srgba(199,63,117,1)
2,10: (51143,34695,45232,65535)  #C787B0FF  srgba(199,135,176,1)
3,10: (51400,5911,43433,65535)  #C817A9FF  srgba(200,23,169,1)
4,10: (51400,60652,4112,65535)  #C8EC10FF  srgba(200,236,16,1)
5,10: (51400,60909,12593,65535)  #C8ED31FF  srgba(200,237,49,1)
6,10: (51657,60652,18504,65535)  #C9EC48FF  srgba(201,236,72,1)
7,10: (52171,6682,56797,65535)  #CB1ADDFF  srgba(203,26,221,1)
8,10: (52171,59110,62194,65535)  #CBE6F2FF  srgba(203,230,242,1)
9,10: (52171,59881,55512,65535)  #CBE9D8FF  srgba(203,233,216,1)
10,10: (52428,19789,2827,65535)  #CC4D0BFF  srgba(204,77,11,1)
11,10: (52428,19789,14135,65535)  #CC4D37FF  srgba(204,77,55,1)
12,10: (52942,59110,45746,65535)  #CEE6B2FF  srgba(206,230,178,1)
13,10: (53713,28270,34695,65535)  #D16E87FF  srgba(209,110,135,1)
14,10: (53713,52942,37779,65535)  #D1CE93FF  srgba(209,206,147,1)
15,10: (53970,46003,37522,65535)  #D2B392FF  srgba(210,179,146,1)
0,11: (53970,46260,25700,65535)  #D2B464FF  srgba(210,180,100,1)
1,11: (54227,28527,24929,65535)  #D36F61FF  srgba(211,111,97,1)
2,11: (54227,53199,25186,65535)  #D3CF62FF  srgba(211,207,98,1)
3,11: (54741,31868,1285,65535)  #D57C05FF  srgba(213,124,5,1)
4,11: (54741,54741,14135,65535)  #D5D537FF  srgba(213,213,55,1)
5,11: (54998,47031,257,65535)  #D6B701FF  srgba(214,183,1,1)
6,11: (54998,53713,57825,65535)  #D6D1E1FF  srgba(214,209,225,1)
7,11: (55255,59881,30840,65535)  #D7E978FF  srgba(215,233,120,1)
8,11: (55512,53713,49344,65535)  #D8D1C0FF  srgba(216,209,192,1)
9,11: (55512,59110,2827,65535)  #D8E60BFF  srgba(216,230,11,1)
10,11: (55512,60138,15677,65535)  #D8EA3DFF  srgba(216,234,61,1)
11,11: (55769,60652,9766,65535)  #D9EC26FF  srgba(217,236,38,1)
12,11: (55769,60652,21331,65535)  #D9EC53FF  srgba(217,236,83,1)
13,11: (56026,47031,58596,65535)  #DAB7E4FF  srgba(218,183,228,1)
14,11: (56283,38036,24672,65535)  #DB9460FF  srgba(219,148,96,1)
15,11: (56283,51657,514,65535)  #DBC902FF  srgba(219,201,2,1)
0,12: (56540,32125,13364,65535)  #DC7D34FF  srgba(220,125,52,1)
1,12: (56540,38036,34181,65535)  #DC9485FF  srgba(220,148,133,1)
2,12: (56540,54227,1028,65535)  #DCD304FF  srgba(220,211,4,1)
3,12: (56797,47031,48573,65535)  #DDB7BDFF  srgba(221,183,189,1)
4,12: (57568,36494,53970,65535)  #E08ED2FF  srgba(224,142,210,1)
5,12: (57568,60395,60138,65535)  #E0EBEAFF  srgba(224,235,234,1)
6,12: (57825,60395,43433,65535)  #E1EBA9FF  srgba(225,235,169,1)
7,12: (58082,35466,62194,65535)  #E28AF2FF  srgba(226,138,242,1)
8,12: (58339,43433,16448,65535)  #E3A940FF  srgba(227,169,64,1)
9,12: (58339,51657,7710,65535)  #E3C91EFF  srgba(227,201,30,1)
10,12: (58339,54741,5911,65535)  #E3D517FF  srgba(227,213,23,1)
11,12: (58339,60652,31611,65535)  #E3EC7BFF  srgba(227,236,123,1)
12,12: (58596,44204,8481,65535)  #E4AC21FF  srgba(228,172,33,1)
13,12: (58853,59881,4369,65535)  #E5E911FF  srgba(229,233,17,1)
14,12: (59110,35980,44975,65535)  #E68CAFFF  srgba(230,140,175,1)
15,12: (59110,60395,53199,65535)  #E6EBCFFF  srgba(230,235,207,1)
0,13: (59110,60652,42919,65535)  #E6ECA7FF  srgba(230,236,167,1)
1,13: (59110,60909,8738,65535)  #E6ED22FF  srgba(230,237,34,1)
2,13: (59110,60909,12850,65535)  #E6ED32FF  srgba(230,237,50,1)
3,13: (59110,61166,17990,65535)  #E6EE46FF  srgba(230,238,70,1)
4,13: (59110,61423,23130,65535)  #E6EF5AFF  srgba(230,239,90,1)
5,13: (59367,50886,16448,65535)  #E7C640FF  srgba(231,198,64,1)
6,13: (59367,61166,34438,65535)  #E7EE86FF  srgba(231,238,134,1)
7,13: (59367,61423,27756,65535)  #E7EF6CFF  srgba(231,239,108,1)
8,13: (59881,61166,34695,65535)  #E9EE87FF  srgba(233,238,135,1)
9,13: (59881,61166,42662,65535)  #E9EEA6FF  srgba(233,238,166,1)
10,13: (59881,61423,28270,65535)  #E9EF6EFF  srgba(233,239,110,1)
11,13: (60138,61423,34438,65535)  #EAEF86FF  srgba(234,239,134,1)
12,13: (60138,61680,28013,65535)  #EAF06DFF  srgba(234,240,109,1)
13,13: (60395,61166,5397,65535)  #EBEE15FF  srgba(235,238,21,1)
14,13: (60395,61423,44975,65535)  #EBEFAFFF  srgba(235,239,175,1)
15,13: (60395,61680,40349,65535)  #EBF09DFF  srgba(235,240,157,1)
0,14: (60395,61937,15420,65535)  #EBF13CFF  srgba(235,241,60,1)
1,14: (60652,45746,1028,65535)  #ECB204FF  srgba(236,178,4,1)
2,14: (60652,62194,20817,65535)  #ECF251FF  srgba(236,242,81,1)
3,14: (60652,62194,24415,65535)  #ECF25FFF  srgba(236,242,95,1)
4,14: (60909,60652,11051,65535)  #EDEC2BFF  srgba(237,236,43,1)
5,14: (60909,60652,16191,65535)  #EDEC3FFF  srgba(237,236,63,1)
6,14: (60909,60909,20046,65535)  #EDED4EFF  srgba(237,237,78,1)
7,14: (60909,61937,44975,65535)  #EDF1AFFF  srgba(237,241,175,1)
8,14: (61166,58596,4369,65535)  #EEE411FF  srgba(238,228,17,1)
9,14: (61166,60652,23644,65535)  #EEEC5CFF  srgba(238,236,92,1)
10,14: (61166,62194,29298,65535)  #EEF272FF  srgba(238,242,114,1)
11,14: (61166,62194,37779,65535)  #EEF293FF  srgba(238,242,147,1)
12,14: (61423,60652,48316,65535)  #EFECBCFF  srgba(239,236,188,1)
13,14: (61423,60909,52685,65535)  #EFEDCDFF  srgba(239,237,205,1)
14,14: (61680,60395,56797,65535)  #F0EBDDFF  srgba(240,235,221,1)
15,14: (61680,60395,60909,65535)  #F0EBEDFF  srgba(240,235,237,1)
0,15: (62194,59881,27499,65535)  #F2E96BFF  srgba(242,233,107,1)
1,15: (62194,60138,44204,65535)  #F2EAACFF  srgba(242,234,172,1)
2,15: (62451,47545,23644,65535)  #F3B95CFF  srgba(243,185,92,1)
3,15: (62451,54741,15163,65535)  #F3D53BFF  srgba(243,213,59,1)
4,15: (62451,59624,31611,65535)  #F3E87BFF  srgba(243,232,123,1)
5,15: (62451,59624,35466,65535)  #F3E88AFF  srgba(243,232,138,1)
6,15: (62451,59624,39578,65535)  #F3E89AFF  srgba(243,232,154,1)
7,15: (62708,47545,30069,65535)  #F4B975FF  srgba(244,185,117,1)
8,15: (62965,48059,38550,65535)  #F5BB96FF  srgba(245,187,150,1)
9,15: (63222,53970,26728,65535)  #F6D268FF  srgba(246,210,104,1)
10,15: (63479,54227,38550,65535)  #F7D396FF  srgba(247,211,150,1)
11,15: (63736,47545,58339,65535)  #F8B9E3FF  srgba(248,185,227,1)
12,15: (63736,53970,57825,65535)  #F8D2E1FF  srgba(248,210,225,1)
13,15: (63993,48059,48316,65535)  #F9BBBCFF  srgba(249,187,188,1)
14,15: (63993,53970,48059,65535)  #F9D2BBFF  srgba(249,210,187,1)
15,15: (0,65535,0,0)  #00FF0000  srgba(0,255,0,0)
