# ImageMagick pixel enumeration: 16,16,65535,srgba
0,0: (0,0,257,65535)  #000001FF  srgba(0,0,1,1)
1,0: (0,41634,30326,65535)  #00A276FF  srgba(0,162,118,1)
2,0: (0,42405,44204,65535)  #00A5ACFF  srgba(0,165,172,1)
3,0: (0,46003,37008,65535)  #00B390FF  srgba(0,179,144,1)
4,0: (514,47545,29041,65535)  #02B971FF  srgba(2,185,113,1)
5,0: (1028,514,1542,65535)  #040206FF  srgba(4,2,6,1)
6,0: (1028,38036,35466,65535)  #04948AFF  srgba(4,148,138,1)
7,0: (1028,42148,40863,65535)  #04A49FFF  srgba(4,164,159,1)
8,0: (1285,3598,53199,65535)  #050ECFFF  srgba(5,14,207,1)
9,0: (1285,24158,35723,65535)  #055E8BFF  srgba(5,94,139,1)
10,0: (1285,42148,37265,65535)  #05A491FF  srgba(5,164,145,1)
11,0: (1542,16191,35723,65535)  #063F8BFF  srgba(6,63,139,1)
12,0: (1542,25957,36237,65535)  #06658DFF  srgba(6,101,141,1)
13,0: (1542,39321,43947,65535)  #0699ABFF  srgba(6,153,171,1)
14,0: (1799,41891,10537,65535)  #07A329FF  srgba(7,163,41,1)
15,0: (2056,46260,43176,65535)  #08B4A8FF  srgba(8,180,168,1)
0,1: (2313,37779,6939,65535)  #09931BFF  srgba(9,147,27,1)
1,1: (2570,46260,46774,65535)  #0AB4B6FF  srgba(10,180,182,1)
2,1: (2827,47545,24158,65535)  #0BB95EFF  srgba(11,185,94,1)
3,1: (3084,39321,47288,65535)  #0C99B8FF  srgba(12,153,184,1)
4,1: (3341,42919,47031,65535)  #0DA7B7FF  srgba(13,167,183,1)
5,1: (3341,49601,36751,65535)  #0DC18FFF  srgba(13,193,143,1)
6,1: (3855,39321,52685,65535)  #0F99CDFF  srgba(15,153,205,1)
7,1: (3855,41891,20303,65535)  #0FA34FFF  srgba(15,163,79,1)
8,1: (4369,42662,49087,65535)  #11A6BFFF  srgba(17,166,191,1)
9,1: (4626,28527,34695,65535)  #126F87FF  srgba(18,111,135,1)
10,1: (4626,42662,53713,65535)  #12A6D1FF  srgba(18,166,209,1)
11,1: (4883,4369,8995,65535)  #131123FF  srgba(19,17,35,1)
12,1: (4883,37522,22359,65535)  #139257FF  srgba(19,146,87,1)
13,1: (4883,47545,49601,65535)  #13B9C1FF  srgba(19,185,193,1)
14,1: (5140,49344,43176,65535)  #14C0A8FF  srgba(20,192,168,1)
15,1: (5397,35466,15677,65535)  #158A3DFF  srgba(21,138,61,1)
0,2: (5397,43176,44204,65535)  #15A8ACFF  srgba(21,168,172,1)
1,2: (6425,42405,29298,65535)  #19A572FF  srgba(25,165,114,1)
2,2: (6682,46774,58082,65535)  #1AB6E2FF  srgba(26,182,226,1)
3,2: (6682,50115,46774,65535)  #1AC3B6FF  srgba(26,195,182,1)
4,2: (6939,24158,49344,65535)  #1B5EC0FF  srgba(27,94,192,1)
5,2: (6939,46260,37008,65535)  #1BB490FF  srgba(27,180,144,1)
6,2: (7196,30326,22873,65535)  #1C7659FF  srgba(28,118,89,1)
7,2: (8738,48573,10794,65535)  #22BD2AFF  srgba(34,189,42,1)
8,2: (10280,50372,37008,65535)  #28C490FF  srgba(40,196,144,1)
9,2: (10537,49087,29298,65535)  #29BF72FF  srgba(41,191,114,1)
10,2: (10794,47802,18247,65535)  #2ABA47FF  srgba(42,186,71,1)
11,2: (11051,42662,38807,65535)  #2BA697FF  srgba(43,166,151,1)
12,2: (11308,29812,50629,65535)  #2C74C5FF  srgba(44,116,197,1)
13,2: (11308,33924,30840,65535)  #2C8478FF  srgba(44,132,120,1)
14,2: (11565,34695,39835,65535)  #2D879BFF  srgba(45,135,155,1)
15,2: (12850,43433,45232,65535)  #32A9B0FF  srgba(50,169,176,1)
0,3: (13364,31097,43433,65535)  #3479A9FF  srgba(52,121,169,1)
1,3: (13621,9509,13621,65535)  #352535FF  srgba(53,37,53,1)
2,3: (14649,48573,23644,65535)  #39BD5CFF  srgba(57,189,92,1)
3,3: (15677,47802,43176,65535)  #3DBAA8FF  srgba(61,186,168,1)
4,3: (15934,24672,35466,65535)  #3E608AFF  srgba(62,96,138,1)
5,3: (15934,47545,36751,65535)  #3EB98FFF  srgba(62,185,143,1)
6,3: (15934,52428,43176,65535)  #3ECCA8FF  srgba(62,204,168,1)
7,3: (16191,43433,48830,65535)  #3FA9BEFF  srgba(63,169,190,1)
8,3: (16448,5654,53456,65535)  #4016D0FF  srgba(64,22,208,1)
9,3: (16448,52171,36751,65535)  #40CB8FFF  srgba(64,203,143,1)
10,3: (16705,42148,15420,65535)  #41A43CFF  srgba(65,164,60,1)
11,3: (16705,45746,47545,65535)  #41B2B9FF  srgba(65,178,185,1)
12,3: (16705,46774,56283,65535)  #41B6DBFF  srgba(65,182,219,1)
13,3: (16962,13364,21845,65535)  #423455FF  srgba(66,52,85,1)
14,3: (16962,43176,54484,65535)  #42A8D4FF  srgba(66,168,212,1)
15,3: (16962,51914,46774,65535)  #42CAB6FF  srgba(66,202,182,1)
0,4: (16962,51914,49601,65535)  #42CAC1FF  srgba(66,202,193,1)
1,4: (17476,35723,10794,65535)  #448B2AFF  srgba(68,139,42,1)
2,4: (17476,42662,24415,65535)  #44A65FFF  srgba(68,166,95,1)
3,4: (17476,49858,59367,65535)  #44C2E7FF  srgba(68,194,231,1)
4,4: (18247,33410,21845,65535)  #478255FF  srgba(71,130,85,1)
5,4: (18504,24415,50886,65535)  #485FC6FF  srgba(72,95,198,1)
6,4: (18761,42405,38807,65535)  #49A597FF  srgba(73,165,151,1)
7,4: (19275,42662,31097,65535)  #4BA679FF  srgba(75,166,121,1)
8,4: (19275,43176,45232,65535)  #4BA8B0FF  srgba(75,168,176,1)
9,4: (19532,37522,44461,65535)  #4C92ADFF  srgba(76,146,173,1)
10,4: (19789,16448,46517,65535)  #4D40B5FF  srgba(77,64,181,1)
11,4: (19789,35723,39578,65535)  #4D8B9AFF  srgba(77,139,154,1)
12,4: (20046,35466,30840,65535)  #4E8A78FF  srgba(78,138,120,1)
13,4: (20303,29812,50372,65535)  #4F74C4FF  srgba(79,116,196,1)
14,4: (20560,4626,34695,65535)  #501287FF  srgba(80,18,135,1)
15,4: (21074,38550,55255,65535)  #5296D7FF  srgba(82,150,215,1)
0,5: (21331,38807,48573,65535)  #5397BDFF  srgba(83,151,189,1)
1,5: (21331,47802,29041,65535)  #53BA71FF  srgba(83,186,113,1)
2,5: (21588,8738,14135,65535)  #542237FF  srgba(84,34,55,1)
3,5: (21588,47545,36751,65535)  #54B98FFF  srgba(84,185,143,1)
4,5: (22102,52428,36494,65535)  #56CC8EFF  srgba(86,204,142,1)
5,5: (22102,52685,29298,65535)  #56CD72FF  srgba(86,205,114,1)
6,5: (22873,49601,19532,65535)  #59C14CFF  srgba(89,193,76,1)
7,5: (22873,49601,24158,65535)  #59C15EFF  srgba(89,193,94,1)
8,5: (22873,51657,12079,65535)  #59C92FFF  srgba(89,201,47,1)
9,5: (23387,36751,11051,65535)  #5B8F2BFF  srgba(91,143,43,1)
10,5: (25443,42405,38036,65535)  #63A594FF  srgba(99,165,148,1)
11,5: (25700,49087,43690,65535)  #64BFAAFF  srgba(100,191,170,1)
12,5: (26214,46517,56283,65535)  #66B5DBFF  srgba(102,181,219,1)
13,5: (26471,34952,22359,65535)  #678857FF  srgba(103,136,87,1)
14,5: (26471,46003,48573,65535)  #67B3BDFF  srgba(103,179,189,1)
15,5: (26728,42405,14906,65535)  #68A53AFF  srgba(104,165,58,1)
0,6: (26985,38036,44975,65535)  #6994AFFF  srgba(105,148,175,1)
1,6: (26985,54998,43690,65535)  #69D6AAFF  srgba(105,214,170,1)
2,6: (27242,12593,22873,65535)  #6A3159FF  srgba(106,49,89,1)
3,6: (27756,49087,36494,65535)  #6CBF8EFF  srgba(108,191,142,1)
4,6: (28013,49858,61166,65535)  #6DC2EEFF  srgba(109,194,238,1)
5,6: (28527,53456,36237,65535)  #6FD08DFF  srgba(111,208,141,1)
6,6: (28784,22616,34695,65535)  #705887FF  srgba(112,88,135,1)
7,6: (29041,15163,46003,65535)  #713BB3FF  srgba(113,59,179,1)
8,6: (29041,30840,48059,65535)  #7178BBFF  srgba(113,120,187,1)
9,6: (29298,30326,53713,65535)  #7276D1FF  srgba(114,118,209,1)
10,6: (29298,43176,45489,65535)  #72A8B1FF  srgba(114,168,177,1)
11,6: (29298,43176,54741,65535)  #72A8D5FF  srgba(114,168,213,1)
12,6: (29298,50115,28784,65535)  #72C370FF  srgba(114,195,112,1)
13,6: (29555,17990,53456,65535)  #7346D0FF  srgba(115,70,208,1)
14,6: (29555,36494,34438,65535)  #738E86FF  srgba(115,142,134,1)
15,6: (29555,43433,48830,65535)  #73A9BEFF  srgba(115,169,190,1)
0,7: (29555,50886,48059,65535)  #73C6BBFF  srgba(115,198,187,1)
1,7: (29812,55769,48059,65535)  #74D9BBFF  srgba(116,217,187,1)
2,7: (30069,24672,49858,65535)  #7560C2FF  srgba(117,96,194,1)
3,7: (30069,42405,24672,65535)  #75A560FF  srgba(117,165,96,1)
4,7: (30069,42662,31354,65535)  #75A67AFF  srgba(117,166,122,1)
5,7: (30326,5140,54998,65535)  #7614D6FF  srgba(118,20,214,1)
6,7: (30326,53199,51914,65535)  #76CFCAFF  srgba(118,207,202,1)
7,7: (30326,55512,36494,65535)  #76D88EFF  srgba(118,216,142,1)
8,7: (30583,7453,35466,65535)  #771D8AFF  srgba(119,29,138,1)
9,7: (30840,49344,52685,65535)  #78C0CDFF  srgba(120,192,205,1)
10,7: (31097,38036,51657,65535)  #7994C9FF  srgba(121,148,201,1)
11,7: (31611,42662,38293,65535)  #7BA695FF  srgba(123,166,149,1)
12,7: (31611,52171,61423,65535)  #7BCBEFFF  srgba(123,203,239,1)
13,7: (31868,49087,23387,65535)  #7CBF5BFF  srgba(124,191,91,1)
14,7: (32125,56283,11822,65535)  #7DDB2EFF  srgba(125,219,46,1)
15,7: (32382,49858,11308,65535)  #7EC22CFF  srgba(126,194,44,1)
0,8: (32382,52171,18761,65535)  #7ECB49FF  srgba(126,203,73,1)
1,8: (32896,54998,28527,65535)  #80D66FFF  srgba(128,214,111,1)
2,8: (33153,54741,23387,65535)  #81D55BFF  srgba(129,213,91,1)
3,8: (33410,48316,43690,65535)  #82BCAAFF  srgba(130,188,170,1)
4,8: (33667,45746,48573,65535)  #83B2BDFF  srgba(131,178,189,1)
5,8: (33667,46517,55512,65535)  #83B5D8FF  srgba(131,181,216,1)
6,8: (33924,55512,43176,65535)  #84D8A8FF  srgba(132,216,168,1)
7,8: (34181,48830,36494,65535)  #85BE8EFF  srgba(133,190,142,1)
8,8: (34438,49858,28784,65535)  #86C270FF  srgba(134,194,112,1)
9,8: (34438,53456,36494,65535)  #86D08EFF  srgba(134,208,142,1)
10,8: (35466,42405,21588,65535)  #8AA554FF  srgba(138,165,84,1)
11,8: (35466,56026,36237,65535)  #8ADA8DFF  srgba(138,218,141,1)
12,8: (37008,43176,46260,65535)  #90A8B4FF  srgba(144,168,180,1)
13,8: (37522,41891,32125,65535)  #92A37DFF  srgba(146,163,125,1)
14,8: (37522,41891,36237,65535)  #92A38DFF  srgba(146,163,141,1)
15,8: (38293,26471,52428,65535)  #9567CCFF  srgba(149,103,204,1)
0,9: (38550,14906,39835,65535)  #963A9BFF  srgba(150,58,155,1)
1,9: (38550,42662,40349,65535)  #96A69DFF  srgba(150,166,157,1)
2,9: (38807,5654,39321,65535)  #971699FF  srgba(151,22,153,1)
3,9: (38807,39321,52428,65535)  #9799CCFF  srgba(151,153,204,1)
4,9: (38807,43176,50115,65535)  #97A8C3FF  srgba(151,168,195,1)
5,9: (39064,12593,33410,65535)  #983182FF  srgba(152,49,130,1)
6,9: (39064,37008,50115,65535)  #9890C3FF  srgba(152,144,195,1)
7,9: (39321,29041,32896,65535)  #997180FF  srgba(153,113,128,1)
8,9: (39321,31611,54741,65535)  #997BD5FF  srgba(153,123,213,1)
9,9: (39578,19532,53713,65535)  #9A4CD1FF  srgba(154,76,209,1)
10,9: (39578,27756,46517,65535)  #9A6CB5FF  srgba(154,108,181,1)
11,9: (39578,32639,39064,65535)  #9A7F98FF  srgba(154,127,152,1)
12,9: (39578,36237,47031,65535)  #9A8DB7FF  srgba(154,141,183,1)
13,9: (39578,49087,10023,65535)  #9ABF27FF  srgba(154,191,39,1)
14,9: (39578,51400,29041,65535)  #9AC871FF  srgba(154,200,113,1)
15,9: (39578,52942,19275,65535)  #9ACE4BFF  srgba(154,206,75,1)
0,10: (39578,53713,23644,65535)  #9AD15CFF  srgba(154,209,92,1)
1,10: (39835,10537,55512,65535)  #9B29D8FF  srgba(155,41,216,1)
2,10: (39835,31611,50629,65535)  #9B7BC5FF  srgba(155,123,197,1)
3,10: (39835,55255,12336,65535)  #9BD730FF  srgba(155,215,48,1)
4,10: (39835,56540,28784,65535)  #9BDC70FF  srgba(155,220,112,1)
5,10: (40092,48573,35466,65535)  #9CBD8AFF  srgba(156,189,138,1)
6,10: (40349,6425,46003,65535)  #9D19B3FF  srgba(157,25,179,1)
7,10: (40349,53713,35209,65535)  #9DD189FF  srgba(157,209,137,1)
8,10: (40606,16962,45746,65535)  #9E42B2FF  srgba(158,66,178,1)
9,10: (40606,52685,41634,65535)  #9ECDA2FF  srgba(158,205,162,1)
10,10: (40863,39321,54998,65535)  #9F99D6FF  srgba(159,153,214,1)
11,10: (40863,56283,34952,65535)  #9FDB88FF  srgba(159,219,136,1)
12,10: (41120,40606,59624,65535)  #A09EE8FF  srgba(160,158,232,1)
13,10: (41120,46774,41891,65535)  #A0B6A3FF  srgba(160,182,163,1)
14,10: (41120,47031,56540,65535)  #A0B7DCFF  srgba(160,183,220,1)
15,10: (41120,51400,55255,65535)  #A0C8D7FF  srgba(160,200,215,1)
0,11: (41377,14392,29298,65535)  #A13872FF  srgba(161,56,114,1)
1,11: (41377,16191,20817,65535)  #A13F51FF  srgba(161,63,81,1)
2,11: (41377,20303,39064,65535)  #A14F98FF  srgba(161,79,152,1)
3,11: (41377,46260,47802,65535)  #A1B4BAFF  srgba(161,180,186,1)
4,11: (41377,52685,47031,65535)  #A1CDB7FF  srgba(161,205,183,1)
5,11: (41634,46517,51143,65535)  #A2B5C7FF  srgba(162,181,199,1)
6,11: (41891,28013,28013,65535)  #A36D6DFF  srgba(163,109,109,1)
7,11: (41891,51657,49858,65535)  #A3C9C2FF  srgba(163,201,194,1)
8,11: (41891,56283,40863,65535)  #A3DB9FFF  srgba(163,219,159,1)
9,11: (42405,1285,52942,65535)  #A505CEFF  srgba(165,5,206,1)
10,11: (42405,24929,21074,65535)  #A56152FF  srgba(165,97,82,1)
11,11: (42405,42148,25186,65535)  #A5A462FF  srgba(165,164,98,1)
12,11: (42662,1028,60652,65535)  #A604ECFF  srgba(166,4,236,1)
13,11: (42662,43433,46260,65535)  #A6A9B4FF  srgba(166,169,180,1)
14,11: (42919,54998,29041,65535)  #A7D671FF  srgba(167,214,113,1)
15,11: (43690,9509,39578,65535)  #AA259AFF  srgba(170,37,154,1)
0,12: (43690,42662,36494,65535)  #AAA68EFF  srgba(170,166,142,1)
1,12: (43690,57311,35466,65535)  #AADF8AFF  srgba(170,223,138,1)
2,12: (43947,40349,50372,65535)  #AB9DC4FF  srgba(171,157,196,1)
3,12: (43947,52171,35466,65535)  #ABCB8AFF  srgba(171,203,138,1)
4,12: (43947,53970,17733,65535)  #ABD245FF  srgba(171,210,69,1)
5,12: (43947,54741,23130,65535)  #ABD55AFF  srgba(171,213,90,1)
6,12: (44204,39835,52685,65535)  #AC9BCDFF  srgba(172,155,205,1)
7,12: (44204,54998,29041,65535)  #ACD671FF  srgba(172,214,113,1)
8,12: (44461,33153,46517,65535)  #AD81B5FF  srgba(173,129,181,1)
9,12: (44461,43433,40606,65535)  #ADA99EFF  srgba(173,169,158,1)
10,12: (44461,51914,6682,65535)  #ADCA1AFF  srgba(173,202,26,1)
11,12: (44975,31097,53713,65535)  #AF79D1FF  srgba(175,121,209,1)
12,12: (45232,1028,60395,65535)  #B004EBFF  srgba(176,4,235,1)
13,12: (45232,1799,52685,65535)  #B007CDFF  srgba(176,7,205,1)
14,12: (45232,9252,54741,65535)  #B024D5FF  srgba(176,36,213,1)
15,12: (45232,13878,33667,65535)  #B03683FF  srgba(176,54,131,1)
0,13: (45232,18247,54998,65535)  #B047D6FF  srgba(176,71,214,1)
1,13: (45489,28270,32896,65535)  #B16E80FF  srgba(177,110,128,1)
2,13: (45489,42662,46003,65535)  #B1A6B3FF  srgba(177,166,179,1)
3,13: (45746,25443,39321,65535)  #B26399FF  srgba(178,99,153,1)
4,13: (46003,2570,55512,65535)  #B30AD8FF  srgba(179,10,216,1)
5,13: (46003,33153,46260,65535)  #B381B4FF  srgba(179,129,180,1)
6,13: (46003,50886,53456,65535)  #B3C6D0FF  srgba(179,198,208,1)
7,13: (46260,51914,48830,65535)  #B4CABEFF  srgba(180,202,190,1)
8,13: (46517,47545,43433,65535)  #B5B9A9FF  srgba(181,185,169,1)
9,13: (46517,54998,42662,65535)  #B5D6A6FF  srgba(181,214,166,1)
10,13: (46774,46003,53713,65535)  #B6B3D1FF  srgba(182,179,209,1)
11,13: (47031,45489,48830,65535)  #B7B1BEFF  srgba(183,177,190,1)
12,13: (47288,40349,53199,65535)  #B89DCFFF  srgba(184,157,207,1)
13,13: (47288,41120,50372,65535)  #B8A0C4FF  srgba(184,160,196,1)
14,13: (47288,50886,35723,65535)  #B8C68BFF  srgba(184,198,139,1)
15,13: (47545,12079,39835,65535)  #B92F9BFF  srgba(185,47,155,1)
0,14: (47545,39578,59367,65535)  #B99AE7FF  srgba(185,154,231,1)
1,14: (47802,4883,46517,65535)  #BA13B5FF  srgba(186,19,181,1)
2,14: (47802,17990,45489,65535)  #BA46B1FF  srgba(186,70,177,1)
3,14: (47802,42919,46774,65535)  #BAA7B6FF  srgba(186,167,182,1)
4,14: (48059,29812,57568,65535)  #BB74E0FF  srgba(187,116,224,1)
5,14: (48830,16448,56026,65535)  #BE40DAFF  srgba(190,64,218,1)
6,14: (49344,42405,32125,65535)  #C0A57DFF  srgba(192,165,125,1)
7,14: (49858,26214,39835,65535)  #C2669BFF  srgba(194,102,155,1)
8,14: (50115,3855,59367,65535)  #C30FE7FF  srgba(195,15,231,1)
9,14: (50115,31354,46003,65535)  #C37AB3FF  srgba(195,122,179,1)
10,14: (50115,51657,29555,65535)  #C3C973FF  srgba(195,201,115,1)
11,14: (50372,56026,35980,65535)  #C4DA8CFF  srgba(196,218,140,1)
12,14: (50629,48059,43433,65535)  #C5BBA9FF  srgba(197,187,169,1)
13,14: (51143,2827,51143,65535)  #C70BC7FF  srgba(199,11,199,1)
14,14: (52942,43433,40349,65535)  #CEA99DFF  srgba(206,169,157,1)
15,14: (53456,43690,46517,65535)  #D0AAB5FF  srgba(208,170,181,1)
0,15: (53713,29555,57568,65535)  #D173E0FF  srgba(209,115,224,1)
1,15: (53713,55769,42405,65535)  #D1D9A5FF  srgba(209,217,165,1)
2,15: (54227,51143,51914,65535)  #D3C7CAFF  srgba(211,199,202,1)
3,15: (54484,49601,35723,65535)  #D4C18BFF  srgba(212,193,139,1)
4,15: (54741,43690,36237,65535)  #D5AA8DFF  srgba(213,170,141,1)
5,15: (54998,41377,56540,65535)  #D6A1DCFF  srgba(214,161,220,1)
6,15: (55512,13364,56540,65535)  #D834DCFF  srgba(216,52,220,1)
7,15: (55512,42919,51143,65535)  #D8A7C7FF  srgba(216,167,199,1)
8,15: (55512,45232,50629,65535)  #D8B0C5FF  srgba(216,176,197,1)
9,15: (55512,45746,52428,65535)  #D8B2CCFF  srgba(216,178,204,1)
10,15: (56026,46774,43176,65535)  #DAB6A8FF  srgba(218,182,168,1)
11,15: (57825,56797,29298,65535)  #E1DD72FF  srgba(225,221,114,1)
12,15: (58082,56797,35466,65535)  #E2DD8AFF  srgba(226,221,138,1)
13,15: (58596,44975,55512,65535)  #E4AFD8FF  srgba(228,175,216,1)
14,15: (59881,43433,56540,65535)  #E9A9DCFF  srgba(233,169,220,1)
15,15: (0,65535,0,0)  #00FF0000  srgba(0,255,0,0)
