# ImageMagick pixel enumeration: 16,16,65535,srgba
0,0: (0,0,0,65535)  #000000FF  black
1,0: (0,257,257,65535)  #000101FF  srgba(0,1,1,1)
2,0: (0,771,257,65535)  #000301FF  srgba(0,3,1,1)
3,0: (0,11822,4626,65535)  #002E12FF  srgba(0,46,18,1)
4,0: (1285,60652,257,65535)  #05EC01FF  srgba(5,236,1,1)
5,0: (1542,58339,35980,65535)  #06E38CFF  srgba(6,227,140,1)
6,0: (1542,58339,44975,65535)  #06E3AFFF  srgba(6,227,175,1)
7,0: (1542,60138,7453,65535)  #06EA1DFF  srgba(6,234,29,1)
8,0: (1799,257,257,65535)  #070101FF  srgba(7,1,1,1)
9,0: (1799,58853,25957,65535)  #07E565FF  srgba(7,229,101,1)
10,0: (1799,59624,18504,65535)  #07E848FF  srgba(7,232,72,1)
11,0: (2827,2827,1285,65535)  #0B0B05FF  srgba(11,11,5,1)
12,0: (3341,30583,60909,65535)  #0D77EDFF  srgba(13,119,237,1)
13,0: (3341,34181,61423,65535)  #0D85EFFF  srgba(13,133,239,1)
14,0: (3341,50372,30069,65535)  #0DC475FF  srgba(13,196,117,1)
15,0: (3855,58596,50629,65535)  #0FE4C5FF  srgba(15,228,197,1)
0,1: (4112,39321,59367,65535)  #1099E7FF  srgba(16,153,231,1)
1,1: (4112,50372,35466,65535)  #10C48AFF  srgba(16,196,138,1)
2,1: (4369,17219,7453,65535)  #11431DFF  srgba(17,67,29,1)
3,1: (4626,39578,64507,65535)  #129AFBFF  srgba(18,154,251,1)
4,1: (5397,51400,43176,65535)  #15C8A8FF  srgba(21,200,168,1)
5,1: (5654,50886,24929,65535)  #16C661FF  srgba(22,198,97,1)
6,1: (5654,51914,20046,65535)  #16CA4EFF  srgba(22,202,78,1)
7,1: (6425,22873,32639,65535)  #19597FFF  srgba(25,89,127,1)
8,1: (6425,27756,34181,65535)  #196C85FF  srgba(25,108,133,1)
9,1: (6425,47288,59367,65535)  #19B8E7FF  srgba(25,184,231,1)
10,1: (7196,47288,64764,65535)  #1CB8FCFF  srgba(28,184,252,1)
11,1: (7453,51914,10537,65535)  #1DCA29FF  srgba(29,202,41,1)
12,1: (8481,32896,6425,65535)  #218019FF  srgba(33,128,25,1)
13,1: (8738,27242,60652,65535)  #226AECFF  srgba(34,106,236,1)
14,1: (8995,32382,29555,65535)  #237E73FF  srgba(35,126,115,1)
15,1: (9766,34438,21074,65535)  #268652FF  srgba(38,134,82,1)
0,2: (10537,22873,60138,65535)  #2959EAFF  srgba(41,89,234,1)
1,2: (10794,60395,4369,65535)  #2AEB11FF  srgba(42,235,17,1)
2,2: (11051,33667,43690,65535)  #2B83AAFF  srgba(43,131,170,1)
3,2: (11051,42148,33153,65535)  #2BA481FF  srgba(43,164,129,1)
4,2: (11565,41891,44204,65535)  #2DA3ACFF  srgba(45,163,172,1)
5,2: (11565,59367,22616,65535)  #2DE758FF  srgba(45,231,88,1)
6,2: (12850,30326,60909,65535)  #3276EDFF  srgba(50,118,237,1)
7,2: (12850,34181,61680,65535)  #3285F0FF  srgba(50,133,240,1)
8,2: (13107,39578,62451,65535)  #339AF3FF  srgba(51,154,243,1)
9,2: (13364,58596,35980,65535)  #34E48CFF  srgba(52,228,140,1)
10,2: (13878,58339,44461,65535)  #36E3ADFF  srgba(54,227,173,1)
11,2: (14135,48059,60395,65535)  #37BBEBFF  srgba(55,187,235,1)
12,2: (14392,48059,65278,65535)  #38BBFEFF  srgba(56,187,254,1)
13,2: (15420,59881,64764,65535)  #3CE9FCFF  srgba(60,233,252,1)
14,2: (15934,14135,7967,65535)  #3E371FFF  srgba(62,55,31,1)
15,2: (15934,58596,53970,65535)  #3EE4D2FF  srgba(62,228,210,1)
0,3: (16705,24929,12850,65535)  #416132FF  srgba(65,97,50,1)
1,3: (16962,50372,30326,65535)  #42C476FF  srgba(66,196,118,1)
2,3: (19018,50372,36751,65535)  #4AC48FFF  srgba(74,196,143,1)
3,3: (19532,51143,44718,65535)  #4CC7AEFF  srgba(76,199,174,1)
4,3: (20046,60652,4626,65535)  #4EEC12FF  srgba(78,236,18,1)
5,3: (20560,59624,22616,65535)  #50E858FF  srgba(80,232,88,1)
6,3: (20817,61937,65021,65535)  #51F1FDFF  srgba(81,241,253,1)
7,3: (21074,48573,58082,65535)  #52BDE2FF  srgba(82,189,226,1)
8,3: (21074,48573,63479,65535)  #52BDF7FF  srgba(82,189,247,1)
9,3: (21074,48830,65278,65535)  #52BEFEFF  srgba(82,190,254,1)
10,3: (21331,39578,59881,65535)  #539AE9FF  srgba(83,154,233,1)
11,3: (21331,39835,65021,65535)  #539BFDFF  srgba(83,155,253,1)
12,3: (21845,33410,61423,65535)  #5582EFFF  srgba(85,130,239,1)
13,3: (22102,28013,60909,65535)  #566DEDFF  srgba(86,109,237,1)
14,3: (22359,27756,35466,65535)  #576C8AFF  srgba(87,108,138,1)
15,3: (22616,22102,35466,65535)  #58568AFF  srgba(88,86,138,1)
0,4: (23130,37008,16448,65535)  #5A9040FF  srgba(90,144,64,1)
1,4: (23644,63222,65021,65535)  #5CF6FDFF  srgba(92,246,253,1)
2,4: (24672,41377,36751,65535)  #60A18FFF  srgba(96,161,143,1)
3,4: (24929,33924,36494,65535)  #61848EFF  srgba(97,132,142,1)
4,4: (25443,50115,14906,65535)  #63C33AFF  srgba(99,195,58,1)
5,4: (25443,50115,24415,65535)  #63C35FFF  srgba(99,195,95,1)
6,4: (26728,63479,65021,65535)  #68F7FDFF  srgba(104,247,253,1)
7,4: (26985,50115,30069,65535)  #69C375FF  srgba(105,195,117,1)
8,4: (28013,23644,60138,65535)  #6D5CEAFF  srgba(109,92,234,1)
9,4: (28013,58853,41634,65535)  #6DE5A2FF  srgba(109,229,162,1)
10,4: (28013,59110,48830,65535)  #6DE6BEFF  srgba(109,230,190,1)
11,4: (28527,59110,33924,65535)  #6FE684FF  srgba(111,230,132,1)
12,4: (28527,59881,58339,65535)  #6FE9E3FF  srgba(111,233,227,1)
13,4: (28784,48830,63736,65535)  #70BEF8FF  srgba(112,190,248,1)
14,4: (29041,48830,57568,65535)  #71BEE0FF  srgba(113,190,224,1)
15,4: (29041,49601,65278,65535)  #71C1FEFF  srgba(113,193,254,1)
0,5: (29298,37779,15163,65535)  #72933BFF  srgba(114,147,59,1)
1,5: (29812,17476,59367,65535)  #7444E7FF  srgba(116,68,231,1)
2,5: (29812,38293,22873,65535)  #749559FF  srgba(116,149,89,1)
3,5: (29812,50629,43947,65535)  #74C5ABFF  srgba(116,197,171,1)
4,5: (30583,50115,35980,65535)  #77C38CFF  srgba(119,195,140,1)
5,5: (30840,41634,39835,65535)  #78A29BFF  srgba(120,162,155,1)
6,5: (30840,60395,3084,65535)  #78EB0CFF  srgba(120,235,12,1)
7,5: (31097,41377,28270,65535)  #79A16EFF  srgba(121,161,110,1)
8,5: (31097,59110,25957,65535)  #79E665FF  srgba(121,230,101,1)
9,5: (31354,60138,65021,65535)  #7AEAFDFF  srgba(122,234,253,1)
10,5: (31354,64250,65021,65535)  #7AFAFDFF  srgba(122,250,253,1)
11,5: (31611,17990,12079,65535)  #7B462FFF  srgba(123,70,47,1)
12,5: (31611,65278,65278,65535)  #7BFEFEFF  srgba(123,254,254,1)
13,5: (32382,39835,64764,65535)  #7E9BFCFF  srgba(126,155,252,1)
14,5: (32896,25700,14906,65535)  #80643AFF  srgba(128,100,58,1)
15,5: (32896,59881,16448,65535)  #80E940FF  srgba(128,233,64,1)
0,6: (33153,33410,64250,65535)  #8182FAFF  srgba(129,130,250,1)
1,6: (33153,39578,57825,65535)  #819AE1FF  srgba(129,154,225,1)
2,6: (33410,28013,60395,65535)  #826DEBFF  srgba(130,109,235,1)
3,6: (33667,33410,56540,65535)  #8382DCFF  srgba(131,130,220,1)
4,6: (35209,20560,37008,65535)  #895090FF  srgba(137,80,144,1)
5,6: (35209,27499,34952,65535)  #896B88FF  srgba(137,107,136,1)
6,6: (35466,31354,35723,65535)  #8A7A8BFF  srgba(138,122,139,1)
7,6: (35466,35466,29041,65535)  #8A8A71FF  srgba(138,138,113,1)
8,6: (35466,35466,40606,65535)  #8A8A9EFF  srgba(138,138,158,1)
9,6: (35466,50115,13621,65535)  #8AC335FF  srgba(138,195,53,1)
10,6: (35723,47545,29555,65535)  #8BB973FF  srgba(139,185,115,1)
11,6: (35723,49601,20560,65535)  #8BC150FF  srgba(139,193,80,1)
12,6: (35980,49601,24415,65535)  #8CC15FFF  srgba(140,193,95,1)
13,6: (36237,49087,63736,65535)  #8DBFF8FF  srgba(141,191,248,1)
14,6: (36237,52428,29555,65535)  #8DCC73FF  srgba(141,204,115,1)
15,6: (36494,49087,56797,65535)  #8EBFDDFF  srgba(142,191,221,1)
0,7: (36751,38036,11565,65535)  #8F942DFF  srgba(143,148,45,1)
1,7: (36751,41634,38807,65535)  #8FA297FF  srgba(143,162,151,1)
2,7: (36751,49858,65278,65535)  #8FC2FEFF  srgba(143,194,254,1)
3,7: (36751,65021,65278,65535)  #8FFDFEFF  srgba(143,253,254,1)
4,7: (37008,39064,19789,65535)  #90984DFF  srgba(144,152,77,1)
5,7: (37008,41634,28270,65535)  #90A26EFF  srgba(144,162,110,1)
6,7: (37008,50629,43947,65535)  #90C5ABFF  srgba(144,197,171,1)
7,7: (37008,60138,65021,65535)  #90EAFDFF  srgba(144,234,253,1)
8,7: (37265,39064,23130,65535)  #91985AFF  srgba(145,152,90,1)
9,7: (37522,64250,65021,65535)  #92FAFDFF  srgba(146,250,253,1)
10,7: (37779,50372,35980,65535)  #93C48CFF  srgba(147,196,140,1)
11,7: (38293,59881,25957,65535)  #95E965FF  srgba(149,233,101,1)
12,7: (38550,60138,44975,65535)  #96EAAFFF  srgba(150,234,175,1)
13,7: (38807,60138,32639,65535)  #97EA7FFF  srgba(151,234,127,1)
14,7: (39064,60138,38036,65535)  #98EA94FF  srgba(152,234,148,1)
15,7: (40349,61680,59110,65535)  #9DF0E6FF  srgba(157,240,230,1)
0,8: (40606,60395,51657,65535)  #9EEBC9FF  srgba(158,235,201,1)
1,8: (41377,60395,2827,65535)  #A1EB0BFF  srgba(161,235,11,1)
2,8: (42662,35980,22102,65535)  #A68C56FF  srgba(166,140,86,1)
3,8: (42662,59881,65021,65535)  #A6E9FDFF  srgba(166,233,253,1)
4,8: (42662,63993,65021,65535)  #A6F9FDFF  srgba(166,249,253,1)
5,8: (42662,65021,65278,65535)  #A6FDFEFF  srgba(166,253,254,1)
6,8: (42919,62194,17219,65535)  #A7F243FF  srgba(167,242,67,1)
7,8: (43176,58596,25957,65535)  #A8E465FF  srgba(168,228,101,1)
8,8: (43176,64250,25957,65535)  #A8FA65FF  srgba(168,250,101,1)
9,8: (43433,35723,28784,65535)  #A98B70FF  srgba(169,139,112,1)
10,8: (43433,42148,55769,65535)  #A9A4D9FF  srgba(169,164,217,1)
11,8: (43433,43433,24672,65535)  #A9A960FF  srgba(169,169,96,1)
12,8: (43690,42148,39835,65535)  #AAA49BFF  srgba(170,164,155,1)
13,8: (43690,60909,44718,65535)  #AAEDAEFF  srgba(170,237,174,1)
14,8: (43690,61166,32639,65535)  #AAEE7FFF  srgba(170,238,127,1)
15,8: (43690,61166,38036,65535)  #AAEE94FF  srgba(170,238,148,1)
0,9: (44204,50886,24672,65535)  #ACC660FF  srgba(172,198,96,1)
1,9: (44461,34438,58596,65535)  #AD86E4FF  srgba(173,134,228,1)
2,9: (44718,51143,65021,65535)  #AEC7FDFF  srgba(174,199,253,1)
3,9: (44975,51143,35980,65535)  #AFC78CFF  srgba(175,199,140,1)
4,9: (44975,51143,41377,65535)  #AFC7A1FF  srgba(175,199,161,1)
5,9: (45232,44461,30326,65535)  #B0AD76FF  srgba(176,173,118,1)
6,9: (45489,34695,39064,65535)  #B18798FF  srgba(177,135,152,1)
7,9: (45489,47802,20303,65535)  #B1BA4FFF  srgba(177,186,79,1)
8,9: (45746,51657,30583,65535)  #B2C977FF  srgba(178,201,119,1)
9,9: (46260,48316,16191,65535)  #B4BC3FFF  srgba(180,188,63,1)
10,9: (46517,50886,56540,65535)  #B5C6DCFF  srgba(181,198,220,1)
11,9: (46774,16191,47288,65535)  #B63FB8FF  srgba(182,63,184,1)
12,9: (46774,17219,61680,65535)  #B643F0FF  srgba(182,67,240,1)
13,9: (46774,33924,7967,65535)  #B6841FFF  srgba(182,132,31,1)
14,9: (47031,42405,64507,65535)  #B7A5FBFF  srgba(183,165,251,1)
15,9: (47031,48830,6939,65535)  #B7BE1BFF  srgba(183,190,27,1)
0,10: (47031,51657,47031,65535)  #B7C9B7FF  srgba(183,201,183,1)
1,10: (47802,64250,33924,65535)  #BAFA84FF  srgba(186,250,132,1)
2,10: (48059,24672,45232,65535)  #BB60B0FF  srgba(187,96,176,1)
3,10: (48059,58339,34181,65535)  #BBE385FF  srgba(187,227,133,1)
4,10: (48316,24929,62451,65535)  #BC61F3FF  srgba(188,97,243,1)
5,10: (48316,58082,25700,65535)  #BCE264FF  srgba(188,226,100,1)
6,10: (48316,60652,41377,65535)  #BCECA1FF  srgba(188,236,161,1)
7,10: (48316,63736,25700,65535)  #BCF864FF  srgba(188,248,100,1)
8,10: (48830,29555,60395,65535)  #BE73EBFF  srgba(190,115,235,1)
9,10: (49344,59624,65021,65535)  #C0E8FDFF  srgba(192,232,253,1)
10,10: (49344,63222,65021,65535)  #C0F6FDFF  srgba(192,246,253,1)
11,10: (49601,60138,53970,65535)  #C1EAD2FF  srgba(193,234,210,1)
12,10: (49601,65021,65278,65535)  #C1FDFEFF  srgba(193,253,254,1)
13,10: (49858,59624,46517,65535)  #C2E8B5FF  srgba(194,232,181,1)
14,10: (50115,59881,771,65535)  #C3E903FF  srgba(195,233,3,1)
15,10: (50629,60652,19018,65535)  #C5EC4AFF  srgba(197,236,74,1)
0,11: (51143,27499,28527,65535)  #C76B6FFF  srgba(199,107,111,1)
1,11: (51143,42405,55255,65535)  #C7A5D7FF  srgba(199,165,215,1)
2,11: (51143,42662,40349,65535)  #C7A69DFF  srgba(199,166,157,1)
3,11: (51143,60395,10537,65535)  #C7EB29FF  srgba(199,235,41,1)
4,11: (51400,23901,21845,65535)  #C85D55FF  srgba(200,93,85,1)
5,11: (51400,34952,29298,65535)  #C88872FF  srgba(200,136,114,1)
6,11: (51657,26985,3855,65535)  #C9690FFF  srgba(201,105,15,1)
7,11: (51657,49344,24672,65535)  #C9C060FF  srgba(201,192,96,1)
8,11: (51914,19275,22616,65535)  #CA4B58FF  srgba(202,75,88,1)
9,11: (51914,29555,40092,65535)  #CA739CFF  srgba(202,115,156,1)
10,11: (52685,34181,22102,65535)  #CD8556FF  srgba(205,133,86,1)
11,11: (53456,27242,18247,65535)  #D06A47FF  srgba(208,106,71,1)
12,11: (53456,51143,41634,65535)  #D0C7A2FF  srgba(208,199,162,1)
13,11: (53456,51400,36494,65535)  #D0C88EFF  srgba(208,200,142,1)
14,11: (53456,62451,33924,65535)  #D0F384FF  srgba(208,243,132,1)
15,11: (53713,57311,34181,65535)  #D1DF85FF  srgba(209,223,133,1)
0,12: (54227,59367,41377,65535)  #D3E7A1FF  srgba(211,231,161,1)
1,12: (54998,34438,59110,65535)  #D686E6FF  srgba(214,134,230,1)
2,12: (54998,46003,30840,65535)  #D6B378FF  srgba(214,179,120,1)
3,12: (54998,60138,25957,65535)  #D6EA65FF  srgba(214,234,101,1)
4,12: (56283,21331,4112,65535)  #DB5310FF  srgba(219,83,16,1)
5,12: (56540,51400,48316,65535)  #DCC8BCFF  srgba(220,200,188,1)
6,12: (56540,59624,65021,65535)  #DCE8FDFF  srgba(220,232,253,1)
7,12: (56797,63736,65021,65535)  #DDF8FDFF  srgba(221,248,253,1)
8,12: (57054,59110,514,65535)  #DEE602FF  srgba(222,230,2,1)
9,12: (57054,65021,65278,65535)  #DEFDFEFF  srgba(222,253,254,1)
10,12: (57311,24158,1799,65535)  #DF5E07FF  srgba(223,94,7,1)
11,12: (57311,31868,6425,65535)  #DF7C19FF  srgba(223,124,25,1)
12,12: (57825,51400,63993,65535)  #E1C8F9FF  srgba(225,200,249,1)
13,12: (57825,52428,30840,65535)  #E1CC78FF  srgba(225,204,120,1)
14,12: (58339,58339,51914,65535)  #E3E3CAFF  srgba(227,227,202,1)
15,12: (59110,34438,39064,65535)  #E68698FF  srgba(230,134,152,1)
0,13: (59110,58082,45746,65535)  #E6E2B2FF  srgba(230,226,178,1)
1,13: (59367,26728,3855,65535)  #E7680FFF  srgba(231,104,15,1)
2,13: (59367,53713,4112,65535)  #E7D110FF  srgba(231,209,16,1)
3,13: (59367,59110,9509,65535)  #E7E625FF  srgba(231,230,37,1)
4,13: (59367,59624,18504,65535)  #E7E848FF  srgba(231,232,72,1)
5,13: (59367,60652,33924,65535)  #E7EC84FF  srgba(231,236,132,1)
6,13: (59367,61166,25700,65535)  #E7EE64FF  srgba(231,238,100,1)
7,13: (59624,50115,17990,65535)  #E8C346FF  srgba(232,195,70,1)
8,13: (59881,16705,46260,65535)  #E941B4FF  srgba(233,65,180,1)
9,13: (59881,48316,6425,65535)  #E9BC19FF  srgba(233,188,25,1)
10,13: (59881,58339,41120,65535)  #E9E3A0FF  srgba(233,227,160,1)
11,13: (60138,51143,36751,65535)  #EAC78FFF  srgba(234,199,143,1)
12,13: (60138,51143,41891,65535)  #EAC7A3FF  srgba(234,199,163,1)
13,13: (60138,57054,34181,65535)  #EADE85FF  srgba(234,222,133,1)
14,13: (60138,57825,26471,65535)  #EAE167FF  srgba(234,225,103,1)
15,13: (60138,59110,514,65535)  #EAE602FF  srgba(234,230,2,1)
0,14: (60395,17733,62194,65535)  #EB45F2FF  srgba(235,69,242,1)
1,14: (60395,49601,24929,65535)  #EBC161FF  srgba(235,193,97,1)
2,14: (60652,51143,47802,65535)  #ECC7BAFF  srgba(236,199,186,1)
3,14: (61166,19532,19532,65535)  #EE4C4CFF  srgba(238,76,76,1)
4,14: (61423,24415,20046,65535)  #EF5F4EFF  srgba(239,95,78,1)
5,14: (61423,46003,30583,65535)  #EFB377FF  srgba(239,179,119,1)
6,14: (61680,26985,4112,65535)  #F06910FF  srgba(240,105,16,1)
7,14: (61680,26985,16705,65535)  #F06941FF  srgba(240,105,65,1)
8,14: (61680,42148,37522,65535)  #F0A492FF  srgba(240,164,146,1)
9,14: (61680,42405,44204,65535)  #F0A5ACFF  srgba(240,165,172,1)
10,14: (62194,22616,3341,65535)  #F2580DFF  srgba(242,88,13,1)
11,14: (62194,24929,44461,65535)  #F261ADFF  srgba(242,97,173,1)
12,14: (62194,31097,1285,65535)  #F27905FF  srgba(242,121,5,1)
13,14: (62451,32125,11051,65535)  #F37D2BFF  srgba(243,125,43,1)
14,14: (62708,41377,61423,65535)  #F4A1EFFF  srgba(244,161,239,1)
15,14: (62965,25186,63222,65535)  #F562F6FF  srgba(245,98,246,1)
0,15: (62965,41120,52428,65535)  #F5A0CCFF  srgba(245,160,204,1)
1,15: (62965,60395,65021,65535)  #F5EBFDFF  srgba(245,235,253,1)
2,15: (63222,63993,65021,65535)  #F6F9FDFF  srgba(246,249,253,1)
3,15: (63222,65021,64507,65535)  #F6FDFBFF  srgba(246,253,251,1)
4,15: (63479,27756,27499,65535)  #F76C6BFF  srgba(247,108,107,1)
5,15: (63479,33410,21588,65535)  #F78254FF  srgba(247,130,84,1)
6,15: (63479,41891,65278,65535)  #F7A3FEFF  srgba(247,163,254,1)
7,15: (63479,64507,64507,65535)  #F7FBFBFF  srgba(247,251,251,1)
8,15: (63736,29555,61423,65535)  #F873EFFF  srgba(248,115,239,1)
9,15: (63993,33667,30069,65535)  #F98375FF  srgba(249,131,117,1)
10,15: (64507,34438,64507,65535)  #FB86FBFF  srgba(251,134,251,1)
11,15: (64507,34695,53199,65535)  #FB87CFFF  srgba(251,135,207,1)
12,15: (64764,51143,64764,65535)  #FCC7FCFF  srgba(252,199,252,1)
13,15: (65021,30069,38036,65535)  #FD7594FF  srgba(253,117,148,1)
14,15: (65278,34438,38807,65535)  #FE8697FF  srgba(254,134,151,1)
15,15: (0,65535,0,0)  #00FF0000  srgba(0,255,0,0)
