# ImageMagick pixel enumeration: 16,16,65535,srgba
0,0: (0,0,2827,65535)  #00000BFF  srgba(0,0,11,1)
1,0: (0,0,3084,65535)  #00000CFF  srgba(0,0,12,1)
2,0: (0,0,3598,65535)  #00000EFF  srgba(0,0,14,1)
3,0: (0,0,4883,65535)  #000013FF  srgba(0,0,19,1)
4,0: (0,0,5654,65535)  #000016FF  srgba(0,0,22,1)
5,0: (0,0,6425,65535)  #000019FF  srgba(0,0,25,1)
6,0: (0,0,6682,65535)  #00001AFF  srgba(0,0,26,1)
7,0: (0,0,6682,65535)  #00001AFF  srgba(0,0,26,1)
8,0: (0,0,7453,65535)  #00001DFF  srgba(0,0,29,1)
9,0: (0,257,9252,65535)  #000124FF  srgba(0,1,36,1)
10,0: (0,1542,514,65535)  #000602FF  srgba(0,6,2,1)
11,0: (0,8481,0,65535)  #002100FF  srgba(0,33,0,1)
12,0: (0,18504,0,65535)  #004800FF  srgba(0,72,0,1)
13,0: (0,22102,14392,65535)  #005638FF  srgba(0,86,56,1)
14,0: (0,24672,10280,65535)  #006028FF  srgba(0,96,40,1)
15,0: (0,25957,257,65535)  #006501FF  srgba(0,101,1,1)
0,1: (0,25957,15677,65535)  #00653DFF  srgba(0,101,61,1)
1,1: (0,26728,13878,65535)  #006836FF  srgba(0,104,54,1)
2,1: (0,30069,10023,65535)  #007527FF  srgba(0,117,39,1)
3,1: (0,33410,13364,65535)  #008234FF  srgba(0,130,52,1)
4,1: (0,34181,0,65535)  #008500FF  srgba(0,133,0,1)
5,1: (0,36494,15677,65535)  #008E3DFF  srgba(0,142,61,1)
6,1: (0,38036,11051,65535)  #00942BFF  srgba(0,148,43,1)
7,1: (0,39064,13364,65535)  #009834FF  srgba(0,152,52,1)
8,1: (257,0,2570,65535)  #01000AFF  srgba(1,0,10,1)
9,1: (257,20303,10537,65535)  #014F29FF  srgba(1,79,41,1)
10,1: (257,33667,257,65535)  #018301FF  srgba(1,131,1,1)
11,1: (514,6682,10280,65535)  #021A28FF  srgba(2,26,40,1)
12,1: (514,9509,7196,65535)  #02251CFF  srgba(2,37,28,1)
13,1: (771,1542,1285,65535)  #030605FF  srgba(3,6,5,1)
14,1: (771,8481,257,65535)  #032101FF  srgba(3,33,1,1)
15,1: (771,30326,514,65535)  #037602FF  srgba(3,118,2,1)
0,2: (771,34438,21331,65535)  #038653FF  srgba(3,134,83,1)
1,2: (1028,10537,10537,65535)  #042929FF  srgba(4,41,41,1)
2,2: (1028,13878,257,65535)  #043601FF  srgba(4,54,1,1)
3,2: (1028,25186,6939,65535)  #04621BFF  srgba(4,98,27,1)
4,2: (1028,25186,19275,65535)  #04624BFF  srgba(4,98,75,1)
5,2: (1028,28270,32639,65535)  #046E7FFF  srgba(4,110,127,1)
6,2: (1028,37522,32639,65535)  #04927FFF  srgba(4,146,127,1)
7,2: (1028,38550,44975,65535)  #0496AFFF  srgba(4,150,175,1)
8,2: (1028,41891,257,65535)  #04A301FF  srgba(4,163,1,1)
9,2: (1285,257,9252,65535)  #050124FF  srgba(5,1,36,1)
10,2: (1285,1542,19018,65535)  #05064AFF  srgba(5,6,74,1)
11,2: (1285,1799,28013,65535)  #05076DFF  srgba(5,7,109,1)
12,2: (1285,7967,13878,65535)  #051F36FF  srgba(5,31,54,1)
13,2: (1285,12593,28527,65535)  #05316FFF  srgba(5,49,111,1)
14,2: (1285,12850,36237,65535)  #05328DFF  srgba(5,50,141,1)
15,2: (1285,20303,17733,65535)  #054F45FF  srgba(5,79,69,1)
0,3: (1285,39064,257,65535)  #059801FF  srgba(5,152,1,1)
1,3: (1542,0,3084,65535)  #06000CFF  srgba(6,0,12,1)
2,3: (1542,2056,36237,65535)  #06088DFF  srgba(6,8,141,1)
3,3: (1542,15163,14392,65535)  #063B38FF  srgba(6,59,56,1)
4,3: (1542,28784,44461,65535)  #0670ADFF  srgba(6,112,173,1)
5,3: (1542,35723,6682,65535)  #068B1AFF  srgba(6,139,26,1)
6,3: (2056,0,6682,65535)  #08001AFF  srgba(8,0,26,1)
7,3: (2056,0,13878,65535)  #080036FF  srgba(8,0,54,1)
8,3: (2056,11822,44461,65535)  #082EADFF  srgba(8,46,173,1)
9,3: (2313,0,2827,65535)  #09000BFF  srgba(9,0,11,1)
10,3: (2570,0,6425,65535)  #0A0019FF  srgba(10,0,25,1)
11,3: (2570,1028,6682,65535)  #0A041AFF  srgba(10,4,26,1)
12,3: (2570,1285,44718,65535)  #0A05AEFF  srgba(10,5,174,1)
13,3: (2570,12336,18247,65535)  #0A3047FF  srgba(10,48,71,1)
14,3: (2827,19018,771,65535)  #0B4A03FF  srgba(11,74,3,1)
15,3: (2827,25443,771,65535)  #0B6303FF  srgba(11,99,3,1)
0,4: (3855,34438,514,65535)  #0F8602FF  srgba(15,134,2,1)
1,4: (4369,1542,1542,65535)  #110606FF  srgba(17,6,6,1)
2,4: (4369,8481,514,65535)  #112102FF  srgba(17,33,2,1)
3,4: (4883,0,2570,65535)  #13000AFF  srgba(19,0,10,1)
4,4: (4883,257,9252,65535)  #130124FF  srgba(19,1,36,1)
5,4: (5140,0,2570,65535)  #14000AFF  srgba(20,0,10,1)
6,4: (9252,0,4369,65535)  #240011FF  srgba(36,0,17,1)
7,4: (9766,0,3084,65535)  #26000CFF  srgba(38,0,12,1)
8,4: (9766,38036,0,65535)  #269400FF  srgba(38,148,0,1)
9,4: (10023,0,7967,65535)  #27001FFF  srgba(39,0,31,1)
10,4: (10023,771,2056,65535)  #270308FF  srgba(39,3,8,1)
11,4: (10023,7453,257,65535)  #271D01FF  srgba(39,29,1,1)
12,4: (10280,0,5654,65535)  #280016FF  srgba(40,0,22,1)
13,4: (10280,14135,16448,65535)  #283740FF  srgba(40,55,64,1)
14,4: (10537,1028,12336,65535)  #290430FF  srgba(41,4,48,1)
15,4: (10537,32896,257,65535)  #298001FF  srgba(41,128,1,1)
0,5: (10794,19532,257,65535)  #2A4C01FF  srgba(42,76,1,1)
1,5: (11051,12850,257,65535)  #2B3201FF  srgba(43,50,1,1)
2,5: (11822,26728,514,65535)  #2E6802FF  srgba(46,104,2,1)
3,5: (11822,36237,9766,65535)  #2E8D26FF  srgba(46,141,38,1)
4,5: (12336,13621,20560,65535)  #303550FF  srgba(48,53,80,1)
5,5: (12593,24672,9766,65535)  #316026FF  srgba(49,96,38,1)
6,5: (12850,257,8224,65535)  #320120FF  srgba(50,1,32,1)
7,5: (13107,14392,14649,65535)  #333839FF  srgba(51,56,57,1)
8,5: (13364,17476,15420,65535)  #34443CFF  srgba(52,68,60,1)
9,5: (13878,0,2570,65535)  #36000AFF  srgba(54,0,10,1)
10,5: (13878,2056,19532,65535)  #36084CFF  srgba(54,8,76,1)
11,5: (13878,7710,11822,65535)  #361E2EFF  srgba(54,30,46,1)
12,5: (13878,12336,11822,65535)  #36302EFF  srgba(54,48,46,1)
13,5: (14135,1028,2056,65535)  #370408FF  srgba(55,4,8,1)
14,5: (14135,1799,15677,65535)  #37073DFF  srgba(55,7,61,1)
15,5: (14135,8224,257,65535)  #372001FF  srgba(55,32,1,1)
0,6: (14392,6939,18761,65535)  #381B49FF  srgba(56,27,73,1)
1,6: (14906,17219,13107,65535)  #3A4333FF  srgba(58,67,51,1)
2,6: (15934,34695,49087,65535)  #3E87BFFF  srgba(62,135,191,1)
3,6: (16448,14649,12593,65535)  #403931FF  srgba(64,57,49,1)
4,6: (16705,16191,13364,65535)  #413F34FF  srgba(65,63,52,1)
5,6: (16705,22102,24672,65535)  #415660FF  srgba(65,86,96,1)
6,6: (16705,31611,257,65535)  #417B01FF  srgba(65,123,1,1)
7,6: (16705,32896,37779,65535)  #418093FF  srgba(65,128,147,1)
8,6: (16962,2056,12593,65535)  #420831FF  srgba(66,8,49,1)
9,6: (17219,14135,257,65535)  #433701FF  srgba(67,55,1,1)
10,6: (17733,20046,257,65535)  #454E01FF  srgba(69,78,1,1)
11,6: (17990,20046,16705,65535)  #464E41FF  srgba(70,78,65,1)
12,6: (18247,12336,12336,65535)  #473030FF  srgba(71,48,48,1)
13,6: (18761,26985,257,65535)  #496901FF  srgba(73,105,1,1)
14,6: (19275,1028,8738,65535)  #4B0422FF  srgba(75,4,34,1)
15,6: (19275,7453,12079,65535)  #4B1D2FFF  srgba(75,29,47,1)
0,7: (19532,2570,42662,65535)  #4C0AA6FF  srgba(76,10,166,1)
1,7: (19532,35209,16962,65535)  #4C8942FF  srgba(76,137,66,1)
2,7: (19532,37779,771,65535)  #4C9303FF  srgba(76,147,3,1)
3,7: (20046,22873,34181,65535)  #4E5985FF  srgba(78,89,133,1)
4,7: (20046,36751,25700,65535)  #4E8F64FF  srgba(78,143,100,1)
5,7: (20303,0,1799,65535)  #4F0007FF  srgba(79,0,7,1)
6,7: (20560,13107,38036,65535)  #503394FF  srgba(80,51,148,1)
7,7: (20560,22359,47031,65535)  #5057B7FF  srgba(80,87,183,1)
8,7: (20560,34438,771,65535)  #508603FF  srgba(80,134,3,1)
9,7: (20817,2570,2056,65535)  #510A08FF  srgba(81,10,8,1)
10,7: (21074,28784,26214,65535)  #527066FF  srgba(82,112,102,1)
11,7: (21331,2313,33924,65535)  #530984FF  srgba(83,9,132,1)
12,7: (21588,8481,514,65535)  #542102FF  srgba(84,33,2,1)
13,7: (21588,13364,16191,65535)  #54343FFF  srgba(84,52,63,1)
14,7: (21588,14135,14392,65535)  #543738FF  srgba(84,55,56,1)
15,7: (21845,2056,28013,65535)  #55086DFF  srgba(85,8,109,1)
0,8: (22102,24929,17219,65535)  #566143FF  srgba(86,97,67,1)
1,8: (22359,12336,12079,65535)  #57302FFF  srgba(87,48,47,1)
2,8: (22359,13107,29041,65535)  #573371FF  srgba(87,51,113,1)
3,8: (22873,2056,12593,65535)  #590831FF  srgba(89,8,49,1)
4,8: (22873,13621,54484,65535)  #5935D4FF  srgba(89,53,212,1)
5,8: (23901,2827,23130,65535)  #5D0B5AFF  srgba(93,11,90,1)
6,8: (23901,17476,15163,65535)  #5D443BFF  srgba(93,68,59,1)
7,8: (23901,20303,257,65535)  #5D4F01FF  srgba(93,79,1,1)
8,8: (24158,7453,11308,65535)  #5E1D2CFF  srgba(94,29,44,1)
9,8: (24158,7453,28013,65535)  #5E1D6DFF  srgba(94,29,109,1)
10,8: (24158,26728,257,65535)  #5E6801FF  srgba(94,104,1,1)
11,8: (24415,31611,514,65535)  #5F7B02FF  srgba(95,123,2,1)
12,8: (24929,6682,18761,65535)  #611A49FF  srgba(97,26,73,1)
13,8: (25186,13621,514,65535)  #623502FF  srgba(98,53,2,1)
14,8: (26471,6939,514,65535)  #671B02FF  srgba(103,27,2,1)
15,8: (26728,2827,19789,65535)  #680B4DFF  srgba(104,11,77,1)
0,9: (26728,3084,15934,65535)  #680C3EFF  srgba(104,12,62,1)
1,9: (26985,1542,8995,65535)  #690623FF  srgba(105,6,35,1)
2,9: (27242,1285,1285,65535)  #6A0505FF  srgba(106,5,5,1)
3,9: (27499,12850,21331,65535)  #6B3253FF  srgba(107,50,83,1)
4,9: (28270,25957,257,65535)  #6E6501FF  srgba(110,101,1,1)
5,9: (29041,2570,12593,65535)  #710A31FF  srgba(113,10,49,1)
6,9: (29041,15934,12850,65535)  #713E32FF  srgba(113,62,50,1)
7,9: (29041,20560,10537,65535)  #715029FF  srgba(113,80,41,1)
8,9: (29298,7710,42405,65535)  #721EA5FF  srgba(114,30,165,1)
9,9: (29555,32639,9509,65535)  #737F25FF  srgba(115,127,37,1)
10,9: (29812,13878,257,65535)  #743601FF  srgba(116,54,1,1)
11,9: (29812,22102,24672,65535)  #745660FF  srgba(116,86,96,1)
12,9: (30069,20046,257,65535)  #754E01FF  srgba(117,78,1,1)
13,9: (30840,1542,771,65535)  #780603FF  srgba(120,6,3,1)
14,9: (30840,7453,257,65535)  #781D01FF  srgba(120,29,1,1)
15,9: (31611,6682,10794,65535)  #7B1A2AFF  srgba(123,26,42,1)
0,10: (31868,12079,11051,65535)  #7C2F2BFF  srgba(124,47,43,1)
1,10: (33410,6682,19275,65535)  #821A4BFF  srgba(130,26,75,1)
2,10: (33667,2570,8738,65535)  #830A22FF  srgba(131,10,34,1)
3,10: (33924,8738,257,65535)  #842201FF  srgba(132,34,1,1)
4,10: (33924,23901,0,65535)  #845D00FF  srgba(132,93,0,1)
5,10: (33924,29298,257,65535)  #847201FF  srgba(132,114,1,1)
6,10: (34438,14906,257,65535)  #863A01FF  srgba(134,58,1,1)
7,10: (34695,2056,2313,65535)  #870809FF  srgba(135,8,9,1)
8,10: (34695,3084,0,65535)  #870C00FF  srgba(135,12,0,1)
9,10: (35209,3341,0,65535)  #890D00FF  srgba(137,13,0,1)
10,10: (35466,24929,21588,65535)  #8A6154FF  srgba(138,97,84,1)
11,10: (35980,13621,36237,65535)  #8C358DFF  srgba(140,53,141,1)
12,10: (36751,6682,27756,65535)  #8F1A6CFF  srgba(143,26,108,1)
13,10: (36751,21845,36237,65535)  #8F558DFF  srgba(143,85,141,1)
14,10: (37008,7196,11051,65535)  #901C2BFF  srgba(144,28,43,1)
15,10: (37008,26985,35723,65535)  #90698BFF  srgba(144,105,139,1)
0,11: (37265,14906,16962,65535)  #913A42FF  srgba(145,58,66,1)
1,11: (37265,16705,0,65535)  #914100FF  srgba(145,65,0,1)
2,11: (37522,7710,257,65535)  #921E01FF  srgba(146,30,1,1)
3,11: (37522,31868,35723,65535)  #927C8BFF  srgba(146,124,139,1)
4,11: (38293,23130,257,65535)  #955A01FF  srgba(149,90,1,1)
5,11: (38293,29812,257,65535)  #957401FF  srgba(149,116,1,1)
6,11: (38550,3598,20303,65535)  #960E4FFF  srgba(150,14,79,1)
7,11: (39064,3084,0,65535)  #980C00FF  srgba(152,12,0,1)
8,11: (39578,15934,257,65535)  #9A3E01FF  srgba(154,62,1,1)
9,11: (39835,6682,39578,65535)  #9B1A9AFF  srgba(155,26,154,1)
10,11: (39835,32382,50115,65535)  #9B7EC3FF  srgba(155,126,195,1)
11,11: (40092,7967,0,65535)  #9C1F00FF  srgba(156,31,0,1)
12,11: (40349,3341,12593,65535)  #9D0D31FF  srgba(157,13,49,1)
13,11: (40349,3855,33410,65535)  #9D0F82FF  srgba(157,15,130,1)
14,11: (40349,6682,20303,65535)  #9D1A4FFF  srgba(157,26,79,1)
15,11: (40349,7196,29041,65535)  #9D1C71FF  srgba(157,28,113,1)
0,12: (40606,21331,50629,65535)  #9E53C5FF  srgba(158,83,197,1)
1,12: (40863,12593,12079,65535)  #9F312FFF  srgba(159,49,47,1)
2,12: (40863,26985,50115,65535)  #9F69C3FF  srgba(159,105,195,1)
3,12: (41120,3341,16191,65535)  #A00D3FFF  srgba(160,13,63,1)
4,12: (41120,25957,0,65535)  #A06500FF  srgba(160,101,0,1)
5,12: (41377,13107,51914,65535)  #A133CAFF  srgba(161,51,202,1)
6,12: (41634,16191,257,65535)  #A23F01FF  srgba(162,63,1,1)
7,12: (41891,25186,20303,65535)  #A3624FFF  srgba(163,98,79,1)
8,12: (42148,2827,0,65535)  #A40B00FF  srgba(164,11,0,1)
9,12: (42148,3855,25443,65535)  #A40F63FF  srgba(164,15,99,1)
10,12: (42148,7196,40092,65535)  #A41C9CFF  srgba(164,28,156,1)
11,12: (42148,8481,0,65535)  #A42100FF  srgba(164,33,0,1)
12,12: (42405,3084,771,65535)  #A50C03FF  srgba(165,12,3,1)
13,12: (42405,4112,46260,65535)  #A510B4FF  srgba(165,16,180,1)
14,12: (42405,14649,16191,65535)  #A5393FFF  srgba(165,57,63,1)
15,12: (42662,2570,8738,65535)  #A60A22FF  srgba(166,10,34,1)
0,13: (43690,17990,11308,65535)  #AA462CFF  srgba(170,70,44,1)
1,13: (43947,26214,771,65535)  #AB6603FF  srgba(171,102,3,1)
2,13: (44204,7453,0,65535)  #AC1D00FF  srgba(172,29,0,1)
3,13: (44461,34438,17990,65535)  #AD8646FF  srgba(173,134,70,1)
4,13: (44718,12336,36751,65535)  #AE308FFF  srgba(174,48,143,1)
5,13: (45489,3084,0,65535)  #B10C00FF  srgba(177,12,0,1)
6,13: (45746,7453,43947,65535)  #B21DABFF  srgba(178,29,171,1)
7,13: (46003,7196,32382,65535)  #B31C7EFF  srgba(179,28,126,1)
8,13: (46774,2313,4369,65535)  #B60911FF  srgba(182,9,17,1)
9,13: (46774,6168,11051,65535)  #B6182BFF  srgba(182,24,43,1)
10,13: (46774,6425,20046,65535)  #B6194EFF  srgba(182,25,78,1)
11,13: (46774,7710,52942,65535)  #B61ECEFF  srgba(182,30,206,1)
12,13: (47545,27499,10280,65535)  #B96B28FF  srgba(185,107,40,1)
13,13: (47545,39321,19275,65535)  #B9994BFF  srgba(185,153,75,1)
14,13: (48573,3084,8738,65535)  #BD0C22FF  srgba(189,12,34,1)
15,13: (48573,15420,2056,65535)  #BD3C08FF  srgba(189,60,8,1)
0,14: (49344,7710,1799,65535)  #C01E07FF  srgba(192,30,7,1)
1,14: (49601,3084,12079,65535)  #C10C2FFF  srgba(193,12,47,1)
2,14: (50115,33924,11565,65535)  #C3842DFF  srgba(195,132,45,1)
3,14: (50372,2827,3598,65535)  #C40B0EFF  srgba(196,11,14,1)
4,14: (50629,11822,55769,65535)  #C52ED9FF  srgba(197,46,217,1)
5,14: (50886,4112,20303,65535)  #C6104FFF  srgba(198,16,79,1)
6,14: (51914,8481,57568,65535)  #CA21E0FF  srgba(202,33,224,1)
7,14: (51914,13364,18761,65535)  #CA3449FF  srgba(202,52,73,1)
8,14: (52942,3598,8481,65535)  #CE0E21FF  srgba(206,14,33,1)
9,14: (53456,6168,11308,65535)  #D0182CFF  srgba(208,24,44,1)
10,14: (54741,4112,15934,65535)  #D5103EFF  srgba(213,16,62,1)
11,14: (54998,6425,26728,65535)  #D61968FF  srgba(214,25,104,1)
12,14: (55512,3855,12336,65535)  #D80F30FF  srgba(216,15,48,1)
13,14: (56026,2827,3598,65535)  #DA0B0EFF  srgba(218,11,14,1)
14,14: (56026,25443,17219,65535)  #DA6343FF  srgba(218,99,67,1)
15,14: (56283,5911,16962,65535)  #DB1742FF  srgba(219,23,66,1)
0,15: (59367,5911,11051,65535)  #E7172BFF  srgba(231,23,43,1)
1,15: (59367,37265,16191,65535)  #E7913FFF  srgba(231,145,63,1)
2,15: (60138,3598,9509,65535)  #EA0E25FF  srgba(234,14,37,1)
3,15: (60909,4112,13364,65535)  #ED1034FF  srgba(237,16,52,1)
4,15: (61423,5654,22359,65535)  #EF1657FF  srgba(239,22,87,1)
5,15: (61937,5397,20817,65535)  #F11551FF  srgba(241,21,81,1)
6,15: (61937,29555,12079,65535)  #F1732FFF  srgba(241,115,47,1)
7,15: (63479,5911,12850,65535)  #F71732FF  srgba(247,23,50,1)
8,15: (63479,12336,11565,65535)  #F7302DFF  srgba(247,48,45,1)
9,15: (63736,5397,19532,65535)  #F8154CFF  srgba(248,21,76,1)
10,15: (63736,18247,11565,65535)  #F8472DFF  srgba(248,71,45,1)
11,15: (63993,5397,16448,65535)  #F91540FF  srgba(249,21,64,1)
12,15: (64250,4369,14906,65535)  #FA113AFF  srgba(250,17,58,1)
13,15: (64764,4626,19018,65535)  #FC124AFF  srgba(252,18,74,1)
14,15: (65278,5140,17476,65535)  #FE1444FF  srgba(254,20,68,1)
15,15: (0,65535,0,0)  #00FF0000  srgba(0,255,0,0)
