# ImageMagick pixel enumeration: 16,16,65535,srgba
0,0: (16448,8738,3855,65535)  #40220FFF  srgba(64,34,15,1)
1,0: (16962,62965,28527,65535)  #42F56FFF  srgba(66,245,111,1)
2,0: (17733,257,0,65535)  #450100FF  srgba(69,1,0,1)
3,0: (19275,57825,33667,65535)  #4BE183FF  srgba(75,225,131,1)
4,0: (19789,60395,30069,65535)  #4DEB75FF  srgba(77,235,117,1)
5,0: (20560,15677,2827,65535)  #503D0BFF  srgba(80,61,11,1)
6,0: (21074,33153,26728,65535)  #528168FF  srgba(82,129,104,1)
7,0: (21331,16191,3598,65535)  #533F0EFF  srgba(83,63,14,1)
8,0: (21331,49858,34438,65535)  #53C286FF  srgba(83,194,134,1)
9,0: (22102,20303,6682,65535)  #564F1AFF  srgba(86,79,26,1)
10,0: (22102,48316,34438,65535)  #56BC86FF  srgba(86,188,134,1)
11,0: (22102,55255,34695,65535)  #56D787FF  srgba(86,215,135,1)
12,0: (22359,20046,17733,65535)  #574E45FF  srgba(87,78,69,1)
13,0: (22359,25700,22102,65535)  #576456FF  srgba(87,100,86,1)
14,0: (22359,40863,31097,65535)  #579F79FF  srgba(87,159,121,1)
15,0: (22359,44461,33667,65535)  #57AD83FF  srgba(87,173,131,1)
0,1: (22616,34438,29812,65535)  #588674FF  srgba(88,134,116,1)
1,1: (22873,23130,24158,65535)  #595A5EFF  srgba(89,90,94,1)
2,1: (23130,22102,29555,65535)  #5A5673FF  srgba(90,86,115,1)
3,1: (23130,22616,29298,65535)  #5A5872FF  srgba(90,88,114,1)
4,1: (23130,22616,30840,65535)  #5A5878FF  srgba(90,88,120,1)
5,1: (23130,23130,29812,65535)  #5A5A74FF  srgba(90,90,116,1)
6,1: (23130,23130,30840,65535)  #5A5A78FF  srgba(90,90,120,1)
7,1: (23130,27756,31097,65535)  #5A6C79FF  srgba(90,108,121,1)
8,1: (23130,43433,33667,65535)  #5AA983FF  srgba(90,169,131,1)
9,1: (23130,48059,34695,65535)  #5ABB87FF  srgba(90,187,135,1)
10,1: (23387,21588,22102,65535)  #5B5456FF  srgba(91,84,86,1)
11,1: (23901,21845,25700,65535)  #5D5564FF  srgba(93,85,100,1)
12,1: (23901,22616,29555,65535)  #5D5873FF  srgba(93,88,115,1)
13,1: (23901,23130,31354,65535)  #5D5A7AFF  srgba(93,90,122,1)
14,1: (23901,24158,27242,65535)  #5D5E6AFF  srgba(93,94,106,1)
15,1: (23901,24415,30583,65535)  #5D5F77FF  srgba(93,95,119,1)
0,2: (23901,36751,32382,65535)  #5D8F7EFF  srgba(93,143,126,1)
1,2: (23901,43176,33924,65535)  #5DA884FF  srgba(93,168,132,1)
2,2: (24158,22359,14906,65535)  #5E573AFF  srgba(94,87,58,1)
3,2: (24158,23901,32125,65535)  #5E5D7DFF  srgba(94,93,125,1)
4,2: (25443,26985,29812,65535)  #636974FF  srgba(99,105,116,1)
5,2: (25700,26471,23387,65535)  #64675BFF  srgba(100,103,91,1)
6,2: (25957,11051,7967,65535)  #652B1FFF  srgba(101,43,31,1)
7,2: (29041,29041,33667,65535)  #717183FF  srgba(113,113,131,1)
8,2: (32639,49087,36237,65535)  #7FBF8DFF  srgba(127,191,141,1)
9,2: (32896,29555,29298,65535)  #807372FF  srgba(128,115,114,1)
10,2: (35980,28270,20046,65535)  #8C6E4EFF  srgba(140,110,78,1)
11,2: (37008,43433,35723,65535)  #90A98BFF  srgba(144,169,139,1)
12,2: (38550,38036,21845,65535)  #969455FF  srgba(150,148,85,1)
13,2: (38550,40606,29298,65535)  #969E72FF  srgba(150,158,114,1)
14,2: (38807,35466,36237,65535)  #978A8DFF  srgba(151,138,141,1)
15,2: (44204,2570,0,65535)  #AC0A00FF  srgba(172,10,0,1)
0,3: (44204,43433,42919,65535)  #ACA9A7FF  srgba(172,169,167,1)
1,3: (44718,58596,42662,65535)  #AEE4A6FF  srgba(174,228,166,1)
2,3: (45232,49601,44204,65535)  #B0C1ACFF  srgba(176,193,172,1)
3,3: (47031,7710,3598,65535)  #B71E0EFF  srgba(183,30,14,1)
4,3: (47545,15677,16705,65535)  #B93D41FF  srgba(185,61,65,1)
5,3: (51657,63736,56026,65535)  #C9F8DAFF  srgba(201,248,218,1)
6,3: (53456,65278,59110,65535)  #D0FEE6FF  srgba(208,254,230,1)
7,3: (53713,65278,58853,65535)  #D1FEE5FF  srgba(209,254,229,1)
8,3: (54484,65021,59624,65535)  #D4FDE8FF  srgba(212,253,232,1)
9,3: (55255,4369,0,65535)  #D71100FF  srgba(215,17,0,1)
10,3: (55512,57311,48573,65535)  #D8DFBDFF  srgba(216,223,189,1)
11,3: (55769,56797,23644,65535)  #D9DD5CFF  srgba(217,221,92,1)
12,3: (56283,60138,56026,65535)  #DBEADAFF  srgba(219,234,218,1)
13,3: (56540,65021,60138,65535)  #DCFDEAFF  srgba(220,253,234,1)
14,3: (57311,30840,24158,65535)  #DF785EFF  srgba(223,120,94,1)
15,3: (57311,56026,34695,65535)  #DFDA87FF  srgba(223,218,135,1)
0,4: (57568,40606,40606,65535)  #E09E9EFF  srgba(224,158,158,1)
1,4: (57568,63993,60138,65535)  #E0F9EAFF  srgba(224,249,234,1)
2,4: (57825,57311,52942,65535)  #E1DFCEFF  srgba(225,223,206,1)
3,4: (59110,29041,10280,65535)  #E67128FF  srgba(230,113,40,1)
4,4: (59110,60395,58339,65535)  #E6EBE3FF  srgba(230,235,227,1)
5,4: (59367,48573,22616,65535)  #E7BD58FF  srgba(231,189,88,1)
6,4: (59624,11308,4112,65535)  #E82C10FF  srgba(232,44,16,1)
7,4: (59624,14906,16705,65535)  #E83A41FF  srgba(232,58,65,1)
8,4: (59624,60395,56026,65535)  #E8EBDAFF  srgba(232,235,218,1)
9,4: (59881,4883,257,65535)  #E91301FF  srgba(233,19,1,1)
10,4: (59881,59881,58853,65535)  #E9E9E5FF  srgba(233,233,229,1)
11,4: (59881,60395,59624,65535)  #E9EBE8FF  srgba(233,235,232,1)
12,4: (59881,60909,58596,65535)  #E9EDE4FF  srgba(233,237,228,1)
13,4: (60138,43433,46517,65535)  #EAA9B5FF  srgba(234,169,181,1)
14,4: (60138,60138,58596,65535)  #EAEAE4FF  srgba(234,234,228,1)
15,4: (60395,47031,8738,65535)  #EBB722FF  srgba(235,183,34,1)
0,5: (60652,31097,37265,65535)  #EC7991FF  srgba(236,121,145,1)
1,5: (60652,61423,59367,65535)  #ECEFE7FF  srgba(236,239,231,1)
2,5: (60909,48573,48573,65535)  #EDBDBDFF  srgba(237,189,189,1)
3,5: (60909,50115,39321,65535)  #EDC399FF  srgba(237,195,153,1)
4,5: (61166,3341,0,65535)  #EE0D00FF  srgba(238,13,0,1)
5,5: (61937,55255,42662,65535)  #F1D7A6FF  srgba(241,215,166,1)
6,5: (61937,56283,49087,65535)  #F1DBBFFF  srgba(241,219,191,1)
7,5: (62194,49344,50372,65535)  #F2C0C4FF  srgba(242,192,196,1)
8,5: (62194,57054,52685,65535)  #F2DECDFF  srgba(242,222,205,1)
9,5: (62194,57311,55255,65535)  #F2DFD7FF  srgba(242,223,215,1)
10,5: (62194,60395,60652,65535)  #F2EBECFF  srgba(242,235,236,1)
11,5: (62194,62194,56540,65535)  #F2F2DCFF  srgba(242,242,220,1)
12,5: (62451,62708,57568,65535)  #F3F4E0FF  srgba(243,244,224,1)
13,5: (62965,50629,53456,65535)  #F5C5D0FF  srgba(245,197,208,1)
14,5: (63479,42919,50629,65535)  #F7A7C5FF  srgba(247,167,197,1)
15,5: (63479,63736,58596,65535)  #F7F8E4FF  srgba(247,248,228,1)
0,6: (63736,4112,0,65535)  #F81000FF  srgba(248,16,0,1)
1,6: (63736,18247,34181,65535)  #F84785FF  srgba(248,71,133,1)
2,6: (63736,30326,47031,65535)  #F876B7FF  srgba(248,118,183,1)
3,6: (63736,41120,5654,65535)  #F8A016FF  srgba(248,160,22,1)
4,6: (63736,54227,40606,65535)  #F8D39EFF  srgba(248,211,158,1)
5,6: (63736,54741,48059,65535)  #F8D5BBFF  srgba(248,213,187,1)
6,6: (63993,16705,38807,65535)  #F94197FF  srgba(249,65,151,1)
7,6: (63993,42148,14135,65535)  #F9A437FF  srgba(249,164,55,1)
8,6: (63993,55255,54484,65535)  #F9D7D4FF  srgba(249,215,212,1)
9,6: (63993,56026,51657,65535)  #F9DAC9FF  srgba(249,218,201,1)
10,6: (63993,58339,56283,65535)  #F9E3DBFF  srgba(249,227,219,1)
11,6: (63993,60138,54741,65535)  #F9EAD5FF  srgba(249,234,213,1)
12,6: (63993,61423,53199,65535)  #F9EFCFFF  srgba(249,239,207,1)
13,6: (64250,4369,0,65535)  #FA1100FF  srgba(250,17,0,1)
14,6: (64250,8738,4112,65535)  #FA2210FF  srgba(250,34,16,1)
15,6: (64250,14135,7196,65535)  #FA371CFF  srgba(250,55,28,1)
0,7: (64250,19532,46003,65535)  #FA4CB3FF  srgba(250,76,179,1)
1,7: (64250,24929,9766,65535)  #FA6126FF  srgba(250,97,38,1)
2,7: (64250,31354,54998,65535)  #FA7AD6FF  srgba(250,122,214,1)
3,7: (64250,41891,43947,65535)  #FAA3ABFF  srgba(250,163,171,1)
4,7: (64250,42148,58853,65535)  #FAA4E5FF  srgba(250,164,229,1)
5,7: (64250,42919,21074,65535)  #FAA752FF  srgba(250,167,82,1)
6,7: (64250,57054,25443,65535)  #FADE63FF  srgba(250,222,99,1)
7,7: (64250,63222,63222,65535)  #FAF6F6FF  srgba(250,246,246,1)
8,7: (64250,63479,56540,65535)  #FAF7DCFF  srgba(250,247,220,1)
9,7: (64507,5397,3341,65535)  #FB150DFF  srgba(251,21,13,1)
10,7: (64507,29555,38550,65535)  #FB7396FF  srgba(251,115,150,1)
11,7: (64507,50629,25957,65535)  #FBC565FF  srgba(251,197,101,1)
12,7: (64507,54741,53713,65535)  #FBD5D1FF  srgba(251,213,209,1)
13,7: (64507,57825,58082,65535)  #FBE1E2FF  srgba(251,225,226,1)
14,7: (64764,6425,13107,65535)  #FC1933FF  srgba(252,25,51,1)
15,7: (64764,6682,22873,65535)  #FC1A59FF  srgba(252,26,89,1)
0,8: (64764,7710,33153,65535)  #FC1E81FF  srgba(252,30,129,1)
1,8: (64764,8738,14906,65535)  #FC223AFF  srgba(252,34,58,1)
2,8: (64764,12336,21845,65535)  #FC3055FF  srgba(252,48,85,1)
3,8: (64764,14135,28527,65535)  #FC376FFF  srgba(252,55,111,1)
4,8: (64764,16191,13621,65535)  #FC3F35FF  srgba(252,63,53,1)
5,8: (64764,22359,26471,65535)  #FC5767FF  srgba(252,87,103,1)
6,8: (64764,23644,14906,65535)  #FC5C3AFF  srgba(252,92,58,1)
7,8: (64764,26728,17733,65535)  #FC6845FF  srgba(252,104,69,1)
8,8: (64764,29555,24415,65535)  #FC735FFF  srgba(252,115,95,1)
9,8: (64764,43433,25443,65535)  #FCA963FF  srgba(252,169,99,1)
10,8: (64764,49087,50886,65535)  #FCBFC6FF  srgba(252,191,198,1)
11,8: (64764,49344,43433,65535)  #FCC0A9FF  srgba(252,192,169,1)
12,8: (64764,49858,52428,65535)  #FCC2CCFF  srgba(252,194,204,1)
13,8: (64764,49858,60138,65535)  #FCC2EAFF  srgba(252,194,234,1)
14,8: (64764,50115,54998,65535)  #FCC3D6FF  srgba(252,195,214,1)
15,8: (64764,58339,61680,65535)  #FCE3F0FF  srgba(252,227,240,1)
0,9: (64764,63222,57568,65535)  #FCF6E0FF  srgba(252,246,224,1)
1,9: (65021,11308,36237,65535)  #FD2C8DFF  srgba(253,44,141,1)
2,9: (65021,17219,42919,65535)  #FD43A7FF  srgba(253,67,167,1)
3,9: (65021,17990,35466,65535)  #FD468AFF  srgba(253,70,138,1)
4,9: (65021,19789,48573,65535)  #FD4DBDFF  srgba(253,77,189,1)
5,9: (65021,24158,36494,65535)  #FD5E8EFF  srgba(253,94,142,1)
6,9: (65021,26728,43176,65535)  #FD68A8FF  srgba(253,104,168,1)
7,9: (65021,26728,52428,65535)  #FD68CCFF  srgba(253,104,204,1)
8,9: (65021,31097,39321,65535)  #FD7999FF  srgba(253,121,153,1)
9,9: (65021,33924,47288,65535)  #FD84B8FF  srgba(253,132,184,1)
10,9: (65021,34952,58853,65535)  #FD88E5FF  srgba(253,136,229,1)
11,9: (65021,36751,51914,65535)  #FD8FCAFF  srgba(253,143,202,1)
12,9: (65021,39578,41377,65535)  #FD9AA1FF  srgba(253,154,161,1)
13,9: (65021,43176,47802,65535)  #FDA8BAFF  srgba(253,168,186,1)
14,9: (65021,44204,59624,65535)  #FDACE8FF  srgba(253,172,232,1)
15,9: (65021,44461,52171,65535)  #FDADCBFF  srgba(253,173,203,1)
0,10: (65021,50372,43690,65535)  #FDC4AAFF  srgba(253,196,170,1)
1,10: (65021,50372,51914,65535)  #FDC4CAFF  srgba(253,196,202,1)
2,10: (65021,50372,60909,65535)  #FDC4EDFF  srgba(253,196,237,1)
3,10: (65021,50629,49087,65535)  #FDC5BFFF  srgba(253,197,191,1)
4,10: (65021,50629,55769,65535)  #FDC5D9FF  srgba(253,197,217,1)
5,10: (65021,50886,53713,65535)  #FDC6D1FF  srgba(253,198,209,1)
6,10: (65021,50886,57054,65535)  #FDC6DEFF  srgba(253,198,222,1)
7,10: (65021,53456,49087,65535)  #FDD0BFFF  srgba(253,208,191,1)
8,10: (65021,53970,51657,65535)  #FDD2C9FF  srgba(253,210,201,1)
9,10: (65021,54741,53199,65535)  #FDD5CFFF  srgba(253,213,207,1)
10,10: (65021,55255,54227,65535)  #FDD7D3FF  srgba(253,215,211,1)
11,10: (65021,55512,34181,65535)  #FDD885FF  srgba(253,216,133,1)
12,10: (65021,55769,55255,65535)  #FDD9D7FF  srgba(253,217,215,1)
13,10: (65021,56026,26214,65535)  #FDDA66FF  srgba(253,218,102,1)
14,10: (65021,56540,56540,65535)  #FDDCDCFF  srgba(253,220,220,1)
15,10: (65021,58596,55512,65535)  #FDE4D8FF  srgba(253,228,216,1)
0,11: (65021,60395,56540,65535)  #FDEBDCFF  srgba(253,235,220,1)
1,11: (65021,63479,56540,65535)  #FDF7DCFF  srgba(253,247,220,1)
2,11: (65021,65278,54484,65535)  #FDFED4FF  srgba(253,254,212,1)
3,11: (65278,4883,0,65535)  #FE1300FF  srgba(254,19,0,1)
4,11: (65278,5397,257,65535)  #FE1501FF  srgba(254,21,1,1)
5,11: (65278,5654,3598,65535)  #FE160EFF  srgba(254,22,14,1)
6,11: (65278,5911,9509,65535)  #FE1725FF  srgba(254,23,37,1)
7,11: (65278,7453,2827,65535)  #FE1D0BFF  srgba(254,29,11,1)
8,11: (65278,7453,10023,65535)  #FE1D27FF  srgba(254,29,39,1)
9,11: (65278,7453,28270,65535)  #FE1D6EFF  srgba(254,29,110,1)
10,11: (65278,7710,15163,65535)  #FE1E3BFF  srgba(254,30,59,1)
11,11: (65278,7710,20817,65535)  #FE1E51FF  srgba(254,30,81,1)
12,11: (65278,8224,35466,65535)  #FE208AFF  srgba(254,32,138,1)
13,11: (65278,10794,40606,65535)  #FE2A9EFF  srgba(254,42,158,1)
14,11: (65278,12593,19532,65535)  #FE314CFF  srgba(254,49,76,1)
15,11: (65278,13107,27242,65535)  #FE336AFF  srgba(254,51,106,1)
0,12: (65278,13878,7196,65535)  #FE361CFF  srgba(254,54,28,1)
1,12: (65278,16448,44204,65535)  #FE40ACFF  srgba(254,64,172,1)
2,12: (65278,16962,12079,65535)  #FE422FFF  srgba(254,66,47,1)
3,12: (65278,18247,35466,65535)  #FE478AFF  srgba(254,71,138,1)
4,12: (65278,18761,40349,65535)  #FE499DFF  srgba(254,73,157,1)
5,12: (65278,19275,48573,65535)  #FE4BBDFF  srgba(254,75,189,1)
6,12: (65278,26985,17219,65535)  #FE6943FF  srgba(254,105,67,1)
7,12: (65278,27242,28270,65535)  #FE6A6EFF  srgba(254,106,110,1)
8,12: (65278,27756,11565,65535)  #FE6C2DFF  srgba(254,108,45,1)
9,12: (65278,28784,36751,65535)  #FE708FFF  srgba(254,112,143,1)
10,12: (65278,28784,52685,65535)  #FE70CDFF  srgba(254,112,205,1)
11,12: (65278,29041,42405,65535)  #FE71A5FF  srgba(254,113,165,1)
12,12: (65278,29812,20560,65535)  #FE7450FF  srgba(254,116,80,1)
13,12: (65278,30069,47802,65535)  #FE75BAFF  srgba(254,117,186,1)
14,12: (65278,30840,58082,65535)  #FE78E2FF  srgba(254,120,226,1)
15,12: (65278,37265,42919,65535)  #FE91A7FF  srgba(254,145,167,1)
0,13: (65278,38036,8995,65535)  #FE9423FF  srgba(254,148,35,1)
1,13: (65278,38036,38807,65535)  #FE9497FF  srgba(254,148,151,1)
2,13: (65278,38036,48573,65535)  #FE94BDFF  srgba(254,148,189,1)
3,13: (65278,38036,59881,65535)  #FE94E9FF  srgba(254,148,233,1)
4,13: (65278,38293,52428,65535)  #FE95CCFF  srgba(254,149,204,1)
5,13: (65278,39064,19018,65535)  #FE984AFF  srgba(254,152,74,1)
6,13: (65278,39064,45489,65535)  #FE98B1FF  srgba(254,152,177,1)
7,13: (65278,39835,25443,65535)  #FE9B63FF  srgba(254,155,99,1)
8,13: (65278,40606,22102,65535)  #FE9E56FF  srgba(254,158,86,1)
9,13: (65278,42919,48830,65535)  #FEA7BEFF  srgba(254,167,190,1)
10,13: (65278,42919,52428,65535)  #FEA7CCFF  srgba(254,167,204,1)
11,13: (65278,42919,60138,65535)  #FEA7EAFF  srgba(254,167,234,1)
12,13: (65278,46517,62708,65535)  #FEB5F4FF  srgba(254,181,244,1)
13,13: (65278,46774,26214,65535)  #FEB666FF  srgba(254,182,102,1)
14,13: (65278,47288,37522,65535)  #FEB892FF  srgba(254,184,146,1)
15,13: (65278,47288,52685,65535)  #FEB8CDFF  srgba(254,184,205,1)
0,14: (65278,47288,55255,65535)  #FEB8D7FF  srgba(254,184,215,1)
1,14: (65278,48059,50372,65535)  #FEBBC4FF  srgba(254,187,196,1)
2,14: (65278,48573,43176,65535)  #FEBDA8FF  srgba(254,189,168,1)
3,14: (65278,48830,47288,65535)  #FEBEB8FF  srgba(254,190,184,1)
4,14: (65278,49601,57568,65535)  #FEC1E0FF  srgba(254,193,224,1)
5,14: (65278,50372,62194,65535)  #FEC4F2FF  srgba(254,196,242,1)
6,14: (65278,53456,49601,65535)  #FED0C1FF  srgba(254,208,193,1)
7,14: (65278,53970,51657,65535)  #FED2C9FF  srgba(254,210,201,1)
8,14: (65278,53970,57825,65535)  #FED2E1FF  srgba(254,210,225,1)
9,14: (65278,54227,62194,65535)  #FED3F2FF  srgba(254,211,242,1)
10,14: (65278,54484,52942,65535)  #FED4CEFF  srgba(254,212,206,1)
11,14: (65278,54484,53970,65535)  #FED4D2FF  srgba(254,212,210,1)
12,14: (65278,54741,41120,65535)  #FED5A0FF  srgba(254,213,160,1)
13,14: (65278,55255,55255,65535)  #FED7D7FF  srgba(254,215,215,1)
14,14: (65278,55255,56540,65535)  #FED7DCFF  srgba(254,215,220,1)
15,14: (65278,55512,26214,65535)  #FED866FF  srgba(254,216,102,1)
0,15: (65278,56026,28013,65535)  #FEDA6DFF  srgba(254,218,109,1)
1,15: (65278,57311,55512,65535)  #FEDFD8FF  srgba(254,223,216,1)
2,15: (65278,58596,56540,65535)  #FEE4DCFF  srgba(254,228,220,1)
3,15: (65278,60909,56540,65535)  #FEEDDCFF  srgba(254,237,220,1)
4,15: (65278,62708,54484,65535)  #FEF4D4FF  srgba(254,244,212,1)
5,15: (65278,62965,57568,65535)  #FEF5E0FF  srgba(254,245,224,1)
6,15: (65278,62965,63736,65535)  #FEF5F8FF  srgba(254,245,248,1)
7,15: (65278,63222,55512,65535)  #FEF6D8FF  srgba(254,246,216,1)
8,15: (65278,63736,56797,65535)  #FEF8DDFF  srgba(254,248,221,1)
9,15: (65278,64764,54484,65535)  #FEFCD4FF  srgba(254,252,212,1)
10,15: (65535,18504,28527,65535)  #FF486FFF  srgba(255,72,111,1)
11,15: (65535,19018,17733,65535)  #FF4A45FF  srgba(255,74,69,1)
12,15: (65535,50886,52942,65535)  #FFC6CEFF  srgba(255,198,206,1)
13,15: (65535,51657,55255,65535)  #FFC9D7FF  srgba(255,201,215,1)
14,15: (65535,55769,54227,65535)  #FFD9D3FF  srgba(255,217,211,1)
15,15: (0,65535,0,0)  #00FF0000  srgba(0,255,0,0)
