# ImageMagick pixel enumeration: 16,16,65535,srgba
0,0: (0,0,257,65535)  #000001FF  srgba(0,0,1,1)
1,0: (0,0,514,65535)  #000002FF  srgba(0,0,2,1)
2,0: (0,0,5911,65535)  #000017FF  srgba(0,0,23,1)
3,0: (0,0,6682,65535)  #00001AFF  srgba(0,0,26,1)
4,0: (0,0,7453,65535)  #00001DFF  srgba(0,0,29,1)
5,0: (0,0,7967,65535)  #00001FFF  srgba(0,0,31,1)
6,0: (0,0,8995,65535)  #000023FF  srgba(0,0,35,1)
7,0: (0,0,9509,65535)  #000025FF  srgba(0,0,37,1)
8,0: (0,0,10537,65535)  #000029FF  srgba(0,0,41,1)
9,0: (0,0,10794,65535)  #00002AFF  srgba(0,0,42,1)
10,0: (0,0,11308,65535)  #00002CFF  srgba(0,0,44,1)
11,0: (0,0,12336,65535)  #000030FF  srgba(0,0,48,1)
12,0: (0,0,13621,65535)  #000035FF  srgba(0,0,53,1)
13,0: (0,0,13878,65535)  #000036FF  srgba(0,0,54,1)
14,0: (0,0,16448,65535)  #000040FF  srgba(0,0,64,1)
15,0: (0,0,16962,65535)  #000042FF  srgba(0,0,66,1)
0,1: (0,0,17733,65535)  #000045FF  srgba(0,0,69,1)
1,1: (0,0,18247,65535)  #000047FF  srgba(0,0,71,1)
2,1: (0,0,19018,65535)  #00004AFF  srgba(0,0,74,1)
3,1: (0,0,19789,65535)  #00004DFF  srgba(0,0,77,1)
4,1: (0,0,19789,65535)  #00004DFF  srgba(0,0,77,1)
5,1: (0,0,22359,65535)  #000057FF  srgba(0,0,87,1)
6,1: (0,0,23387,65535)  #00005BFF  srgba(0,0,91,1)
7,1: (0,0,25186,65535)  #000062FF  srgba(0,0,98,1)
8,1: (0,6425,0,65535)  #001900FF  srgba(0,25,0,1)
9,1: (0,9509,0,65535)  #002500FF  srgba(0,37,0,1)
10,1: (0,10023,2056,65535)  #002708FF  srgba(0,39,8,1)
11,1: (0,10537,0,65535)  #002900FF  srgba(0,41,0,1)
12,1: (0,11051,10023,65535)  #002B27FF  srgba(0,43,39,1)
13,1: (0,14649,0,65535)  #003900FF  srgba(0,57,0,1)
14,1: (0,15934,4883,65535)  #003E13FF  srgba(0,62,19,1)
15,1: (0,17733,0,65535)  #004500FF  srgba(0,69,0,1)
0,2: (0,19275,771,65535)  #004B03FF  srgba(0,75,3,1)
1,2: (0,19532,0,65535)  #004C00FF  srgba(0,76,0,1)
2,2: (0,19532,17733,65535)  #004C45FF  srgba(0,76,69,1)
3,2: (0,20303,0,65535)  #004F00FF  srgba(0,79,0,1)
4,2: (0,20303,10537,65535)  #004F29FF  srgba(0,79,41,1)
5,2: (0,23387,0,65535)  #005B00FF  srgba(0,91,0,1)
6,2: (0,23901,0,65535)  #005D00FF  srgba(0,93,0,1)
7,2: (0,23901,0,65535)  #005D00FF  srgba(0,93,0,1)
8,2: (0,24158,10280,65535)  #005E28FF  srgba(0,94,40,1)
9,2: (0,24415,2056,65535)  #005F08FF  srgba(0,95,8,1)
10,2: (0,24672,0,65535)  #006000FF  srgba(0,96,0,1)
11,2: (0,24929,0,65535)  #006100FF  srgba(0,97,0,1)
12,2: (0,25186,257,65535)  #006201FF  srgba(0,98,1,1)
13,2: (0,25443,0,65535)  #006300FF  srgba(0,99,0,1)
14,2: (0,26471,0,65535)  #006700FF  srgba(0,103,0,1)
15,2: (0,26471,0,65535)  #006700FF  srgba(0,103,0,1)
0,3: (0,26728,514,65535)  #006802FF  srgba(0,104,2,1)
1,3: (257,0,4883,65535)  #010013FF  srgba(1,0,19,1)
2,3: (257,0,8224,65535)  #010020FF  srgba(1,0,32,1)
3,3: (257,0,16191,65535)  #01003FFF  srgba(1,0,63,1)
4,3: (257,0,18504,65535)  #010048FF  srgba(1,0,72,1)
5,3: (257,0,26214,65535)  #010066FF  srgba(1,0,102,1)
6,3: (257,257,0,65535)  #010100FF  srgba(1,1,0,1)
7,3: (257,14392,3598,65535)  #01380EFF  srgba(1,56,14,1)
8,3: (257,16705,2056,65535)  #014108FF  srgba(1,65,8,1)
9,3: (257,19532,1799,65535)  #014C07FF  srgba(1,76,7,1)
10,3: (257,20303,17990,65535)  #014F46FF  srgba(1,79,70,1)
11,3: (257,23901,0,65535)  #015D00FF  srgba(1,93,0,1)
12,3: (257,24415,1799,65535)  #015F07FF  srgba(1,95,7,1)
13,3: (257,25957,0,65535)  #016500FF  srgba(1,101,0,1)
14,3: (257,26471,514,65535)  #016702FF  srgba(1,103,2,1)
15,3: (514,0,3598,65535)  #02000EFF  srgba(2,0,14,1)
0,4: (514,0,6168,65535)  #020018FF  srgba(2,0,24,1)
1,4: (514,0,9252,65535)  #020024FF  srgba(2,0,36,1)
2,4: (514,3855,2056,65535)  #020F08FF  srgba(2,15,8,1)
3,4: (771,11308,2570,65535)  #032C0AFF  srgba(3,44,10,1)
4,4: (771,17990,1799,65535)  #034607FF  srgba(3,70,7,1)
5,4: (771,22616,1542,65535)  #035806FF  srgba(3,88,6,1)
6,4: (1285,0,5397,65535)  #050015FF  srgba(5,0,21,1)
7,4: (1542,0,514,65535)  #060002FF  srgba(6,0,2,1)
8,4: (1542,18504,1799,65535)  #064807FF  srgba(6,72,7,1)
9,4: (1799,9252,2313,65535)  #072409FF  srgba(7,36,9,1)
10,4: (1799,27499,0,65535)  #076B00FF  srgba(7,107,0,1)
11,4: (2056,4112,0,65535)  #081000FF  srgba(8,16,0,1)
12,4: (2056,5140,31354,65535)  #08147AFF  srgba(8,20,122,1)
13,4: (2570,0,5654,65535)  #0A0016FF  srgba(10,0,22,1)
14,4: (2570,0,6425,65535)  #0A0019FF  srgba(10,0,25,1)
15,4: (2570,27499,1028,65535)  #0A6B04FF  srgba(10,107,4,1)
0,5: (2827,0,2827,65535)  #0B000BFF  srgba(11,0,11,1)
1,5: (2827,0,4369,65535)  #0B0011FF  srgba(11,0,17,1)
2,5: (3084,0,1542,65535)  #0C0006FF  srgba(12,0,6,1)
3,5: (3084,0,5654,65535)  #0C0016FF  srgba(12,0,22,1)
4,5: (3084,0,6168,65535)  #0C0018FF  srgba(12,0,24,1)
5,5: (3341,0,7967,65535)  #0D001FFF  srgba(13,0,31,1)
6,5: (3341,0,10794,65535)  #0D002AFF  srgba(13,0,42,1)
7,5: (3341,0,13878,65535)  #0D0036FF  srgba(13,0,54,1)
8,5: (3341,0,16191,65535)  #0D003FFF  srgba(13,0,63,1)
9,5: (3341,16448,19275,65535)  #0D404BFF  srgba(13,64,75,1)
10,5: (3598,0,17476,65535)  #0E0044FF  srgba(14,0,68,1)
11,5: (3855,0,16705,65535)  #0F0041FF  srgba(15,0,65,1)
12,5: (3855,27499,257,65535)  #0F6B01FF  srgba(15,107,1,1)
13,5: (4369,0,1542,65535)  #110006FF  srgba(17,0,6,1)
14,5: (4369,0,8481,65535)  #110021FF  srgba(17,0,33,1)
15,5: (4369,0,12336,65535)  #110030FF  srgba(17,0,48,1)
0,6: (4369,0,15420,65535)  #11003CFF  srgba(17,0,60,1)
1,6: (4369,0,16962,65535)  #110042FF  srgba(17,0,66,1)
2,6: (4369,0,17733,65535)  #110045FF  srgba(17,0,69,1)
3,6: (4369,0,18761,65535)  #110049FF  srgba(17,0,73,1)
4,6: (4883,0,16705,65535)  #130041FF  srgba(19,0,65,1)
5,6: (4883,0,17476,65535)  #130044FF  srgba(19,0,68,1)
6,6: (4883,3341,20560,65535)  #130D50FF  srgba(19,13,80,1)
7,6: (4883,8224,4626,65535)  #132012FF  srgba(19,32,18,1)
8,6: (4883,28013,514,65535)  #136D02FF  srgba(19,109,2,1)
9,6: (5140,0,8738,65535)  #140022FF  srgba(20,0,34,1)
10,6: (5140,0,12336,65535)  #140030FF  srgba(20,0,48,1)
11,6: (5140,0,13621,65535)  #140035FF  srgba(20,0,53,1)
12,6: (5140,0,17219,65535)  #140043FF  srgba(20,0,67,1)
13,6: (5654,0,1028,65535)  #160004FF  srgba(22,0,4,1)
14,6: (5654,27242,14392,65535)  #166A38FF  srgba(22,106,56,1)
15,6: (5911,0,1799,65535)  #170007FF  srgba(23,0,7,1)
0,7: (6168,0,257,65535)  #180001FF  srgba(24,0,1,1)
1,7: (6168,0,3598,65535)  #18000EFF  srgba(24,0,14,1)
2,7: (6682,0,2056,65535)  #1A0008FF  srgba(26,0,8,1)
3,7: (6939,0,12593,65535)  #1B0031FF  srgba(27,0,49,1)
4,7: (6939,27756,0,65535)  #1B6C00FF  srgba(27,108,0,1)
5,7: (7196,0,514,65535)  #1C0002FF  srgba(28,0,2,1)
6,7: (7453,0,1542,65535)  #1D0006FF  srgba(29,0,6,1)
7,7: (7453,0,8738,65535)  #1D0022FF  srgba(29,0,34,1)
8,7: (7453,11822,42148,65535)  #1D2EA4FF  srgba(29,46,164,1)
9,7: (7710,0,257,65535)  #1E0001FF  srgba(30,0,1,1)
10,7: (7710,0,1285,65535)  #1E0005FF  srgba(30,0,5,1)
11,7: (7967,0,4112,65535)  #1F0010FF  srgba(31,0,16,1)
12,7: (8224,0,0,65535)  #200000FF  srgba(32,0,0,1)
13,7: (8224,0,1028,65535)  #200004FF  srgba(32,0,4,1)
14,7: (8481,0,18247,65535)  #210047FF  srgba(33,0,71,1)
15,7: (8738,0,514,65535)  #220002FF  srgba(34,0,2,1)
0,8: (9252,257,8995,65535)  #240123FF  srgba(36,1,35,1)
1,8: (9509,0,1028,65535)  #250004FF  srgba(37,0,4,1)
2,8: (9509,65021,65278,65535)  #25FDFEFF  srgba(37,253,254,1)
3,8: (9509,65278,65278,65535)  #25FEFEFF  srgba(37,254,254,1)
4,8: (9766,14906,33924,65535)  #263A84FF  srgba(38,58,132,1)
5,8: (10537,3084,20817,65535)  #290C51FF  srgba(41,12,81,1)
6,8: (10794,0,257,65535)  #2A0001FF  srgba(42,0,1,1)
7,8: (10794,0,771,65535)  #2A0003FF  srgba(42,0,3,1)
8,8: (11051,0,1542,65535)  #2B0006FF  srgba(43,0,6,1)
9,8: (11308,0,15677,65535)  #2C003DFF  srgba(44,0,61,1)
10,8: (11565,20303,45746,65535)  #2D4FB2FF  srgba(45,79,178,1)
11,8: (11822,0,514,65535)  #2E0002FF  srgba(46,0,2,1)
12,8: (12593,0,514,65535)  #310002FF  srgba(49,0,2,1)
13,8: (12850,15420,44718,65535)  #323CAEFF  srgba(50,60,174,1)
14,8: (13621,0,257,65535)  #350001FF  srgba(53,0,1,1)
15,8: (14135,0,11308,65535)  #37002CFF  srgba(55,0,44,1)
0,9: (14392,0,17990,65535)  #380046FF  srgba(56,0,70,1)
1,9: (15420,64764,65278,65535)  #3CFCFEFF  srgba(60,252,254,1)
2,9: (15934,64764,65021,65535)  #3EFCFDFF  srgba(62,252,253,1)
3,9: (16191,0,22616,65535)  #3F0058FF  srgba(63,0,88,1)
4,9: (16448,64507,65021,65535)  #40FBFDFF  srgba(64,251,253,1)
5,9: (16962,3598,21074,65535)  #420E52FF  srgba(66,14,82,1)
6,9: (17476,21845,44718,65535)  #4455AEFF  srgba(68,85,174,1)
7,9: (17476,65021,65278,65535)  #44FDFEFF  srgba(68,253,254,1)
8,9: (17733,61680,64764,65535)  #45F0FCFF  srgba(69,240,252,1)
9,9: (18247,0,14906,65535)  #47003AFF  srgba(71,0,58,1)
10,9: (18504,7710,26985,65535)  #481E69FF  srgba(72,30,105,1)
11,9: (18504,29298,52428,65535)  #4872CCFF  srgba(72,114,204,1)
12,9: (18761,28270,45489,65535)  #496EB1FF  srgba(73,110,177,1)
13,9: (19018,8224,24672,65535)  #4A2060FF  srgba(74,32,96,1)
14,9: (19275,28270,40863,65535)  #4B6E9FFF  srgba(75,110,159,1)
15,9: (19789,12850,30069,65535)  #4D3275FF  srgba(77,50,117,1)
0,10: (20046,0,17476,65535)  #4E0044FF  srgba(78,0,68,1)
1,10: (21588,41634,58853,65535)  #54A2E5FF  srgba(84,162,229,1)
2,10: (21588,62451,63479,65535)  #54F3F7FF  srgba(84,243,247,1)
3,10: (21588,65278,65278,65535)  #54FEFEFF  srgba(84,254,254,1)
4,10: (22616,0,17733,65535)  #580045FF  srgba(88,0,69,1)
5,10: (23901,32382,53199,65535)  #5D7ECFFF  srgba(93,126,207,1)
6,10: (24929,0,23901,65535)  #61005DFF  srgba(97,0,93,1)
7,10: (25957,7710,29298,65535)  #651E72FF  srgba(101,30,114,1)
8,10: (26728,19275,36237,65535)  #684B8DFF  srgba(104,75,141,1)
9,10: (26728,65021,65278,65535)  #68FDFEFF  srgba(104,253,254,1)
10,10: (28013,11565,35209,65535)  #6D2D89FF  srgba(109,45,137,1)
11,10: (28527,46003,60138,65535)  #6FB3EAFF  srgba(111,179,234,1)
12,10: (28784,32639,46260,65535)  #707FB4FF  srgba(112,127,180,1)
13,10: (30069,63736,64764,65535)  #75F8FCFF  srgba(117,248,252,1)
14,10: (30326,18761,38036,65535)  #764994FF  srgba(118,73,148,1)
15,10: (30583,64507,65021,65535)  #77FBFDFF  srgba(119,251,253,1)
0,11: (30840,39321,59624,65535)  #7899E8FF  srgba(120,153,232,1)
1,11: (31354,49858,61680,65535)  #7AC2F0FF  srgba(122,194,240,1)
2,11: (31868,29298,45489,65535)  #7C72B1FF  srgba(124,114,177,1)
3,11: (31868,65278,65278,65535)  #7CFEFEFF  srgba(124,254,254,1)
4,11: (32125,7967,33153,65535)  #7D1F81FF  srgba(125,31,129,1)
5,11: (32896,33667,52685,65535)  #8083CDFF  srgba(128,131,205,1)
6,11: (32896,42405,65021,65535)  #80A5FDFF  srgba(128,165,253,1)
7,11: (33153,21845,43176,65535)  #8155A8FF  srgba(129,85,168,1)
8,11: (33924,50372,65278,65535)  #84C4FEFF  srgba(132,196,254,1)
9,11: (34438,24415,41891,65535)  #865FA3FF  srgba(134,95,163,1)
10,11: (34438,65021,65278,65535)  #86FDFEFF  srgba(134,253,254,1)
11,11: (34695,42919,59624,65535)  #87A7E8FF  srgba(135,167,232,1)
12,11: (35209,11308,37522,65535)  #892C92FF  srgba(137,44,146,1)
13,11: (35209,61423,63479,65535)  #89EFF7FF  srgba(137,239,247,1)
14,11: (36494,17990,39064,65535)  #8E4698FF  srgba(142,70,152,1)
15,11: (36494,47031,59367,65535)  #8EB7E7FF  srgba(142,183,231,1)
0,12: (37265,15677,42148,65535)  #913DA4FF  srgba(145,61,164,1)
1,12: (39578,65278,65278,65535)  #9AFEFEFF  srgba(154,254,254,1)
2,12: (40349,30069,47031,65535)  #9D75B7FF  srgba(157,117,183,1)
3,12: (42405,64507,65021,65535)  #A5FBFDFF  srgba(165,251,253,1)
4,12: (42662,19789,44718,65535)  #A64DAEFF  srgba(166,77,174,1)
5,12: (43176,49858,60138,65535)  #A8C2EAFF  srgba(168,194,234,1)
6,12: (43947,49087,65278,65535)  #ABBFFEFF  srgba(171,191,254,1)
7,12: (43947,65021,65278,65535)  #ABFDFEFF  srgba(171,253,254,1)
8,12: (44204,29812,50629,65535)  #AC74C5FF  srgba(172,116,197,1)
9,12: (45232,34695,51143,65535)  #B087C7FF  srgba(176,135,199,1)
10,12: (45232,58596,62451,65535)  #B0E4F3FF  srgba(176,228,243,1)
11,12: (45232,63993,64764,65535)  #B0F9FCFF  srgba(176,249,252,1)
12,12: (46260,23901,49601,65535)  #B45DC1FF  srgba(180,93,193,1)
13,12: (46517,58596,65278,65535)  #B5E4FEFF  srgba(181,228,254,1)
14,12: (47802,61937,65278,65535)  #BAF1FEFF  srgba(186,241,254,1)
15,12: (48059,65278,65278,65535)  #BBFEFEFF  srgba(187,254,254,1)
0,13: (49601,64507,65021,65535)  #C1FBFDFF  srgba(193,251,253,1)
1,13: (50372,65021,65278,65535)  #C4FDFEFF  srgba(196,253,254,1)
2,13: (51400,29041,52685,65535)  #C871CDFF  srgba(200,113,205,1)
3,13: (51657,37779,55769,65535)  #C993D9FF  srgba(201,147,217,1)
4,13: (53199,32896,57054,65535)  #CF80DEFF  srgba(207,128,222,1)
5,13: (53199,62194,63222,65535)  #CFF2F6FF  srgba(207,242,246,1)
6,13: (53456,43690,58339,65535)  #D0AAE3FF  srgba(208,170,227,1)
7,13: (53456,55255,61423,65535)  #D0D7EFFF  srgba(208,215,239,1)
8,13: (53713,62708,65278,65535)  #D1F4FEFF  srgba(209,244,254,1)
9,13: (54741,65278,65278,65535)  #D5FEFEFF  srgba(213,254,254,1)
10,13: (54998,65021,65278,65535)  #D6FDFEFF  srgba(214,253,254,1)
11,13: (55255,63993,65021,65535)  #D7F9FDFF  srgba(215,249,253,1)
12,13: (55512,54484,65278,65535)  #D8D4FEFF  srgba(216,212,254,1)
13,13: (55512,64250,65021,65535)  #D8FAFDFF  srgba(216,250,253,1)
14,13: (55769,46003,62451,65535)  #D9B3F3FF  srgba(217,179,243,1)
15,13: (56283,64507,65021,65535)  #DBFBFDFF  srgba(219,251,253,1)
0,14: (56540,38807,59367,65535)  #DC97E7FF  srgba(220,151,231,1)
1,14: (56797,52428,63222,65535)  #DDCCF6FF  srgba(221,204,246,1)
2,14: (57568,64764,65278,65535)  #E0FCFEFF  srgba(224,252,254,1)
3,14: (58853,65021,65278,65535)  #E5FDFEFF  srgba(229,253,254,1)
4,14: (58853,65278,65278,65535)  #E5FEFEFF  srgba(229,254,254,1)
5,14: (61166,43690,61937,65535)  #EEAAF1FF  srgba(238,170,241,1)
6,14: (61680,64764,65021,65535)  #F0FCFDFF  srgba(240,252,253,1)
7,14: (61680,65021,65021,65535)  #F0FDFDFF  srgba(240,253,253,1)
8,14: (61937,47802,65278,65535)  #F1BAFEFF  srgba(241,186,254,1)
9,14: (62451,65021,65278,65535)  #F3FDFEFF  srgba(243,253,254,1)
10,14: (62451,65278,62965,65535)  #F3FEF5FF  srgba(243,254,245,1)
11,14: (62451,65278,64507,65535)  #F3FEFBFF  srgba(243,254,251,1)
12,14: (62708,51143,63222,65535)  #F4C7F6FF  srgba(244,199,246,1)
13,14: (62708,64250,65021,65535)  #F4FAFDFF  srgba(244,250,253,1)
14,14: (62965,56540,63222,65535)  #F5DCF6FF  srgba(245,220,246,1)
15,14: (62965,58082,63222,65535)  #F5E2F6FF  srgba(245,226,246,1)
0,15: (62965,64764,63736,65535)  #F5FCF8FF  srgba(245,252,248,1)
1,15: (63479,65021,63993,65535)  #F7FDF9FF  srgba(247,253,249,1)
2,15: (63993,65021,65535,65535)  #F9FDFFFF  srgba(249,253,255,1)
3,15: (63993,65278,63736,65535)  #F9FEF8FF  srgba(249,254,248,1)
4,15: (63993,65278,64250,65535)  #F9FEFAFF  srgba(249,254,250,1)
5,15: (63993,65278,65021,65535)  #F9FEFDFF  srgba(249,254,253,1)
6,15: (64507,64764,63736,65535)  #FBFCF8FF  srgba(251,252,248,1)
7,15: (64507,65021,64250,65535)  #FBFDFAFF  srgba(251,253,250,1)
8,15: (64507,65021,64764,65535)  #FBFDFCFF  srgba(251,253,252,1)
9,15: (64764,56026,64507,65535)  #FCDAFBFF  srgba(252,218,251,1)
10,15: (65021,59110,65021,65535)  #FDE6FDFF  srgba(253,230,253,1)
11,15: (65021,62451,65021,65535)  #FDF3FDFF  srgba(253,243,253,1)
12,15: (65021,63993,65278,65535)  #FDF9FEFF  srgba(253,249,254,1)
13,15: (65278,49858,65278,65535)  #FEC2FEFF  srgba(254,194,254,1)
14,15: (65278,65278,64764,65535)  #FEFEFCFF  srgba(254,254,252,1)
15,15: (0,65535,0,0)  #00FF0000  srgba(0,255,0,0)
