# ImageMagick pixel enumeration: 16,16,65535,srgba
0,0: (0,0,0,65535)  #000000FF  black
1,0: (1542,1542,514,65535)  #060602FF  srgba(6,6,2,1)
2,0: (3084,5140,771,65535)  #0C1403FF  srgba(12,20,3,1)
3,0: (5911,11308,1542,65535)  #172C06FF  srgba(23,44,6,1)
4,0: (6425,5397,771,65535)  #191503FF  srgba(25,21,3,1)
5,0: (6425,7710,2827,65535)  #191E0BFF  srgba(25,30,11,1)
6,0: (6425,7967,2570,65535)  #191F0AFF  srgba(25,31,10,1)
7,0: (6939,8481,1028,65535)  #1B2104FF  srgba(27,33,4,1)
8,0: (7196,15163,3598,65535)  #1C3B0EFF  srgba(28,59,14,1)
9,0: (7453,15420,3084,65535)  #1D3C0CFF  srgba(29,60,12,1)
10,0: (7710,13878,3084,65535)  #1E360CFF  srgba(30,54,12,1)
11,0: (7710,14906,3341,65535)  #1E3A0DFF  srgba(30,58,13,1)
12,0: (7967,14649,3341,65535)  #1F390DFF  srgba(31,57,13,1)
13,0: (8481,13364,2827,65535)  #21340BFF  srgba(33,52,11,1)
14,0: (8738,12336,2056,65535)  #223008FF  srgba(34,48,8,1)
15,0: (8738,13621,2827,65535)  #22350BFF  srgba(34,53,11,1)
0,1: (8738,15677,3598,65535)  #223D0EFF  srgba(34,61,14,1)
1,1: (8995,13107,2570,65535)  #23330AFF  srgba(35,51,10,1)
2,1: (8995,13878,3084,65535)  #23360CFF  srgba(35,54,12,1)
3,1: (9509,10537,3598,65535)  #25290EFF  srgba(37,41,14,1)
4,1: (9766,12336,2056,65535)  #263008FF  srgba(38,48,8,1)
5,1: (9766,12850,2827,65535)  #26320BFF  srgba(38,50,11,1)
6,1: (9766,13107,2827,65535)  #26330BFF  srgba(38,51,11,1)
7,1: (10023,12593,2313,65535)  #273109FF  srgba(39,49,9,1)
8,1: (10280,11565,2570,65535)  #282D0AFF  srgba(40,45,10,1)
9,1: (10280,11822,2570,65535)  #282E0AFF  srgba(40,46,10,1)
10,1: (10280,11822,2827,65535)  #282E0BFF  srgba(40,46,11,1)
11,1: (10537,12336,3084,65535)  #29300CFF  srgba(41,48,12,1)
12,1: (10537,12593,2570,65535)  #29310AFF  srgba(41,49,10,1)
13,1: (10537,13621,3341,65535)  #29350DFF  srgba(41,53,13,1)
14,1: (10794,12079,2056,65535)  #2A2F08FF  srgba(42,47,8,1)
15,1: (10794,12336,2570,65535)  #2A300AFF  srgba(42,48,10,1)
0,2: (11822,11565,2056,65535)  #2E2D08FF  srgba(46,45,8,1)
1,2: (12593,11565,2570,65535)  #312D0AFF  srgba(49,45,10,1)
2,2: (12593,11822,3084,65535)  #312E0CFF  srgba(49,46,12,1)
3,2: (13107,11822,3341,65535)  #332E0DFF  srgba(51,46,13,1)
4,2: (13364,9766,1542,65535)  #342606FF  srgba(52,38,6,1)
5,2: (13621,10537,2056,65535)  #352908FF  srgba(53,41,8,1)
6,2: (14392,11822,3855,65535)  #382E0FFF  srgba(56,46,15,1)
7,2: (14649,8995,1285,65535)  #392305FF  srgba(57,35,5,1)
8,2: (14649,9252,2056,65535)  #392408FF  srgba(57,36,8,1)
9,2: (14649,9766,3084,65535)  #39260CFF  srgba(57,38,12,1)
10,2: (14906,9252,2570,65535)  #3A240AFF  srgba(58,36,10,1)
11,2: (15677,7710,1028,65535)  #3D1E04FF  srgba(61,30,4,1)
12,2: (15934,5654,514,65535)  #3E1602FF  srgba(62,22,2,1)
13,2: (16448,8995,1285,65535)  #402305FF  srgba(64,35,5,1)
14,2: (17733,10537,4369,65535)  #452911FF  srgba(69,41,17,1)
15,2: (18247,8995,3341,65535)  #47230DFF  srgba(71,35,13,1)
0,3: (19018,8995,3855,65535)  #4A230FFF  srgba(74,35,15,1)
1,3: (19275,6168,1028,65535)  #4B1804FF  srgba(75,24,4,1)
2,3: (19275,7710,2056,65535)  #4B1E08FF  srgba(75,30,8,1)
3,3: (19275,10280,5397,65535)  #4B2815FF  srgba(75,40,21,1)
4,3: (19532,19018,4369,65535)  #4C4A11FF  srgba(76,74,17,1)
5,3: (21074,7196,2570,65535)  #521C0AFF  srgba(82,28,10,1)
6,3: (21074,7967,3084,65535)  #521F0CFF  srgba(82,31,12,1)
7,3: (21845,5654,2056,65535)  #551608FF  srgba(85,22,8,1)
8,3: (21845,5911,1028,65535)  #551704FF  srgba(85,23,4,1)
9,3: (22616,4112,771,65535)  #581003FF  srgba(88,16,3,1)
10,3: (25443,3598,771,65535)  #630E03FF  srgba(99,14,3,1)
11,3: (25700,8224,2570,65535)  #64200AFF  srgba(100,32,10,1)
12,3: (25957,5397,1285,65535)  #651505FF  srgba(101,21,5,1)
13,3: (25957,5397,2570,65535)  #65150AFF  srgba(101,21,10,1)
14,3: (26214,3855,1799,65535)  #660F07FF  srgba(102,15,7,1)
15,3: (27756,3341,1028,65535)  #6C0D04FF  srgba(108,13,4,1)
0,4: (28270,3855,2056,65535)  #6E0F08FF  srgba(110,15,8,1)
1,4: (29555,5140,2056,65535)  #731408FF  srgba(115,20,8,1)
2,4: (29555,12850,6168,65535)  #733218FF  srgba(115,50,24,1)
3,4: (29555,14392,2313,65535)  #733809FF  srgba(115,56,9,1)
4,4: (30583,3341,1285,65535)  #770D05FF  srgba(119,13,5,1)
5,4: (30583,8481,2570,65535)  #77210AFF  srgba(119,33,10,1)
6,4: (30840,3598,2570,65535)  #780E0AFF  srgba(120,14,10,1)
7,4: (31097,18761,2827,65535)  #79490BFF  srgba(121,73,11,1)
8,4: (32639,5397,2827,65535)  #7F150BFF  srgba(127,21,11,1)
9,4: (32639,27499,7196,65535)  #7F6B1CFF  srgba(127,107,28,1)
10,4: (32896,37522,9252,65535)  #809224FF  srgba(128,146,36,1)
11,4: (33410,37265,8738,65535)  #829122FF  srgba(130,145,34,1)
12,4: (33667,3855,1799,65535)  #830F07FF  srgba(131,15,7,1)
13,4: (33924,2827,1542,65535)  #840B06FF  srgba(132,11,6,1)
14,4: (34181,3855,3084,65535)  #850F0CFF  srgba(133,15,12,1)
15,4: (34181,36237,8481,65535)  #858D21FF  srgba(133,141,33,1)
0,5: (34952,30326,9766,65535)  #887626FF  srgba(136,118,38,1)
1,5: (34952,35209,8224,65535)  #888920FF  srgba(136,137,32,1)
2,5: (35209,3341,14906,65535)  #890D3AFF  srgba(137,13,58,1)
3,5: (35209,21588,3341,65535)  #89540DFF  srgba(137,84,13,1)
4,5: (35209,34181,7967,65535)  #89851FFF  srgba(137,133,31,1)
5,5: (35466,37265,9509,65535)  #8A9125FF  srgba(138,145,37,1)
6,5: (35723,8738,2570,65535)  #8B220AFF  srgba(139,34,10,1)
7,5: (35723,12850,6168,65535)  #8B3218FF  srgba(139,50,24,1)
8,5: (35980,5140,3084,65535)  #8C140CFF  srgba(140,20,12,1)
9,5: (36494,6168,5911,65535)  #8E1817FF  srgba(142,24,23,1)
10,5: (36494,16448,7967,65535)  #8E401FFF  srgba(142,64,31,1)
11,5: (36494,35209,9509,65535)  #8E8925FF  srgba(142,137,37,1)
12,5: (36751,4369,10537,65535)  #8F1129FF  srgba(143,17,41,1)
13,5: (36751,6682,15677,65535)  #8F1A3DFF  srgba(143,26,61,1)
14,5: (37265,3598,2056,65535)  #910E08FF  srgba(145,14,8,1)
15,5: (37265,8481,7967,65535)  #91211FFF  srgba(145,33,31,1)
0,6: (37265,14392,2827,65535)  #91380BFF  srgba(145,56,11,1)
1,6: (37522,3855,3855,65535)  #920F0FFF  srgba(146,15,15,1)
2,6: (37779,34181,8224,65535)  #938520FF  srgba(147,133,32,1)
3,6: (38036,16448,10280,65535)  #944028FF  srgba(148,64,40,1)
4,6: (38807,29041,7453,65535)  #97711DFF  srgba(151,113,29,1)
5,6: (38807,32639,7967,65535)  #977F1FFF  srgba(151,127,31,1)
6,6: (39064,5397,3341,65535)  #98150DFF  srgba(152,21,13,1)
7,6: (39064,31354,9766,65535)  #987A26FF  srgba(152,122,38,1)
8,6: (39321,12336,23644,65535)  #99305CFF  srgba(153,48,92,1)
9,6: (39835,3855,3084,65535)  #9B0F0CFF  srgba(155,15,12,1)
10,6: (39835,8738,2827,65535)  #9B220BFF  srgba(155,34,11,1)
11,6: (39835,28527,4112,65535)  #9B6F10FF  srgba(155,111,16,1)
12,6: (40606,10280,6168,65535)  #9E2818FF  srgba(158,40,24,1)
13,6: (40606,24415,4112,65535)  #9E5F10FF  srgba(158,95,16,1)
14,6: (40863,16448,6425,65535)  #9F4019FF  srgba(159,64,25,1)
15,6: (40863,18504,3341,65535)  #9F480DFF  srgba(159,72,13,1)
0,7: (41120,35209,12079,65535)  #A0892FFF  srgba(160,137,47,1)
1,7: (41377,5911,5911,65535)  #A11717FF  srgba(161,23,23,1)
2,7: (41634,4883,21845,65535)  #A21355FF  srgba(162,19,85,1)
3,7: (41891,3598,2827,65535)  #A30E0BFF  srgba(163,14,11,1)
4,7: (41891,4112,16705,65535)  #A31041FF  srgba(163,16,65,1)
5,7: (41891,30583,7967,65535)  #A3771FFF  srgba(163,119,31,1)
6,7: (42405,5140,3598,65535)  #A5140EFF  srgba(165,20,14,1)
7,7: (42405,29812,9766,65535)  #A57426FF  srgba(165,116,38,1)
8,7: (42405,32639,7967,65535)  #A57F1FFF  srgba(165,127,31,1)
9,7: (42662,6168,16962,65535)  #A61842FF  srgba(166,24,66,1)
10,7: (42919,29812,12079,65535)  #A7742FFF  srgba(167,116,47,1)
11,7: (42919,31611,7967,65535)  #A77B1FFF  srgba(167,123,31,1)
12,7: (43176,14392,3084,65535)  #A8380CFF  srgba(168,56,12,1)
13,7: (43433,8995,2827,65535)  #A9230BFF  srgba(169,35,11,1)
14,7: (43690,15163,14906,65535)  #AA3B3AFF  srgba(170,59,58,1)
15,7: (43947,3855,2827,65535)  #AB0F0BFF  srgba(171,15,11,1)
0,8: (44204,9766,7967,65535)  #AC261FFF  srgba(172,38,31,1)
1,8: (44461,17219,7967,65535)  #AD431FFF  srgba(173,67,31,1)
2,8: (44718,27499,7453,65535)  #AE6B1DFF  srgba(174,107,29,1)
3,8: (45232,5397,3598,65535)  #B0150EFF  srgba(176,21,14,1)
4,8: (45489,21845,3855,65535)  #B1550FFF  srgba(177,85,15,1)
5,8: (45489,35466,14135,65535)  #B18A37FF  srgba(177,138,55,1)
6,8: (45746,11308,10280,65535)  #B22C28FF  srgba(178,44,40,1)
7,8: (46003,18761,10280,65535)  #B34928FF  srgba(179,73,40,1)
8,8: (46003,24415,12079,65535)  #B35F2FFF  srgba(179,95,47,1)
9,8: (46260,6682,23387,65535)  #B41A5BFF  srgba(180,26,91,1)
10,8: (46260,30326,7967,65535)  #B4761FFF  srgba(180,118,31,1)
11,8: (46517,7196,6168,65535)  #B51C18FF  srgba(181,28,24,1)
12,8: (46517,23901,7196,65535)  #B55D1CFF  srgba(181,93,28,1)
13,8: (46774,13107,6425,65535)  #B63319FF  srgba(182,51,25,1)
14,8: (47031,18761,3598,65535)  #B7490EFF  srgba(183,73,14,1)
15,8: (47288,8995,3084,65535)  #B8230CFF  srgba(184,35,12,1)
0,9: (47288,25443,14135,65535)  #B86337FF  srgba(184,99,55,1)
1,9: (47545,3855,2570,65535)  #B90F0AFF  srgba(185,15,10,1)
2,9: (47545,19018,6425,65535)  #B94A19FF  srgba(185,74,25,1)
3,9: (48316,28270,9766,65535)  #BC6E26FF  srgba(188,110,38,1)
4,9: (48573,14906,3341,65535)  #BD3A0DFF  srgba(189,58,13,1)
5,9: (49087,11565,7967,65535)  #BF2D1FFF  srgba(191,45,31,1)
6,9: (49601,19018,7967,65535)  #C14A1FFF  srgba(193,74,31,1)
7,9: (49601,23644,9766,65535)  #C15C26FF  srgba(193,92,38,1)
8,9: (49858,5654,3598,65535)  #C2160EFF  srgba(194,22,14,1)
9,9: (50372,8738,16191,65535)  #C4223FFF  srgba(196,34,63,1)
10,9: (50372,26985,7710,65535)  #C4691EFF  srgba(196,105,30,1)
11,9: (50629,23387,7196,65535)  #C55B1CFF  srgba(197,91,28,1)
12,9: (50886,9252,3084,65535)  #C6240CFF  srgba(198,36,12,1)
13,9: (50886,21074,3855,65535)  #C6520FFF  srgba(198,82,15,1)
14,9: (51143,10023,23644,65535)  #C7275CFF  srgba(199,39,92,1)
15,9: (51143,25443,3341,65535)  #C7630DFF  srgba(199,99,13,1)
0,10: (51400,17733,13878,65535)  #C84536FF  srgba(200,69,54,1)
1,10: (51657,13364,10280,65535)  #C93428FF  srgba(201,52,40,1)
2,10: (51657,19532,10023,65535)  #C94C27FF  srgba(201,76,39,1)
3,10: (51657,36494,7453,65535)  #C98E1DFF  srgba(201,142,29,1)
4,10: (51914,18761,3855,65535)  #CA490FFF  srgba(202,73,15,1)
5,10: (51914,19789,6168,65535)  #CA4D18FF  srgba(202,77,24,1)
6,10: (52171,8224,30326,65535)  #CB2076FF  srgba(203,32,118,1)
7,10: (52428,6682,24672,65535)  #CC1A60FF  srgba(204,26,96,1)
8,10: (52428,7196,6168,65535)  #CC1C18FF  srgba(204,28,24,1)
9,10: (52685,14906,3341,65535)  #CD3A0DFF  srgba(205,58,13,1)
10,10: (52685,38293,16191,65535)  #CD953FFF  srgba(205,149,63,1)
11,10: (52942,11308,6168,65535)  #CE2C18FF  srgba(206,44,24,1)
12,10: (53713,15934,6168,65535)  #D13E18FF  srgba(209,62,24,1)
13,10: (53713,22873,7453,65535)  #D1591DFF  srgba(209,89,29,1)
14,10: (53970,9766,3341,65535)  #D2260DFF  srgba(210,38,13,1)
15,10: (54227,11822,7967,65535)  #D32E1FFF  srgba(211,46,31,1)
0,11: (54227,26214,16191,65535)  #D3663FFF  srgba(211,102,63,1)
1,11: (54484,16705,7967,65535)  #D4411FFF  srgba(212,65,31,1)
2,11: (54484,19789,7967,65535)  #D44D1FFF  srgba(212,77,31,1)
3,11: (54741,19275,6425,65535)  #D54B19FF  srgba(213,75,25,1)
4,11: (56283,24415,12079,65535)  #DB5F2FFF  srgba(219,95,47,1)
5,11: (56283,29812,12079,65535)  #DB742FFF  srgba(219,116,47,1)
6,11: (56540,40606,14392,65535)  #DC9E38FF  srgba(220,158,56,1)
7,11: (56797,14649,3855,65535)  #DD390FFF  srgba(221,57,15,1)
8,11: (56797,22873,10023,65535)  #DD5927FF  srgba(221,89,39,1)
9,11: (57054,19789,10023,65535)  #DE4D27FF  srgba(222,77,39,1)
10,11: (57054,41120,12336,65535)  #DEA030FF  srgba(222,160,48,1)
11,11: (57568,17476,6425,65535)  #E04419FF  srgba(224,68,25,1)
12,11: (57568,17733,4112,65535)  #E04510FF  srgba(224,69,16,1)
13,11: (57825,10280,3855,65535)  #E1280FFF  srgba(225,40,15,1)
14,11: (57825,26728,10023,65535)  #E16827FF  srgba(225,104,39,1)
15,11: (57825,27499,7196,65535)  #E16B1CFF  srgba(225,107,28,1)
0,12: (58082,18504,7967,65535)  #E2481FFF  srgba(226,72,31,1)
1,12: (58082,21331,3855,65535)  #E2530FFF  srgba(226,83,15,1)
2,12: (58082,23130,7453,65535)  #E25A1DFF  srgba(226,90,29,1)
3,12: (58339,8738,15934,65535)  #E3223EFF  srgba(227,34,62,1)
4,12: (58339,29298,17990,65535)  #E37246FF  srgba(227,114,70,1)
5,12: (58596,9252,31611,65535)  #E4247BFF  srgba(228,36,123,1)
6,12: (58596,25186,3855,65535)  #E4620FFF  srgba(228,98,15,1)
7,12: (58596,25957,14135,65535)  #E46537FF  srgba(228,101,55,1)
8,12: (58853,30583,4112,65535)  #E57710FF  srgba(229,119,16,1)
9,12: (59110,12336,10023,65535)  #E63027FF  srgba(230,48,39,1)
10,12: (59624,12593,23901,65535)  #E8315DFF  srgba(232,49,93,1)
11,12: (59881,13878,6168,65535)  #E93618FF  srgba(233,54,24,1)
12,12: (59881,16705,10023,65535)  #E94127FF  srgba(233,65,39,1)
13,12: (60138,8995,34952,65535)  #EA2388FF  srgba(234,35,136,1)
14,12: (60395,40863,14135,65535)  #EB9F37FF  srgba(235,159,55,1)
15,12: (61166,11308,7967,65535)  #EE2C1FFF  srgba(238,44,31,1)
0,13: (61166,14135,4369,65535)  #EE3711FF  srgba(238,55,17,1)
1,13: (61166,15163,7967,65535)  #EE3B1FFF  srgba(238,59,31,1)
2,13: (61166,15420,6425,65535)  #EE3C19FF  srgba(238,60,25,1)
3,13: (61166,17990,6425,65535)  #EE4619FF  srgba(238,70,25,1)
4,13: (61166,18247,14135,65535)  #EE4737FF  srgba(238,71,55,1)
5,13: (61166,39578,16191,65535)  #EE9A3FFF  srgba(238,154,63,1)
6,13: (61423,9766,6168,65535)  #EF2618FF  srgba(239,38,24,1)
7,13: (61937,17990,7967,65535)  #F1461FFF  srgba(241,70,31,1)
8,13: (61937,30583,19789,65535)  #F1774DFF  srgba(241,119,77,1)
9,13: (61937,32896,10023,65535)  #F18027FF  srgba(241,128,39,1)
10,13: (62194,11051,4626,65535)  #F22B12FF  srgba(242,43,18,1)
11,13: (62194,13621,7710,65535)  #F2351EFF  srgba(242,53,30,1)
12,13: (62451,12336,6168,65535)  #F33018FF  srgba(243,48,24,1)
13,13: (62451,31354,7453,65535)  #F37A1DFF  srgba(243,122,29,1)
14,13: (62451,35980,7710,65535)  #F38C1EFF  srgba(243,140,30,1)
15,13: (62708,19789,10280,65535)  #F44D28FF  srgba(244,77,40,1)
0,14: (62708,28270,12079,65535)  #F46E2FFF  srgba(244,110,47,1)
1,14: (62965,11308,6168,65535)  #F52C18FF  srgba(245,44,24,1)
2,14: (62965,23387,7453,65535)  #F55B1DFF  srgba(245,91,29,1)
3,14: (62965,36237,21845,65535)  #F58D55FF  srgba(245,141,85,1)
4,14: (62965,45489,12336,65535)  #F5B130FF  srgba(245,177,48,1)
5,14: (63222,10023,39321,65535)  #F62799FF  srgba(246,39,153,1)
6,14: (63222,27756,7453,65535)  #F66C1DFF  srgba(246,108,29,1)
7,14: (63222,37522,12079,65535)  #F6922FFF  srgba(246,146,47,1)
8,14: (63222,39321,25700,65535)  #F69964FF  srgba(246,153,100,1)
9,14: (63222,41377,10280,65535)  #F6A128FF  srgba(246,161,40,1)
10,14: (63479,13878,6425,65535)  #F73619FF  srgba(247,54,25,1)
11,14: (63479,25186,32639,65535)  #F7627FFF  srgba(247,98,127,1)
12,14: (63993,36751,10280,65535)  #F98F28FF  srgba(249,143,40,1)
13,14: (63993,41634,19789,65535)  #F9A24DFF  srgba(249,162,77,1)
14,14: (64250,30326,14135,65535)  #FA7637FF  srgba(250,118,55,1)
15,14: (64250,41634,17990,65535)  #FAA246FF  srgba(250,162,70,1)
0,15: (64507,24158,10023,65535)  #FB5E27FF  srgba(251,94,39,1)
1,15: (64507,28784,10023,65535)  #FB7027FF  srgba(251,112,39,1)
2,15: (64507,42662,14135,65535)  #FBA637FF  srgba(251,166,55,1)
3,15: (64764,30583,16191,65535)  #FC773FFF  srgba(252,119,63,1)
4,15: (64764,42662,16191,65535)  #FCA63FFF  srgba(252,166,63,1)
5,15: (65278,26728,12336,65535)  #FE6830FF  srgba(254,104,48,1)
6,15: (65278,32896,10280,65535)  #FE8028FF  srgba(254,128,40,1)
7,15: (65278,33153,12336,65535)  #FE8130FF  srgba(254,129,48,1)
8,15: (65278,37522,12336,65535)  #FE9230FF  srgba(254,146,48,1)
9,15: (65278,42662,12336,65535)  #FEA630FF  srgba(254,166,48,1)
10,15: (65535,30840,14392,65535)  #FF7838FF  srgba(255,120,56,1)
11,15: (65535,31097,17990,65535)  #FF7946FF  srgba(255,121,70,1)
12,15: (65535,31611,16191,65535)  #FF7B3FFF  srgba(255,123,63,1)
13,15: (65535,41634,14392,65535)  #FFA238FF  srgba(255,162,56,1)
14,15: (65535,42148,16191,65535)  #FFA43FFF  srgba(255,164,63,1)
15,15: (0,65535,0,0)  #00FF0000  srgba(0,255,0,0)
