# ImageMagick pixel enumeration: 16,16,65535,srgba
0,0: (0,0,0,65535)  #000000FF  black
1,0: (0,0,7967,65535)  #00001FFF  srgba(0,0,31,1)
2,0: (0,0,24929,65535)  #000061FF  srgba(0,0,97,1)
3,0: (0,0,27756,65535)  #00006CFF  srgba(0,0,108,1)
4,0: (0,0,50372,65535)  #0000C4FF  srgba(0,0,196,1)
5,0: (0,0,53713,65535)  #0000D1FF  srgba(0,0,209,1)
6,0: (0,0,55255,65535)  #0000D7FF  srgba(0,0,215,1)
7,0: (0,0,57054,65535)  #0000DEFF  srgba(0,0,222,1)
8,0: (0,0,58339,65535)  #0000E3FF  srgba(0,0,227,1)
9,0: (0,0,59881,65535)  #0000E9FF  srgba(0,0,233,1)
10,0: (0,0,60138,65535)  #0000EAFF  srgba(0,0,234,1)
11,0: (0,0,62194,65535)  #0000F2FF  srgba(0,0,242,1)
12,0: (0,0,63736,65535)  #0000F8FF  srgba(0,0,248,1)
13,0: (0,0,63993,65535)  #0000F9FF  srgba(0,0,249,1)
14,0: (0,0,63993,65535)  #0000F9FF  srgba(0,0,249,1)
15,0: (0,0,65021,65535)  #0000FDFF  srgba(0,0,253,1)
0,1: (0,257,0,65535)  #000100FF  srgba(0,1,0,1)
1,1: (0,257,57568,65535)  #0001E0FF  srgba(0,1,224,1)
2,1: (0,1028,50629,65535)  #0004C5FF  srgba(0,4,197,1)
3,1: (0,1028,54227,65535)  #0004D3FF  srgba(0,4,211,1)
4,1: (0,1542,3084,65535)  #00060CFF  srgba(0,6,12,1)
5,1: (0,6939,18761,65535)  #001B49FF  srgba(0,27,73,1)
6,1: (0,9766,58082,65535)  #0026E2FF  srgba(0,38,226,1)
7,1: (0,17990,56026,65535)  #0046DAFF  srgba(0,70,218,1)
8,1: (0,18761,59367,65535)  #0049E7FF  srgba(0,73,231,1)
9,1: (0,19018,63222,65535)  #004AF6FF  srgba(0,74,246,1)
10,1: (0,20046,52942,65535)  #004ECEFF  srgba(0,78,206,1)
11,1: (0,20560,50115,65535)  #0050C3FF  srgba(0,80,195,1)
12,1: (0,21588,47802,65535)  #0054BAFF  srgba(0,84,186,1)
13,1: (0,24929,56026,65535)  #0061DAFF  srgba(0,97,218,1)
14,1: (0,25957,45489,65535)  #0065B1FF  srgba(0,101,177,1)
15,1: (0,27499,59367,65535)  #006BE7FF  srgba(0,107,231,1)
0,2: (0,30069,62965,65535)  #0075F5FF  srgba(0,117,245,1)
1,2: (0,34438,52942,65535)  #0086CEFF  srgba(0,134,206,1)
2,2: (0,34695,42405,65535)  #0087A5FF  srgba(0,135,165,1)
3,2: (0,34695,59110,65535)  #0087E6FF  srgba(0,135,230,1)
4,2: (0,36751,50115,65535)  #008FC3FF  srgba(0,143,195,1)
5,2: (0,37008,63479,65535)  #0090F7FF  srgba(0,144,247,1)
6,2: (0,38293,56026,65535)  #0095DAFF  srgba(0,149,218,1)
7,2: (0,39321,47802,65535)  #0099BAFF  srgba(0,153,186,1)
8,2: (0,40606,33924,65535)  #009E84FF  srgba(0,158,132,1)
9,2: (0,41891,64250,65535)  #00A3FAFF  srgba(0,163,250,1)
10,2: (0,42148,59367,65535)  #00A4E7FF  srgba(0,164,231,1)
11,2: (0,43176,65021,65535)  #00A8FDFF  srgba(0,168,253,1)
12,2: (0,43433,52942,65535)  #00A9CEFF  srgba(0,169,206,1)
13,2: (0,43690,45489,65535)  #00AAB1FF  srgba(0,170,177,1)
14,2: (0,43690,49858,65535)  #00AAC2FF  srgba(0,170,194,1)
15,2: (0,43690,56283,65535)  #00AADBFF  srgba(0,170,219,1)
0,3: (0,43690,59110,65535)  #00AAE6FF  srgba(0,170,230,1)
1,3: (0,43947,47802,65535)  #00ABBAFF  srgba(0,171,186,1)
2,3: (0,43947,63993,65535)  #00ABF9FF  srgba(0,171,249,1)
3,3: (257,0,0,65535)  #010000FF  srgba(1,0,0,1)
4,3: (257,1285,42148,65535)  #0105A4FF  srgba(1,5,164,1)
5,3: (257,1799,61680,65535)  #0107F0FF  srgba(1,7,240,1)
6,3: (257,3598,58082,65535)  #010EE2FF  srgba(1,14,226,1)
7,3: (257,8224,43947,65535)  #0120ABFF  srgba(1,32,171,1)
8,3: (257,8481,54227,65535)  #0121D3FF  srgba(1,33,211,1)
9,3: (257,8995,50372,65535)  #0123C4FF  srgba(1,35,196,1)
10,3: (514,0,514,65535)  #020002FF  srgba(2,0,2,1)
11,3: (514,5911,62708,65535)  #0217F4FF  srgba(2,23,244,1)
12,3: (514,11822,63222,65535)  #022EF6FF  srgba(2,46,246,1)
13,3: (771,0,56540,65535)  #0300DCFF  srgba(3,0,220,1)
14,3: (771,0,63736,65535)  #0300F8FF  srgba(3,0,248,1)
15,3: (771,2056,64507,65535)  #0308FBFF  srgba(3,8,251,1)
0,4: (1028,1799,27499,65535)  #04076BFF  srgba(4,7,107,1)
1,4: (1285,0,50372,65535)  #0500C4FF  srgba(5,0,196,1)
2,4: (1285,0,54227,65535)  #0500D3FF  srgba(5,0,211,1)
3,4: (1799,0,27756,65535)  #07006CFF  srgba(7,0,108,1)
4,4: (1799,0,59367,65535)  #0700E7FF  srgba(7,0,231,1)
5,4: (2056,0,46774,65535)  #0800B6FF  srgba(8,0,182,1)
6,4: (2056,21074,56283,65535)  #0852DBFF  srgba(8,82,219,1)
7,4: (2056,43176,56283,65535)  #08A8DBFF  srgba(8,168,219,1)
8,4: (2056,43176,62965,65535)  #08A8F5FF  srgba(8,168,245,1)
9,4: (2313,36751,56540,65535)  #098FDCFF  srgba(9,143,220,1)
10,4: (2570,39064,63736,65535)  #0A98F8FF  srgba(10,152,248,1)
11,4: (2827,16962,63736,65535)  #0B42F8FF  srgba(11,66,248,1)
12,4: (2827,32639,63993,65535)  #0B7FF9FF  srgba(11,127,249,1)
13,4: (3084,22102,63736,65535)  #0C56F8FF  srgba(12,86,248,1)
14,4: (3341,0,63736,65535)  #0D00F8FF  srgba(13,0,248,1)
15,4: (3341,7710,64764,65535)  #0D1EFCFF  srgba(13,30,252,1)
0,5: (3341,13878,64764,65535)  #0D36FCFF  srgba(13,54,252,1)
1,5: (3341,27756,63993,65535)  #0D6CF9FF  srgba(13,108,249,1)
2,5: (3598,3598,27499,65535)  #0E0E6BFF  srgba(14,14,107,1)
3,5: (3598,44204,49858,65535)  #0EACC2FF  srgba(14,172,194,1)
4,5: (4369,1799,64507,65535)  #1107FBFF  srgba(17,7,251,1)
5,5: (4369,5654,60138,65535)  #1116EAFF  srgba(17,22,234,1)
6,5: (4369,12336,60138,65535)  #1130EAFF  srgba(17,48,234,1)
7,5: (4626,8481,55512,65535)  #1221D8FF  srgba(18,33,216,1)
8,5: (4626,41120,50115,65535)  #12A0C3FF  srgba(18,160,195,1)
9,5: (4626,44461,44204,65535)  #12ADACFF  srgba(18,173,172,1)
10,5: (4883,1285,60138,65535)  #1305EAFF  srgba(19,5,234,1)
11,5: (5140,22359,56540,65535)  #1457DCFF  srgba(20,87,220,1)
12,5: (5654,1028,55512,65535)  #1604D8FF  srgba(22,4,216,1)
13,5: (6168,10023,65021,65535)  #1827FDFF  srgba(24,39,253,1)
14,5: (6425,4883,51143,65535)  #1913C7FF  srgba(25,19,199,1)
15,5: (6939,37008,56026,65535)  #1B90DAFF  srgba(27,144,218,1)
0,6: (7196,22616,50115,65535)  #1C58C3FF  srgba(28,88,195,1)
1,6: (7710,5140,35723,65535)  #1E148BFF  srgba(30,20,139,1)
2,6: (7967,5140,45746,65535)  #1F14B2FF  srgba(31,20,178,1)
3,6: (8224,24929,64507,65535)  #2061FBFF  srgba(32,97,251,1)
4,6: (8738,0,63993,65535)  #2200F9FF  srgba(34,0,249,1)
5,6: (8738,31097,64250,65535)  #2279FAFF  srgba(34,121,250,1)
6,6: (8995,19018,64507,65535)  #234AFBFF  srgba(35,74,251,1)
7,6: (9252,1028,64507,65535)  #2404FBFF  srgba(36,4,251,1)
8,6: (9252,38807,63736,65535)  #2497F8FF  srgba(36,151,248,1)
9,6: (9766,44461,62965,65535)  #26ADF5FF  srgba(38,173,245,1)
10,6: (10023,42148,44461,65535)  #27A4ADFF  srgba(39,164,173,1)
11,6: (10023,44718,39064,65535)  #27AE98FF  srgba(39,174,152,1)
12,6: (10023,44975,31354,65535)  #27AF7AFF  srgba(39,175,122,1)
13,6: (10537,0,54227,65535)  #2900D3FF  srgba(41,0,211,1)
14,6: (10537,0,59367,65535)  #2900E7FF  srgba(41,0,231,1)
15,6: (11051,28527,44461,65535)  #2B6FADFF  srgba(43,111,173,1)
0,7: (11051,42405,55255,65535)  #2BA5D7FF  srgba(43,165,215,1)
1,7: (11308,0,50372,65535)  #2C00C4FF  srgba(44,0,196,1)
2,7: (11308,10023,64764,65535)  #2C27FCFF  srgba(44,39,252,1)
3,7: (11308,33924,35466,65535)  #2C848AFF  srgba(44,132,138,1)
4,7: (11308,42148,39835,65535)  #2CA49BFF  srgba(44,164,155,1)
5,7: (11565,34438,29555,65535)  #2D8673FF  srgba(45,134,115,1)
6,7: (11565,37008,49601,65535)  #2D90C1FF  srgba(45,144,193,1)
7,7: (12079,45489,55512,65535)  #2FB1D8FF  srgba(47,177,216,1)
8,7: (12336,0,63736,65535)  #3000F8FF  srgba(48,0,248,1)
9,7: (12336,32125,39578,65535)  #307D9AFF  srgba(48,125,154,1)
10,7: (13107,39578,44718,65535)  #339AAEFF  srgba(51,154,174,1)
11,7: (13621,44461,49601,65535)  #35ADC1FF  srgba(53,173,193,1)
12,7: (13878,21588,56283,65535)  #3654DBFF  srgba(54,84,219,1)
13,7: (14135,1028,64507,65535)  #3704FBFF  srgba(55,4,251,1)
14,7: (14135,44975,44204,65535)  #37AFACFF  srgba(55,175,172,1)
15,7: (14649,514,60138,65535)  #3902EAFF  srgba(57,2,234,1)
0,8: (14649,6682,59881,65535)  #391AE9FF  srgba(57,26,233,1)
1,8: (15163,0,46774,65535)  #3B00B6FF  srgba(59,0,182,1)
2,8: (15677,0,22616,65535)  #3D0058FF  srgba(61,0,88,1)
3,8: (15677,40863,49601,65535)  #3D9FC1FF  srgba(61,159,193,1)
4,8: (16191,37265,55512,65535)  #3F91D8FF  srgba(63,145,216,1)
5,8: (17476,0,63993,65535)  #4400F9FF  srgba(68,0,249,1)
6,8: (17476,4369,55512,65535)  #4411D8FF  srgba(68,17,216,1)
7,8: (19789,0,59110,65535)  #4D00E6FF  srgba(77,0,230,1)
8,8: (19789,34695,63479,65535)  #4D87F7FF  srgba(77,135,247,1)
9,8: (20560,4626,51143,65535)  #5012C7FF  srgba(80,18,199,1)
10,8: (21588,4883,25700,65535)  #541364FF  srgba(84,19,100,1)
11,8: (21588,10023,64764,65535)  #5427FCFF  srgba(84,39,252,1)
12,8: (21588,21331,63993,65535)  #5453F9FF  srgba(84,83,249,1)
13,8: (21845,771,64507,65535)  #5503FBFF  srgba(85,3,251,1)
14,8: (22616,3084,64764,65535)  #580CFCFF  srgba(88,12,252,1)
15,8: (23130,0,42662,65535)  #5A00A6FF  srgba(90,0,166,1)
0,9: (23901,0,54227,65535)  #5D00D3FF  srgba(93,0,211,1)
1,9: (24929,0,50115,65535)  #6100C3FF  srgba(97,0,195,1)
2,9: (24929,42662,63222,65535)  #61A6F6FF  srgba(97,166,246,1)
3,9: (25443,4112,59881,65535)  #6310E9FF  srgba(99,16,233,1)
4,9: (25443,47802,63222,65535)  #63BAF6FF  srgba(99,186,246,1)
5,9: (25700,41120,51914,65535)  #64A0CAFF  srgba(100,160,202,1)
6,9: (26471,0,63736,65535)  #6700F8FF  srgba(103,0,248,1)
7,9: (28784,5397,45489,65535)  #7015B1FF  srgba(112,21,177,1)
8,9: (28784,46774,38550,65535)  #70B696FF  srgba(112,182,150,1)
9,9: (29555,5654,36494,65535)  #73168EFF  srgba(115,22,142,1)
10,9: (30069,48059,52685,65535)  #75BBCDFF  srgba(117,187,205,1)
11,9: (30326,34695,63222,65535)  #7687F6FF  srgba(118,135,246,1)
12,9: (30326,44975,51914,65535)  #76AFCAFF  srgba(118,175,202,1)
13,9: (30583,20560,53713,65535)  #7750D1FF  srgba(119,80,209,1)
14,9: (30583,32125,53456,65535)  #777DD0FF  srgba(119,125,208,1)
15,9: (30840,4369,55512,65535)  #7811D8FF  srgba(120,17,216,1)
0,10: (31611,771,64507,65535)  #7B03FBFF  srgba(123,3,251,1)
1,10: (32125,0,59110,65535)  #7D00E6FF  srgba(125,0,230,1)
2,10: (32125,4883,50886,65535)  #7D13C6FF  srgba(125,19,198,1)
3,10: (32639,21331,63736,65535)  #7F53F8FF  srgba(127,83,248,1)
4,10: (32896,42662,42662,65535)  #80A6A6FF  srgba(128,166,166,1)
5,10: (33153,3855,59881,65535)  #810FE9FF  srgba(129,15,233,1)
6,10: (33410,37522,42919,65535)  #8292A7FF  srgba(130,146,167,1)
7,10: (34181,2827,64764,65535)  #850BFCFF  srgba(133,11,252,1)
8,10: (34181,33924,36237,65535)  #85848DFF  srgba(133,132,141,1)
9,10: (34695,0,46517,65535)  #8700B5FF  srgba(135,0,181,1)
10,10: (34695,9252,64507,65535)  #8724FBFF  srgba(135,36,251,1)
11,10: (34695,39835,31097,65535)  #879B79FF  srgba(135,155,121,1)
12,10: (34695,40863,52171,65535)  #879FCBFF  srgba(135,159,203,1)
13,10: (34695,43176,36237,65535)  #87A88DFF  srgba(135,168,141,1)
14,10: (35723,23901,42919,65535)  #8B5DA7FF  srgba(139,93,167,1)
15,10: (35723,40863,23387,65535)  #8B9F5BFF  srgba(139,159,91,1)
0,11: (35980,0,63736,65535)  #8C00F8FF  srgba(140,0,248,1)
1,11: (36751,0,28013,65535)  #8F006DFF  srgba(143,0,109,1)
2,11: (39064,514,64507,65535)  #9802FBFF  srgba(152,2,251,1)
3,11: (40092,46517,37522,65535)  #9CB592FF  srgba(156,181,146,1)
4,11: (40349,0,54484,65535)  #9D00D4FF  srgba(157,0,212,1)
5,11: (41120,0,58853,65535)  #A000E5FF  srgba(160,0,229,1)
6,11: (41377,21331,63479,65535)  #A153F7FF  srgba(161,83,247,1)
7,11: (41891,43690,62965,65535)  #A3AAF5FF  srgba(163,170,245,1)
8,11: (42405,6168,59110,65535)  #A518E6FF  srgba(165,24,230,1)
9,11: (42662,514,59110,65535)  #A602E6FF  srgba(166,2,230,1)
10,11: (42919,45489,50629,65535)  #A7B1C5FF  srgba(167,177,197,1)
11,11: (43176,19789,52942,65535)  #A84DCEFF  srgba(168,77,206,1)
12,11: (43176,31354,52942,65535)  #A87ACEFF  srgba(168,122,206,1)
13,11: (44204,0,50115,65535)  #AC00C3FF  srgba(172,0,195,1)
14,11: (44204,5140,42148,65535)  #AC14A4FF  srgba(172,20,164,1)
15,11: (44461,46260,21588,65535)  #ADB454FF  srgba(173,180,84,1)
0,12: (44718,4112,45489,65535)  #AE10B1FF  srgba(174,16,177,1)
1,12: (44975,0,42919,65535)  #AF00A7FF  srgba(175,0,167,1)
2,12: (44975,3855,49087,65535)  #AF0FBFFF  srgba(175,15,191,1)
3,12: (44975,40606,52171,65535)  #AF9ECBFF  srgba(175,158,203,1)
4,12: (45746,6425,53456,65535)  #B219D0FF  srgba(178,25,208,1)
5,12: (46003,0,63736,65535)  #B300F8FF  srgba(179,0,248,1)
6,12: (46260,0,46774,65535)  #B400B6FF  srgba(180,0,182,1)
7,12: (46260,32639,63222,65535)  #B47FF6FF  srgba(180,127,246,1)
8,12: (46517,514,53456,65535)  #B502D0FF  srgba(181,2,208,1)
9,12: (46517,46260,36237,65535)  #B5B48DFF  srgba(181,180,141,1)
10,12: (47288,0,54484,65535)  #B800D4FF  srgba(184,0,212,1)
11,12: (47802,0,58853,65535)  #BA00E5FF  srgba(186,0,229,1)
12,12: (47802,1285,64507,65535)  #BA05FBFF  srgba(186,5,251,1)
13,12: (48059,8224,64507,65535)  #BB20FBFF  srgba(187,32,251,1)
14,12: (48316,257,64507,65535)  #BC01FBFF  srgba(188,1,251,1)
15,12: (48830,25700,43176,65535)  #BE64A8FF  srgba(190,100,168,1)
0,13: (50115,257,58853,65535)  #C301E5FF  srgba(195,1,229,1)
1,13: (50115,5397,38550,65535)  #C31596FF  srgba(195,21,150,1)
2,13: (50372,5140,58853,65535)  #C414E5FF  srgba(196,20,229,1)
3,13: (50629,4112,29041,65535)  #C51071FF  srgba(197,16,113,1)
4,13: (50886,45489,51657,65535)  #C6B1C9FF  srgba(198,177,201,1)
5,13: (51657,20046,53456,65535)  #C94ED0FF  srgba(201,78,208,1)
6,13: (51914,31354,53199,65535)  #CA7ACFFF  srgba(202,122,207,1)
7,13: (51914,42919,35723,65535)  #CAA78BFF  srgba(202,167,139,1)
8,13: (52428,0,63993,65535)  #CC00F9FF  srgba(204,0,249,1)
9,13: (52428,41120,42662,65535)  #CCA0A6FF  srgba(204,160,166,1)
10,13: (52685,21588,63479,65535)  #CD54F7FF  srgba(205,84,247,1)
11,13: (52942,40092,29555,65535)  #CE9C73FF  srgba(206,156,115,1)
12,13: (53199,42405,21331,65535)  #CFA553FF  srgba(207,165,83,1)
13,13: (53456,0,51143,65535)  #D000C7FF  srgba(208,0,199,1)
14,13: (53713,0,54741,65535)  #D100D5FF  srgba(209,0,213,1)
15,13: (53713,41891,62965,65535)  #D1A3F5FF  srgba(209,163,245,1)
0,14: (54741,0,58853,65535)  #D500E5FF  srgba(213,0,229,1)
1,14: (54741,31611,36237,65535)  #D57B8DFF  srgba(213,123,141,1)
2,14: (54741,46260,34438,65535)  #D5B486FF  srgba(213,180,134,1)
3,14: (55255,46260,19789,65535)  #D7B44DFF  srgba(215,180,77,1)
4,14: (56026,40092,52428,65535)  #DA9CCCFF  srgba(218,156,204,1)
5,14: (56797,4112,42405,65535)  #DD10A5FF  srgba(221,16,165,1)
6,14: (57054,3598,45489,65535)  #DE0EB1FF  srgba(222,14,177,1)
7,14: (57311,0,41634,65535)  #DF00A2FF  srgba(223,0,162,1)
8,14: (57311,0,47545,65535)  #DF00B9FF  srgba(223,0,185,1)
9,14: (57311,0,63993,65535)  #DF00F9FF  srgba(223,0,249,1)
10,14: (57311,3341,49087,65535)  #DF0DBFFF  srgba(223,13,191,1)
11,14: (57568,0,26728,65535)  #E00068FF  srgba(224,0,104,1)
12,14: (57568,0,44718,65535)  #E000AEFF  srgba(224,0,174,1)
13,14: (58339,1285,59110,65535)  #E305E6FF  srgba(227,5,230,1)
14,14: (58339,5140,53456,65535)  #E314D0FF  srgba(227,20,208,1)
15,14: (58596,257,64250,65535)  #E401FAFF  srgba(228,1,250,1)
0,15: (59110,2570,64250,65535)  #E60AFAFF  srgba(230,10,250,1)
1,15: (59624,8995,59110,65535)  #E823E6FF  srgba(232,35,230,1)
2,15: (59624,26985,42919,65535)  #E869A7FF  srgba(232,105,167,1)
3,15: (60138,0,58853,65535)  #EA00E5FF  srgba(234,0,229,1)
4,15: (60138,46003,18761,65535)  #EAB349FF  srgba(234,179,73,1)
5,15: (60395,257,53713,65535)  #EB01D1FF  srgba(235,1,209,1)
6,15: (61166,11051,64507,65535)  #EE2BFBFF  srgba(238,43,251,1)
7,15: (61166,32382,63479,65535)  #EE7EF7FF  srgba(238,126,247,1)
8,15: (61423,20560,53713,65535)  #EF50D1FF  srgba(239,80,209,1)
9,15: (61423,31097,53199,65535)  #EF79CFFF  srgba(239,121,207,1)
10,15: (61937,0,51143,65535)  #F100C7FF  srgba(241,0,199,1)
11,15: (62194,0,63736,65535)  #F200F8FF  srgba(242,0,248,1)
12,15: (62451,0,54741,65535)  #F300D5FF  srgba(243,0,213,1)
13,15: (62451,0,58596,65535)  #F300E4FF  srgba(243,0,228,1)
14,15: (63479,21331,63993,65535)  #F753F9FF  srgba(247,83,249,1)
15,15: (0,65535,0,0)  #00FF0000  srgba(0,255,0,0)
