# ImageMagick pixel enumeration: 16,16,65535,srgba
0,0: (23130,17476,18247,65535)  #5A4447FF  srgba(90,68,71,1)
1,0: (25957,19275,29041,65535)  #654B71FF  srgba(101,75,113,1)
2,0: (26214,17990,21331,65535)  #664653FF  srgba(102,70,83,1)
3,0: (26728,24158,29555,65535)  #685E73FF  srgba(104,94,115,1)
4,0: (26985,20817,28527,65535)  #69516FFF  srgba(105,81,111,1)
5,0: (28013,38036,50886,65535)  #6D94C6FF  srgba(109,148,198,1)
6,0: (28270,42148,39064,65535)  #6EA498FF  srgba(110,164,152,1)
7,0: (28527,44204,39578,65535)  #6FAC9AFF  srgba(111,172,154,1)
8,0: (29555,22102,33410,65535)  #735682FF  srgba(115,86,130,1)
9,0: (29555,44204,40606,65535)  #73AC9EFF  srgba(115,172,158,1)
10,0: (29555,44461,42148,65535)  #73ADA4FF  srgba(115,173,164,1)
11,0: (29812,37265,50372,65535)  #7491C4FF  srgba(116,145,196,1)
12,0: (30326,30069,34438,65535)  #767586FF  srgba(118,117,134,1)
13,0: (30583,18247,18247,65535)  #774747FF  srgba(119,71,71,1)
14,0: (30583,38807,38293,65535)  #779795FF  srgba(119,151,149,1)
15,0: (31354,39064,51143,65535)  #7A98C7FF  srgba(122,152,199,1)
0,1: (31611,42662,39064,65535)  #7BA698FF  srgba(123,166,152,1)
1,1: (31868,44975,39321,65535)  #7CAF99FF  srgba(124,175,153,1)
2,1: (32639,18247,21331,65535)  #7F4753FF  srgba(127,71,83,1)
3,1: (32896,28527,48316,65535)  #806FBCFF  srgba(128,111,188,1)
4,1: (34181,42662,42148,65535)  #85A6A4FF  srgba(133,166,164,1)
5,1: (34952,40863,50629,65535)  #889FC5FF  srgba(136,159,197,1)
6,1: (35980,21074,23387,65535)  #8C525BFF  srgba(140,82,91,1)
7,1: (35980,24158,24415,65535)  #8C5E5FFF  srgba(140,94,95,1)
8,1: (36494,35209,36751,65535)  #8E898FFF  srgba(142,137,143,1)
9,1: (36751,23901,33924,65535)  #8F5D84FF  srgba(143,93,132,1)
10,1: (37265,19532,31611,65535)  #914C7BFF  srgba(145,76,123,1)
11,1: (37522,18504,18247,65535)  #924847FF  srgba(146,72,71,1)
12,1: (37522,18761,20817,65535)  #924951FF  srgba(146,73,81,1)
13,1: (37522,21331,33410,65535)  #925382FF  srgba(146,83,130,1)
14,1: (38036,21074,21331,65535)  #945253FF  srgba(148,82,83,1)
15,1: (38036,21845,21588,65535)  #945554FF  srgba(148,85,84,1)
0,2: (38036,23901,22873,65535)  #945D59FF  srgba(148,93,89,1)
1,2: (38293,38036,50629,65535)  #9594C5FF  srgba(149,148,197,1)
2,2: (38807,43433,38550,65535)  #97A996FF  srgba(151,169,150,1)
3,2: (39321,43176,45489,65535)  #99A8B1FF  srgba(153,168,177,1)
4,2: (39578,45232,39064,65535)  #9AB098FF  srgba(154,176,152,1)
5,2: (39835,39064,50886,65535)  #9B98C6FF  srgba(155,152,198,1)
6,2: (40092,25443,47802,65535)  #9C63BAFF  srgba(156,99,186,1)
7,2: (40092,41377,51143,65535)  #9CA1C7FF  srgba(156,161,199,1)
8,2: (40092,42148,52428,65535)  #9CA4CCFF  srgba(156,164,204,1)
9,2: (41634,21588,24929,65535)  #A25461FF  srgba(162,84,97,1)
10,2: (41891,17476,18504,65535)  #A34448FF  srgba(163,68,72,1)
11,2: (41891,20303,19018,65535)  #A34F4AFF  srgba(163,79,74,1)
12,2: (41891,24415,26728,65535)  #A35F68FF  srgba(163,95,104,1)
13,2: (42148,20303,25700,65535)  #A44F64FF  srgba(164,79,100,1)
14,2: (42148,21331,32125,65535)  #A4537DFF  srgba(164,83,125,1)
15,2: (42405,21331,35466,65535)  #A5538AFF  srgba(165,83,138,1)
0,3: (42405,40606,50372,65535)  #A59EC4FF  srgba(165,158,196,1)
1,3: (42405,42148,52171,65535)  #A5A4CBFF  srgba(165,164,203,1)
2,3: (42662,19018,19532,65535)  #A64A4CFF  srgba(166,74,76,1)
3,3: (42662,19018,24672,65535)  #A64A60FF  srgba(166,74,96,1)
4,3: (42662,37265,50372,65535)  #A691C4FF  srgba(166,145,196,1)
5,3: (42662,44461,49087,65535)  #A6ADBFFF  srgba(166,173,191,1)
6,3: (42662,47802,45232,65535)  #A6BAB0FF  srgba(166,186,176,1)
7,3: (42919,18504,37008,65535)  #A74890FF  srgba(167,72,144,1)
8,3: (42919,35466,35980,65535)  #A78A8CFF  srgba(167,138,140,1)
9,3: (43176,16962,23644,65535)  #A8425CFF  srgba(168,66,92,1)
10,3: (43176,17219,31868,65535)  #A8437CFF  srgba(168,67,124,1)
11,3: (43176,17733,32896,65535)  #A84580FF  srgba(168,69,128,1)
12,3: (43176,19018,17990,65535)  #A84A46FF  srgba(168,74,70,1)
13,3: (43176,22873,34695,65535)  #A85987FF  srgba(168,89,135,1)
14,3: (43176,24672,48573,65535)  #A860BDFF  srgba(168,96,189,1)
15,3: (43176,27242,35466,65535)  #A86A8AFF  srgba(168,106,138,1)
0,4: (43176,39064,50629,65535)  #A898C5FF  srgba(168,152,197,1)
1,4: (43690,16705,30583,65535)  #AA4177FF  srgba(170,65,119,1)
2,4: (44975,43433,51914,65535)  #AFA9CAFF  srgba(175,169,202,1)
3,4: (45232,42405,48830,65535)  #B0A5BEFF  srgba(176,165,190,1)
4,4: (46003,40863,51143,65535)  #B39FC7FF  srgba(179,159,199,1)
5,4: (46003,44461,38807,65535)  #B3AD97FF  srgba(179,173,151,1)
6,4: (46260,41634,52171,65535)  #B4A2CBFF  srgba(180,162,203,1)
7,4: (47031,39321,50115,65535)  #B799C3FF  srgba(183,153,195,1)
8,4: (47288,46260,44461,65535)  #B8B4ADFF  srgba(184,180,173,1)
9,4: (48316,23901,51657,65535)  #BC5DC9FF  srgba(188,93,201,1)
10,4: (48573,49344,47031,65535)  #BDC0B7FF  srgba(189,192,183,1)
11,4: (48830,43433,55512,65535)  #BEA9D8FF  srgba(190,169,216,1)
12,4: (48830,49344,44461,65535)  #BEC0ADFF  srgba(190,192,173,1)
13,4: (49087,49087,46260,65535)  #BFBFB4FF  srgba(191,191,180,1)
14,4: (49344,44975,52171,65535)  #C0AFCBFF  srgba(192,175,203,1)
15,4: (49601,25186,45746,65535)  #C162B2FF  srgba(193,98,178,1)
0,5: (49601,26985,52685,65535)  #C169CDFF  srgba(193,105,205,1)
1,5: (49858,31354,48830,65535)  #C27ABEFF  srgba(194,122,190,1)
2,5: (49858,41377,55255,65535)  #C2A1D7FF  srgba(194,161,215,1)
3,5: (49858,43433,48316,65535)  #C2A9BCFF  srgba(194,169,188,1)
4,5: (50115,16962,32639,65535)  #C3427FFF  srgba(195,66,127,1)
5,5: (50115,28527,50886,65535)  #C36FC6FF  srgba(195,111,198,1)
6,5: (50372,13621,44461,65535)  #C435ADFF  srgba(196,53,173,1)
7,5: (50372,19789,33667,65535)  #C44D83FF  srgba(196,77,131,1)
8,5: (50629,35723,54227,65535)  #C58BD3FF  srgba(197,139,211,1)
9,5: (50886,15163,44461,65535)  #C63BADFF  srgba(198,59,173,1)
10,5: (50886,33153,60138,65535)  #C681EAFF  srgba(198,129,234,1)
11,5: (51400,19275,20817,65535)  #C84B51FF  srgba(200,75,81,1)
12,5: (51400,46260,55769,65535)  #C8B4D9FF  srgba(200,180,217,1)
13,5: (51657,45232,57054,65535)  #C9B0DEFF  srgba(201,176,222,1)
14,5: (51914,16705,22873,65535)  #CA4159FF  srgba(202,65,89,1)
15,5: (51914,20046,18504,65535)  #CA4E48FF  srgba(202,78,72,1)
0,6: (52171,32382,35723,65535)  #CB7E8BFF  srgba(203,126,139,1)
1,6: (52428,16705,31097,65535)  #CC4179FF  srgba(204,65,121,1)
2,6: (52428,22359,32896,65535)  #CC5780FF  srgba(204,87,128,1)
3,6: (52685,43433,51914,65535)  #CDA9CAFF  srgba(205,169,202,1)
4,6: (52942,13621,42662,65535)  #CE35A6FF  srgba(206,53,166,1)
5,6: (52942,16705,29812,65535)  #CE4174FF  srgba(206,65,116,1)
6,6: (52942,22359,25443,65535)  #CE5763FF  srgba(206,87,99,1)
7,6: (53199,20560,23130,65535)  #CF505AFF  srgba(207,80,90,1)
8,6: (53199,41120,51143,65535)  #CFA0C7FF  srgba(207,160,199,1)
9,6: (53199,43433,56797,65535)  #CFA9DDFF  srgba(207,169,221,1)
10,6: (53456,19018,27242,65535)  #D04A6AFF  srgba(208,74,106,1)
11,6: (53456,25443,35209,65535)  #D06389FF  srgba(208,99,137,1)
12,6: (53713,48059,54998,65535)  #D1BBD6FF  srgba(209,187,214,1)
13,6: (54227,22873,41377,65535)  #D359A1FF  srgba(211,89,161,1)
14,6: (54227,46517,44461,65535)  #D3B5ADFF  srgba(211,181,173,1)
15,6: (54227,47288,45746,65535)  #D3B8B2FF  srgba(211,184,178,1)
0,7: (54484,41120,55512,65535)  #D4A0D8FF  srgba(212,160,216,1)
1,7: (54484,48059,60909,65535)  #D4BBEDFF  srgba(212,187,237,1)
2,7: (54741,15163,42662,65535)  #D53BA6FF  srgba(213,59,166,1)
3,7: (54741,44461,48573,65535)  #D5ADBDFF  srgba(213,173,189,1)
4,7: (54998,16705,32639,65535)  #D6417FFF  srgba(214,65,127,1)
5,7: (55255,50115,47031,65535)  #D7C3B7FF  srgba(215,195,183,1)
6,7: (55512,19275,33924,65535)  #D84B84FF  srgba(216,75,132,1)
7,7: (55512,26471,53456,65535)  #D867D0FF  srgba(216,103,208,1)
8,7: (55512,49601,45746,65535)  #D8C1B2FF  srgba(216,193,178,1)
9,7: (55769,13878,43947,65535)  #D936ABFF  srgba(217,54,171,1)
10,7: (55769,14135,45232,65535)  #D937B0FF  srgba(217,55,176,1)
11,7: (55769,27242,41634,65535)  #D96AA2FF  srgba(217,106,162,1)
12,7: (56026,13621,42405,65535)  #DA35A5FF  srgba(218,53,165,1)
13,7: (56026,31097,48830,65535)  #DA79BEFF  srgba(218,121,190,1)
14,7: (56026,37779,54998,65535)  #DA93D6FF  srgba(218,147,214,1)
15,7: (56283,31868,61423,65535)  #DB7CEFFF  srgba(219,124,239,1)
0,8: (56540,15677,43947,65535)  #DC3DABFF  srgba(220,61,171,1)
1,8: (56540,16448,45232,65535)  #DC40B0FF  srgba(220,64,176,1)
2,8: (56540,18761,46517,65535)  #DC49B5FF  srgba(220,73,181,1)
3,8: (56540,25443,43947,65535)  #DC63ABFF  srgba(220,99,171,1)
4,8: (56540,37008,61423,65535)  #DC90EFFF  srgba(220,144,239,1)
5,8: (56797,25700,41634,65535)  #DD64A2FF  srgba(221,100,162,1)
6,8: (57054,16448,44204,65535)  #DE40ACFF  srgba(222,64,172,1)
7,8: (59110,26214,41377,65535)  #E666A1FF  srgba(230,102,161,1)
8,8: (59367,15420,42405,65535)  #E73CA5FF  srgba(231,60,165,1)
9,8: (59624,26728,41634,65535)  #E868A2FF  srgba(232,104,162,1)
10,8: (59624,29812,40863,65535)  #E8749FFF  srgba(232,116,159,1)
11,8: (59624,41891,56797,65535)  #E8A3DDFF  srgba(232,163,221,1)
12,8: (59881,29041,37265,65535)  #E97191FF  srgba(233,113,145,1)
13,8: (60138,22102,41120,65535)  #EA56A0FF  srgba(234,86,160,1)
14,8: (60138,46003,57311,65535)  #EAB3DFFF  srgba(234,179,223,1)
15,8: (60138,48316,46003,65535)  #EABCB3FF  srgba(234,188,179,1)
0,9: (60395,42148,50629,65535)  #EBA4C5FF  srgba(235,164,197,1)
1,9: (60395,45489,50372,65535)  #EBB1C4FF  srgba(235,177,196,1)
2,9: (60395,49858,48316,65535)  #EBC2BCFF  srgba(235,194,188,1)
3,9: (60395,51657,48573,65535)  #EBC9BDFF  srgba(235,201,189,1)
4,9: (60652,15163,44204,65535)  #EC3BACFF  srgba(236,59,172,1)
5,9: (60652,22616,34438,65535)  #EC5886FF  srgba(236,88,134,1)
6,9: (60652,27499,47545,65535)  #EC6BB9FF  srgba(236,107,185,1)
7,9: (60652,48316,45232,65535)  #ECBCB0FF  srgba(236,188,176,1)
8,9: (60909,15677,45746,65535)  #ED3DB2FF  srgba(237,61,178,1)
9,9: (60909,16191,32896,65535)  #ED3F80FF  srgba(237,63,128,1)
10,9: (60909,19275,34438,65535)  #ED4B86FF  srgba(237,75,134,1)
11,9: (60909,32125,61423,65535)  #ED7DEFFF  srgba(237,125,239,1)
12,9: (60909,41634,53456,65535)  #EDA2D0FF  srgba(237,162,208,1)
13,9: (60909,48316,44461,65535)  #EDBCADFF  srgba(237,188,173,1)
14,9: (60909,49858,46003,65535)  #EDC2B3FF  srgba(237,194,179,1)
15,9: (60909,55512,49858,65535)  #EDD8C2FF  srgba(237,216,194,1)
0,10: (60909,57825,43433,65535)  #EDE1A9FF  srgba(237,225,169,1)
1,10: (61166,18761,27242,65535)  #EE496AFF  srgba(238,73,106,1)
2,10: (61166,21588,19018,65535)  #EE544AFF  srgba(238,84,74,1)
3,10: (61166,21588,25443,65535)  #EE5463FF  srgba(238,84,99,1)
4,10: (61166,24672,57311,65535)  #EE60DFFF  srgba(238,96,223,1)
5,10: (61166,45746,61937,65535)  #EEB2F1FF  srgba(238,178,241,1)
6,10: (61166,50629,46260,65535)  #EEC5B4FF  srgba(238,197,180,1)
7,10: (61166,56797,54741,65535)  #EEDDD5FF  srgba(238,221,213,1)
8,10: (61423,16705,28013,65535)  #EF416DFF  srgba(239,65,109,1)
9,10: (61423,16962,44204,65535)  #EF42ACFF  srgba(239,66,172,1)
10,10: (61423,22616,43947,65535)  #EF58ABFF  srgba(239,88,171,1)
11,10: (61423,41377,61937,65535)  #EFA1F1FF  srgba(239,161,241,1)
12,10: (61423,50115,62194,65535)  #EFC3F2FF  srgba(239,195,242,1)
13,10: (61680,17476,45746,65535)  #F044B2FF  srgba(240,68,178,1)
14,10: (61680,17733,44204,65535)  #F045ACFF  srgba(240,69,172,1)
15,10: (61680,38550,52171,65535)  #F096CBFF  srgba(240,150,203,1)
0,11: (61680,38807,46003,65535)  #F097B3FF  srgba(240,151,179,1)
1,11: (61937,16448,30069,65535)  #F14075FF  srgba(241,64,117,1)
2,11: (61937,16448,30840,65535)  #F14078FF  srgba(241,64,120,1)
3,11: (61937,34952,63736,65535)  #F188F8FF  srgba(241,136,248,1)
4,11: (61937,37265,61680,65535)  #F191F0FF  srgba(241,145,240,1)
5,11: (61937,38807,56026,65535)  #F197DAFF  srgba(241,151,218,1)
6,11: (61937,40606,39835,65535)  #F19E9BFF  srgba(241,158,155,1)
7,11: (61937,41634,56026,65535)  #F1A2DAFF  srgba(241,162,218,1)
8,11: (61937,54227,62708,65535)  #F1D3F4FF  srgba(241,211,244,1)
9,11: (61937,60909,42405,65535)  #F1EDA5FF  srgba(241,237,165,1)
10,11: (62194,19018,46003,65535)  #F24AB3FF  srgba(242,74,179,1)
11,11: (62194,19275,31097,65535)  #F24B79FF  srgba(242,75,121,1)
12,11: (62194,22873,63479,65535)  #F259F7FF  srgba(242,89,247,1)
13,11: (62194,35466,38036,65535)  #F28A94FF  srgba(242,138,148,1)
14,11: (62194,37779,63479,65535)  #F293F7FF  srgba(242,147,247,1)
15,11: (62194,39835,39321,65535)  #F29B99FF  srgba(242,155,153,1)
0,12: (62194,56540,62708,65535)  #F2DCF4FF  srgba(242,220,244,1)
1,12: (62194,59367,62708,65535)  #F2E7F4FF  srgba(242,231,244,1)
2,12: (62194,60138,57054,65535)  #F2EADEFF  srgba(242,234,222,1)
3,12: (62708,16705,42662,65535)  #F441A6FF  srgba(244,65,166,1)
4,12: (62708,24158,41634,65535)  #F45EA2FF  srgba(244,94,162,1)
5,12: (62708,39321,38293,65535)  #F49995FF  srgba(244,153,149,1)
6,12: (62708,39321,40092,65535)  #F4999CFF  srgba(244,153,156,1)
7,12: (62708,39835,39578,65535)  #F49B9AFF  srgba(244,155,154,1)
8,12: (62708,50115,46260,65535)  #F4C3B4FF  srgba(244,195,180,1)
9,12: (62708,58339,62194,65535)  #F4E3F2FF  srgba(244,227,242,1)
10,12: (62965,19275,42148,65535)  #F54BA4FF  srgba(245,75,164,1)
11,12: (62965,36494,39835,65535)  #F58E9BFF  srgba(245,142,155,1)
12,12: (62965,47288,47545,65535)  #F5B8B9FF  srgba(245,184,185,1)
13,12: (62965,50629,46260,65535)  #F5C5B4FF  srgba(245,197,180,1)
14,12: (62965,50886,62708,65535)  #F5C6F4FF  srgba(245,198,244,1)
15,12: (62965,51657,62451,65535)  #F5C9F3FF  srgba(245,201,243,1)
0,13: (62965,57054,62708,65535)  #F5DEF4FF  srgba(245,222,244,1)
1,13: (62965,58853,63479,65535)  #F5E5F7FF  srgba(245,229,247,1)
2,13: (62965,61166,43690,65535)  #F5EEAAFF  srgba(245,238,170,1)
3,13: (63222,16448,32896,65535)  #F64080FF  srgba(246,64,128,1)
4,13: (63222,17733,44461,65535)  #F645ADFF  srgba(246,69,173,1)
5,13: (63222,17733,45489,65535)  #F645B1FF  srgba(246,69,177,1)
6,13: (63222,34695,62194,65535)  #F687F2FF  srgba(246,135,242,1)
7,13: (63222,36751,63993,65535)  #F68FF9FF  srgba(246,143,249,1)
8,13: (63222,38036,62965,65535)  #F694F5FF  srgba(246,148,245,1)
9,13: (63222,38293,62194,65535)  #F695F2FF  srgba(246,149,242,1)
10,13: (63222,38550,59624,65535)  #F696E8FF  srgba(246,150,232,1)
11,13: (63222,38807,54227,65535)  #F697D3FF  srgba(246,151,211,1)
12,13: (63222,40863,54741,65535)  #F69FD5FF  srgba(246,159,213,1)
13,13: (63222,43433,53713,65535)  #F6A9D1FF  srgba(246,169,209,1)
14,13: (63222,46517,44461,65535)  #F6B5ADFF  srgba(246,181,173,1)
15,13: (63222,50629,61937,65535)  #F6C5F1FF  srgba(246,197,241,1)
0,14: (63222,51914,47802,65535)  #F6CABAFF  srgba(246,202,186,1)
1,14: (63222,54227,63479,65535)  #F6D3F7FF  srgba(246,211,247,1)
2,14: (63222,55769,63479,65535)  #F6D9F7FF  srgba(246,217,247,1)
3,14: (63222,57568,63479,65535)  #F6E0F7FF  srgba(246,224,247,1)
4,14: (63222,58339,55255,65535)  #F6E3D7FF  srgba(246,227,215,1)
5,14: (63222,60395,63736,65535)  #F6EBF8FF  srgba(246,235,248,1)
6,14: (63222,60652,58082,65535)  #F6ECE2FF  srgba(246,236,226,1)
7,14: (63479,17733,46260,65535)  #F745B4FF  srgba(247,69,180,1)
8,14: (63479,17733,47031,65535)  #F745B7FF  srgba(247,69,183,1)
9,14: (63479,17733,47545,65535)  #F745B9FF  srgba(247,69,185,1)
10,14: (63479,19532,33410,65535)  #F74C82FF  srgba(247,76,130,1)
11,14: (63479,19789,45489,65535)  #F74DB1FF  srgba(247,77,177,1)
12,14: (63479,34952,63993,65535)  #F788F9FF  srgba(247,136,249,1)
13,14: (63479,38550,64250,65535)  #F796FAFF  srgba(247,150,250,1)
14,14: (63479,39835,63736,65535)  #F79BF8FF  srgba(247,155,248,1)
15,14: (63479,40349,40092,65535)  #F79D9CFF  srgba(247,157,156,1)
0,15: (63479,40863,61680,65535)  #F79FF0FF  srgba(247,159,240,1)
1,15: (63479,41891,57054,65535)  #F7A3DEFF  srgba(247,163,222,1)
2,15: (63479,51914,63736,65535)  #F7CAF8FF  srgba(247,202,248,1)
3,15: (63736,18761,53456,65535)  #F849D0FF  srgba(248,73,208,1)
4,15: (63736,22102,64507,65535)  #F856FBFF  srgba(248,86,251,1)
5,15: (63736,32639,64250,65535)  #F87FFAFF  srgba(248,127,250,1)
6,15: (63736,48573,60909,65535)  #F8BDEDFF  srgba(248,189,237,1)
7,15: (63736,48830,63736,65535)  #F8BEF8FF  srgba(248,190,248,1)
8,15: (63993,21588,45746,65535)  #F954B2FF  srgba(249,84,178,1)
9,15: (63993,22102,53713,65535)  #F956D1FF  srgba(249,86,209,1)
10,15: (63993,22873,61423,65535)  #F959EFFF  srgba(249,89,239,1)
11,15: (63993,41634,64250,65535)  #F9A2FAFF  srgba(249,162,250,1)
12,15: (63993,45232,64250,65535)  #F9B0FAFF  srgba(249,176,250,1)
13,15: (63993,46774,55255,65535)  #F9B6D7FF  srgba(249,182,215,1)
14,15: (64250,41120,40606,65535)  #FAA09EFF  srgba(250,160,158,1)
15,15: (0,65535,0,0)  #00FF0000  srgba(0,255,0,0)
