# ImageMagick pixel enumeration: 16,16,65535,srgba
0,0: (0,32896,65535,65535)  #0080FFFF  srgba(0,128,255,1)
1,0: (0,34181,65535,65535)  #0085FFFF  srgba(0,133,255,1)
2,0: (0,36494,65535,65535)  #008EFFFF  srgba(0,142,255,1)
3,0: (0,39578,65535,65535)  #009AFFFF  srgba(0,154,255,1)
4,0: (0,39835,65535,65535)  #009BFFFF  srgba(0,155,255,1)
5,0: (0,40863,65535,65535)  #009FFFFF  srgba(0,159,255,1)
6,0: (0,41120,65535,65535)  #00A0FFFF  srgba(0,160,255,1)
7,0: (0,42405,65535,65535)  #00A5FFFF  srgba(0,165,255,1)
8,0: (0,42662,65278,65535)  #00A6FEFF  srgba(0,166,254,1)
9,0: (0,42919,65535,65535)  #00A7FFFF  srgba(0,167,255,1)
10,0: (0,42919,65535,65535)  #00A7FFFF  srgba(0,167,255,1)
11,0: (0,43176,65535,65535)  #00A8FFFF  srgba(0,168,255,1)
12,0: (0,43176,65535,65535)  #00A8FFFF  srgba(0,168,255,1)
13,0: (0,43947,65535,65535)  #00ABFFFF  srgba(0,171,255,1)
14,0: (0,44461,65535,65535)  #00ADFFFF  srgba(0,173,255,1)
15,0: (0,45746,65535,65535)  #00B2FFFF  srgba(0,178,255,1)
0,1: (0,49087,65535,65535)  #00BFFFFF  DeepSkyBlue
1,1: (0,52428,65535,65535)  #00CCFFFF  srgba(0,204,255,1)
2,1: (0,53199,65535,65535)  #00CFFFFF  srgba(0,207,255,1)
3,1: (0,53970,64764,65535)  #00D2FCFF  srgba(0,210,252,1)
4,1: (0,55512,64764,65535)  #00D8FCFF  srgba(0,216,252,1)
5,1: (0,55512,65535,65535)  #00D8FFFF  srgba(0,216,255,1)
6,1: (0,58082,65278,65535)  #00E2FEFF  srgba(0,226,254,1)
7,1: (0,58339,65535,65535)  #00E3FFFF  srgba(0,227,255,1)
8,1: (0,59367,65535,65535)  #00E7FFFF  srgba(0,231,255,1)
9,1: (0,59367,65535,65535)  #00E7FFFF  srgba(0,231,255,1)
10,1: (0,60395,63993,65535)  #00EBF9FF  srgba(0,235,249,1)
11,1: (0,60395,64764,65535)  #00EBFCFF  srgba(0,235,252,1)
12,1: (0,60652,65535,65535)  #00ECFFFF  srgba(0,236,255,1)
13,1: (257,30840,65535,65535)  #0178FFFF  srgba(1,120,255,1)
14,1: (257,42405,65535,65535)  #01A5FFFF  srgba(1,165,255,1)
15,1: (257,45746,65278,65535)  #01B2FEFF  srgba(1,178,254,1)
0,2: (257,51143,65021,65535)  #01C7FDFF  srgba(1,199,253,1)
1,2: (514,37522,65535,65535)  #0292FFFF  srgba(2,146,255,1)
2,2: (514,39578,65535,65535)  #029AFFFF  srgba(2,154,255,1)
3,2: (514,39835,65535,65535)  #029BFFFF  srgba(2,155,255,1)
4,2: (514,46260,64764,65535)  #02B4FCFF  srgba(2,180,252,1)
5,2: (514,47802,63993,65535)  #02BAF9FF  srgba(2,186,249,1)
6,2: (514,57825,65535,65535)  #02E1FFFF  srgba(2,225,255,1)
7,2: (514,60909,64507,65535)  #02EDFBFF  srgba(2,237,251,1)
8,2: (771,46003,65535,65535)  #03B3FFFF  srgba(3,179,255,1)
9,2: (771,60652,62708,65535)  #03ECF4FF  srgba(3,236,244,1)
10,2: (1028,42919,65535,65535)  #04A7FFFF  srgba(4,167,255,1)
11,2: (1028,60909,63479,65535)  #04EDF7FF  srgba(4,237,247,1)
12,2: (1285,32639,64764,65535)  #057FFCFF  srgba(5,127,252,1)
13,2: (1285,45746,65535,65535)  #05B2FFFF  srgba(5,178,255,1)
14,2: (1285,49601,63479,65535)  #05C1F7FF  srgba(5,193,247,1)
15,2: (1542,42662,63222,65535)  #06A6F6FF  srgba(6,166,246,1)
0,3: (1542,42662,64764,65535)  #06A6FCFF  srgba(6,166,252,1)
1,3: (1542,44975,65535,65535)  #06AFFFFF  srgba(6,175,255,1)
2,3: (1799,55769,63993,65535)  #07D9F9FF  srgba(7,217,249,1)
3,3: (1799,56797,63479,65535)  #07DDF7FF  srgba(7,221,247,1)
4,3: (2056,52942,62708,65535)  #08CEF4FF  srgba(8,206,244,1)
5,3: (2056,53199,65535,65535)  #08CFFFFF  srgba(8,207,255,1)
6,3: (2313,59367,61166,65535)  #09E7EEFF  srgba(9,231,238,1)
7,3: (2570,45489,65278,65535)  #0AB1FEFF  srgba(10,177,254,1)
8,3: (2827,58339,65535,65535)  #0BE3FFFF  srgba(11,227,255,1)
9,3: (2827,58853,65278,65535)  #0BE5FEFF  srgba(11,229,254,1)
10,3: (2827,60652,63993,65535)  #0BECF9FF  srgba(11,236,249,1)
11,3: (3341,39064,64764,65535)  #0D98FCFF  srgba(13,152,252,1)
12,3: (3598,35466,63993,65535)  #0E8AF9FF  srgba(14,138,249,1)
13,3: (3598,36237,65278,65535)  #0E8DFEFF  srgba(14,141,254,1)
14,3: (3855,46774,65278,65535)  #0FB6FEFF  srgba(15,182,254,1)
15,3: (4112,50372,59881,65535)  #10C4E9FF  srgba(16,196,233,1)
0,4: (4626,41891,65535,65535)  #12A3FFFF  srgba(18,163,255,1)
1,4: (4626,55255,64507,65535)  #12D7FBFF  srgba(18,215,251,1)
2,4: (4883,60909,65535,65535)  #13EDFFFF  srgba(19,237,255,1)
3,4: (5140,46517,65535,65535)  #14B5FFFF  srgba(20,181,255,1)
4,4: (5654,35466,61680,65535)  #168AF0FF  srgba(22,138,240,1)
5,4: (5654,40092,65278,65535)  #169CFEFF  srgba(22,156,254,1)
6,4: (5654,41634,65535,65535)  #16A2FFFF  srgba(22,162,255,1)
7,4: (5654,42148,65535,65535)  #16A4FFFF  srgba(22,164,255,1)
8,4: (5911,53970,65535,65535)  #17D2FFFF  srgba(23,210,255,1)
9,4: (6425,39578,65535,65535)  #199AFFFF  srgba(25,154,255,1)
10,4: (6425,46003,65535,65535)  #19B3FFFF  srgba(25,179,255,1)
11,4: (6425,46260,65535,65535)  #19B4FFFF  srgba(25,180,255,1)
12,4: (6682,46003,65278,65535)  #1AB3FEFF  srgba(26,179,254,1)
13,4: (6682,59110,65535,65535)  #1AE6FFFF  srgba(26,230,255,1)
14,4: (7453,39064,65278,65535)  #1D98FEFF  srgba(29,152,254,1)
15,4: (7453,46774,65278,65535)  #1DB6FEFF  srgba(29,182,254,1)
0,5: (7710,58339,65535,65535)  #1EE3FFFF  srgba(30,227,255,1)
1,5: (7710,61423,64764,65535)  #1EEFFCFF  srgba(30,239,252,1)
2,5: (7967,39578,65535,65535)  #1F9AFFFF  srgba(31,154,255,1)
3,5: (7967,41634,65278,65535)  #1FA2FEFF  srgba(31,162,254,1)
4,5: (7967,46774,65535,65535)  #1FB6FFFF  srgba(31,182,255,1)
5,5: (7967,53456,65535,65535)  #1FD0FFFF  srgba(31,208,255,1)
6,5: (8224,59624,65278,65535)  #20E8FEFF  srgba(32,232,254,1)
7,5: (8481,37522,65535,65535)  #2192FFFF  srgba(33,146,255,1)
8,5: (8481,39578,65535,65535)  #219AFFFF  srgba(33,154,255,1)
9,5: (8738,41891,65535,65535)  #22A3FFFF  srgba(34,163,255,1)
10,5: (9509,60909,65535,65535)  #25EDFFFF  srgba(37,237,255,1)
11,5: (9766,47802,65535,65535)  #26BAFFFF  srgba(38,186,255,1)
12,5: (10537,41891,65535,65535)  #29A3FFFF  srgba(41,163,255,1)
13,5: (12593,48316,65278,65535)  #31BCFEFF  srgba(49,188,254,1)
14,5: (13107,44718,65021,65535)  #33AEFDFF  srgba(51,174,253,1)
15,5: (13107,61423,65278,65535)  #33EFFEFF  srgba(51,239,254,1)
0,6: (13621,58082,65278,65535)  #35E2FEFF  srgba(53,226,254,1)
1,6: (14649,39064,65535,65535)  #3998FFFF  srgba(57,152,255,1)
2,6: (15420,35209,65021,65535)  #3C89FDFF  srgba(60,137,253,1)
3,6: (15420,39064,64507,65535)  #3C98FBFF  srgba(60,152,251,1)
4,6: (15677,48830,65535,65535)  #3DBEFFFF  srgba(61,190,255,1)
5,6: (16191,36751,65021,65535)  #3F8FFDFF  srgba(63,143,253,1)
6,6: (16448,32639,64507,65535)  #407FFBFF  srgba(64,127,251,1)
7,6: (16448,57311,63736,65535)  #40DFF8FF  srgba(64,223,248,1)
8,6: (17733,49344,62708,65535)  #45C0F4FF  srgba(69,192,244,1)
9,6: (17990,44461,65278,65535)  #46ADFEFF  srgba(70,173,254,1)
10,6: (17990,55769,61166,65535)  #46D9EEFF  srgba(70,217,238,1)
11,6: (18247,54484,56283,65535)  #47D4DBFF  srgba(71,212,219,1)
12,6: (18247,60395,65278,65535)  #47EBFEFF  srgba(71,235,254,1)
13,6: (18504,56283,65278,65535)  #48DBFEFF  srgba(72,219,254,1)
14,6: (18504,61423,65278,65535)  #48EFFEFF  srgba(72,239,254,1)
15,6: (19018,44461,61937,65535)  #4AADF1FF  srgba(74,173,241,1)
0,7: (19789,61423,63736,65535)  #4DEFF8FF  srgba(77,239,248,1)
1,7: (20046,47288,53970,65535)  #4EB8D2FF  srgba(78,184,210,1)
2,7: (21331,56283,63222,65535)  #53DBF6FF  srgba(83,219,246,1)
3,7: (21588,38293,62451,65535)  #5495F3FF  srgba(84,149,243,1)
4,7: (21845,32382,62708,65535)  #557EF4FF  srgba(85,126,244,1)
5,7: (21845,61166,61680,65535)  #55EEF0FF  srgba(85,238,240,1)
6,7: (22102,35723,62451,65535)  #568BF3FF  srgba(86,139,243,1)
7,7: (22102,53456,50372,65535)  #56D0C4FF  srgba(86,208,196,1)
8,7: (22102,53456,51657,65535)  #56D0C9FF  srgba(86,208,201,1)
9,7: (22102,55255,58853,65535)  #56D7E5FF  srgba(86,215,229,1)
10,7: (23130,53970,47031,65535)  #5AD2B7FF  srgba(90,210,183,1)
11,7: (23387,49344,46260,65535)  #5BC0B4FF  srgba(91,192,180,1)
12,7: (23644,48830,63222,65535)  #5CBEF6FF  srgba(92,190,246,1)
13,7: (23901,43947,63479,65535)  #5DABF7FF  srgba(93,171,247,1)
14,7: (23901,53970,49344,65535)  #5DD2C0FF  srgba(93,210,192,1)
15,7: (24158,47802,49087,65535)  #5EBABFFF  srgba(94,186,191,1)
0,8: (24158,61166,61166,65535)  #5EEEEEFF  srgba(94,238,238,1)
1,8: (24415,38807,54741,65535)  #5F97D5FF  srgba(95,151,213,1)
2,8: (24672,38807,60395,65535)  #6097EBFF  srgba(96,151,235,1)
3,8: (24672,44461,59110,65535)  #60ADE6FF  srgba(96,173,230,1)
4,8: (25186,30840,55255,65535)  #6278D7FF  srgba(98,120,215,1)
5,8: (25186,47802,58853,65535)  #62BAE5FF  srgba(98,186,229,1)
6,8: (25443,54998,61680,65535)  #63D6F0FF  srgba(99,214,240,1)
7,8: (25700,60909,58082,65535)  #64EDE2FF  srgba(100,237,226,1)
8,8: (25957,35466,59367,65535)  #658AE7FF  srgba(101,138,231,1)
9,8: (26214,33410,59367,65535)  #6682E7FF  srgba(102,130,231,1)
10,8: (26214,46260,54998,65535)  #66B4D6FF  srgba(102,180,214,1)
11,8: (26471,35466,54998,65535)  #678AD6FF  srgba(103,138,214,1)
12,8: (26471,55512,57825,65535)  #67D8E1FF  srgba(103,216,225,1)
13,8: (27242,28270,59881,65535)  #6A6EE9FF  srgba(106,110,233,1)
14,8: (27242,47802,59367,65535)  #6ABAE7FF  srgba(106,186,231,1)
15,8: (27242,55255,54484,65535)  #6AD7D4FF  srgba(106,215,212,1)
0,9: (27499,44204,60138,65535)  #6BACEAFF  srgba(107,172,234,1)
1,9: (28013,39321,59367,65535)  #6D99E7FF  srgba(109,153,231,1)
2,9: (28784,39321,54227,65535)  #7099D3FF  srgba(112,153,211,1)
3,9: (29041,33153,48573,65535)  #7181BDFF  srgba(113,129,189,1)
4,9: (29041,46003,54741,65535)  #71B3D5FF  srgba(113,179,213,1)
5,9: (29298,31354,54998,65535)  #727AD6FF  srgba(114,122,214,1)
6,9: (29555,45489,60652,65535)  #73B1ECFF  srgba(115,177,236,1)
7,9: (29555,56026,51914,65535)  #73DACAFF  srgba(115,218,202,1)
8,9: (30583,55512,45489,65535)  #77D8B1FF  srgba(119,216,177,1)
9,9: (30583,57568,50372,65535)  #77E0C4FF  srgba(119,224,196,1)
10,9: (31354,39578,53456,65535)  #7A9AD0FF  srgba(122,154,208,1)
11,9: (31611,34181,43690,65535)  #7B85AAFF  srgba(123,133,170,1)
12,9: (31611,38807,48573,65535)  #7B97BDFF  srgba(123,151,189,1)
13,9: (31611,45746,45232,65535)  #7BB2B0FF  srgba(123,178,176,1)
14,9: (31611,55255,54741,65535)  #7BD7D5FF  srgba(123,215,213,1)
15,9: (31611,57054,51914,65535)  #7BDECAFF  srgba(123,222,202,1)
0,10: (31611,61680,51914,65535)  #7BF0CAFF  srgba(123,240,202,1)
1,10: (31868,47802,53199,65535)  #7CBACFFF  srgba(124,186,207,1)
2,10: (31868,54998,53456,65535)  #7CD6D0FF  srgba(124,214,208,1)
3,10: (31868,54998,57568,65535)  #7CD6E0FF  srgba(124,214,224,1)
4,10: (31868,60909,54998,65535)  #7CEDD6FF  srgba(124,237,214,1)
5,10: (32125,34181,52685,65535)  #7D85CDFF  srgba(125,133,205,1)
6,10: (32125,43433,53456,65535)  #7DA9D0FF  srgba(125,169,208,1)
7,10: (32125,61166,52942,65535)  #7DEECEFF  srgba(125,238,206,1)
8,10: (32382,45232,49344,65535)  #7EB0C0FF  srgba(126,176,192,1)
9,10: (32639,32125,52428,65535)  #7F7DCCFF  srgba(127,125,204,1)
10,10: (32639,38550,44204,65535)  #7F96ACFF  srgba(127,150,172,1)
11,10: (32896,58082,49344,65535)  #80E2C0FF  srgba(128,226,192,1)
12,10: (32896,59110,50372,65535)  #80E6C4FF  srgba(128,230,196,1)
13,10: (32896,61423,51657,65535)  #80EFC9FF  srgba(128,239,201,1)
14,10: (33153,26214,52942,65535)  #8166CEFF  srgba(129,102,206,1)
15,10: (33153,45746,59881,65535)  #81B2E9FF  srgba(129,178,233,1)
0,11: (33410,56540,51657,65535)  #82DCC9FF  srgba(130,220,201,1)
1,11: (34181,32125,49087,65535)  #857DBFFF  srgba(133,125,191,1)
2,11: (34181,46260,45489,65535)  #85B4B1FF  srgba(133,180,177,1)
3,11: (34181,58596,50115,65535)  #85E4C3FF  srgba(133,228,195,1)
4,11: (34438,58339,49087,65535)  #86E3BFFF  srgba(134,227,191,1)
5,11: (34695,57311,47031,65535)  #87DFB7FF  srgba(135,223,183,1)
6,11: (34952,39835,52428,65535)  #889BCCFF  srgba(136,155,204,1)
7,11: (35209,44975,49087,65535)  #89AFBFFF  srgba(137,175,191,1)
8,11: (35466,37265,42919,65535)  #8A91A7FF  srgba(138,145,167,1)
9,11: (35723,39321,43690,65535)  #8B99AAFF  srgba(139,153,170,1)
10,11: (35980,46260,45232,65535)  #8CB4B0FF  srgba(140,180,176,1)
11,11: (36237,28527,43433,65535)  #8D6FA9FF  srgba(141,111,169,1)
12,11: (36237,32382,48059,65535)  #8D7EBBFF  srgba(141,126,187,1)
13,11: (36494,43433,52685,65535)  #8EA9CDFF  srgba(142,169,205,1)
14,11: (36751,47031,52942,65535)  #8FB7CEFF  srgba(143,183,206,1)
15,11: (36751,59110,48316,65535)  #8FE6BCFF  srgba(143,230,188,1)
0,12: (37008,26728,47802,65535)  #9068BAFF  srgba(144,104,186,1)
1,12: (37008,38036,48059,65535)  #9094BBFF  srgba(144,148,187,1)
2,12: (37008,57311,48059,65535)  #90DFBBFF  srgba(144,223,187,1)
3,12: (37008,61423,48573,65535)  #90EFBDFF  srgba(144,239,189,1)
4,12: (37265,53713,48316,65535)  #91D1BCFF  srgba(145,209,188,1)
5,12: (38293,42405,47802,65535)  #95A5BAFF  srgba(149,165,186,1)
6,12: (38293,47545,47802,65535)  #95B9BAFF  srgba(149,185,186,1)
7,12: (38293,54741,45489,65535)  #95D5B1FF  srgba(149,213,177,1)
8,12: (38293,59881,45489,65535)  #95E9B1FF  srgba(149,233,177,1)
9,12: (38550,37008,45232,65535)  #9690B0FF  srgba(150,144,176,1)
10,12: (38550,45232,44975,65535)  #96B0AFFF  srgba(150,176,175,1)
11,12: (38807,27756,45232,65535)  #976CB0FF  srgba(151,108,176,1)
12,12: (38807,38036,41634,65535)  #9794A2FF  srgba(151,148,162,1)
13,12: (38807,46517,41891,65535)  #97B5A3FF  srgba(151,181,163,1)
14,12: (38807,54227,44204,65535)  #97D3ACFF  srgba(151,211,172,1)
15,12: (39064,59110,44204,65535)  #98E6ACFF  srgba(152,230,172,1)
0,13: (39321,28013,42148,65535)  #996DA4FF  srgba(153,109,164,1)
1,13: (39321,55512,41120,65535)  #99D8A0FF  srgba(153,216,160,1)
2,13: (39321,56797,43176,65535)  #99DDA8FF  srgba(153,221,168,1)
3,13: (41634,51400,40606,65535)  #A2C89EFF  srgba(162,200,158,1)
4,13: (41891,28784,44718,65535)  #A370AEFF  srgba(163,112,174,1)
5,13: (41891,29298,42405,65535)  #A372A5FF  srgba(163,114,165,1)
6,13: (41891,41634,46260,65535)  #A3A2B4FF  srgba(163,162,180,1)
7,13: (41891,55769,44718,65535)  #A3D9AEFF  srgba(163,217,174,1)
8,13: (41891,59367,44718,65535)  #A3E7AEFF  srgba(163,231,174,1)
9,13: (42148,47545,49344,65535)  #A4B9C0FF  srgba(164,185,192,1)
10,13: (42148,55769,42148,65535)  #A4D9A4FF  srgba(164,217,164,1)
11,13: (42662,50115,43690,65535)  #A6C3AAFF  srgba(166,195,170,1)
12,13: (42919,26985,40606,65535)  #A7699EFF  srgba(167,105,158,1)
13,13: (42919,33410,40349,65535)  #A7829DFF  srgba(167,130,157,1)
14,13: (42919,60138,41634,65535)  #A7EAA2FF  srgba(167,234,162,1)
15,13: (43433,40349,41120,65535)  #A99DA0FF  srgba(169,157,160,1)
0,14: (43690,32382,36751,65535)  #AA7E8FFF  srgba(170,126,143,1)
1,14: (43690,55255,40349,65535)  #AAD79DFF  srgba(170,215,157,1)
2,14: (43947,60395,39321,65535)  #ABEB99FF  srgba(171,235,153,1)
3,14: (44461,63479,42405,65535)  #ADF7A5FF  srgba(173,247,165,1)
4,14: (45232,40092,35723,65535)  #B09C8BFF  srgba(176,156,139,1)
5,14: (45232,62708,40092,65535)  #B0F49CFF  srgba(176,244,156,1)
6,14: (45489,50372,40349,65535)  #B1C49DFF  srgba(177,196,157,1)
7,14: (45489,54227,37265,65535)  #B1D391FF  srgba(177,211,145,1)
8,14: (46003,62451,38550,65535)  #B3F396FF  srgba(179,243,150,1)
9,14: (46260,48573,36751,65535)  #B4BD8FFF  srgba(180,189,143,1)
10,14: (46260,60909,38550,65535)  #B4ED96FF  srgba(180,237,150,1)
11,14: (46517,43947,35209,65535)  #B5AB89FF  srgba(181,171,137,1)
12,14: (46517,52942,35980,65535)  #B5CE8CFF  srgba(181,206,140,1)
13,14: (47031,61680,36751,65535)  #B7F08FFF  srgba(183,240,143,1)
14,14: (47031,62194,36751,65535)  #B7F28FFF  srgba(183,242,143,1)
15,14: (47288,48830,31868,65535)  #B8BE7CFF  srgba(184,190,124,1)
0,15: (47802,53970,36237,65535)  #BAD28DFF  srgba(186,210,141,1)
1,15: (47802,61680,35466,65535)  #BAF08AFF  srgba(186,240,138,1)
2,15: (48059,53713,34438,65535)  #BBD186FF  srgba(187,209,134,1)
3,15: (49087,61680,33924,65535)  #BFF084FF  srgba(191,240,132,1)
4,15: (49087,62451,35209,65535)  #BFF389FF  srgba(191,243,137,1)
5,15: (49344,52685,33667,65535)  #C0CD83FF  srgba(192,205,131,1)
6,15: (49344,62451,34181,65535)  #C0F385FF  srgba(192,243,133,1)
7,15: (50629,61680,32896,65535)  #C5F080FF  srgba(197,240,128,1)
8,15: (51143,62451,32639,65535)  #C7F37FFF  srgba(199,243,127,1)
9,15: (52685,49344,29812,65535)  #CDC074FF  srgba(205,192,116,1)
10,15: (52685,54998,31097,65535)  #CDD679FF  srgba(205,214,121,1)
11,15: (52942,61166,31868,65535)  #CEEE7CFF  srgba(206,238,124,1)
12,15: (53199,62451,31097,65535)  #CFF379FF  srgba(207,243,121,1)
13,15: (54741,61166,28270,65535)  #D5EE6EFF  srgba(213,238,110,1)
14,15: (55255,62451,28527,65535)  #D7F36FFF  srgba(215,243,111,1)
15,15: (0,65535,0,0)  #00FF0000  srgba(0,255,0,0)
