# ImageMagick pixel enumeration: 16,16,65535,srgba
0,0: (0,0,0,65535)  #000000FF  black
1,0: (0,0,0,65535)  #000000FF  black
2,0: (0,0,257,65535)  #000001FF  srgba(0,0,1,1)
3,0: (0,0,771,65535)  #000003FF  srgba(0,0,3,1)
4,0: (0,514,0,65535)  #000200FF  srgba(0,2,0,1)
5,0: (257,0,0,65535)  #010000FF  srgba(1,0,0,1)
6,0: (257,0,514,65535)  #010002FF  srgba(1,0,2,1)
7,0: (257,0,1028,65535)  #010004FF  srgba(1,0,4,1)
8,0: (257,257,257,65535)  #010101FF  srgba(1,1,1,1)
9,0: (514,0,257,65535)  #020001FF  srgba(2,0,1,1)
10,0: (771,0,0,65535)  #030000FF  srgba(3,0,0,1)
11,0: (771,0,771,65535)  #030003FF  srgba(3,0,3,1)
12,0: (771,257,514,65535)  #030102FF  srgba(3,1,2,1)
13,0: (1028,0,257,65535)  #040001FF  srgba(4,0,1,1)
14,0: (1028,257,1285,65535)  #040105FF  srgba(4,1,5,1)
15,0: (1285,0,0,65535)  #050000FF  srgba(5,0,0,1)
0,1: (1285,0,257,65535)  #050001FF  srgba(5,0,1,1)
1,1: (1285,771,1542,65535)  #050306FF  srgba(5,3,6,1)
2,1: (1542,1028,1542,65535)  #060406FF  srgba(6,4,6,1)
3,1: (1799,0,0,65535)  #070000FF  srgba(7,0,0,1)
4,1: (1799,0,257,65535)  #070001FF  srgba(7,0,1,1)
5,1: (1799,1542,2570,65535)  #07060AFF  srgba(7,6,10,1)
6,1: (2313,0,0,65535)  #090000FF  srgba(9,0,0,1)
7,1: (2313,0,0,65535)  #090000FF  srgba(9,0,0,1)
8,1: (2313,0,257,65535)  #090001FF  srgba(9,0,1,1)
9,1: (2313,0,771,65535)  #090003FF  srgba(9,0,3,1)
10,1: (2313,257,514,65535)  #090102FF  srgba(9,1,2,1)
11,1: (2827,0,0,65535)  #0B0000FF  srgba(11,0,0,1)
12,1: (2827,257,1285,65535)  #0B0105FF  srgba(11,1,5,1)
13,1: (2827,771,1285,65535)  #0B0305FF  srgba(11,3,5,1)
14,1: (2827,1542,1799,65535)  #0B0607FF  srgba(11,6,7,1)
15,1: (2827,1799,2827,65535)  #0B070BFF  srgba(11,7,11,1)
0,2: (2827,2570,3084,65535)  #0B0A0CFF  srgba(11,10,12,1)
1,2: (2827,3084,4112,65535)  #0B0C10FF  srgba(11,12,16,1)
2,2: (3084,0,0,65535)  #0C0000FF  srgba(12,0,0,1)
3,2: (3341,0,0,65535)  #0D0000FF  srgba(13,0,0,1)
4,2: (3598,0,0,65535)  #0E0000FF  srgba(14,0,0,1)
5,2: (3598,0,0,65535)  #0E0000FF  srgba(14,0,0,1)
6,2: (3855,514,1542,65535)  #0F0206FF  srgba(15,2,6,1)
7,2: (4112,0,0,65535)  #100000FF  srgba(16,0,0,1)
8,2: (4369,771,771,65535)  #110303FF  srgba(17,3,3,1)
9,2: (4369,1542,1799,65535)  #110607FF  srgba(17,6,7,1)
10,2: (4626,0,257,65535)  #120001FF  srgba(18,0,1,1)
11,2: (4626,1542,2570,65535)  #12060AFF  srgba(18,6,10,1)
12,2: (4626,2056,2570,65535)  #12080AFF  srgba(18,8,10,1)
13,2: (4626,4112,4369,65535)  #121011FF  srgba(18,16,17,1)
14,2: (4883,0,0,65535)  #130000FF  srgba(19,0,0,1)
15,2: (4883,2056,3084,65535)  #13080CFF  srgba(19,8,12,1)
0,3: (4883,2570,3598,65535)  #130A0EFF  srgba(19,10,14,1)
1,3: (4883,3341,3855,65535)  #130D0FFF  srgba(19,13,15,1)
2,3: (4883,3341,4626,65535)  #130D12FF  srgba(19,13,18,1)
3,3: (4883,4369,5654,65535)  #131116FF  srgba(19,17,22,1)
4,3: (5140,771,1799,65535)  #140307FF  srgba(20,3,7,1)
5,3: (5140,4112,4883,65535)  #141013FF  srgba(20,16,19,1)
6,3: (5397,0,0,65535)  #150000FF  srgba(21,0,0,1)
7,3: (5397,4883,5140,65535)  #151314FF  srgba(21,19,20,1)
8,3: (5397,5654,6168,65535)  #151618FF  srgba(21,22,24,1)
9,3: (5654,0,0,65535)  #160000FF  srgba(22,0,0,1)
10,3: (5654,1542,1799,65535)  #160607FF  srgba(22,6,7,1)
11,3: (5911,771,514,65535)  #170302FF  srgba(23,3,2,1)
12,3: (6168,3341,3598,65535)  #180D0EFF  srgba(24,13,14,1)
13,3: (6168,4112,4369,65535)  #181011FF  srgba(24,16,17,1)
14,3: (6168,6425,6682,65535)  #18191AFF  srgba(24,25,26,1)
15,3: (6425,0,0,65535)  #190000FF  srgba(25,0,0,1)
0,4: (6682,1028,1542,65535)  #1A0406FF  srgba(26,4,6,1)
1,4: (6682,1799,1799,65535)  #1A0707FF  srgba(26,7,7,1)
2,4: (6682,3598,4626,65535)  #1A0E12FF  srgba(26,14,18,1)
3,4: (6682,5397,6168,65535)  #1A1518FF  srgba(26,21,24,1)
4,4: (6939,1028,771,65535)  #1B0403FF  srgba(27,4,3,1)
5,4: (6939,2056,2570,65535)  #1B080AFF  srgba(27,8,10,1)
6,4: (6939,2570,3084,65535)  #1B0A0CFF  srgba(27,10,12,1)
7,4: (7196,257,257,65535)  #1C0101FF  srgba(28,1,1,1)
8,4: (7453,2827,3855,65535)  #1D0B0FFF  srgba(29,11,15,1)
9,4: (7453,6939,7196,65535)  #1D1B1CFF  srgba(29,27,28,1)
10,4: (7453,7710,8481,65535)  #1D1E21FF  srgba(29,30,33,1)
11,4: (7710,0,0,65535)  #1E0000FF  srgba(30,0,0,1)
12,4: (7710,1799,771,65535)  #1E0703FF  srgba(30,7,3,1)
13,4: (7967,1285,771,65535)  #1F0503FF  srgba(31,5,3,1)
14,4: (7967,4112,4883,65535)  #1F1013FF  srgba(31,16,19,1)
15,4: (8224,771,514,65535)  #200302FF  srgba(32,3,2,1)
0,5: (8224,3341,4112,65535)  #200D10FF  srgba(32,13,16,1)
1,5: (8481,257,257,65535)  #210101FF  srgba(33,1,1,1)
2,5: (8481,1285,1542,65535)  #210506FF  srgba(33,5,6,1)
3,5: (8481,3341,3084,65535)  #210D0CFF  srgba(33,13,12,1)
4,5: (8481,3855,3855,65535)  #210F0FFF  srgba(33,15,15,1)
5,5: (8481,4883,5654,65535)  #211316FF  srgba(33,19,22,1)
6,5: (8481,7453,7453,65535)  #211D1DFF  srgba(33,29,29,1)
7,5: (8738,2570,2570,65535)  #220A0AFF  srgba(34,10,10,1)
8,5: (8738,2570,3084,65535)  #220A0CFF  srgba(34,10,12,1)
9,5: (8738,4883,4626,65535)  #221312FF  srgba(34,19,18,1)
10,5: (8738,5397,6425,65535)  #221519FF  srgba(34,21,25,1)
11,5: (8995,0,0,65535)  #230000FF  srgba(35,0,0,1)
12,5: (8995,1028,514,65535)  #230402FF  srgba(35,4,2,1)
13,5: (8995,2313,1799,65535)  #230907FF  srgba(35,9,7,1)
14,5: (8995,6425,7196,65535)  #23191CFF  srgba(35,25,28,1)
15,5: (8995,7710,8481,65535)  #231E21FF  srgba(35,30,33,1)
0,6: (8995,9252,8995,65535)  #232423FF  srgba(35,36,35,1)
1,6: (9252,9766,10280,65535)  #242628FF  srgba(36,38,40,1)
2,6: (9509,0,0,65535)  #250000FF  srgba(37,0,0,1)
3,6: (10537,2827,2827,65535)  #290B0BFF  srgba(41,11,11,1)
4,6: (10537,3855,4626,65535)  #290F12FF  srgba(41,15,18,1)
5,6: (10537,4626,4112,65535)  #291210FF  srgba(41,18,16,1)
6,6: (10537,4883,5140,65535)  #291314FF  srgba(41,19,20,1)
7,6: (10794,0,0,65535)  #2A0000FF  srgba(42,0,0,1)
8,6: (10794,3598,3598,65535)  #2A0E0EFF  srgba(42,14,14,1)
9,6: (10794,5911,6425,65535)  #2A1719FF  srgba(42,23,25,1)
10,6: (10794,6682,7710,65535)  #2A1A1EFF  srgba(42,26,30,1)
11,6: (11051,0,0,65535)  #2B0000FF  srgba(43,0,0,1)
12,6: (11051,771,0,65535)  #2B0300FF  srgba(43,3,0,1)
13,6: (11051,1028,1028,65535)  #2B0404FF  srgba(43,4,4,1)
14,6: (11051,1799,1285,65535)  #2B0705FF  srgba(43,7,5,1)
15,6: (11051,2570,1799,65535)  #2B0A07FF  srgba(43,10,7,1)
0,7: (11051,5140,4369,65535)  #2B1411FF  srgba(43,20,17,1)
1,7: (11051,7710,7710,65535)  #2B1E1EFF  srgba(43,30,30,1)
2,7: (11051,7967,8481,65535)  #2B1F21FF  srgba(43,31,33,1)
3,7: (11308,8481,8995,65535)  #2C2123FF  srgba(44,33,35,1)
4,7: (11308,9509,9766,65535)  #2C2526FF  srgba(44,37,38,1)
5,7: (11308,11308,11565,65535)  #2C2C2DFF  srgba(44,44,45,1)
6,7: (11565,5911,5397,65535)  #2D1715FF  srgba(45,23,21,1)
7,7: (11565,6682,6425,65535)  #2D1A19FF  srgba(45,26,25,1)
8,7: (11565,7453,6939,65535)  #2D1D1BFF  srgba(45,29,27,1)
9,7: (11565,10794,10280,65535)  #2D2A28FF  srgba(45,42,40,1)
10,7: (12079,8738,9766,65535)  #2F2226FF  srgba(47,34,38,1)
11,7: (12336,4883,5140,65535)  #301314FF  srgba(48,19,20,1)
12,7: (12593,3855,4369,65535)  #310F11FF  srgba(49,15,17,1)
13,7: (12593,5911,6168,65535)  #311718FF  srgba(49,23,24,1)
14,7: (12850,0,0,65535)  #320000FF  srgba(50,0,0,1)
15,7: (12850,2313,1542,65535)  #320906FF  srgba(50,9,6,1)
0,8: (12850,3855,3598,65535)  #320F0EFF  srgba(50,15,14,1)
1,8: (12850,4626,4112,65535)  #321210FF  srgba(50,18,16,1)
2,8: (13107,3855,2827,65535)  #330F0BFF  srgba(51,15,11,1)
3,8: (13107,13107,12336,65535)  #333330FF  srgba(51,51,48,1)
4,8: (13364,514,0,65535)  #340200FF  srgba(52,2,0,1)
5,8: (13364,2827,2570,65535)  #340B0AFF  srgba(52,11,10,1)
6,8: (13364,8481,8481,65535)  #342121FF  srgba(52,33,33,1)
7,8: (13364,13364,13621,65535)  #343435FF  srgba(52,52,53,1)
8,8: (13621,1285,257,65535)  #350501FF  srgba(53,5,1,1)
9,8: (13621,1285,1028,65535)  #350504FF  srgba(53,5,4,1)
10,8: (13621,5397,4112,65535)  #351510FF  srgba(53,21,16,1)
11,8: (13621,7453,7710,65535)  #351D1EFF  srgba(53,29,30,1)
12,8: (13621,8738,8995,65535)  #352223FF  srgba(53,34,35,1)
13,8: (13621,11051,11565,65535)  #352B2DFF  srgba(53,43,45,1)
14,8: (13878,5911,6168,65535)  #361718FF  srgba(54,23,24,1)
15,8: (13878,6168,5397,65535)  #361815FF  srgba(54,24,21,1)
0,9: (13878,7453,6682,65535)  #361D1AFF  srgba(54,29,26,1)
1,9: (13878,8481,7710,65535)  #36211EFF  srgba(54,33,30,1)
2,9: (13878,9509,9252,65535)  #362524FF  srgba(54,37,36,1)
3,9: (14135,0,0,65535)  #370000FF  srgba(55,0,0,1)
4,9: (14135,2570,1542,65535)  #370A06FF  srgba(55,10,6,1)
5,9: (14135,10537,10023,65535)  #372927FF  srgba(55,41,39,1)
6,9: (14135,15163,14392,65535)  #373B38FF  srgba(55,59,56,1)
7,9: (15420,257,0,65535)  #3C0100FF  srgba(60,1,0,1)
8,9: (15677,1799,1285,65535)  #3D0705FF  srgba(61,7,5,1)
9,9: (15677,8738,8738,65535)  #3D2222FF  srgba(61,34,34,1)
10,9: (15677,10023,8995,65535)  #3D2723FF  srgba(61,39,35,1)
11,9: (15677,10280,10280,65535)  #3D2828FF  srgba(61,40,40,1)
12,9: (15934,1028,0,65535)  #3E0400FF  srgba(62,4,0,1)
13,9: (16191,10537,9252,65535)  #3F2924FF  srgba(63,41,36,1)
14,9: (16191,15934,15934,65535)  #3F3E3EFF  srgba(63,62,62,1)
15,9: (16448,3855,2570,65535)  #400F0AFF  srgba(64,15,10,1)
0,10: (16448,4369,3855,65535)  #40110FFF  srgba(64,17,15,1)
1,10: (16448,5911,5397,65535)  #401715FF  srgba(64,23,21,1)
2,10: (16448,6425,6425,65535)  #401919FF  srgba(64,25,25,1)
3,10: (16705,1285,257,65535)  #410501FF  srgba(65,5,1,1)
4,10: (16705,3084,2056,65535)  #410C08FF  srgba(65,12,8,1)
5,10: (16705,5654,4369,65535)  #411611FF  srgba(65,22,17,1)
6,10: (16705,7710,7453,65535)  #411E1DFF  srgba(65,30,29,1)
7,10: (16962,2056,257,65535)  #420801FF  srgba(66,8,1,1)
8,10: (16962,7710,6425,65535)  #421E19FF  srgba(66,30,25,1)
9,10: (16962,8224,6682,65535)  #42201AFF  srgba(66,32,26,1)
10,10: (16962,11308,11308,65535)  #422C2CFF  srgba(66,44,44,1)
11,10: (16962,12593,12850,65535)  #423132FF  srgba(66,49,50,1)
12,10: (17219,514,0,65535)  #430200FF  srgba(67,2,0,1)
13,10: (17219,12336,12079,65535)  #43302FFF  srgba(67,48,47,1)
14,10: (17219,13878,13621,65535)  #433635FF  srgba(67,54,53,1)
15,10: (17219,15420,14649,65535)  #433C39FF  srgba(67,60,57,1)
0,11: (17476,1028,0,65535)  #440400FF  srgba(68,4,0,1)
1,11: (17476,2056,1285,65535)  #440805FF  srgba(68,8,5,1)
2,11: (17476,7453,5654,65535)  #441D16FF  srgba(68,29,22,1)
3,11: (17476,7453,6682,65535)  #441D1AFF  srgba(68,29,26,1)
4,11: (17476,8995,7710,65535)  #44231EFF  srgba(68,35,30,1)
5,11: (17476,14906,13621,65535)  #443A35FF  srgba(68,58,53,1)
6,11: (17733,11822,10537,65535)  #452E29FF  srgba(69,46,41,1)
7,11: (17733,12593,11308,65535)  #45312CFF  srgba(69,49,44,1)
8,11: (17990,8995,8738,65535)  #462322FF  srgba(70,35,34,1)
9,11: (17990,10023,8738,65535)  #462722FF  srgba(70,39,34,1)
10,11: (17990,10280,10280,65535)  #462828FF  srgba(70,40,40,1)
11,11: (17990,17733,16705,65535)  #464541FF  srgba(70,69,65,1)
12,11: (18247,16191,15934,65535)  #473F3EFF  srgba(71,63,62,1)
13,11: (18504,13878,12336,65535)  #483630FF  srgba(72,54,48,1)
14,11: (18761,10794,9252,65535)  #492A24FF  srgba(73,42,36,1)
15,11: (18761,19275,18504,65535)  #494B48FF  srgba(73,75,72,1)
0,12: (19018,1285,257,65535)  #4A0501FF  srgba(74,5,1,1)
1,12: (19532,2570,1542,65535)  #4C0A06FF  srgba(76,10,6,1)
2,12: (19789,2313,257,65535)  #4D0901FF  srgba(77,9,1,1)
3,12: (19789,6168,5397,65535)  #4D1815FF  srgba(77,24,21,1)
4,12: (20046,4626,3598,65535)  #4E120EFF  srgba(78,18,14,1)
5,12: (20303,2827,514,65535)  #4F0B02FF  srgba(79,11,2,1)
6,12: (20303,4112,2056,65535)  #4F1008FF  srgba(79,16,8,1)
7,12: (20560,1542,257,65535)  #500601FF  srgba(80,6,1,1)
8,12: (20817,10023,9252,65535)  #512724FF  srgba(81,39,36,1)
9,12: (21074,11822,10023,65535)  #522E27FF  srgba(82,46,39,1)
10,12: (21331,8481,7453,65535)  #53211DFF  srgba(83,33,29,1)
11,12: (21845,13364,12079,65535)  #55342FFF  srgba(85,52,47,1)
12,12: (21845,15163,14135,65535)  #553B37FF  srgba(85,59,55,1)
13,12: (21845,18504,17219,65535)  #554843FF  srgba(85,72,67,1)
14,12: (21845,20303,19275,65535)  #554F4BFF  srgba(85,79,75,1)
15,12: (22102,12336,11565,65535)  #56302DFF  srgba(86,48,45,1)
0,13: (22102,16962,15163,65535)  #56423BFF  srgba(86,66,59,1)
1,13: (22359,2313,514,65535)  #570902FF  srgba(87,9,2,1)
2,13: (22359,8481,6425,65535)  #572119FF  srgba(87,33,25,1)
3,13: (22359,14649,12850,65535)  #573932FF  srgba(87,57,50,1)
4,13: (22616,4112,2056,65535)  #581008FF  srgba(88,16,8,1)
5,13: (22616,5911,4626,65535)  #581712FF  srgba(88,23,18,1)
6,13: (22616,9766,7967,65535)  #58261FFF  srgba(88,38,31,1)
7,13: (22616,22616,20817,65535)  #585851FF  srgba(88,88,81,1)
8,13: (22873,3598,1028,65535)  #590E04FF  srgba(89,14,4,1)
9,13: (22873,5140,3084,65535)  #59140CFF  srgba(89,20,12,1)
10,13: (23130,10280,9252,65535)  #5A2824FF  srgba(90,40,36,1)
11,13: (23387,7710,5140,65535)  #5B1E14FF  srgba(91,30,20,1)
12,13: (23644,24158,22873,65535)  #5C5E59FF  srgba(92,94,89,1)
13,13: (23901,12079,10023,65535)  #5D2F27FF  srgba(93,47,39,1)
14,13: (24929,3855,1028,65535)  #610F04FF  srgba(97,15,4,1)
15,13: (24929,5397,3084,65535)  #61150CFF  srgba(97,21,12,1)
0,14: (26471,4369,1799,65535)  #671107FF  srgba(103,17,7,1)
1,14: (26471,10280,7967,65535)  #67281FFF  srgba(103,40,31,1)
2,14: (26471,25957,24415,65535)  #67655FFF  srgba(103,101,95,1)
3,14: (26728,5654,3341,65535)  #68160DFF  srgba(104,22,13,1)
4,14: (26728,14135,12079,65535)  #68372FFF  srgba(104,55,47,1)
5,14: (27242,16448,14135,65535)  #6A4037FF  srgba(106,64,55,1)
6,14: (27499,21074,19532,65535)  #6B524CFF  srgba(107,82,76,1)
7,14: (28013,5654,2827,65535)  #6D160BFF  srgba(109,22,11,1)
8,14: (28013,18761,16448,65535)  #6D4940FF  srgba(109,73,64,1)
9,14: (28270,7453,4626,65535)  #6E1D12FF  srgba(110,29,18,1)
10,14: (28270,12850,9766,65535)  #6E3226FF  srgba(110,50,38,1)
11,14: (29041,8738,5654,65535)  #712216FF  srgba(113,34,22,1)
12,14: (29298,10537,7710,65535)  #72291EFF  srgba(114,41,30,1)
13,14: (30069,6168,3598,65535)  #75180EFF  srgba(117,24,14,1)
14,14: (31097,16191,13107,65535)  #793F33FF  srgba(121,63,51,1)
15,14: (31611,21588,19275,65535)  #7B544BFF  srgba(123,84,75,1)
0,15: (31868,19018,15934,65535)  #7C4A3EFF  srgba(124,74,62,1)
1,15: (32125,8481,5397,65535)  #7D2115FF  srgba(125,33,21,1)
2,15: (32125,13107,9509,65535)  #7D3325FF  srgba(125,51,37,1)
3,15: (32382,10537,7196,65535)  #7E291CFF  srgba(126,41,28,1)
4,15: (33410,16448,12850,65535)  #824032FF  srgba(130,64,50,1)
5,15: (34181,19275,15677,65535)  #854B3DFF  srgba(133,75,61,1)
6,15: (34438,9252,5911,65535)  #862417FF  srgba(134,36,23,1)
7,15: (34695,12079,8481,65535)  #872F21FF  srgba(135,47,33,1)
8,15: (34952,23644,20560,65535)  #885C50FF  srgba(136,92,80,1)
9,15: (35980,21331,17990,65535)  #8C5346FF  srgba(140,83,70,1)
10,15: (36237,15934,12593,65535)  #8D3E31FF  srgba(141,62,49,1)
11,15: (36751,19532,15677,65535)  #8F4C3DFF  srgba(143,76,61,1)
12,15: (37008,10794,6939,65535)  #902A1BFF  srgba(144,42,27,1)
13,15: (38036,13107,8995,65535)  #943323FF  srgba(148,51,35,1)
14,15: (40092,24415,20817,65535)  #9C5F51FF  srgba(156,95,81,1)
15,15: (0,65535,0,0)  #00FF0000  srgba(0,255,0,0)
