# ImageMagick pixel enumeration: 16,16,65535,srgba
0,0: (0,1285,0,65535)  #000500FF  srgba(0,5,0,1)
1,0: (0,2056,0,65535)  #000800FF  srgba(0,8,0,1)
2,0: (0,2313,0,65535)  #000900FF  srgba(0,9,0,1)
3,0: (0,5140,0,65535)  #001400FF  srgba(0,20,0,1)
4,0: (0,6425,0,65535)  #001900FF  srgba(0,25,0,1)
5,0: (0,6425,0,65535)  #001900FF  srgba(0,25,0,1)
6,0: (0,6682,257,65535)  #001A01FF  srgba(0,26,1,1)
7,0: (0,7196,0,65535)  #001C00FF  srgba(0,28,0,1)
8,0: (257,11051,257,65535)  #012B01FF  srgba(1,43,1,1)
9,0: (1028,1285,0,65535)  #040500FF  srgba(4,5,0,1)
10,0: (1028,14392,514,65535)  #043802FF  srgba(4,56,2,1)
11,0: (1542,6682,514,65535)  #061A02FF  srgba(6,26,2,1)
12,0: (1799,16705,771,65535)  #074103FF  srgba(7,65,3,1)
13,0: (2056,6425,257,65535)  #081901FF  srgba(8,25,1,1)
14,0: (2056,6682,0,65535)  #081A00FF  srgba(8,26,0,1)
15,0: (3341,6425,0,65535)  #0D1900FF  srgba(13,25,0,1)
0,1: (3341,6939,1542,65535)  #0D1B06FF  srgba(13,27,6,1)
1,1: (4369,1285,0,65535)  #110500FF  srgba(17,5,0,1)
2,1: (5397,18247,2570,65535)  #15470AFF  srgba(21,71,10,1)
3,1: (5654,10794,514,65535)  #162A02FF  srgba(22,42,2,1)
4,1: (6682,20560,3341,65535)  #1A500DFF  srgba(26,80,13,1)
5,1: (6939,11308,3341,65535)  #1B2C0DFF  srgba(27,44,13,1)
6,1: (6939,16705,3084,65535)  #1B410CFF  srgba(27,65,12,1)
7,1: (8224,14392,3341,65535)  #20380DFF  srgba(32,56,13,1)
8,1: (8738,5654,0,65535)  #221600FF  srgba(34,22,0,1)
9,1: (8738,6425,257,65535)  #221901FF  srgba(34,25,1,1)
10,1: (8995,1028,0,65535)  #230400FF  srgba(35,4,0,1)
11,1: (10537,7710,1028,65535)  #291E04FF  srgba(41,30,4,1)
12,1: (10794,7196,1799,65535)  #2A1C07FF  srgba(42,28,7,1)
13,1: (10794,18247,11308,65535)  #2A472CFF  srgba(42,71,44,1)
14,1: (11051,1285,257,65535)  #2B0501FF  srgba(43,5,1,1)
15,1: (11308,3341,771,65535)  #2C0D03FF  srgba(44,13,3,1)
0,2: (11822,7453,4112,65535)  #2E1D10FF  srgba(46,29,16,1)
1,2: (12336,10794,1542,65535)  #302A06FF  srgba(48,42,6,1)
2,2: (12593,11565,4883,65535)  #312D13FF  srgba(49,45,19,1)
3,2: (12593,17733,5654,65535)  #314516FF  srgba(49,69,22,1)
4,2: (12593,21845,6168,65535)  #315518FF  srgba(49,85,24,1)
5,2: (13364,5397,0,65535)  #341500FF  srgba(52,21,0,1)
6,2: (13364,5911,257,65535)  #341701FF  srgba(52,23,1,1)
7,2: (13364,14392,5140,65535)  #343814FF  srgba(52,56,20,1)
8,2: (13621,1285,0,65535)  #350500FF  srgba(53,5,0,1)
9,2: (14649,18247,11822,65535)  #39472EFF  srgba(57,71,46,1)
10,2: (16962,15677,10794,65535)  #423D2AFF  srgba(66,61,42,1)
11,2: (16962,21074,12593,65535)  #425231FF  srgba(66,82,49,1)
12,2: (17219,12079,5654,65535)  #432F16FF  srgba(67,47,22,1)
13,2: (17219,24929,11051,65535)  #43612BFF  srgba(67,97,43,1)
14,2: (17219,25957,18761,65535)  #436549FF  srgba(67,101,73,1)
15,2: (17476,23130,7967,65535)  #445A1FFF  srgba(68,90,31,1)
0,3: (17990,15163,4369,65535)  #463B11FF  srgba(70,59,17,1)
1,3: (18247,11308,1285,65535)  #472C05FF  srgba(71,44,5,1)
2,3: (19018,2056,0,65535)  #4A0800FF  srgba(74,8,0,1)
3,3: (19018,17733,7967,65535)  #4A451FFF  srgba(74,69,31,1)
4,3: (19018,20046,7196,65535)  #4A4E1CFF  srgba(74,78,28,1)
5,3: (19275,2827,514,65535)  #4B0B02FF  srgba(75,11,2,1)
6,3: (19275,6168,1542,65535)  #4B1806FF  srgba(75,24,6,1)
7,3: (19532,2056,0,65535)  #4C0800FF  srgba(76,8,0,1)
8,3: (19532,7196,4626,65535)  #4C1C12FF  srgba(76,28,18,1)
9,3: (19532,15420,7710,65535)  #4C3C1EFF  srgba(76,60,30,1)
10,3: (19532,17990,9766,65535)  #4C4626FF  srgba(76,70,38,1)
11,3: (19789,6682,514,65535)  #4D1A02FF  srgba(77,26,2,1)
12,3: (19789,16448,13107,65535)  #4D4033FF  srgba(77,64,51,1)
13,3: (19789,21074,14649,65535)  #4D5239FF  srgba(77,82,57,1)
14,3: (20046,6425,0,65535)  #4E1900FF  srgba(78,25,0,1)
15,3: (20046,17733,4369,65535)  #4E4511FF  srgba(78,69,17,1)
0,4: (20303,6682,0,65535)  #4F1A00FF  srgba(79,26,0,1)
1,4: (20560,25186,11565,65535)  #50622DFF  srgba(80,98,45,1)
2,4: (20560,26471,20303,65535)  #50674FFF  srgba(80,103,79,1)
3,4: (21588,12336,5911,65535)  #543017FF  srgba(84,48,23,1)
4,4: (22102,15420,3341,65535)  #563C0DFF  srgba(86,60,13,1)
5,4: (22359,11051,514,65535)  #572B02FF  srgba(87,43,2,1)
6,4: (22873,16191,10023,65535)  #593F27FF  srgba(89,63,39,1)
7,4: (22873,17476,14392,65535)  #594438FF  srgba(89,68,56,1)
8,4: (22873,20303,10537,65535)  #594F29FF  srgba(89,79,41,1)
9,4: (23130,21331,14906,65535)  #5A533AFF  srgba(90,83,58,1)
10,4: (23130,25186,19789,65535)  #5A624DFF  srgba(90,98,77,1)
11,4: (23130,25443,12593,65535)  #5A6331FF  srgba(90,99,49,1)
12,4: (23130,29298,22616,65535)  #5A7258FF  srgba(90,114,88,1)
13,4: (24158,6939,0,65535)  #5E1B00FF  srgba(94,27,0,1)
14,4: (24415,6939,0,65535)  #5F1B00FF  srgba(95,27,0,1)
15,4: (24672,3598,0,65535)  #600E00FF  srgba(96,14,0,1)
0,5: (24929,3341,0,65535)  #610D00FF  srgba(97,13,0,1)
1,5: (25186,11308,0,65535)  #622C00FF  srgba(98,44,0,1)
2,5: (25957,21074,11308,65535)  #65522CFF  srgba(101,82,44,1)
3,5: (26214,6682,1799,65535)  #661A07FF  srgba(102,26,7,1)
4,5: (26214,7453,4883,65535)  #661D13FF  srgba(102,29,19,1)
5,5: (26214,17476,3855,65535)  #66440FFF  srgba(102,68,15,1)
6,5: (26214,20046,7196,65535)  #664E1CFF  srgba(102,78,28,1)
7,5: (26214,24158,13621,65535)  #665E35FF  srgba(102,94,53,1)
8,5: (26214,25957,21074,65535)  #666552FF  srgba(102,101,82,1)
9,5: (26214,26728,14392,65535)  #666838FF  srgba(102,104,56,1)
10,5: (26471,6939,257,65535)  #671B01FF  srgba(103,27,1,1)
11,5: (26471,7453,771,65535)  #671D03FF  srgba(103,29,3,1)
12,5: (26471,30069,21588,65535)  #677554FF  srgba(103,117,84,1)
13,5: (26471,31611,26471,65535)  #677B67FF  srgba(103,123,103,1)
14,5: (26728,17476,7453,65535)  #68441DFF  srgba(104,68,29,1)
15,5: (26985,3855,514,65535)  #690F02FF  srgba(105,15,2,1)
0,6: (26985,12079,6168,65535)  #692F18FF  srgba(105,47,24,1)
1,6: (26985,15163,2313,65535)  #693B09FF  srgba(105,59,9,1)
2,6: (26985,15163,7196,65535)  #693B1CFF  srgba(105,59,28,1)
3,6: (27242,3598,257,65535)  #6A0E01FF  srgba(106,14,1,1)
4,6: (27242,20046,14135,65535)  #6A4E37FF  srgba(106,78,55,1)
5,6: (27499,11565,2570,65535)  #6B2D0AFF  srgba(107,45,10,1)
6,6: (27499,17990,11051,65535)  #6B462BFF  srgba(107,70,43,1)
7,6: (27499,22102,14392,65535)  #6B5638FF  srgba(107,86,56,1)
8,6: (27756,14649,10537,65535)  #6C3929FF  srgba(108,57,41,1)
9,6: (27756,15677,15420,65535)  #6C3D3CFF  srgba(108,61,60,1)
10,6: (27756,18761,15677,65535)  #6C493DFF  srgba(108,73,61,1)
11,6: (28013,6939,0,65535)  #6D1B00FF  srgba(109,27,0,1)
12,6: (28013,7453,0,65535)  #6D1D00FF  srgba(109,29,0,1)
13,6: (28013,20303,18761,65535)  #6D4F49FF  srgba(109,79,73,1)
14,6: (28270,22102,18761,65535)  #6E5649FF  srgba(110,86,73,1)
15,6: (28527,11051,257,65535)  #6F2B01FF  srgba(111,43,1,1)
0,7: (28784,3598,0,65535)  #700E00FF  srgba(112,14,0,1)
1,7: (29041,3598,0,65535)  #710E00FF  srgba(113,14,0,1)
2,7: (29041,21074,11051,65535)  #71522BFF  srgba(113,82,43,1)
3,7: (29041,24158,13107,65535)  #715E33FF  srgba(113,94,51,1)
4,7: (29298,24158,16705,65535)  #725E41FF  srgba(114,94,65,1)
5,7: (29298,27242,14392,65535)  #726A38FF  srgba(114,106,56,1)
6,7: (29298,27242,20817,65535)  #726A51FF  srgba(114,106,81,1)
7,7: (29298,27756,24672,65535)  #726C60FF  srgba(114,108,96,1)
8,7: (29555,27499,17476,65535)  #736B44FF  srgba(115,107,68,1)
9,7: (29555,31611,24672,65535)  #737B60FF  srgba(115,123,96,1)
10,7: (29812,34438,29298,65535)  #748672FF  srgba(116,134,114,1)
11,7: (31868,28527,15677,65535)  #7C6F3DFF  srgba(124,111,61,1)
12,7: (32125,7196,257,65535)  #7D1C01FF  srgba(125,28,1,1)
13,7: (32382,23644,16448,65535)  #7E5C40FF  srgba(126,92,64,1)
14,7: (32639,2827,0,65535)  #7F0B00FF  srgba(127,11,0,1)
15,7: (32639,4626,0,65535)  #7F1200FF  srgba(127,18,0,1)
0,8: (32639,10537,1028,65535)  #7F2904FF  srgba(127,41,4,1)
1,8: (32639,35723,31097,65535)  #7F8B79FF  srgba(127,139,121,1)
2,8: (32896,23901,18504,65535)  #805D48FF  srgba(128,93,72,1)
3,8: (32896,26985,20560,65535)  #806950FF  srgba(128,105,80,1)
4,8: (32896,27756,24415,65535)  #806C5FFF  srgba(128,108,95,1)
5,8: (32896,29041,20560,65535)  #807150FF  srgba(128,113,80,1)
6,8: (32896,29812,24672,65535)  #807460FF  srgba(128,116,96,1)
7,8: (33153,22616,12079,65535)  #81582FFF  srgba(129,88,47,1)
8,8: (33410,33667,26471,65535)  #828367FF  srgba(130,131,103,1)
9,8: (33667,19532,8995,65535)  #834C23FF  srgba(131,76,35,1)
10,8: (33667,30840,29041,65535)  #837871FF  srgba(131,120,113,1)
11,8: (33924,15420,3598,65535)  #843C0EFF  srgba(132,60,14,1)
12,8: (33924,23387,14392,65535)  #845B38FF  srgba(132,91,56,1)
13,8: (33924,32125,25700,65535)  #847D64FF  srgba(132,125,100,1)
14,8: (33924,33410,29298,65535)  #848272FF  srgba(132,130,114,1)
15,8: (34181,13107,2313,65535)  #853309FF  srgba(133,51,9,1)
0,9: (34181,15420,6939,65535)  #853C1BFF  srgba(133,60,27,1)
1,9: (34181,15420,12079,65535)  #853C2FFF  srgba(133,60,47,1)
2,9: (34181,17219,8224,65535)  #854320FF  srgba(133,67,32,1)
3,9: (34181,17476,15934,65535)  #85443EFF  srgba(133,68,62,1)
4,9: (34438,10794,7967,65535)  #862A1FFF  srgba(134,42,31,1)
5,9: (34438,13621,8995,65535)  #863523FF  srgba(134,53,35,1)
6,9: (34438,17476,11308,65535)  #86442CFF  srgba(134,68,44,1)
7,9: (34438,19789,11822,65535)  #864D2EFF  srgba(134,77,46,1)
8,9: (34438,20046,14135,65535)  #864E37FF  srgba(134,78,55,1)
9,9: (34438,20046,19789,65535)  #864E4DFF  srgba(134,78,77,1)
10,9: (34438,20303,16191,65535)  #864F3FFF  srgba(134,79,63,1)
11,9: (34438,31097,25700,65535)  #867964FF  srgba(134,121,100,1)
12,9: (34438,39064,34695,65535)  #869887FF  srgba(134,152,135,1)
13,9: (34695,24158,24672,65535)  #875E60FF  srgba(135,94,96,1)
14,9: (34952,24415,21074,65535)  #885F52FF  srgba(136,95,82,1)
15,9: (35466,27756,17733,65535)  #8A6C45FF  srgba(138,108,69,1)
0,10: (35466,27756,24415,65535)  #8A6C5FFF  srgba(138,108,95,1)
1,10: (35466,36494,32382,65535)  #8A8E7EFF  srgba(138,142,126,1)
2,10: (35723,7196,257,65535)  #8B1C01FF  srgba(139,28,1,1)
3,10: (35723,23387,16448,65535)  #8B5B40FF  srgba(139,91,64,1)
4,10: (35723,28527,16191,65535)  #8B6F3FFF  srgba(139,111,63,1)
5,10: (35723,33410,31354,65535)  #8B827AFF  srgba(139,130,122,1)
6,10: (36237,3855,0,65535)  #8D0F00FF  srgba(141,15,0,1)
7,10: (36237,10537,1285,65535)  #8D2905FF  srgba(141,41,5,1)
8,10: (36237,24158,18761,65535)  #8D5E49FF  srgba(141,94,73,1)
9,10: (36494,31354,17733,65535)  #8E7A45FF  srgba(142,122,69,1)
10,10: (36494,37779,34695,65535)  #8E9387FF  srgba(142,147,135,1)
11,10: (36751,31097,29555,65535)  #8F7973FF  srgba(143,121,115,1)
12,10: (36751,34695,31611,65535)  #8F877BFF  srgba(143,135,123,1)
13,10: (37265,26728,20817,65535)  #916851FF  srgba(145,104,81,1)
14,10: (37265,29812,25700,65535)  #917464FF  srgba(145,116,100,1)
15,10: (37522,31868,19789,65535)  #927C4DFF  srgba(146,124,77,1)
0,11: (38036,29041,20046,65535)  #94714EFF  srgba(148,113,78,1)
1,11: (38036,40092,37265,65535)  #949C91FF  srgba(148,156,145,1)
2,11: (38550,27499,25186,65535)  #966B62FF  srgba(150,107,98,1)
3,11: (38550,35980,34181,65535)  #968C85FF  srgba(150,140,133,1)
4,11: (39321,32896,31611,65535)  #99807BFF  srgba(153,128,123,1)
5,11: (39578,3855,0,65535)  #9A0F00FF  srgba(154,15,0,1)
6,11: (39578,29812,29298,65535)  #9A7472FF  srgba(154,116,114,1)
7,11: (39835,9509,514,65535)  #9B2502FF  srgba(155,37,2,1)
8,11: (39835,16448,8224,65535)  #9B4020FF  srgba(155,64,32,1)
9,11: (40092,4369,514,65535)  #9C1102FF  srgba(156,17,2,1)
10,11: (40092,10280,4883,65535)  #9C2813FF  srgba(156,40,19,1)
11,11: (40092,13364,5911,65535)  #9C3417FF  srgba(156,52,23,1)
12,11: (40092,19275,12850,65535)  #9C4B32FF  srgba(156,75,50,1)
13,11: (40349,19532,15677,65535)  #9D4C3DFF  srgba(157,76,61,1)
14,11: (40349,23644,16191,65535)  #9D5C3FFF  srgba(157,92,63,1)
15,11: (40349,23644,19532,65535)  #9D5C4CFF  srgba(157,92,76,1)
0,12: (40606,24415,21845,65535)  #9E5F55FF  srgba(158,95,85,1)
1,12: (41120,20046,19789,65535)  #A04E4DFF  srgba(160,78,77,1)
2,12: (41120,24672,24672,65535)  #A06060FF  srgba(160,96,96,1)
3,12: (41377,27499,25186,65535)  #A16B62FF  srgba(161,107,98,1)
4,12: (41634,15934,12336,65535)  #A23E30FF  srgba(162,62,48,1)
5,12: (42662,29298,17990,65535)  #A67246FF  srgba(166,114,70,1)
6,12: (42662,33410,33410,65535)  #A68282FF  srgba(166,130,130,1)
7,12: (42919,4112,257,65535)  #A71001FF  srgba(167,16,1,1)
8,12: (42919,13878,7710,65535)  #A7361EFF  srgba(167,54,30,1)
9,12: (42919,29041,29298,65535)  #A77172FF  srgba(167,113,114,1)
10,12: (42919,31354,19789,65535)  #A77A4DFF  srgba(167,122,77,1)
11,12: (43176,9509,4112,65535)  #A82510FF  srgba(168,37,16,1)
12,12: (43433,29812,21074,65535)  #A97452FF  srgba(169,116,82,1)
13,12: (43433,30326,31611,65535)  #A9767BFF  srgba(169,118,123,1)
14,12: (43433,41891,39578,65535)  #A9A39AFF  srgba(169,163,154,1)
15,12: (43947,30840,24158,65535)  #AB785EFF  srgba(171,120,94,1)
0,13: (44204,27242,25186,65535)  #AC6A62FF  srgba(172,106,98,1)
1,13: (44204,36494,34438,65535)  #AC8E86FF  srgba(172,142,134,1)
2,13: (44461,33924,21074,65535)  #AD8452FF  srgba(173,132,82,1)
3,13: (44718,13364,7710,65535)  #AE341EFF  srgba(174,52,30,1)
4,13: (44718,37008,37265,65535)  #AE9091FF  srgba(174,144,145,1)
5,13: (45232,4626,1028,65535)  #B01204FF  srgba(176,18,4,1)
6,13: (45232,9509,5140,65535)  #B02514FF  srgba(176,37,20,1)
7,13: (45232,15934,13878,65535)  #B03E36FF  srgba(176,62,54,1)
8,13: (45232,21074,18504,65535)  #B05248FF  srgba(176,82,72,1)
9,13: (45232,33410,33924,65535)  #B08284FF  srgba(176,130,132,1)
10,13: (45489,34181,23387,65535)  #B1855BFF  srgba(177,133,91,1)
11,13: (46003,24672,25443,65535)  #B36063FF  srgba(179,96,99,1)
12,13: (46260,22102,23130,65535)  #B4565AFF  srgba(180,86,90,1)
13,13: (46517,28527,29812,65535)  #B56F74FF  srgba(181,111,116,1)
14,13: (46517,30840,32639,65535)  #B5787FFF  srgba(181,120,127,1)
15,13: (47288,13621,7967,65535)  #B8351FFF  srgba(184,53,31,1)
0,14: (47288,42405,41377,65535)  #B8A5A1FF  srgba(184,165,161,1)
1,14: (47802,15420,14906,65535)  #BA3C3AFF  srgba(186,60,58,1)
2,14: (47802,20817,18761,65535)  #BA5149FF  srgba(186,81,73,1)
3,14: (48316,9509,6168,65535)  #BC2518FF  srgba(188,37,24,1)
4,14: (48316,33410,34181,65535)  #BC8285FF  srgba(188,130,133,1)
5,14: (48316,33667,22102,65535)  #BC8356FF  srgba(188,131,86,1)
6,14: (48573,4883,2313,65535)  #BD1309FF  srgba(189,19,9,1)
7,14: (48573,29812,32125,65535)  #BD747DFF  srgba(189,116,125,1)
8,14: (48830,23644,25957,65535)  #BE5C65FF  srgba(190,92,101,1)
9,14: (49344,33924,24929,65535)  #C08461FF  srgba(192,132,97,1)
10,14: (49858,39835,40092,65535)  #C29B9CFF  srgba(194,155,156,1)
11,14: (50115,34181,22359,65535)  #C38557FF  srgba(195,133,87,1)
12,14: (50372,23644,26471,65535)  #C45C67FF  srgba(196,92,103,1)
13,14: (50372,28784,31868,65535)  #C4707CFF  srgba(196,112,124,1)
14,14: (51143,14135,14392,65535)  #C73738FF  srgba(199,55,56,1)
15,14: (51143,19532,17990,65535)  #C74C46FF  srgba(199,76,70,1)
0,15: (51400,35466,25186,65535)  #C88A62FF  srgba(200,138,98,1)
1,15: (51914,38293,24929,65535)  #CA9561FF  srgba(202,149,97,1)
2,15: (52428,23644,26214,65535)  #CC5C66FF  srgba(204,92,102,1)
3,15: (52428,37008,38807,65535)  #CC9097FF  srgba(204,144,151,1)
4,15: (53199,34695,22102,65535)  #CF8756FF  srgba(207,135,86,1)
5,15: (53456,29041,32639,65535)  #D0717FFF  srgba(208,113,127,1)
6,15: (53713,33667,35466,65535)  #D1838AFF  srgba(209,131,138,1)
7,15: (53970,35209,25443,65535)  #D28963FF  srgba(210,137,99,1)
8,15: (54998,38807,30326,65535)  #D69776FF  srgba(214,151,118,1)
9,15: (54998,39064,25700,65535)  #D69864FF  srgba(214,152,100,1)
10,15: (57825,39321,25957,65535)  #E19965FF  srgba(225,153,101,1)
11,15: (59367,41634,26985,65535)  #E7A269FF  srgba(231,162,105,1)
12,15: (60909,41377,29298,65535)  #EDA172FF  srgba(237,161,114,1)
13,15: (61680,46774,39321,65535)  #F0B699FF  srgba(240,182,153,1)
14,15: (63479,43947,30583,65535)  #F7AB77FF  srgba(247,171,119,1)
15,15: (0,65535,0,0)  #00FF0000  srgba(0,255,0,0)
