# ImageMagick pixel enumeration: 16,16,65535,srgba
0,0: (0,1285,0,65535)  #000500FF  srgba(0,5,0,1)
1,0: (514,0,0,65535)  #020000FF  srgba(2,0,0,1)
2,0: (1285,3341,0,65535)  #050D00FF  srgba(5,13,0,1)
3,0: (4626,6939,771,65535)  #121B03FF  srgba(18,27,3,1)
4,0: (4883,6939,0,65535)  #131B00FF  srgba(19,27,0,1)
5,0: (5140,0,0,65535)  #140000FF  srgba(20,0,0,1)
6,0: (5397,1542,257,65535)  #150601FF  srgba(21,6,1,1)
7,0: (5654,0,0,65535)  #160000FF  srgba(22,0,0,1)
8,0: (5654,0,257,65535)  #160001FF  srgba(22,0,1,1)
9,0: (5911,9252,3855,65535)  #17240FFF  srgba(23,36,15,1)
10,0: (6682,3598,514,65535)  #1A0E02FF  srgba(26,14,2,1)
11,0: (10537,18247,4626,65535)  #294712FF  srgba(41,71,18,1)
12,0: (11051,257,257,65535)  #2B0101FF  srgba(43,1,1,1)
13,0: (11308,257,0,65535)  #2C0100FF  srgba(44,1,0,1)
14,0: (12336,20303,12079,65535)  #304F2FFF  srgba(48,79,47,1)
15,0: (12850,3855,771,65535)  #320F03FF  srgba(50,15,3,1)
0,1: (13107,4626,0,65535)  #331200FF  srgba(51,18,0,1)
1,1: (13107,4626,2056,65535)  #331208FF  srgba(51,18,8,1)
2,1: (13107,8995,257,65535)  #332301FF  srgba(51,35,1,1)
3,1: (13107,8995,771,65535)  #332303FF  srgba(51,35,3,1)
4,1: (13107,9252,0,65535)  #332400FF  srgba(51,36,0,1)
5,1: (13364,771,771,65535)  #340303FF  srgba(52,3,3,1)
6,1: (13364,2313,257,65535)  #340901FF  srgba(52,9,1,1)
7,1: (13364,6425,4883,65535)  #341913FF  srgba(52,25,19,1)
8,1: (13364,11308,4112,65535)  #342C10FF  srgba(52,44,16,1)
9,1: (13621,4626,257,65535)  #351201FF  srgba(53,18,1,1)
10,1: (13878,2313,0,65535)  #360900FF  srgba(54,9,0,1)
11,1: (14135,12336,8738,65535)  #373022FF  srgba(55,48,34,1)
12,1: (15163,514,257,65535)  #3B0201FF  srgba(59,2,1,1)
13,1: (15420,257,0,65535)  #3C0100FF  srgba(60,1,0,1)
14,1: (16962,18247,6425,65535)  #424719FF  srgba(66,71,25,1)
15,1: (16962,19532,13621,65535)  #424C35FF  srgba(66,76,53,1)
0,2: (18761,1285,257,65535)  #490501FF  srgba(73,5,1,1)
1,2: (19018,1028,0,65535)  #4A0400FF  srgba(74,4,0,1)
2,2: (19018,1542,771,65535)  #4A0603FF  srgba(74,6,3,1)
3,2: (19532,3084,0,65535)  #4C0C00FF  srgba(76,12,0,1)
4,2: (19789,5397,0,65535)  #4D1500FF  srgba(77,21,0,1)
5,2: (20046,3855,257,65535)  #4E0F01FF  srgba(78,15,1,1)
6,2: (20046,16448,5911,65535)  #4E4017FF  srgba(78,64,23,1)
7,2: (20046,21074,14392,65535)  #4E5238FF  srgba(78,82,56,1)
8,2: (20046,31097,20817,65535)  #4E7951FF  srgba(78,121,81,1)
9,2: (20303,16448,13621,65535)  #4F4035FF  srgba(79,64,53,1)
10,2: (20303,20817,8224,65535)  #4F5120FF  srgba(79,81,32,1)
11,2: (21331,8224,7453,65535)  #53201DFF  srgba(83,32,29,1)
12,2: (21331,11308,8224,65535)  #532C20FF  srgba(83,44,32,1)
13,2: (21331,13878,12079,65535)  #53362FFF  srgba(83,54,47,1)
14,2: (21588,5654,2827,65535)  #54160BFF  srgba(84,22,11,1)
15,2: (21588,9252,1028,65535)  #542404FF  srgba(84,36,4,1)
0,3: (21588,10794,0,65535)  #542A00FF  srgba(84,42,0,1)
1,3: (21588,10794,3598,65535)  #542A0EFF  srgba(84,42,14,1)
2,3: (21588,13621,7710,65535)  #54351EFF  srgba(84,53,30,1)
3,3: (21845,21588,17733,65535)  #555445FF  srgba(85,84,69,1)
4,3: (22102,5140,771,65535)  #561403FF  srgba(86,20,3,1)
5,3: (22102,7710,0,65535)  #561E00FF  srgba(86,30,0,1)
6,3: (22102,9766,257,65535)  #562601FF  srgba(86,38,1,1)
7,3: (22359,5654,257,65535)  #571601FF  srgba(87,22,1,1)
8,3: (22873,1285,0,65535)  #590500FF  srgba(89,5,0,1)
9,3: (23387,1799,257,65535)  #5B0701FF  srgba(91,7,1,1)
10,3: (23387,2313,771,65535)  #5B0903FF  srgba(91,9,3,1)
11,3: (23644,3341,0,65535)  #5C0D00FF  srgba(92,13,0,1)
12,3: (23901,5654,0,65535)  #5D1600FF  srgba(93,22,0,1)
13,3: (23901,16962,13878,65535)  #5D4236FF  srgba(93,66,54,1)
14,3: (24158,3598,0,65535)  #5E0E00FF  srgba(94,14,0,1)
15,3: (24158,16962,5911,65535)  #5E4217FF  srgba(94,66,23,1)
0,4: (24158,21588,8995,65535)  #5E5423FF  srgba(94,84,35,1)
1,4: (24415,22873,14135,65535)  #5F5937FF  srgba(95,89,55,1)
2,4: (24929,21331,18504,65535)  #615348FF  srgba(97,83,72,1)
3,4: (24929,31868,22873,65535)  #617C59FF  srgba(97,124,89,1)
4,4: (26728,2827,0,65535)  #680B00FF  srgba(104,11,0,1)
5,4: (26985,2570,257,65535)  #690A01FF  srgba(105,10,1,1)
6,4: (26985,5397,514,65535)  #691502FF  srgba(105,21,2,1)
7,4: (26985,5911,0,65535)  #691700FF  srgba(105,23,0,1)
8,4: (26985,8481,0,65535)  #692100FF  srgba(105,33,0,1)
9,4: (27242,22102,19532,65535)  #6A564CFF  srgba(106,86,76,1)
10,4: (27499,3855,1542,65535)  #6B0F06FF  srgba(107,15,6,1)
11,4: (28013,11822,0,65535)  #6D2E00FF  srgba(109,46,0,1)
12,4: (28527,29812,21074,65535)  #6F7452FF  srgba(111,116,82,1)
13,4: (28784,33410,26728,65535)  #708268FF  srgba(112,130,104,1)
14,4: (29041,7710,1799,65535)  #711E07FF  srgba(113,30,7,1)
15,4: (29298,7710,4883,65535)  #721E13FF  srgba(114,30,19,1)
0,5: (29298,8738,257,65535)  #722201FF  srgba(114,34,1,1)
1,5: (29298,12336,5397,65535)  #723015FF  srgba(114,48,21,1)
2,5: (29555,11565,1799,65535)  #732D07FF  srgba(115,45,7,1)
3,5: (29555,11565,8224,65535)  #732D20FF  srgba(115,45,32,1)
4,5: (29555,12850,10537,65535)  #733229FF  srgba(115,50,41,1)
5,5: (29555,13621,13621,65535)  #733535FF  srgba(115,53,53,1)
6,5: (29555,17219,8481,65535)  #734321FF  srgba(115,67,33,1)
7,5: (29555,17476,13364,65535)  #734434FF  srgba(115,68,52,1)
8,5: (29555,21845,8738,65535)  #735522FF  srgba(115,85,34,1)
9,5: (29555,23130,12336,65535)  #735A30FF  srgba(115,90,48,1)
10,5: (29812,12079,257,65535)  #742F01FF  srgba(116,47,1,1)
11,5: (29812,16962,2056,65535)  #744208FF  srgba(116,66,8,1)
12,5: (29812,24672,14649,65535)  #746039FF  srgba(116,96,57,1)
13,5: (30326,2313,0,65535)  #760900FF  srgba(118,9,0,1)
14,5: (30583,2827,257,65535)  #770B01FF  srgba(119,11,1,1)
15,5: (30583,24672,21074,65535)  #776052FF  srgba(119,96,82,1)
0,6: (30840,3855,0,65535)  #780F00FF  srgba(120,15,0,1)
1,6: (30840,5911,257,65535)  #781701FF  srgba(120,23,1,1)
2,6: (30840,20046,19018,65535)  #784E4AFF  srgba(120,78,74,1)
3,6: (31097,5911,0,65535)  #791700FF  srgba(121,23,0,1)
4,6: (31097,8738,0,65535)  #792200FF  srgba(121,34,0,1)
5,6: (31354,3341,1542,65535)  #7A0D06FF  srgba(122,13,6,1)
6,6: (31611,12336,0,65535)  #7B3000FF  srgba(123,48,0,1)
7,6: (31611,29298,20817,65535)  #7B7251FF  srgba(123,114,81,1)
8,6: (31611,37008,29298,65535)  #7B9072FF  srgba(123,144,114,1)
9,6: (31868,29041,25957,65535)  #7C7165FF  srgba(124,113,101,1)
10,6: (33924,17219,8224,65535)  #844320FF  srgba(132,67,32,1)
11,6: (34438,24672,22873,65535)  #866059FF  srgba(134,96,89,1)
12,6: (34695,30326,26985,65535)  #877669FF  srgba(135,118,105,1)
13,6: (34952,3341,0,65535)  #880D00FF  srgba(136,13,0,1)
14,6: (34952,28013,19275,65535)  #886D4BFF  srgba(136,109,75,1)
15,6: (35209,5654,0,65535)  #891600FF  srgba(137,22,0,1)
0,7: (35209,11308,3855,65535)  #892C0FFF  srgba(137,44,15,1)
1,7: (35209,12593,7196,65535)  #89311CFF  srgba(137,49,28,1)
2,7: (35209,20560,21331,65535)  #895053FF  srgba(137,80,83,1)
3,7: (35209,31354,20046,65535)  #897A4EFF  srgba(137,122,78,1)
4,7: (35209,37522,30583,65535)  #899277FF  srgba(137,146,119,1)
5,7: (35466,3341,1028,65535)  #8A0D04FF  srgba(138,13,4,1)
6,7: (35466,6682,771,65535)  #8A1A03FF  srgba(138,26,3,1)
7,7: (35466,9509,0,65535)  #8A2500FF  srgba(138,37,0,1)
8,7: (35466,12079,771,65535)  #8A2F03FF  srgba(138,47,3,1)
9,7: (35466,12850,11565,65535)  #8A322DFF  srgba(138,50,45,1)
10,7: (35723,6168,3598,65535)  #8B180EFF  srgba(139,24,14,1)
11,7: (35723,7967,6939,65535)  #8B1F1BFF  srgba(139,31,27,1)
12,7: (35723,13364,0,65535)  #8B3400FF  srgba(139,52,0,1)
13,7: (35980,16705,514,65535)  #8C4102FF  srgba(140,65,2,1)
14,7: (36237,3341,3084,65535)  #8D0D0CFF  srgba(141,13,12,1)
15,7: (36237,20560,11565,65535)  #8D502DFF  srgba(141,80,45,1)
0,8: (36237,24929,14906,65535)  #8D613AFF  srgba(141,97,58,1)
1,8: (36494,17219,13621,65535)  #8E4335FF  srgba(142,67,53,1)
2,8: (36494,27499,15163,65535)  #8E6B3BFF  srgba(142,107,59,1)
3,8: (36751,18761,17990,65535)  #8F4946FF  srgba(143,73,70,1)
4,8: (36751,24415,11822,65535)  #8F5F2EFF  srgba(143,95,46,1)
5,8: (37008,22102,14649,65535)  #905639FF  srgba(144,86,57,1)
6,8: (37265,20560,3855,65535)  #91500FFF  srgba(145,80,15,1)
7,8: (37522,23644,7196,65535)  #925C1CFF  srgba(146,92,28,1)
8,8: (37779,24929,17733,65535)  #936145FF  srgba(147,97,69,1)
9,8: (38293,17476,7967,65535)  #95441FFF  srgba(149,68,31,1)
10,8: (39064,32639,27499,65535)  #987F6BFF  srgba(152,127,107,1)
11,8: (39321,24415,23901,65535)  #995F5DFF  srgba(153,95,93,1)
12,8: (39835,28270,18504,65535)  #9B6E48FF  srgba(155,110,72,1)
13,8: (39835,38293,29041,65535)  #9B9571FF  srgba(155,149,113,1)
14,8: (40092,4112,771,65535)  #9C1003FF  srgba(156,16,3,1)
15,8: (40092,20560,22359,65535)  #9C5057FF  srgba(156,80,87,1)
0,9: (40092,31611,19532,65535)  #9C7B4CFF  srgba(156,123,76,1)
1,9: (40092,31868,22102,65535)  #9C7C56FF  srgba(156,124,86,1)
2,9: (40092,42919,36494,65535)  #9CA78EFF  srgba(156,167,142,1)
3,9: (40349,3341,3084,65535)  #9D0D0CFF  srgba(157,13,12,1)
4,9: (40349,7710,257,65535)  #9D1E01FF  srgba(157,30,1,1)
5,9: (40349,13107,0,65535)  #9D3300FF  srgba(157,51,0,1)
6,9: (40863,10023,8738,65535)  #9F2722FF  srgba(159,39,34,1)
7,9: (40863,12593,13107,65535)  #9F3133FF  srgba(159,49,51,1)
8,9: (40863,16448,257,65535)  #9F4001FF  srgba(159,64,1,1)
9,9: (41120,6168,5397,65535)  #A01815FF  srgba(160,24,21,1)
10,9: (41120,6425,3084,65535)  #A0190CFF  srgba(160,25,12,1)
11,9: (43433,15934,514,65535)  #A93E02FF  srgba(169,62,2,1)
12,9: (43433,22102,4626,65535)  #A95612FF  srgba(169,86,18,1)
13,9: (43690,17733,1285,65535)  #AA4505FF  srgba(170,69,5,1)
14,9: (44204,13107,771,65535)  #AC3303FF  srgba(172,51,3,1)
15,9: (44461,4626,3855,65535)  #AD120FFF  srgba(173,18,15,1)
0,10: (44461,7196,3084,65535)  #AD1C0CFF  srgba(173,28,12,1)
1,10: (44461,31097,20303,65535)  #AD794FFF  srgba(173,121,79,1)
2,10: (44718,23644,26214,65535)  #AE5C66FF  srgba(174,92,102,1)
3,10: (44975,24415,15420,65535)  #AF5F3CFF  srgba(175,95,60,1)
4,10: (45232,18504,20303,65535)  #B0484FFF  srgba(176,72,79,1)
5,10: (45232,28013,19789,65535)  #B06D4DFF  srgba(176,109,77,1)
6,10: (45232,32896,21845,65535)  #B08055FF  srgba(176,128,85,1)
7,10: (45232,46517,40092,65535)  #B0B59CFF  srgba(176,181,156,1)
8,10: (45489,18247,14392,65535)  #B14738FF  srgba(177,71,56,1)
9,10: (45489,24158,19789,65535)  #B15E4DFF  srgba(177,94,77,1)
10,10: (46003,12593,13621,65535)  #B33135FF  srgba(179,49,53,1)
11,10: (46260,6425,7196,65535)  #B4191CFF  srgba(180,25,28,1)
12,10: (46260,8738,9252,65535)  #B42224FF  srgba(180,34,36,1)
13,10: (46517,5397,4369,65535)  #B51511FF  srgba(181,21,17,1)
14,10: (46517,9766,2313,65535)  #B52609FF  srgba(181,38,9,1)
15,10: (46517,19532,4112,65535)  #B54C10FF  srgba(181,76,16,1)
0,11: (46517,43176,33924,65535)  #B5A884FF  srgba(181,168,132,1)
1,11: (46774,16191,2056,65535)  #B63F08FF  srgba(182,63,8,1)
2,11: (47802,35466,23130,65535)  #BA8A5AFF  srgba(186,138,90,1)
3,11: (48059,39321,31354,65535)  #BB997AFF  srgba(187,153,122,1)
4,11: (48316,32382,22873,65535)  #BC7E59FF  srgba(188,126,89,1)
5,11: (48573,30840,25957,65535)  #BD7865FF  srgba(189,120,101,1)
6,11: (48830,9252,3084,65535)  #BE240CFF  srgba(190,36,12,1)
7,11: (49601,34438,26214,65535)  #C18666FF  srgba(193,134,102,1)
8,11: (50372,7453,7967,65535)  #C41D1FFF  srgba(196,29,31,1)
9,11: (50629,10280,11565,65535)  #C5282DFF  srgba(197,40,45,1)
10,11: (50629,34438,23901,65535)  #C5865DFF  srgba(197,134,93,1)
11,11: (50629,36237,24415,65535)  #C58D5FFF  srgba(197,141,95,1)
12,11: (51143,24158,26471,65535)  #C75E67FF  srgba(199,94,103,1)
13,11: (51143,27756,20046,65535)  #C76C4EFF  srgba(199,108,78,1)
14,11: (51143,36494,26214,65535)  #C78E66FF  srgba(199,142,102,1)
15,11: (51657,16191,2827,65535)  #C93F0BFF  srgba(201,63,11,1)
0,12: (51657,31097,22102,65535)  #C97956FF  srgba(201,121,86,1)
1,12: (51914,30840,20046,65535)  #CA784EFF  srgba(202,120,78,1)
2,12: (52171,19018,5911,65535)  #CB4A17FF  srgba(203,74,23,1)
3,12: (52171,31354,21331,65535)  #CB7A53FF  srgba(203,122,83,1)
4,12: (52171,33667,22102,65535)  #CB8356FF  srgba(203,131,86,1)
5,12: (53199,11822,2313,65535)  #CF2E09FF  srgba(207,46,9,1)
6,12: (53199,22359,15420,65535)  #CF573CFF  srgba(207,87,60,1)
7,12: (53456,38293,25186,65535)  #D09562FF  srgba(208,149,98,1)
8,12: (53713,19018,19532,65535)  #D14A4CFF  srgba(209,74,76,1)
9,12: (53970,17219,14649,65535)  #D24339FF  srgba(210,67,57,1)
10,12: (53970,23644,19532,65535)  #D25C4CFF  srgba(210,92,76,1)
11,12: (53970,39064,26471,65535)  #D29867FF  srgba(210,152,103,1)
12,12: (54484,32639,23130,65535)  #D47F5AFF  srgba(212,127,90,1)
13,12: (54741,35466,23387,65535)  #D58A5BFF  srgba(213,138,91,1)
14,12: (55512,40092,27499,65535)  #D89C6BFF  srgba(216,156,107,1)
15,12: (55769,39578,30840,65535)  #D99A78FF  srgba(217,154,120,1)
0,13: (56026,27242,20303,65535)  #DA6A4FFF  srgba(218,106,79,1)
1,13: (56026,31097,26214,65535)  #DA7966FF  srgba(218,121,102,1)
2,13: (56026,34438,24929,65535)  #DA8661FF  srgba(218,134,97,1)
3,13: (56026,36237,24415,65535)  #DA8D5FFF  srgba(218,141,95,1)
4,13: (56283,11308,10537,65535)  #DB2C29FF  srgba(219,44,41,1)
5,13: (56797,36494,25700,65535)  #DD8E64FF  srgba(221,142,100,1)
6,13: (57311,38550,25443,65535)  #DF9663FF  srgba(223,150,99,1)
7,13: (57311,42662,30583,65535)  #DFA677FF  srgba(223,166,119,1)
8,13: (57568,39578,26471,65535)  #E09A67FF  srgba(224,154,103,1)
9,13: (59624,13878,15420,65535)  #E8363CFF  srgba(232,54,60,1)
10,13: (60395,34181,24929,65535)  #EB8561FF  srgba(235,133,97,1)
11,13: (60652,37522,25186,65535)  #EC9262FF  srgba(236,146,98,1)
12,13: (60909,38293,26214,65535)  #ED9566FF  srgba(237,149,102,1)
13,13: (60909,40349,26728,65535)  #ED9D68FF  srgba(237,157,104,1)
14,13: (62194,30840,22359,65535)  #F27857FF  srgba(242,120,87,1)
15,13: (62194,37522,26728,65535)  #F29268FF  srgba(242,146,104,1)
0,14: (62194,38807,27499,65535)  #F2976BFF  srgba(242,151,107,1)
1,14: (62194,41891,27756,65535)  #F2A36CFF  srgba(242,163,108,1)
2,14: (62708,40606,27756,65535)  #F49E6CFF  srgba(244,158,108,1)
3,14: (63222,17733,16448,65535)  #F64540FF  srgba(246,69,64,1)
4,14: (63222,22359,17990,65535)  #F65746FF  srgba(246,87,70,1)
5,14: (63736,31097,30069,65535)  #F87975FF  srgba(248,121,117,1)
6,14: (63736,34181,25443,65535)  #F88563FF  srgba(248,133,99,1)
7,14: (63993,23130,19789,65535)  #F95A4DFF  srgba(249,90,77,1)
8,14: (63993,26985,21845,65535)  #F96955FF  srgba(249,105,85,1)
9,14: (64507,31097,24929,65535)  #FB7961FF  srgba(251,121,97,1)
10,14: (64764,18504,19018,65535)  #FC484AFF  srgba(252,72,74,1)
11,14: (64764,21074,21331,65535)  #FC5253FF  srgba(252,82,83,1)
12,14: (64764,24672,21588,65535)  #FC6054FF  srgba(252,96,84,1)
13,14: (64764,24929,24158,65535)  #FC615EFF  srgba(252,97,94,1)
14,14: (64764,28270,24415,65535)  #FC6E5FFF  srgba(252,110,95,1)
15,14: (64764,34695,29812,65535)  #FC8774FF  srgba(252,135,116,1)
0,15: (64764,40092,28784,65535)  #FC9C70FF  srgba(252,156,112,1)
1,15: (64764,41634,29041,65535)  #FCA271FF  srgba(252,162,113,1)
2,15: (64764,42919,30069,65535)  #FCA775FF  srgba(252,167,117,1)
3,15: (65021,36494,29812,65535)  #FD8E74FF  srgba(253,142,116,1)
4,15: (65021,38036,27756,65535)  #FD946CFF  srgba(253,148,108,1)
5,15: (65021,38293,29812,65535)  #FD9574FF  srgba(253,149,116,1)
6,15: (65021,40092,30840,65535)  #FD9C78FF  srgba(253,156,120,1)
7,15: (65021,44461,31354,65535)  #FDAD7AFF  srgba(253,173,122,1)
8,15: (65278,33924,26214,65535)  #FE8466FF  srgba(254,132,102,1)
9,15: (65278,41634,31354,65535)  #FEA27AFF  srgba(254,162,122,1)
10,15: (65278,43947,33924,65535)  #FEAB84FF  srgba(254,171,132,1)
11,15: (65278,47031,34181,65535)  #FEB785FF  srgba(254,183,133,1)
12,15: (65278,47288,36494,65535)  #FEB88EFF  srgba(254,184,142,1)
13,15: (65278,48573,38036,65535)  #FEBD94FF  srgba(254,189,148,1)
14,15: (65278,49601,40349,65535)  #FEC19DFF  srgba(254,193,157,1)
15,15: (0,65535,0,0)  #00FF0000  srgba(0,255,0,0)
