# ImageMagick pixel enumeration: 16,16,65535,srgba
0,0: (0,0,38293,65535)  #000095FF  srgba(0,0,149,1)
1,0: (0,771,50372,65535)  #0003C4FF  srgba(0,3,196,1)
2,0: (0,1799,36237,65535)  #00078DFF  srgba(0,7,141,1)
3,0: (0,2570,39064,65535)  #000A98FF  srgba(0,10,152,1)
4,0: (0,5397,42148,65535)  #0015A4FF  srgba(0,21,164,1)
5,0: (0,7196,35209,65535)  #001C89FF  srgba(0,28,137,1)
6,0: (0,7196,38036,65535)  #001C94FF  srgba(0,28,148,1)
7,0: (0,11051,36237,65535)  #002B8DFF  srgba(0,43,141,1)
8,0: (0,19275,23387,65535)  #004B5BFF  srgba(0,75,91,1)
9,0: (0,19275,28527,65535)  #004B6FFF  srgba(0,75,111,1)
10,0: (0,19275,37265,65535)  #004B91FF  srgba(0,75,145,1)
11,0: (0,20817,20046,65535)  #00514EFF  srgba(0,81,78,1)
12,0: (0,20817,36237,65535)  #00518DFF  srgba(0,81,141,1)
13,0: (0,21331,5397,65535)  #005315FF  srgba(0,83,21,1)
14,0: (0,21331,9766,65535)  #005326FF  srgba(0,83,38,1)
15,0: (0,21588,10280,65535)  #005428FF  srgba(0,84,40,1)
0,1: (0,21588,16705,65535)  #005441FF  srgba(0,84,65,1)
1,1: (0,21588,35209,65535)  #005489FF  srgba(0,84,137,1)
2,1: (0,23644,33410,65535)  #005C82FF  srgba(0,92,130,1)
3,1: (0,24672,38036,65535)  #006094FF  srgba(0,96,148,1)
4,1: (0,25700,36494,65535)  #00648EFF  srgba(0,100,142,1)
5,1: (0,28013,28527,65535)  #006D6FFF  srgba(0,109,111,1)
6,1: (0,28270,24672,65535)  #006E60FF  srgba(0,110,96,1)
7,1: (0,28270,37265,65535)  #006E91FF  srgba(0,110,145,1)
8,1: (0,29298,35980,65535)  #00728CFF  srgba(0,114,140,1)
9,1: (0,30069,6168,65535)  #007518FF  srgba(0,117,24,1)
10,1: (0,30069,35209,65535)  #007589FF  srgba(0,117,137,1)
11,1: (0,31097,15677,65535)  #00793DFF  srgba(0,121,61,1)
12,1: (0,32382,14135,65535)  #007E37FF  srgba(0,126,55,1)
13,1: (0,35209,28784,65535)  #008970FF  srgba(0,137,112,1)
14,1: (0,35980,34952,65535)  #008C88FF  srgba(0,140,136,1)
15,1: (0,36494,25186,65535)  #008E62FF  srgba(0,142,98,1)
0,2: (0,37265,6682,65535)  #00911AFF  srgba(0,145,26,1)
1,2: (0,37522,37779,65535)  #009293FF  srgba(0,146,147,1)
2,2: (0,37779,37265,65535)  #009391FF  srgba(0,147,145,1)
3,2: (0,38293,35980,65535)  #00958CFF  srgba(0,149,140,1)
4,2: (0,39064,36237,65535)  #00988DFF  srgba(0,152,141,1)
5,2: (0,39321,16962,65535)  #009942FF  srgba(0,153,66,1)
6,2: (0,40606,50115,65535)  #009EC3FF  srgba(0,158,195,1)
7,2: (0,41120,28784,65535)  #00A070FF  srgba(0,160,112,1)
8,2: (0,42148,14906,65535)  #00A43AFF  srgba(0,164,58,1)
9,2: (0,42919,34952,65535)  #00A788FF  srgba(0,167,136,1)
10,2: (0,43947,24158,65535)  #00AB5EFF  srgba(0,171,94,1)
11,2: (0,47031,28527,65535)  #00B76FFF  srgba(0,183,111,1)
12,2: (0,47545,37008,65535)  #00B990FF  srgba(0,185,144,1)
13,2: (0,48059,19789,65535)  #00BB4DFF  srgba(0,187,77,1)
14,2: (0,48573,41891,65535)  #00BDA3FF  srgba(0,189,163,1)
15,2: (0,49601,34952,65535)  #00C188FF  srgba(0,193,136,1)
0,3: (0,51143,7453,65535)  #00C71DFF  srgba(0,199,29,1)
1,3: (0,51914,36494,65535)  #00CA8EFF  srgba(0,202,142,1)
2,3: (0,52428,19789,65535)  #00CC4DFF  srgba(0,204,77,1)
3,3: (0,52428,52685,65535)  #00CCCDFF  srgba(0,204,205,1)
4,3: (0,52428,53199,65535)  #00CCCFFF  srgba(0,204,207,1)
5,3: (0,52942,27756,65535)  #00CE6CFF  srgba(0,206,108,1)
6,3: (0,53713,52428,65535)  #00D1CCFF  srgba(0,209,204,1)
7,3: (0,53970,29041,65535)  #00D271FF  srgba(0,210,113,1)
8,3: (0,54227,48316,65535)  #00D3BCFF  srgba(0,211,188,1)
9,3: (0,54484,35209,65535)  #00D489FF  srgba(0,212,137,1)
10,3: (0,55512,16705,65535)  #00D841FF  srgba(0,216,65,1)
11,3: (0,56026,18761,65535)  #00DA49FF  srgba(0,218,73,1)
12,3: (0,56283,13107,65535)  #00DB33FF  srgba(0,219,51,1)
13,3: (0,56283,36494,65535)  #00DB8EFF  srgba(0,219,142,1)
14,3: (0,56283,43433,65535)  #00DBA9FF  srgba(0,219,169,1)
15,3: (0,56797,37265,65535)  #00DD91FF  srgba(0,221,145,1)
0,4: (0,57311,34952,65535)  #00DF88FF  srgba(0,223,136,1)
1,4: (0,57311,39321,65535)  #00DF99FF  srgba(0,223,153,1)
2,4: (0,58339,33924,65535)  #00E384FF  srgba(0,227,132,1)
3,4: (0,59110,29041,65535)  #00E671FF  srgba(0,230,113,1)
4,4: (0,60909,14649,65535)  #00ED39FF  srgba(0,237,57,1)
5,4: (0,61937,26214,65535)  #00F166FF  srgba(0,241,102,1)
6,4: (0,62194,19275,65535)  #00F24BFF  srgba(0,242,75,1)
7,4: (0,62451,7710,65535)  #00F31EFF  srgba(0,243,30,1)
8,4: (0,62965,20303,65535)  #00F54FFF  srgba(0,245,79,1)
9,4: (0,63736,28527,65535)  #00F86FFF  srgba(0,248,111,1)
10,4: (0,64250,11051,65535)  #00FA2BFF  srgba(0,250,43,1)
11,4: (0,64250,13621,65535)  #00FA35FF  srgba(0,250,53,1)
12,4: (0,65021,7710,65535)  #00FD1EFF  srgba(0,253,30,1)
13,4: (0,65535,6939,65535)  #00FF1BFF  srgba(0,255,27,1)
14,4: (257,10537,23644,65535)  #01295CFF  srgba(1,41,92,1)
15,4: (257,10794,30326,65535)  #012A76FF  srgba(1,42,118,1)
0,5: (257,54741,40863,65535)  #01D59FFF  srgba(1,213,159,1)
1,5: (514,1542,30583,65535)  #020677FF  srgba(2,6,119,1)
2,5: (514,1799,23901,65535)  #02075DFF  srgba(2,7,93,1)
3,5: (514,10794,14649,65535)  #022A39FF  srgba(2,42,57,1)
4,5: (514,55769,25700,65535)  #02D964FF  srgba(2,217,100,1)
5,5: (771,2056,14906,65535)  #03083AFF  srgba(3,8,58,1)
6,5: (771,10794,4883,65535)  #032A13FF  srgba(3,42,19,1)
7,5: (1028,49344,34438,65535)  #04C086FF  srgba(4,192,134,1)
8,5: (1285,2313,4626,65535)  #050912FF  srgba(5,9,18,1)
9,5: (1542,22359,38550,65535)  #065796FF  srgba(6,87,150,1)
10,5: (1799,2827,44461,65535)  #070BADFF  srgba(7,11,173,1)
11,5: (1799,36751,38807,65535)  #078F97FF  srgba(7,143,151,1)
12,5: (1799,37008,33924,65535)  #079084FF  srgba(7,144,132,1)
13,5: (1799,55769,16191,65535)  #07D93FFF  srgba(7,217,63,1)
14,5: (2056,26214,9766,65535)  #086626FF  srgba(8,102,38,1)
15,5: (2570,6682,38036,65535)  #0A1A94FF  srgba(10,26,148,1)
0,6: (2570,17990,7967,65535)  #0A461FFF  srgba(10,70,31,1)
1,6: (2827,19018,25443,65535)  #0B4A63FF  srgba(11,74,99,1)
2,6: (2827,28527,25700,65535)  #0B6F64FF  srgba(11,111,100,1)
3,6: (2827,41120,15677,65535)  #0BA03DFF  srgba(11,160,61,1)
4,6: (3855,40606,26728,65535)  #0F9E68FF  srgba(15,158,104,1)
5,6: (4112,4626,34952,65535)  #101288FF  srgba(16,18,136,1)
6,6: (5397,37522,47802,65535)  #1592BAFF  srgba(21,146,186,1)
7,6: (5911,0,10537,65535)  #170029FF  srgba(23,0,41,1)
8,6: (6168,0,2827,65535)  #18000BFF  srgba(24,0,11,1)
9,6: (6168,23644,42919,65535)  #185CA7FF  srgba(24,92,167,1)
10,6: (6682,0,19789,65535)  #1A004DFF  srgba(26,0,77,1)
11,6: (6682,22873,34952,65535)  #1A5988FF  srgba(26,89,136,1)
12,6: (6939,0,35209,65535)  #1B0089FF  srgba(27,0,137,1)
13,6: (7196,0,28784,65535)  #1C0070FF  srgba(28,0,112,1)
14,6: (11308,0,40349,65535)  #2C009DFF  srgba(44,0,157,1)
15,6: (13364,5397,20303,65535)  #34154FFF  srgba(52,21,79,1)
0,7: (13621,9509,6682,65535)  #35251AFF  srgba(53,37,26,1)
1,7: (14135,1542,6682,65535)  #37061AFF  srgba(55,6,26,1)
2,7: (14135,5654,29298,65535)  #371672FF  srgba(55,22,114,1)
3,7: (14135,21588,9509,65535)  #375425FF  srgba(55,84,37,1)
4,7: (14649,51914,28013,65535)  #39CA6DFF  srgba(57,202,109,1)
5,7: (16191,0,50886,65535)  #3F00C6FF  srgba(63,0,198,1)
6,7: (16191,51914,15163,65535)  #3FCA3BFF  srgba(63,202,59,1)
7,7: (19018,19532,26471,65535)  #4A4C67FF  srgba(74,76,103,1)
8,7: (19275,0,2827,65535)  #4B000BFF  srgba(75,0,11,1)
9,7: (19275,23387,40606,65535)  #4B5B9EFF  srgba(75,91,158,1)
10,7: (19275,40092,27756,65535)  #4B9C6CFF  srgba(75,156,108,1)
11,7: (19789,6168,35723,65535)  #4D188BFF  srgba(77,24,139,1)
12,7: (19789,21588,51657,65535)  #4D54C9FF  srgba(77,84,201,1)
13,7: (19789,28527,26471,65535)  #4D6F67FF  srgba(77,111,103,1)
14,7: (20303,0,11565,65535)  #4F002DFF  srgba(79,0,45,1)
15,7: (20303,37008,36494,65535)  #4F908EFF  srgba(79,144,142,1)
0,8: (20560,40606,14135,65535)  #509E37FF  srgba(80,158,55,1)
1,8: (20817,5397,20303,65535)  #51154FFF  srgba(81,21,79,1)
2,8: (21074,23644,39578,65535)  #525C9AFF  srgba(82,92,154,1)
3,8: (21331,4883,29812,65535)  #531374FF  srgba(83,19,116,1)
4,8: (21588,0,20046,65535)  #54004EFF  srgba(84,0,78,1)
5,8: (21588,0,28784,65535)  #540070FF  srgba(84,0,112,1)
6,8: (21588,20046,37522,65535)  #544E92FF  srgba(84,78,146,1)
7,8: (22359,0,35209,65535)  #570089FF  srgba(87,0,137,1)
8,8: (22873,0,46774,65535)  #5900B6FF  srgba(89,0,182,1)
9,8: (22873,5911,39835,65535)  #59179BFF  srgba(89,23,155,1)
10,8: (22873,28013,37779,65535)  #596D93FF  srgba(89,109,147,1)
11,8: (23130,4626,47031,65535)  #5A12B7FF  srgba(90,18,183,1)
12,8: (23130,9252,7453,65535)  #5A241DFF  srgba(90,36,29,1)
13,8: (23387,1285,7196,65535)  #5B051CFF  srgba(91,5,28,1)
14,8: (23387,22873,10537,65535)  #5B5929FF  srgba(91,89,41,1)
15,8: (28013,5654,35723,65535)  #6D168BFF  srgba(109,22,139,1)
0,9: (28527,4369,29041,65535)  #6F1171FF  srgba(111,17,113,1)
1,9: (28527,4626,19532,65535)  #6F124CFF  srgba(111,18,76,1)
2,9: (32639,0,18247,65535)  #7F0047FF  srgba(127,0,71,1)
3,9: (32639,0,27499,65535)  #7F006BFF  srgba(127,0,107,1)
4,9: (33667,0,10794,65535)  #83002AFF  srgba(131,0,42,1)
5,9: (33924,0,3084,65535)  #84000CFF  srgba(132,0,12,1)
6,9: (34695,7967,3598,65535)  #871F0EFF  srgba(135,31,14,1)
7,9: (34695,8481,12336,65535)  #872130FF  srgba(135,33,48,1)
8,9: (35980,514,2313,65535)  #8C0209FF  srgba(140,2,9,1)
9,9: (35980,514,11308,65535)  #8C022CFF  srgba(140,2,44,1)
10,9: (36494,0,34438,65535)  #8E0086FF  srgba(142,0,134,1)
11,9: (37265,17990,17990,65535)  #914646FF  srgba(145,70,70,1)
12,9: (38036,4369,29041,65535)  #941171FF  srgba(148,17,113,1)
13,9: (38036,4626,19275,65535)  #94124BFF  srgba(148,18,75,1)
14,9: (38036,45489,14906,65535)  #94B13AFF  srgba(148,177,58,1)
15,9: (38807,0,41891,65535)  #9700A3FF  srgba(151,0,163,1)
0,10: (38807,0,49087,65535)  #9700BFFF  srgba(151,0,191,1)
1,10: (38807,30840,22359,65535)  #977857FF  srgba(151,120,87,1)
2,10: (39064,37522,14392,65535)  #989238FF  srgba(152,146,56,1)
3,10: (39578,0,38036,65535)  #9A0094FF  srgba(154,0,148,1)
4,10: (40092,24415,28270,65535)  #9C5F6EFF  srgba(156,95,110,1)
5,10: (40349,30583,7967,65535)  #9D771FFF  srgba(157,119,31,1)
6,10: (40606,24158,6168,65535)  #9E5E18FF  srgba(158,94,24,1)
7,10: (40863,0,17990,65535)  #9F0046FF  srgba(159,0,70,1)
8,10: (40863,0,27499,65535)  #9F006BFF  srgba(159,0,107,1)
9,10: (41377,0,6168,65535)  #A10018FF  srgba(161,0,24,1)
10,10: (42148,43690,30840,65535)  #A4AA78FF  srgba(164,170,120,1)
11,10: (42662,18761,31354,65535)  #A6497AFF  srgba(166,73,122,1)
12,10: (42662,36237,34952,65535)  #A68D88FF  srgba(166,141,136,1)
13,10: (43176,17990,3341,65535)  #A8460DFF  srgba(168,70,13,1)
14,10: (43433,30583,31611,65535)  #A9777BFF  srgba(169,119,123,1)
15,10: (43947,3855,34952,65535)  #AB0F88FF  srgba(171,15,136,1)
0,11: (44204,24158,35980,65535)  #AC5E8CFF  srgba(172,94,140,1)
1,11: (44461,0,34181,65535)  #AD0085FF  srgba(173,0,133,1)
2,11: (44718,8224,39321,65535)  #AE2099FF  srgba(174,32,153,1)
3,11: (44975,5397,42405,65535)  #AF15A5FF  srgba(175,21,165,1)
4,11: (44975,5911,27499,65535)  #AF176BFF  srgba(175,23,107,1)
5,11: (44975,9766,7710,65535)  #AF261EFF  srgba(175,38,30,1)
6,11: (44975,11565,34952,65535)  #AF2D88FF  srgba(175,45,136,1)
7,11: (44975,28013,35723,65535)  #AF6D8BFF  srgba(175,109,139,1)
8,11: (45232,2570,2313,65535)  #B00A09FF  srgba(176,10,9,1)
9,11: (45232,18504,36494,65535)  #B0488EFF  srgba(176,72,142,1)
10,11: (45489,0,1799,65535)  #B10007FF  srgba(177,0,7,1)
11,11: (45489,0,12850,65535)  #B10032FF  srgba(177,0,50,1)
12,11: (45489,0,21588,65535)  #B10054FF  srgba(177,0,84,1)
13,11: (45489,0,28784,65535)  #B10070FF  srgba(177,0,112,1)
14,11: (45489,4112,16962,65535)  #B11042FF  srgba(177,16,66,1)
15,11: (45489,10280,1285,65535)  #B12805FF  srgba(177,40,5,1)
0,12: (45746,0,5911,65535)  #B20017FF  srgba(178,0,23,1)
1,12: (45746,1285,10794,65535)  #B2052AFF  srgba(178,5,42,1)
2,12: (45746,23901,30583,65535)  #B25D77FF  srgba(178,93,119,1)
3,12: (46260,0,34438,65535)  #B40086FF  srgba(180,0,134,1)
4,12: (46260,8995,32382,65535)  #B4237EFF  srgba(180,35,126,1)
5,12: (46260,17733,29555,65535)  #B44573FF  srgba(180,69,115,1)
6,12: (46517,0,40349,65535)  #B5009DFF  srgba(181,0,157,1)
7,12: (46517,0,48573,65535)  #B500BDFF  srgba(181,0,189,1)
8,12: (46517,0,55769,65535)  #B500D9FF  srgba(181,0,217,1)
9,12: (46774,1542,36494,65535)  #B6068EFF  srgba(182,6,142,1)
10,12: (46774,8738,35723,65535)  #B6228BFF  srgba(182,34,139,1)
11,12: (47031,0,37522,65535)  #B70092FF  srgba(183,0,146,1)
12,12: (47031,0,40863,65535)  #B7009FFF  srgba(183,0,159,1)
13,12: (47031,0,49858,65535)  #B700C2FF  srgba(183,0,194,1)
14,12: (47031,0,55255,65535)  #B700D7FF  srgba(183,0,215,1)
15,12: (47031,0,55512,65535)  #B700D8FF  srgba(183,0,216,1)
0,13: (47031,771,46517,65535)  #B703B5FF  srgba(183,3,181,1)
1,13: (47031,23901,4112,65535)  #B75D10FF  srgba(183,93,16,1)
2,13: (47288,0,4369,65535)  #B80011FF  srgba(184,0,17,1)
3,13: (47288,0,8995,65535)  #B80023FF  srgba(184,0,35,1)
4,13: (47288,0,14392,65535)  #B80038FF  srgba(184,0,56,1)
5,13: (47288,0,20303,65535)  #B8004FFF  srgba(184,0,79,1)
6,13: (47288,0,28013,65535)  #B8006DFF  srgba(184,0,109,1)
7,13: (47288,0,34695,65535)  #B80087FF  srgba(184,0,135,1)
8,13: (47288,0,50115,65535)  #B800C3FF  srgba(184,0,195,1)
9,13: (47545,0,5140,65535)  #B90014FF  srgba(185,0,20,1)
10,13: (47545,0,20817,65535)  #B90051FF  srgba(185,0,81,1)
11,13: (47545,0,21331,65535)  #B90053FF  srgba(185,0,83,1)
12,13: (47545,0,34952,65535)  #B90088FF  srgba(185,0,136,1)
13,13: (47545,0,41120,65535)  #B900A0FF  srgba(185,0,160,1)
14,13: (47545,0,47288,65535)  #B900B8FF  srgba(185,0,184,1)
15,13: (47545,0,47288,65535)  #B900B8FF  srgba(185,0,184,1)
0,14: (47545,0,49858,65535)  #B900C2FF  srgba(185,0,194,1)
1,14: (47545,0,53713,65535)  #B900D1FF  srgba(185,0,209,1)
2,14: (47545,0,53713,65535)  #B900D1FF  srgba(185,0,209,1)
3,14: (47545,5911,36237,65535)  #B9178DFF  srgba(185,23,141,1)
4,14: (47545,7196,29298,65535)  #B91C72FF  srgba(185,28,114,1)
5,14: (47545,17733,4112,65535)  #B94510FF  srgba(185,69,16,1)
6,14: (47802,0,5140,65535)  #BA0014FF  srgba(186,0,20,1)
7,14: (47802,0,11308,65535)  #BA002CFF  srgba(186,0,44,1)
8,14: (47802,0,13107,65535)  #BA0033FF  srgba(186,0,51,1)
9,14: (47802,0,13621,65535)  #BA0035FF  srgba(186,0,53,1)
10,14: (47802,0,29555,65535)  #BA0073FF  srgba(186,0,115,1)
11,14: (47802,0,29812,65535)  #BA0074FF  srgba(186,0,116,1)
12,14: (47802,0,35723,65535)  #BA008BFF  srgba(186,0,139,1)
13,14: (47802,0,36751,65535)  #BA008FFF  srgba(186,0,143,1)
14,14: (47802,0,40863,65535)  #BA009FFF  srgba(186,0,159,1)
15,14: (47802,514,28527,65535)  #BA026FFF  srgba(186,2,111,1)
0,15: (47802,514,37265,65535)  #BA0291FF  srgba(186,2,145,1)
1,15: (47802,1285,4883,65535)  #BA0513FF  srgba(186,5,19,1)
2,15: (48059,0,4883,65535)  #BB0013FF  srgba(187,0,19,1)
3,15: (48059,0,6682,65535)  #BB001AFF  srgba(187,0,26,1)
4,15: (48059,0,24672,65535)  #BB0060FF  srgba(187,0,96,1)
5,15: (48059,0,35209,65535)  #BB0089FF  srgba(187,0,137,1)
6,15: (48059,0,44461,65535)  #BB00ADFF  srgba(187,0,173,1)
7,15: (48059,0,49344,65535)  #BB00C0FF  srgba(187,0,192,1)
8,15: (48059,0,53199,65535)  #BB00CFFF  srgba(187,0,207,1)
9,15: (48059,2827,12850,65535)  #BB0B32FF  srgba(187,11,50,1)
10,15: (48316,0,18247,65535)  #BC0047FF  srgba(188,0,71,1)
11,15: (48316,0,29812,65535)  #BC0074FF  srgba(188,0,116,1)
12,15: (48316,0,38550,65535)  #BC0096FF  srgba(188,0,150,1)
13,15: (48316,9766,4883,65535)  #BC2613FF  srgba(188,38,19,1)
14,15: (48573,0,11051,65535)  #BD002BFF  srgba(189,0,43,1)
15,15: (0,65535,0,0)  #00FF0000  srgba(0,255,0,0)
