# ImageMagick pixel enumeration: 16,16,65535,srgba
0,0: (53456,53970,0,65535)  #D0D200FF  srgba(208,210,0,1)
1,0: (53456,56797,0,65535)  #D0DD00FF  srgba(208,221,0,1)
2,0: (53456,60652,0,65535)  #D0EC00FF  srgba(208,236,0,1)
3,0: (53713,58339,0,65535)  #D1E300FF  srgba(209,227,0,1)
4,0: (53713,59110,0,65535)  #D1E600FF  srgba(209,230,0,1)
5,0: (53713,61680,0,65535)  #D1F000FF  srgba(209,240,0,1)
6,0: (53713,62451,0,65535)  #D1F300FF  srgba(209,243,0,1)
7,0: (53970,53970,0,65535)  #D2D200FF  srgba(210,210,0,1)
8,0: (53970,58596,0,65535)  #D2E400FF  srgba(210,228,0,1)
9,0: (53970,60652,0,65535)  #D2EC00FF  srgba(210,236,0,1)
10,0: (53970,61423,0,65535)  #D2EF00FF  srgba(210,239,0,1)
11,0: (53970,61937,0,65535)  #D2F100FF  srgba(210,241,0,1)
12,0: (53970,61937,0,65535)  #D2F100FF  srgba(210,241,0,1)
13,0: (53970,61937,0,65535)  #D2F100FF  srgba(210,241,0,1)
14,0: (53970,63479,0,65535)  #D2F700FF  srgba(210,247,0,1)
15,0: (54227,45489,0,65535)  #D3B100FF  srgba(211,177,0,1)
0,1: (54227,47545,0,65535)  #D3B900FF  srgba(211,185,0,1)
1,1: (54227,49344,0,65535)  #D3C000FF  srgba(211,192,0,1)
2,1: (54227,51657,0,65535)  #D3C900FF  srgba(211,201,0,1)
3,1: (54227,53199,0,65535)  #D3CF00FF  srgba(211,207,0,1)
4,1: (54227,54998,0,65535)  #D3D600FF  srgba(211,214,0,1)
5,1: (54227,56026,0,65535)  #D3DA00FF  srgba(211,218,0,1)
6,1: (54227,57311,0,65535)  #D3DF00FF  srgba(211,223,0,1)
7,1: (54227,58082,0,65535)  #D3E200FF  srgba(211,226,0,1)
8,1: (54227,59110,0,65535)  #D3E600FF  srgba(211,230,0,1)
9,1: (54227,61937,0,65535)  #D3F100FF  srgba(211,241,0,1)
10,1: (54227,62708,0,65535)  #D3F400FF  srgba(211,244,0,1)
11,1: (54227,63222,257,65535)  #D3F601FF  srgba(211,246,1,1)
12,1: (54484,36751,0,65535)  #D48F00FF  srgba(212,143,0,1)
13,1: (54484,39064,0,65535)  #D49800FF  srgba(212,152,0,1)
14,1: (54484,55512,0,65535)  #D4D800FF  srgba(212,216,0,1)
15,1: (54484,56283,0,65535)  #D4DB00FF  srgba(212,219,0,1)
0,2: (54484,56540,0,65535)  #D4DC00FF  srgba(212,220,0,1)
1,2: (54484,57825,2827,65535)  #D4E10BFF  srgba(212,225,11,1)
2,2: (54484,58339,0,65535)  #D4E300FF  srgba(212,227,0,1)
3,2: (54484,58853,771,65535)  #D4E503FF  srgba(212,229,3,1)
4,2: (54484,59624,0,65535)  #D4E800FF  srgba(212,232,0,1)
5,2: (54484,60652,0,65535)  #D4EC00FF  srgba(212,236,0,1)
6,2: (54484,61166,0,65535)  #D4EE00FF  srgba(212,238,0,1)
7,2: (54484,61166,2827,65535)  #D4EE0BFF  srgba(212,238,11,1)
8,2: (54484,61937,771,65535)  #D4F103FF  srgba(212,241,3,1)
9,2: (54484,62708,0,65535)  #D4F400FF  srgba(212,244,0,1)
10,2: (54484,62965,2827,65535)  #D4F50BFF  srgba(212,245,11,1)
11,2: (54741,29555,0,65535)  #D57300FF  srgba(213,115,0,1)
12,2: (54741,43690,0,65535)  #D5AA00FF  srgba(213,170,0,1)
13,2: (54741,45489,0,65535)  #D5B100FF  srgba(213,177,0,1)
14,2: (54741,47802,0,65535)  #D5BA00FF  srgba(213,186,0,1)
15,2: (54741,50886,0,65535)  #D5C600FF  srgba(213,198,0,1)
0,3: (54741,52942,0,65535)  #D5CE00FF  srgba(213,206,0,1)
1,3: (54741,53713,514,65535)  #D5D102FF  srgba(213,209,2,1)
2,3: (54741,54227,2570,65535)  #D5D30AFF  srgba(213,211,10,1)
3,3: (54741,54998,0,65535)  #D5D600FF  srgba(213,214,0,1)
4,3: (54741,57311,5140,65535)  #D5DF14FF  srgba(213,223,20,1)
5,3: (54741,57568,0,65535)  #D5E000FF  srgba(213,224,0,1)
6,3: (54741,58853,0,65535)  #D5E500FF  srgba(213,229,0,1)
7,3: (54741,59110,6939,65535)  #D5E61BFF  srgba(213,230,27,1)
8,3: (54741,60652,5140,65535)  #D5EC14FF  srgba(213,236,20,1)
9,3: (54741,61166,0,65535)  #D5EE00FF  srgba(213,238,0,1)
10,3: (54741,62194,0,65535)  #D5F200FF  srgba(213,242,0,1)
11,3: (54741,62451,0,65535)  #D5F300FF  srgba(213,243,0,1)
12,3: (54741,62708,5140,65535)  #D5F414FF  srgba(213,244,20,1)
13,3: (54998,32125,0,65535)  #D67D00FF  srgba(214,125,0,1)
14,3: (54998,32896,0,65535)  #D68000FF  srgba(214,128,0,1)
15,3: (54998,34695,0,65535)  #D68700FF  srgba(214,135,0,1)
0,4: (54998,38807,0,65535)  #D69700FF  srgba(214,151,0,1)
1,4: (54998,40863,0,65535)  #D69F00FF  srgba(214,159,0,1)
2,4: (54998,42148,0,65535)  #D6A400FF  srgba(214,164,0,1)
3,4: (54998,42405,0,65535)  #D6A500FF  srgba(214,165,0,1)
4,4: (54998,43176,0,65535)  #D6A800FF  srgba(214,168,0,1)
5,4: (54998,46260,2570,65535)  #D6B40AFF  srgba(214,180,10,1)
6,4: (54998,49344,0,65535)  #D6C000FF  srgba(214,192,0,1)
7,4: (54998,49344,771,65535)  #D6C003FF  srgba(214,192,3,1)
8,4: (54998,49858,2570,65535)  #D6C20AFF  srgba(214,194,10,1)
9,4: (54998,51657,0,65535)  #D6C900FF  srgba(214,201,0,1)
10,4: (54998,55769,0,65535)  #D6D900FF  srgba(214,217,0,1)
11,4: (54998,58339,0,65535)  #D6E300FF  srgba(214,227,0,1)
12,4: (54998,60138,0,65535)  #D6EA00FF  srgba(214,234,0,1)
13,4: (54998,61166,0,65535)  #D6EE00FF  srgba(214,238,0,1)
14,4: (54998,61680,0,65535)  #D6F000FF  srgba(214,240,0,1)
15,4: (54998,61937,0,65535)  #D6F100FF  srgba(214,241,0,1)
0,5: (54998,62708,0,65535)  #D6F400FF  srgba(214,244,0,1)
1,5: (54998,62965,514,65535)  #D6F502FF  srgba(214,245,2,1)
2,5: (54998,62965,6939,65535)  #D6F51BFF  srgba(214,245,27,1)
3,5: (54998,62965,8738,65535)  #D6F522FF  srgba(214,245,34,1)
4,5: (54998,62965,11051,65535)  #D6F52BFF  srgba(214,245,43,1)
5,5: (55255,24672,0,65535)  #D76000FF  srgba(215,96,0,1)
6,5: (55255,26985,0,65535)  #D76900FF  srgba(215,105,0,1)
7,5: (55255,32896,0,65535)  #D78000FF  srgba(215,128,0,1)
8,5: (55255,34695,0,65535)  #D78700FF  srgba(215,135,0,1)
9,5: (55255,36237,0,65535)  #D78D00FF  srgba(215,141,0,1)
10,5: (55255,40092,0,65535)  #D79C00FF  srgba(215,156,0,1)
11,5: (55255,44975,0,65535)  #D7AF00FF  srgba(215,175,0,1)
12,5: (55255,47288,0,65535)  #D7B800FF  srgba(215,184,0,1)
13,5: (55255,51657,2570,65535)  #D7C90AFF  srgba(215,201,10,1)
14,5: (55255,52171,5140,65535)  #D7CB14FF  srgba(215,203,20,1)
15,5: (55255,52171,8738,65535)  #D7CB22FF  srgba(215,203,34,1)
0,6: (55255,53199,0,65535)  #D7CF00FF  srgba(215,207,0,1)
1,6: (55255,53713,0,65535)  #D7D100FF  srgba(215,209,0,1)
2,6: (55255,54227,5140,65535)  #D7D314FF  srgba(215,211,20,1)
3,6: (55255,54741,0,65535)  #D7D500FF  srgba(215,213,0,1)
4,6: (55255,57311,0,65535)  #D7DF00FF  srgba(215,223,0,1)
5,6: (55255,58082,0,65535)  #D7E200FF  srgba(215,226,0,1)
6,6: (55255,58853,8481,65535)  #D7E521FF  srgba(215,229,33,1)
7,6: (55255,58853,10794,65535)  #D7E52AFF  srgba(215,229,42,1)
8,6: (55255,59110,0,65535)  #D7E600FF  srgba(215,230,0,1)
9,6: (55255,61937,0,65535)  #D7F100FF  srgba(215,241,0,1)
10,6: (55255,62194,0,65535)  #D7F200FF  srgba(215,242,0,1)
11,6: (55255,62708,0,65535)  #D7F400FF  srgba(215,244,0,1)
12,6: (55255,62708,2827,65535)  #D7F40BFF  srgba(215,244,11,1)
13,6: (55512,17733,0,65535)  #D84500FF  srgba(216,69,0,1)
14,6: (55512,19789,0,65535)  #D84D00FF  srgba(216,77,0,1)
15,6: (55512,21845,0,65535)  #D85500FF  srgba(216,85,0,1)
0,7: (55512,29812,0,65535)  #D87400FF  srgba(216,116,0,1)
1,7: (55512,33924,0,65535)  #D88400FF  srgba(216,132,0,1)
2,7: (55512,36237,0,65535)  #D88D00FF  srgba(216,141,0,1)
3,7: (55512,37779,0,65535)  #D89300FF  srgba(216,147,0,1)
4,7: (55512,39064,0,65535)  #D89800FF  srgba(216,152,0,1)
5,7: (55512,43690,0,65535)  #D8AA00FF  srgba(216,170,0,1)
6,7: (55512,44204,0,65535)  #D8AC00FF  srgba(216,172,0,1)
7,7: (55512,46003,4883,65535)  #D8B313FF  srgba(216,179,19,1)
8,7: (55512,46003,8224,65535)  #D8B320FF  srgba(216,179,32,1)
9,7: (55512,48830,0,65535)  #D8BE00FF  srgba(216,190,0,1)
10,7: (55512,50372,6682,65535)  #D8C41AFF  srgba(216,196,26,1)
11,7: (55512,51143,0,65535)  #D8C700FF  srgba(216,199,0,1)
12,7: (55512,54227,9766,65535)  #D8D326FF  srgba(216,211,38,1)
13,7: (55512,54484,7196,65535)  #D8D41CFF  srgba(216,212,28,1)
14,7: (55512,56540,0,65535)  #D8DC00FF  srgba(216,220,0,1)
15,7: (55512,57311,0,65535)  #D8DF00FF  srgba(216,223,0,1)
0,8: (55512,57311,5140,65535)  #D8DF14FF  srgba(216,223,20,1)
1,8: (55512,57568,2827,65535)  #D8E00BFF  srgba(216,224,11,1)
2,8: (55512,58596,771,65535)  #D8E403FF  srgba(216,228,3,1)
3,8: (55512,59881,0,65535)  #D8E900FF  srgba(216,233,0,1)
4,8: (55512,60395,0,65535)  #D8EB00FF  srgba(216,235,0,1)
5,8: (55512,60652,5140,65535)  #D8EC14FF  srgba(216,236,20,1)
6,8: (55512,60909,0,65535)  #D8ED00FF  srgba(216,237,0,1)
7,8: (55512,61423,2827,65535)  #D8EF0BFF  srgba(216,239,11,1)
8,8: (55512,61680,0,65535)  #D8F000FF  srgba(216,240,0,1)
9,8: (55512,61680,771,65535)  #D8F003FF  srgba(216,240,3,1)
10,8: (55512,62965,514,65535)  #D8F502FF  srgba(216,245,2,1)
11,8: (55769,29555,0,65535)  #D97300FF  srgba(217,115,0,1)
12,8: (55769,33153,0,65535)  #D98100FF  srgba(217,129,0,1)
13,8: (55769,33667,0,65535)  #D98300FF  srgba(217,131,0,1)
14,8: (55769,44975,0,65535)  #D9AF00FF  srgba(217,175,0,1)
15,8: (55769,47288,0,65535)  #D9B800FF  srgba(217,184,0,1)
0,9: (55769,52942,0,65535)  #D9CE00FF  srgba(217,206,0,1)
1,9: (55769,53713,771,65535)  #D9D103FF  srgba(217,209,3,1)
2,9: (55769,54227,2827,65535)  #D9D30BFF  srgba(217,211,11,1)
3,9: (55769,54741,0,65535)  #D9D500FF  srgba(217,213,0,1)
4,9: (55769,56283,257,65535)  #D9DB01FF  srgba(217,219,1,1)
5,9: (55769,59110,6939,65535)  #D9E61BFF  srgba(217,230,27,1)
6,9: (55769,60138,0,65535)  #D9EA00FF  srgba(217,234,0,1)
7,9: (55769,62451,0,65535)  #D9F300FF  srgba(217,243,0,1)
8,9: (55769,62708,0,65535)  #D9F400FF  srgba(217,244,0,1)
9,9: (56026,11565,0,65535)  #DA2D00FF  srgba(218,45,0,1)
10,9: (56026,13621,0,65535)  #DA3500FF  srgba(218,53,0,1)
11,9: (56026,15934,0,65535)  #DA3E00FF  srgba(218,62,0,1)
12,9: (56026,25186,0,65535)  #DA6200FF  srgba(218,98,0,1)
13,9: (56026,26985,0,65535)  #DA6900FF  srgba(218,105,0,1)
14,9: (56026,32896,0,65535)  #DA8000FF  srgba(218,128,0,1)
15,9: (56026,33153,0,65535)  #DA8100FF  srgba(218,129,0,1)
0,10: (56026,34695,0,65535)  #DA8700FF  srgba(218,135,0,1)
1,10: (56026,35723,0,65535)  #DA8B00FF  srgba(218,139,0,1)
2,10: (56026,37008,0,65535)  #DA9000FF  srgba(218,144,0,1)
3,10: (56026,38807,0,65535)  #DA9700FF  srgba(218,151,0,1)
4,10: (56026,39064,2570,65535)  #DA980AFF  srgba(218,152,10,1)
5,10: (56026,49087,0,65535)  #DABF00FF  srgba(218,191,0,1)
6,10: (56026,49601,2570,65535)  #DAC10AFF  srgba(218,193,10,1)
7,10: (56026,50886,0,65535)  #DAC600FF  srgba(218,198,0,1)
8,10: (56026,57568,0,65535)  #DAE000FF  srgba(218,224,0,1)
9,10: (56026,57568,0,65535)  #DAE000FF  srgba(218,224,0,1)
10,10: (56026,59624,0,65535)  #DAE800FF  srgba(218,232,0,1)
11,10: (56026,59624,0,65535)  #DAE800FF  srgba(218,232,0,1)
12,10: (56026,62194,0,65535)  #DAF200FF  srgba(218,242,0,1)
13,10: (56026,62194,0,65535)  #DAF200FF  srgba(218,242,0,1)
14,10: (56026,63479,0,65535)  #DAF700FF  srgba(218,247,0,1)
15,10: (56026,63736,0,65535)  #DAF800FF  srgba(218,248,0,1)
0,11: (56283,4112,0,65535)  #DB1000FF  srgba(219,16,0,1)
1,11: (56283,6939,0,65535)  #DB1B00FF  srgba(219,27,0,1)
2,11: (56283,9509,0,65535)  #DB2500FF  srgba(219,37,0,1)
3,11: (56283,19018,0,65535)  #DB4A00FF  srgba(219,74,0,1)
4,11: (56283,22102,0,65535)  #DB5600FF  srgba(219,86,0,1)
5,11: (56283,23901,0,65535)  #DB5D00FF  srgba(219,93,0,1)
6,11: (56283,28527,0,65535)  #DB6F00FF  srgba(219,111,0,1)
7,11: (56283,30069,0,65535)  #DB7500FF  srgba(219,117,0,1)
8,11: (56283,33153,0,65535)  #DB8100FF  srgba(219,129,0,1)
9,11: (56283,42148,0,65535)  #DBA400FF  srgba(219,164,0,1)
10,11: (56283,42148,0,65535)  #DBA400FF  srgba(219,164,0,1)
11,11: (56283,44461,0,65535)  #DBAD00FF  srgba(219,173,0,1)
12,11: (56283,44975,0,65535)  #DBAF00FF  srgba(219,175,0,1)
13,11: (56283,45746,2570,65535)  #DBB20AFF  srgba(219,178,10,1)
14,11: (56283,47031,0,65535)  #DBB700FF  srgba(219,183,0,1)
15,11: (56283,48316,514,65535)  #DBBC02FF  srgba(219,188,2,1)
0,12: (56283,61166,0,65535)  #DBEE00FF  srgba(219,238,0,1)
1,12: (56283,61680,0,65535)  #DBF000FF  srgba(219,240,0,1)
2,12: (56540,771,0,65535)  #DC0300FF  srgba(220,3,0,1)
3,12: (56540,25957,0,65535)  #DC6500FF  srgba(220,101,0,1)
4,12: (56540,32125,0,65535)  #DC7D00FF  srgba(220,125,0,1)
5,12: (56540,32896,0,65535)  #DC8000FF  srgba(220,128,0,1)
6,12: (56540,33924,0,65535)  #DC8400FF  srgba(220,132,0,1)
7,12: (56540,34695,0,65535)  #DC8700FF  srgba(220,135,0,1)
8,12: (56540,38807,0,65535)  #DC9700FF  srgba(220,151,0,1)
9,12: (56540,40863,0,65535)  #DC9F00FF  srgba(220,159,0,1)
10,12: (56540,43176,0,65535)  #DCA800FF  srgba(220,168,0,1)
11,12: (56540,49858,0,65535)  #DCC200FF  srgba(220,194,0,1)
12,12: (56540,53456,0,65535)  #DCD000FF  srgba(220,208,0,1)
13,12: (56540,58082,0,65535)  #DCE200FF  srgba(220,226,0,1)
14,12: (56540,59624,0,65535)  #DCE800FF  srgba(220,232,0,1)
15,12: (56540,61937,0,65535)  #DCF100FF  srgba(220,241,0,1)
0,13: (56797,18761,0,65535)  #DD4900FF  srgba(221,73,0,1)
1,13: (56797,21588,0,65535)  #DD5400FF  srgba(221,84,0,1)
2,13: (56797,26471,0,65535)  #DD6700FF  srgba(221,103,0,1)
3,13: (56797,29041,0,65535)  #DD7100FF  srgba(221,113,0,1)
4,13: (56797,34695,0,65535)  #DD8700FF  srgba(221,135,0,1)
5,13: (56797,34952,0,65535)  #DD8800FF  srgba(221,136,0,1)
6,13: (56797,46003,0,65535)  #DDB300FF  srgba(221,179,0,1)
7,13: (56797,62708,0,65535)  #DDF400FF  srgba(221,244,0,1)
8,13: (56797,62965,0,65535)  #DDF500FF  srgba(221,245,0,1)
9,13: (57054,13364,0,65535)  #DE3400FF  srgba(222,52,0,1)
10,13: (57054,16191,0,65535)  #DE3F00FF  srgba(222,63,0,1)
11,13: (57054,24158,0,65535)  #DE5E00FF  srgba(222,94,0,1)
12,13: (57054,32125,0,65535)  #DE7D00FF  srgba(222,125,0,1)
13,13: (57054,33153,0,65535)  #DE8100FF  srgba(222,129,0,1)
14,13: (57054,33924,0,65535)  #DE8400FF  srgba(222,132,0,1)
15,13: (57054,35980,0,65535)  #DE8C00FF  srgba(222,140,0,1)
0,14: (57054,37008,0,65535)  #DE9000FF  srgba(222,144,0,1)
1,14: (57054,43690,0,65535)  #DEAA00FF  srgba(222,170,0,1)
2,14: (57054,49858,0,65535)  #DEC200FF  srgba(222,194,0,1)
3,14: (57054,53970,0,65535)  #DED200FF  srgba(222,210,0,1)
4,14: (57054,57311,0,65535)  #DEDF00FF  srgba(222,223,0,1)
5,14: (57054,61680,0,65535)  #DEF000FF  srgba(222,240,0,1)
6,14: (57054,62194,0,65535)  #DEF200FF  srgba(222,242,0,1)
7,14: (57054,63479,0,65535)  #DEF700FF  srgba(222,247,0,1)
8,14: (57311,14649,0,65535)  #DF3900FF  srgba(223,57,0,1)
9,14: (57311,25186,0,65535)  #DF6200FF  srgba(223,98,0,1)
10,14: (57311,29041,0,65535)  #DF7100FF  srgba(223,113,0,1)
11,14: (57311,38807,0,65535)  #DF9700FF  srgba(223,151,0,1)
12,14: (57311,39321,0,65535)  #DF9900FF  srgba(223,153,0,1)
13,14: (57311,46003,0,65535)  #DFB300FF  srgba(223,179,0,1)
14,14: (57311,64250,0,65535)  #DFFA00FF  srgba(223,250,0,1)
15,14: (57568,10023,0,65535)  #E02700FF  srgba(224,39,0,1)
0,15: (57568,18504,0,65535)  #E04800FF  srgba(224,72,0,1)
1,15: (57568,21588,0,65535)  #E05400FF  srgba(224,84,0,1)
2,15: (57568,59110,0,65535)  #E0E600FF  srgba(224,230,0,1)
3,15: (57825,0,0,65535)  #E10000FF  srgba(225,0,0,1)
4,15: (57825,3084,0,65535)  #E10C00FF  srgba(225,12,0,1)
5,15: (57825,6425,0,65535)  #E11900FF  srgba(225,25,0,1)
6,15: (57825,53713,0,65535)  #E1D100FF  srgba(225,209,0,1)
7,15: (57825,58082,0,65535)  #E1E200FF  srgba(225,226,0,1)
8,15: (57825,61680,0,65535)  #E1F000FF  srgba(225,240,0,1)
9,15: (58082,14392,0,65535)  #E23800FF  srgba(226,56,0,1)
10,15: (58082,25186,0,65535)  #E26200FF  srgba(226,98,0,1)
11,15: (58082,29041,0,65535)  #E27100FF  srgba(226,113,0,1)
12,15: (58082,46260,0,65535)  #E2B400FF  srgba(226,180,0,1)
13,15: (58082,49858,0,65535)  #E2C200FF  srgba(226,194,0,1)
14,15: (58596,63479,0,65535)  #E4F700FF  srgba(228,247,0,1)
15,15: (0,65535,0,0)  #00FF0000  srgba(0,255,0,0)
