# ImageMagick pixel enumeration: 16,16,65535,srgba
0,0: (40606,39064,37265,65535)  #9E9891FF  srgba(158,152,145,1)
1,0: (40863,47802,38293,65535)  #9FBA95FF  srgba(159,186,149,1)
2,0: (43433,32382,39578,65535)  #A97E9AFF  srgba(169,126,154,1)
3,0: (43433,56283,40863,65535)  #A9DB9FFF  srgba(169,219,159,1)
4,0: (43433,56283,41634,65535)  #A9DBA2FF  srgba(169,219,162,1)
5,0: (43433,57054,42405,65535)  #A9DEA5FF  srgba(169,222,165,1)
6,0: (43433,57054,43176,65535)  #A9DEA8FF  srgba(169,222,168,1)
7,0: (43433,57311,42148,65535)  #A9DFA4FF  srgba(169,223,164,1)
8,0: (43690,56540,42919,65535)  #AADCA7FF  srgba(170,220,167,1)
9,0: (43690,56797,53456,65535)  #AADDD0FF  srgba(170,221,208,1)
10,0: (43947,56283,40863,65535)  #ABDB9FFF  srgba(171,219,159,1)
11,0: (43947,56283,41634,65535)  #ABDBA2FF  srgba(171,219,162,1)
12,0: (43947,56283,41891,65535)  #ABDBA3FF  srgba(171,219,163,1)
13,0: (43947,56540,55769,65535)  #ABDCD9FF  srgba(171,220,217,1)
14,0: (43947,56797,41377,65535)  #ABDDA1FF  srgba(171,221,161,1)
15,0: (43947,56797,41891,65535)  #ABDDA3FF  srgba(171,221,163,1)
0,1: (44204,56026,40606,65535)  #ACDA9EFF  srgba(172,218,158,1)
1,1: (44204,56540,42148,65535)  #ACDCA4FF  srgba(172,220,164,1)
2,1: (44204,56540,59881,65535)  #ACDCE9FF  srgba(172,220,233,1)
3,1: (44204,57054,42148,65535)  #ACDEA4FF  srgba(172,222,164,1)
4,1: (44461,39064,38293,65535)  #AD9895FF  srgba(173,152,149,1)
5,1: (44461,56283,46517,65535)  #ADDBB5FF  srgba(173,219,181,1)
6,1: (44461,56283,53970,65535)  #ADDBD2FF  srgba(173,219,210,1)
7,1: (44718,31354,52171,65535)  #AE7ACBFF  srgba(174,122,203,1)
8,1: (44718,56026,41891,65535)  #AEDAA3FF  srgba(174,218,163,1)
9,1: (44718,56540,41891,65535)  #AEDCA3FF  srgba(174,220,163,1)
10,1: (44718,56540,59881,65535)  #AEDCE9FF  srgba(174,220,233,1)
11,1: (44718,56797,58596,65535)  #AEDDE4FF  srgba(174,221,228,1)
12,1: (44975,30840,41120,65535)  #AF78A0FF  srgba(175,120,160,1)
13,1: (44975,30840,42148,65535)  #AF78A4FF  srgba(175,120,164,1)
14,1: (44975,31097,41634,65535)  #AF79A2FF  srgba(175,121,162,1)
15,1: (44975,31097,42405,65535)  #AF79A5FF  srgba(175,121,165,1)
0,2: (44975,48830,39578,65535)  #AFBE9AFF  srgba(175,190,154,1)
1,2: (44975,56026,46517,65535)  #AFDAB5FF  srgba(175,218,181,1)
2,2: (44975,56026,59881,65535)  #AFDAE9FF  srgba(175,218,233,1)
3,2: (45232,31097,41891,65535)  #B079A3FF  srgba(176,121,163,1)
4,2: (45232,37522,45232,65535)  #B092B0FF  srgba(176,146,176,1)
5,2: (45232,53199,44975,65535)  #B0CFAFFF  srgba(176,207,175,1)
6,2: (45232,55512,44204,65535)  #B0D8ACFF  srgba(176,216,172,1)
7,2: (45232,56797,40606,65535)  #B0DD9EFF  srgba(176,221,158,1)
8,2: (45489,54998,40092,65535)  #B1D69CFF  srgba(177,214,156,1)
9,2: (45746,31097,41891,65535)  #B279A3FF  srgba(178,121,163,1)
10,2: (46003,30583,40606,65535)  #B3779EFF  srgba(179,119,158,1)
11,2: (46003,55769,40092,65535)  #B3D99CFF  srgba(179,217,156,1)
12,2: (46517,31097,59367,65535)  #B579E7FF  srgba(181,121,231,1)
13,2: (46517,31611,40863,65535)  #B57B9FFF  srgba(181,123,159,1)
14,2: (46517,56283,42148,65535)  #B5DBA4FF  srgba(181,219,164,1)
15,2: (46774,56283,59624,65535)  #B6DBE8FF  srgba(182,219,232,1)
0,3: (47031,56283,40092,65535)  #B7DB9CFF  srgba(183,219,156,1)
1,3: (47288,54998,42919,65535)  #B8D6A7FF  srgba(184,214,167,1)
2,3: (47545,30840,42148,65535)  #B978A4FF  srgba(185,120,164,1)
3,3: (48059,57311,42405,65535)  #BBDFA5FF  srgba(187,223,165,1)
4,3: (48316,57311,41891,65535)  #BCDFA3FF  srgba(188,223,163,1)
5,3: (48573,48573,44204,65535)  #BDBDACFF  srgba(189,189,172,1)
6,3: (48573,57568,44975,65535)  #BDE0AFFF  srgba(189,224,175,1)
7,3: (48830,54998,58853,65535)  #BED6E5FF  srgba(190,214,229,1)
8,3: (49087,39321,43947,65535)  #BF99ABFF  srgba(191,153,171,1)
9,3: (49344,30069,39835,65535)  #C0759BFF  srgba(192,117,155,1)
10,3: (49601,55769,39835,65535)  #C1D99BFF  srgba(193,217,155,1)
11,3: (49858,54741,55255,65535)  #C2D5D7FF  srgba(194,213,215,1)
12,3: (50115,54998,39321,65535)  #C3D699FF  srgba(195,214,153,1)
13,3: (50629,57054,40092,65535)  #C5DE9CFF  srgba(197,222,156,1)
14,3: (50886,57311,59367,65535)  #C6DFE7FF  srgba(198,223,231,1)
15,3: (51400,31097,48059,65535)  #C879BBFF  srgba(200,121,187,1)
0,4: (51400,56540,42148,65535)  #C8DCA4FF  srgba(200,220,164,1)
1,4: (54741,55512,42148,65535)  #D5D8A4FF  srgba(213,216,164,1)
2,4: (54998,40349,58853,65535)  #D69DE5FF  srgba(214,157,229,1)
3,4: (55255,56026,39578,65535)  #D7DA9AFF  srgba(215,218,154,1)
4,4: (55255,57311,39835,65535)  #D7DF9BFF  srgba(215,223,155,1)
5,4: (56026,30326,39578,65535)  #DA769AFF  srgba(218,118,154,1)
6,4: (56283,56283,57054,65535)  #DBDBDEFF  srgba(219,219,222,1)
7,4: (56797,56540,56540,65535)  #DDDCDCFF  srgba(221,220,220,1)
8,4: (57054,56283,39578,65535)  #DEDB9AFF  srgba(222,219,154,1)
9,4: (57311,54227,39064,65535)  #DFD398FF  srgba(223,211,152,1)
10,4: (57568,55512,39578,65535)  #E0D89AFF  srgba(224,216,154,1)
11,4: (57568,57311,41891,65535)  #E0DFA3FF  srgba(224,223,163,1)
12,4: (57568,57568,43176,65535)  #E0E0A8FF  srgba(224,224,168,1)
13,4: (58082,55255,58853,65535)  #E2D7E5FF  srgba(226,215,229,1)
14,4: (58082,56540,59110,65535)  #E2DCE6FF  srgba(226,220,230,1)
15,4: (58853,31868,39578,65535)  #E57C9AFF  srgba(229,124,154,1)
0,5: (59110,31097,42148,65535)  #E679A4FF  srgba(230,121,164,1)
1,5: (59624,56026,39578,65535)  #E8DA9AFF  srgba(232,218,154,1)
2,5: (59624,57568,39835,65535)  #E8E09BFF  srgba(232,224,155,1)
3,5: (60395,57054,58339,65535)  #EBDEE3FF  srgba(235,222,227,1)
4,5: (61166,41634,52171,65535)  #EEA2CBFF  srgba(238,162,203,1)
5,5: (61680,54227,56026,65535)  #F0D3DAFF  srgba(240,211,218,1)
6,5: (62708,35980,35980,65535)  #F48C8CFF  srgba(244,140,140,1)
7,5: (63222,42148,35980,65535)  #F6A48CFF  srgba(246,164,140,1)
8,5: (63222,56283,43176,65535)  #F6DBA8FF  srgba(246,219,168,1)
9,5: (63479,32125,60138,65535)  #F77DEAFF  srgba(247,125,234,1)
10,5: (63479,41120,54741,65535)  #F7A0D5FF  srgba(247,160,213,1)
11,5: (63736,32382,51400,65535)  #F87EC8FF  srgba(248,126,200,1)
12,5: (63736,40863,54741,65535)  #F89FD5FF  srgba(248,159,213,1)
13,5: (63736,41634,52942,65535)  #F8A2CEFF  srgba(248,162,206,1)
14,5: (63736,57311,40606,65535)  #F8DF9EFF  srgba(248,223,158,1)
15,5: (63736,57568,41891,65535)  #F8E0A3FF  srgba(248,224,163,1)
0,6: (63993,32639,37265,65535)  #F97F91FF  srgba(249,127,145,1)
1,6: (63993,48573,36751,65535)  #F9BD8FFF  srgba(249,189,143,1)
2,6: (63993,56283,58596,65535)  #F9DBE4FF  srgba(249,219,228,1)
3,6: (63993,57311,56026,65535)  #F9DFDAFF  srgba(249,223,218,1)
4,6: (64250,56283,39321,65535)  #FADB99FF  srgba(250,219,153,1)
5,6: (64250,56283,52428,65535)  #FADBCCFF  srgba(250,219,204,1)
6,6: (64250,57054,39064,65535)  #FADE98FF  srgba(250,222,152,1)
7,6: (64250,57311,45746,65535)  #FADFB2FF  srgba(250,223,178,1)
8,6: (64507,34695,36751,65535)  #FB878FFF  srgba(251,135,143,1)
9,6: (64507,38550,54741,65535)  #FB96D5FF  srgba(251,150,213,1)
10,6: (64507,39578,53713,65535)  #FB9AD1FF  srgba(251,154,209,1)
11,6: (64764,49858,54741,65535)  #FCC2D5FF  srgba(252,194,213,1)
12,6: (64764,56540,51914,65535)  #FCDCCAFF  srgba(252,220,202,1)
13,6: (65021,31097,39578,65535)  #FD799AFF  srgba(253,121,154,1)
14,6: (65021,32125,38550,65535)  #FD7D96FF  srgba(253,125,150,1)
15,6: (65021,38036,45489,65535)  #FD94B1FF  srgba(253,148,177,1)
0,7: (65021,52428,50629,65535)  #FDCCC5FF  srgba(253,204,197,1)
1,7: (65021,54998,39321,65535)  #FDD699FF  srgba(253,214,153,1)
2,7: (65021,56797,58339,65535)  #FDDDE3FF  srgba(253,221,227,1)
3,7: (65021,57311,55255,65535)  #FDDFD7FF  srgba(253,223,215,1)
4,7: (65278,31868,53970,65535)  #FE7CD2FF  srgba(254,124,210,1)
5,7: (65278,36237,58853,65535)  #FE8DE5FF  srgba(254,141,229,1)
6,7: (65278,39064,58082,65535)  #FE98E2FF  srgba(254,152,226,1)
7,7: (65278,47802,59624,65535)  #FEBAE8FF  srgba(254,186,232,1)
8,7: (65278,52171,57825,65535)  #FECBE1FF  srgba(254,203,225,1)
9,7: (65278,53199,42662,65535)  #FECFA6FF  srgba(254,207,166,1)
10,7: (65278,55512,56797,65535)  #FED8DDFF  srgba(254,216,221,1)
11,7: (65535,30069,40092,65535)  #FF759CFF  srgba(255,117,156,1)
12,7: (65535,30069,41891,65535)  #FF75A3FF  srgba(255,117,163,1)
13,7: (65535,30326,40349,65535)  #FF769DFF  srgba(255,118,157,1)
14,7: (65535,30583,39321,65535)  #FF7799FF  srgba(255,119,153,1)
15,7: (65535,30583,40863,65535)  #FF779FFF  srgba(255,119,159,1)
0,8: (65535,30583,57568,65535)  #FF77E0FF  srgba(255,119,224,1)
1,8: (65535,30583,58082,65535)  #FF77E2FF  srgba(255,119,226,1)
2,8: (65535,30840,40606,65535)  #FF789EFF  srgba(255,120,158,1)
3,8: (65535,30840,41634,65535)  #FF78A2FF  srgba(255,120,162,1)
4,8: (65535,30840,42662,65535)  #FF78A6FF  srgba(255,120,166,1)
5,8: (65535,30840,57311,65535)  #FF78DFFF  srgba(255,120,223,1)
6,8: (65535,30840,57825,65535)  #FF78E1FF  srgba(255,120,225,1)
7,8: (65535,30840,59367,65535)  #FF78E7FF  srgba(255,120,231,1)
8,8: (65535,31097,53713,65535)  #FF79D1FF  srgba(255,121,209,1)
9,8: (65535,31097,57311,65535)  #FF79DFFF  srgba(255,121,223,1)
10,8: (65535,31097,58339,65535)  #FF79E3FF  srgba(255,121,227,1)
11,8: (65535,31097,58596,65535)  #FF79E4FF  srgba(255,121,228,1)
12,8: (65535,31097,59624,65535)  #FF79E8FF  srgba(255,121,232,1)
13,8: (65535,31354,44461,65535)  #FF7AADFF  srgba(255,122,173,1)
14,8: (65535,31354,53199,65535)  #FF7ACFFF  srgba(255,122,207,1)
15,8: (65535,31354,58082,65535)  #FF7AE2FF  srgba(255,122,226,1)
0,9: (65535,31611,39835,65535)  #FF7B9BFF  srgba(255,123,155,1)
1,9: (65535,31611,40092,65535)  #FF7B9CFF  srgba(255,123,156,1)
2,9: (65535,31611,57311,65535)  #FF7BDFFF  srgba(255,123,223,1)
3,9: (65535,31868,56026,65535)  #FF7CDAFF  srgba(255,124,218,1)
4,9: (65535,31868,59881,65535)  #FF7CE9FF  srgba(255,124,233,1)
5,9: (65535,34438,56283,65535)  #FF86DBFF  srgba(255,134,219,1)
6,9: (65535,34695,59881,65535)  #FF87E9FF  srgba(255,135,233,1)
7,9: (65535,35209,39064,65535)  #FF8998FF  srgba(255,137,152,1)
8,9: (65535,35466,50886,65535)  #FF8AC6FF  srgba(255,138,198,1)
9,9: (65535,37008,42148,65535)  #FF90A4FF  srgba(255,144,164,1)
10,9: (65535,38036,58082,65535)  #FF94E2FF  srgba(255,148,226,1)
11,9: (65535,39064,61423,65535)  #FF98EFFF  srgba(255,152,239,1)
12,9: (65535,39578,53970,65535)  #FF9AD2FF  srgba(255,154,210,1)
13,9: (65535,40092,42662,65535)  #FF9CA6FF  srgba(255,156,166,1)
14,9: (65535,41120,43947,65535)  #FFA0ABFF  srgba(255,160,171,1)
15,9: (65535,42148,38550,65535)  #FFA496FF  srgba(255,164,150,1)
0,10: (65535,43947,57825,65535)  #FFABE1FF  srgba(255,171,225,1)
1,10: (65535,43947,61680,65535)  #FFABF0FF  srgba(255,171,240,1)
2,10: (65535,44461,60395,65535)  #FFADEBFF  srgba(255,173,235,1)
3,10: (65535,47031,38807,65535)  #FFB797FF  srgba(255,183,151,1)
4,10: (65535,47288,42919,65535)  #FFB8A7FF  srgba(255,184,167,1)
5,10: (65535,47545,42919,65535)  #FFB9A7FF  srgba(255,185,167,1)
6,10: (65535,48573,56026,65535)  #FFBDDAFF  srgba(255,189,218,1)
7,10: (65535,49858,59110,65535)  #FFC2E6FF  srgba(255,194,230,1)
8,10: (65535,50372,54484,65535)  #FFC4D4FF  srgba(255,196,212,1)
9,10: (65535,50886,61166,65535)  #FFC6EEFF  srgba(255,198,238,1)
10,10: (65535,51143,58082,65535)  #FFC7E2FF  srgba(255,199,226,1)
11,10: (65535,52171,56540,65535)  #FFCBDCFF  srgba(255,203,220,1)
12,10: (65535,52942,42662,65535)  #FFCEA6FF  srgba(255,206,166,1)
13,10: (65535,52942,52428,65535)  #FFCECCFF  srgba(255,206,204,1)
14,10: (65535,52942,54741,65535)  #FFCED5FF  srgba(255,206,213,1)
15,10: (65535,52942,55255,65535)  #FFCED7FF  srgba(255,206,215,1)
0,11: (65535,53199,56540,65535)  #FFCFDCFF  srgba(255,207,220,1)
1,11: (65535,53456,54227,65535)  #FFD0D3FF  srgba(255,208,211,1)
2,11: (65535,53713,47545,65535)  #FFD1B9FF  srgba(255,209,185,1)
3,11: (65535,54227,39578,65535)  #FFD39AFF  srgba(255,211,154,1)
4,11: (65535,54484,55512,65535)  #FFD4D8FF  srgba(255,212,216,1)
5,11: (65535,54741,54484,65535)  #FFD5D4FF  srgba(255,213,212,1)
6,11: (65535,54741,55512,65535)  #FFD5D8FF  srgba(255,213,216,1)
7,11: (65535,54741,58596,65535)  #FFD5E4FF  srgba(255,213,228,1)
8,11: (65535,54998,44204,65535)  #FFD6ACFF  srgba(255,214,172,1)
9,11: (65535,55255,53456,65535)  #FFD7D0FF  srgba(255,215,208,1)
10,11: (65535,55255,58082,65535)  #FFD7E2FF  srgba(255,215,226,1)
11,11: (65535,55512,56283,65535)  #FFD8DBFF  srgba(255,216,219,1)
12,11: (65535,55769,39321,65535)  #FFD999FF  srgba(255,217,153,1)
13,11: (65535,56026,39578,65535)  #FFDA9AFF  srgba(255,218,154,1)
14,11: (65535,56026,45489,65535)  #FFDAB1FF  srgba(255,218,177,1)
15,11: (65535,56026,51914,65535)  #FFDACAFF  srgba(255,218,202,1)
0,12: (65535,56026,53970,65535)  #FFDAD2FF  srgba(255,218,210,1)
1,12: (65535,56026,55512,65535)  #FFDAD8FF  srgba(255,218,216,1)
2,12: (65535,56283,39064,65535)  #FFDB98FF  srgba(255,219,152,1)
3,12: (65535,56283,39321,65535)  #FFDB99FF  srgba(255,219,153,1)
4,12: (65535,56283,39578,65535)  #FFDB9AFF  srgba(255,219,154,1)
5,12: (65535,56283,39835,65535)  #FFDB9BFF  srgba(255,219,155,1)
6,12: (65535,56283,44461,65535)  #FFDBADFF  srgba(255,219,173,1)
7,12: (65535,56283,51914,65535)  #FFDBCAFF  srgba(255,219,202,1)
8,12: (65535,56283,55512,65535)  #FFDBD8FF  srgba(255,219,216,1)
9,12: (65535,56283,57054,65535)  #FFDBDEFF  srgba(255,219,222,1)
10,12: (65535,56283,57311,65535)  #FFDBDFFF  srgba(255,219,223,1)
11,12: (65535,56283,57825,65535)  #FFDBE1FF  srgba(255,219,225,1)
12,12: (65535,56283,58339,65535)  #FFDBE3FF  srgba(255,219,227,1)
13,12: (65535,56540,38807,65535)  #FFDC97FF  srgba(255,220,151,1)
14,12: (65535,56540,39578,65535)  #FFDC9AFF  srgba(255,220,154,1)
15,12: (65535,56540,43433,65535)  #FFDCA9FF  srgba(255,220,169,1)
0,13: (65535,56540,45746,65535)  #FFDCB2FF  srgba(255,220,178,1)
1,13: (65535,56540,50372,65535)  #FFDCC4FF  srgba(255,220,196,1)
2,13: (65535,56540,52428,65535)  #FFDCCCFF  srgba(255,220,204,1)
3,13: (65535,56540,54998,65535)  #FFDCD6FF  srgba(255,220,214,1)
4,13: (65535,56540,56283,65535)  #FFDCDBFF  srgba(255,220,219,1)
5,13: (65535,56540,56797,65535)  #FFDCDDFF  srgba(255,220,221,1)
6,13: (65535,56540,57311,65535)  #FFDCDFFF  srgba(255,220,223,1)
7,13: (65535,56540,57568,65535)  #FFDCE0FF  srgba(255,220,224,1)
8,13: (65535,56540,57825,65535)  #FFDCE1FF  srgba(255,220,225,1)
9,13: (65535,56540,58082,65535)  #FFDCE2FF  srgba(255,220,226,1)
10,13: (65535,56540,59110,65535)  #FFDCE6FF  srgba(255,220,230,1)
11,13: (65535,56540,60652,65535)  #FFDCECFF  srgba(255,220,236,1)
12,13: (65535,56797,38807,65535)  #FFDD97FF  srgba(255,221,151,1)
13,13: (65535,56797,40092,65535)  #FFDD9CFF  srgba(255,221,156,1)
14,13: (65535,56797,44718,65535)  #FFDDAEFF  srgba(255,221,174,1)
15,13: (65535,56797,54741,65535)  #FFDDD5FF  srgba(255,221,213,1)
0,14: (65535,56797,55255,65535)  #FFDDD7FF  srgba(255,221,215,1)
1,14: (65535,56797,55769,65535)  #FFDDD9FF  srgba(255,221,217,1)
2,14: (65535,56797,56026,65535)  #FFDDDAFF  srgba(255,221,218,1)
3,14: (65535,56797,56540,65535)  #FFDDDCFF  srgba(255,221,220,1)
4,14: (65535,56797,56540,65535)  #FFDDDCFF  srgba(255,221,220,1)
5,14: (65535,56797,56797,65535)  #FFDDDDFF  srgba(255,221,221,1)
6,14: (65535,56797,57568,65535)  #FFDDE0FF  srgba(255,221,224,1)
7,14: (65535,56797,58082,65535)  #FFDDE2FF  srgba(255,221,226,1)
8,14: (65535,56797,59881,65535)  #FFDDE9FF  srgba(255,221,233,1)
9,14: (65535,57054,40092,65535)  #FFDE9CFF  srgba(255,222,156,1)
10,14: (65535,57054,40349,65535)  #FFDE9DFF  srgba(255,222,157,1)
11,14: (65535,57054,43947,65535)  #FFDEABFF  srgba(255,222,171,1)
12,14: (65535,57054,53199,65535)  #FFDECFFF  srgba(255,222,207,1)
13,14: (65535,57054,53199,65535)  #FFDECFFF  srgba(255,222,207,1)
14,14: (65535,57054,54741,65535)  #FFDED5FF  srgba(255,222,213,1)
15,14: (65535,57054,55255,65535)  #FFDED7FF  srgba(255,222,215,1)
0,15: (65535,57054,55769,65535)  #FFDED9FF  srgba(255,222,217,1)
1,15: (65535,57054,55769,65535)  #FFDED9FF  srgba(255,222,217,1)
2,15: (65535,57054,56283,65535)  #FFDEDBFF  srgba(255,222,219,1)
3,15: (65535,57054,56797,65535)  #FFDEDDFF  srgba(255,222,221,1)
4,15: (65535,57054,57568,65535)  #FFDEE0FF  srgba(255,222,224,1)
5,15: (65535,57054,58339,65535)  #FFDEE3FF  srgba(255,222,227,1)
6,15: (65535,57311,39321,65535)  #FFDF99FF  srgba(255,223,153,1)
7,15: (65535,57311,39578,65535)  #FFDF9AFF  srgba(255,223,154,1)
8,15: (65535,57311,56026,65535)  #FFDFDAFF  srgba(255,223,218,1)
9,15: (65535,57311,58082,65535)  #FFDFE2FF  srgba(255,223,226,1)
10,15: (65535,57311,58853,65535)  #FFDFE5FF  srgba(255,223,229,1)
11,15: (65535,57568,58853,65535)  #FFE0E5FF  srgba(255,224,229,1)
12,15: (65535,58339,59624,65535)  #FFE3E8FF  srgba(255,227,232,1)
13,15: (65535,58339,59624,65535)  #FFE3E8FF  srgba(255,227,232,1)
14,15: (65535,58596,59367,65535)  #FFE4E7FF  srgba(255,228,231,1)
15,15: (0,65535,0,0)  #00FF0000  srgba(0,255,0,0)
