# ImageMagick pixel enumeration: 16,16,65535,srgba
0,0: (0,0,28527,65535)  #00006FFF  srgba(0,0,111,1)
1,0: (0,0,29298,65535)  #000072FF  srgba(0,0,114,1)
2,0: (0,0,29555,65535)  #000073FF  srgba(0,0,115,1)
3,0: (0,0,29812,65535)  #000074FF  srgba(0,0,116,1)
4,0: (0,0,30326,65535)  #000076FF  srgba(0,0,118,1)
5,0: (0,0,31097,65535)  #000079FF  srgba(0,0,121,1)
6,0: (0,0,33153,65535)  #000081FF  srgba(0,0,129,1)
7,0: (0,0,35466,65535)  #00008AFF  srgba(0,0,138,1)
8,0: (0,0,37522,65535)  #000092FF  srgba(0,0,146,1)
9,0: (0,0,40606,65535)  #00009EFF  srgba(0,0,158,1)
10,0: (0,0,43433,65535)  #0000A9FF  srgba(0,0,169,1)
11,0: (0,0,43690,65535)  #0000AAFF  srgba(0,0,170,1)
12,0: (0,0,43947,65535)  #0000ABFF  srgba(0,0,171,1)
13,0: (0,0,45489,65535)  #0000B1FF  srgba(0,0,177,1)
14,0: (0,0,49344,65535)  #0000C0FF  srgba(0,0,192,1)
15,0: (0,0,51400,65535)  #0000C8FF  srgba(0,0,200,1)
0,1: (0,0,51657,65535)  #0000C9FF  srgba(0,0,201,1)
1,1: (0,0,52942,65535)  #0000CEFF  srgba(0,0,206,1)
2,1: (0,0,53199,65535)  #0000CFFF  srgba(0,0,207,1)
3,1: (0,0,54227,65535)  #0000D3FF  srgba(0,0,211,1)
4,1: (0,0,54227,65535)  #0000D3FF  srgba(0,0,211,1)
5,1: (0,0,54741,65535)  #0000D5FF  srgba(0,0,213,1)
6,1: (0,0,55769,65535)  #0000D9FF  srgba(0,0,217,1)
7,1: (0,0,57568,65535)  #0000E0FF  srgba(0,0,224,1)
8,1: (0,0,58082,65535)  #0000E2FF  srgba(0,0,226,1)
9,1: (0,0,59367,65535)  #0000E7FF  srgba(0,0,231,1)
10,1: (0,0,59624,65535)  #0000E8FF  srgba(0,0,232,1)
11,1: (0,0,60138,65535)  #0000EAFF  srgba(0,0,234,1)
12,1: (0,0,60395,65535)  #0000EBFF  srgba(0,0,235,1)
13,1: (0,0,60652,65535)  #0000ECFF  srgba(0,0,236,1)
14,1: (0,0,60909,65535)  #0000EDFF  srgba(0,0,237,1)
15,1: (0,0,61423,65535)  #0000EFFF  srgba(0,0,239,1)
0,2: (0,0,62708,65535)  #0000F4FF  srgba(0,0,244,1)
1,2: (0,2313,64250,65535)  #0009FAFF  srgba(0,9,250,1)
2,2: (0,3855,47545,65535)  #000FB9FF  srgba(0,15,185,1)
3,2: (0,4112,65021,65535)  #0010FDFF  srgba(0,16,253,1)
4,2: (0,10023,65278,65535)  #0027FEFF  srgba(0,39,254,1)
5,2: (0,11308,65278,65535)  #002CFEFF  srgba(0,44,254,1)
6,2: (0,14135,65278,65535)  #0037FEFF  srgba(0,55,254,1)
7,2: (0,20817,65278,65535)  #0051FEFF  srgba(0,81,254,1)
8,2: (771,2313,49858,65535)  #0309C2FF  srgba(3,9,194,1)
9,2: (771,11822,65278,65535)  #032EFEFF  srgba(3,46,254,1)
10,2: (1028,0,28527,65535)  #04006FFF  srgba(4,0,111,1)
11,2: (1799,0,30840,65535)  #070078FF  srgba(7,0,120,1)
12,2: (1799,0,58596,65535)  #0700E4FF  srgba(7,0,228,1)
13,2: (1799,0,60909,65535)  #0700EDFF  srgba(7,0,237,1)
14,2: (2056,0,49858,65535)  #0800C2FF  srgba(8,0,194,1)
15,2: (2313,0,27242,65535)  #09006AFF  srgba(9,0,106,1)
0,3: (2570,0,63736,65535)  #0A00F8FF  srgba(10,0,248,1)
1,3: (2827,0,36237,65535)  #0B008DFF  srgba(11,0,141,1)
2,3: (2827,0,61423,65535)  #0B00EFFF  srgba(11,0,239,1)
3,3: (3084,1028,63993,65535)  #0C04F9FF  srgba(12,4,249,1)
4,3: (3341,0,47802,65535)  #0D00BAFF  srgba(13,0,186,1)
5,3: (3341,0,62194,65535)  #0D00F2FF  srgba(13,0,242,1)
6,3: (3855,0,28270,65535)  #0F006EFF  srgba(15,0,110,1)
7,3: (4626,0,26214,65535)  #120066FF  srgba(18,0,102,1)
8,3: (4626,0,42148,65535)  #1200A4FF  srgba(18,0,164,1)
9,3: (5654,0,27242,65535)  #16006AFF  srgba(22,0,106,1)
10,3: (5654,0,63993,65535)  #1600F9FF  srgba(22,0,249,1)
11,3: (5911,0,61166,65535)  #1700EEFF  srgba(23,0,238,1)
12,3: (6682,0,58596,65535)  #1A00E4FF  srgba(26,0,228,1)
13,3: (6939,0,30583,65535)  #1B0077FF  srgba(27,0,119,1)
14,3: (7196,0,47288,65535)  #1C00B8FF  srgba(28,0,184,1)
15,3: (7453,0,28270,65535)  #1D006EFF  srgba(29,0,110,1)
0,4: (8224,0,26214,65535)  #200066FF  srgba(32,0,102,1)
1,4: (8481,0,64250,65535)  #2100FAFF  srgba(33,0,250,1)
2,4: (8995,0,63479,65535)  #2300F7FF  srgba(35,0,247,1)
3,4: (9509,0,39064,65535)  #250098FF  srgba(37,0,152,1)
4,4: (10280,0,61423,65535)  #2800EFFF  srgba(40,0,239,1)
5,4: (11051,0,26214,65535)  #2B0066FF  srgba(43,0,102,1)
6,4: (11051,0,58853,65535)  #2B00E5FF  srgba(43,0,229,1)
7,4: (11051,0,61937,65535)  #2B00F1FF  srgba(43,0,241,1)
8,4: (11565,0,64764,65535)  #2D00FCFF  srgba(45,0,252,1)
9,4: (11822,0,25186,65535)  #2E0062FF  srgba(46,0,98,1)
10,4: (11822,0,61680,65535)  #2E00F0FF  srgba(46,0,240,1)
11,4: (12336,0,24415,65535)  #30005FFF  srgba(48,0,95,1)
12,4: (12850,0,26214,65535)  #320066FF  srgba(50,0,102,1)
13,4: (12850,0,28527,65535)  #32006FFF  srgba(50,0,111,1)
14,4: (12850,0,30583,65535)  #320077FF  srgba(50,0,119,1)
15,4: (15163,0,46517,65535)  #3B00B5FF  srgba(59,0,181,1)
0,5: (15420,0,65021,65535)  #3C00FDFF  srgba(60,0,253,1)
1,5: (15677,0,25957,65535)  #3D0065FF  srgba(61,0,101,1)
2,5: (15934,0,24672,65535)  #3E0060FF  srgba(62,0,96,1)
3,5: (15934,0,53713,65535)  #3E00D1FF  srgba(62,0,209,1)
4,5: (16191,0,23901,65535)  #3F005DFF  srgba(63,0,93,1)
5,5: (16191,771,64507,65535)  #3F03FBFF  srgba(63,3,251,1)
6,5: (16448,0,59110,65535)  #4000E6FF  srgba(64,0,230,1)
7,5: (16962,0,62451,65535)  #4200F3FF  srgba(66,0,243,1)
8,5: (17219,0,37522,65535)  #430092FF  srgba(67,0,146,1)
9,5: (17733,0,28527,65535)  #45006FFF  srgba(69,0,111,1)
10,5: (17990,0,30840,65535)  #460078FF  srgba(70,0,120,1)
11,5: (18504,0,25700,65535)  #480064FF  srgba(72,0,100,1)
12,5: (18761,0,61680,65535)  #4900F0FF  srgba(73,0,240,1)
13,5: (18761,0,61937,65535)  #4900F1FF  srgba(73,0,241,1)
14,5: (19789,0,24672,65535)  #4D0060FF  srgba(77,0,96,1)
15,5: (20046,0,63993,65535)  #4E00F9FF  srgba(78,0,249,1)
0,6: (20303,0,23387,65535)  #4F005BFF  srgba(79,0,91,1)
1,6: (20817,0,25700,65535)  #510064FF  srgba(81,0,100,1)
2,6: (20817,0,64764,65535)  #5100FCFF  srgba(81,0,252,1)
3,6: (24158,771,64507,65535)  #5E03FBFF  srgba(94,3,251,1)
4,6: (24415,0,65535,65535)  #5F00FFFF  srgba(95,0,255,1)
5,6: (25186,0,22359,65535)  #620057FF  srgba(98,0,87,1)
6,6: (25443,0,24415,65535)  #63005FFF  srgba(99,0,95,1)
7,6: (25700,0,26728,65535)  #640068FF  srgba(100,0,104,1)
8,6: (26214,0,61166,65535)  #6600EEFF  srgba(102,0,238,1)
9,6: (26214,0,62708,65535)  #6600F4FF  srgba(102,0,244,1)
10,6: (26471,0,65535,65535)  #6700FFFF  srgba(103,0,255,1)
11,6: (26471,0,65535,65535)  #6700FFFF  srgba(103,0,255,1)
12,6: (26728,0,32382,65535)  #68007EFF  srgba(104,0,126,1)
13,6: (26728,0,65278,65535)  #6800FEFF  srgba(104,0,254,1)
14,6: (27242,0,56283,65535)  #6A00DBFF  srgba(106,0,219,1)
15,6: (27242,0,65278,65535)  #6A00FEFF  srgba(106,0,254,1)
0,7: (27499,0,41377,65535)  #6B00A1FF  srgba(107,0,161,1)
1,7: (27499,0,43433,65535)  #6B00A9FF  srgba(107,0,169,1)
2,7: (27499,0,44975,65535)  #6B00AFFF  srgba(107,0,175,1)
3,7: (28013,0,50886,65535)  #6D00C6FF  srgba(109,0,198,1)
4,7: (28270,0,65535,65535)  #6E00FFFF  srgba(110,0,255,1)
5,7: (28270,0,65535,65535)  #6E00FFFF  srgba(110,0,255,1)
6,7: (28784,0,27499,65535)  #70006BFF  srgba(112,0,107,1)
7,7: (29298,0,65535,65535)  #7200FFFF  srgba(114,0,255,1)
8,7: (29298,9766,65535,65535)  #7226FFFF  srgba(114,38,255,1)
9,7: (29555,0,27756,65535)  #73006CFF  srgba(115,0,108,1)
10,7: (29812,0,51400,65535)  #7400C8FF  srgba(116,0,200,1)
11,7: (30069,0,64507,65535)  #7500FBFF  srgba(117,0,251,1)
12,7: (30326,0,29812,65535)  #760074FF  srgba(118,0,116,1)
13,7: (30583,0,22616,65535)  #770058FF  srgba(119,0,88,1)
14,7: (30840,0,25700,65535)  #780064FF  srgba(120,0,100,1)
15,7: (30840,0,60395,65535)  #7800EBFF  srgba(120,0,235,1)
0,8: (30840,0,65535,65535)  #7800FFFF  srgba(120,0,255,1)
1,8: (30840,0,65535,65535)  #7800FFFF  srgba(120,0,255,1)
2,8: (30840,1285,65535,65535)  #7805FFFF  srgba(120,5,255,1)
3,8: (31097,0,64507,65535)  #7900FBFF  srgba(121,0,251,1)
4,8: (32382,0,27756,65535)  #7E006CFF  srgba(126,0,108,1)
5,8: (33153,0,44975,65535)  #8100AFFF  srgba(129,0,175,1)
6,8: (33667,0,65535,65535)  #8300FFFF  srgba(131,0,255,1)
7,8: (34438,0,35466,65535)  #86008AFF  srgba(134,0,138,1)
8,8: (35209,0,23130,65535)  #89005AFF  srgba(137,0,90,1)
9,8: (35466,0,25700,65535)  #8A0064FF  srgba(138,0,100,1)
10,8: (36237,0,65535,65535)  #8D00FFFF  srgba(141,0,255,1)
11,8: (37265,0,65535,65535)  #9100FFFF  srgba(145,0,255,1)
12,8: (37522,0,30326,65535)  #920076FF  srgba(146,0,118,1)
13,8: (38807,0,65535,65535)  #9700FFFF  srgba(151,0,255,1)
14,8: (39835,0,60138,65535)  #9B00EAFF  srgba(155,0,234,1)
15,8: (40092,0,26471,65535)  #9C0067FF  srgba(156,0,103,1)
0,9: (40349,0,23644,65535)  #9D005CFF  srgba(157,0,92,1)
1,9: (40606,0,51657,65535)  #9E00C9FF  srgba(158,0,201,1)
2,9: (40863,0,65021,65535)  #9F00FDFF  srgba(159,0,253,1)
3,9: (41891,0,65535,65535)  #A300FFFF  srgba(163,0,255,1)
4,9: (43433,0,65535,65535)  #A900FFFF  srgba(169,0,255,1)
5,9: (43690,0,65278,65535)  #AA00FEFF  srgba(170,0,254,1)
6,9: (43690,0,65535,65535)  #AA00FFFF  srgba(170,0,255,1)
7,9: (44461,0,26471,65535)  #AD0067FF  srgba(173,0,103,1)
8,9: (44461,0,65535,65535)  #AD00FFFF  srgba(173,0,255,1)
9,9: (44718,0,65535,65535)  #AE00FFFF  srgba(174,0,255,1)
10,9: (44975,0,23387,65535)  #AF005BFF  srgba(175,0,91,1)
11,9: (47031,0,65535,65535)  #B700FFFF  srgba(183,0,255,1)
12,9: (47288,0,65535,65535)  #B800FFFF  srgba(184,0,255,1)
13,9: (48059,0,43433,65535)  #BB00A9FF  srgba(187,0,169,1)
14,9: (48059,514,65278,65535)  #BB02FEFF  srgba(187,2,254,1)
15,9: (48316,0,30069,65535)  #BC0075FF  srgba(188,0,117,1)
0,10: (49858,0,23644,65535)  #C2005CFF  srgba(194,0,92,1)
1,10: (49858,0,65535,65535)  #C200FFFF  srgba(194,0,255,1)
2,10: (50372,0,65535,65535)  #C400FFFF  srgba(196,0,255,1)
3,10: (50372,0,65535,65535)  #C400FFFF  srgba(196,0,255,1)
4,10: (50629,0,26985,65535)  #C50069FF  srgba(197,0,105,1)
5,10: (50629,0,65535,65535)  #C500FFFF  srgba(197,0,255,1)
6,10: (51914,0,64507,65535)  #CA00FBFF  srgba(202,0,251,1)
7,10: (52171,0,34181,65535)  #CB0085FF  srgba(203,0,133,1)
8,10: (52685,0,65535,65535)  #CD00FFFF  srgba(205,0,255,1)
9,10: (52942,0,65535,65535)  #CE00FFFF  srgba(206,0,255,1)
10,10: (54484,0,52171,65535)  #D400CBFF  srgba(212,0,203,1)
11,10: (54484,0,59624,65535)  #D400E8FF  srgba(212,0,232,1)
12,10: (54998,0,30069,65535)  #D60075FF  srgba(214,0,117,1)
13,10: (55769,0,24672,65535)  #D90060FF  srgba(217,0,96,1)
14,10: (55769,0,41377,65535)  #D900A1FF  srgba(217,0,161,1)
15,10: (56026,0,27499,65535)  #DA006BFF  srgba(218,0,107,1)
0,11: (56026,0,65278,65535)  #DA00FEFF  srgba(218,0,254,1)
1,11: (56026,0,65535,65535)  #DA00FFFF  srgba(218,0,255,1)
2,11: (56026,0,65535,65535)  #DA00FFFF  srgba(218,0,255,1)
3,11: (56283,3341,65535,65535)  #DB0DFFFF  srgba(219,13,255,1)
4,11: (56283,13364,65535,65535)  #DB34FFFF  srgba(219,52,255,1)
5,11: (56540,0,65535,65535)  #DC00FFFF  srgba(220,0,255,1)
6,11: (58082,0,65535,65535)  #E200FFFF  srgba(226,0,255,1)
7,11: (58596,0,65278,65535)  #E400FEFF  srgba(228,0,254,1)
8,11: (58853,257,65535,65535)  #E501FFFF  srgba(229,1,255,1)
9,11: (59367,0,55255,65535)  #E700D7FF  srgba(231,0,215,1)
10,11: (59367,0,65535,65535)  #E700FFFF  srgba(231,0,255,1)
11,11: (59367,3598,65535,65535)  #E70EFFFF  srgba(231,14,255,1)
12,11: (59367,13364,65535,65535)  #E734FFFF  srgba(231,52,255,1)
13,11: (59624,0,24929,65535)  #E80061FF  srgba(232,0,97,1)
14,11: (59624,0,27242,65535)  #E8006AFF  srgba(232,0,106,1)
15,11: (59624,0,30583,65535)  #E80077FF  srgba(232,0,119,1)
0,12: (59624,0,35723,65535)  #E8008BFF  srgba(232,0,139,1)
1,12: (59624,0,42662,65535)  #E800A6FF  srgba(232,0,166,1)
2,12: (59624,0,47288,65535)  #E800B8FF  srgba(232,0,184,1)
3,12: (59624,0,50629,65535)  #E800C5FF  srgba(232,0,197,1)
4,12: (59624,0,61166,65535)  #E800EEFF  srgba(232,0,238,1)
5,12: (59624,14392,65278,65535)  #E838FEFF  srgba(232,56,254,1)
6,12: (59881,0,65535,65535)  #E900FFFF  srgba(233,0,255,1)
7,12: (59881,2056,64507,65535)  #E908FBFF  srgba(233,8,251,1)
8,12: (59881,6682,65278,65535)  #E91AFEFF  srgba(233,26,254,1)
9,12: (60138,0,65535,65535)  #EA00FFFF  srgba(234,0,255,1)
10,12: (60395,0,26214,65535)  #EB0066FF  srgba(235,0,102,1)
11,12: (60395,0,36751,65535)  #EB008FFF  srgba(235,0,143,1)
12,12: (60395,0,51914,65535)  #EB00CAFF  srgba(235,0,202,1)
13,12: (60395,0,65535,65535)  #EB00FFFF  srgba(235,0,255,1)
14,12: (60395,514,63222,65535)  #EB02F6FF  srgba(235,2,246,1)
15,12: (60395,8738,65278,65535)  #EB22FEFF  srgba(235,34,254,1)
0,13: (60652,0,23130,65535)  #EC005AFF  srgba(236,0,90,1)
1,13: (60652,0,24672,65535)  #EC0060FF  srgba(236,0,96,1)
2,13: (60652,0,24929,65535)  #EC0061FF  srgba(236,0,97,1)
3,13: (60652,0,25700,65535)  #EC0064FF  srgba(236,0,100,1)
4,13: (60652,0,26728,65535)  #EC0068FF  srgba(236,0,104,1)
5,13: (60652,0,27756,65535)  #EC006CFF  srgba(236,0,108,1)
6,13: (60652,0,30069,65535)  #EC0075FF  srgba(236,0,117,1)
7,13: (60652,0,34438,65535)  #EC0086FF  srgba(236,0,134,1)
8,13: (60652,0,39835,65535)  #EC009BFF  srgba(236,0,155,1)
9,13: (60652,0,48059,65535)  #EC00BBFF  srgba(236,0,187,1)
10,13: (60652,0,50629,65535)  #EC00C5FF  srgba(236,0,197,1)
11,13: (60652,0,56797,65535)  #EC00DDFF  srgba(236,0,221,1)
12,13: (60652,0,62708,65535)  #EC00F4FF  srgba(236,0,244,1)
13,13: (60652,0,65535,65535)  #EC00FFFF  srgba(236,0,255,1)
14,13: (60909,0,24158,65535)  #ED005EFF  srgba(237,0,94,1)
15,13: (60909,0,65535,65535)  #ED00FFFF  srgba(237,0,255,1)
0,14: (61166,0,65535,65535)  #EE00FFFF  srgba(238,0,255,1)
1,14: (61423,0,23644,65535)  #EF005CFF  srgba(239,0,92,1)
2,14: (61423,0,24415,65535)  #EF005FFF  srgba(239,0,95,1)
3,14: (61423,0,25700,65535)  #EF0064FF  srgba(239,0,100,1)
4,14: (61423,0,26471,65535)  #EF0067FF  srgba(239,0,103,1)
5,14: (61423,0,27499,65535)  #EF006BFF  srgba(239,0,107,1)
6,14: (61423,0,29555,65535)  #EF0073FF  srgba(239,0,115,1)
7,14: (61423,0,47802,65535)  #EF00BAFF  srgba(239,0,186,1)
8,14: (61423,0,65535,65535)  #EF00FFFF  srgba(239,0,255,1)
9,14: (61680,0,24929,65535)  #F00061FF  srgba(240,0,97,1)
10,14: (61680,0,28270,65535)  #F0006EFF  srgba(240,0,110,1)
11,14: (61680,0,34952,65535)  #F00088FF  srgba(240,0,136,1)
12,14: (61680,0,38550,65535)  #F00096FF  srgba(240,0,150,1)
13,14: (61680,0,42148,65535)  #F000A4FF  srgba(240,0,164,1)
14,14: (61680,0,51143,65535)  #F000C7FF  srgba(240,0,199,1)
15,14: (61680,0,65535,65535)  #F000FFFF  srgba(240,0,255,1)
0,15: (61680,6425,65535,65535)  #F019FFFF  srgba(240,25,255,1)
1,15: (61680,13107,65535,65535)  #F033FFFF  srgba(240,51,255,1)
2,15: (61937,0,25700,65535)  #F10064FF  srgba(241,0,100,1)
3,15: (61937,0,26728,65535)  #F10068FF  srgba(241,0,104,1)
4,15: (61937,0,30069,65535)  #F10075FF  srgba(241,0,117,1)
5,15: (61937,0,55512,65535)  #F100D8FF  srgba(241,0,216,1)
6,15: (61937,0,58339,65535)  #F100E3FF  srgba(241,0,227,1)
7,15: (61937,0,62451,65535)  #F100F3FF  srgba(241,0,243,1)
8,15: (61937,2313,65535,65535)  #F109FFFF  srgba(241,9,255,1)
9,15: (61937,7967,65278,65535)  #F11FFEFF  srgba(241,31,254,1)
10,15: (62194,0,26985,65535)  #F20069FF  srgba(242,0,105,1)
11,15: (62194,0,65535,65535)  #F200FFFF  srgba(242,0,255,1)
12,15: (62194,514,61166,65535)  #F202EEFF  srgba(242,2,238,1)
13,15: (62965,0,60909,65535)  #F500EDFF  srgba(245,0,237,1)
14,15: (62965,0,65535,65535)  #F500FFFF  srgba(245,0,255,1)
15,15: (0,65535,0,0)  #00FF0000  srgba(0,255,0,0)
