# ImageMagick pixel enumeration: 16,16,65535,srgba
0,0: (10537,10794,58596,65535)  #292AE4FF  srgba(41,42,228,1)
1,0: (13621,14906,63479,65535)  #353AF7FF  srgba(53,58,247,1)
2,0: (15420,19532,62708,65535)  #3C4CF4FF  srgba(60,76,244,1)
3,0: (19018,18247,62965,65535)  #4A47F5FF  srgba(74,71,245,1)
4,0: (19018,22873,63479,65535)  #4A59F7FF  srgba(74,89,247,1)
5,0: (22359,26728,64764,65535)  #5768FCFF  srgba(87,104,252,1)
6,0: (23901,23901,63222,65535)  #5D5DF6FF  srgba(93,93,246,1)
7,0: (24158,15420,63479,65535)  #5E3CF7FF  srgba(94,60,247,1)
8,0: (24158,19532,63993,65535)  #5E4CF9FF  srgba(94,76,249,1)
9,0: (24158,21588,63736,65535)  #5E54F8FF  srgba(94,84,248,1)
10,0: (24929,27242,62194,65535)  #616AF2FF  srgba(97,106,242,1)
11,0: (25700,27242,64250,65535)  #646AFAFF  srgba(100,106,250,1)
12,0: (25700,30069,65021,65535)  #6475FDFF  srgba(100,117,253,1)
13,0: (26985,29812,63479,65535)  #6974F7FF  srgba(105,116,247,1)
14,0: (27756,29812,61937,65535)  #6C74F1FF  srgba(108,116,241,1)
15,0: (28013,29555,62708,65535)  #6D73F4FF  srgba(109,115,244,1)
0,1: (28013,32125,65021,65535)  #6D7DFDFF  srgba(109,125,253,1)
1,1: (28527,11565,63479,65535)  #6F2DF7FF  srgba(111,45,247,1)
2,1: (28527,19018,64507,65535)  #6F4AFBFF  srgba(111,74,251,1)
3,1: (28527,20817,64507,65535)  #6F51FBFF  srgba(111,81,251,1)
4,1: (28527,23130,63993,65535)  #6F5AF9FF  srgba(111,90,249,1)
5,1: (28784,25957,63479,65535)  #7065F7FF  srgba(112,101,247,1)
6,1: (28784,27242,62451,65535)  #706AF3FF  srgba(112,106,243,1)
7,1: (28784,28270,62451,65535)  #706EF3FF  srgba(112,110,243,1)
8,1: (28784,34181,65278,65535)  #7085FEFF  srgba(112,133,254,1)
9,1: (29041,29812,64507,65535)  #7174FBFF  srgba(113,116,251,1)
10,1: (29041,30069,63479,65535)  #7175F7FF  srgba(113,117,247,1)
11,1: (29041,30326,61423,65535)  #7176EFFF  srgba(113,118,239,1)
12,1: (29041,30583,60652,65535)  #7177ECFF  srgba(113,119,236,1)
13,1: (29298,30840,58082,65535)  #7278E2FF  srgba(114,120,226,1)
14,1: (30326,30326,62708,65535)  #7676F4FF  srgba(118,118,244,1)
15,1: (30583,30069,61937,65535)  #7775F1FF  srgba(119,117,241,1)
0,2: (30840,28784,63222,65535)  #7870F6FF  srgba(120,112,246,1)
1,2: (30840,31611,63479,65535)  #787BF7FF  srgba(120,123,247,1)
2,2: (31097,31097,64764,65535)  #7979FCFF  srgba(121,121,252,1)
3,2: (31354,34952,65278,65535)  #7A88FEFF  srgba(122,136,254,1)
4,2: (31611,28013,62708,65535)  #7B6DF4FF  srgba(123,109,244,1)
5,2: (32125,3341,62708,65535)  #7D0DF4FF  srgba(125,13,244,1)
6,2: (32125,17476,64764,65535)  #7D44FCFF  srgba(125,68,252,1)
7,2: (32125,19789,65021,65535)  #7D4DFDFF  srgba(125,77,253,1)
8,2: (32125,21845,64764,65535)  #7D55FCFF  srgba(125,85,252,1)
9,2: (32382,23901,64507,65535)  #7E5DFBFF  srgba(126,93,251,1)
10,2: (32382,25957,63479,65535)  #7E65F7FF  srgba(126,101,247,1)
11,2: (32382,27242,63479,65535)  #7E6AF7FF  srgba(126,106,247,1)
12,2: (32382,28013,63993,65535)  #7E6DF9FF  srgba(126,109,249,1)
13,2: (33153,31868,65278,65535)  #817CFEFF  srgba(129,124,254,1)
14,2: (33924,31868,62965,65535)  #847CF5FF  srgba(132,124,245,1)
15,2: (33924,33667,63736,65535)  #8483F8FF  srgba(132,131,248,1)
0,3: (33924,33924,64507,65535)  #8484FBFF  srgba(132,132,251,1)
1,3: (34181,32125,61937,65535)  #857DF1FF  srgba(133,125,241,1)
2,3: (34181,35209,65278,65535)  #8589FEFF  srgba(133,137,254,1)
3,3: (34438,29041,63736,65535)  #8671F8FF  srgba(134,113,248,1)
4,3: (34438,32382,59110,65535)  #867EE6FF  srgba(134,126,230,1)
5,3: (34952,29298,64507,65535)  #8872FBFF  srgba(136,114,251,1)
6,3: (35209,37265,65278,65535)  #8991FEFF  srgba(137,145,254,1)
7,3: (35209,37522,64250,65535)  #8992FAFF  srgba(137,146,250,1)
8,3: (35466,37779,65535,65535)  #8A93FFFF  srgba(138,147,255,1)
9,3: (35723,39321,61166,65535)  #8B99EEFF  srgba(139,153,238,1)
10,3: (35980,27756,63222,65535)  #8C6CF6FF  srgba(140,108,246,1)
11,3: (35980,39321,63222,65535)  #8C99F6FF  srgba(140,153,246,1)
12,3: (36237,26728,63222,65535)  #8D68F6FF  srgba(141,104,246,1)
13,3: (36237,27756,64507,65535)  #8D6CFBFF  srgba(141,108,251,1)
14,3: (36237,39321,65535,65535)  #8D99FFFF  srgba(141,153,255,1)
15,3: (36494,30326,65278,65535)  #8E76FEFF  srgba(142,118,254,1)
0,4: (36494,40606,65278,65535)  #8E9EFEFF  srgba(142,158,254,1)
1,4: (36494,40863,64250,65535)  #8E9FFAFF  srgba(142,159,250,1)
2,4: (36751,27756,63993,65535)  #8F6CF9FF  srgba(143,108,249,1)
3,4: (36751,41634,65535,65535)  #8FA2FFFF  srgba(143,162,255,1)
4,4: (37008,26728,65021,65535)  #9068FDFF  srgba(144,104,253,1)
5,4: (37008,27756,65278,65535)  #906CFEFF  srgba(144,108,254,1)
6,4: (37265,19018,65021,65535)  #914AFDFF  srgba(145,74,253,1)
7,4: (37265,22102,65021,65535)  #9156FDFF  srgba(145,86,253,1)
8,4: (37265,25700,63736,65535)  #9164F8FF  srgba(145,100,248,1)
9,4: (37522,24158,65021,65535)  #925EFDFF  srgba(146,94,253,1)
10,4: (38036,25700,65278,65535)  #9464FEFF  srgba(148,100,254,1)
11,4: (38036,26728,64250,65535)  #9468FAFF  srgba(148,104,250,1)
12,4: (38293,2827,65278,65535)  #950BFEFF  srgba(149,11,254,1)
13,4: (38293,3084,58853,65535)  #950CE5FF  srgba(149,12,229,1)
14,4: (38807,27756,64507,65535)  #976CFBFF  srgba(151,108,251,1)
15,4: (38807,38293,65021,65535)  #9795FDFF  srgba(151,149,253,1)
0,5: (38807,39578,65535,65535)  #979AFFFF  srgba(151,154,255,1)
1,5: (39321,39064,64250,65535)  #9998FAFF  srgba(153,152,250,1)
2,5: (39835,27756,65278,65535)  #9B6CFEFF  srgba(155,108,254,1)
3,5: (39835,31868,65535,65535)  #9B7CFFFF  srgba(155,124,255,1)
4,5: (39835,38550,63222,65535)  #9B96F6FF  srgba(155,150,246,1)
5,5: (39835,40092,65535,65535)  #9B9CFFFF  srgba(155,156,255,1)
6,5: (39835,42405,65535,65535)  #9BA5FFFF  srgba(155,165,255,1)
7,5: (40092,26728,65021,65535)  #9C68FDFF  srgba(156,104,253,1)
8,5: (40092,28784,65278,65535)  #9C70FEFF  srgba(156,112,254,1)
9,5: (40092,29298,65535,65535)  #9C72FFFF  srgba(156,114,255,1)
10,5: (40092,30840,65278,65535)  #9C78FEFF  srgba(156,120,254,1)
11,5: (40092,41634,61680,65535)  #9CA2F0FF  srgba(156,162,240,1)
12,5: (40349,41634,63222,65535)  #9DA2F6FF  srgba(157,162,246,1)
13,5: (40349,41634,64250,65535)  #9DA2FAFF  srgba(157,162,250,1)
14,5: (40349,43176,65278,65535)  #9DA8FEFF  srgba(157,168,254,1)
15,5: (41634,29555,64250,65535)  #A273FAFF  srgba(162,115,250,1)
0,6: (41634,30326,63222,65535)  #A276F6FF  srgba(162,118,246,1)
1,6: (41634,33667,61680,65535)  #A283F0FF  srgba(162,131,240,1)
2,6: (41634,42919,65535,65535)  #A2A7FFFF  srgba(162,167,255,1)
3,6: (41634,43690,62451,65535)  #A2AAF3FF  srgba(162,170,243,1)
4,6: (41634,43690,64250,65535)  #A2AAFAFF  srgba(162,170,250,1)
5,6: (41891,39578,58082,65535)  #A39AE2FF  srgba(163,154,226,1)
6,6: (42148,28013,65535,65535)  #A46DFFFF  srgba(164,109,255,1)
7,6: (42405,25700,64507,65535)  #A564FBFF  srgba(165,100,251,1)
8,6: (42405,26728,64250,65535)  #A568FAFF  srgba(165,104,250,1)
9,6: (42405,35723,65278,65535)  #A58BFEFF  srgba(165,139,254,1)
10,6: (42405,46003,65535,65535)  #A5B3FFFF  srgba(165,179,255,1)
11,6: (42662,25700,65021,65535)  #A664FDFF  srgba(166,100,253,1)
12,6: (42662,27499,64507,65535)  #A66BFBFF  srgba(166,107,251,1)
13,6: (42662,46003,65021,65535)  #A6B3FDFF  srgba(166,179,253,1)
14,6: (42919,39321,65535,65535)  #A799FFFF  srgba(167,153,255,1)
15,6: (42919,43947,65278,65535)  #A7ABFEFF  srgba(167,171,254,1)
0,7: (43176,31611,57825,65535)  #A87BE1FF  srgba(168,123,225,1)
1,7: (43433,25700,65535,65535)  #A964FFFF  srgba(169,100,255,1)
2,7: (43433,26985,65278,65535)  #A969FEFF  srgba(169,105,254,1)
3,7: (43433,27499,65278,65535)  #A96BFEFF  srgba(169,107,254,1)
4,7: (43690,43690,65535,65535)  #AAAAFFFF  srgba(170,170,255,1)
5,7: (43690,45746,62194,65535)  #AAB2F2FF  srgba(170,178,242,1)
6,7: (43947,26728,65535,65535)  #AB68FFFF  srgba(171,104,255,1)
7,7: (43947,27756,64764,65535)  #AB6CFCFF  srgba(171,108,252,1)
8,7: (43947,46003,63479,65535)  #ABB3F7FF  srgba(171,179,247,1)
9,7: (43947,46003,63993,65535)  #ABB3F9FF  srgba(171,179,249,1)
10,7: (44204,22873,65535,65535)  #AC59FFFF  srgba(172,89,255,1)
11,7: (44204,27499,65535,65535)  #AC6BFFFF  srgba(172,107,255,1)
12,7: (44204,29298,65535,65535)  #AC72FFFF  srgba(172,114,255,1)
13,7: (44204,31611,65535,65535)  #AC7BFFFF  srgba(172,123,255,1)
14,7: (44461,27756,65535,65535)  #AD6CFFFF  srgba(173,108,255,1)
15,7: (44461,28784,65278,65535)  #AD70FEFF  srgba(173,112,254,1)
0,8: (44718,26728,64764,65535)  #AE68FCFF  srgba(174,104,252,1)
1,8: (44975,19532,65021,65535)  #AF4CFDFF  srgba(175,76,253,1)
2,8: (44975,25700,63222,65535)  #AF64F6FF  srgba(175,100,246,1)
3,8: (44975,30069,65278,65535)  #AF75FEFF  srgba(175,117,254,1)
4,8: (45232,25700,64250,65535)  #B064FAFF  srgba(176,100,250,1)
5,8: (45489,46260,65021,65535)  #B1B4FDFF  srgba(177,180,253,1)
6,8: (45489,46517,65535,65535)  #B1B5FFFF  srgba(177,181,255,1)
7,8: (45489,47545,65021,65535)  #B1B9FDFF  srgba(177,185,253,1)
8,8: (45489,48573,62194,65535)  #B1BDF2FF  srgba(177,189,242,1)
9,8: (45746,48316,65535,65535)  #B2BCFFFF  srgba(178,188,255,1)
10,8: (46003,49087,63479,65535)  #B3BFF7FF  srgba(179,191,247,1)
11,8: (46003,49344,63993,65535)  #B3C0F9FF  srgba(179,192,249,1)
12,8: (46003,49601,65535,65535)  #B3C1FFFF  srgba(179,193,255,1)
13,8: (46260,50115,64764,65535)  #B4C3FCFF  srgba(180,195,252,1)
14,8: (46517,27499,64250,65535)  #B56BFAFF  srgba(181,107,250,1)
15,8: (46517,27756,63222,65535)  #B56CF6FF  srgba(181,108,246,1)
0,9: (46517,51143,65535,65535)  #B5C7FFFF  srgba(181,199,255,1)
1,9: (46774,771,57825,65535)  #B603E1FF  srgba(182,3,225,1)
2,9: (46774,10280,65278,65535)  #B628FEFF  srgba(182,40,254,1)
3,9: (47031,0,65535,65535)  #B700FFFF  srgba(183,0,255,1)
4,9: (47031,22873,64250,65535)  #B759FAFF  srgba(183,89,250,1)
5,9: (47031,23130,65278,65535)  #B75AFEFF  srgba(183,90,254,1)
6,9: (47031,27499,65535,65535)  #B76BFFFF  srgba(183,107,255,1)
7,9: (47288,12593,63479,65535)  #B831F7FF  srgba(184,49,247,1)
8,9: (47545,9766,59110,65535)  #B926E6FF  srgba(185,38,230,1)
9,9: (47545,25700,64507,65535)  #B964FBFF  srgba(185,100,251,1)
10,9: (47545,28013,65535,65535)  #B96DFFFF  srgba(185,109,255,1)
11,9: (47802,257,63479,65535)  #BA01F7FF  srgba(186,1,247,1)
12,9: (47802,15677,65278,65535)  #BA3DFEFF  srgba(186,61,254,1)
13,9: (47802,26728,65535,65535)  #BA68FFFF  srgba(186,104,255,1)
14,9: (48059,48059,65021,65535)  #BBBBFDFF  srgba(187,187,253,1)
15,9: (48059,48573,64764,65535)  #BBBDFCFF  srgba(187,189,252,1)
0,10: (48316,0,65278,65535)  #BC00FEFF  srgba(188,0,254,1)
1,10: (48316,26985,65278,65535)  #BC69FEFF  srgba(188,105,254,1)
2,10: (48316,41634,64250,65535)  #BCA2FAFF  srgba(188,162,250,1)
3,10: (48573,25700,65021,65535)  #BD64FDFF  srgba(189,100,253,1)
4,10: (48830,49344,65021,65535)  #BEC0FDFF  srgba(190,192,253,1)
5,10: (48830,50372,65021,65535)  #BEC4FDFF  srgba(190,196,253,1)
6,10: (49087,27499,64507,65535)  #BF6BFBFF  srgba(191,107,251,1)
7,10: (49087,27499,64764,65535)  #BF6BFCFF  srgba(191,107,252,1)
8,10: (49344,26728,64250,65535)  #C068FAFF  srgba(192,104,250,1)
9,10: (49601,25700,65535,65535)  #C164FFFF  srgba(193,100,255,1)
10,10: (49601,26985,64764,65535)  #C169FCFF  srgba(193,105,252,1)
11,10: (49601,27499,65278,65535)  #C16BFEFF  srgba(193,107,254,1)
12,10: (49858,46774,64764,65535)  #C2B6FCFF  srgba(194,182,252,1)
13,10: (49858,50629,65021,65535)  #C2C5FDFF  srgba(194,197,253,1)
14,10: (49858,52685,65535,65535)  #C2CDFFFF  srgba(194,205,255,1)
15,10: (50115,22873,65535,65535)  #C359FFFF  srgba(195,89,255,1)
0,11: (50115,37522,64250,65535)  #C392FAFF  srgba(195,146,250,1)
1,11: (50115,52685,64507,65535)  #C3CDFBFF  srgba(195,205,251,1)
2,11: (50372,19532,65021,65535)  #C44CFDFF  srgba(196,76,253,1)
3,11: (50629,27756,65535,65535)  #C56CFFFF  srgba(197,108,255,1)
4,11: (50886,27499,65535,65535)  #C66BFFFF  srgba(198,107,255,1)
5,11: (51143,29298,65535,65535)  #C772FFFF  srgba(199,114,255,1)
6,11: (51143,51143,65021,65535)  #C7C7FDFF  srgba(199,199,253,1)
7,11: (51400,0,65535,65535)  #C800FFFF  srgba(200,0,255,1)
8,11: (51400,26728,65535,65535)  #C868FFFF  srgba(200,104,255,1)
9,11: (51914,53199,65021,65535)  #CACFFDFF  srgba(202,207,253,1)
10,11: (51914,56026,65278,65535)  #CADAFEFF  srgba(202,218,254,1)
11,11: (52171,26985,65278,65535)  #CB69FEFF  srgba(203,105,254,1)
12,11: (52171,56026,64764,65535)  #CBDAFCFF  srgba(203,218,252,1)
13,11: (52428,29041,65535,65535)  #CC71FFFF  srgba(204,113,255,1)
14,11: (52942,56026,63479,65535)  #CEDAF7FF  srgba(206,218,247,1)
15,11: (53199,56026,64250,65535)  #CFDAFAFF  srgba(207,218,250,1)
0,12: (53456,29298,64507,65535)  #D072FBFF  srgba(208,114,251,1)
1,12: (53456,53970,65021,65535)  #D0D2FDFF  srgba(208,210,253,1)
2,12: (53713,27499,65535,65535)  #D16BFFFF  srgba(209,107,255,1)
3,12: (53970,25443,65535,65535)  #D263FFFF  srgba(210,99,255,1)
4,12: (54227,21074,65021,65535)  #D352FDFF  srgba(211,82,253,1)
5,12: (54227,56026,65278,65535)  #D3DAFEFF  srgba(211,218,254,1)
6,12: (54227,56283,64764,65535)  #D3DBFCFF  srgba(211,219,252,1)
7,12: (54741,27242,64764,65535)  #D56AFCFF  srgba(213,106,252,1)
8,12: (54998,0,65535,65535)  #D600FFFF  srgba(214,0,255,1)
9,12: (54998,15934,63993,65535)  #D63EF9FF  srgba(214,62,249,1)
10,12: (54998,25957,64507,65535)  #D665FBFF  srgba(214,101,251,1)
11,12: (54998,27499,65535,65535)  #D66BFFFF  srgba(214,107,255,1)
12,12: (55255,6168,63479,65535)  #D718F7FF  srgba(215,24,247,1)
13,12: (55255,38036,65278,65535)  #D794FEFF  srgba(215,148,254,1)
14,12: (55255,59624,64764,65535)  #D7E8FCFF  srgba(215,232,252,1)
15,12: (55512,46517,65021,65535)  #D8B5FDFF  srgba(216,181,253,1)
0,13: (55512,57054,64250,65535)  #D8DEFAFF  srgba(216,222,250,1)
1,13: (55512,57054,65278,65535)  #D8DEFEFF  srgba(216,222,254,1)
2,13: (55769,0,65278,65535)  #D900FEFF  srgba(217,0,254,1)
3,13: (56540,25700,65278,65535)  #DC64FEFF  srgba(220,100,254,1)
4,13: (56540,27499,65535,65535)  #DC6BFFFF  srgba(220,107,255,1)
5,13: (56540,57825,65021,65535)  #DCE1FDFF  srgba(220,225,253,1)
6,13: (56797,25700,65535,65535)  #DD64FFFF  srgba(221,100,255,1)
7,13: (56797,59881,64764,65535)  #DDE9FCFF  srgba(221,233,252,1)
8,13: (57311,0,65278,65535)  #DF00FEFF  srgba(223,0,254,1)
9,13: (57311,0,65535,65535)  #DF00FFFF  srgba(223,0,255,1)
10,13: (57568,0,65535,65535)  #E000FFFF  srgba(224,0,255,1)
11,13: (57568,58082,64764,65535)  #E0E2FCFF  srgba(224,226,252,1)
12,13: (57825,0,65535,65535)  #E100FFFF  srgba(225,0,255,1)
13,13: (57825,59881,64250,65535)  #E1E9FAFF  srgba(225,233,250,1)
14,13: (57825,60138,65278,65535)  #E1EAFEFF  srgba(225,234,254,1)
15,13: (58339,27242,65021,65535)  #E36AFDFF  srgba(227,106,253,1)
0,14: (58339,27499,65535,65535)  #E36BFFFF  srgba(227,107,255,1)
1,14: (58853,0,65021,65535)  #E500FDFF  srgba(229,0,253,1)
2,14: (58853,27499,65535,65535)  #E56BFFFF  srgba(229,107,255,1)
3,14: (59110,60652,64250,65535)  #E6ECFAFF  srgba(230,236,250,1)
4,14: (59110,60652,65278,65535)  #E6ECFEFF  srgba(230,236,254,1)
5,14: (59624,25957,65535,65535)  #E865FFFF  srgba(232,101,255,1)
6,14: (59624,29041,65278,65535)  #E871FEFF  srgba(232,113,254,1)
7,14: (59881,26214,65021,65535)  #E966FDFF  srgba(233,102,253,1)
8,14: (60652,0,65535,65535)  #EC00FFFF  srgba(236,0,255,1)
9,14: (60909,21074,65278,65535)  #ED52FEFF  srgba(237,82,254,1)
10,14: (60909,62194,65278,65535)  #EDF2FEFF  srgba(237,242,254,1)
11,14: (61166,61166,63993,65535)  #EEEEF9FF  srgba(238,238,249,1)
12,14: (61166,61423,64507,65535)  #EEEFFBFF  srgba(238,239,251,1)
13,14: (61166,61423,65278,65535)  #EEEFFEFF  srgba(238,239,254,1)
14,14: (61423,61937,64250,65535)  #EFF1FAFF  srgba(239,241,250,1)
15,14: (61680,27242,65535,65535)  #F06AFFFF  srgba(240,106,255,1)
0,15: (61937,27242,65278,65535)  #F16AFEFF  srgba(241,106,254,1)
1,15: (62708,62708,65278,65535)  #F4F4FEFF  srgba(244,244,254,1)
2,15: (62965,0,65278,65535)  #F500FEFF  srgba(245,0,254,1)
3,15: (62965,15934,65278,65535)  #F53EFEFF  srgba(245,62,254,1)
4,15: (63222,5911,65278,65535)  #F617FEFF  srgba(246,23,254,1)
5,15: (63479,26471,65278,65535)  #F767FEFF  srgba(247,103,254,1)
6,15: (63479,26471,65535,65535)  #F767FFFF  srgba(247,103,255,1)
7,15: (63736,26471,65535,65535)  #F867FFFF  srgba(248,103,255,1)
8,15: (63993,0,65278,65535)  #F900FEFF  srgba(249,0,254,1)
9,15: (63993,0,65535,65535)  #F900FFFF  srgba(249,0,255,1)
10,15: (63993,27242,65278,65535)  #F96AFEFF  srgba(249,106,254,1)
11,15: (64250,0,65278,65535)  #FA00FEFF  srgba(250,0,254,1)
12,15: (64507,27242,65535,65535)  #FB6AFFFF  srgba(251,106,255,1)
13,15: (64507,28784,65278,65535)  #FB70FEFF  srgba(251,112,254,1)
14,15: (65278,0,65278,65535)  #FE00FEFF  srgba(254,0,254,1)
15,15: (0,65535,0,0)  #00FF0000  srgba(0,255,0,0)
