# ImageMagick pixel enumeration: 16,16,65535,srgba
0,0: (257,23387,63222,65535)  #015BF6FF  srgba(1,91,246,1)
1,0: (514,15934,63993,65535)  #023EF9FF  srgba(2,62,249,1)
2,0: (514,18504,63993,65535)  #0248F9FF  srgba(2,72,249,1)
3,0: (514,26471,63479,65535)  #0267F7FF  srgba(2,103,247,1)
4,0: (514,28784,63479,65535)  #0270F7FF  srgba(2,112,247,1)
5,0: (771,20560,64250,65535)  #0350FAFF  srgba(3,80,250,1)
6,0: (1028,33153,64250,65535)  #0481FAFF  srgba(4,129,250,1)
7,0: (1028,40092,63479,65535)  #049CF7FF  srgba(4,156,247,1)
8,0: (1285,30840,64250,65535)  #0578FAFF  srgba(5,120,250,1)
9,0: (1285,35209,64250,65535)  #0589FAFF  srgba(5,137,250,1)
10,0: (1285,44975,63222,65535)  #05AFF6FF  srgba(5,175,246,1)
11,0: (1285,49858,63479,65535)  #05C2F7FF  srgba(5,194,247,1)
12,0: (1542,23387,65278,65535)  #065BFEFF  srgba(6,91,254,1)
13,0: (1542,37265,65535,65535)  #0691FFFF  srgba(6,145,255,1)
14,0: (1799,26728,65535,65535)  #0768FFFF  srgba(7,104,255,1)
15,0: (1799,30840,65535,65535)  #0778FFFF  srgba(7,120,255,1)
0,1: (1799,37265,64507,65535)  #0791FBFF  srgba(7,145,251,1)
1,1: (1799,39064,65535,65535)  #0798FFFF  srgba(7,152,255,1)
2,1: (1799,40092,64507,65535)  #079CFBFF  srgba(7,156,251,1)
3,1: (1799,43433,65535,65535)  #07A9FFFF  srgba(7,169,255,1)
4,1: (1799,46003,65535,65535)  #07B3FFFF  srgba(7,179,255,1)
5,1: (1799,54741,64250,65535)  #07D5FAFF  srgba(7,213,250,1)
6,1: (2056,32639,65535,65535)  #087FFFFF  srgba(8,127,255,1)
7,1: (2056,34181,65535,65535)  #0885FFFF  srgba(8,133,255,1)
8,1: (2056,35209,65535,65535)  #0889FFFF  srgba(8,137,255,1)
9,1: (2056,36751,65535,65535)  #088FFFFF  srgba(8,143,255,1)
10,1: (2056,37265,65278,65535)  #0891FEFF  srgba(8,145,254,1)
11,1: (2056,40092,65021,65535)  #089CFDFF  srgba(8,156,253,1)
12,1: (2056,40349,65535,65535)  #089DFFFF  srgba(8,157,255,1)
13,1: (2056,41891,65535,65535)  #08A3FFFF  srgba(8,163,255,1)
14,1: (2056,44718,64764,65535)  #08AEFCFF  srgba(8,174,252,1)
15,1: (2056,45232,64507,65535)  #08B0FBFF  srgba(8,176,251,1)
0,2: (2056,48573,65535,65535)  #08BDFFFF  srgba(8,189,255,1)
1,2: (2056,49858,64507,65535)  #08C2FBFF  srgba(8,194,251,1)
2,2: (2056,51657,65535,65535)  #08C9FFFF  srgba(8,201,255,1)
3,2: (2056,54484,65021,65535)  #08D4FDFF  srgba(8,212,253,1)
4,2: (2056,56283,65278,65535)  #08DBFEFF  srgba(8,219,254,1)
5,2: (2056,59367,64764,65535)  #08E7FCFF  srgba(8,231,252,1)
6,2: (2313,29041,65535,65535)  #0971FFFF  srgba(9,113,255,1)
7,2: (2313,35723,65535,65535)  #098BFFFF  srgba(9,139,255,1)
8,2: (2313,37008,65535,65535)  #0990FFFF  srgba(9,144,255,1)
9,2: (2313,38036,65535,65535)  #0994FFFF  srgba(9,148,255,1)
10,2: (2313,38807,65535,65535)  #0997FFFF  srgba(9,151,255,1)
11,2: (2313,43433,65535,65535)  #09A9FFFF  srgba(9,169,255,1)
12,2: (2313,43433,65535,65535)  #09A9FFFF  srgba(9,169,255,1)
13,2: (2313,45746,65535,65535)  #09B2FFFF  srgba(9,178,255,1)
14,2: (2313,46517,65278,65535)  #09B5FEFF  srgba(9,181,254,1)
15,2: (2313,50115,65021,65535)  #09C3FDFF  srgba(9,195,253,1)
0,3: (2313,50372,65535,65535)  #09C4FFFF  srgba(9,196,255,1)
1,3: (2313,53456,65535,65535)  #09D0FFFF  srgba(9,208,255,1)
2,3: (2313,55512,65535,65535)  #09D8FFFF  srgba(9,216,255,1)
3,3: (2313,56026,65535,65535)  #09DAFFFF  srgba(9,218,255,1)
4,3: (2313,57311,65535,65535)  #09DFFFFF  srgba(9,223,255,1)
5,3: (2313,58596,65535,65535)  #09E4FFFF  srgba(9,228,255,1)
6,3: (2313,59367,65535,65535)  #09E7FFFF  srgba(9,231,255,1)
7,3: (2313,61423,65535,65535)  #09EFFFFF  srgba(9,239,255,1)
8,3: (2313,61680,65021,65535)  #09F0FDFF  srgba(9,240,253,1)
9,3: (2570,26985,65278,65535)  #0A69FEFF  srgba(10,105,254,1)
10,3: (2570,30840,65535,65535)  #0A78FFFF  srgba(10,120,255,1)
11,3: (2570,35209,65535,65535)  #0A89FFFF  srgba(10,137,255,1)
12,3: (2570,35466,65535,65535)  #0A8AFFFF  srgba(10,138,255,1)
13,3: (2570,35980,65278,65535)  #0A8CFEFF  srgba(10,140,254,1)
14,3: (2570,36494,65535,65535)  #0A8EFFFF  srgba(10,142,255,1)
15,3: (2570,36751,65535,65535)  #0A8FFFFF  srgba(10,143,255,1)
0,4: (2570,37265,65535,65535)  #0A91FFFF  srgba(10,145,255,1)
1,4: (2570,38807,65535,65535)  #0A97FFFF  srgba(10,151,255,1)
2,4: (2570,39578,65535,65535)  #0A9AFFFF  srgba(10,154,255,1)
3,4: (2570,44718,65535,65535)  #0AAEFFFF  srgba(10,174,255,1)
4,4: (2570,48573,65535,65535)  #0ABDFFFF  srgba(10,189,255,1)
5,4: (2570,50115,65278,65535)  #0AC3FEFF  srgba(10,195,254,1)
6,4: (2570,50886,65535,65535)  #0AC6FFFF  srgba(10,198,255,1)
7,4: (2570,52685,65535,65535)  #0ACDFFFF  srgba(10,205,255,1)
8,4: (2570,53713,65535,65535)  #0AD1FFFF  srgba(10,209,255,1)
9,4: (2827,29041,65278,65535)  #0B71FEFF  srgba(11,113,254,1)
10,4: (2827,30840,65535,65535)  #0B78FFFF  srgba(11,120,255,1)
11,4: (2827,32125,65278,65535)  #0B7DFEFF  srgba(11,125,254,1)
12,4: (2827,33410,65535,65535)  #0B82FFFF  srgba(11,130,255,1)
13,4: (2827,33410,65535,65535)  #0B82FFFF  srgba(11,130,255,1)
14,4: (2827,35209,65535,65535)  #0B89FFFF  srgba(11,137,255,1)
15,4: (2827,35723,65535,65535)  #0B8BFFFF  srgba(11,139,255,1)
0,5: (2827,35980,65535,65535)  #0B8CFFFF  srgba(11,140,255,1)
1,5: (2827,37008,65535,65535)  #0B90FFFF  srgba(11,144,255,1)
2,5: (2827,37008,65535,65535)  #0B90FFFF  srgba(11,144,255,1)
3,5: (2827,37265,65535,65535)  #0B91FFFF  srgba(11,145,255,1)
4,5: (2827,38807,65535,65535)  #0B97FFFF  srgba(11,151,255,1)
5,5: (2827,39064,65535,65535)  #0B98FFFF  srgba(11,152,255,1)
6,5: (2827,39321,65535,65535)  #0B99FFFF  srgba(11,153,255,1)
7,5: (2827,40092,65278,65535)  #0B9CFEFF  srgba(11,156,254,1)
8,5: (2827,40349,65535,65535)  #0B9DFFFF  srgba(11,157,255,1)
9,5: (2827,40606,65535,65535)  #0B9EFFFF  srgba(11,158,255,1)
10,5: (2827,41120,65535,65535)  #0BA0FFFF  srgba(11,160,255,1)
11,5: (2827,41891,65535,65535)  #0BA3FFFF  srgba(11,163,255,1)
12,5: (2827,43176,65535,65535)  #0BA8FFFF  srgba(11,168,255,1)
13,5: (2827,43947,65535,65535)  #0BABFFFF  srgba(11,171,255,1)
14,5: (2827,44718,65278,65535)  #0BAEFEFF  srgba(11,174,254,1)
15,5: (2827,45232,65535,65535)  #0BB0FFFF  srgba(11,176,255,1)
0,6: (2827,45489,65535,65535)  #0BB1FFFF  srgba(11,177,255,1)
1,6: (2827,46260,65535,65535)  #0BB4FFFF  srgba(11,180,255,1)
2,6: (2827,46517,65535,65535)  #0BB5FFFF  srgba(11,181,255,1)
3,6: (2827,47031,65535,65535)  #0BB7FFFF  srgba(11,183,255,1)
4,6: (2827,48573,65535,65535)  #0BBDFFFF  srgba(11,189,255,1)
5,6: (2827,49087,65535,65535)  #0BBFFFFF  srgba(11,191,255,1)
6,6: (2827,51400,65535,65535)  #0BC8FFFF  srgba(11,200,255,1)
7,6: (3084,29298,65535,65535)  #0C72FFFF  srgba(12,114,255,1)
8,6: (3084,30583,65535,65535)  #0C77FFFF  srgba(12,119,255,1)
9,6: (3084,31097,65535,65535)  #0C79FFFF  srgba(12,121,255,1)
10,6: (3084,32639,65535,65535)  #0C7FFFFF  srgba(12,127,255,1)
11,6: (3084,32896,65535,65535)  #0C80FFFF  srgba(12,128,255,1)
12,6: (3084,32896,65535,65535)  #0C80FFFF  srgba(12,128,255,1)
13,6: (3084,35466,65535,65535)  #0C8AFFFF  srgba(12,138,255,1)
14,6: (3084,35723,65535,65535)  #0C8BFFFF  srgba(12,139,255,1)
15,6: (3084,36494,65535,65535)  #0C8EFFFF  srgba(12,142,255,1)
0,7: (3084,36751,65535,65535)  #0C8FFFFF  srgba(12,143,255,1)
1,7: (3084,37779,65535,65535)  #0C93FFFF  srgba(12,147,255,1)
2,7: (3084,38807,65535,65535)  #0C97FFFF  srgba(12,151,255,1)
3,7: (3084,39064,65535,65535)  #0C98FFFF  srgba(12,152,255,1)
4,7: (3084,39321,65535,65535)  #0C99FFFF  srgba(12,153,255,1)
5,7: (3084,41634,65535,65535)  #0CA2FFFF  srgba(12,162,255,1)
6,7: (3084,41891,65535,65535)  #0CA3FFFF  srgba(12,163,255,1)
7,7: (3084,42148,65535,65535)  #0CA4FFFF  srgba(12,164,255,1)
8,7: (3084,42919,65535,65535)  #0CA7FFFF  srgba(12,167,255,1)
9,7: (3084,54227,65535,65535)  #0CD3FFFF  srgba(12,211,255,1)
10,7: (3084,54227,65535,65535)  #0CD3FFFF  srgba(12,211,255,1)
11,7: (3084,57054,65535,65535)  #0CDEFFFF  srgba(12,222,255,1)
12,7: (3084,58339,65535,65535)  #0CE3FFFF  srgba(12,227,255,1)
13,7: (3084,58596,65278,65535)  #0CE4FEFF  srgba(12,228,254,1)
14,7: (3084,61423,65278,65535)  #0CEFFEFF  srgba(12,239,254,1)
15,7: (3341,15677,65278,65535)  #0D3DFEFF  srgba(13,61,254,1)
0,8: (3341,23387,65278,65535)  #0D5BFEFF  srgba(13,91,254,1)
1,8: (3341,28270,65535,65535)  #0D6EFFFF  srgba(13,110,255,1)
2,8: (3341,31868,65535,65535)  #0D7CFFFF  srgba(13,124,255,1)
3,8: (3341,33153,65278,65535)  #0D81FEFF  srgba(13,129,254,1)
4,8: (3341,34695,65278,65535)  #0D87FEFF  srgba(13,135,254,1)
5,8: (3341,34952,65535,65535)  #0D88FFFF  srgba(13,136,255,1)
6,8: (3341,35723,65535,65535)  #0D8BFFFF  srgba(13,139,255,1)
7,8: (3341,36751,65535,65535)  #0D8FFFFF  srgba(13,143,255,1)
8,8: (3341,37008,65535,65535)  #0D90FFFF  srgba(13,144,255,1)
9,8: (3341,38036,65535,65535)  #0D94FFFF  srgba(13,148,255,1)
10,8: (3341,38293,65535,65535)  #0D95FFFF  srgba(13,149,255,1)
11,8: (3341,38807,65535,65535)  #0D97FFFF  srgba(13,151,255,1)
12,8: (3341,40863,65535,65535)  #0D9FFFFF  srgba(13,159,255,1)
13,8: (3341,43176,65535,65535)  #0DA8FFFF  srgba(13,168,255,1)
14,8: (3341,43690,65535,65535)  #0DAAFFFF  srgba(13,170,255,1)
15,8: (3341,43947,65278,65535)  #0DABFEFF  srgba(13,171,254,1)
0,9: (3341,44975,65535,65535)  #0DAFFFFF  srgba(13,175,255,1)
1,9: (3341,45232,65535,65535)  #0DB0FFFF  srgba(13,176,255,1)
2,9: (3341,46003,65535,65535)  #0DB3FFFF  srgba(13,179,255,1)
3,9: (3341,47031,65535,65535)  #0DB7FFFF  srgba(13,183,255,1)
4,9: (3341,47802,65535,65535)  #0DBAFFFF  srgba(13,186,255,1)
5,9: (3341,49087,65535,65535)  #0DBFFFFF  srgba(13,191,255,1)
6,9: (3341,50115,65278,65535)  #0DC3FEFF  srgba(13,195,254,1)
7,9: (3341,50629,65535,65535)  #0DC5FFFF  srgba(13,197,255,1)
8,9: (3341,50886,65535,65535)  #0DC6FFFF  srgba(13,198,255,1)
9,9: (3341,54484,65278,65535)  #0DD4FEFF  srgba(13,212,254,1)
10,9: (3341,57568,65278,65535)  #0DE0FEFF  srgba(13,224,254,1)
11,9: (3341,60652,65278,65535)  #0DECFEFF  srgba(13,236,254,1)
12,9: (3598,18504,65278,65535)  #0E48FEFF  srgba(14,72,254,1)
13,9: (3598,26728,65278,65535)  #0E68FEFF  srgba(14,104,254,1)
14,9: (3598,29041,65278,65535)  #0E71FEFF  srgba(14,113,254,1)
15,9: (3598,30840,65278,65535)  #0E78FEFF  srgba(14,120,254,1)
0,10: (3598,30840,65535,65535)  #0E78FFFF  srgba(14,120,255,1)
1,10: (3598,32639,65535,65535)  #0E7FFFFF  srgba(14,127,255,1)
2,10: (3598,34181,65535,65535)  #0E85FFFF  srgba(14,133,255,1)
3,10: (3598,35466,65535,65535)  #0E8AFFFF  srgba(14,138,255,1)
4,10: (3598,36237,65535,65535)  #0E8DFFFF  srgba(14,141,255,1)
5,10: (3598,37008,65535,65535)  #0E90FFFF  srgba(14,144,255,1)
6,10: (3598,37265,65535,65535)  #0E91FFFF  srgba(14,145,255,1)
7,10: (3598,37522,65535,65535)  #0E92FFFF  srgba(14,146,255,1)
8,10: (3598,37779,65278,65535)  #0E93FEFF  srgba(14,147,254,1)
9,10: (3598,39321,65535,65535)  #0E99FFFF  srgba(14,153,255,1)
10,10: (3598,40092,65535,65535)  #0E9CFFFF  srgba(14,156,255,1)
11,10: (3598,41377,65535,65535)  #0EA1FFFF  srgba(14,161,255,1)
12,10: (3598,41891,65278,65535)  #0EA3FEFF  srgba(14,163,254,1)
13,10: (3598,47031,65278,65535)  #0EB7FEFF  srgba(14,183,254,1)
14,10: (3598,48316,65278,65535)  #0EBCFEFF  srgba(14,188,254,1)
15,10: (3598,48830,65535,65535)  #0EBEFFFF  srgba(14,190,255,1)
0,11: (3598,50886,65535,65535)  #0EC6FFFF  srgba(14,198,255,1)
1,11: (3598,53970,65535,65535)  #0ED2FFFF  srgba(14,210,255,1)
2,11: (3598,54227,65278,65535)  #0ED3FEFF  srgba(14,211,254,1)
3,11: (3855,20560,65278,65535)  #0F50FEFF  srgba(15,80,254,1)
4,11: (3855,34952,65535,65535)  #0F88FFFF  srgba(15,136,255,1)
5,11: (3855,35723,65278,65535)  #0F8BFEFF  srgba(15,139,254,1)
6,11: (3855,36494,65535,65535)  #0F8EFFFF  srgba(15,142,255,1)
7,11: (3855,36751,65535,65535)  #0F8FFFFF  srgba(15,143,255,1)
8,11: (3855,37265,65535,65535)  #0F91FFFF  srgba(15,145,255,1)
9,11: (3855,37779,65535,65535)  #0F93FFFF  srgba(15,147,255,1)
10,11: (3855,38550,65278,65535)  #0F96FEFF  srgba(15,150,254,1)
11,11: (3855,39064,65535,65535)  #0F98FFFF  srgba(15,152,255,1)
12,11: (3855,40606,65535,65535)  #0F9EFFFF  srgba(15,158,255,1)
13,11: (3855,40606,65535,65535)  #0F9EFFFF  srgba(15,158,255,1)
14,11: (3855,40606,65535,65535)  #0F9EFFFF  srgba(15,158,255,1)
15,11: (3855,41891,65278,65535)  #0FA3FEFF  srgba(15,163,254,1)
0,12: (3855,43176,65278,65535)  #0FA8FEFF  srgba(15,168,254,1)
1,12: (3855,44718,65278,65535)  #0FAEFEFF  srgba(15,174,254,1)
2,12: (3855,46517,65278,65535)  #0FB5FEFF  srgba(15,181,254,1)
3,12: (3855,50886,65278,65535)  #0FC6FEFF  srgba(15,198,254,1)
4,12: (3855,58082,65278,65535)  #0FE2FEFF  srgba(15,226,254,1)
5,12: (3855,61423,65278,65535)  #0FEFFEFF  srgba(15,239,254,1)
6,12: (4112,30840,65278,65535)  #1078FEFF  srgba(16,120,254,1)
7,12: (4112,33153,65278,65535)  #1081FEFF  srgba(16,129,254,1)
8,12: (4112,33410,65535,65535)  #1082FFFF  srgba(16,130,255,1)
9,12: (4112,35209,65278,65535)  #1089FEFF  srgba(16,137,254,1)
10,12: (4112,36494,65535,65535)  #108EFFFF  srgba(16,142,255,1)
11,12: (4112,37522,65278,65535)  #1092FEFF  srgba(16,146,254,1)
12,12: (4112,40863,65535,65535)  #109FFFFF  srgba(16,159,255,1)
13,12: (4112,48059,65278,65535)  #10BBFEFF  srgba(16,187,254,1)
14,12: (4112,50372,65278,65535)  #10C4FEFF  srgba(16,196,254,1)
15,12: (4112,54227,65278,65535)  #10D3FEFF  srgba(16,211,254,1)
0,13: (4369,26471,65278,65535)  #1167FEFF  srgba(17,103,254,1)
1,13: (4369,28784,65278,65535)  #1170FEFF  srgba(17,112,254,1)
2,13: (4369,37265,65278,65535)  #1191FEFF  srgba(17,145,254,1)
3,13: (4369,37265,65535,65535)  #1191FFFF  srgba(17,145,255,1)
4,13: (4369,38550,65535,65535)  #1196FFFF  srgba(17,150,255,1)
5,13: (4369,39578,65535,65535)  #119AFFFF  srgba(17,154,255,1)
6,13: (4369,40863,65278,65535)  #119FFEFF  srgba(17,159,254,1)
7,13: (4369,41120,65535,65535)  #11A0FFFF  srgba(17,160,255,1)
8,13: (4369,41891,65535,65535)  #11A3FFFF  srgba(17,163,255,1)
9,13: (4369,43690,65278,65535)  #11AAFEFF  srgba(17,170,254,1)
10,13: (4369,46003,65278,65535)  #11B3FEFF  srgba(17,179,254,1)
11,13: (4626,31097,65278,65535)  #1279FEFF  srgba(18,121,254,1)
12,13: (4626,33153,65278,65535)  #1281FEFF  srgba(18,129,254,1)
13,13: (4626,35209,65278,65535)  #1289FEFF  srgba(18,137,254,1)
14,13: (4626,37522,65278,65535)  #1292FEFF  srgba(18,146,254,1)
15,13: (4626,39835,65535,65535)  #129BFFFF  srgba(18,155,255,1)
0,14: (4626,43433,65278,65535)  #12A9FEFF  srgba(18,169,254,1)
1,14: (4626,49344,65278,65535)  #12C0FEFF  srgba(18,192,254,1)
2,14: (4626,50372,65535,65535)  #12C4FFFF  srgba(18,196,255,1)
3,14: (4626,54227,65278,65535)  #12D3FEFF  srgba(18,211,254,1)
4,14: (4626,60909,65278,65535)  #12EDFEFF  srgba(18,237,254,1)
5,14: (4883,39835,65535,65535)  #139BFFFF  srgba(19,155,255,1)
6,14: (4883,40863,65278,65535)  #139FFEFF  srgba(19,159,254,1)
7,14: (4883,45489,65278,65535)  #13B1FEFF  srgba(19,177,254,1)
8,14: (4883,57568,65278,65535)  #13E0FEFF  srgba(19,224,254,1)
9,14: (5140,33153,65278,65535)  #1481FEFF  srgba(20,129,254,1)
10,14: (5140,35209,65278,65535)  #1489FEFF  srgba(20,137,254,1)
11,14: (5140,37522,65278,65535)  #1492FEFF  srgba(20,146,254,1)
12,14: (5140,39321,65278,65535)  #1499FEFF  srgba(20,153,254,1)
13,14: (5140,41120,65278,65535)  #14A0FEFF  srgba(20,160,254,1)
14,14: (5140,43176,65278,65535)  #14A8FEFF  srgba(20,168,254,1)
15,14: (5140,46003,65278,65535)  #14B3FEFF  srgba(20,179,254,1)
0,15: (5140,49858,65278,65535)  #14C2FEFF  srgba(20,194,254,1)
1,15: (5397,23387,65278,65535)  #155BFEFF  srgba(21,91,254,1)
2,15: (5654,28784,65278,65535)  #1670FEFF  srgba(22,112,254,1)
3,15: (5654,39835,65278,65535)  #169BFEFF  srgba(22,155,254,1)
4,15: (5911,30840,65278,65535)  #1778FEFF  srgba(23,120,254,1)
5,15: (5911,44975,65278,65535)  #17AFFEFF  srgba(23,175,254,1)
6,15: (5911,54227,65278,65535)  #17D3FEFF  srgba(23,211,254,1)
7,15: (6168,26728,65278,65535)  #1868FEFF  srgba(24,104,254,1)
8,15: (6168,37008,65278,65535)  #1890FEFF  srgba(24,144,254,1)
9,15: (6168,40092,65278,65535)  #189CFEFF  srgba(24,156,254,1)
10,15: (6425,35209,65278,65535)  #1989FEFF  srgba(25,137,254,1)
11,15: (6682,33153,65278,65535)  #1A81FEFF  srgba(26,129,254,1)
12,15: (6682,49601,65278,65535)  #1AC1FEFF  srgba(26,193,254,1)
13,15: (7196,44718,65278,65535)  #1CAEFEFF  srgba(28,174,254,1)
14,15: (7453,40092,65278,65535)  #1D9CFEFF  srgba(29,156,254,1)
15,15: (0,65535,0,0)  #00FF0000  srgba(0,255,0,0)
