# ImageMagick pixel enumeration: 16,16,65535,srgba
0,0: (29812,1285,38807,65535)  #740597FF  srgba(116,5,151,1)
1,0: (30326,14649,36751,65535)  #76398FFF  srgba(118,57,143,1)
2,0: (30583,6682,37522,65535)  #771A92FF  srgba(119,26,146,1)
3,0: (30840,6682,40863,65535)  #781A9FFF  srgba(120,26,159,1)
4,0: (30840,15163,39321,65535)  #783B99FF  srgba(120,59,153,1)
5,0: (32125,15420,41377,65535)  #7D3CA1FF  srgba(125,60,161,1)
6,0: (32125,27499,39578,65535)  #7D6B9AFF  srgba(125,107,154,1)
7,0: (32382,514,41377,65535)  #7E02A1FF  srgba(126,2,161,1)
8,0: (32639,0,39578,65535)  #7F009AFF  srgba(127,0,154,1)
9,0: (32639,3598,43433,65535)  #7F0EA9FF  srgba(127,14,169,1)
10,0: (32639,16962,43690,65535)  #7F42AAFF  srgba(127,66,170,1)
11,0: (32896,1285,38807,65535)  #800597FF  srgba(128,5,151,1)
12,0: (32896,32125,40863,65535)  #807D9FFF  srgba(128,125,159,1)
13,0: (32896,32125,43176,65535)  #807DA8FF  srgba(128,125,168,1)
14,0: (33153,28013,41891,65535)  #816DA3FF  srgba(129,109,163,1)
15,0: (33153,31611,41377,65535)  #817BA1FF  srgba(129,123,161,1)
0,1: (33410,28270,42662,65535)  #826EA6FF  srgba(130,110,166,1)
1,1: (33410,31868,41634,65535)  #827CA2FF  srgba(130,124,162,1)
2,1: (33410,32125,42405,65535)  #827DA5FF  srgba(130,125,165,1)
3,1: (33667,29555,41120,65535)  #8373A0FF  srgba(131,115,160,1)
4,1: (33667,31354,41634,65535)  #837AA2FF  srgba(131,122,162,1)
5,1: (33667,31868,41891,65535)  #837CA3FF  srgba(131,124,163,1)
6,1: (33924,0,41120,65535)  #8400A0FF  srgba(132,0,160,1)
7,1: (33924,26728,45232,65535)  #8468B0FF  srgba(132,104,176,1)
8,1: (33924,27499,44204,65535)  #846BACFF  srgba(132,107,172,1)
9,1: (33924,31354,42148,65535)  #847AA4FF  srgba(132,122,164,1)
10,1: (34181,6682,38293,65535)  #851A95FF  srgba(133,26,149,1)
11,1: (34181,10794,43947,65535)  #852AABFF  srgba(133,42,171,1)
12,1: (34181,14906,38807,65535)  #853A97FF  srgba(133,58,151,1)
13,1: (34181,16962,43947,65535)  #8542ABFF  srgba(133,66,171,1)
14,1: (34181,26985,43433,65535)  #8569A9FF  srgba(133,105,169,1)
15,1: (34181,31097,42919,65535)  #8579A7FF  srgba(133,121,167,1)
0,2: (34181,31868,41120,65535)  #857CA0FF  srgba(133,124,160,1)
1,2: (34181,31868,41891,65535)  #857CA3FF  srgba(133,124,163,1)
2,2: (34438,0,42148,65535)  #8600A4FF  srgba(134,0,164,1)
3,2: (34438,6425,40863,65535)  #86199FFF  srgba(134,25,159,1)
4,2: (34438,29555,39835,65535)  #86739BFF  srgba(134,115,155,1)
5,2: (34438,30583,42405,65535)  #8677A5FF  srgba(134,119,165,1)
6,2: (34438,30583,43176,65535)  #8677A8FF  srgba(134,119,168,1)
7,2: (34438,30840,41634,65535)  #8678A2FF  srgba(134,120,162,1)
8,2: (34438,31868,40092,65535)  #867C9CFF  srgba(134,124,156,1)
9,2: (34438,31868,42405,65535)  #867CA5FF  srgba(134,124,165,1)
10,2: (34438,32125,41377,65535)  #867DA1FF  srgba(134,125,161,1)
11,2: (34695,0,43947,65535)  #8700ABFF  srgba(135,0,171,1)
12,2: (34695,28527,42662,65535)  #876FA6FF  srgba(135,111,166,1)
13,2: (34695,30326,41634,65535)  #8776A2FF  srgba(135,118,162,1)
14,2: (34695,31097,40863,65535)  #87799FFF  srgba(135,121,159,1)
15,2: (34695,32382,43176,65535)  #877EA8FF  srgba(135,126,168,1)
0,3: (34952,3598,44204,65535)  #880EACFF  srgba(136,14,172,1)
1,3: (34952,14649,41634,65535)  #8839A2FF  srgba(136,57,162,1)
2,3: (34952,28527,41891,65535)  #886FA3FF  srgba(136,111,163,1)
3,3: (35209,0,42919,65535)  #8900A7FF  srgba(137,0,167,1)
4,3: (35209,514,41120,65535)  #8902A0FF  srgba(137,2,160,1)
5,3: (35209,15420,43433,65535)  #893CA9FF  srgba(137,60,169,1)
6,3: (35209,17733,45746,65535)  #8945B2FF  srgba(137,69,178,1)
7,3: (35209,29041,44718,65535)  #8971AEFF  srgba(137,113,174,1)
8,3: (35209,30326,40349,65535)  #89769DFF  srgba(137,118,157,1)
9,3: (35466,0,43690,65535)  #8A00AAFF  srgba(138,0,170,1)
10,3: (35466,0,44461,65535)  #8A00ADFF  srgba(138,0,173,1)
11,3: (35466,24672,45232,65535)  #8A60B0FF  srgba(138,96,176,1)
12,3: (35723,0,44461,65535)  #8B00ADFF  srgba(139,0,173,1)
13,3: (35980,0,42662,65535)  #8C00A6FF  srgba(140,0,166,1)
14,3: (35980,0,43433,65535)  #8C00A9FF  srgba(140,0,169,1)
15,3: (35980,0,43947,65535)  #8C00ABFF  srgba(140,0,171,1)
0,4: (35980,0,44461,65535)  #8C00ADFF  srgba(140,0,173,1)
1,4: (35980,0,45232,65535)  #8C00B0FF  srgba(140,0,176,1)
2,4: (36237,0,43433,65535)  #8D00A9FF  srgba(141,0,169,1)
3,4: (36237,0,44204,65535)  #8D00ACFF  srgba(141,0,172,1)
4,4: (36237,0,44461,65535)  #8D00ADFF  srgba(141,0,173,1)
5,4: (36237,514,41377,65535)  #8D02A1FF  srgba(141,2,161,1)
6,4: (36237,771,44718,65535)  #8D03AEFF  srgba(141,3,174,1)
7,4: (36237,7710,40863,65535)  #8D1E9FFF  srgba(141,30,159,1)
8,4: (36237,19018,40349,65535)  #8D4A9DFF  srgba(141,74,157,1)
9,4: (36237,20303,42919,65535)  #8D4FA7FF  srgba(141,79,167,1)
10,4: (36494,0,42919,65535)  #8E00A7FF  srgba(142,0,167,1)
11,4: (36494,0,44718,65535)  #8E00AEFF  srgba(142,0,174,1)
12,4: (36494,15420,46260,65535)  #8E3CB4FF  srgba(142,60,180,1)
13,4: (36494,23644,46003,65535)  #8E5CB3FF  srgba(142,92,179,1)
14,4: (36751,0,43176,65535)  #8F00A8FF  srgba(143,0,168,1)
15,4: (36751,0,43433,65535)  #8F00A9FF  srgba(143,0,169,1)
0,5: (36751,0,45232,65535)  #8F00B0FF  srgba(143,0,176,1)
1,5: (36751,3598,42662,65535)  #8F0EA6FF  srgba(143,14,166,1)
2,5: (36751,4626,40092,65535)  #8F129CFF  srgba(143,18,156,1)
3,5: (36751,13621,41891,65535)  #8F35A3FF  srgba(143,53,163,1)
4,5: (36751,23130,42148,65535)  #8F5AA4FF  srgba(143,90,164,1)
5,5: (36751,30069,43690,65535)  #8F75AAFF  srgba(143,117,170,1)
6,5: (36751,30583,42919,65535)  #8F77A7FF  srgba(143,119,167,1)
7,5: (37008,0,44975,65535)  #9000AFFF  srgba(144,0,175,1)
8,5: (37008,30326,41634,65535)  #9076A2FF  srgba(144,118,162,1)
9,5: (37265,0,44718,65535)  #9100AEFF  srgba(145,0,174,1)
10,5: (37265,5397,45746,65535)  #9115B2FF  srgba(145,21,178,1)
11,5: (37265,14649,46517,65535)  #9139B5FF  srgba(145,57,181,1)
12,5: (37265,22873,46517,65535)  #9159B5FF  srgba(145,89,181,1)
13,5: (37265,30069,40349,65535)  #91759DFF  srgba(145,117,157,1)
14,5: (37265,31611,40349,65535)  #917B9DFF  srgba(145,123,157,1)
15,5: (37265,32382,41891,65535)  #917EA3FF  srgba(145,126,163,1)
0,6: (37522,0,44975,65535)  #9200AFFF  srgba(146,0,175,1)
1,6: (37522,30840,38807,65535)  #927897FF  srgba(146,120,151,1)
2,6: (37779,32896,42662,65535)  #9380A6FF  srgba(147,128,166,1)
3,6: (38036,0,44975,65535)  #9400AFFF  srgba(148,0,175,1)
4,6: (38036,29555,44718,65535)  #9473AEFF  srgba(148,115,174,1)
5,6: (38293,514,43433,65535)  #9502A9FF  srgba(149,2,169,1)
6,6: (38550,4112,46003,65535)  #9610B3FF  srgba(150,16,179,1)
7,6: (38550,17476,48059,65535)  #9644BBFF  srgba(150,68,187,1)
8,6: (38550,23387,47802,65535)  #965BBAFF  srgba(150,91,186,1)
9,6: (38550,28784,46260,65535)  #9670B4FF  srgba(150,112,180,1)
10,6: (38550,29555,39321,65535)  #967399FF  srgba(150,115,153,1)
11,6: (38807,0,43433,65535)  #9700A9FF  srgba(151,0,169,1)
12,6: (38807,1799,41891,65535)  #9707A3FF  srgba(151,7,163,1)
13,6: (38807,11051,46517,65535)  #972BB5FF  srgba(151,43,181,1)
14,6: (39064,18761,45232,65535)  #9849B0FF  srgba(152,73,176,1)
15,6: (39064,24929,45232,65535)  #9861B0FF  srgba(152,97,176,1)
0,7: (39321,0,42405,65535)  #9900A5FF  srgba(153,0,165,1)
1,7: (39321,0,44975,65535)  #9900AFFF  srgba(153,0,175,1)
2,7: (39321,2570,40606,65535)  #990A9EFF  srgba(153,10,158,1)
3,7: (39321,13621,43176,65535)  #9935A8FF  srgba(153,53,168,1)
4,7: (39321,21845,41634,65535)  #9955A2FF  srgba(153,85,162,1)
5,7: (39321,23387,43176,65535)  #995BA8FF  srgba(153,91,168,1)
6,7: (39321,30583,41634,65535)  #9977A2FF  srgba(153,119,162,1)
7,7: (39578,11565,40092,65535)  #9A2D9CFF  srgba(154,45,156,1)
8,7: (39835,0,40606,65535)  #9B009EFF  srgba(155,0,158,1)
9,7: (39835,3341,38036,65535)  #9B0D94FF  srgba(155,13,148,1)
10,7: (39835,22102,39321,65535)  #9B5699FF  srgba(155,86,153,1)
11,7: (40092,30326,43690,65535)  #9C76AAFF  srgba(156,118,170,1)
12,7: (40092,33153,43433,65535)  #9C81A9FF  srgba(156,129,169,1)
13,7: (40349,29812,40349,65535)  #9D749DFF  srgba(157,116,157,1)
14,7: (40349,30840,42919,65535)  #9D78A7FF  srgba(157,120,167,1)
15,7: (40606,29298,38293,65535)  #9E7295FF  srgba(158,114,149,1)
0,8: (40606,33410,44461,65535)  #9E82ADFF  srgba(158,130,173,1)
1,8: (41120,29298,37265,65535)  #A07291FF  srgba(160,114,145,1)
2,8: (41120,32896,41891,65535)  #A080A3FF  srgba(160,128,163,1)
3,8: (41634,30326,41634,65535)  #A276A2FF  srgba(162,118,162,1)
4,8: (41634,31097,40349,65535)  #A2799DFF  srgba(162,121,157,1)
5,8: (41891,30840,38036,65535)  #A37894FF  srgba(163,120,148,1)
6,8: (41891,31097,39321,65535)  #A37999FF  srgba(163,121,153,1)
7,8: (41891,32639,40606,65535)  #A37F9EFF  srgba(163,127,158,1)
8,8: (41891,33153,42662,65535)  #A381A6FF  srgba(163,129,166,1)
9,8: (42148,29298,39064,65535)  #A47298FF  srgba(164,114,152,1)
10,8: (43176,17733,48316,65535)  #A845BCFF  srgba(168,69,188,1)
11,8: (43176,29812,40349,65535)  #A8749DFF  srgba(168,116,157,1)
12,8: (43433,23901,48059,65535)  #A95DBBFF  srgba(169,93,187,1)
13,8: (43690,4369,46260,65535)  #AA11B4FF  srgba(170,17,180,1)
14,8: (43947,24672,45232,65535)  #AB60B0FF  srgba(171,96,176,1)
15,8: (44461,11308,46517,65535)  #AD2CB5FF  srgba(173,44,181,1)
0,9: (44461,18247,45232,65535)  #AD47B0FF  srgba(173,71,176,1)
1,9: (44718,0,44718,65535)  #AE00AEFF  srgba(174,0,174,1)
2,9: (44718,0,46517,65535)  #AE00B5FF  srgba(174,0,181,1)
3,9: (44975,30840,41634,65535)  #AF78A2FF  srgba(175,120,162,1)
4,9: (45232,31611,43433,65535)  #B07BA9FF  srgba(176,123,169,1)
5,9: (45232,31611,44204,65535)  #B07BACFF  srgba(176,123,172,1)
6,9: (45232,33924,44204,65535)  #B084ACFF  srgba(176,132,172,1)
7,9: (45489,0,43433,65535)  #B100A9FF  srgba(177,0,169,1)
8,9: (45489,31354,42662,65535)  #B17AA6FF  srgba(177,122,166,1)
9,9: (45489,32896,41891,65535)  #B180A3FF  srgba(177,128,163,1)
10,9: (45489,33410,42919,65535)  #B182A7FF  srgba(177,130,167,1)
11,9: (46260,21845,42919,65535)  #B455A7FF  srgba(180,85,167,1)
12,9: (46517,22102,39321,65535)  #B55699FF  srgba(181,86,153,1)
13,9: (47031,29298,37265,65535)  #B77291FF  srgba(183,114,145,1)
14,9: (47031,29555,38550,65535)  #B77396FF  srgba(183,115,150,1)
15,9: (47031,29812,40092,65535)  #B7749CFF  srgba(183,116,156,1)
0,10: (47288,31611,38807,65535)  #B87B97FF  srgba(184,123,151,1)
1,10: (47545,30840,41634,65535)  #B978A2FF  srgba(185,120,162,1)
2,10: (47545,31611,39835,65535)  #B97B9BFF  srgba(185,123,155,1)
3,10: (47545,31611,40606,65535)  #B97B9EFF  srgba(185,123,158,1)
4,10: (47802,0,39835,65535)  #BA009BFF  srgba(186,0,155,1)
5,10: (48059,0,42148,65535)  #BB00A4FF  srgba(187,0,164,1)
6,10: (48059,3341,39064,65535)  #BB0D98FF  srgba(187,13,152,1)
7,10: (48059,10794,42662,65535)  #BB2AA6FF  srgba(187,42,166,1)
8,10: (48059,11308,39064,65535)  #BB2C98FF  srgba(187,44,152,1)
9,10: (48573,30326,46260,65535)  #BD76B4FF  srgba(189,118,180,1)
10,10: (48573,31354,44718,65535)  #BD7AAEFF  srgba(189,122,174,1)
11,10: (49087,0,46517,65535)  #BF00B5FF  srgba(191,0,181,1)
12,10: (49087,31097,41377,65535)  #BF79A1FF  srgba(191,121,161,1)
13,10: (49344,0,44718,65535)  #C000AEFF  srgba(192,0,174,1)
14,10: (49344,1285,42919,65535)  #C005A7FF  srgba(192,5,167,1)
15,10: (50372,29812,39835,65535)  #C4749BFF  srgba(196,116,155,1)
0,11: (50372,31354,42662,65535)  #C47AA6FF  srgba(196,122,166,1)
1,11: (50372,31611,43433,65535)  #C47BA9FF  srgba(196,123,169,1)
2,11: (50372,32382,41634,65535)  #C47EA2FF  srgba(196,126,162,1)
3,11: (50886,31611,44204,65535)  #C67BACFF  srgba(198,123,172,1)
4,11: (50886,31868,40606,65535)  #C67C9EFF  srgba(198,124,158,1)
5,11: (50886,33410,41634,65535)  #C682A2FF  srgba(198,130,162,1)
6,11: (50886,33667,42919,65535)  #C683A7FF  srgba(198,131,167,1)
7,11: (50886,33924,44204,65535)  #C684ACFF  srgba(198,132,172,1)
8,11: (51143,0,43433,65535)  #C700A9FF  srgba(199,0,169,1)
9,11: (51400,31868,39835,65535)  #C87C9BFF  srgba(200,124,155,1)
10,11: (51657,30840,41634,65535)  #C978A2FF  srgba(201,120,162,1)
11,11: (51657,31611,38550,65535)  #C97B96FF  srgba(201,123,150,1)
12,11: (51914,29298,37008,65535)  #CA7290FF  srgba(202,114,144,1)
13,11: (51914,29555,38550,65535)  #CA7396FF  srgba(202,115,150,1)
14,11: (52942,29812,39835,65535)  #CE749BFF  srgba(206,116,155,1)
15,11: (53199,0,45746,65535)  #CF00B2FF  srgba(207,0,178,1)
0,12: (53199,22102,42919,65535)  #CF56A7FF  srgba(207,86,167,1)
1,12: (53199,22359,39578,65535)  #CF579AFF  srgba(207,87,154,1)
2,12: (54484,0,44975,65535)  #D400AFFF  srgba(212,0,175,1)
3,12: (54741,0,47288,65535)  #D500B8FF  srgba(213,0,184,1)
4,12: (55512,10537,46003,65535)  #D829B3FF  srgba(216,41,179,1)
5,12: (55512,17990,46517,65535)  #D846B5FF  srgba(216,70,181,1)
6,12: (55512,24415,46517,65535)  #D85FB5FF  srgba(216,95,181,1)
7,12: (55769,30583,40863,65535)  #D9779FFF  srgba(217,119,159,1)
8,12: (55769,32896,41120,65535)  #D980A0FF  srgba(217,128,160,1)
9,12: (55769,33667,43690,65535)  #D983AAFF  srgba(217,131,170,1)
10,12: (56026,29812,39835,65535)  #DA749BFF  srgba(218,116,155,1)
11,12: (56283,30583,45489,65535)  #DB77B1FF  srgba(219,119,177,1)
12,12: (56283,32382,42148,65535)  #DB7EA4FF  srgba(219,126,164,1)
13,12: (56540,29555,37265,65535)  #DC7391FF  srgba(220,115,145,1)
14,12: (56540,29555,38807,65535)  #DC7397FF  srgba(220,115,151,1)
15,12: (56540,31354,42919,65535)  #DC7AA7FF  srgba(220,122,167,1)
0,13: (56540,32125,40092,65535)  #DC7D9CFF  srgba(220,125,156,1)
1,13: (56797,771,46003,65535)  #DD03B3FF  srgba(221,3,179,1)
2,13: (57054,31354,38036,65535)  #DE7A94FF  srgba(222,122,148,1)
3,13: (57311,31611,39321,65535)  #DF7B99FF  srgba(223,123,153,1)
4,13: (59110,31097,43947,65535)  #E679ABFF  srgba(230,121,171,1)
5,13: (59110,33410,43690,65535)  #E682AAFF  srgba(230,130,170,1)
6,13: (59624,0,46260,65535)  #E800B4FF  srgba(232,0,180,1)
7,13: (59624,30840,40863,65535)  #E8789FFF  srgba(232,120,159,1)
8,13: (59624,32896,41120,65535)  #E880A0FF  srgba(232,128,160,1)
9,13: (60652,0,43433,65535)  #EC00A9FF  srgba(236,0,169,1)
10,13: (60652,30840,42148,65535)  #EC78A4FF  srgba(236,120,164,1)
11,13: (60652,32125,40092,65535)  #EC7D9CFF  srgba(236,125,156,1)
12,13: (60652,32896,42148,65535)  #EC80A4FF  srgba(236,128,164,1)
13,13: (61166,0,40349,65535)  #EE009DFF  srgba(238,0,157,1)
14,13: (61680,4112,42662,65535)  #F010A6FF  srgba(240,16,166,1)
15,13: (61680,11051,39321,65535)  #F02B99FF  srgba(240,43,153,1)
0,14: (61937,0,41891,65535)  #F100A3FF  srgba(241,0,163,1)
1,14: (61937,3084,39321,65535)  #F10C99FF  srgba(241,12,153,1)
2,14: (61937,30069,39835,65535)  #F1759BFF  srgba(241,117,155,1)
3,14: (62194,0,46260,65535)  #F200B4FF  srgba(242,0,180,1)
4,14: (62194,30069,45746,65535)  #F275B2FF  srgba(242,117,178,1)
5,14: (62451,0,42662,65535)  #F300A6FF  srgba(243,0,166,1)
6,14: (62451,30840,42919,65535)  #F378A7FF  srgba(243,120,167,1)
7,14: (62708,30583,38807,65535)  #F47797FF  srgba(244,119,151,1)
8,14: (62708,31868,38807,65535)  #F47C97FF  srgba(244,124,151,1)
9,14: (62965,12593,42662,65535)  #F531A6FF  srgba(245,49,166,1)
10,14: (62965,21845,39064,65535)  #F55598FF  srgba(245,85,152,1)
11,14: (63222,20046,43176,65535)  #F64EA8FF  srgba(246,78,168,1)
12,14: (63222,22873,41377,65535)  #F659A1FF  srgba(246,89,161,1)
13,14: (63479,31611,39835,65535)  #F77B9BFF  srgba(247,123,155,1)
14,14: (63736,25443,42919,65535)  #F863A7FF  srgba(248,99,167,1)
15,14: (63736,31868,40863,65535)  #F87C9FFF  srgba(248,124,159,1)
0,15: (63993,31097,39064,65535)  #F97998FF  srgba(249,121,152,1)
1,15: (64250,21074,46003,65535)  #FA52B3FF  srgba(250,82,179,1)
2,15: (64250,30583,40863,65535)  #FA779FFF  srgba(250,119,159,1)
3,15: (64250,31097,39835,65535)  #FA799BFF  srgba(250,121,155,1)
4,15: (64250,31097,40349,65535)  #FA799DFF  srgba(250,121,157,1)
5,15: (64507,10280,46003,65535)  #FB28B3FF  srgba(251,40,179,1)
6,15: (64507,29812,42148,65535)  #FB74A4FF  srgba(251,116,164,1)
7,15: (64507,31097,39321,65535)  #FB7999FF  srgba(251,121,153,1)
8,15: (64507,31611,38807,65535)  #FB7B97FF  srgba(251,123,151,1)
9,15: (64764,31097,39835,65535)  #FC799BFF  srgba(252,121,155,1)
10,15: (65278,0,45489,65535)  #FE00B1FF  srgba(254,0,177,1)
11,15: (65278,0,46003,65535)  #FE00B3FF  srgba(254,0,179,1)
12,15: (65278,514,46260,65535)  #FE02B4FF  srgba(254,2,180,1)
13,15: (65535,0,43690,65535)  #FF00AAFF  srgba(255,0,170,1)
14,15: (65535,0,44975,65535)  #FF00AFFF  srgba(255,0,175,1)
15,15: (0,65535,0,0)  #00FF0000  srgba(0,255,0,0)
