# ImageMagick pixel enumeration: 16,16,65535,srgba
0,0: (0,51400,0,65535)  #00C800FF  srgba(0,200,0,1)
1,0: (0,52942,0,65535)  #00CE00FF  srgba(0,206,0,1)
2,0: (0,53199,0,65535)  #00CF00FF  srgba(0,207,0,1)
3,0: (0,54227,0,65535)  #00D300FF  srgba(0,211,0,1)
4,0: (0,54484,0,65535)  #00D400FF  srgba(0,212,0,1)
5,0: (514,52171,0,65535)  #02CB00FF  srgba(2,203,0,1)
6,0: (3598,52685,1542,65535)  #0ECD06FF  srgba(14,205,6,1)
7,0: (3855,51143,514,65535)  #0FC702FF  srgba(15,199,2,1)
8,0: (4626,50372,1285,65535)  #12C405FF  srgba(18,196,5,1)
9,0: (5911,49344,1542,65535)  #17C006FF  srgba(23,192,6,1)
10,0: (7453,52942,2827,65535)  #1DCE0BFF  srgba(29,206,11,1)
11,0: (7967,54998,4112,65535)  #1FD610FF  srgba(31,214,16,1)
12,0: (11308,46774,4626,65535)  #2CB612FF  srgba(44,182,18,1)
13,0: (12336,52171,5140,65535)  #30CB14FF  srgba(48,203,20,1)
14,0: (16705,51143,7196,65535)  #41C71CFF  srgba(65,199,28,1)
15,0: (17219,56026,9766,65535)  #43DA26FF  srgba(67,218,38,1)
0,1: (19532,52942,10537,65535)  #4CCE29FF  srgba(76,206,41,1)
1,1: (23387,55512,13107,65535)  #5BD833FF  srgba(91,216,51,1)
2,1: (25443,26728,14392,65535)  #636838FF  srgba(99,104,56,1)
3,1: (25443,52942,13621,65535)  #63CE35FF  srgba(99,206,53,1)
4,1: (25957,53970,14392,65535)  #65D238FF  srgba(101,210,56,1)
5,1: (26471,53199,14906,65535)  #67CF3AFF  srgba(103,207,58,1)
6,1: (26728,52171,14392,65535)  #68CB38FF  srgba(104,203,56,1)
7,1: (26728,53199,12593,65535)  #68CF31FF  srgba(104,207,49,1)
8,1: (26728,53199,13364,65535)  #68CF34FF  srgba(104,207,52,1)
9,1: (26728,53199,14649,65535)  #68CF39FF  srgba(104,207,57,1)
10,1: (26728,53199,15677,65535)  #68CF3DFF  srgba(104,207,61,1)
11,1: (26728,53970,14392,65535)  #68D238FF  srgba(104,210,56,1)
12,1: (26985,52685,14906,65535)  #69CD3AFF  srgba(105,205,58,1)
13,1: (26985,52942,14649,65535)  #69CE39FF  srgba(105,206,57,1)
14,1: (26985,52942,15163,65535)  #69CE3BFF  srgba(105,206,59,1)
15,1: (26985,52942,15677,65535)  #69CE3DFF  srgba(105,206,61,1)
0,2: (26985,52942,15677,65535)  #69CE3DFF  srgba(105,206,61,1)
1,2: (26985,53199,14135,65535)  #69CF37FF  srgba(105,207,55,1)
2,2: (26985,53456,13878,65535)  #69D036FF  srgba(105,208,54,1)
3,2: (26985,53456,15163,65535)  #69D03BFF  srgba(105,208,59,1)
4,2: (27242,53199,14906,65535)  #6ACF3AFF  srgba(106,207,58,1)
5,2: (27499,52685,14649,65535)  #6BCD39FF  srgba(107,205,57,1)
6,2: (27499,52942,13621,65535)  #6BCE35FF  srgba(107,206,53,1)
7,2: (27499,52942,14135,65535)  #6BCE37FF  srgba(107,206,55,1)
8,2: (27499,52942,15163,65535)  #6BCE3BFF  srgba(107,206,59,1)
9,2: (27499,53199,14392,65535)  #6BCF38FF  srgba(107,207,56,1)
10,2: (27499,53456,15163,65535)  #6BD03BFF  srgba(107,208,59,1)
11,2: (27499,53713,15934,65535)  #6BD13EFF  srgba(107,209,62,1)
12,2: (27499,54227,14649,65535)  #6BD339FF  srgba(107,211,57,1)
13,2: (27756,52685,14906,65535)  #6CCD3AFF  srgba(108,205,58,1)
14,2: (27756,52942,14649,65535)  #6CCE39FF  srgba(108,206,57,1)
15,2: (27756,53713,14135,65535)  #6CD137FF  srgba(108,209,55,1)
0,3: (27756,53970,14906,65535)  #6CD23AFF  srgba(108,210,58,1)
1,3: (27756,53970,15677,65535)  #6CD23DFF  srgba(108,210,61,1)
2,3: (27756,54227,13621,65535)  #6CD335FF  srgba(108,211,53,1)
3,3: (27756,54227,15163,65535)  #6CD33BFF  srgba(108,211,59,1)
4,3: (27756,54741,14649,65535)  #6CD539FF  srgba(108,213,57,1)
5,3: (28013,52171,14906,65535)  #6DCB3AFF  srgba(109,203,58,1)
6,3: (28013,53456,16962,65535)  #6DD042FF  srgba(109,208,66,1)
7,3: (28013,53713,15163,65535)  #6DD13BFF  srgba(109,209,59,1)
8,3: (28013,54227,13878,65535)  #6DD336FF  srgba(109,211,54,1)
9,3: (28013,54227,14649,65535)  #6DD339FF  srgba(109,211,57,1)
10,3: (28013,54227,15163,65535)  #6DD33BFF  srgba(109,211,59,1)
11,3: (28013,54227,15677,65535)  #6DD33DFF  srgba(109,211,61,1)
12,3: (28270,52942,12850,65535)  #6ECE32FF  srgba(110,206,50,1)
13,3: (28270,53713,15420,65535)  #6ED13CFF  srgba(110,209,60,1)
14,3: (28270,53970,14392,65535)  #6ED238FF  srgba(110,210,56,1)
15,3: (29041,53713,14135,65535)  #71D137FF  srgba(113,209,55,1)
0,4: (29298,52171,14392,65535)  #72CB38FF  srgba(114,203,56,1)
1,4: (29298,53713,15420,65535)  #72D13CFF  srgba(114,209,60,1)
2,4: (29555,53970,16705,65535)  #73D241FF  srgba(115,210,65,1)
3,4: (30840,52171,16448,65535)  #78CB40FF  srgba(120,203,64,1)
4,4: (31868,51657,14906,65535)  #7CC93AFF  srgba(124,201,58,1)
5,4: (32382,30326,19018,65535)  #7E764AFF  srgba(126,118,74,1)
6,4: (33667,51400,17476,65535)  #83C844FF  srgba(131,200,68,1)
7,4: (34181,51143,16448,65535)  #85C740FF  srgba(133,199,64,1)
8,4: (34181,53970,17990,65535)  #85D246FF  srgba(133,210,70,1)
9,4: (35209,51657,18761,65535)  #89C949FF  srgba(137,201,73,1)
10,4: (37522,54741,21074,65535)  #92D552FF  srgba(146,213,82,1)
11,4: (39321,50629,18761,65535)  #99C549FF  srgba(153,197,73,1)
12,4: (40863,51400,21074,65535)  #9FC852FF  srgba(159,200,82,1)
13,4: (41377,14906,22102,65535)  #A13A56FF  srgba(161,58,86,1)
14,4: (43690,54484,23130,65535)  #AAD45AFF  srgba(170,212,90,1)
15,4: (45232,51400,22873,65535)  #B0C859FF  srgba(176,200,89,1)
0,5: (47288,55769,26471,65535)  #B8D967FF  srgba(184,217,103,1)
1,5: (49858,51657,25443,65535)  #C2C963FF  srgba(194,201,99,1)
2,5: (50886,55512,27756,65535)  #C6D86CFF  srgba(198,216,108,1)
3,5: (51400,30840,24672,65535)  #C87860FF  srgba(200,120,96,1)
4,5: (52428,10794,26471,65535)  #CC2A67FF  srgba(204,42,103,1)
5,5: (53199,30326,25443,65535)  #CF7663FF  srgba(207,118,99,1)
6,5: (53456,10537,26728,65535)  #D02968FF  srgba(208,41,104,1)
7,5: (53970,30069,25957,65535)  #D27565FF  srgba(210,117,101,1)
8,5: (54227,3855,28013,65535)  #D30F6DFF  srgba(211,15,109,1)
9,5: (54227,16191,26985,65535)  #D33F69FF  srgba(211,63,105,1)
10,5: (54227,56540,30840,65535)  #D3DC78FF  srgba(211,220,120,1)
11,5: (54741,30840,26728,65535)  #D57868FF  srgba(213,120,104,1)
12,5: (54741,54998,28784,65535)  #D5D670FF  srgba(213,214,112,1)
13,5: (54998,2570,29041,65535)  #D60A71FF  srgba(214,10,113,1)
14,5: (54998,15163,27756,65535)  #D63B6CFF  srgba(214,59,108,1)
15,5: (56026,28270,27756,65535)  #DA6E6CFF  srgba(218,110,108,1)
0,6: (56026,35466,27756,65535)  #DA8A6CFF  srgba(218,138,108,1)
1,6: (56540,771,30583,65535)  #DC0377FF  srgba(220,3,119,1)
2,6: (56540,6682,30326,65535)  #DC1A76FF  srgba(220,26,118,1)
3,6: (56540,16448,29555,65535)  #DC4073FF  srgba(220,64,115,1)
4,6: (56797,50886,28527,65535)  #DDC66FFF  srgba(221,198,111,1)
5,6: (56797,55769,31354,65535)  #DDD97AFF  srgba(221,217,122,1)
6,6: (57568,33667,32382,65535)  #E0837EFF  srgba(224,131,126,1)
7,6: (58082,37522,29041,65535)  #E29271FF  srgba(226,146,113,1)
8,6: (58339,28013,29555,65535)  #E36D73FF  srgba(227,109,115,1)
9,6: (58853,34952,32639,65535)  #E5887FFF  srgba(229,136,127,1)
10,6: (58853,42662,29555,65535)  #E5A673FF  srgba(229,166,115,1)
11,6: (58853,55255,32125,65535)  #E5D77DFF  srgba(229,215,125,1)
12,6: (59110,3855,32125,65535)  #E60F7DFF  srgba(230,15,125,1)
13,6: (59110,10794,32382,65535)  #E62A7EFF  srgba(230,42,126,1)
14,6: (59110,25443,33153,65535)  #E66381FF  srgba(230,99,129,1)
15,6: (59367,0,32639,65535)  #E7007FFF  srgba(231,0,127,1)
0,7: (59624,11308,35980,65535)  #E82C8CFF  srgba(232,44,140,1)
1,7: (59624,20046,32382,65535)  #E84E7EFF  srgba(232,78,126,1)
2,7: (59624,30069,33410,65535)  #E87582FF  srgba(232,117,130,1)
3,7: (59624,38807,33153,65535)  #E89781FF  srgba(232,151,129,1)
4,7: (59881,3598,35980,65535)  #E90E8CFF  srgba(233,14,140,1)
5,7: (59881,19275,35980,65535)  #E94B8CFF  srgba(233,75,140,1)
6,7: (60138,0,35980,65535)  #EA008CFF  srgba(234,0,140,1)
7,7: (60138,50629,32382,65535)  #EAC57EFF  srgba(234,197,126,1)
8,7: (60652,30583,34438,65535)  #EC7786FF  srgba(236,119,134,1)
9,7: (60652,39835,33924,65535)  #EC9B84FF  srgba(236,155,132,1)
10,7: (60909,25186,33924,65535)  #ED6284FF  srgba(237,98,132,1)
11,7: (60909,52428,32639,65535)  #EDCC7FFF  srgba(237,204,127,1)
12,7: (61166,52685,32639,65535)  #EECD7FFF  srgba(238,205,127,1)
13,7: (61423,53970,31868,65535)  #EFD27CFF  srgba(239,210,124,1)
14,7: (61423,53970,32896,65535)  #EFD280FF  srgba(239,210,128,1)
15,7: (61680,514,34952,65535)  #F00288FF  srgba(240,2,136,1)
0,8: (61680,514,37779,65535)  #F00293FF  srgba(240,2,147,1)
1,8: (61680,9766,37522,65535)  #F02692FF  srgba(240,38,146,1)
2,8: (61680,17476,34181,65535)  #F04485FF  srgba(240,68,133,1)
3,8: (61680,18247,37265,65535)  #F04791FF  srgba(240,71,145,1)
4,8: (61680,24415,33667,65535)  #F05F83FF  srgba(240,95,131,1)
5,8: (61680,26471,33410,65535)  #F06782FF  srgba(240,103,130,1)
6,8: (61680,31611,36494,65535)  #F07B8EFF  srgba(240,123,142,1)
7,8: (61680,33924,33667,65535)  #F08483FF  srgba(240,132,131,1)
8,8: (61680,46517,35466,65535)  #F0B58AFF  srgba(240,181,138,1)
9,8: (61680,48316,32639,65535)  #F0BC7FFF  srgba(240,188,127,1)
10,8: (61680,52685,32639,65535)  #F0CD7FFF  srgba(240,205,127,1)
11,8: (61680,53199,32896,65535)  #F0CF80FF  srgba(240,207,128,1)
12,8: (61680,53970,33667,65535)  #F0D283FF  srgba(240,210,131,1)
13,8: (61937,22873,33924,65535)  #F15984FF  srgba(241,89,132,1)
14,8: (61937,23387,36494,65535)  #F15B8EFF  srgba(241,91,142,1)
15,8: (61937,52171,33410,65535)  #F1CB82FF  srgba(241,203,130,1)
0,9: (61937,52685,33153,65535)  #F1CD81FF  srgba(241,205,129,1)
1,9: (61937,52942,32639,65535)  #F1CE7FFF  srgba(241,206,127,1)
2,9: (61937,53456,33410,65535)  #F1D082FF  srgba(241,208,130,1)
3,9: (62194,1285,35466,65535)  #F2058AFF  srgba(242,5,138,1)
4,9: (62194,1799,38293,65535)  #F20795FF  srgba(242,7,149,1)
5,9: (62194,26471,35209,65535)  #F26789FF  srgba(242,103,137,1)
6,9: (62194,41120,35980,65535)  #F2A08CFF  srgba(242,160,140,1)
7,9: (62194,50372,34952,65535)  #F2C488FF  srgba(242,196,136,1)
8,9: (62194,52171,32639,65535)  #F2CB7FFF  srgba(242,203,127,1)
9,9: (62194,52171,34695,65535)  #F2CB87FF  srgba(242,203,135,1)
10,9: (62194,52685,33667,65535)  #F2CD83FF  srgba(242,205,131,1)
11,9: (62194,52685,33924,65535)  #F2CD84FF  srgba(242,205,132,1)
12,9: (62194,52942,32896,65535)  #F2CE80FF  srgba(242,206,128,1)
13,9: (62194,52942,33410,65535)  #F2CE82FF  srgba(242,206,130,1)
14,9: (62194,52942,33410,65535)  #F2CE82FF  srgba(242,206,130,1)
15,9: (62451,21845,35723,65535)  #F3558BFF  srgba(243,85,139,1)
0,10: (62451,53199,33153,65535)  #F3CF81FF  srgba(243,207,129,1)
1,10: (62451,53199,33410,65535)  #F3CF82FF  srgba(243,207,130,1)
2,10: (62708,52685,33410,65535)  #F4CD82FF  srgba(244,205,130,1)
3,10: (62708,53456,33410,65535)  #F4D082FF  srgba(244,208,130,1)
4,10: (62708,53456,33924,65535)  #F4D084FF  srgba(244,208,132,1)
5,10: (62708,53713,33410,65535)  #F4D182FF  srgba(244,209,130,1)
6,10: (62965,52685,32896,65535)  #F5CD80FF  srgba(245,205,128,1)
7,10: (62965,52685,34181,65535)  #F5CD85FF  srgba(245,205,133,1)
8,10: (62965,52942,33410,65535)  #F5CE82FF  srgba(245,206,130,1)
9,10: (62965,53456,33410,65535)  #F5D082FF  srgba(245,208,130,1)
10,10: (63222,53970,33667,65535)  #F6D283FF  srgba(246,210,131,1)
11,10: (63222,53970,33924,65535)  #F6D284FF  srgba(246,210,132,1)
12,10: (63222,53970,34181,65535)  #F6D285FF  srgba(246,210,133,1)
13,10: (63479,45232,34181,65535)  #F7B085FF  srgba(247,176,133,1)
14,10: (63479,52685,34952,65535)  #F7CD88FF  srgba(247,205,136,1)
15,10: (63479,54227,34695,65535)  #F7D387FF  srgba(247,211,135,1)
0,11: (63736,19275,34695,65535)  #F84B87FF  srgba(248,75,135,1)
1,11: (63736,22873,34695,65535)  #F85987FF  srgba(248,89,135,1)
2,11: (63736,23644,35209,65535)  #F85C89FF  srgba(248,92,137,1)
3,11: (63736,25443,35209,65535)  #F86389FF  srgba(248,99,137,1)
4,11: (63736,32896,34952,65535)  #F88088FF  srgba(248,128,136,1)
5,11: (63736,44975,35723,65535)  #F8AF8BFF  srgba(248,175,139,1)
6,11: (63736,51143,35209,65535)  #F8C789FF  srgba(248,199,137,1)
7,11: (63736,53713,34438,65535)  #F8D186FF  srgba(248,209,134,1)
8,11: (63736,54484,34695,65535)  #F8D487FF  srgba(248,212,135,1)
9,11: (63993,4369,37265,65535)  #F91191FF  srgba(249,17,145,1)
10,11: (63993,18761,36237,65535)  #F9498DFF  srgba(249,73,141,1)
11,11: (63993,21845,35209,65535)  #F95589FF  srgba(249,85,137,1)
12,11: (63993,22359,35209,65535)  #F95789FF  srgba(249,87,137,1)
13,11: (63993,22873,36237,65535)  #F9598DFF  srgba(249,89,141,1)
14,11: (63993,23130,37522,65535)  #F95A92FF  srgba(249,90,146,1)
15,11: (63993,33153,36494,65535)  #F9818EFF  srgba(249,129,142,1)
0,12: (63993,42405,36494,65535)  #F9A58EFF  srgba(249,165,142,1)
1,12: (64250,0,37779,65535)  #FA0093FF  srgba(250,0,147,1)
2,12: (64250,0,39578,65535)  #FA009AFF  srgba(250,0,154,1)
3,12: (64250,257,38293,65535)  #FA0195FF  srgba(250,1,149,1)
4,12: (64250,12850,37522,65535)  #FA3292FF  srgba(250,50,146,1)
5,12: (64250,22102,37265,65535)  #FA5691FF  srgba(250,86,145,1)
6,12: (64250,47545,36494,65535)  #FAB98EFF  srgba(250,185,142,1)
7,12: (64250,51143,36494,65535)  #FAC78EFF  srgba(250,199,142,1)
8,12: (64250,54741,35209,65535)  #FAD589FF  srgba(250,213,137,1)
9,12: (64250,54998,35466,65535)  #FAD68AFF  srgba(250,214,138,1)
10,12: (64507,0,34695,65535)  #FB0087FF  srgba(251,0,135,1)
11,12: (64507,0,35723,65535)  #FB008BFF  srgba(251,0,139,1)
12,12: (64507,0,37008,65535)  #FB0090FF  srgba(251,0,144,1)
13,12: (64507,0,37779,65535)  #FB0093FF  srgba(251,0,147,1)
14,12: (64507,0,38550,65535)  #FB0096FF  srgba(251,0,150,1)
15,12: (64507,5911,39578,65535)  #FB179AFF  srgba(251,23,154,1)
0,13: (64507,19018,37265,65535)  #FB4A91FF  srgba(251,74,145,1)
1,13: (64507,21074,37265,65535)  #FB5291FF  srgba(251,82,145,1)
2,13: (64507,26471,38036,65535)  #FB6794FF  srgba(251,103,148,1)
3,13: (64507,35209,38036,65535)  #FB8994FF  srgba(251,137,148,1)
4,13: (64764,0,35980,65535)  #FC008CFF  srgba(252,0,140,1)
5,13: (64764,0,36494,65535)  #FC008EFF  srgba(252,0,142,1)
6,13: (64764,0,37779,65535)  #FC0093FF  srgba(252,0,147,1)
7,13: (64764,0,39578,65535)  #FC009AFF  srgba(252,0,154,1)
8,13: (64764,1285,35723,65535)  #FC058BFF  srgba(252,5,139,1)
9,13: (64764,12850,39321,65535)  #FC3299FF  srgba(252,50,153,1)
10,13: (64764,21074,39064,65535)  #FC5298FF  srgba(252,82,152,1)
11,13: (64764,26471,40092,65535)  #FC679CFF  srgba(252,103,156,1)
12,13: (64764,40863,38550,65535)  #FC9F96FF  srgba(252,159,150,1)
13,13: (64764,50629,37779,65535)  #FCC593FF  srgba(252,197,147,1)
14,13: (65021,0,37779,65535)  #FD0093FF  srgba(253,0,147,1)
15,13: (65021,0,38807,65535)  #FD0097FF  srgba(253,0,151,1)
0,14: (65021,0,40349,65535)  #FD009DFF  srgba(253,0,157,1)
1,14: (65021,0,40863,65535)  #FD009FFF  srgba(253,0,159,1)
2,14: (65021,5140,41891,65535)  #FD14A3FF  srgba(253,20,163,1)
3,14: (65021,5654,40863,65535)  #FD169FFF  srgba(253,22,159,1)
4,14: (65021,17733,39321,65535)  #FD4599FF  srgba(253,69,153,1)
5,14: (65021,35466,40349,65535)  #FD8A9DFF  srgba(253,138,157,1)
6,14: (65021,44461,38550,65535)  #FDAD96FF  srgba(253,173,150,1)
7,14: (65021,47545,38550,65535)  #FDB996FF  srgba(253,185,150,1)
8,14: (65278,0,36494,65535)  #FE008EFF  srgba(254,0,142,1)
9,14: (65278,0,37008,65535)  #FE0090FF  srgba(254,0,144,1)
10,14: (65278,0,38550,65535)  #FE0096FF  srgba(254,0,150,1)
11,14: (65278,0,40863,65535)  #FE009FFF  srgba(254,0,159,1)
12,14: (65278,0,41891,65535)  #FE00A3FF  srgba(254,0,163,1)
13,14: (65278,6168,43947,65535)  #FE18ABFF  srgba(254,24,171,1)
14,14: (65278,13364,42919,65535)  #FE34A7FF  srgba(254,52,167,1)
15,14: (65278,13621,41377,65535)  #FE35A1FF  srgba(254,53,161,1)
0,15: (65278,13878,45232,65535)  #FE36B0FF  srgba(254,54,176,1)
1,15: (65278,18761,42919,65535)  #FE49A7FF  srgba(254,73,167,1)
2,15: (65278,19018,45232,65535)  #FE4AB0FF  srgba(254,74,176,1)
3,15: (65278,19275,41377,65535)  #FE4BA1FF  srgba(254,75,161,1)
4,15: (65278,26728,45489,65535)  #FE68B1FF  srgba(254,104,177,1)
5,15: (65278,26985,42662,65535)  #FE69A6FF  srgba(254,105,166,1)
6,15: (65278,34695,45489,65535)  #FE87B1FF  srgba(254,135,177,1)
7,15: (65278,35466,42662,65535)  #FE8AA6FF  srgba(254,138,166,1)
8,15: (65278,42148,40863,65535)  #FEA49FFF  srgba(254,164,159,1)
9,15: (65278,43690,44461,65535)  #FEAAADFF  srgba(254,170,173,1)
10,15: (65278,44461,42405,65535)  #FEADA5FF  srgba(254,173,165,1)
11,15: (65278,47031,40863,65535)  #FEB79FFF  srgba(254,183,159,1)
12,15: (65278,50115,39835,65535)  #FEC39BFF  srgba(254,195,155,1)
13,15: (65535,0,39578,65535)  #FF009AFF  srgba(255,0,154,1)
14,15: (65535,53713,33924,65535)  #FFD184FF  srgba(255,209,132,1)
15,15: (0,65535,0,0)  #00FF0000  srgba(0,255,0,0)
