# ImageMagick pixel enumeration: 16,16,65535,srgba
0,0: (32896,62965,30069,65535)  #80F575FF  srgba(128,245,117,1)
1,0: (33667,62451,31097,65535)  #83F379FF  srgba(131,243,121,1)
2,0: (34438,62194,31868,65535)  #86F27CFF  srgba(134,242,124,1)
3,0: (34438,62965,32125,65535)  #86F57DFF  srgba(134,245,125,1)
4,0: (35466,61937,32896,65535)  #8AF180FF  srgba(138,241,128,1)
5,0: (36237,62965,33410,65535)  #8DF582FF  srgba(141,245,130,1)
6,0: (37008,62451,34438,65535)  #90F386FF  srgba(144,243,134,1)
7,0: (37522,61423,34438,65535)  #92EF86FF  srgba(146,239,134,1)
8,0: (38293,60652,35209,65535)  #95EC89FF  srgba(149,236,137,1)
9,0: (38293,62194,35466,65535)  #95F28AFF  srgba(149,242,138,1)
10,0: (39064,61937,35723,65535)  #98F18BFF  srgba(152,241,139,1)
11,0: (39064,62965,35980,65535)  #98F58CFF  srgba(152,245,140,1)
12,0: (39835,57054,35723,65535)  #9BDE8BFF  srgba(155,222,139,1)
13,0: (39835,62451,36751,65535)  #9BF38FFF  srgba(155,243,143,1)
14,0: (41120,62708,38807,65535)  #A0F497FF  srgba(160,244,151,1)
15,0: (43176,61680,40349,65535)  #A8F09DFF  srgba(168,240,157,1)
0,1: (43947,57825,40349,65535)  #ABE19DFF  srgba(171,225,157,1)
1,1: (43947,62708,41120,65535)  #ABF4A0FF  srgba(171,244,160,1)
2,1: (44204,60395,41634,65535)  #ACEBA2FF  srgba(172,235,162,1)
3,1: (44975,40349,33153,65535)  #AF9D81FF  srgba(175,157,129,1)
4,1: (45746,61166,42919,65535)  #B2EEA7FF  srgba(178,238,167,1)
5,1: (46003,48316,42662,65535)  #B3BCA6FF  srgba(179,188,166,1)
6,1: (46517,38550,43433,65535)  #B596A9FF  srgba(181,150,169,1)
7,1: (46517,61680,42919,65535)  #B5F0A7FF  srgba(181,240,167,1)
8,1: (46517,62451,43176,65535)  #B5F3A8FF  srgba(181,243,168,1)
9,1: (47288,57311,45232,65535)  #B8DFB0FF  srgba(184,223,176,1)
10,1: (48316,61680,46003,65535)  #BCF0B3FF  srgba(188,240,179,1)
11,1: (48316,62708,46517,65535)  #BCF4B5FF  srgba(188,244,181,1)
12,1: (48573,60652,45489,65535)  #BDECB1FF  srgba(189,236,177,1)
13,1: (48573,61166,45489,65535)  #BDEEB1FF  srgba(189,238,177,1)
14,1: (50115,62194,47288,65535)  #C3F2B8FF  srgba(195,242,184,1)
15,1: (50372,59624,45232,65535)  #C4E8B0FF  srgba(196,232,176,1)
0,2: (50372,60909,47288,65535)  #C4EDB8FF  srgba(196,237,184,1)
1,2: (50886,61166,48830,65535)  #C6EEBEFF  srgba(198,238,190,1)
2,2: (50886,62194,46003,65535)  #C6F2B3FF  srgba(198,242,179,1)
3,2: (50886,62194,48830,65535)  #C6F2BEFF  srgba(198,242,190,1)
4,2: (51914,62194,50886,65535)  #CAF2C6FF  srgba(202,242,198,1)
5,2: (52171,59881,48830,65535)  #CBE9BEFF  srgba(203,233,190,1)
6,2: (52428,59881,47288,65535)  #CCE9B8FF  srgba(204,233,184,1)
7,2: (52942,61166,49344,65535)  #CEEEC0FF  srgba(206,238,192,1)
8,2: (53199,60909,51400,65535)  #CFEDC8FF  srgba(207,237,200,1)
9,2: (53456,62708,47288,65535)  #D0F4B8FF  srgba(208,244,184,1)
10,2: (53713,27242,28013,65535)  #D16A6DFF  srgba(209,106,109,1)
11,2: (53970,32125,38293,65535)  #D27D95FF  srgba(210,125,149,1)
12,2: (53970,62194,51400,65535)  #D2F2C8FF  srgba(210,242,200,1)
13,2: (53970,62451,49087,65535)  #D2F3BFFF  srgba(210,243,191,1)
14,2: (54227,60138,51400,65535)  #D3EAC8FF  srgba(211,234,200,1)
15,2: (54484,37265,48830,65535)  #D491BEFF  srgba(212,145,190,1)
0,3: (54741,26985,38807,65535)  #D56997FF  srgba(213,105,151,1)
1,3: (54741,36237,51400,65535)  #D58DC8FF  srgba(213,141,200,1)
2,3: (54998,16705,25443,65535)  #D64163FF  srgba(214,65,99,1)
3,3: (54998,41891,38807,65535)  #D6A397FF  srgba(214,163,151,1)
4,3: (54998,55769,51657,65535)  #D6D9C9FF  srgba(214,217,201,1)
5,3: (55255,18247,39321,65535)  #D74799FF  srgba(215,71,153,1)
6,3: (55255,56540,46003,65535)  #D7DCB3FF  srgba(215,220,179,1)
7,3: (55512,16962,50372,65535)  #D842C4FF  srgba(216,66,196,1)
8,3: (55512,32382,50115,65535)  #D87EC3FF  srgba(216,126,195,1)
9,3: (55512,32382,51657,65535)  #D87EC9FF  srgba(216,126,201,1)
10,3: (55512,36494,44461,65535)  #D88EADFF  srgba(216,142,173,1)
11,3: (55769,11051,39321,65535)  #D92B99FF  srgba(217,43,153,1)
12,3: (55769,46003,51657,65535)  #D9B3C9FF  srgba(217,179,201,1)
13,3: (56026,44975,44204,65535)  #DAAFACFF  srgba(218,175,172,1)
14,3: (56283,8738,24158,65535)  #DB225EFF  srgba(219,34,94,1)
15,3: (56283,30069,51400,65535)  #DB75C8FF  srgba(219,117,200,1)
0,4: (56283,50886,48830,65535)  #DBC6BEFF  srgba(219,198,190,1)
1,4: (56283,62194,53970,65535)  #DBF2D2FF  srgba(219,242,210,1)
2,4: (57054,8995,50886,65535)  #DE23C6FF  srgba(222,35,198,1)
3,4: (57054,62194,51657,65535)  #DEF2C9FF  srgba(222,242,201,1)
4,4: (57568,62451,56026,65535)  #E0F3DAFF  srgba(224,243,218,1)
5,4: (58082,39064,35466,65535)  #E2988AFF  srgba(226,152,138,1)
6,4: (58339,32382,39578,65535)  #E37E9AFF  srgba(227,126,154,1)
7,4: (58339,40606,56283,65535)  #E39EDBFF  srgba(227,158,219,1)
8,4: (58596,32125,51657,65535)  #E47DC9FF  srgba(228,125,201,1)
9,4: (58596,62194,49087,65535)  #E4F2BFFF  srgba(228,242,191,1)
10,4: (58853,7710,23901,65535)  #E51E5DFF  srgba(229,30,93,1)
11,4: (58853,15420,24672,65535)  #E53C60FF  srgba(229,60,96,1)
12,4: (58853,52171,56283,65535)  #E5CBDBFF  srgba(229,203,219,1)
13,4: (59110,12336,15163,65535)  #E6303BFF  srgba(230,48,59,1)
14,4: (59110,15934,39578,65535)  #E63E9AFF  srgba(230,62,154,1)
15,4: (59110,23901,26214,65535)  #E65D66FF  srgba(230,93,102,1)
0,5: (59110,60395,57054,65535)  #E6EBDEFF  srgba(230,235,222,1)
1,5: (59367,7196,40606,65535)  #E71C9EFF  srgba(231,28,158,1)
2,5: (59367,52942,41891,65535)  #E7CEA3FF  srgba(231,206,163,1)
3,5: (59367,59881,57054,65535)  #E7E9DEFF  srgba(231,233,222,1)
4,5: (59367,61166,49087,65535)  #E7EEBFFF  srgba(231,238,191,1)
5,5: (59624,30069,31611,65535)  #E8757BFF  srgba(232,117,123,1)
6,5: (59624,35466,30583,65535)  #E88A77FF  srgba(232,138,119,1)
7,5: (59624,57825,57054,65535)  #E8E1DEFF  srgba(232,225,222,1)
8,5: (59624,59367,49087,65535)  #E8E7BFFF  srgba(232,231,191,1)
9,5: (59624,60909,56797,65535)  #E8EDDDFF  srgba(232,237,221,1)
10,5: (59881,7967,14392,65535)  #E91F38FF  srgba(233,31,56,1)
11,5: (59881,54741,44461,65535)  #E9D5ADFF  srgba(233,213,173,1)
12,5: (60138,35980,33410,65535)  #EA8C82FF  srgba(234,140,130,1)
13,5: (60138,61937,54998,65535)  #EAF1D6FF  srgba(234,241,214,1)
14,5: (60395,61680,58082,65535)  #EBF0E2FF  srgba(235,240,226,1)
15,5: (60652,60909,52171,65535)  #ECEDCBFF  srgba(236,237,203,1)
0,6: (60909,6682,51143,65535)  #ED1AC7FF  srgba(237,26,199,1)
1,6: (60909,16448,52685,65535)  #ED40CDFF  srgba(237,64,205,1)
2,6: (60909,55255,51914,65535)  #EDD7CAFF  srgba(237,215,202,1)
3,6: (61423,32382,48573,65535)  #EF7EBDFF  srgba(239,126,189,1)
4,6: (61423,60909,57311,65535)  #EFEDDFFF  srgba(239,237,223,1)
5,6: (61423,61423,58853,65535)  #EFEFE5FF  srgba(239,239,229,1)
6,6: (61423,61680,55255,65535)  #EFF0D7FF  srgba(239,240,215,1)
7,6: (61680,30069,50115,65535)  #F075C3FF  srgba(240,117,195,1)
8,6: (61680,32382,34438,65535)  #F07E86FF  srgba(240,126,134,1)
9,6: (61680,32382,42662,65535)  #F07EA6FF  srgba(240,126,166,1)
10,6: (61680,34695,38550,65535)  #F08796FF  srgba(240,135,150,1)
11,6: (61680,57054,47288,65535)  #F0DEB8FF  srgba(240,222,184,1)
12,6: (61680,60395,58339,65535)  #F0EBE3FF  srgba(240,235,227,1)
13,6: (61937,6682,20303,65535)  #F11A4FFF  srgba(241,26,79,1)
14,6: (61937,6682,27499,65535)  #F11A6BFF  srgba(241,26,107,1)
15,6: (61937,27242,39321,65535)  #F16A99FF  srgba(241,106,153,1)
0,7: (61937,29298,57054,65535)  #F172DEFF  srgba(241,114,222,1)
1,7: (61937,34181,35466,65535)  #F1858AFF  srgba(241,133,138,1)
2,7: (61937,60652,60652,65535)  #F1ECECFF  srgba(241,236,236,1)
3,7: (61937,60909,56797,65535)  #F1EDDDFF  srgba(241,237,221,1)
4,7: (62194,59881,52171,65535)  #F2E9CBFF  srgba(242,233,203,1)
5,7: (62194,60138,59881,65535)  #F2EAE9FF  srgba(242,234,233,1)
6,7: (62194,60395,58082,65535)  #F2EBE2FF  srgba(242,235,226,1)
7,7: (62451,60395,55255,65535)  #F3EBD7FF  srgba(243,235,215,1)
8,7: (62451,60652,56540,65535)  #F3ECDCFF  srgba(243,236,220,1)
9,7: (62451,61423,55255,65535)  #F3EFD7FF  srgba(243,239,215,1)
10,7: (62451,61680,58339,65535)  #F3F0E3FF  srgba(243,240,227,1)
11,7: (62451,61680,61937,65535)  #F3F0F1FF  srgba(243,240,241,1)
12,7: (62708,5911,14392,65535)  #F41738FF  srgba(244,23,56,1)
13,7: (62708,18761,25957,65535)  #F44965FF  srgba(244,73,101,1)
14,7: (62708,59881,60395,65535)  #F4E9EBFF  srgba(244,233,235,1)
15,7: (62708,60395,59367,65535)  #F4EBE7FF  srgba(244,235,231,1)
0,8: (62708,60652,62194,65535)  #F4ECF2FF  srgba(244,236,242,1)
1,8: (62965,41120,39064,65535)  #F5A098FF  srgba(245,160,152,1)
2,8: (62965,61937,52171,65535)  #F5F1CBFF  srgba(245,241,203,1)
3,8: (63222,5654,40092,65535)  #F6169CFF  srgba(246,22,156,1)
4,8: (63222,19018,39321,65535)  #F64A99FF  srgba(246,74,153,1)
5,8: (63222,32382,31097,65535)  #F67E79FF  srgba(246,126,121,1)
6,8: (63222,52171,58339,65535)  #F6CBE3FF  srgba(246,203,227,1)
7,8: (63222,60395,59624,65535)  #F6EBE8FF  srgba(246,235,232,1)
8,8: (63222,60909,52171,65535)  #F6EDCBFF  srgba(246,237,203,1)
9,8: (63222,60909,55512,65535)  #F6EDD8FF  srgba(246,237,216,1)
10,8: (63479,11822,39835,65535)  #F72E9BFF  srgba(247,46,155,1)
11,8: (63479,29298,30069,65535)  #F77275FF  srgba(247,114,117,1)
12,8: (63479,32382,34952,65535)  #F77E88FF  srgba(247,126,136,1)
13,8: (63479,37779,48830,65535)  #F793BEFF  srgba(247,147,190,1)
14,8: (63479,39064,59367,65535)  #F798E7FF  srgba(247,152,231,1)
15,8: (63479,60395,55769,65535)  #F7EBD9FF  srgba(247,235,217,1)
0,9: (63479,60395,62708,65535)  #F7EBF4FF  srgba(247,235,244,1)
1,9: (63479,60909,59881,65535)  #F7EDE9FF  srgba(247,237,233,1)
2,9: (63479,60909,62708,65535)  #F7EDF4FF  srgba(247,237,244,1)
3,9: (63736,32125,41377,65535)  #F87DA1FF  srgba(248,125,161,1)
4,9: (63736,55769,46003,65535)  #F8D9B3FF  srgba(248,217,179,1)
5,9: (63736,61680,55255,65535)  #F8F0D7FF  srgba(248,240,215,1)
6,9: (63736,61680,60909,65535)  #F8F0EDFF  srgba(248,240,237,1)
7,9: (63993,32125,52428,65535)  #F97DCCFF  srgba(249,125,204,1)
8,9: (63993,58082,59110,65535)  #F9E2E6FF  srgba(249,226,230,1)
9,9: (63993,59881,57054,65535)  #F9E9DEFF  srgba(249,233,222,1)
10,9: (63993,59881,62194,65535)  #F9E9F2FF  srgba(249,233,242,1)
11,9: (63993,61937,58082,65535)  #F9F1E2FF  srgba(249,241,226,1)
12,9: (63993,61937,63736,65535)  #F9F1F8FF  srgba(249,241,248,1)
13,9: (64250,15420,50886,65535)  #FA3CC6FF  srgba(250,60,198,1)
14,9: (64250,36237,44204,65535)  #FA8DACFF  srgba(250,141,172,1)
15,9: (64250,37265,51657,65535)  #FA91C9FF  srgba(250,145,201,1)
0,10: (64250,46260,51657,65535)  #FAB4C9FF  srgba(250,180,201,1)
1,10: (64507,4883,53456,65535)  #FB13D0FF  srgba(251,19,208,1)
2,10: (64507,17219,59624,65535)  #FB43E8FF  srgba(251,67,232,1)
3,10: (64507,30069,57054,65535)  #FB75DEFF  srgba(251,117,222,1)
4,10: (64507,30583,48830,65535)  #FB77BEFF  srgba(251,119,190,1)
5,10: (64507,30583,61680,65535)  #FB77F0FF  srgba(251,119,240,1)
6,10: (64507,44461,44461,65535)  #FBADADFF  srgba(251,173,173,1)
7,10: (64764,31868,37522,65535)  #FC7C92FF  srgba(252,124,146,1)
8,10: (64764,31868,42919,65535)  #FC7CA7FF  srgba(252,124,167,1)
9,10: (64764,31868,60652,65535)  #FC7CECFF  srgba(252,124,236,1)
10,10: (64764,32125,34952,65535)  #FC7D88FF  srgba(252,125,136,1)
11,10: (64764,51657,48830,65535)  #FCC9BEFF  srgba(252,201,190,1)
12,10: (65021,4626,13621,65535)  #FD1235FF  srgba(253,18,53,1)
13,10: (65021,4626,20560,65535)  #FD1250FF  srgba(253,18,80,1)
14,10: (65021,29041,35723,65535)  #FD718BFF  srgba(253,113,139,1)
15,10: (65021,29041,42662,65535)  #FD71A6FF  srgba(253,113,166,1)
0,11: (65278,1799,35980,65535)  #FE078CFF  srgba(254,7,140,1)
1,11: (65278,1799,44718,65535)  #FE07AEFF  srgba(254,7,174,1)
2,11: (65278,1799,59624,65535)  #FE07E8FF  srgba(254,7,232,1)
3,11: (65278,2056,24415,65535)  #FE085FFF  srgba(254,8,95,1)
4,11: (65278,2056,29555,65535)  #FE0873FF  srgba(254,8,115,1)
5,11: (65278,2056,49601,65535)  #FE08C1FF  srgba(254,8,193,1)
6,11: (65278,2056,52685,65535)  #FE08CDFF  srgba(254,8,205,1)
7,11: (65278,2056,55512,65535)  #FE08D8FF  srgba(254,8,216,1)
8,11: (65278,2313,11051,65535)  #FE092BFF  srgba(254,9,43,1)
9,11: (65278,2313,13621,65535)  #FE0935FF  srgba(254,9,53,1)
10,11: (65278,2313,17733,65535)  #FE0945FF  srgba(254,9,69,1)
11,11: (65278,3084,9766,65535)  #FE0C26FF  srgba(254,12,38,1)
12,11: (65278,3084,12079,65535)  #FE0C2FFF  srgba(254,12,47,1)
13,11: (65278,3084,15420,65535)  #FE0C3CFF  srgba(254,12,60,1)
14,11: (65278,3084,19789,65535)  #FE0C4DFF  srgba(254,12,77,1)
15,11: (65278,3084,25700,65535)  #FE0C64FF  srgba(254,12,100,1)
0,12: (65278,3084,35209,65535)  #FE0C89FF  srgba(254,12,137,1)
1,12: (65278,3084,43947,65535)  #FE0CABFF  srgba(254,12,171,1)
2,12: (65278,3341,15420,65535)  #FE0D3CFF  srgba(254,13,60,1)
3,12: (65278,3598,10537,65535)  #FE0E29FF  srgba(254,14,41,1)
4,12: (65278,3855,11565,65535)  #FE0F2DFF  srgba(254,15,45,1)
5,12: (65278,3855,15934,65535)  #FE0F3EFF  srgba(254,15,62,1)
6,12: (65278,4626,27242,65535)  #FE126AFF  srgba(254,18,106,1)
7,12: (65278,14906,25700,65535)  #FE3A64FF  srgba(254,58,100,1)
8,12: (65278,21845,28270,65535)  #FE556EFF  srgba(254,85,110,1)
9,12: (65278,29041,53970,65535)  #FE71D2FF  srgba(254,113,210,1)
10,12: (65278,29812,48573,65535)  #FE74BDFF  srgba(254,116,189,1)
11,12: (65278,29812,61423,65535)  #FE74EFFF  srgba(254,116,239,1)
12,12: (65278,30840,30583,65535)  #FE7877FF  srgba(254,120,119,1)
13,12: (65278,31868,35209,65535)  #FE7C89FF  srgba(254,124,137,1)
14,12: (65278,31868,38036,65535)  #FE7C94FF  srgba(254,124,148,1)
15,12: (65278,31868,43433,65535)  #FE7CA9FF  srgba(254,124,169,1)
0,13: (65278,31868,48316,65535)  #FE7CBCFF  srgba(254,124,188,1)
1,13: (65278,55512,51657,65535)  #FED8C9FF  srgba(254,216,201,1)
2,13: (65535,1799,29812,65535)  #FF0774FF  srgba(255,7,116,1)
3,13: (65535,1799,34438,65535)  #FF0786FF  srgba(255,7,134,1)
4,13: (65535,1799,34695,65535)  #FF0787FF  srgba(255,7,135,1)
5,13: (65535,1799,36494,65535)  #FF078EFF  srgba(255,7,142,1)
6,13: (65535,1799,36751,65535)  #FF078FFF  srgba(255,7,143,1)
7,13: (65535,1799,39321,65535)  #FF0799FF  srgba(255,7,153,1)
8,13: (65535,1799,41377,65535)  #FF07A1FF  srgba(255,7,161,1)
9,13: (65535,1799,43690,65535)  #FF07AAFF  srgba(255,7,170,1)
10,13: (65535,1799,61166,65535)  #FF07EEFF  srgba(255,7,238,1)
11,13: (65535,2056,27756,65535)  #FF086CFF  srgba(255,8,108,1)
12,13: (65535,2056,29298,65535)  #FF0872FF  srgba(255,8,114,1)
13,13: (65535,2056,31868,65535)  #FF087CFF  srgba(255,8,124,1)
14,13: (65535,2056,46774,65535)  #FF08B6FF  srgba(255,8,182,1)
15,13: (65535,2056,48830,65535)  #FF08BEFF  srgba(255,8,190,1)
0,14: (65535,2056,61937,65535)  #FF08F1FF  srgba(255,8,241,1)
1,14: (65535,2313,17219,65535)  #FF0943FF  srgba(255,9,67,1)
2,14: (65535,2313,17219,65535)  #FF0943FF  srgba(255,9,67,1)
3,14: (65535,2313,20817,65535)  #FF0951FF  srgba(255,9,81,1)
4,14: (65535,2313,22873,65535)  #FF0959FF  srgba(255,9,89,1)
5,14: (65535,2827,49344,65535)  #FF0BC0FF  srgba(255,11,192,1)
6,14: (65535,2827,49858,65535)  #FF0BC2FF  srgba(255,11,194,1)
7,14: (65535,3084,23644,65535)  #FF0C5CFF  srgba(255,12,92,1)
8,14: (65535,3084,24672,65535)  #FF0C60FF  srgba(255,12,96,1)
9,14: (65535,3084,28527,65535)  #FF0C6FFF  srgba(255,12,111,1)
10,14: (65535,3084,28527,65535)  #FF0C6FFF  srgba(255,12,111,1)
11,14: (65535,3084,48059,65535)  #FF0CBBFF  srgba(255,12,187,1)
12,14: (65535,3084,54484,65535)  #FF0CD4FF  srgba(255,12,212,1)
13,14: (65535,4369,38293,65535)  #FF1195FF  srgba(255,17,149,1)
14,14: (65535,4369,55255,65535)  #FF11D7FF  srgba(255,17,215,1)
15,14: (65535,5140,20303,65535)  #FF144FFF  srgba(255,20,79,1)
0,15: (65535,5397,24672,65535)  #FF1560FF  srgba(255,21,96,1)
1,15: (65535,5397,29041,65535)  #FF1571FF  srgba(255,21,113,1)
2,15: (65535,5397,49858,65535)  #FF15C2FF  srgba(255,21,194,1)
3,15: (65535,6168,57568,65535)  #FF18E0FF  srgba(255,24,224,1)
4,15: (65535,12079,39064,65535)  #FF2F98FF  srgba(255,47,152,1)
5,15: (65535,17476,52171,65535)  #FF44CBFF  srgba(255,68,203,1)
6,15: (65535,18504,60909,65535)  #FF48EDFF  srgba(255,72,237,1)
7,15: (65535,19275,38550,65535)  #FF4B96FF  srgba(255,75,150,1)
8,15: (65535,27499,41891,65535)  #FF6BA3FF  srgba(255,107,163,1)
9,15: (65535,27756,35209,65535)  #FF6C89FF  srgba(255,108,137,1)
10,15: (65535,38293,59624,65535)  #FF95E8FF  srgba(255,149,232,1)
11,15: (65535,45489,58082,65535)  #FFB1E2FF  srgba(255,177,226,1)
12,15: (65535,52428,58853,65535)  #FFCCE5FF  srgba(255,204,229,1)
13,15: (65535,57311,56026,65535)  #FFDFDAFF  srgba(255,223,218,1)
14,15: (65535,57311,62194,65535)  #FFDFF2FF  srgba(255,223,242,1)
15,15: (0,65535,0,0)  #00FF0000  srgba(0,255,0,0)
