# ImageMagick pixel enumeration: 16,16,65535,srgba
0,0: (1542,514,0,65535)  #060200FF  srgba(6,2,0,1)
1,0: (1799,771,0,65535)  #070300FF  srgba(7,3,0,1)
2,0: (4883,3341,0,65535)  #130D00FF  srgba(19,13,0,1)
3,0: (4883,3598,0,65535)  #130E00FF  srgba(19,14,0,1)
4,0: (5397,3598,0,65535)  #150E00FF  srgba(21,14,0,1)
5,0: (6682,5654,0,65535)  #1A1600FF  srgba(26,22,0,1)
6,0: (8224,7196,0,65535)  #201C00FF  srgba(32,28,0,1)
7,0: (8224,7453,0,65535)  #201D00FF  srgba(32,29,0,1)
8,0: (8995,7710,0,65535)  #231E00FF  srgba(35,30,0,1)
9,0: (10023,8738,1799,65535)  #272207FF  srgba(39,34,7,1)
10,0: (10023,8995,0,65535)  #272300FF  srgba(39,35,0,1)
11,0: (10280,9509,0,65535)  #282500FF  srgba(40,37,0,1)
12,0: (11822,10794,0,65535)  #2E2A00FF  srgba(46,42,0,1)
13,0: (13107,11822,257,65535)  #332E01FF  srgba(51,46,1,1)
14,0: (13621,12336,2313,65535)  #353009FF  srgba(53,48,9,1)
15,0: (13621,13107,257,65535)  #353301FF  srgba(53,51,1,1)
0,1: (14906,13621,3341,65535)  #3A350DFF  srgba(58,53,13,1)
1,1: (15163,13621,5654,65535)  #3B3516FF  srgba(59,53,22,1)
2,1: (15163,14135,2313,65535)  #3B3709FF  srgba(59,55,9,1)
3,1: (15163,14392,257,65535)  #3B3801FF  srgba(59,56,1,1)
4,1: (15420,14135,4112,65535)  #3C3710FF  srgba(60,55,16,1)
5,1: (16191,15677,1542,65535)  #3F3D06FF  srgba(63,61,6,1)
6,1: (16962,16191,4626,65535)  #423F12FF  srgba(66,63,18,1)
7,1: (17219,16705,1542,65535)  #434106FF  srgba(67,65,6,1)
8,1: (17733,16962,6168,65535)  #454218FF  srgba(69,66,24,1)
9,1: (18504,17733,2570,65535)  #48450AFF  srgba(72,69,10,1)
10,1: (18761,17733,4883,65535)  #494513FF  srgba(73,69,19,1)
11,1: (19018,17990,6168,65535)  #4A4618FF  srgba(74,70,24,1)
12,1: (19532,19018,2570,65535)  #4C4A0AFF  srgba(76,74,10,1)
13,1: (19789,18761,7453,65535)  #4D491DFF  srgba(77,73,29,1)
14,1: (20046,19275,6168,65535)  #4E4B18FF  srgba(78,75,24,1)
15,1: (20303,19275,8224,65535)  #4F4B20FF  srgba(79,75,32,1)
0,2: (20560,20046,4883,65535)  #504E13FF  srgba(80,78,19,1)
1,2: (20817,20303,3084,65535)  #514F0CFF  srgba(81,79,12,1)
2,2: (21074,20046,10280,65535)  #524E28FF  srgba(82,78,40,1)
3,2: (21074,20303,8995,65535)  #524F23FF  srgba(82,79,35,1)
4,2: (21074,20560,7453,65535)  #52501DFF  srgba(82,80,29,1)
5,2: (21331,20560,6425,65535)  #535019FF  srgba(83,80,25,1)
6,2: (21588,21074,8481,65535)  #545221FF  srgba(84,82,33,1)
7,2: (22873,22102,5654,65535)  #595616FF  srgba(89,86,22,1)
8,2: (22873,22102,7710,65535)  #59561EFF  srgba(89,86,30,1)
9,2: (23130,22102,8995,65535)  #5A5623FF  srgba(90,86,35,1)
10,2: (23387,22359,10280,65535)  #5B5728FF  srgba(91,87,40,1)
11,2: (24158,23644,10537,65535)  #5E5C29FF  srgba(94,92,41,1)
12,2: (24415,23901,8224,65535)  #5F5D20FF  srgba(95,93,32,1)
13,2: (24415,23901,9252,65535)  #5F5D24FF  srgba(95,93,36,1)
14,2: (24415,24158,6168,65535)  #5F5E18FF  srgba(95,94,24,1)
15,2: (24929,23901,12079,65535)  #615D2FFF  srgba(97,93,47,1)
0,3: (24929,24158,10794,65535)  #615E2AFF  srgba(97,94,42,1)
1,3: (24929,24415,7453,65535)  #615F1DFF  srgba(97,95,29,1)
2,3: (25957,24929,9252,65535)  #656124FF  srgba(101,97,36,1)
3,3: (25957,25443,12079,65535)  #65632FFF  srgba(101,99,47,1)
4,3: (26214,25700,8224,65535)  #666420FF  srgba(102,100,32,1)
5,3: (26214,25700,10794,65535)  #66642AFF  srgba(102,100,42,1)
6,3: (26471,25443,13621,65535)  #676335FF  srgba(103,99,53,1)
7,3: (27242,26214,12336,65535)  #6A6630FF  srgba(106,102,48,1)
8,3: (27242,26471,10794,65535)  #6A672AFF  srgba(106,103,42,1)
9,3: (27242,26985,9252,65535)  #6A6924FF  srgba(106,105,36,1)
10,3: (27756,26985,14649,65535)  #6C6939FF  srgba(108,105,57,1)
11,3: (28013,27242,13878,65535)  #6D6A36FF  srgba(109,106,54,1)
12,3: (28013,27499,12593,65535)  #6D6B31FF  srgba(109,107,49,1)
13,3: (28527,27499,15420,65535)  #6F6B3CFF  srgba(111,107,60,1)
14,3: (28527,27756,13878,65535)  #6F6C36FF  srgba(111,108,54,1)
15,3: (28527,28013,10794,65535)  #6F6D2AFF  srgba(111,109,42,1)
0,4: (29298,28270,17476,65535)  #726E44FF  srgba(114,110,68,1)
1,4: (29298,28527,12593,65535)  #726F31FF  srgba(114,111,49,1)
2,4: (29555,28527,14649,65535)  #736F39FF  srgba(115,111,57,1)
3,4: (29555,28527,16191,65535)  #736F3FFF  srgba(115,111,63,1)
4,4: (29812,29041,13878,65535)  #747136FF  srgba(116,113,54,1)
5,4: (30069,29298,14649,65535)  #757239FF  srgba(117,114,57,1)
6,4: (30326,29298,15420,65535)  #76723CFF  srgba(118,114,60,1)
7,4: (30583,30326,14392,65535)  #777638FF  srgba(119,118,56,1)
8,4: (30840,30583,12336,65535)  #787730FF  srgba(120,119,48,1)
9,4: (31097,30583,13621,65535)  #797735FF  srgba(121,119,53,1)
10,4: (31097,30583,15163,65535)  #79773BFF  srgba(121,119,59,1)
11,4: (31611,30840,16191,65535)  #7B783FFF  srgba(123,120,63,1)
12,4: (31868,31354,16962,65535)  #7C7A42FF  srgba(124,122,66,1)
13,4: (32125,31611,14392,65535)  #7D7B38FF  srgba(125,123,56,1)
14,4: (32125,31611,15163,65535)  #7D7B3BFF  srgba(125,123,59,1)
15,4: (32896,32125,16191,65535)  #807D3FFF  srgba(128,125,63,1)
0,5: (32896,32125,17990,65535)  #807D46FF  srgba(128,125,70,1)
1,5: (33153,32639,17219,65535)  #817F43FF  srgba(129,127,67,1)
2,5: (33410,32639,18504,65535)  #827F48FF  srgba(130,127,72,1)
3,5: (33410,33153,15163,65535)  #82813BFF  srgba(130,129,59,1)
4,5: (33410,33153,16191,65535)  #82813FFF  srgba(130,129,63,1)
5,5: (33667,33153,16962,65535)  #838142FF  srgba(131,129,66,1)
6,5: (33924,33410,17990,65535)  #848246FF  srgba(132,130,70,1)
7,5: (34181,33410,17219,65535)  #858243FF  srgba(133,130,67,1)
8,5: (34181,33667,19018,65535)  #85834AFF  srgba(133,131,74,1)
9,5: (34181,33924,16448,65535)  #858440FF  srgba(133,132,64,1)
10,5: (34438,33667,19532,65535)  #86834CFF  srgba(134,131,76,1)
11,5: (34438,33924,17990,65535)  #868446FF  srgba(134,132,70,1)
12,5: (34438,34438,17476,65535)  #868644FF  srgba(134,134,68,1)
13,5: (34695,34181,18504,65535)  #878548FF  srgba(135,133,72,1)
14,5: (34695,34438,17990,65535)  #878646FF  srgba(135,134,70,1)
15,5: (34952,33924,22102,65535)  #888456FF  srgba(136,132,86,1)
0,6: (34952,34181,20303,65535)  #88854FFF  srgba(136,133,79,1)
1,6: (34952,34181,20817,65535)  #888551FF  srgba(136,133,81,1)
2,6: (34952,34695,19018,65535)  #88874AFF  srgba(136,135,74,1)
3,6: (35209,34438,18761,65535)  #898649FF  srgba(137,134,73,1)
4,6: (35209,34695,17990,65535)  #898746FF  srgba(137,135,70,1)
5,6: (35209,34952,17476,65535)  #898844FF  srgba(137,136,68,1)
6,6: (35466,34695,18761,65535)  #8A8749FF  srgba(138,135,73,1)
7,6: (35466,34952,19018,65535)  #8A884AFF  srgba(138,136,74,1)
8,6: (35466,34952,19532,65535)  #8A884CFF  srgba(138,136,76,1)
9,6: (35466,35209,18247,65535)  #8A8947FF  srgba(138,137,71,1)
10,6: (35723,35466,18761,65535)  #8B8A49FF  srgba(139,138,73,1)
11,6: (35723,35466,19275,65535)  #8B8A4BFF  srgba(139,138,75,1)
12,6: (36237,35466,18247,65535)  #8D8A47FF  srgba(141,138,71,1)
13,6: (36237,35723,19275,65535)  #8D8B4BFF  srgba(141,139,75,1)
14,6: (36751,35980,19789,65535)  #8F8C4DFF  srgba(143,140,77,1)
15,6: (37008,36237,22102,65535)  #908D56FF  srgba(144,141,86,1)
0,7: (37008,36494,20303,65535)  #908E4FFF  srgba(144,142,79,1)
1,7: (37008,36494,21074,65535)  #908E52FF  srgba(144,142,82,1)
2,7: (37008,36751,18504,65535)  #908F48FF  srgba(144,143,72,1)
3,7: (37008,37008,19789,65535)  #90904DFF  srgba(144,144,77,1)
4,7: (37265,37008,19275,65535)  #91904BFF  srgba(145,144,75,1)
5,7: (37779,37265,20303,65535)  #93914FFF  srgba(147,145,79,1)
6,7: (38036,37779,19789,65535)  #94934DFF  srgba(148,147,77,1)
7,7: (38036,37779,21331,65535)  #949353FF  srgba(148,147,83,1)
8,7: (38807,38036,22102,65535)  #979456FF  srgba(151,148,86,1)
9,7: (38807,38293,20817,65535)  #979551FF  srgba(151,149,81,1)
10,7: (39321,38807,22359,65535)  #999757FF  srgba(153,151,87,1)
11,7: (39578,39321,20560,65535)  #9A9950FF  srgba(154,153,80,1)
12,7: (39578,39578,22102,65535)  #9A9A56FF  srgba(154,154,86,1)
13,7: (39835,39064,25443,65535)  #9B9863FF  srgba(155,152,99,1)
14,7: (39835,39835,21588,65535)  #9B9B54FF  srgba(155,155,84,1)
15,7: (40092,39835,23130,65535)  #9C9B5AFF  srgba(156,155,90,1)
0,8: (40606,40092,23130,65535)  #9E9C5AFF  srgba(158,156,90,1)
1,8: (40863,40606,22102,65535)  #9F9E56FF  srgba(159,158,86,1)
2,8: (40863,40863,23130,65535)  #9F9F5AFF  srgba(159,159,90,1)
3,8: (41377,40863,25443,65535)  #A19F63FF  srgba(161,159,99,1)
4,8: (41634,41120,22616,65535)  #A2A058FF  srgba(162,160,88,1)
5,8: (42148,41634,23387,65535)  #A4A25BFF  srgba(164,162,91,1)
6,8: (42148,41891,24158,65535)  #A4A35EFF  srgba(164,163,94,1)
7,8: (42405,41891,25443,65535)  #A5A363FF  srgba(165,163,99,1)
8,8: (42662,41891,27242,65535)  #A6A36AFF  srgba(166,163,106,1)
9,8: (42919,42405,25443,65535)  #A7A563FF  srgba(167,165,99,1)
10,8: (42919,42919,23387,65535)  #A7A75BFF  srgba(167,167,91,1)
11,8: (42919,42919,24415,65535)  #A7A75FFF  srgba(167,167,95,1)
12,8: (43176,42919,24158,65535)  #A8A75EFF  srgba(168,167,94,1)
13,8: (43433,43176,25443,65535)  #A9A863FF  srgba(169,168,99,1)
14,8: (43947,43176,28784,65535)  #ABA870FF  srgba(171,168,112,1)
15,8: (44204,43433,28013,65535)  #ACA96DFF  srgba(172,169,109,1)
0,9: (44204,43690,25700,65535)  #ACAA64FF  srgba(172,170,100,1)
1,9: (44204,43947,24672,65535)  #ACAB60FF  srgba(172,171,96,1)
2,9: (44204,44204,25443,65535)  #ACAC63FF  srgba(172,172,99,1)
3,9: (44461,43947,27242,65535)  #ADAB6AFF  srgba(173,171,106,1)
4,9: (44718,44461,25700,65535)  #AEAD64FF  srgba(174,173,100,1)
5,9: (44975,44975,25957,65535)  #AFAF65FF  srgba(175,175,101,1)
6,9: (45232,44461,29555,65535)  #B0AD73FF  srgba(176,173,115,1)
7,9: (45232,44461,31097,65535)  #B0AD79FF  srgba(176,173,121,1)
8,9: (45232,44975,27242,65535)  #B0AF6AFF  srgba(176,175,106,1)
9,9: (45746,45232,28013,65535)  #B2B06DFF  srgba(178,176,109,1)
10,9: (45746,45232,28784,65535)  #B2B070FF  srgba(178,176,112,1)
11,9: (45746,45746,26214,65535)  #B2B266FF  srgba(178,178,102,1)
12,9: (45746,45746,27242,65535)  #B2B26AFF  srgba(178,178,106,1)
13,9: (46260,46003,29041,65535)  #B4B371FF  srgba(180,179,113,1)
14,9: (46260,46260,26471,65535)  #B4B467FF  srgba(180,180,103,1)
15,9: (46260,46260,28013,65535)  #B4B46DFF  srgba(180,180,109,1)
0,10: (46260,46517,27242,65535)  #B4B56AFF  srgba(180,181,106,1)
1,10: (46774,46260,26728,65535)  #B6B468FF  srgba(182,180,104,1)
2,10: (46774,46517,27499,65535)  #B6B56BFF  srgba(182,181,107,1)
3,10: (46774,46774,28013,65535)  #B6B66DFF  srgba(182,182,109,1)
4,10: (47031,46774,28527,65535)  #B7B66FFF  srgba(183,182,111,1)
5,10: (47031,47288,27499,65535)  #B7B86BFF  srgba(183,184,107,1)
6,10: (47288,46517,29298,65535)  #B8B572FF  srgba(184,181,114,1)
7,10: (47288,46517,31097,65535)  #B8B579FF  srgba(184,181,121,1)
8,10: (47288,46774,28013,65535)  #B8B66DFF  srgba(184,182,109,1)
9,10: (47288,47031,27242,65535)  #B8B76AFF  srgba(184,183,106,1)
10,10: (47288,47545,26471,65535)  #B8B967FF  srgba(184,185,103,1)
11,10: (47545,47802,28013,65535)  #B9BA6DFF  srgba(185,186,109,1)
12,10: (47802,47802,27242,65535)  #BABA6AFF  srgba(186,186,106,1)
13,10: (47802,47802,28527,65535)  #BABA6FFF  srgba(186,186,111,1)
14,10: (47802,48059,27499,65535)  #BABB6BFF  srgba(186,187,107,1)
15,10: (47802,48316,28013,65535)  #BABC6DFF  srgba(186,188,109,1)
0,11: (48059,47545,28527,65535)  #BBB96FFF  srgba(187,185,111,1)
1,11: (48059,47802,27756,65535)  #BBBA6CFF  srgba(187,186,108,1)
2,11: (48059,47802,29298,65535)  #BBBA72FF  srgba(187,186,114,1)
3,11: (48059,47802,31097,65535)  #BBBA79FF  srgba(187,186,121,1)
4,11: (48059,48059,28784,65535)  #BBBB70FF  srgba(187,187,112,1)
5,11: (48059,48059,29555,65535)  #BBBB73FF  srgba(187,187,115,1)
6,11: (48316,48059,28270,65535)  #BCBB6EFF  srgba(188,187,110,1)
7,11: (48316,48573,28270,65535)  #BCBD6EFF  srgba(188,189,110,1)
8,11: (48316,48830,28784,65535)  #BCBE70FF  srgba(188,190,112,1)
9,11: (48573,48316,28527,65535)  #BDBC6FFF  srgba(189,188,111,1)
10,11: (48830,48059,29041,65535)  #BEBB71FF  srgba(190,187,113,1)
11,11: (48830,48059,31611,65535)  #BEBB7BFF  srgba(190,187,123,1)
12,11: (48830,48316,28013,65535)  #BEBC6DFF  srgba(190,188,109,1)
13,11: (48830,48316,28527,65535)  #BEBC6FFF  srgba(190,188,111,1)
14,11: (48830,48316,29298,65535)  #BEBC72FF  srgba(190,188,114,1)
15,11: (48830,48316,29812,65535)  #BEBC74FF  srgba(190,188,116,1)
0,12: (49087,48059,28527,65535)  #BFBB6FFF  srgba(191,187,111,1)
1,12: (49087,48573,28784,65535)  #BFBD70FF  srgba(191,189,112,1)
2,12: (49087,49087,28527,65535)  #BFBF6FFF  srgba(191,191,111,1)
3,12: (49344,49344,29298,65535)  #C0C072FF  srgba(192,192,114,1)
4,12: (49344,49601,30326,65535)  #C0C176FF  srgba(192,193,118,1)
5,12: (49858,49858,29555,65535)  #C2C273FF  srgba(194,194,115,1)
6,12: (49858,49858,31354,65535)  #C2C27AFF  srgba(194,194,122,1)
7,12: (50115,49601,33153,65535)  #C3C181FF  srgba(195,193,129,1)
8,12: (50629,50115,30326,65535)  #C5C376FF  srgba(197,195,118,1)
9,12: (51400,50886,31611,65535)  #C8C67BFF  srgba(200,198,123,1)
10,12: (51657,51143,34181,65535)  #C9C785FF  srgba(201,199,133,1)
11,12: (52171,52428,31354,65535)  #CBCC7AFF  srgba(203,204,122,1)
12,12: (52942,52685,34181,65535)  #CECD85FF  srgba(206,205,133,1)
13,12: (53456,52942,37008,65535)  #D0CE90FF  srgba(208,206,144,1)
14,12: (53456,53456,32125,65535)  #D0D07DFF  srgba(208,208,125,1)
15,12: (53970,53199,38550,65535)  #D2CF96FF  srgba(210,207,150,1)
0,13: (53970,53713,34438,65535)  #D2D186FF  srgba(210,209,134,1)
1,13: (55255,54998,33667,65535)  #D7D683FF  srgba(215,214,131,1)
2,13: (55255,54998,35723,65535)  #D7D68BFF  srgba(215,214,139,1)
3,13: (55769,54998,38550,65535)  #D9D696FF  srgba(217,214,150,1)
4,13: (56283,56540,34952,65535)  #DBDC88FF  srgba(219,220,136,1)
5,13: (56540,56283,38293,65535)  #DCDB95FF  srgba(220,219,149,1)
6,13: (57568,57311,38036,65535)  #E0DF94FF  srgba(224,223,148,1)
7,13: (57825,57311,39578,65535)  #E1DF9AFF  srgba(225,223,154,1)
8,13: (58082,57311,41891,65535)  #E2DFA3FF  srgba(226,223,163,1)
9,13: (58082,58082,35723,65535)  #E2E28BFF  srgba(226,226,139,1)
10,13: (59110,59367,38550,65535)  #E6E796FF  srgba(230,231,150,1)
11,13: (59881,59624,41377,65535)  #E9E8A1FF  srgba(233,232,161,1)
12,13: (60652,59881,44204,65535)  #ECE9ACFF  srgba(236,233,172,1)
13,13: (60652,60395,38807,65535)  #ECEB97FF  srgba(236,235,151,1)
14,13: (61423,61680,39064,65535)  #EFF098FF  srgba(239,240,152,1)
15,13: (61680,61423,41634,65535)  #F0EFA2FF  srgba(240,239,162,1)
0,14: (61937,61680,44204,65535)  #F1F0ACFF  srgba(241,240,172,1)
1,14: (63479,63222,41377,65535)  #F7F6A1FF  srgba(247,246,161,1)
2,14: (63736,63479,43176,65535)  #F8F7A8FF  srgba(248,247,168,1)
3,14: (63993,63479,45489,65535)  #F9F7B1FF  srgba(249,247,177,1)
4,14: (63993,63736,44204,65535)  #F9F8ACFF  srgba(249,248,172,1)
5,14: (64250,63736,47031,65535)  #FAF8B7FF  srgba(250,248,183,1)
6,14: (64764,64764,46003,65535)  #FCFCB3FF  srgba(252,252,179,1)
7,14: (64764,64764,47031,65535)  #FCFCB7FF  srgba(252,252,183,1)
8,14: (65021,63993,48830,65535)  #FDF9BEFF  srgba(253,249,190,1)
9,14: (65278,64764,49087,65535)  #FEFCBFFF  srgba(254,252,191,1)
10,14: (65278,65021,48830,65535)  #FEFDBEFF  srgba(254,253,190,1)
11,14: (65278,65021,49601,65535)  #FEFDC1FF  srgba(254,253,193,1)
12,14: (65278,65021,50372,65535)  #FEFDC4FF  srgba(254,253,196,1)
13,14: (65278,65021,51143,65535)  #FEFDC7FF  srgba(254,253,199,1)
14,14: (65278,65021,52685,65535)  #FEFDCDFF  srgba(254,253,205,1)
15,14: (65278,65021,53970,65535)  #FEFDD2FF  srgba(254,253,210,1)
0,15: (65278,65278,47802,65535)  #FEFEBAFF  srgba(254,254,186,1)
1,15: (65278,65278,49601,65535)  #FEFEC1FF  srgba(254,254,193,1)
2,15: (65278,65278,50372,65535)  #FEFEC4FF  srgba(254,254,196,1)
3,15: (65278,65278,51914,65535)  #FEFECAFF  srgba(254,254,202,1)
4,15: (65278,65535,49087,65535)  #FEFFBFFF  srgba(254,255,191,1)
5,15: (65278,65535,50372,65535)  #FEFFC4FF  srgba(254,255,196,1)
6,15: (65535,65278,45489,65535)  #FFFEB1FF  srgba(255,254,177,1)
7,15: (65535,65278,46260,65535)  #FFFEB4FF  srgba(255,254,180,1)
8,15: (65535,65278,46774,65535)  #FFFEB6FF  srgba(255,254,182,1)
9,15: (65535,65278,47031,65535)  #FFFEB7FF  srgba(255,254,183,1)
10,15: (65535,65278,47545,65535)  #FFFEB9FF  srgba(255,254,185,1)
11,15: (65535,65278,47802,65535)  #FFFEBAFF  srgba(255,254,186,1)
12,15: (65535,65535,48316,65535)  #FFFFBCFF  srgba(255,255,188,1)
13,15: (65535,65535,48573,65535)  #FFFFBDFF  srgba(255,255,189,1)
14,15: (65535,65535,48830,65535)  #FFFFBEFF  srgba(255,255,190,1)
15,15: (0,65535,0,0)  #00FF0000  srgba(0,255,0,0)
