# ImageMagick pixel enumeration: 16,16,65535,srgba
0,0: (0,0,0,65535)  #000000FF  black
1,0: (0,0,514,65535)  #000002FF  srgba(0,0,2,1)
2,0: (0,0,1028,65535)  #000004FF  srgba(0,0,4,1)
3,0: (0,0,1799,65535)  #000007FF  srgba(0,0,7,1)
4,0: (0,0,2313,65535)  #000009FF  srgba(0,0,9,1)
5,0: (0,0,3598,65535)  #00000EFF  srgba(0,0,14,1)
6,0: (0,0,3855,65535)  #00000FFF  srgba(0,0,15,1)
7,0: (0,0,4626,65535)  #000012FF  srgba(0,0,18,1)
8,0: (0,0,5397,65535)  #000015FF  srgba(0,0,21,1)
9,0: (0,0,6168,65535)  #000018FF  srgba(0,0,24,1)
10,0: (0,0,6682,65535)  #00001AFF  srgba(0,0,26,1)
11,0: (0,0,7196,65535)  #00001CFF  srgba(0,0,28,1)
12,0: (0,0,7967,65535)  #00001FFF  srgba(0,0,31,1)
13,0: (0,0,7967,65535)  #00001FFF  srgba(0,0,31,1)
14,0: (0,0,8738,65535)  #000022FF  srgba(0,0,34,1)
15,0: (0,0,9766,65535)  #000026FF  srgba(0,0,38,1)
0,1: (0,0,10537,65535)  #000029FF  srgba(0,0,41,1)
1,1: (0,0,11565,65535)  #00002DFF  srgba(0,0,45,1)
2,1: (0,257,514,65535)  #000102FF  srgba(0,1,2,1)
3,1: (0,257,5654,65535)  #000116FF  srgba(0,1,22,1)
4,1: (0,257,9766,65535)  #000126FF  srgba(0,1,38,1)
5,1: (0,257,14135,65535)  #000137FF  srgba(0,1,55,1)
6,1: (0,514,0,65535)  #000200FF  srgba(0,2,0,1)
7,1: (0,514,12850,65535)  #000232FF  srgba(0,2,50,1)
8,1: (0,771,17476,65535)  #000344FF  srgba(0,3,68,1)
9,1: (0,1028,5911,65535)  #000417FF  srgba(0,4,23,1)
10,1: (0,1028,9766,65535)  #000426FF  srgba(0,4,38,1)
11,1: (0,1028,15677,65535)  #00043DFF  srgba(0,4,61,1)
12,1: (0,1028,19789,65535)  #00044DFF  srgba(0,4,77,1)
13,1: (0,2056,21845,65535)  #000855FF  srgba(0,8,85,1)
14,1: (0,2313,9252,65535)  #000924FF  srgba(0,9,36,1)
15,1: (0,2313,16448,65535)  #000940FF  srgba(0,9,64,1)
0,2: (0,2570,12850,65535)  #000A32FF  srgba(0,10,50,1)
1,2: (0,2570,17733,65535)  #000A45FF  srgba(0,10,69,1)
2,2: (0,2827,24415,65535)  #000B5FFF  srgba(0,11,95,1)
3,2: (0,3084,19532,65535)  #000C4CFF  srgba(0,12,76,1)
4,2: (0,3855,15163,65535)  #000F3BFF  srgba(0,15,59,1)
5,2: (0,4626,21845,65535)  #001255FF  srgba(0,18,85,1)
6,2: (0,10023,34952,65535)  #002788FF  srgba(0,39,136,1)
7,2: (257,0,771,65535)  #010003FF  srgba(1,0,3,1)
8,2: (257,0,1028,65535)  #010004FF  srgba(1,0,4,1)
9,2: (257,0,2570,65535)  #01000AFF  srgba(1,0,10,1)
10,2: (257,0,2570,65535)  #01000AFF  srgba(1,0,10,1)
11,2: (257,0,4369,65535)  #010011FF  srgba(1,0,17,1)
12,2: (257,0,7453,65535)  #01001DFF  srgba(1,0,29,1)
13,2: (257,0,7453,65535)  #01001DFF  srgba(1,0,29,1)
14,2: (257,0,8995,65535)  #010023FF  srgba(1,0,35,1)
15,2: (257,0,9766,65535)  #010026FF  srgba(1,0,38,1)
0,3: (257,257,257,65535)  #010101FF  srgba(1,1,1,1)
1,3: (257,1285,14392,65535)  #010538FF  srgba(1,5,56,1)
2,3: (257,2570,14906,65535)  #010A3AFF  srgba(1,10,58,1)
3,3: (257,3855,17476,65535)  #010F44FF  srgba(1,15,68,1)
4,3: (257,4369,19789,65535)  #01114DFF  srgba(1,17,77,1)
5,3: (257,4626,17219,65535)  #011243FF  srgba(1,18,67,1)
6,3: (257,5140,24415,65535)  #01145FFF  srgba(1,20,95,1)
7,3: (257,6168,28270,65535)  #01186EFF  srgba(1,24,110,1)
8,3: (257,6425,22359,65535)  #011957FF  srgba(1,25,87,1)
9,3: (257,6425,24929,65535)  #011961FF  srgba(1,25,97,1)
10,3: (257,8224,28527,65535)  #01206FFF  srgba(1,32,111,1)
11,3: (257,8224,30583,65535)  #012077FF  srgba(1,32,119,1)
12,3: (257,9509,32639,65535)  #01257FFF  srgba(1,37,127,1)
13,3: (257,12079,36237,65535)  #012F8DFF  srgba(1,47,141,1)
14,3: (514,0,2827,65535)  #02000BFF  srgba(2,0,11,1)
15,3: (514,771,8481,65535)  #020321FF  srgba(2,3,33,1)
0,4: (514,3855,12850,65535)  #020F32FF  srgba(2,15,50,1)
1,4: (514,4626,14135,65535)  #021237FF  srgba(2,18,55,1)
2,4: (514,6425,20303,65535)  #02194FFF  srgba(2,25,79,1)
3,4: (514,7967,25957,65535)  #021F65FF  srgba(2,31,101,1)
4,4: (514,13107,38550,65535)  #023396FF  srgba(2,51,150,1)
5,4: (771,0,0,65535)  #030000FF  srgba(3,0,0,1)
6,4: (771,514,3598,65535)  #03020EFF  srgba(3,2,14,1)
7,4: (771,2827,8995,65535)  #030B23FF  srgba(3,11,35,1)
8,4: (771,7967,22873,65535)  #031F59FF  srgba(3,31,89,1)
9,4: (771,9509,26471,65535)  #032567FF  srgba(3,37,103,1)
10,4: (771,10023,28527,65535)  #03276FFF  srgba(3,39,111,1)
11,4: (771,10280,30840,65535)  #032878FF  srgba(3,40,120,1)
12,4: (771,12336,33667,65535)  #033083FF  srgba(3,48,131,1)
13,4: (771,14649,41377,65535)  #0339A1FF  srgba(3,57,161,1)
14,4: (771,14906,39064,65535)  #033A98FF  srgba(3,58,152,1)
15,4: (1028,5654,16705,65535)  #041641FF  srgba(4,22,65,1)
0,5: (1028,9252,23901,65535)  #04245DFF  srgba(4,36,93,1)
1,5: (1028,11822,30840,65535)  #042E78FF  srgba(4,46,120,1)
2,5: (1028,13878,36237,65535)  #04368DFF  srgba(4,54,141,1)
3,5: (1285,6425,16962,65535)  #051942FF  srgba(5,25,66,1)
4,5: (1285,16705,42148,65535)  #0541A4FF  srgba(5,65,164,1)
5,5: (2056,514,3084,65535)  #08020CFF  srgba(8,2,12,1)
6,5: (2570,0,0,65535)  #0A0000FF  srgba(10,0,0,1)
7,5: (2570,2056,4883,65535)  #0A0813FF  srgba(10,8,19,1)
8,5: (2570,2313,7967,65535)  #0A091FFF  srgba(10,9,31,1)
9,5: (2570,4369,9252,65535)  #0A1124FF  srgba(10,17,36,1)
10,5: (2570,10537,28527,65535)  #0A296FFF  srgba(10,41,111,1)
11,5: (2827,7196,25443,65535)  #0B1C63FF  srgba(11,28,99,1)
12,5: (3084,4369,12850,65535)  #0C1132FF  srgba(12,17,50,1)
13,5: (3084,5911,17476,65535)  #0C1744FF  srgba(12,23,68,1)
14,5: (3084,7196,22359,65535)  #0C1C57FF  srgba(12,28,87,1)
15,5: (3084,11308,32125,65535)  #0C2C7DFF  srgba(12,44,125,1)
0,6: (3341,7453,20303,65535)  #0D1D4FFF  srgba(13,29,79,1)
1,6: (3341,15163,40606,65535)  #0D3B9EFF  srgba(13,59,158,1)
2,6: (3598,9509,24672,65535)  #0E2560FF  srgba(14,37,96,1)
3,6: (3598,12850,32125,65535)  #0E327DFF  srgba(14,50,125,1)
4,6: (3598,13621,35466,65535)  #0E358AFF  srgba(14,53,138,1)
5,6: (3598,13878,32896,65535)  #0E3680FF  srgba(14,54,128,1)
6,6: (3598,14649,38036,65535)  #0E3994FF  srgba(14,57,148,1)
7,6: (3598,16705,41120,65535)  #0E41A0FF  srgba(14,65,160,1)
8,6: (3855,5654,13107,65535)  #0F1633FF  srgba(15,22,51,1)
9,6: (3855,12079,28784,65535)  #0F2F70FF  srgba(15,47,112,1)
10,6: (3855,17476,42662,65535)  #0F44A6FF  srgba(15,68,166,1)
11,6: (3855,17733,43947,65535)  #0F45ABFF  srgba(15,69,171,1)
12,6: (4112,7967,17733,65535)  #101F45FF  srgba(16,31,69,1)
13,6: (4369,2827,4883,65535)  #110B13FF  srgba(17,11,19,1)
14,6: (4369,3855,7196,65535)  #110F1CFF  srgba(17,15,28,1)
15,6: (4369,6682,13107,65535)  #111A33FF  srgba(17,26,51,1)
0,7: (4369,7196,15163,65535)  #111C3BFF  srgba(17,28,59,1)
1,7: (4369,10794,28270,65535)  #112A6EFF  srgba(17,42,110,1)
2,7: (4369,11308,24929,65535)  #112C61FF  srgba(17,44,97,1)
3,7: (4369,16705,38036,65535)  #114194FF  srgba(17,65,148,1)
4,7: (4369,16962,39578,65535)  #11429AFF  srgba(17,66,154,1)
5,7: (4626,4626,9252,65535)  #121224FF  srgba(18,18,36,1)
6,7: (4626,9766,21845,65535)  #122655FF  srgba(18,38,85,1)
7,7: (4626,13364,29041,65535)  #123471FF  srgba(18,52,113,1)
8,7: (4626,15163,35723,65535)  #123B8BFF  srgba(18,59,139,1)
9,7: (4626,17990,41377,65535)  #1246A1FF  srgba(18,70,161,1)
10,7: (4883,9766,19532,65535)  #13264CFF  srgba(19,38,76,1)
11,7: (4883,16705,35466,65535)  #13418AFF  srgba(19,65,138,1)
12,7: (4883,19275,43690,65535)  #134BAAFF  srgba(19,75,170,1)
13,7: (4883,19789,45746,65535)  #134DB2FF  srgba(19,77,178,1)
14,7: (5140,9509,16705,65535)  #142541FF  srgba(20,37,65,1)
15,7: (5397,14392,32382,65535)  #15387EFF  srgba(21,56,126,1)
0,8: (6168,5397,8738,65535)  #181522FF  srgba(24,21,34,1)
1,8: (7196,6168,8995,65535)  #1C1823FF  srgba(28,24,35,1)
2,8: (7196,13878,32125,65535)  #1C367DFF  srgba(28,54,125,1)
3,8: (7196,15163,32896,65535)  #1C3B80FF  srgba(28,59,128,1)
4,8: (7196,19018,43433,65535)  #1C4AA9FF  srgba(28,74,169,1)
5,8: (7453,7453,12593,65535)  #1D1D31FF  srgba(29,29,49,1)
6,8: (7453,9252,17733,65535)  #1D2445FF  srgba(29,36,69,1)
7,8: (7453,9252,20046,65535)  #1D244EFF  srgba(29,36,78,1)
8,8: (7453,13364,28527,65535)  #1D346FFF  srgba(29,52,111,1)
9,8: (7453,16962,35980,65535)  #1D428CFF  srgba(29,66,140,1)
10,8: (7453,18247,39835,65535)  #1D479BFF  srgba(29,71,155,1)
11,8: (7710,8995,15934,65535)  #1E233EFF  srgba(30,35,62,1)
12,8: (7710,11565,24415,65535)  #1E2D5FFF  srgba(30,45,95,1)
13,8: (7710,15677,31611,65535)  #1E3D7BFF  srgba(30,61,123,1)
14,8: (7710,16705,32382,65535)  #1E417EFF  srgba(30,65,126,1)
15,8: (7710,20560,43176,65535)  #1E50A8FF  srgba(30,80,168,1)
0,9: (7710,21588,46774,65535)  #1E54B6FF  srgba(30,84,182,1)
1,9: (8224,11308,22102,65535)  #202C56FF  srgba(32,44,86,1)
2,9: (8738,11051,17476,65535)  #222B44FF  srgba(34,43,68,1)
3,9: (8738,11565,19789,65535)  #222D4DFF  srgba(34,45,77,1)
4,9: (8995,6939,7967,65535)  #231B1FFF  srgba(35,27,31,1)
5,9: (8995,12850,24158,65535)  #23325EFF  srgba(35,50,94,1)
6,9: (9252,9252,12850,65535)  #242432FF  srgba(36,36,50,1)
7,9: (9252,14649,24415,65535)  #24395FFF  srgba(36,57,95,1)
8,9: (9509,8481,9766,65535)  #252126FF  srgba(37,33,38,1)
9,9: (9509,10794,14649,65535)  #252A39FF  srgba(37,42,57,1)
10,9: (9766,15934,32639,65535)  #263E7FFF  srgba(38,62,127,1)
11,9: (9766,21074,42919,65535)  #2652A7FF  srgba(38,82,167,1)
12,9: (9766,21588,45746,65535)  #2654B2FF  srgba(38,84,178,1)
13,9: (10023,14906,28270,65535)  #273A6EFF  srgba(39,58,110,1)
14,9: (10023,18247,33667,65535)  #274783FF  srgba(39,71,131,1)
15,9: (10023,19789,39578,65535)  #274D9AFF  srgba(39,77,154,1)
0,10: (10280,23387,47031,65535)  #285BB7FF  srgba(40,91,183,1)
1,10: (12079,9252,7710,65535)  #2F241EFF  srgba(47,36,30,1)
2,10: (12079,9766,10280,65535)  #2F2628FF  srgba(47,38,40,1)
3,10: (12079,11565,18247,65535)  #2F2D47FF  srgba(47,45,71,1)
4,10: (12079,15677,27756,65535)  #2F3D6CFF  srgba(47,61,108,1)
5,10: (12079,16705,31868,65535)  #2F417CFF  srgba(47,65,124,1)
6,10: (12079,19275,33410,65535)  #2F4B82FF  srgba(47,75,130,1)
7,10: (12079,20817,39064,65535)  #2F5198FF  srgba(47,81,152,1)
8,10: (12079,22873,43947,65535)  #2F59ABFF  srgba(47,89,171,1)
9,10: (12079,23901,47288,65535)  #2F5DB8FF  srgba(47,93,184,1)
10,10: (12336,13878,23387,65535)  #30365BFF  srgba(48,54,91,1)
11,10: (12593,11565,13878,65535)  #312D36FF  srgba(49,45,54,1)
12,10: (13107,11051,11822,65535)  #332B2EFF  srgba(51,43,46,1)
13,10: (13107,14135,19018,65535)  #33374AFF  srgba(51,55,74,1)
14,10: (13364,16191,23901,65535)  #343F5DFF  srgba(52,63,93,1)
15,10: (13621,13107,14649,65535)  #353339FF  srgba(53,51,57,1)
0,11: (13878,6425,0,65535)  #361900FF  srgba(54,25,0,1)
1,11: (14135,16962,29555,65535)  #374273FF  srgba(55,66,115,1)
2,11: (14135,22102,39835,65535)  #37569BFF  srgba(55,86,155,1)
3,11: (14135,24929,46774,65535)  #3761B6FF  srgba(55,97,182,1)
4,11: (14392,10537,8481,65535)  #382921FF  srgba(56,41,33,1)
5,11: (14392,19532,32125,65535)  #384C7DFF  srgba(56,76,125,1)
6,11: (14906,9766,4883,65535)  #3A2613FF  srgba(58,38,19,1)
7,11: (15677,11822,8995,65535)  #3D2E23FF  srgba(61,46,35,1)
8,11: (15677,16191,22616,65535)  #3D3F58FF  srgba(61,63,88,1)
9,11: (16448,13621,13878,65535)  #403536FF  srgba(64,53,54,1)
10,11: (16448,19532,30326,65535)  #404C76FF  srgba(64,76,118,1)
11,11: (16448,22873,38293,65535)  #405995FF  srgba(64,89,149,1)
12,11: (16448,26471,46517,65535)  #4067B5FF  srgba(64,103,181,1)
13,11: (16705,13364,11565,65535)  #41342DFF  srgba(65,52,45,1)
14,11: (16705,15677,16962,65535)  #413D42FF  srgba(65,61,66,1)
15,11: (16962,18247,23130,65535)  #42475AFF  srgba(66,71,90,1)
0,12: (17219,12593,8481,65535)  #433121FF  srgba(67,49,33,1)
1,12: (17990,14906,12850,65535)  #463A32FF  srgba(70,58,50,1)
2,12: (18504,12593,7967,65535)  #48311FFF  srgba(72,49,31,1)
3,12: (19532,11565,2313,65535)  #4C2D09FF  srgba(76,45,9,1)
4,12: (19532,13878,8738,65535)  #4C3622FF  srgba(76,54,34,1)
5,12: (19532,15420,12850,65535)  #4C3C32FF  srgba(76,60,50,1)
6,12: (20046,12336,4626,65535)  #4E3012FF  srgba(78,48,18,1)
7,12: (20046,26214,39835,65535)  #4E669BFF  srgba(78,102,155,1)
8,12: (20303,14649,8995,65535)  #4F3923FF  srgba(79,57,35,1)
9,12: (20303,23130,30326,65535)  #4F5A76FF  srgba(79,90,118,1)
10,12: (20303,29298,47545,65535)  #4F72B9FF  srgba(79,114,185,1)
11,12: (20817,10023,0,65535)  #512700FF  srgba(81,39,0,1)
12,12: (20817,16962,13878,65535)  #514236FF  srgba(81,66,54,1)
13,12: (20817,20046,22102,65535)  #514E56FF  srgba(81,78,86,1)
14,12: (22359,12593,2313,65535)  #573109FF  srgba(87,49,9,1)
15,12: (22873,15934,7453,65535)  #593E1DFF  srgba(89,62,29,1)
0,13: (23387,13878,3341,65535)  #5B360DFF  srgba(91,54,13,1)
1,13: (23387,14649,4626,65535)  #5B3912FF  srgba(91,57,18,1)
2,13: (24415,11822,0,65535)  #5F2E00FF  srgba(95,46,0,1)
3,13: (24929,25443,29041,65535)  #616371FF  srgba(97,99,113,1)
4,13: (25957,14906,2570,65535)  #653A0AFF  srgba(101,58,10,1)
5,13: (25957,16705,6682,65535)  #65411AFF  srgba(101,65,26,1)
6,13: (26214,13621,0,65535)  #663500FF  srgba(102,53,0,1)
7,13: (26471,33410,47545,65535)  #6782B9FF  srgba(103,130,185,1)
8,13: (26985,20560,16191,65535)  #69503FFF  srgba(105,80,63,1)
9,13: (28527,17733,6425,65535)  #6F4519FF  srgba(111,69,25,1)
10,13: (28784,30069,35209,65535)  #707589FF  srgba(112,117,137,1)
11,13: (29041,16191,1542,65535)  #713F06FF  srgba(113,63,6,1)
12,13: (29041,18761,7967,65535)  #71491FFF  srgba(113,73,31,1)
13,13: (29298,20560,11565,65535)  #72502DFF  srgba(114,80,45,1)
14,13: (29555,17219,3855,65535)  #73430FFF  srgba(115,67,15,1)
15,13: (29812,15677,0,65535)  #743D00FF  srgba(116,61,0,1)
0,14: (30069,25186,21845,65535)  #756255FF  srgba(117,98,85,1)
1,14: (30326,20560,9766,65535)  #765026FF  srgba(118,80,38,1)
2,14: (31354,18761,4369,65535)  #7A4911FF  srgba(122,73,17,1)
3,14: (31354,20046,6168,65535)  #7A4E18FF  srgba(122,78,24,1)
4,14: (31611,29041,29555,65535)  #7B7173FF  srgba(123,113,115,1)
5,14: (32896,24158,13878,65535)  #805E36FF  srgba(128,94,54,1)
6,14: (33410,20303,5654,65535)  #824F16FF  srgba(130,79,22,1)
7,14: (34695,19018,0,65535)  #874A00FF  srgba(135,74,0,1)
8,14: (34952,20046,1799,65535)  #884E07FF  srgba(136,78,7,1)
9,14: (35723,22873,7710,65535)  #8B591EFF  srgba(139,89,30,1)
10,14: (36751,22102,2827,65535)  #8F560BFF  srgba(143,86,11,1)
11,14: (37522,21074,0,65535)  #925200FF  srgba(146,82,0,1)
12,14: (38807,24672,7453,65535)  #97601DFF  srgba(151,96,29,1)
13,14: (39064,23130,1285,65535)  #985A05FF  srgba(152,90,5,1)
14,14: (39321,26728,12850,65535)  #996832FF  srgba(153,104,50,1)
15,14: (40092,23387,0,65535)  #9C5B00FF  srgba(156,91,0,1)
0,15: (40606,25700,6939,65535)  #9E641BFF  srgba(158,100,27,1)
1,15: (40863,24929,3855,65535)  #9F610FFF  srgba(159,97,15,1)
2,15: (41377,26728,8224,65535)  #A16820FF  srgba(161,104,32,1)
3,15: (41634,24929,1285,65535)  #A26105FF  srgba(162,97,5,1)
4,15: (41634,29041,13878,65535)  #A27136FF  srgba(162,113,54,1)
5,15: (42405,26214,3598,65535)  #A5660EFF  srgba(165,102,14,1)
6,15: (42919,26985,3598,65535)  #A7690EFF  srgba(167,105,14,1)
7,15: (42919,28013,8738,65535)  #A76D22FF  srgba(167,109,34,1)
8,15: (44718,26471,0,65535)  #AE6700FF  srgba(174,103,0,1)
9,15: (44718,28784,7967,65535)  #AE701FFF  srgba(174,112,31,1)
10,15: (44718,30069,12336,65535)  #AE7530FF  srgba(174,117,48,1)
11,15: (44975,27756,3598,65535)  #AF6C0EFF  srgba(175,108,14,1)
12,15: (45232,29812,8738,65535)  #B07422FF  srgba(176,116,34,1)
13,15: (46260,28270,1285,65535)  #B46E05FF  srgba(180,110,5,1)
14,15: (47802,30840,6425,65535)  #BA7819FF  srgba(186,120,25,1)
15,15: (0,65535,0,0)  #00FF0000  srgba(0,255,0,0)
