# ImageMagick pixel enumeration: 16,16,65535,srgba
0,0: (0,0,0,65535)  #000000FF  black
1,0: (771,0,0,65535)  #030000FF  srgba(3,0,0,1)
2,0: (2827,514,1542,65535)  #0B0206FF  srgba(11,2,6,1)
3,0: (7196,2056,4626,65535)  #1C0812FF  srgba(28,8,18,1)
4,0: (8481,5140,7967,65535)  #21141FFF  srgba(33,20,31,1)
5,0: (10280,5397,43176,65535)  #2815A8FF  srgba(40,21,168,1)
6,0: (10280,5397,44461,65535)  #2815ADFF  srgba(40,21,173,1)
7,0: (10537,5654,45489,65535)  #2916B1FF  srgba(41,22,177,1)
8,0: (11051,4883,42662,65535)  #2B13A6FF  srgba(43,19,166,1)
9,0: (12593,5654,46260,65535)  #3116B4FF  srgba(49,22,180,1)
10,0: (13107,4369,36494,65535)  #33118EFF  srgba(51,17,142,1)
11,0: (13107,5911,48059,65535)  #3317BBFF  srgba(51,23,187,1)
12,0: (13364,5654,45489,65535)  #3416B1FF  srgba(52,22,177,1)
13,0: (13621,4112,32639,65535)  #35107FFF  srgba(53,16,127,1)
14,0: (13621,4626,40606,65535)  #35129EFF  srgba(53,18,158,1)
15,0: (13621,5654,43947,65535)  #3516ABFF  srgba(53,22,171,1)
0,1: (13878,3598,29298,65535)  #360E72FF  srgba(54,14,114,1)
1,1: (13878,6682,8224,65535)  #361A20FF  srgba(54,26,32,1)
2,1: (14649,5397,38293,65535)  #391595FF  srgba(57,21,149,1)
3,1: (14649,5397,41120,65535)  #3915A0FF  srgba(57,21,160,1)
4,1: (14906,3598,24929,65535)  #3A0E61FF  srgba(58,14,97,1)
5,1: (15163,3598,19789,65535)  #3B0E4DFF  srgba(59,14,77,1)
6,1: (15163,3855,30069,65535)  #3B0F75FF  srgba(59,15,117,1)
7,1: (15163,4369,35980,65535)  #3B118CFF  srgba(59,17,140,1)
8,1: (15163,4626,39321,65535)  #3B1299FF  srgba(59,18,153,1)
9,1: (15163,4626,42148,65535)  #3B12A4FF  srgba(59,18,164,1)
10,1: (15420,1285,4626,65535)  #3C0512FF  srgba(60,5,18,1)
11,1: (15677,3341,15163,65535)  #3D0D3BFF  srgba(61,13,59,1)
12,1: (15677,7196,46774,65535)  #3D1CB6FF  srgba(61,28,182,1)
13,1: (16191,4883,31611,65535)  #3F137BFF  srgba(63,19,123,1)
14,1: (16705,4883,26985,65535)  #411369FF  srgba(65,19,105,1)
15,1: (16705,5140,21845,65535)  #411455FF  srgba(65,20,85,1)
0,2: (16962,3855,13621,65535)  #420F35FF  srgba(66,15,53,1)
1,2: (16962,4112,15677,65535)  #42103DFF  srgba(66,16,61,1)
2,2: (16962,4626,36751,65535)  #42128FFF  srgba(66,18,143,1)
3,2: (16962,5140,42148,65535)  #4214A4FF  srgba(66,20,164,1)
4,2: (17219,4626,11565,65535)  #43122DFF  srgba(67,18,45,1)
5,2: (17219,7453,48316,65535)  #431DBCFF  srgba(67,29,188,1)
6,2: (17476,3341,11051,65535)  #440D2BFF  srgba(68,13,43,1)
7,2: (17476,3598,19532,65535)  #440E4CFF  srgba(68,14,76,1)
8,2: (17476,3598,23901,65535)  #440E5DFF  srgba(68,14,93,1)
9,2: (17476,6168,48059,65535)  #4418BBFF  srgba(68,24,187,1)
10,2: (17733,3855,28013,65535)  #450F6DFF  srgba(69,15,109,1)
11,2: (17733,4112,31868,65535)  #45107CFF  srgba(69,16,124,1)
12,2: (17733,6168,45746,65535)  #4518B2FF  srgba(69,24,178,1)
13,2: (17990,7967,49858,65535)  #461FC2FF  srgba(70,31,194,1)
14,2: (17990,8481,51657,65535)  #4621C9FF  srgba(70,33,201,1)
15,2: (18247,3341,9509,65535)  #470D25FF  srgba(71,13,37,1)
0,3: (18504,5140,15677,65535)  #48143DFF  srgba(72,20,61,1)
1,3: (18504,9509,54227,65535)  #4825D3FF  srgba(72,37,211,1)
2,3: (18761,6168,13621,65535)  #491835FF  srgba(73,24,53,1)
3,3: (18761,6425,31097,65535)  #491979FF  srgba(73,25,121,1)
4,3: (19018,6425,23130,65535)  #4A195AFF  srgba(74,25,90,1)
5,3: (19275,5140,30840,65535)  #4B1478FF  srgba(75,20,120,1)
6,3: (19275,6168,41891,65535)  #4B18A3FF  srgba(75,24,163,1)
7,3: (19275,6168,43947,65535)  #4B18ABFF  srgba(75,24,171,1)
8,3: (19275,7196,46774,65535)  #4B1CB6FF  srgba(75,28,182,1)
9,3: (19532,3084,14649,65535)  #4C0C39FF  srgba(76,12,57,1)
10,3: (19789,4369,36494,65535)  #4D118EFF  srgba(77,17,142,1)
11,3: (19789,6168,38036,65535)  #4D1894FF  srgba(77,24,148,1)
12,3: (19789,6682,38293,65535)  #4D1A95FF  srgba(77,26,149,1)
13,3: (19789,6682,42148,65535)  #4D1AA4FF  srgba(77,26,164,1)
14,3: (19789,6682,44204,65535)  #4D1AACFF  srgba(77,26,172,1)
15,3: (19789,6939,47288,65535)  #4D1BB8FF  srgba(77,27,184,1)
0,4: (19789,10794,15677,65535)  #4D2A3DFF  srgba(77,42,61,1)
1,4: (20046,3084,8738,65535)  #4E0C22FF  srgba(78,12,34,1)
2,4: (20046,4883,42148,65535)  #4E13A4FF  srgba(78,19,164,1)
3,4: (20046,5654,42662,65535)  #4E16A6FF  srgba(78,22,166,1)
4,4: (20303,3598,25443,65535)  #4F0E63FF  srgba(79,14,99,1)
5,4: (20303,4369,10023,65535)  #4F1127FF  srgba(79,17,39,1)
6,4: (20303,7196,43947,65535)  #4F1CABFF  srgba(79,28,171,1)
7,4: (20303,7196,48316,65535)  #4F1CBCFF  srgba(79,28,188,1)
8,4: (20560,3855,30583,65535)  #500F77FF  srgba(80,15,119,1)
9,4: (20560,5397,37265,65535)  #501591FF  srgba(80,21,145,1)
10,4: (20560,7196,39321,65535)  #501C99FF  srgba(80,28,153,1)
11,4: (20817,6939,47031,65535)  #511BB7FF  srgba(81,27,183,1)
12,4: (20817,8224,42919,65535)  #5120A7FF  srgba(81,32,167,1)
13,4: (21074,3341,20046,65535)  #520D4EFF  srgba(82,13,78,1)
14,4: (21074,5140,19789,65535)  #52144DFF  srgba(82,20,77,1)
15,4: (21074,5140,24672,65535)  #521460FF  srgba(82,20,96,1)
0,5: (21074,6425,46260,65535)  #5219B4FF  srgba(82,25,180,1)
1,5: (21331,6425,47545,65535)  #5319B9FF  srgba(83,25,185,1)
2,5: (21331,6425,49344,65535)  #5319C0FF  srgba(83,25,192,1)
3,5: (21331,8738,37265,65535)  #532291FF  srgba(83,34,145,1)
4,5: (21588,8995,30326,65535)  #542376FF  srgba(84,35,118,1)
5,5: (21845,7453,48573,65535)  #551DBDFF  srgba(85,29,189,1)
6,5: (22102,3855,27756,65535)  #560F6CFF  srgba(86,15,108,1)
7,5: (22102,7967,50629,65535)  #561FC5FF  srgba(86,31,197,1)
8,5: (22102,8224,53970,65535)  #5620D2FF  srgba(86,32,210,1)
9,5: (22102,11565,55255,65535)  #562DD7FF  srgba(86,45,215,1)
10,5: (22873,8995,22102,65535)  #592356FF  srgba(89,35,86,1)
11,5: (23387,6425,30840,65535)  #5B1978FF  srgba(91,25,120,1)
12,5: (23387,13621,22359,65535)  #5B3557FF  srgba(91,53,87,1)
13,5: (23644,5140,30583,65535)  #5C1477FF  srgba(92,20,119,1)
14,5: (23901,6425,23130,65535)  #5D195AFF  srgba(93,25,90,1)
15,5: (23901,16962,20560,65535)  #5D4250FF  srgba(93,66,80,1)
0,6: (24929,2827,7196,65535)  #610B1CFF  srgba(97,11,28,1)
1,6: (24929,3084,14649,65535)  #610C39FF  srgba(97,12,57,1)
2,6: (24929,3855,27242,65535)  #610F6AFF  srgba(97,15,106,1)
3,6: (24929,9766,29812,65535)  #612674FF  srgba(97,38,116,1)
4,6: (25186,6168,47802,65535)  #6218BAFF  srgba(98,24,186,1)
5,6: (25443,3084,10537,65535)  #630C29FF  srgba(99,12,41,1)
6,6: (25443,3855,19532,65535)  #630F4CFF  srgba(99,15,76,1)
7,6: (25443,6168,43690,65535)  #6318AAFF  srgba(99,24,170,1)
8,6: (25443,8224,48316,65535)  #6320BCFF  srgba(99,32,188,1)
9,6: (25443,8481,43947,65535)  #6321ABFF  srgba(99,33,171,1)
10,6: (25700,3084,11822,65535)  #640C2EFF  srgba(100,12,46,1)
11,6: (25957,4112,13878,65535)  #651036FF  srgba(101,16,54,1)
12,6: (25957,5654,37522,65535)  #651692FF  srgba(101,22,146,1)
13,6: (25957,7196,51400,65535)  #651CC8FF  srgba(101,28,200,1)
14,6: (26214,8738,39064,65535)  #662298FF  srgba(102,34,152,1)
15,6: (26471,8995,35723,65535)  #67238BFF  srgba(103,35,139,1)
0,7: (26471,9766,51914,65535)  #6726CAFF  srgba(103,38,202,1)
1,7: (26728,9766,54484,65535)  #6826D4FF  srgba(104,38,212,1)
2,7: (26985,10280,56797,65535)  #6928DDFF  srgba(105,40,221,1)
3,7: (27756,4112,11051,65535)  #6C102BFF  srgba(108,16,43,1)
4,7: (27756,11051,60395,65535)  #6C2BEBFF  srgba(108,43,235,1)
5,7: (28013,4112,8481,65535)  #6D1021FF  srgba(109,16,33,1)
6,7: (28527,13621,21845,65535)  #6F3555FF  srgba(111,53,85,1)
7,7: (28784,3084,7710,65535)  #700C1EFF  srgba(112,12,30,1)
8,7: (28784,3341,10537,65535)  #700D29FF  srgba(112,13,41,1)
9,7: (28784,4883,9509,65535)  #701325FF  srgba(112,19,37,1)
10,7: (28784,6939,10537,65535)  #701B29FF  srgba(112,27,41,1)
11,7: (28784,13107,37008,65535)  #703390FF  srgba(112,51,144,1)
12,7: (29041,13621,56283,65535)  #7135DBFF  srgba(113,53,219,1)
13,7: (29041,17990,20817,65535)  #714651FF  srgba(113,70,81,1)
14,7: (29298,3341,11822,65535)  #720D2EFF  srgba(114,13,46,1)
15,7: (29298,4883,12336,65535)  #721330FF  srgba(114,19,48,1)
0,8: (29298,7196,13364,65535)  #721C34FF  srgba(114,28,52,1)
1,8: (29298,7196,23644,65535)  #721C5CFF  srgba(114,28,92,1)
2,8: (29298,7710,27756,65535)  #721E6CFF  srgba(114,30,108,1)
3,8: (29298,7710,31611,65535)  #721E7BFF  srgba(114,30,123,1)
4,8: (29298,15677,57568,65535)  #723DE0FF  srgba(114,61,224,1)
5,8: (29555,3341,13878,65535)  #730D36FF  srgba(115,13,54,1)
6,8: (29555,4883,14906,65535)  #73133AFF  srgba(115,19,58,1)
7,8: (29555,5911,15677,65535)  #73173DFF  srgba(115,23,61,1)
8,8: (29555,6425,19018,65535)  #73194AFF  srgba(115,25,74,1)
9,8: (29555,9766,15934,65535)  #73263EFF  srgba(115,38,62,1)
10,8: (29555,11822,21845,65535)  #732E55FF  srgba(115,46,85,1)
11,8: (29812,11822,24929,65535)  #742E61FF  srgba(116,46,97,1)
12,8: (30069,11308,28784,65535)  #752C70FF  srgba(117,44,112,1)
13,8: (30069,13878,60909,65535)  #7536EDFF  srgba(117,54,237,1)
14,8: (30069,15677,61937,65535)  #753DF1FF  srgba(117,61,241,1)
15,8: (30326,4112,13621,65535)  #761035FF  srgba(118,16,53,1)
0,9: (30326,7453,43176,65535)  #761DA8FF  srgba(118,29,168,1)
1,9: (30326,7453,47802,65535)  #761DBAFF  srgba(118,29,186,1)
2,9: (30326,11051,32125,65535)  #762B7DFF  srgba(118,43,125,1)
3,9: (30326,13621,28013,65535)  #76356DFF  srgba(118,53,109,1)
4,9: (30583,8224,37265,65535)  #772091FF  srgba(119,32,145,1)
5,9: (30840,15934,29041,65535)  #783E71FF  srgba(120,62,113,1)
6,9: (31354,14649,49344,65535)  #7A39C0FF  srgba(122,57,192,1)
7,9: (31611,10794,47802,65535)  #7B2ABAFF  srgba(123,42,186,1)
8,9: (31611,14906,43176,65535)  #7B3AA8FF  srgba(123,58,168,1)
9,9: (31868,10794,43176,65535)  #7C2AA8FF  srgba(124,42,168,1)
10,9: (32382,16962,37008,65535)  #7E4290FF  srgba(126,66,144,1)
11,9: (33153,10023,52685,65535)  #8127CDFF  srgba(129,39,205,1)
12,9: (33153,10537,56540,65535)  #8129DCFF  srgba(129,41,220,1)
13,9: (33153,13364,37008,65535)  #813490FF  srgba(129,52,144,1)
14,9: (33410,9509,37008,65535)  #822590FF  srgba(130,37,144,1)
15,9: (33410,11051,60395,65535)  #822BEBFF  srgba(130,43,235,1)
0,10: (33667,11308,37008,65535)  #832C90FF  srgba(131,44,144,1)
1,10: (34438,5397,16705,65535)  #861541FF  srgba(134,21,65,1)
2,10: (34695,4626,11308,65535)  #87122CFF  srgba(135,18,44,1)
3,10: (34952,8738,16448,65535)  #882240FF  srgba(136,34,64,1)
4,10: (34952,11308,24158,65535)  #882C5EFF  srgba(136,44,94,1)
5,10: (34952,16962,37008,65535)  #884290FF  srgba(136,66,144,1)
6,10: (35209,4883,13878,65535)  #891336FF  srgba(137,19,54,1)
7,10: (35209,13364,37008,65535)  #893490FF  srgba(137,52,144,1)
8,10: (35209,16191,45489,65535)  #893FB1FF  srgba(137,63,177,1)
9,10: (35466,13621,46003,65535)  #8A35B3FF  srgba(138,53,179,1)
10,10: (35723,11051,47802,65535)  #8B2BBAFF  srgba(139,43,186,1)
11,10: (35723,11308,43176,65535)  #8B2CA8FF  srgba(139,44,168,1)
12,10: (35980,8738,20560,65535)  #8C2250FF  srgba(140,34,80,1)
13,10: (35980,13621,60138,65535)  #8C35EAFF  srgba(140,53,234,1)
14,10: (35980,15934,56797,65535)  #8C3EDDFF  srgba(140,62,221,1)
15,10: (36237,14135,21074,65535)  #8D3752FF  srgba(141,55,82,1)
0,11: (36237,16705,62194,65535)  #8D41F2FF  srgba(141,65,242,1)
1,11: (36494,11308,27499,65535)  #8E2C6BFF  srgba(142,44,107,1)
2,11: (36494,11822,57825,65535)  #8E2EE1FF  srgba(142,46,225,1)
3,11: (36494,13107,32382,65535)  #8E337EFF  srgba(142,51,126,1)
4,11: (36494,13364,30069,65535)  #8E3475FF  srgba(142,52,117,1)
5,11: (36751,13364,54998,65535)  #8F34D6FF  srgba(143,52,214,1)
6,11: (36751,16448,36751,65535)  #8F408FFF  srgba(143,64,143,1)
7,11: (36751,17476,32382,65535)  #8F447EFF  srgba(143,68,126,1)
8,11: (37008,11308,37265,65535)  #902C91FF  srgba(144,44,145,1)
9,11: (37008,11565,44975,65535)  #902DAFFF  srgba(144,45,175,1)
10,11: (37008,12850,34952,65535)  #903288FF  srgba(144,50,136,1)
11,11: (37008,13107,38036,65535)  #903394FF  srgba(144,51,148,1)
12,11: (37265,14135,27499,65535)  #91376BFF  srgba(145,55,107,1)
13,11: (37265,16191,24415,65535)  #913F5FFF  srgba(145,63,95,1)
14,11: (37522,11822,52685,65535)  #922ECDFF  srgba(146,46,205,1)
15,11: (37779,11308,32639,65535)  #932C7FFF  srgba(147,44,127,1)
0,12: (37779,13364,43433,65535)  #9334A9FF  srgba(147,52,169,1)
1,12: (37779,13364,49087,65535)  #9334BFFF  srgba(147,52,191,1)
2,12: (37779,14392,45489,65535)  #9338B1FF  srgba(147,56,177,1)
3,12: (37779,15677,44204,65535)  #933DACFF  srgba(147,61,172,1)
4,12: (38036,11565,35209,65535)  #942D89FF  srgba(148,45,137,1)
5,12: (38036,11822,32639,65535)  #942E7FFF  srgba(148,46,127,1)
6,12: (38036,13364,36494,65535)  #94348EFF  srgba(148,52,142,1)
7,12: (38293,11051,30326,65535)  #952B76FF  srgba(149,43,118,1)
8,12: (38293,13107,32639,65535)  #95337FFF  srgba(149,51,127,1)
9,12: (38293,17219,29812,65535)  #954374FF  srgba(149,67,116,1)
10,12: (38550,5911,17219,65535)  #961743FF  srgba(150,23,67,1)
11,12: (38550,11822,30069,65535)  #962E75FF  srgba(150,46,117,1)
12,12: (38550,12079,45746,65535)  #962FB2FF  srgba(150,47,178,1)
13,12: (38550,15677,36237,65535)  #963D8DFF  srgba(150,61,141,1)
14,12: (38807,12079,58853,65535)  #972FE5FF  srgba(151,47,229,1)
15,12: (38807,14906,39321,65535)  #973A99FF  srgba(151,58,153,1)
0,13: (38807,16191,32639,65535)  #973F7FFF  srgba(151,63,127,1)
1,13: (38807,16962,27756,65535)  #97426CFF  srgba(151,66,108,1)
2,13: (39064,13621,30069,65535)  #983575FF  srgba(152,53,117,1)
3,13: (39064,14906,35723,65535)  #983A8BFF  srgba(152,58,139,1)
4,13: (39321,11308,32125,65535)  #992C7DFF  srgba(153,44,125,1)
5,13: (39321,11822,34952,65535)  #992E88FF  srgba(153,46,136,1)
6,13: (39321,13107,32382,65535)  #99337EFF  srgba(153,51,126,1)
7,13: (39321,14135,43433,65535)  #9937A9FF  srgba(153,55,169,1)
8,13: (39321,15420,36751,65535)  #993C8FFF  srgba(153,60,143,1)
9,13: (39321,15934,34952,65535)  #993E88FF  srgba(153,62,136,1)
10,13: (39578,13621,36237,65535)  #9A358DFF  srgba(154,53,141,1)
11,13: (39578,14906,42405,65535)  #9A3AA5FF  srgba(154,58,165,1)
12,13: (39578,15677,33153,65535)  #9A3D81FF  srgba(154,61,129,1)
13,13: (39835,14906,38807,65535)  #9B3A97FF  srgba(155,58,151,1)
14,13: (39835,15677,28013,65535)  #9B3D6DFF  srgba(155,61,109,1)
15,13: (39835,15934,32125,65535)  #9B3E7DFF  srgba(155,62,125,1)
0,14: (40092,13107,27756,65535)  #9C336CFF  srgba(156,51,108,1)
1,14: (40092,14392,48573,65535)  #9C38BDFF  srgba(156,56,189,1)
2,14: (40092,14392,60652,65535)  #9C38ECFF  srgba(156,56,236,1)
3,14: (40092,15420,35466,65535)  #9C3C8AFF  srgba(156,60,138,1)
4,14: (40092,15677,35209,65535)  #9C3D89FF  srgba(156,61,137,1)
5,14: (40092,16191,30069,65535)  #9C3F75FF  srgba(156,63,117,1)
6,14: (40349,11822,30069,65535)  #9D2E75FF  srgba(157,46,117,1)
7,14: (40349,14906,35723,65535)  #9D3A8BFF  srgba(157,58,139,1)
8,14: (40349,15677,30326,65535)  #9D3D76FF  srgba(157,61,118,1)
9,14: (40349,16191,35209,65535)  #9D3F89FF  srgba(157,63,137,1)
10,14: (40606,15934,32382,65535)  #9E3E7EFF  srgba(158,62,126,1)
11,14: (40863,8995,17219,65535)  #9F2343FF  srgba(159,35,67,1)
12,14: (40863,13878,32382,65535)  #9F367EFF  srgba(159,54,126,1)
13,14: (40863,14392,53713,65535)  #9F38D1FF  srgba(159,56,209,1)
14,14: (40863,15420,32382,65535)  #9F3C7EFF  srgba(159,60,126,1)
15,14: (41377,14906,30069,65535)  #A13A75FF  srgba(161,58,117,1)
0,15: (41377,18504,62194,65535)  #A148F2FF  srgba(161,72,242,1)
1,15: (41634,15934,30069,65535)  #A23E75FF  srgba(162,62,117,1)
2,15: (41891,11822,24158,65535)  #A32E5EFF  srgba(163,46,94,1)
3,15: (41891,14135,27499,65535)  #A3376BFF  srgba(163,55,107,1)
4,15: (41891,17476,43947,65535)  #A344ABFF  srgba(163,68,171,1)
5,15: (42148,16962,61937,65535)  #A442F1FF  srgba(164,66,241,1)
6,15: (42405,15677,27499,65535)  #A53D6BFF  srgba(165,61,107,1)
7,15: (42662,8995,20560,65535)  #A62350FF  srgba(166,35,80,1)
8,15: (42662,15420,24929,65535)  #A63C61FF  srgba(166,60,97,1)
9,15: (42662,17219,51400,65535)  #A643C8FF  srgba(166,67,200,1)
10,15: (42919,15163,60138,65535)  #A73BEAFF  srgba(167,59,234,1)
11,15: (43690,19275,51143,65535)  #AA4BC7FF  srgba(170,75,199,1)
12,15: (43947,12336,21074,65535)  #AB3052FF  srgba(171,48,82,1)
13,15: (43947,15163,63479,65535)  #AB3BF7FF  srgba(171,59,247,1)
14,15: (44975,17219,61937,65535)  #AF43F1FF  srgba(175,67,241,1)
15,15: (0,65535,0,0)  #00FF0000  srgba(0,255,0,0)
