# ImageMagick pixel enumeration: 16,16,65535,srgba
0,0: (0,0,0,65535)  #000000FF  black
1,0: (0,514,0,65535)  #000200FF  srgba(0,2,0,1)
2,0: (0,9509,25957,65535)  #002565FF  srgba(0,37,101,1)
3,0: (0,10280,40863,65535)  #00289FFF  srgba(0,40,159,1)
4,0: (0,10537,59624,65535)  #0029E8FF  srgba(0,41,232,1)
5,0: (0,12593,46517,65535)  #0031B5FF  srgba(0,49,181,1)
6,0: (0,14135,51143,65535)  #0037C7FF  srgba(0,55,199,1)
7,0: (0,15677,3084,65535)  #003D0CFF  srgba(0,61,12,1)
8,0: (0,16705,48316,65535)  #0041BCFF  srgba(0,65,188,1)
9,0: (0,16962,42919,65535)  #0042A7FF  srgba(0,66,167,1)
10,0: (0,17990,50629,65535)  #0046C5FF  srgba(0,70,197,1)
11,0: (0,19275,58853,65535)  #004BE5FF  srgba(0,75,229,1)
12,0: (0,20560,46774,65535)  #0050B6FF  srgba(0,80,182,1)
13,0: (0,20560,50372,65535)  #0050C4FF  srgba(0,80,196,1)
14,0: (0,20817,20046,65535)  #00514EFF  srgba(0,81,78,1)
15,0: (0,20817,21588,65535)  #005154FF  srgba(0,81,84,1)
0,1: (0,20817,30069,65535)  #005175FF  srgba(0,81,117,1)
1,1: (0,21074,23387,65535)  #00525BFF  srgba(0,82,91,1)
2,1: (0,21074,41120,65535)  #0052A0FF  srgba(0,82,160,1)
3,1: (0,21074,52171,65535)  #0052CBFF  srgba(0,82,203,1)
4,1: (0,24415,57825,65535)  #005FE1FF  srgba(0,95,225,1)
5,1: (0,24929,57568,65535)  #0061E0FF  srgba(0,97,224,1)
6,1: (0,25186,52171,65535)  #0062CBFF  srgba(0,98,203,1)
7,1: (0,25443,50886,65535)  #0063C6FF  srgba(0,99,198,1)
8,1: (0,25443,51914,65535)  #0063CAFF  srgba(0,99,202,1)
9,1: (0,26214,53713,65535)  #0066D1FF  srgba(0,102,209,1)
10,1: (0,26471,52428,65535)  #0067CCFF  srgba(0,103,204,1)
11,1: (0,26471,53199,65535)  #0067CFFF  srgba(0,103,207,1)
12,1: (0,26471,53456,65535)  #0067D0FF  srgba(0,103,208,1)
13,1: (0,26728,42662,65535)  #0068A6FF  srgba(0,104,166,1)
14,1: (0,26728,46003,65535)  #0068B3FF  srgba(0,104,179,1)
15,1: (0,26728,53713,65535)  #0068D1FF  srgba(0,104,209,1)
0,2: (0,26985,4883,65535)  #006913FF  srgba(0,105,19,1)
1,2: (0,27242,37265,65535)  #006A91FF  srgba(0,106,145,1)
2,2: (0,27242,39835,65535)  #006A9BFF  srgba(0,106,155,1)
3,2: (0,27242,42662,65535)  #006AA6FF  srgba(0,106,166,1)
4,2: (0,27499,23901,65535)  #006B5DFF  srgba(0,107,93,1)
5,2: (0,27499,24158,65535)  #006B5EFF  srgba(0,107,94,1)
6,2: (0,27756,22102,65535)  #006C56FF  srgba(0,108,86,1)
7,2: (0,27756,30069,65535)  #006C75FF  srgba(0,108,117,1)
8,2: (0,28013,30326,65535)  #006D76FF  srgba(0,109,118,1)
9,2: (0,28013,56283,65535)  #006DDBFF  srgba(0,109,219,1)
10,2: (0,28270,16191,65535)  #006E3FFF  srgba(0,110,63,1)
11,2: (0,29041,56797,65535)  #0071DDFF  srgba(0,113,221,1)
12,2: (0,29298,58596,65535)  #0072E4FF  srgba(0,114,228,1)
13,2: (0,32125,55769,65535)  #007DD9FF  srgba(0,125,217,1)
14,2: (0,32125,57568,65535)  #007DE0FF  srgba(0,125,224,1)
15,2: (0,32382,58082,65535)  #007EE2FF  srgba(0,126,226,1)
0,3: (0,32639,58853,65535)  #007FE5FF  srgba(0,127,229,1)
1,3: (0,33924,5911,65535)  #008417FF  srgba(0,132,23,1)
2,3: (0,33924,52428,65535)  #0084CCFF  srgba(0,132,204,1)
3,3: (0,34181,26985,65535)  #008569FF  srgba(0,133,105,1)
4,3: (0,34438,14135,65535)  #008637FF  srgba(0,134,55,1)
5,3: (0,34438,17219,65535)  #008643FF  srgba(0,134,67,1)
6,3: (0,34438,29041,65535)  #008671FF  srgba(0,134,113,1)
7,3: (0,34438,30069,65535)  #008675FF  srgba(0,134,117,1)
8,3: (0,34438,32125,65535)  #00867DFF  srgba(0,134,125,1)
9,3: (0,34438,35723,65535)  #00868BFF  srgba(0,134,139,1)
10,3: (0,34438,40606,65535)  #00869EFF  srgba(0,134,158,1)
11,3: (0,34438,46003,65535)  #0086B3FF  srgba(0,134,179,1)
12,3: (0,34695,22102,65535)  #008756FF  srgba(0,135,86,1)
13,3: (0,35209,7196,65535)  #00891CFF  srgba(0,137,28,1)
14,3: (0,35980,57568,65535)  #008CE0FF  srgba(0,140,224,1)
15,3: (0,36237,3598,65535)  #008D0EFF  srgba(0,141,14,1)
0,4: (0,36494,57825,65535)  #008EE1FF  srgba(0,142,225,1)
1,4: (0,37008,62194,65535)  #0090F2FF  srgba(0,144,242,1)
2,4: (0,37265,59881,65535)  #0091E9FF  srgba(0,145,233,1)
3,4: (0,37265,60652,65535)  #0091ECFF  srgba(0,145,236,1)
4,4: (0,39321,29041,65535)  #009971FF  srgba(0,153,113,1)
5,4: (0,39835,7710,65535)  #009B1EFF  srgba(0,155,30,1)
6,4: (0,39835,27499,65535)  #009B6BFF  srgba(0,155,107,1)
7,4: (0,39835,59110,65535)  #009BE6FF  srgba(0,155,230,1)
8,4: (0,40092,17219,65535)  #009C43FF  srgba(0,156,67,1)
9,4: (0,40092,32382,65535)  #009C7EFF  srgba(0,156,126,1)
10,4: (0,40092,40606,65535)  #009C9EFF  srgba(0,156,158,1)
11,4: (0,40092,45489,65535)  #009CB1FF  srgba(0,156,177,1)
12,4: (0,40092,50886,65535)  #009CC6FF  srgba(0,156,198,1)
13,4: (0,40349,17990,65535)  #009D46FF  srgba(0,157,70,1)
14,4: (0,40349,30583,65535)  #009D77FF  srgba(0,157,119,1)
15,4: (0,40349,35723,65535)  #009D8BFF  srgba(0,157,139,1)
0,5: (0,40606,7453,65535)  #009E1DFF  srgba(0,158,29,1)
1,5: (0,41377,62965,65535)  #00A1F5FF  srgba(0,161,245,1)
2,5: (0,41634,60909,65535)  #00A2EDFF  srgba(0,162,237,1)
3,5: (0,42148,58853,65535)  #00A4E5FF  srgba(0,164,229,1)
4,5: (0,43947,45232,65535)  #00ABB0FF  srgba(0,171,176,1)
5,5: (0,44204,63222,65535)  #00ACF6FF  srgba(0,172,246,1)
6,5: (0,44461,16962,65535)  #00AD42FF  srgba(0,173,66,1)
7,5: (0,44975,8224,65535)  #00AF20FF  srgba(0,175,32,1)
8,5: (0,44975,31611,65535)  #00AF7BFF  srgba(0,175,123,1)
9,5: (0,45232,25443,65535)  #00B063FF  srgba(0,176,99,1)
10,5: (0,45489,11308,65535)  #00B12CFF  srgba(0,177,44,1)
11,5: (0,45489,21845,65535)  #00B155FF  srgba(0,177,85,1)
12,5: (0,45489,35723,65535)  #00B18BFF  srgba(0,177,139,1)
13,5: (0,46003,10023,65535)  #00B327FF  srgba(0,179,39,1)
14,5: (0,46517,61166,65535)  #00B5EEFF  srgba(0,181,238,1)
15,5: (0,46517,62451,65535)  #00B5F3FF  srgba(0,181,243,1)
0,6: (0,47031,45489,65535)  #00B7B1FF  srgba(0,183,177,1)
1,6: (0,47031,63479,65535)  #00B7F7FF  srgba(0,183,247,1)
2,6: (0,47545,16962,65535)  #00B942FF  srgba(0,185,66,1)
3,6: (0,48830,31611,65535)  #00BE7BFF  srgba(0,190,123,1)
4,6: (0,49087,23901,65535)  #00BF5DFF  srgba(0,191,93,1)
5,6: (0,50115,63736,65535)  #00C3F8FF  srgba(0,195,248,1)
6,6: (0,50372,64250,65535)  #00C4FAFF  srgba(0,196,250,1)
7,6: (0,50886,16705,65535)  #00C641FF  srgba(0,198,65,1)
8,6: (0,51657,11051,65535)  #00C92BFF  srgba(0,201,43,1)
9,6: (0,52428,31611,65535)  #00CC7BFF  srgba(0,204,123,1)
10,6: (0,52942,24158,65535)  #00CE5EFF  srgba(0,206,94,1)
11,6: (257,514,2827,65535)  #01020BFF  srgba(1,2,11,1)
12,6: (257,13878,26728,65535)  #013668FF  srgba(1,54,104,1)
13,6: (257,15163,59624,65535)  #013BE8FF  srgba(1,59,232,1)
14,6: (257,28270,5654,65535)  #016E16FF  srgba(1,110,22,1)
15,6: (257,37008,59367,65535)  #0190E7FF  srgba(1,144,231,1)
0,7: (257,43947,39578,65535)  #01AB9AFF  srgba(1,171,154,1)
1,7: (257,45489,49601,65535)  #01B1C1FF  srgba(1,177,193,1)
2,7: (257,45489,52685,65535)  #01B1CDFF  srgba(1,177,205,1)
3,7: (257,47031,57054,65535)  #01B7DEFF  srgba(1,183,222,1)
4,7: (257,47288,39321,65535)  #01B899FF  srgba(1,184,153,1)
5,7: (257,49601,45746,65535)  #01C1B2FF  srgba(1,193,178,1)
6,7: (257,49858,35980,65535)  #01C28CFF  srgba(1,194,140,1)
7,7: (257,49858,39578,65535)  #01C29AFF  srgba(1,194,154,1)
8,7: (257,50115,61937,65535)  #01C3F1FF  srgba(1,195,241,1)
9,7: (257,50886,51400,65535)  #01C6C8FF  srgba(1,198,200,1)
10,7: (257,52428,45746,65535)  #01CCB2FF  srgba(1,204,178,1)
11,7: (257,52942,36237,65535)  #01CE8DFF  srgba(1,206,141,1)
12,7: (257,54741,16191,65535)  #01D53FFF  srgba(1,213,63,1)
13,7: (257,55769,12850,65535)  #01D932FF  srgba(1,217,50,1)
14,7: (514,5397,14392,65535)  #021538FF  srgba(2,21,56,1)
15,7: (514,16448,26471,65535)  #024067FF  srgba(2,64,103,1)
0,8: (514,20817,44975,65535)  #0251AFFF  srgba(2,81,175,1)
1,8: (514,34695,51914,65535)  #0287CAFF  srgba(2,135,202,1)
2,8: (514,47802,64764,65535)  #02BAFCFF  srgba(2,186,252,1)
3,8: (514,50629,56540,65535)  #02C5DCFF  srgba(2,197,220,1)
4,8: (514,52685,39835,65535)  #02CD9BFF  srgba(2,205,155,1)
5,8: (771,6168,3855,65535)  #03180FFF  srgba(3,24,15,1)
6,8: (771,27756,30326,65535)  #036C76FF  srgba(3,108,118,1)
7,8: (771,34952,38550,65535)  #038896FF  srgba(3,136,150,1)
8,8: (771,35209,46260,65535)  #0389B4FF  srgba(3,137,180,1)
9,8: (771,37008,64507,65535)  #0390FBFF  srgba(3,144,251,1)
10,8: (771,40606,38807,65535)  #039E97FF  srgba(3,158,151,1)
11,8: (771,40863,48316,65535)  #039FBCFF  srgba(3,159,188,1)
12,8: (771,46260,64764,65535)  #03B4FCFF  srgba(3,180,252,1)
13,8: (771,49344,65021,65535)  #03C0FDFF  srgba(3,192,253,1)
14,8: (771,51143,65021,65535)  #03C7FDFF  srgba(3,199,253,1)
15,8: (771,51914,12850,65535)  #03CA32FF  srgba(3,202,50,1)
0,9: (1028,13107,16705,65535)  #043341FF  srgba(4,51,65,1)
1,9: (1028,19789,61680,65535)  #044DF0FF  srgba(4,77,240,1)
2,9: (1028,37265,7967,65535)  #04911FFF  srgba(4,145,31,1)
3,9: (1028,42662,63736,65535)  #04A6F8FF  srgba(4,166,248,1)
4,9: (1028,42919,65021,65535)  #04A7FDFF  srgba(4,167,253,1)
5,9: (1285,36751,17219,65535)  #058F43FF  srgba(5,143,67,1)
6,9: (1285,38807,29041,65535)  #059771FF  srgba(5,151,113,1)
7,9: (1542,27499,39835,65535)  #066B9BFF  srgba(6,107,155,1)
8,9: (1542,27756,21331,65535)  #066C53FF  srgba(6,108,83,1)
9,9: (1542,32382,63736,65535)  #067EF8FF  srgba(6,126,248,1)
10,9: (1542,41377,16448,65535)  #06A140FF  srgba(6,161,64,1)
11,9: (1542,47031,31097,65535)  #06B779FF  srgba(6,183,121,1)
12,9: (1542,47545,23901,65535)  #06B95DFF  srgba(6,185,93,1)
13,9: (1542,52942,30840,65535)  #06CE78FF  srgba(6,206,120,1)
14,9: (1799,45746,11822,65535)  #07B22EFF  srgba(7,178,46,1)
15,9: (1799,53199,23644,65535)  #07CF5CFF  srgba(7,207,92,1)
0,10: (2056,14906,5397,65535)  #083A15FF  srgba(8,58,21,1)
1,10: (2056,41891,60909,65535)  #08A3EDFF  srgba(8,163,237,1)
2,10: (2313,42148,56540,65535)  #09A4DCFF  srgba(9,164,220,1)
3,10: (2570,46517,16191,65535)  #0AB53FFF  srgba(10,181,63,1)
4,10: (2827,50886,16705,65535)  #0BC641FF  srgba(11,198,65,1)
5,10: (2827,53456,38293,65535)  #0BD095FF  srgba(11,208,149,1)
6,10: (2827,54741,16705,65535)  #0BD541FF  srgba(11,213,65,1)
7,10: (3084,41634,65535,65535)  #0CA2FFFF  srgba(12,162,255,1)
8,10: (3084,46260,36751,65535)  #0CB48FFF  srgba(12,180,143,1)
9,10: (3084,46517,51143,65535)  #0CB5C7FF  srgba(12,181,199,1)
10,10: (3084,50886,38807,65535)  #0CC697FF  srgba(12,198,151,1)
11,10: (3084,51143,50886,65535)  #0CC7C6FF  srgba(12,199,198,1)
12,10: (3341,24672,64507,65535)  #0D60FBFF  srgba(13,96,251,1)
13,10: (3341,44204,65535,65535)  #0DACFFFF  srgba(13,172,255,1)
14,10: (3341,46260,44718,65535)  #0DB4AEFF  srgba(13,180,174,1)
15,10: (3341,46774,40092,65535)  #0DB69CFF  srgba(13,182,156,1)
0,11: (3341,51657,43947,65535)  #0DC9ABFF  srgba(13,201,171,1)
1,11: (3855,36237,39064,65535)  #0F8D98FF  srgba(15,141,152,1)
2,11: (3855,38293,50372,65535)  #0F95C4FF  srgba(15,149,196,1)
3,11: (3855,40863,39064,65535)  #0F9F98FF  srgba(15,159,152,1)
4,11: (3855,49087,63993,65535)  #0FBFF9FF  srgba(15,191,249,1)
5,11: (4112,38293,43947,65535)  #1095ABFF  srgba(16,149,171,1)
6,11: (4112,39321,28527,65535)  #10996FFF  srgba(16,153,111,1)
7,11: (4112,46774,58853,65535)  #10B6E5FF  srgba(16,182,229,1)
8,11: (4112,47545,65535,65535)  #10B9FFFF  srgba(16,185,255,1)
9,11: (4112,49858,65535,65535)  #10C2FFFF  srgba(16,194,255,1)
10,11: (4112,50115,56797,65535)  #10C3DDFF  srgba(16,195,221,1)
11,11: (4369,37265,64250,65535)  #1191FAFF  srgba(17,145,250,1)
12,11: (4369,46517,65535,65535)  #11B5FFFF  srgba(17,181,255,1)
13,11: (4369,46774,65535,65535)  #11B6FFFF  srgba(17,182,255,1)
14,11: (4369,48316,24158,65535)  #11BC5EFF  srgba(17,188,94,1)
15,11: (4369,48316,31097,65535)  #11BC79FF  srgba(17,188,121,1)
0,12: (4369,48573,65535,65535)  #11BDFFFF  srgba(17,189,255,1)
1,12: (4369,49087,65535,65535)  #11BFFFFF  srgba(17,191,255,1)
2,12: (4369,53199,30326,65535)  #11CF76FF  srgba(17,207,118,1)
3,12: (4369,53970,22873,65535)  #11D259FF  srgba(17,210,89,1)
4,12: (4626,46774,65278,65535)  #12B6FEFF  srgba(18,182,254,1)
5,12: (4883,28527,65021,65535)  #136FFDFF  srgba(19,111,253,1)
6,12: (5140,20560,18504,65535)  #145048FF  srgba(20,80,72,1)
7,12: (5140,39578,16962,65535)  #149A42FF  srgba(20,154,66,1)
8,12: (5654,46774,40863,65535)  #16B69FFF  srgba(22,182,159,1)
9,12: (5911,51143,40863,65535)  #17C79FFF  srgba(23,199,159,1)
10,12: (5911,53713,17733,65535)  #17D145FF  srgba(23,209,69,1)
11,12: (6168,46517,16705,65535)  #18B541FF  srgba(24,181,65,1)
12,12: (6425,45746,22359,65535)  #19B257FF  srgba(25,178,87,1)
13,12: (6425,48316,30069,65535)  #19BC75FF  srgba(25,188,117,1)
14,12: (6425,53199,26471,65535)  #19CF67FF  srgba(25,207,103,1)
15,12: (6682,27756,41377,65535)  #1A6CA1FF  srgba(26,108,161,1)
0,13: (6682,47545,65535,65535)  #1AB9FFFF  srgba(26,185,255,1)
1,13: (6939,32382,65021,65535)  #1B7EFDFF  srgba(27,126,253,1)
2,13: (6939,38293,42148,65535)  #1B95A4FF  srgba(27,149,164,1)
3,13: (6939,50372,48059,65535)  #1BC4BBFF  srgba(27,196,187,1)
4,13: (7196,46260,51143,65535)  #1CB4C7FF  srgba(28,180,199,1)
5,13: (7196,46517,46260,65535)  #1CB5B4FF  srgba(28,181,180,1)
6,13: (7196,48059,65535,65535)  #1CBBFFFF  srgba(28,187,255,1)
7,13: (7453,42662,62451,65535)  #1DA6F3FF  srgba(29,166,243,1)
8,13: (7453,47545,65535,65535)  #1DB9FFFF  srgba(29,185,255,1)
9,13: (7453,48059,60652,65535)  #1DBBECFF  srgba(29,187,236,1)
10,13: (7710,43176,65535,65535)  #1EA8FFFF  srgba(30,168,255,1)
11,13: (7710,43433,65535,65535)  #1EA9FFFF  srgba(30,169,255,1)
12,13: (7710,47288,41634,65535)  #1EB8A2FF  srgba(30,184,162,1)
13,13: (7710,47545,26985,65535)  #1EB969FF  srgba(30,185,105,1)
14,13: (7710,47545,65535,65535)  #1EB9FFFF  srgba(30,185,255,1)
15,13: (7710,51400,40349,65535)  #1EC89DFF  srgba(30,200,157,1)
0,14: (7710,53199,26214,65535)  #1ECF66FF  srgba(30,207,102,1)
1,14: (7967,38036,49858,65535)  #1F94C2FF  srgba(31,148,194,1)
2,14: (7967,43176,65535,65535)  #1FA8FFFF  srgba(31,168,255,1)
3,14: (8738,37008,64507,65535)  #2290FBFF  srgba(34,144,251,1)
4,14: (8995,51143,27242,65535)  #23C76AFF  srgba(35,199,106,1)
5,14: (9252,38550,43176,65535)  #2496A8FF  srgba(36,150,168,1)
6,14: (9252,46260,65535,65535)  #24B4FFFF  srgba(36,180,255,1)
7,14: (9252,49344,40349,65535)  #24C09DFF  srgba(36,192,157,1)
8,14: (9509,28013,16705,65535)  #256D41FF  srgba(37,109,65,1)
9,14: (9509,39064,28270,65535)  #25986EFF  srgba(37,152,110,1)
10,14: (9766,47545,62451,65535)  #26B9F3FF  srgba(38,185,243,1)
11,14: (10023,46774,65535,65535)  #27B6FFFF  srgba(39,182,255,1)
12,14: (10023,47288,65535,65535)  #27B8FFFF  srgba(39,184,255,1)
13,14: (10280,49858,47802,65535)  #28C2BAFF  srgba(40,194,186,1)
14,14: (10537,46260,48830,65535)  #29B4BEFF  srgba(41,180,190,1)
15,14: (11051,42919,64764,65535)  #2BA7FCFF  srgba(43,167,252,1)
0,15: (11308,43176,65535,65535)  #2CA8FFFF  srgba(44,168,255,1)
1,15: (11308,48830,40349,65535)  #2CBE9DFF  srgba(44,190,157,1)
2,15: (11565,46517,65535,65535)  #2DB5FFFF  srgba(45,181,255,1)
3,15: (11565,46774,64250,65535)  #2DB6FAFF  srgba(45,182,250,1)
4,15: (11565,49087,27499,65535)  #2DBF6BFF  srgba(45,191,107,1)
5,15: (12079,37265,64764,65535)  #2F91FCFF  srgba(47,145,252,1)
6,15: (12336,37265,18761,65535)  #309149FF  srgba(48,145,73,1)
7,15: (12593,43176,65021,65535)  #31A8FDFF  srgba(49,168,253,1)
8,15: (12850,37779,42662,65535)  #3293A6FF  srgba(50,147,166,1)
9,15: (12850,46517,64507,65535)  #32B5FBFF  srgba(50,181,251,1)
10,15: (13107,38293,49601,65535)  #3395C1FF  srgba(51,149,193,1)
11,15: (13107,49087,49601,65535)  #33BFC1FF  srgba(51,191,193,1)
12,15: (14135,43176,65021,65535)  #37A8FDFF  srgba(55,168,253,1)
13,15: (14392,45232,49858,65535)  #38B0C2FF  srgba(56,176,194,1)
14,15: (14392,46517,64250,65535)  #38B5FAFF  srgba(56,181,250,1)
15,15: (0,65535,0,0)  #00FF0000  srgba(0,255,0,0)
