# ImageMagick pixel enumeration: 16,16,65535,srgba
0,0: (0,0,0,65535)  #000000FF  black
1,0: (0,12850,11051,65535)  #00322BFF  srgba(0,50,43,1)
2,0: (0,13107,7453,65535)  #00331DFF  srgba(0,51,29,1)
3,0: (0,21588,11308,65535)  #00542CFF  srgba(0,84,44,1)
4,0: (0,21588,14906,65535)  #00543AFF  srgba(0,84,58,1)
5,0: (0,28013,16705,65535)  #006D41FF  srgba(0,109,65,1)
6,0: (0,37779,17219,65535)  #009343FF  srgba(0,147,67,1)
7,0: (0,41377,29555,65535)  #00A173FF  srgba(0,161,115,1)
8,0: (0,42405,29041,65535)  #00A571FF  srgba(0,165,113,1)
9,0: (0,42405,29812,65535)  #00A574FF  srgba(0,165,116,1)
10,0: (0,42662,24158,65535)  #00A65EFF  srgba(0,166,94,1)
11,0: (0,42662,28013,65535)  #00A66DFF  srgba(0,166,109,1)
12,0: (0,42662,28013,65535)  #00A66DFF  srgba(0,166,109,1)
13,0: (0,43176,26728,65535)  #00A868FF  srgba(0,168,104,1)
14,0: (0,43176,27242,65535)  #00A86AFF  srgba(0,168,106,1)
15,0: (0,43690,27242,65535)  #00AA6AFF  srgba(0,170,106,1)
0,1: (0,43690,27756,65535)  #00AA6CFF  srgba(0,170,108,1)
1,1: (0,43947,25700,65535)  #00AB64FF  srgba(0,171,100,1)
2,1: (0,43947,26471,65535)  #00AB67FF  srgba(0,171,103,1)
3,1: (0,44461,24415,65535)  #00AD5FFF  srgba(0,173,95,1)
4,1: (0,44461,25443,65535)  #00AD63FF  srgba(0,173,99,1)
5,1: (0,45489,21845,65535)  #00B155FF  srgba(0,177,85,1)
6,1: (0,45489,22359,65535)  #00B157FF  srgba(0,177,87,1)
7,1: (0,45489,23644,65535)  #00B15CFF  srgba(0,177,92,1)
8,1: (0,45489,23901,65535)  #00B15DFF  srgba(0,177,93,1)
9,1: (0,45746,22873,65535)  #00B259FF  srgba(0,178,89,1)
10,1: (0,45746,22873,65535)  #00B259FF  srgba(0,178,89,1)
11,1: (257,0,514,65535)  #010002FF  srgba(1,0,2,1)
12,1: (257,8224,6425,65535)  #012019FF  srgba(1,32,25,1)
13,1: (257,13107,14906,65535)  #01333AFF  srgba(1,51,58,1)
14,1: (257,39835,34181,65535)  #019B85FF  srgba(1,155,133,1)
15,1: (257,40606,32639,65535)  #019E7FFF  srgba(1,158,127,1)
0,2: (257,41120,29298,65535)  #01A072FF  srgba(1,160,114,1)
1,2: (257,41120,31097,65535)  #01A079FF  srgba(1,160,121,1)
2,2: (257,42148,30583,65535)  #01A477FF  srgba(1,164,119,1)
3,2: (257,42919,25700,65535)  #01A764FF  srgba(1,167,100,1)
4,2: (257,44461,25700,65535)  #01AD64FF  srgba(1,173,100,1)
5,2: (257,45232,24158,65535)  #01B05EFF  srgba(1,176,94,1)
6,2: (257,45746,22616,65535)  #01B258FF  srgba(1,178,88,1)
7,2: (514,32125,21845,65535)  #027D55FF  srgba(2,125,85,1)
8,2: (514,40349,21588,65535)  #029D54FF  srgba(2,157,84,1)
9,2: (514,43690,28527,65535)  #02AA6FFF  srgba(2,170,111,1)
10,2: (514,45746,22873,65535)  #02B259FF  srgba(2,178,89,1)
11,2: (771,45232,22616,65535)  #03B058FF  srgba(3,176,88,1)
12,2: (771,45232,23901,65535)  #03B05DFF  srgba(3,176,93,1)
13,2: (1028,7196,14392,65535)  #041C38FF  srgba(4,28,56,1)
14,2: (1028,19532,8481,65535)  #044C21FF  srgba(4,76,33,1)
15,2: (1028,37265,22359,65535)  #049157FF  srgba(4,145,87,1)
0,3: (1028,40606,24929,65535)  #049E61FF  srgba(4,158,97,1)
1,3: (1285,7710,11308,65535)  #051E2CFF  srgba(5,30,44,1)
2,3: (1285,27242,11308,65535)  #056A2CFF  srgba(5,106,44,1)
3,3: (1285,37779,36751,65535)  #05938FFF  srgba(5,147,143,1)
4,3: (1285,42662,24415,65535)  #05A65FFF  srgba(5,166,95,1)
5,3: (1542,21845,15163,65535)  #06553BFF  srgba(6,85,59,1)
6,3: (1542,45232,23901,65535)  #06B05DFF  srgba(6,176,93,1)
7,3: (1799,44718,25700,65535)  #07AE64FF  srgba(7,174,100,1)
8,3: (2056,4369,8481,65535)  #081121FF  srgba(8,17,33,1)
9,3: (2056,27499,13878,65535)  #086B36FF  srgba(8,107,54,1)
10,3: (2056,32382,14649,65535)  #087E39FF  srgba(8,126,57,1)
11,3: (2313,13621,7967,65535)  #09351FFF  srgba(9,53,31,1)
12,3: (2570,0,6168,65535)  #0A0018FF  srgba(10,0,24,1)
13,3: (2827,24672,20303,65535)  #0B604FFF  srgba(11,96,79,1)
14,3: (2827,32639,17476,65535)  #0B7F44FF  srgba(11,127,68,1)
15,3: (2827,44461,22359,65535)  #0BAD57FF  srgba(11,173,87,1)
0,4: (3084,21331,11051,65535)  #0C532BFF  srgba(12,83,43,1)
1,4: (3341,13364,11051,65535)  #0D342BFF  srgba(13,52,43,1)
2,4: (3598,4112,12593,65535)  #0E1031FF  srgba(14,16,49,1)
3,4: (3598,12593,15934,65535)  #0E313EFF  srgba(14,49,62,1)
4,4: (3598,33410,26985,65535)  #0E8269FF  srgba(14,130,105,1)
5,4: (3598,36494,33410,65535)  #0E8E82FF  srgba(14,142,130,1)
6,4: (3855,40349,23644,65535)  #0F9D5CFF  srgba(15,157,92,1)
7,4: (4112,32382,22616,65535)  #107E58FF  srgba(16,126,88,1)
8,4: (4112,37265,17733,65535)  #109145FF  srgba(16,145,69,1)
9,4: (4369,4112,15420,65535)  #11103CFF  srgba(17,16,60,1)
10,4: (4369,9252,20046,65535)  #11244EFF  srgba(17,36,78,1)
11,4: (4369,17733,20046,65535)  #11454EFF  srgba(17,69,78,1)
12,4: (4369,24929,22873,65535)  #116159FF  srgba(17,97,89,1)
13,4: (4626,4112,13878,65535)  #121036FF  srgba(18,16,54,1)
14,4: (4626,27756,16448,65535)  #126C40FF  srgba(18,108,64,1)
15,4: (4626,44975,24158,65535)  #12AF5EFF  srgba(18,175,94,1)
0,5: (5140,771,8995,65535)  #140323FF  srgba(20,3,35,1)
1,5: (5140,37522,29812,65535)  #149274FF  srgba(20,146,116,1)
2,5: (5140,40092,28013,65535)  #149C6DFF  srgba(20,156,109,1)
3,5: (5140,42405,25443,65535)  #14A563FF  srgba(20,165,99,1)
4,5: (5397,37522,26985,65535)  #159269FF  srgba(21,146,105,1)
5,5: (5654,7196,15934,65535)  #161C3EFF  srgba(22,28,62,1)
6,5: (5654,42662,22102,65535)  #16A656FF  srgba(22,166,86,1)
7,5: (5911,17733,22359,65535)  #174557FF  srgba(23,69,87,1)
8,5: (6168,25186,26985,65535)  #186269FF  srgba(24,98,105,1)
9,5: (6168,33410,29555,65535)  #188273FF  srgba(24,130,115,1)
10,5: (6425,21074,15677,65535)  #19523DFF  srgba(25,82,61,1)
11,5: (6682,3084,16705,65535)  #1A0C41FF  srgba(26,12,65,1)
12,5: (6682,15163,23901,65535)  #1A3B5DFF  srgba(26,59,93,1)
13,5: (6682,15677,26728,65535)  #1A3D68FF  srgba(26,61,104,1)
14,5: (6682,37265,22616,65535)  #1A9158FF  srgba(26,145,88,1)
15,5: (6939,10023,22359,65535)  #1B2757FF  srgba(27,39,87,1)
0,6: (7196,12336,16448,65535)  #1C3040FF  srgba(28,48,64,1)
1,6: (7196,40092,23130,65535)  #1C9C5AFF  srgba(28,156,90,1)
2,6: (7710,2827,15677,65535)  #1E0B3DFF  srgba(30,11,61,1)
3,6: (7967,2570,17990,65535)  #1F0A46FF  srgba(31,10,70,1)
4,6: (7967,32382,22873,65535)  #1F7E59FF  srgba(31,126,89,1)
5,6: (8481,2570,21588,65535)  #210A54FF  srgba(33,10,84,1)
6,6: (8738,2313,19789,65535)  #22094DFF  srgba(34,9,77,1)
7,6: (8738,33410,27242,65535)  #22826AFF  srgba(34,130,106,1)
8,6: (8995,1028,16448,65535)  #230440FF  srgba(35,4,64,1)
9,6: (8995,2827,24158,65535)  #230B5EFF  srgba(35,11,94,1)
10,6: (8995,8224,20046,65535)  #23204EFF  srgba(35,32,78,1)
11,6: (9252,2056,16962,65535)  #240842FF  srgba(36,8,66,1)
12,6: (9509,1285,17990,65535)  #250546FF  srgba(37,5,70,1)
13,6: (9509,1799,17990,65535)  #250746FF  srgba(37,7,70,1)
14,6: (9766,1799,17990,65535)  #260746FF  srgba(38,7,70,1)
15,6: (10280,1542,17733,65535)  #280645FF  srgba(40,6,69,1)
0,7: (10280,1542,17990,65535)  #280646FF  srgba(40,6,70,1)
1,7: (10280,1542,18761,65535)  #280649FF  srgba(40,6,73,1)
2,7: (10537,2827,24929,65535)  #290B61FF  srgba(41,11,97,1)
3,7: (10794,1542,17990,65535)  #2A0646FF  srgba(42,6,70,1)
4,7: (10794,1799,16962,65535)  #2A0742FF  srgba(42,7,66,1)
5,7: (10794,2313,21845,65535)  #2A0955FF  srgba(42,9,85,1)
6,7: (11308,2570,19275,65535)  #2C0A4BFF  srgba(44,10,75,1)
7,7: (11308,32896,29298,65535)  #2C8072FF  srgba(44,128,114,1)
8,7: (11565,1285,17733,65535)  #2D0545FF  srgba(45,5,69,1)
9,7: (11565,40863,30069,65535)  #2D9F75FF  srgba(45,159,117,1)
10,7: (12079,17990,24929,65535)  #2F4661FF  srgba(47,70,97,1)
11,7: (12079,39835,21588,65535)  #2F9B54FF  srgba(47,155,84,1)
12,7: (12336,2313,18247,65535)  #300947FF  srgba(48,9,71,1)
13,7: (12336,3598,27242,65535)  #300E6AFF  srgba(48,14,106,1)
14,7: (12336,8224,16705,65535)  #302041FF  srgba(48,32,65,1)
15,7: (12593,3084,20560,65535)  #310C50FF  srgba(49,12,80,1)
0,8: (12593,10537,21845,65535)  #312955FF  srgba(49,41,85,1)
1,8: (12593,12079,24415,65535)  #312F5FFF  srgba(49,47,95,1)
2,8: (12593,34438,26214,65535)  #318666FF  srgba(49,134,102,1)
3,8: (12593,41891,25186,65535)  #31A362FF  srgba(49,163,98,1)
4,8: (12850,2056,17476,65535)  #320844FF  srgba(50,8,68,1)
5,8: (12850,6425,21074,65535)  #321952FF  srgba(50,25,82,1)
6,8: (12850,25957,26985,65535)  #326569FF  srgba(50,101,105,1)
7,8: (12850,30583,16448,65535)  #327740FF  srgba(50,119,64,1)
8,8: (13107,17990,26985,65535)  #334669FF  srgba(51,70,105,1)
9,8: (13107,32125,21331,65535)  #337D53FF  srgba(51,125,83,1)
10,8: (13364,1028,16962,65535)  #340442FF  srgba(52,4,66,1)
11,8: (13364,18761,10280,65535)  #344928FF  srgba(52,73,40,1)
12,8: (13364,20817,14135,65535)  #345137FF  srgba(52,81,55,1)
13,8: (13621,3084,23644,65535)  #350C5CFF  srgba(53,12,92,1)
14,8: (13621,16962,20560,65535)  #354250FF  srgba(53,66,80,1)
15,8: (13621,26728,29812,65535)  #356874FF  srgba(53,104,116,1)
0,9: (13878,38036,34438,65535)  #369486FF  srgba(54,148,134,1)
1,9: (14135,2827,19275,65535)  #370B4BFF  srgba(55,11,75,1)
2,9: (14392,19275,28527,65535)  #384B6FFF  srgba(56,75,111,1)
3,9: (14392,23387,19789,65535)  #385B4DFF  srgba(56,91,77,1)
4,9: (14392,36494,29812,65535)  #388E74FF  srgba(56,142,116,1)
5,9: (14649,26985,32382,65535)  #39697EFF  srgba(57,105,126,1)
6,9: (15163,11051,9766,65535)  #3B2B26FF  srgba(59,43,38,1)
7,9: (15163,32382,31354,65535)  #3B7E7AFF  srgba(59,126,122,1)
8,9: (15677,9509,12850,65535)  #3D2532FF  srgba(61,37,50,1)
9,9: (16191,514,15934,65535)  #3F023EFF  srgba(63,2,62,1)
10,9: (16191,39835,21845,65535)  #3F9B55FF  srgba(63,155,85,1)
11,9: (16448,2570,16191,65535)  #400A3FFF  srgba(64,10,63,1)
12,9: (16962,3341,13621,65535)  #420D35FF  srgba(66,13,53,1)
13,9: (16962,32639,34952,65535)  #427F88FF  srgba(66,127,136,1)
14,9: (17219,8481,16448,65535)  #432140FF  srgba(67,33,64,1)
15,9: (17733,19275,29812,65535)  #454B74FF  srgba(69,75,116,1)
0,10: (17990,4369,21588,65535)  #461154FF  srgba(70,17,84,1)
1,10: (17990,32125,29298,65535)  #467D72FF  srgba(70,125,114,1)
2,10: (17990,33667,25957,65535)  #468365FF  srgba(70,131,101,1)
3,10: (18247,40863,29812,65535)  #479F74FF  srgba(71,159,116,1)
4,10: (18504,11051,24672,65535)  #482B60FF  srgba(72,43,96,1)
5,10: (18761,2827,18247,65535)  #490B47FF  srgba(73,11,71,1)
6,10: (18761,19532,32125,65535)  #494C7DFF  srgba(73,76,125,1)
7,10: (18761,26214,26728,65535)  #496668FF  srgba(73,102,104,1)
8,10: (19018,2827,15420,65535)  #4A0B3CFF  srgba(74,11,60,1)
9,10: (19018,3855,19532,65535)  #4A0F4CFF  srgba(74,15,76,1)
10,10: (19275,6939,21074,65535)  #4B1B52FF  srgba(75,27,82,1)
11,10: (19275,13878,26985,65535)  #4B3669FF  srgba(75,54,105,1)
12,10: (19532,30326,18761,65535)  #4C7649FF  srgba(76,118,73,1)
13,10: (19532,37779,35466,65535)  #4C938AFF  srgba(76,147,138,1)
14,10: (19789,1028,15934,65535)  #4D043EFF  srgba(77,4,62,1)
15,10: (20046,4369,20560,65535)  #4E1150FF  srgba(78,17,80,1)
0,11: (20046,17476,11308,65535)  #4E442CFF  srgba(78,68,44,1)
1,11: (20046,17990,24929,65535)  #4E4661FF  srgba(78,70,97,1)
2,11: (20303,43176,25186,65535)  #4FA862FF  srgba(79,168,98,1)
3,11: (20560,18247,28527,65535)  #50476FFF  srgba(80,71,111,1)
4,11: (20560,19789,26985,65535)  #504D69FF  srgba(80,77,105,1)
5,11: (20560,26214,29812,65535)  #506674FF  srgba(80,102,116,1)
6,11: (20817,39578,25443,65535)  #519A63FF  srgba(81,154,99,1)
7,11: (21074,19275,14649,65535)  #524B39FF  srgba(82,75,57,1)
8,11: (21074,26471,33153,65535)  #526781FF  srgba(82,103,129,1)
9,11: (21074,31354,22359,65535)  #527A57FF  srgba(82,122,87,1)
10,11: (21588,2827,16705,65535)  #540B41FF  srgba(84,11,65,1)
11,11: (22102,3084,17476,65535)  #560C44FF  srgba(86,12,68,1)
12,11: (22102,39835,22102,65535)  #569B56FF  srgba(86,155,86,1)
13,11: (22873,23644,19789,65535)  #595C4DFF  srgba(89,92,77,1)
14,11: (23130,2827,16191,65535)  #5A0B3FFF  srgba(90,11,63,1)
15,11: (23130,4112,19532,65535)  #5A104CFF  srgba(90,16,76,1)
0,12: (23130,17476,19789,65535)  #5A444DFF  srgba(90,68,77,1)
1,12: (23644,7453,20817,65535)  #5C1D51FF  srgba(92,29,81,1)
2,12: (23901,3855,18247,65535)  #5D0F47FF  srgba(93,15,71,1)
3,12: (23901,6168,16962,65535)  #5D1842FF  srgba(93,24,66,1)
4,12: (23901,33924,25700,65535)  #5D8464FF  srgba(93,132,100,1)
5,12: (24158,10537,11565,65535)  #5E292DFF  srgba(94,41,45,1)
6,12: (24158,11051,16191,65535)  #5E2B3FFF  srgba(94,43,63,1)
7,12: (24415,26471,26471,65535)  #5F6767FF  srgba(95,103,103,1)
8,12: (26214,3598,17476,65535)  #660E44FF  srgba(102,14,68,1)
9,12: (26214,3598,18504,65535)  #660E48FF  srgba(102,14,72,1)
10,12: (27242,3598,17476,65535)  #6A0E44FF  srgba(106,14,68,1)
11,12: (27499,3598,18504,65535)  #6B0E48FF  srgba(107,14,72,1)
12,12: (28013,3598,17219,65535)  #6D0E43FF  srgba(109,14,67,1)
13,12: (28013,3598,18504,65535)  #6D0E48FF  srgba(109,14,72,1)
14,12: (29298,12336,15163,65535)  #72303BFF  srgba(114,48,59,1)
15,12: (29812,42148,18761,65535)  #74A449FF  srgba(116,164,73,1)
0,13: (30069,6682,20046,65535)  #751A4EFF  srgba(117,26,78,1)
1,13: (30069,42919,19532,65535)  #75A74CFF  srgba(117,167,76,1)
2,13: (30069,43433,19532,65535)  #75A94CFF  srgba(117,169,76,1)
3,13: (30326,26728,24415,65535)  #76685FFF  srgba(118,104,95,1)
4,13: (30326,26728,29555,65535)  #766873FF  srgba(118,104,115,1)
5,13: (30326,38036,26728,65535)  #769468FF  srgba(118,148,104,1)
6,13: (30583,7710,14135,65535)  #771E37FF  srgba(119,30,55,1)
7,13: (31097,4112,18761,65535)  #791049FF  srgba(121,16,73,1)
8,13: (31868,40349,20046,65535)  #7C9D4EFF  srgba(124,157,78,1)
9,13: (32382,40606,21331,65535)  #7E9E53FF  srgba(126,158,83,1)
10,13: (32639,6168,14906,65535)  #7F183AFF  srgba(127,24,58,1)
11,13: (33153,15420,20560,65535)  #813C50FF  srgba(129,60,80,1)
12,13: (33410,10023,20560,65535)  #822750FF  srgba(130,39,80,1)
13,13: (33667,5397,17733,65535)  #831545FF  srgba(131,21,69,1)
14,13: (33667,19789,28270,65535)  #834D6EFF  srgba(131,77,110,1)
15,13: (34181,10794,22873,65535)  #852A59FF  srgba(133,42,89,1)
0,14: (34181,11565,16705,65535)  #852D41FF  srgba(133,45,65,1)
1,14: (34181,15163,27756,65535)  #853B6CFF  srgba(133,59,108,1)
2,14: (34695,4112,15934,65535)  #87103EFF  srgba(135,16,62,1)
3,14: (34695,39578,22102,65535)  #879A56FF  srgba(135,154,86,1)
4,14: (35209,17219,23387,65535)  #89435BFF  srgba(137,67,91,1)
5,14: (35466,7710,15420,65535)  #8A1E3CFF  srgba(138,30,60,1)
6,14: (35466,16705,25186,65535)  #8A4162FF  srgba(138,65,98,1)
7,14: (35723,28527,30069,65535)  #8B6F75FF  srgba(139,111,117,1)
8,14: (35980,5397,13878,65535)  #8C1536FF  srgba(140,21,54,1)
9,14: (35980,6425,20303,65535)  #8C194FFF  srgba(140,25,79,1)
10,14: (35980,28784,26471,65535)  #8C7067FF  srgba(140,112,103,1)
11,14: (37008,32125,23901,65535)  #907D5DFF  srgba(144,125,93,1)
12,14: (37522,4369,19275,65535)  #92114BFF  srgba(146,17,75,1)
13,14: (39321,34181,25443,65535)  #998563FF  srgba(153,133,99,1)
14,14: (39578,5911,16191,65535)  #9A173FFF  srgba(154,23,63,1)
15,14: (39835,27756,25700,65535)  #9B6C64FF  srgba(155,108,100,1)
0,15: (41120,7196,17219,65535)  #A01C43FF  srgba(160,28,67,1)
1,15: (41120,31097,28270,65535)  #A0796EFF  srgba(160,121,110,1)
2,15: (42148,5397,16705,65535)  #A41541FF  srgba(164,21,65,1)
3,15: (42405,24158,29041,65535)  #A55E71FF  srgba(165,94,113,1)
4,15: (42919,4626,16191,65535)  #A7123FFF  srgba(167,18,63,1)
5,15: (43176,17219,27242,65535)  #A8436AFF  srgba(168,67,106,1)
6,15: (43433,11051,23130,65535)  #A92B5AFF  srgba(169,43,90,1)
7,15: (43947,6682,20560,65535)  #AB1A50FF  srgba(171,26,80,1)
8,15: (44204,4883,18761,65535)  #AC1349FF  srgba(172,19,73,1)
9,15: (44718,5911,17733,65535)  #AE1745FF  srgba(174,23,69,1)
10,15: (44975,5397,17733,65535)  #AF1545FF  srgba(175,21,69,1)
11,15: (45746,5911,19275,65535)  #B2174BFF  srgba(178,23,75,1)
12,15: (46003,5397,18247,65535)  #B31547FF  srgba(179,21,71,1)
13,15: (46260,5911,17990,65535)  #B41746FF  srgba(180,23,70,1)
14,15: (46517,5397,17990,65535)  #B51546FF  srgba(181,21,70,1)
15,15: (0,65535,0,0)  #00FF0000  srgba(0,255,0,0)
