# ImageMagick pixel enumeration: 16,16,65535,srgba
0,0: (0,0,0,65535)  #000000FF  black
1,0: (771,1285,257,65535)  #030501FF  srgba(3,5,1,1)
2,0: (4369,6168,3084,65535)  #11180CFF  srgba(17,24,12,1)
3,0: (4626,21845,11822,65535)  #12552EFF  srgba(18,85,46,1)
4,0: (6939,19275,12593,65535)  #1B4B31FF  srgba(27,75,49,1)
5,0: (7710,11565,3084,65535)  #1E2D0CFF  srgba(30,45,12,1)
6,0: (7967,10280,3855,65535)  #1F280FFF  srgba(31,40,15,1)
7,0: (7967,10537,3855,65535)  #1F290FFF  srgba(31,41,15,1)
8,0: (8481,10280,6682,65535)  #21281AFF  srgba(33,40,26,1)
9,0: (8481,10537,4883,65535)  #212913FF  srgba(33,41,19,1)
10,0: (8481,21074,1028,65535)  #215204FF  srgba(33,82,4,1)
11,0: (8738,10537,4112,65535)  #222910FF  srgba(34,41,16,1)
12,0: (8738,10794,4369,65535)  #222A11FF  srgba(34,42,17,1)
13,0: (8738,12850,9766,65535)  #223226FF  srgba(34,50,38,1)
14,0: (8738,13621,43433,65535)  #2235A9FF  srgba(34,53,169,1)
15,0: (8738,14649,2313,65535)  #223909FF  srgba(34,57,9,1)
0,1: (8995,12079,6168,65535)  #232F18FF  srgba(35,47,24,1)
1,1: (9509,17990,8995,65535)  #254623FF  srgba(37,70,35,1)
2,1: (9766,59367,61166,65535)  #26E7EEFF  srgba(38,231,238,1)
3,1: (10023,11822,3598,65535)  #272E0EFF  srgba(39,46,14,1)
4,1: (10537,14392,29812,65535)  #293874FF  srgba(41,56,116,1)
5,1: (11051,12850,8481,65535)  #2B3221FF  srgba(43,50,33,1)
6,1: (11051,15677,22616,65535)  #2B3D58FF  srgba(43,61,88,1)
7,1: (12336,15677,10023,65535)  #303D27FF  srgba(48,61,39,1)
8,1: (12336,19018,1028,65535)  #304A04FF  srgba(48,74,4,1)
9,1: (12850,57054,65278,65535)  #32DEFEFF  srgba(50,222,254,1)
10,1: (13364,28784,14135,65535)  #347037FF  srgba(52,112,55,1)
11,1: (13621,10023,30069,65535)  #352775FF  srgba(53,39,117,1)
12,1: (13621,10280,40349,65535)  #35289DFF  srgba(53,40,157,1)
13,1: (13621,11822,7453,65535)  #352E1DFF  srgba(53,46,29,1)
14,1: (13621,13107,37265,65535)  #353391FF  srgba(53,51,145,1)
15,1: (13878,13878,10280,65535)  #363628FF  srgba(54,54,40,1)
0,2: (13878,18247,11051,65535)  #36472BFF  srgba(54,71,43,1)
1,2: (13878,24158,13878,65535)  #365E36FF  srgba(54,94,54,1)
2,2: (13878,62708,35466,65535)  #36F48AFF  srgba(54,244,138,1)
3,2: (14392,15934,2313,65535)  #383E09FF  srgba(56,62,9,1)
4,2: (14906,10023,35723,65535)  #3A278BFF  srgba(58,39,139,1)
5,2: (14906,14392,24672,65535)  #3A3860FF  srgba(58,56,96,1)
6,2: (15163,15934,10794,65535)  #3B3E2AFF  srgba(59,62,42,1)
7,2: (15420,30069,24672,65535)  #3C7560FF  srgba(60,117,96,1)
8,2: (15420,56026,64250,65535)  #3CDAFAFF  srgba(60,218,250,1)
9,2: (15677,22102,13364,65535)  #3D5634FF  srgba(61,86,52,1)
10,2: (15934,10023,30069,65535)  #3E2775FF  srgba(62,39,117,1)
11,2: (15934,12079,15677,65535)  #3E2F3DFF  srgba(62,47,61,1)
12,2: (16705,24415,1799,65535)  #415F07FF  srgba(65,95,7,1)
13,2: (17219,8224,39578,65535)  #43209AFF  srgba(67,32,154,1)
14,2: (17476,8738,35723,65535)  #44228BFF  srgba(68,34,139,1)
15,2: (17476,8995,33410,65535)  #442382FF  srgba(68,35,130,1)
0,3: (17476,10280,26728,65535)  #442868FF  srgba(68,40,104,1)
1,3: (17476,19018,10537,65535)  #444A29FF  srgba(68,74,41,1)
2,3: (17990,10023,36751,65535)  #46278FFF  srgba(70,39,143,1)
3,3: (18247,19532,15163,65535)  #474C3BFF  srgba(71,76,59,1)
4,3: (18504,26728,48573,65535)  #4868BDFF  srgba(72,104,189,1)
5,3: (18504,57568,49601,65535)  #48E0C1FF  srgba(72,224,193,1)
6,3: (18761,27242,38036,65535)  #496A94FF  srgba(73,106,148,1)
7,3: (19018,21845,14392,65535)  #4A5538FF  srgba(74,85,56,1)
8,3: (19018,60652,32639,65535)  #4AEC7FFF  srgba(74,236,127,1)
9,3: (19275,23644,14906,65535)  #4B5C3AFF  srgba(75,92,58,1)
10,3: (19275,29041,15420,65535)  #4B713CFF  srgba(75,113,60,1)
11,3: (19275,53970,59110,65535)  #4BD2E6FF  srgba(75,210,230,1)
12,3: (19532,13878,30326,65535)  #4C3676FF  srgba(76,54,118,1)
13,3: (19789,16962,39321,65535)  #4D4299FF  srgba(77,66,153,1)
14,3: (19789,29812,24929,65535)  #4D7461FF  srgba(77,116,97,1)
15,3: (20046,20046,21845,65535)  #4E4E55FF  srgba(78,78,85,1)
0,4: (20303,7453,37008,65535)  #4F1D90FF  srgba(79,29,144,1)
1,4: (20303,7967,33924,65535)  #4F1F84FF  srgba(79,31,132,1)
2,4: (20303,8738,30326,65535)  #4F2276FF  srgba(79,34,118,1)
3,4: (20303,52942,65278,65535)  #4FCEFEFF  srgba(79,206,254,1)
4,4: (20817,20817,29041,65535)  #515171FF  srgba(81,81,113,1)
5,4: (21074,17476,44718,65535)  #5244AEFF  srgba(82,68,174,1)
6,4: (21588,13364,37779,65535)  #543493FF  srgba(84,52,147,1)
7,4: (21845,14135,41891,65535)  #5537A3FF  srgba(85,55,163,1)
8,4: (21845,32125,25443,65535)  #557D63FF  srgba(85,125,99,1)
9,4: (22102,23387,15677,65535)  #565B3DFF  srgba(86,91,61,1)
10,4: (22102,25186,23644,65535)  #56625CFF  srgba(86,98,92,1)
11,4: (22102,57825,37008,65535)  #56E190FF  srgba(86,225,144,1)
12,4: (22873,25957,16448,65535)  #596540FF  srgba(89,101,64,1)
13,4: (23130,31354,16448,65535)  #5A7A40FF  srgba(90,122,64,1)
14,4: (23901,28013,38293,65535)  #5D6D95FF  srgba(93,109,149,1)
15,4: (23901,46003,23387,65535)  #5DB35BFF  srgba(93,179,91,1)
0,5: (24158,25443,22873,65535)  #5E6359FF  srgba(94,99,89,1)
1,5: (24158,26728,47802,65535)  #5E68BAFF  srgba(94,104,186,1)
2,5: (24158,28270,23901,65535)  #5E6E5DFF  srgba(94,110,93,1)
3,5: (24158,33924,26214,65535)  #5E8466FF  srgba(94,132,102,1)
4,5: (24672,50886,64507,65535)  #60C6FBFF  srgba(96,198,251,1)
5,5: (24672,55769,42662,65535)  #60D9A6FF  srgba(96,217,166,1)
6,5: (24929,57568,31868,65535)  #61E07CFF  srgba(97,224,124,1)
7,5: (25957,53713,46003,65535)  #65D1B3FF  srgba(101,209,179,1)
8,5: (26214,55255,40092,65535)  #66D79CFF  srgba(102,215,156,1)
9,5: (26471,25700,18247,65535)  #676447FF  srgba(103,100,71,1)
10,5: (26471,26985,25186,65535)  #676962FF  srgba(103,105,98,1)
11,5: (26728,30326,18761,65535)  #687649FF  srgba(104,118,73,1)
12,5: (26728,53970,28784,65535)  #68D270FF  srgba(104,210,112,1)
13,5: (27242,21074,44718,65535)  #6A52AEFF  srgba(106,82,174,1)
14,5: (27242,31097,25700,65535)  #6A7964FF  srgba(106,121,100,1)
15,5: (27756,56283,30326,65535)  #6CDB76FF  srgba(108,219,118,1)
0,6: (28013,56026,29812,65535)  #6DDA74FF  srgba(109,218,116,1)
1,6: (28013,56283,30840,65535)  #6DDB78FF  srgba(109,219,120,1)
2,6: (28270,18761,37522,65535)  #6E4992FF  srgba(110,73,146,1)
3,6: (28270,56026,31868,65535)  #6EDA7CFF  srgba(110,218,124,1)
4,6: (28784,54484,38293,65535)  #70D495FF  srgba(112,212,149,1)
5,6: (29298,30840,27242,65535)  #72786AFF  srgba(114,120,106,1)
6,6: (29555,36751,13621,65535)  #738F35FF  srgba(115,143,53,1)
7,6: (29812,37522,21074,65535)  #749252FF  srgba(116,146,82,1)
8,6: (29812,52428,43690,65535)  #74CCAAFF  srgba(116,204,170,1)
9,6: (29812,55255,29812,65535)  #74D774FF  srgba(116,215,116,1)
10,6: (30326,24672,51143,65535)  #7660C7FF  srgba(118,96,199,1)
11,6: (30326,27499,36237,65535)  #766B8DFF  srgba(118,107,141,1)
12,6: (30326,29812,20303,65535)  #76744FFF  srgba(118,116,79,1)
13,6: (30326,48830,61937,65535)  #76BEF1FF  srgba(118,190,241,1)
14,6: (30583,35723,25186,65535)  #778B62FF  srgba(119,139,98,1)
15,6: (30583,47545,65278,65535)  #77B9FEFF  srgba(119,185,254,1)
0,7: (30840,25700,19532,65535)  #78644CFF  srgba(120,100,76,1)
1,7: (30840,31868,21331,65535)  #787C53FF  srgba(120,124,83,1)
2,7: (31097,24158,45232,65535)  #795EB0FF  srgba(121,94,176,1)
3,7: (31354,52171,38807,65535)  #7ACB97FF  srgba(122,203,151,1)
4,7: (31354,54998,30326,65535)  #7AD676FF  srgba(122,214,118,1)
5,7: (31611,33153,35209,65535)  #7B8189FF  srgba(123,129,137,1)
6,7: (31611,35980,29041,65535)  #7B8C71FF  srgba(123,140,113,1)
7,7: (32125,36494,35209,65535)  #7D8E89FF  srgba(125,142,137,1)
8,7: (32896,38550,44204,65535)  #8096ACFF  srgba(128,150,172,1)
9,7: (33153,31354,27756,65535)  #817A6CFF  srgba(129,122,108,1)
10,7: (33153,53713,30840,65535)  #81D178FF  srgba(129,209,120,1)
11,7: (33153,54227,29298,65535)  #81D372FF  srgba(129,211,114,1)
12,7: (33667,50886,25957,65535)  #83C665FF  srgba(131,198,101,1)
13,7: (33667,53713,28013,65535)  #83D16DFF  srgba(131,209,109,1)
14,7: (33667,53713,28784,65535)  #83D170FF  srgba(131,209,112,1)
15,7: (33667,53970,28270,65535)  #83D26EFF  srgba(131,210,110,1)
0,8: (34181,40606,35209,65535)  #859E89FF  srgba(133,158,137,1)
1,8: (34438,51657,40863,65535)  #86C99FFF  srgba(134,201,159,1)
2,8: (34952,46774,62965,65535)  #88B6F5FF  srgba(136,182,245,1)
3,8: (35209,37779,20560,65535)  #899350FF  srgba(137,147,80,1)
4,8: (35209,38293,56026,65535)  #8995DAFF  srgba(137,149,218,1)
5,8: (35723,51657,36751,65535)  #8BC98FFF  srgba(139,201,143,1)
6,8: (35980,27499,52942,65535)  #8C6BCEFF  srgba(140,107,206,1)
7,8: (35980,32125,56026,65535)  #8C7DDAFF  srgba(140,125,218,1)
8,8: (35980,45489,64250,65535)  #8CB1FAFF  srgba(140,177,250,1)
9,8: (36494,38036,27756,65535)  #8E946CFF  srgba(142,148,108,1)
10,8: (36751,37265,34438,65535)  #8F9186FF  srgba(143,145,134,1)
11,8: (36751,38293,30583,65535)  #8F9577FF  srgba(143,149,119,1)
12,8: (36751,52685,28527,65535)  #8FCD6FFF  srgba(143,205,111,1)
13,8: (37265,40606,34952,65535)  #919E88FF  srgba(145,158,136,1)
14,8: (37779,29555,44975,65535)  #9373AFFF  srgba(147,115,175,1)
15,8: (37779,47031,51657,65535)  #93B7C9FF  srgba(147,183,201,1)
0,9: (38293,44204,64764,65535)  #95ACFCFF  srgba(149,172,252,1)
1,9: (38293,47288,41377,65535)  #95B8A1FF  srgba(149,184,161,1)
2,9: (38550,42662,58853,65535)  #96A6E5FF  srgba(150,166,229,1)
3,9: (38550,51657,28270,65535)  #96C96EFF  srgba(150,201,110,1)
4,9: (38807,41120,35466,65535)  #97A08AFF  srgba(151,160,138,1)
5,9: (39321,47288,37008,65535)  #99B890FF  srgba(153,184,144,1)
6,9: (39321,49858,29812,65535)  #99C274FF  srgba(153,194,116,1)
7,9: (40092,39835,19275,65535)  #9C9B4BFF  srgba(156,155,75,1)
8,9: (40092,51400,26214,65535)  #9CC866FF  srgba(156,200,102,1)
9,9: (40349,42919,64764,65535)  #9DA7FCFF  srgba(157,167,252,1)
10,9: (40349,42919,65021,65535)  #9DA7FDFF  srgba(157,167,253,1)
11,9: (40349,42919,65535,65535)  #9DA7FFFF  srgba(157,167,255,1)
12,9: (40863,39578,43947,65535)  #9F9AABFF  srgba(159,154,171,1)
13,9: (41120,37779,60138,65535)  #A093EAFF  srgba(160,147,234,1)
14,9: (41120,42919,36751,65535)  #A0A78FFF  srgba(160,167,143,1)
15,9: (41120,51143,1799,65535)  #A0C707FF  srgba(160,199,7,1)
0,10: (41634,33410,57825,65535)  #A282E1FF  srgba(162,130,225,1)
1,10: (41891,49858,28527,65535)  #A3C26FFF  srgba(163,194,111,1)
2,10: (42405,42405,64764,65535)  #A5A5FCFF  srgba(165,165,252,1)
3,10: (42662,44461,59367,65535)  #A6ADE7FF  srgba(166,173,231,1)
4,10: (42662,48059,20303,65535)  #A6BB4FFF  srgba(166,187,79,1)
5,10: (42662,48573,37265,65535)  #A6BD91FF  srgba(166,189,145,1)
6,10: (42919,49601,25957,65535)  #A7C165FF  srgba(167,193,101,1)
7,10: (42919,49858,24929,65535)  #A7C261FF  srgba(167,194,97,1)
8,10: (43176,41377,37265,65535)  #A8A191FF  srgba(168,161,145,1)
9,10: (43176,42919,44718,65535)  #A8A7AEFF  srgba(168,167,174,1)
10,10: (43176,45746,37008,65535)  #A8B290FF  srgba(168,178,144,1)
11,10: (43433,45746,49858,65535)  #A9B2C2FF  srgba(169,178,194,1)
12,10: (43433,48059,30326,65535)  #A9BB76FF  srgba(169,187,118,1)
13,10: (43690,38807,62708,65535)  #AA97F4FF  srgba(170,151,244,1)
14,10: (43690,40092,36751,65535)  #AA9C8FFF  srgba(170,156,143,1)
15,10: (43690,41891,44461,65535)  #AAA3ADFF  srgba(170,163,173,1)
0,11: (43690,46003,39578,65535)  #AAB39AFF  srgba(170,179,154,1)
1,11: (43947,41891,64764,65535)  #ABA3FCFF  srgba(171,163,252,1)
2,11: (43947,41891,65278,65535)  #ABA3FEFF  srgba(171,163,254,1)
3,11: (43947,46774,44204,65535)  #ABB6ACFF  srgba(171,182,172,1)
4,11: (43947,47802,38807,65535)  #ABBA97FF  srgba(171,186,151,1)
5,11: (43947,49344,24158,65535)  #ABC05EFF  srgba(171,192,94,1)
6,11: (44461,41120,65021,65535)  #ADA0FDFF  srgba(173,160,253,1)
7,11: (44461,42405,61166,65535)  #ADA5EEFF  srgba(173,165,238,1)
8,11: (44461,47288,41634,65535)  #ADB8A2FF  srgba(173,184,162,1)
9,11: (44461,48830,22873,65535)  #ADBE59FF  srgba(173,190,89,1)
10,11: (44461,49344,23130,65535)  #ADC05AFF  srgba(173,192,90,1)
11,11: (44461,49344,23644,65535)  #ADC05CFF  srgba(173,192,92,1)
12,11: (44718,35723,36494,65535)  #AE8B8EFF  srgba(174,139,142,1)
13,11: (44975,40092,64250,65535)  #AF9CFAFF  srgba(175,156,250,1)
14,11: (44975,42919,37779,65535)  #AFA793FF  srgba(175,167,147,1)
15,11: (44975,47288,40863,65535)  #AFB89FFF  srgba(175,184,159,1)
0,12: (45232,47545,41120,65535)  #B0B9A0FF  srgba(176,185,160,1)
1,12: (45746,40863,65021,65535)  #B29FFDFF  srgba(178,159,253,1)
2,12: (45746,47288,39835,65535)  #B2B89BFF  srgba(178,184,155,1)
3,12: (45746,47545,41377,65535)  #B2B9A1FF  srgba(178,185,161,1)
4,12: (45746,48573,38807,65535)  #B2BD97FF  srgba(178,189,151,1)
5,12: (45746,48830,24415,65535)  #B2BE5FFF  srgba(178,190,95,1)
6,12: (45746,48830,28784,65535)  #B2BE70FF  srgba(178,190,112,1)
7,12: (46003,47288,40863,65535)  #B3B89FFF  srgba(179,184,159,1)
8,12: (46003,48059,40863,65535)  #B3BB9FFF  srgba(179,187,159,1)
9,12: (46003,48830,23130,65535)  #B3BE5AFF  srgba(179,190,90,1)
10,12: (46260,40863,63736,65535)  #B49FF8FF  srgba(180,159,248,1)
11,12: (46260,41634,61166,65535)  #B4A2EEFF  srgba(180,162,238,1)
12,12: (46260,42405,55255,65535)  #B4A5D7FF  srgba(180,165,215,1)
13,12: (46260,47031,41634,65535)  #B4B7A2FF  srgba(180,183,162,1)
14,12: (46260,47288,42662,65535)  #B4B8A6FF  srgba(180,184,166,1)
15,12: (46260,47288,43690,65535)  #B4B8AAFF  srgba(180,184,170,1)
0,13: (46517,40092,63736,65535)  #B59CF8FF  srgba(181,156,248,1)
1,13: (46517,40349,65278,65535)  #B59DFEFF  srgba(181,157,254,1)
2,13: (46517,48830,22873,65535)  #B5BE59FF  srgba(181,190,89,1)
3,13: (46774,48573,26214,65535)  #B6BD66FF  srgba(182,189,102,1)
4,13: (46774,56540,771,65535)  #B6DC03FF  srgba(182,220,3,1)
5,13: (47031,46774,48059,65535)  #B7B6BBFF  srgba(183,182,187,1)
6,13: (47288,47031,41891,65535)  #B8B7A3FF  srgba(184,183,163,1)
7,13: (47288,48316,24415,65535)  #B8BC5FFF  srgba(184,188,95,1)
8,13: (47545,44975,49601,65535)  #B9AFC1FF  srgba(185,175,193,1)
9,13: (47545,46003,34952,65535)  #B9B388FF  srgba(185,179,136,1)
10,13: (47545,46517,40863,65535)  #B9B59FFF  srgba(185,181,159,1)
11,13: (47802,43947,55255,65535)  #BAABD7FF  srgba(186,171,215,1)
12,13: (47802,46260,41377,65535)  #BAB4A1FF  srgba(186,180,161,1)
13,13: (48059,39835,62451,65535)  #BB9BF3FF  srgba(187,155,243,1)
14,13: (48059,40092,64507,65535)  #BB9CFBFF  srgba(187,156,251,1)
15,13: (48316,41377,59881,65535)  #BCA1E9FF  srgba(188,161,233,1)
0,14: (48573,42148,52942,65535)  #BDA4CEFF  srgba(189,164,206,1)
1,14: (48573,46003,39835,65535)  #BDB39BFF  srgba(189,179,155,1)
2,14: (48573,47802,21845,65535)  #BDBA55FF  srgba(189,186,85,1)
3,14: (48830,47031,24415,65535)  #BEB75FFF  srgba(190,183,95,1)
4,14: (48830,49087,24672,65535)  #BEBF60FF  srgba(190,191,96,1)
5,14: (49601,39321,62965,65535)  #C199F5FF  srgba(193,153,245,1)
6,14: (49858,43947,47288,65535)  #C2ABB8FF  srgba(194,171,184,1)
7,14: (50115,44975,43947,65535)  #C3AFABFF  srgba(195,175,171,1)
8,14: (50372,47031,20817,65535)  #C4B751FF  srgba(196,183,81,1)
9,14: (50886,48059,16962,65535)  #C6BB42FF  srgba(198,187,66,1)
10,14: (51143,44975,40863,65535)  #C7AF9FFF  srgba(199,175,159,1)
11,14: (51143,44975,41377,65535)  #C7AFA1FF  srgba(199,175,161,1)
12,14: (51143,44975,42662,65535)  #C7AFA6FF  srgba(199,175,166,1)
13,14: (51143,46774,20046,65535)  #C7B64EFF  srgba(199,182,78,1)
14,14: (51400,39578,57568,65535)  #C89AE0FF  srgba(200,154,224,1)
15,14: (51657,41634,54741,65535)  #C9A2D5FF  srgba(201,162,213,1)
0,15: (51914,44461,41891,65535)  #CAADA3FF  srgba(202,173,163,1)
1,15: (52171,46517,19532,65535)  #CBB54CFF  srgba(203,181,76,1)
2,15: (52428,42919,44204,65535)  #CCA7ACFF  srgba(204,167,172,1)
3,15: (52428,46260,19018,65535)  #CCB44AFF  srgba(204,180,74,1)
4,15: (53199,41891,49601,65535)  #CFA3C1FF  srgba(207,163,193,1)
5,15: (53713,40349,44718,65535)  #D19DAEFF  srgba(209,157,174,1)
6,15: (53970,42148,44204,65535)  #D2A4ACFF  srgba(210,164,172,1)
7,15: (53970,42919,40606,65535)  #D2A79EFF  srgba(210,167,158,1)
8,15: (53970,43176,42662,65535)  #D2A8A6FF  srgba(210,168,166,1)
9,15: (54741,43176,42405,65535)  #D5A8A5FF  srgba(213,168,165,1)
10,15: (55512,41891,42919,65535)  #D8A3A7FF  srgba(216,163,167,1)
11,15: (55769,42919,42148,65535)  #D9A7A4FF  srgba(217,167,164,1)
12,15: (56283,42148,42148,65535)  #DBA4A4FF  srgba(219,164,164,1)
13,15: (57311,41634,40863,65535)  #DFA29FFF  srgba(223,162,159,1)
14,15: (57825,41634,42148,65535)  #E1A2A4FF  srgba(225,162,164,1)
15,15: (0,65535,0,0)  #00FF0000  srgba(0,255,0,0)
