# ImageMagick pixel enumeration: 16,16,65535,srgba
0,0: (0,0,0,65535)  #000000FF  black
1,0: (0,0,771,65535)  #000003FF  srgba(0,0,3,1)
2,0: (771,0,0,65535)  #030000FF  srgba(3,0,0,1)
3,0: (771,1028,0,65535)  #030400FF  srgba(3,4,0,1)
4,0: (1285,1028,1799,65535)  #050407FF  srgba(5,4,7,1)
5,0: (4369,3341,2056,65535)  #110D08FF  srgba(17,13,8,1)
6,0: (5911,6425,3598,65535)  #17190EFF  srgba(23,25,14,1)
7,0: (7967,12593,0,65535)  #1F3100FF  srgba(31,49,0,1)
8,0: (11051,10023,16448,65535)  #2B2740FF  srgba(43,39,64,1)
9,0: (16705,19018,19018,65535)  #414A4AFF  srgba(65,74,74,1)
10,0: (17476,11308,4883,65535)  #442C13FF  srgba(68,44,19,1)
11,0: (18504,1799,1285,65535)  #480705FF  srgba(72,7,5,1)
12,0: (19532,14392,0,65535)  #4C3800FF  srgba(76,56,0,1)
13,0: (19789,9766,0,65535)  #4D2600FF  srgba(77,38,0,1)
14,0: (19789,18247,0,65535)  #4D4700FF  srgba(77,71,0,1)
15,0: (20303,24158,4369,65535)  #4F5E11FF  srgba(79,94,17,1)
0,1: (21074,19018,21845,65535)  #524A55FF  srgba(82,74,85,1)
1,1: (22102,23901,20817,65535)  #565D51FF  srgba(86,93,81,1)
2,1: (22359,3084,0,65535)  #570C00FF  srgba(87,12,0,1)
3,1: (22873,1028,0,65535)  #590400FF  srgba(89,4,0,1)
4,1: (24929,33667,0,65535)  #618300FF  srgba(97,131,0,1)
5,1: (24929,34952,19275,65535)  #61884BFF  srgba(97,136,75,1)
6,1: (25443,37008,0,65535)  #639000FF  srgba(99,144,0,1)
7,1: (26214,25957,26728,65535)  #666568FF  srgba(102,101,104,1)
8,1: (26471,26728,0,65535)  #676800FF  srgba(103,104,0,1)
9,1: (26728,37522,28527,65535)  #68926FFF  srgba(104,146,111,1)
10,1: (26728,47031,4112,65535)  #68B710FF  srgba(104,183,16,1)
11,1: (27499,49087,0,65535)  #6BBF00FF  srgba(107,191,0,1)
12,1: (27756,29298,3084,65535)  #6C720CFF  srgba(108,114,12,1)
13,1: (28013,47288,16962,65535)  #6DB842FF  srgba(109,184,66,1)
14,1: (28013,48830,0,65535)  #6DBE00FF  srgba(109,190,0,1)
15,1: (28270,47288,49087,65535)  #6EB8BFFF  srgba(110,184,191,1)
0,2: (28270,49087,257,65535)  #6EBF01FF  srgba(110,191,1,1)
1,2: (28527,17990,26471,65535)  #6F4667FF  srgba(111,70,103,1)
2,2: (28527,47545,0,65535)  #6FB900FF  srgba(111,185,0,1)
3,2: (28527,48830,0,65535)  #6FBE00FF  srgba(111,190,0,1)
4,2: (28784,47545,42662,65535)  #70B9A6FF  srgba(112,185,166,1)
5,2: (28784,48573,0,65535)  #70BD00FF  srgba(112,189,0,1)
6,2: (29041,50115,771,65535)  #71C303FF  srgba(113,195,3,1)
7,2: (29812,15420,0,65535)  #743C00FF  srgba(116,60,0,1)
8,2: (30069,257,0,65535)  #750100FF  srgba(117,1,0,1)
9,2: (30069,7453,26985,65535)  #751D69FF  srgba(117,29,105,1)
10,2: (30069,47545,29812,65535)  #75B974FF  srgba(117,185,116,1)
11,2: (30326,8224,1542,65535)  #762006FF  srgba(118,32,6,1)
12,2: (30326,15677,2056,65535)  #763D08FF  srgba(118,61,8,1)
13,2: (30583,30069,27242,65535)  #77756AFF  srgba(119,117,106,1)
14,2: (30583,47288,1542,65535)  #77B806FF  srgba(119,184,6,1)
15,2: (30840,2827,0,65535)  #780B00FF  srgba(120,11,0,1)
0,3: (30840,38550,0,65535)  #789600FF  srgba(120,150,0,1)
1,3: (30840,40863,22616,65535)  #789F58FF  srgba(120,159,88,1)
2,3: (30840,46517,0,65535)  #78B500FF  srgba(120,181,0,1)
3,3: (31097,771,1028,65535)  #790304FF  srgba(121,3,4,1)
4,3: (31097,34952,35466,65535)  #79888AFF  srgba(121,136,138,1)
5,3: (31354,17990,0,65535)  #7A4600FF  srgba(122,70,0,1)
6,3: (31354,40606,45232,65535)  #7A9EB0FF  srgba(122,158,176,1)
7,3: (31611,0,0,65535)  #7B0000FF  srgba(123,0,0,1)
8,3: (31611,8738,0,65535)  #7B2200FF  srgba(123,34,0,1)
9,3: (31611,46517,0,65535)  #7BB500FF  srgba(123,181,0,1)
10,3: (31868,35209,32125,65535)  #7C897DFF  srgba(124,137,125,1)
11,3: (32125,7967,36751,65535)  #7D1F8FFF  srgba(125,31,143,1)
12,3: (32125,25186,3084,65535)  #7D620CFF  srgba(125,98,12,1)
13,3: (32639,49344,0,65535)  #7FC000FF  srgba(127,192,0,1)
14,3: (32896,5397,45746,65535)  #8015B2FF  srgba(128,21,178,1)
15,3: (32896,33153,0,65535)  #808100FF  srgba(128,129,0,1)
0,4: (32896,44718,0,65535)  #80AE00FF  srgba(128,174,0,1)
1,4: (33153,0,0,65535)  #810000FF  srgba(129,0,0,1)
2,4: (33153,36751,3084,65535)  #818F0CFF  srgba(129,143,12,1)
3,4: (33667,0,0,65535)  #830000FF  srgba(131,0,0,1)
4,4: (33667,33924,0,65535)  #838400FF  srgba(131,132,0,1)
5,4: (33924,32896,38550,65535)  #848096FF  srgba(132,128,150,1)
6,4: (34438,0,0,65535)  #860000FF  srgba(134,0,0,1)
7,4: (34438,25957,44461,65535)  #8665ADFF  srgba(134,101,173,1)
8,4: (34438,50115,0,65535)  #86C300FF  srgba(134,195,0,1)
9,4: (34952,0,257,65535)  #880001FF  srgba(136,0,1,1)
10,4: (36494,33667,35723,65535)  #8E838BFF  srgba(142,131,139,1)
11,4: (36494,47545,0,65535)  #8EB900FF  srgba(142,185,0,1)
12,4: (36751,4112,48316,65535)  #8F10BCFF  srgba(143,16,188,1)
13,4: (36751,5911,38807,65535)  #8F1797FF  srgba(143,23,151,1)
14,4: (36751,44975,1799,65535)  #8FAF07FF  srgba(143,175,7,1)
15,4: (37265,51914,1285,65535)  #91CA05FF  srgba(145,202,5,1)
0,5: (37522,30840,0,65535)  #927800FF  srgba(146,120,0,1)
1,5: (37779,45232,0,65535)  #93B000FF  srgba(147,176,0,1)
2,5: (38036,40606,0,65535)  #949E00FF  srgba(148,158,0,1)
3,5: (38293,1028,0,65535)  #950400FF  srgba(149,4,0,1)
4,5: (38807,43433,0,65535)  #97A900FF  srgba(151,169,0,1)
5,5: (39064,33410,27756,65535)  #98826CFF  srgba(152,130,108,1)
6,5: (39321,5397,0,65535)  #991500FF  srgba(153,21,0,1)
7,5: (39578,21845,31868,65535)  #9A557CFF  srgba(154,85,124,1)
8,5: (40092,4369,40092,65535)  #9C119CFF  srgba(156,17,156,1)
9,5: (40092,36237,37522,65535)  #9C8D92FF  srgba(156,141,146,1)
10,5: (40092,38550,4883,65535)  #9C9613FF  srgba(156,150,19,1)
11,5: (40349,3341,49858,65535)  #9D0DC2FF  srgba(157,13,194,1)
12,5: (40349,29298,45489,65535)  #9D72B1FF  srgba(157,114,177,1)
13,5: (40349,49858,1028,65535)  #9DC204FF  srgba(157,194,4,1)
14,5: (40606,20560,21588,65535)  #9E5054FF  srgba(158,80,84,1)
15,5: (41120,40606,41891,65535)  #A09EA3FF  srgba(160,158,163,1)
0,6: (41377,9509,1799,65535)  #A12507FF  srgba(161,37,7,1)
1,6: (41377,15420,0,65535)  #A13C00FF  srgba(161,60,0,1)
2,6: (41377,15934,2056,65535)  #A13E08FF  srgba(161,62,8,1)
3,6: (41377,23387,2570,65535)  #A15B0AFF  srgba(161,91,10,1)
4,6: (41377,31097,3084,65535)  #A1790CFF  srgba(161,121,12,1)
5,6: (41377,48059,1028,65535)  #A1BB04FF  srgba(161,187,4,1)
6,6: (41634,3855,31354,65535)  #A20F7AFF  srgba(162,15,122,1)
7,6: (41634,4112,21331,65535)  #A21053FF  srgba(162,16,83,1)
8,6: (41634,8738,0,65535)  #A22200FF  srgba(162,34,0,1)
9,6: (41634,17990,0,65535)  #A24600FF  srgba(162,70,0,1)
10,6: (41634,33924,0,65535)  #A28400FF  srgba(162,132,0,1)
11,6: (41891,22873,0,65535)  #A35900FF  srgba(163,89,0,1)
12,6: (41891,38807,1028,65535)  #A39704FF  srgba(163,151,4,1)
13,6: (42148,41377,16448,65535)  #A4A140FF  srgba(164,161,64,1)
14,6: (42148,45746,41634,65535)  #A4B2A2FF  srgba(164,178,162,1)
15,6: (42148,46774,17990,65535)  #A4B646FF  srgba(164,182,70,1)
0,7: (42148,49344,0,65535)  #A4C000FF  srgba(164,192,0,1)
1,7: (42148,49344,0,65535)  #A4C000FF  srgba(164,192,0,1)
2,7: (42405,1799,514,65535)  #A50702FF  srgba(165,7,2,1)
3,7: (42405,2827,2570,65535)  #A50B0AFF  srgba(165,11,10,1)
4,7: (42662,41634,24415,65535)  #A6A25FFF  srgba(166,162,95,1)
5,7: (42919,41120,31097,65535)  #A7A079FF  srgba(167,160,121,1)
6,7: (42919,46517,0,65535)  #A7B500FF  srgba(167,181,0,1)
7,7: (43433,0,0,65535)  #A90000FF  srgba(169,0,0,1)
8,7: (43433,46774,29812,65535)  #A9B674FF  srgba(169,182,116,1)
9,7: (43433,46774,47802,65535)  #A9B6BAFF  srgba(169,182,186,1)
10,7: (43690,30840,0,65535)  #AA7800FF  srgba(170,120,0,1)
11,7: (43690,41377,0,65535)  #AAA100FF  srgba(170,161,0,1)
12,7: (43690,42919,39321,65535)  #AAA799FF  srgba(170,167,153,1)
13,7: (44204,44975,3855,65535)  #ACAF0FFF  srgba(172,175,15,1)
14,7: (44461,5140,41377,65535)  #AD14A1FF  srgba(173,20,161,1)
15,7: (44461,35723,38293,65535)  #AD8B95FF  srgba(173,139,149,1)
0,8: (44718,0,42919,65535)  #AE00A7FF  srgba(174,0,167,1)
1,8: (44718,27499,50629,65535)  #AE6BC5FF  srgba(174,107,197,1)
2,8: (44718,39064,47288,65535)  #AE98B8FF  srgba(174,152,184,1)
3,8: (44718,43433,45489,65535)  #AEA9B1FF  srgba(174,169,177,1)
4,8: (44975,771,0,65535)  #AF0300FF  srgba(175,3,0,1)
5,8: (44975,3598,0,65535)  #AF0E00FF  srgba(175,14,0,1)
6,8: (44975,3598,52428,65535)  #AF0ECCFF  srgba(175,14,204,1)
7,8: (44975,43690,0,65535)  #AFAA00FF  srgba(175,170,0,1)
8,8: (45232,0,52942,65535)  #B000CEFF  srgba(176,0,206,1)
9,8: (45746,46003,44204,65535)  #B2B3ACFF  srgba(178,179,172,1)
10,8: (45746,47031,0,65535)  #B2B700FF  srgba(178,183,0,1)
11,8: (45746,48059,0,65535)  #B2BB00FF  srgba(178,187,0,1)
12,8: (46003,47802,0,65535)  #B3BA00FF  srgba(179,186,0,1)
13,8: (46003,48059,0,65535)  #B3BB00FF  srgba(179,187,0,1)
14,8: (46260,46260,1542,65535)  #B4B406FF  srgba(180,180,6,1)
15,8: (46260,47545,0,65535)  #B4B900FF  srgba(180,185,0,1)
0,9: (46260,47802,0,65535)  #B4BA00FF  srgba(180,186,0,1)
1,9: (46517,46774,0,65535)  #B5B600FF  srgba(181,182,0,1)
2,9: (46517,47288,0,65535)  #B5B800FF  srgba(181,184,0,1)
3,9: (46517,47545,0,65535)  #B5B900FF  srgba(181,185,0,1)
4,9: (46517,47802,0,65535)  #B5BA00FF  srgba(181,186,0,1)
5,9: (46517,47802,771,65535)  #B5BA03FF  srgba(181,186,3,1)
6,9: (46774,46517,0,65535)  #B6B500FF  srgba(182,181,0,1)
7,9: (46774,46517,47802,65535)  #B6B5BAFF  srgba(182,181,186,1)
8,9: (46774,46774,45232,65535)  #B6B6B0FF  srgba(182,182,176,1)
9,9: (46774,46774,46774,65535)  #B6B6B6FF  srgba(182,182,182,1)
10,9: (46774,47545,0,65535)  #B6B900FF  srgba(182,185,0,1)
11,9: (47031,46517,47802,65535)  #B7B5BAFF  srgba(183,181,186,1)
12,9: (47031,47288,0,65535)  #B7B800FF  srgba(183,184,0,1)
13,9: (47031,47802,0,65535)  #B7BA00FF  srgba(183,186,0,1)
14,9: (47288,47288,0,65535)  #B8B800FF  srgba(184,184,0,1)
15,9: (47545,47031,48059,65535)  #B9B7BBFF  srgba(185,183,187,1)
0,10: (47545,47288,47288,65535)  #B9B8B8FF  srgba(185,184,184,1)
1,10: (47545,47545,257,65535)  #B9B901FF  srgba(185,185,1,1)
2,10: (47802,46517,46517,65535)  #BAB5B5FF  srgba(186,181,181,1)
3,10: (47802,46774,0,65535)  #BAB600FF  srgba(186,182,0,1)
4,10: (47802,47031,41891,65535)  #BAB7A3FF  srgba(186,183,163,1)
5,10: (48059,46774,257,65535)  #BBB601FF  srgba(187,182,1,1)
6,10: (48316,45489,0,65535)  #BCB100FF  srgba(188,177,0,1)
7,10: (48316,47288,0,65535)  #BCB800FF  srgba(188,184,0,1)
8,10: (48316,47545,257,65535)  #BCB901FF  srgba(188,185,1,1)
9,10: (49087,45232,50115,65535)  #BFB0C3FF  srgba(191,176,195,1)
10,10: (49087,47288,257,65535)  #BFB801FF  srgba(191,184,1,1)
11,10: (49344,3598,1028,65535)  #C00E04FF  srgba(192,14,4,1)
12,10: (49344,4112,48316,65535)  #C010BCFF  srgba(192,16,188,1)
13,10: (49344,10280,1285,65535)  #C02805FF  srgba(192,40,5,1)
14,10: (49344,11308,0,65535)  #C02C00FF  srgba(192,44,0,1)
15,10: (49344,43690,55769,65535)  #C0AAD9FF  srgba(192,170,217,1)
0,11: (49344,46003,48059,65535)  #C0B3BBFF  srgba(192,179,187,1)
1,11: (49344,49344,28527,65535)  #C0C06FFF  srgba(192,192,111,1)
2,11: (49601,0,46517,65535)  #C100B5FF  srgba(193,0,181,1)
3,11: (49601,23644,0,65535)  #C15C00FF  srgba(193,92,0,1)
4,11: (49601,31354,1542,65535)  #C17A06FF  srgba(193,122,6,1)
5,11: (49858,0,49601,65535)  #C200C1FF  srgba(194,0,193,1)
6,11: (49858,0,52685,65535)  #C200CDFF  srgba(194,0,205,1)
7,11: (49858,46003,257,65535)  #C2B301FF  srgba(194,179,1,1)
8,11: (50115,0,771,65535)  #C30003FF  srgba(195,0,3,1)
9,11: (50372,0,0,65535)  #C40000FF  srgba(196,0,0,1)
10,11: (50372,257,1285,65535)  #C40105FF  srgba(196,1,5,1)
11,11: (50372,17990,1028,65535)  #C44604FF  srgba(196,70,4,1)
12,11: (50372,23130,1285,65535)  #C45A05FF  srgba(196,90,5,1)
13,11: (50629,1028,0,65535)  #C50400FF  srgba(197,4,0,1)
14,11: (50629,44461,0,65535)  #C5AD00FF  srgba(197,173,0,1)
15,11: (50886,41377,2056,65535)  #C6A108FF  srgba(198,161,8,1)
0,12: (50886,45746,40349,65535)  #C6B29DFF  srgba(198,178,157,1)
1,12: (50886,50629,16448,65535)  #C6C540FF  srgba(198,197,64,1)
2,12: (51143,0,57311,65535)  #C700DFFF  srgba(199,0,223,1)
3,12: (51143,514,57568,65535)  #C702E0FF  srgba(199,2,224,1)
4,12: (51143,31868,34952,65535)  #C77C88FF  srgba(199,124,136,1)
5,12: (51143,42405,0,65535)  #C7A500FF  srgba(199,165,0,1)
6,12: (51143,45232,16705,65535)  #C7B041FF  srgba(199,176,65,1)
7,12: (51143,45232,29041,65535)  #C7B071FF  srgba(199,176,113,1)
8,12: (51400,0,0,65535)  #C80000FF  srgba(200,0,0,1)
9,12: (51400,36751,0,65535)  #C88F00FF  srgba(200,143,0,1)
10,12: (51657,26985,47288,65535)  #C969B8FF  srgba(201,105,184,1)
11,12: (51657,50886,2313,65535)  #C9C609FF  srgba(201,198,9,1)
12,12: (51914,0,35980,65535)  #CA008CFF  srgba(202,0,140,1)
13,12: (52428,0,16448,65535)  #CC0040FF  srgba(204,0,64,1)
14,12: (52428,4112,14135,65535)  #CC1037FF  srgba(204,16,55,1)
15,12: (52428,4112,34695,65535)  #CC1087FF  srgba(204,16,135,1)
0,13: (52428,37779,48316,65535)  #CC93BCFF  srgba(204,147,188,1)
1,13: (52685,0,25700,65535)  #CD0064FF  srgba(205,0,100,1)
2,13: (52685,0,53456,65535)  #CD00D0FF  srgba(205,0,208,1)
3,13: (52685,0,56797,65535)  #CD00DDFF  srgba(205,0,221,1)
4,13: (53199,0,1028,65535)  #CF0004FF  srgba(207,0,4,1)
5,13: (53199,0,47545,65535)  #CF00B9FF  srgba(207,0,185,1)
6,13: (53199,0,49344,65535)  #CF00C0FF  srgba(207,0,192,1)
7,13: (53713,24929,0,65535)  #D16100FF  srgba(209,97,0,1)
8,13: (53970,2827,1285,65535)  #D20B05FF  srgba(210,11,5,1)
9,13: (53970,41891,57054,65535)  #D2A3DEFF  srgba(210,163,222,1)
10,13: (53970,42662,50629,65535)  #D2A6C5FF  srgba(210,166,197,1)
11,13: (54227,10537,1542,65535)  #D32906FF  srgba(211,41,6,1)
12,13: (54227,24672,61166,65535)  #D360EEFF  srgba(211,96,238,1)
13,13: (54484,4112,23644,65535)  #D4105CFF  srgba(212,16,92,1)
14,13: (54484,42662,0,65535)  #D4A600FF  srgba(212,166,0,1)
15,13: (54741,31611,2313,65535)  #D57B09FF  srgba(213,123,9,1)
0,14: (54998,37008,61166,65535)  #D690EEFF  srgba(214,144,238,1)
1,14: (55255,3598,48573,65535)  #D70EBDFF  srgba(215,14,189,1)
2,14: (55255,41120,1285,65535)  #D7A005FF  srgba(215,160,5,1)
3,14: (55512,11822,0,65535)  #D82E00FF  srgba(216,46,0,1)
4,14: (55769,1028,59367,65535)  #D904E7FF  srgba(217,4,231,1)
5,14: (55769,15934,34952,65535)  #D93E88FF  srgba(217,62,136,1)
6,14: (56026,32639,22616,65535)  #DA7F58FF  srgba(218,127,88,1)
7,14: (56283,20303,2313,65535)  #DB4F09FF  srgba(219,79,9,1)
8,14: (57311,12850,48573,65535)  #DF32BDFF  srgba(223,50,189,1)
9,14: (57311,32125,13621,65535)  #DF7D35FF  srgba(223,125,53,1)
10,14: (58853,9766,60909,65535)  #E526EDFF  srgba(229,38,237,1)
11,14: (59110,3341,3341,65535)  #E60D0DFF  srgba(230,13,13,1)
12,14: (59881,37008,0,65535)  #E99000FF  srgba(233,144,0,1)
13,14: (59881,39064,1799,65535)  #E99807FF  srgba(233,152,7,1)
14,14: (60395,37779,50115,65535)  #EB93C3FF  srgba(235,147,195,1)
15,14: (60652,26214,0,65535)  #EC6600FF  srgba(236,102,0,1)
0,15: (60909,16962,22873,65535)  #ED4259FF  srgba(237,66,89,1)
1,15: (61166,27499,48573,65535)  #EE6BBDFF  srgba(238,107,189,1)
2,15: (61423,10537,4369,65535)  #EF2911FF  srgba(239,41,17,1)
3,15: (61680,24672,61680,65535)  #F060F0FF  srgba(240,96,240,1)
4,15: (61937,32125,771,65535)  #F17D03FF  srgba(241,125,3,1)
5,15: (62194,30840,33667,65535)  #F27883FF  srgba(242,120,131,1)
6,15: (62451,17219,14392,65535)  #F34338FF  srgba(243,67,56,1)
7,15: (62451,31611,5654,65535)  #F37B16FF  srgba(243,123,22,1)
8,15: (62451,35209,60909,65535)  #F389EDFF  srgba(243,137,237,1)
9,15: (63222,9509,13107,65535)  #F62533FF  srgba(246,37,51,1)
10,15: (63222,21074,4112,65535)  #F65210FF  srgba(246,82,16,1)
11,15: (64250,11051,63993,65535)  #FA2BF9FF  srgba(250,43,249,1)
12,15: (64764,28527,13878,65535)  #FC6F36FF  srgba(252,111,54,1)
13,15: (65021,24672,63736,65535)  #FD60F8FF  srgba(253,96,248,1)
14,15: (65021,27499,22102,65535)  #FD6B56FF  srgba(253,107,86,1)
15,15: (0,65535,0,0)  #00FF0000  srgba(0,255,0,0)
