# ImageMagick pixel enumeration: 16,16,65535,srgba
0,0: (0,0,0,65535)  #000000FF  black
1,0: (257,257,514,65535)  #010102FF  srgba(1,1,2,1)
2,0: (514,1542,1028,65535)  #020604FF  srgba(2,6,4,1)
3,0: (1285,3598,1799,65535)  #050E07FF  srgba(5,14,7,1)
4,0: (1542,7710,2313,65535)  #061E09FF  srgba(6,30,9,1)
5,0: (2570,5140,6425,65535)  #0A1419FF  srgba(10,20,25,1)
6,0: (3341,12593,10280,65535)  #0D3128FF  srgba(13,49,40,1)
7,0: (6939,13621,21074,65535)  #1B3552FF  srgba(27,53,82,1)
8,0: (9252,10023,10280,65535)  #242728FF  srgba(36,39,40,1)
9,0: (9509,19018,14906,65535)  #254A3AFF  srgba(37,74,58,1)
10,0: (9766,19018,9766,65535)  #264A26FF  srgba(38,74,38,1)
11,0: (9766,20817,24929,65535)  #265161FF  srgba(38,81,97,1)
12,0: (9766,23387,28013,65535)  #265B6DFF  srgba(38,91,109,1)
13,0: (10794,14392,11822,65535)  #2A382EFF  srgba(42,56,46,1)
14,0: (11822,23130,21074,65535)  #2E5A52FF  srgba(46,90,82,1)
15,0: (12593,18247,22102,65535)  #314756FF  srgba(49,71,86,1)
0,1: (14392,14906,21074,65535)  #383A52FF  srgba(56,58,82,1)
1,1: (14649,21331,11308,65535)  #39532CFF  srgba(57,83,44,1)
2,1: (14649,29041,29812,65535)  #397174FF  srgba(57,113,116,1)
3,1: (14906,26985,33924,65535)  #3A6984FF  srgba(58,105,132,1)
4,1: (14906,28784,31868,65535)  #3A707CFF  srgba(58,112,124,1)
5,1: (15163,21074,15677,65535)  #3B523DFF  srgba(59,82,61,1)
6,1: (15163,28013,32896,65535)  #3B6D80FF  srgba(59,109,128,1)
7,1: (15420,26985,37008,65535)  #3C6990FF  srgba(60,105,144,1)
8,1: (15420,27756,34952,65535)  #3C6C88FF  srgba(60,108,136,1)
9,1: (15420,29041,25700,65535)  #3C7164FF  srgba(60,113,100,1)
10,1: (15420,29555,28270,65535)  #3C736EFF  srgba(60,115,110,1)
11,1: (15420,29812,27242,65535)  #3C746AFF  srgba(60,116,106,1)
12,1: (15677,20817,22359,65535)  #3D5157FF  srgba(61,81,87,1)
13,1: (15677,23644,27756,65535)  #3D5C6CFF  srgba(61,92,108,1)
14,1: (15677,27756,37008,65535)  #3D6C90FF  srgba(61,108,144,1)
15,1: (15934,26471,16191,65535)  #3E673FFF  srgba(62,103,63,1)
0,2: (15934,26985,22616,65535)  #3E6958FF  srgba(62,105,88,1)
1,2: (16191,26214,36751,65535)  #3F668FFF  srgba(63,102,143,1)
2,2: (16191,29298,29812,65535)  #3F7274FF  srgba(63,114,116,1)
3,2: (16191,29298,32125,65535)  #3F727DFF  srgba(63,114,125,1)
4,2: (16448,29555,34438,65535)  #407386FF  srgba(64,115,134,1)
5,2: (16705,23387,20817,65535)  #415B51FF  srgba(65,91,81,1)
6,2: (16705,27756,32639,65535)  #416C7FFF  srgba(65,108,127,1)
7,2: (17733,24415,31611,65535)  #455F7BFF  srgba(69,95,123,1)
8,2: (17733,25957,32639,65535)  #45657FFF  srgba(69,101,127,1)
9,2: (17733,26985,33153,65535)  #456981FF  srgba(69,105,129,1)
10,2: (17990,24672,34952,65535)  #466088FF  srgba(70,96,136,1)
11,2: (18247,22616,33667,65535)  #475883FF  srgba(71,88,131,1)
12,2: (18504,23644,31611,65535)  #485C7BFF  srgba(72,92,123,1)
13,2: (18504,31868,33667,65535)  #487C83FF  srgba(72,124,131,1)
14,2: (18761,29812,39064,65535)  #497498FF  srgba(73,116,152,1)
15,2: (18761,30069,36494,65535)  #49758EFF  srgba(73,117,142,1)
0,3: (19018,23644,34952,65535)  #4A5C88FF  srgba(74,92,136,1)
1,3: (19018,30326,32125,65535)  #4A767DFF  srgba(74,118,125,1)
2,3: (19018,32382,31354,65535)  #4A7E7AFF  srgba(74,126,122,1)
3,3: (19275,19789,33924,65535)  #4B4D84FF  srgba(75,77,132,1)
4,3: (19275,31868,33667,65535)  #4B7C83FF  srgba(75,124,131,1)
5,3: (19789,25443,27499,65535)  #4D636BFF  srgba(77,99,107,1)
6,3: (19789,30583,34695,65535)  #4D7787FF  srgba(77,119,135,1)
7,3: (19789,32382,36494,65535)  #4D7E8EFF  srgba(77,126,142,1)
8,3: (20046,28527,27756,65535)  #4E6F6CFF  srgba(78,111,108,1)
9,3: (20046,31868,33924,65535)  #4E7C84FF  srgba(78,124,132,1)
10,3: (20560,21331,17990,65535)  #505346FF  srgba(80,83,70,1)
11,3: (20560,23130,23387,65535)  #505A5BFF  srgba(80,90,91,1)
12,3: (20560,25443,20046,65535)  #50634EFF  srgba(80,99,78,1)
13,3: (20560,33667,33924,65535)  #508384FF  srgba(80,131,132,1)
14,3: (20817,28784,17733,65535)  #517045FF  srgba(81,112,69,1)
15,3: (21331,14392,15420,65535)  #53383CFF  srgba(83,56,60,1)
0,4: (21331,19018,23130,65535)  #534A5AFF  srgba(83,74,90,1)
1,4: (21588,22873,27756,65535)  #54596CFF  srgba(84,89,108,1)
2,4: (21588,25443,24158,65535)  #54635EFF  srgba(84,99,94,1)
3,4: (21588,28784,21074,65535)  #547052FF  srgba(84,112,82,1)
4,4: (21588,28784,23644,65535)  #54705CFF  srgba(84,112,92,1)
5,4: (21845,19275,27756,65535)  #554B6CFF  srgba(85,75,108,1)
6,4: (21845,32896,27756,65535)  #55806CFF  srgba(85,128,108,1)
7,4: (22359,23901,28013,65535)  #575D6DFF  srgba(87,93,109,1)
8,4: (22359,32125,30840,65535)  #577D78FF  srgba(87,125,120,1)
9,4: (22873,25700,27756,65535)  #59646CFF  srgba(89,100,108,1)
10,4: (23130,34438,31097,65535)  #5A8679FF  srgba(90,134,121,1)
11,4: (23130,34438,40092,65535)  #5A869CFF  srgba(90,134,156,1)
12,4: (23387,29041,27756,65535)  #5B716CFF  srgba(91,113,108,1)
13,4: (23387,33153,24672,65535)  #5B8160FF  srgba(91,129,96,1)
14,4: (23387,33410,20303,65535)  #5B824FFF  srgba(91,130,79,1)
15,4: (24158,34952,36751,65535)  #5E888FFF  srgba(94,136,143,1)
0,5: (24158,34952,43947,65535)  #5E88ABFF  srgba(94,136,171,1)
1,5: (25186,31868,33924,65535)  #627C84FF  srgba(98,124,132,1)
2,5: (25957,36237,48573,65535)  #658DBDFF  srgba(101,141,189,1)
3,5: (25957,36751,33924,65535)  #658F84FF  srgba(101,143,132,1)
4,5: (26214,34181,33924,65535)  #668584FF  srgba(102,133,132,1)
5,5: (26471,29555,33153,65535)  #677381FF  srgba(103,115,129,1)
6,5: (26728,23644,28527,65535)  #685C6FFF  srgba(104,92,111,1)
7,5: (26728,23901,25186,65535)  #685D62FF  srgba(104,93,98,1)
8,5: (26728,25957,33153,65535)  #686581FF  srgba(104,101,129,1)
9,5: (26728,34952,27499,65535)  #68886BFF  srgba(104,136,107,1)
10,5: (26985,28013,22359,65535)  #696D57FF  srgba(105,109,87,1)
11,5: (26985,29812,28784,65535)  #697470FF  srgba(105,116,112,1)
12,5: (27242,22359,33153,65535)  #6A5781FF  srgba(106,87,129,1)
13,5: (27242,26471,28784,65535)  #6A6770FF  srgba(106,103,112,1)
14,5: (27242,28270,25700,65535)  #6A6E64FF  srgba(106,110,100,1)
15,5: (27499,14906,17990,65535)  #6B3A46FF  srgba(107,58,70,1)
0,6: (27499,22359,20817,65535)  #6B5751FF  srgba(107,87,81,1)
1,6: (27499,34438,30840,65535)  #6B8678FF  srgba(107,134,120,1)
2,6: (27756,19532,25186,65535)  #6C4C62FF  srgba(108,76,98,1)
3,6: (27756,20046,28784,65535)  #6C4E70FF  srgba(108,78,112,1)
4,6: (28013,27499,39321,65535)  #6D6B99FF  srgba(109,107,153,1)
5,6: (28270,35209,21845,65535)  #6E8955FF  srgba(110,137,85,1)
6,6: (28784,35209,25186,65535)  #708962FF  srgba(112,137,98,1)
7,6: (29041,36237,40092,65535)  #718D9CFF  srgba(113,141,156,1)
8,6: (29555,20046,33924,65535)  #734E84FF  srgba(115,78,132,1)
9,6: (30326,15677,33924,65535)  #763D84FF  srgba(118,61,132,1)
10,6: (30326,39578,30840,65535)  #769A78FF  srgba(118,154,120,1)
11,6: (30583,35209,27756,65535)  #77896CFF  srgba(119,137,108,1)
12,6: (31097,37779,33924,65535)  #799384FF  srgba(121,147,132,1)
13,6: (31354,17476,39578,65535)  #7A449AFF  srgba(122,68,154,1)
14,6: (31354,34695,30840,65535)  #7A8778FF  srgba(122,135,120,1)
15,6: (31354,35466,36751,65535)  #7A8A8FFF  srgba(122,138,143,1)
0,7: (31354,39321,27756,65535)  #7A996CFF  srgba(122,153,108,1)
1,7: (31354,41891,33924,65535)  #7AA384FF  srgba(122,163,132,1)
2,7: (31611,35723,50629,65535)  #7B8BC5FF  srgba(123,139,197,1)
3,7: (31611,40606,22616,65535)  #7B9E58FF  srgba(123,158,88,1)
4,7: (31611,40863,44461,65535)  #7B9FADFF  srgba(123,159,173,1)
5,7: (31868,18504,33924,65535)  #7C4884FF  srgba(124,72,132,1)
6,7: (31868,27499,25186,65535)  #7C6B62FF  srgba(124,107,98,1)
7,7: (31868,40606,25186,65535)  #7C9E62FF  srgba(124,158,98,1)
8,7: (32125,35980,44461,65535)  #7D8CADFF  srgba(125,140,173,1)
9,7: (32382,25186,33410,65535)  #7E6282FF  srgba(126,98,130,1)
10,7: (32382,28784,33667,65535)  #7E7083FF  srgba(126,112,131,1)
11,7: (32382,41634,40092,65535)  #7EA29CFF  srgba(126,162,156,1)
12,7: (32639,19789,20560,65535)  #7F4D50FF  srgba(127,77,80,1)
13,7: (32639,26985,29298,65535)  #7F6972FF  srgba(127,105,114,1)
14,7: (32896,20560,29555,65535)  #805073FF  srgba(128,80,115,1)
15,7: (32896,40092,36494,65535)  #809C8EFF  srgba(128,156,142,1)
0,8: (32896,41891,27756,65535)  #80A36CFF  srgba(128,163,108,1)
1,8: (33153,43176,51657,65535)  #81A8C9FF  srgba(129,168,201,1)
2,8: (33153,43433,47802,65535)  #81A9BAFF  srgba(129,169,186,1)
3,8: (33153,43947,36494,65535)  #81AB8EFF  srgba(129,171,142,1)
4,8: (33410,26985,43690,65535)  #8269AAFF  srgba(130,105,170,1)
5,8: (33410,43176,30840,65535)  #82A878FF  srgba(130,168,120,1)
6,8: (33410,44461,24415,65535)  #82AD5FFF  srgba(130,173,95,1)
7,8: (33410,44461,27499,65535)  #82AD6BFF  srgba(130,173,107,1)
8,8: (33410,44718,44461,65535)  #82AEADFF  srgba(130,174,173,1)
9,8: (33667,21845,24415,65535)  #83555FFF  srgba(131,85,95,1)
10,8: (33667,40606,30840,65535)  #839E78FF  srgba(131,158,120,1)
11,8: (33667,45489,30840,65535)  #83B178FF  srgba(131,177,120,1)
12,8: (33924,22359,33410,65535)  #845782FF  srgba(132,87,130,1)
13,8: (33924,36237,40092,65535)  #848D9CFF  srgba(132,141,156,1)
14,8: (34181,22102,26728,65535)  #855668FF  srgba(133,86,104,1)
15,8: (34438,20046,43176,65535)  #864EA8FF  srgba(134,78,168,1)
0,9: (34438,20817,39321,65535)  #865199FF  srgba(134,81,153,1)
1,9: (34695,20046,33924,65535)  #874E84FF  srgba(135,78,132,1)
2,9: (34952,26214,39578,65535)  #88669AFF  srgba(136,102,154,1)
3,9: (34952,38036,33924,65535)  #889484FF  srgba(136,148,132,1)
4,9: (34952,41120,33924,65535)  #88A084FF  srgba(136,160,132,1)
5,9: (34952,43176,33924,65535)  #88A884FF  srgba(136,168,132,1)
6,9: (34952,45489,36494,65535)  #88B18EFF  srgba(136,177,142,1)
7,9: (35209,45232,33924,65535)  #89B084FF  srgba(137,176,132,1)
8,9: (35209,46517,39578,65535)  #89B59AFF  srgba(137,181,154,1)
9,9: (35466,26985,46517,65535)  #8A69B5FF  srgba(138,105,181,1)
10,9: (35466,27242,50372,65535)  #8A6AC4FF  srgba(138,106,196,1)
11,9: (35466,40606,31097,65535)  #8A9E79FF  srgba(138,158,121,1)
12,9: (35466,41377,24672,65535)  #8AA160FF  srgba(138,161,96,1)
13,9: (35466,42662,28270,65535)  #8AA66EFF  srgba(138,166,110,1)
14,9: (35466,44204,24929,65535)  #8AAC61FF  srgba(138,172,97,1)
15,9: (35466,44204,30840,65535)  #8AAC78FF  srgba(138,172,120,1)
0,10: (35723,21074,46517,65535)  #8B52B5FF  srgba(139,82,181,1)
1,10: (35723,47545,33924,65535)  #8BB984FF  srgba(139,185,132,1)
2,10: (35980,46003,36494,65535)  #8CB38EFF  srgba(140,179,142,1)
3,10: (36237,22359,39578,65535)  #8D579AFF  srgba(141,87,154,1)
4,10: (36237,24158,29298,65535)  #8D5E72FF  srgba(141,94,114,1)
5,10: (36237,46260,31354,65535)  #8DB47AFF  srgba(141,180,122,1)
6,10: (36237,47288,25957,65535)  #8DB865FF  srgba(141,184,101,1)
7,10: (36494,21588,34438,65535)  #8E5486FF  srgba(142,84,134,1)
8,10: (36494,47288,29041,65535)  #8EB871FF  srgba(142,184,113,1)
9,10: (36494,48316,31354,65535)  #8EBC7AFF  srgba(142,188,122,1)
10,10: (36751,20817,52685,65535)  #8F51CDFF  srgba(143,81,205,1)
11,10: (36751,27242,25700,65535)  #8F6A64FF  srgba(143,106,100,1)
12,10: (36751,40349,31097,65535)  #8F9D79FF  srgba(143,157,121,1)
13,10: (36751,41377,26214,65535)  #8FA166FF  srgba(143,161,102,1)
14,10: (36751,44461,26214,65535)  #8FAD66FF  srgba(143,173,102,1)
15,10: (36751,44461,30840,65535)  #8FAD78FF  srgba(143,173,120,1)
0,11: (37008,23387,43433,65535)  #905BA9FF  srgba(144,91,169,1)
1,11: (37522,43433,35466,65535)  #92A98AFF  srgba(146,169,138,1)
2,11: (37522,45489,35466,65535)  #92B18AFF  srgba(146,177,138,1)
3,11: (37522,47288,34695,65535)  #92B887FF  srgba(146,184,135,1)
4,11: (37779,24672,40092,65535)  #93609CFF  srgba(147,96,156,1)
5,11: (37779,38807,35466,65535)  #93978AFF  srgba(147,151,138,1)
6,11: (37779,49344,34438,65535)  #93C086FF  srgba(147,192,134,1)
7,11: (38036,27499,33924,65535)  #946B84FF  srgba(148,107,132,1)
8,11: (38036,42405,30840,65535)  #94A578FF  srgba(148,165,120,1)
9,11: (38036,42919,25700,65535)  #94A764FF  srgba(148,167,100,1)
10,11: (38293,24672,34181,65535)  #956085FF  srgba(149,96,133,1)
11,11: (38293,25443,43433,65535)  #9563A9FF  srgba(149,99,169,1)
12,11: (38293,48059,27756,65535)  #95BB6CFF  srgba(149,187,108,1)
13,11: (38293,48316,31354,65535)  #95BC7AFF  srgba(149,188,122,1)
14,11: (38550,48573,37779,65535)  #96BD93FF  srgba(150,189,147,1)
15,11: (38807,22616,34695,65535)  #975887FF  srgba(151,88,135,1)
0,12: (39064,48830,40349,65535)  #98BE9DFF  srgba(152,190,157,1)
1,12: (39321,49087,34438,65535)  #99BF86FF  srgba(153,191,134,1)
2,12: (39321,49601,45232,65535)  #99C1B0FF  srgba(153,193,176,1)
3,12: (39321,49858,52428,65535)  #99C2CCFF  srgba(153,194,204,1)
4,12: (39578,25957,29555,65535)  #9A6573FF  srgba(154,101,115,1)
5,12: (39578,41377,25957,65535)  #9AA165FF  srgba(154,161,101,1)
6,12: (39578,44718,40606,65535)  #9AAE9EFF  srgba(154,174,158,1)
7,12: (39578,48573,28013,65535)  #9ABD6DFF  srgba(154,189,109,1)
8,12: (39578,49087,31354,65535)  #9ABF7AFF  srgba(154,191,122,1)
9,12: (39835,23644,40349,65535)  #9B5C9DFF  srgba(155,92,157,1)
10,12: (39835,24415,43947,65535)  #9B5FABFF  srgba(155,95,171,1)
11,12: (39835,40863,31097,65535)  #9B9F79FF  srgba(155,159,121,1)
12,12: (40092,26728,40349,65535)  #9C689DFF  srgba(156,104,157,1)
13,12: (40092,43947,48059,65535)  #9CABBBFF  srgba(156,171,187,1)
14,12: (40092,44204,44718,65535)  #9CACAEFF  srgba(156,172,174,1)
15,12: (40349,41120,40863,65535)  #9DA09FFF  srgba(157,160,159,1)
0,13: (40606,40349,50372,65535)  #9E9DC4FF  srgba(158,157,196,1)
1,13: (40606,44975,35723,65535)  #9EAF8BFF  srgba(158,175,139,1)
2,13: (40863,26214,46774,65535)  #9F66B6FF  srgba(159,102,182,1)
3,13: (40863,26214,50115,65535)  #9F66C3FF  srgba(159,102,195,1)
4,13: (40863,26471,34438,65535)  #9F6786FF  srgba(159,103,134,1)
5,13: (40863,35466,40863,65535)  #9F8A9FFF  srgba(159,138,159,1)
6,13: (40863,35723,48059,65535)  #9F8BBBFF  srgba(159,139,187,1)
7,13: (40863,37265,44718,65535)  #9F91AEFF  srgba(159,145,174,1)
8,13: (40863,40606,53456,65535)  #9F9ED0FF  srgba(159,158,208,1)
9,13: (40863,49601,30069,65535)  #9FC175FF  srgba(159,193,117,1)
10,13: (40863,49858,34695,65535)  #9FC287FF  srgba(159,194,135,1)
11,13: (41120,41120,35723,65535)  #A0A08BFF  srgba(160,160,139,1)
12,13: (41377,25443,54741,65535)  #A163D5FF  srgba(161,99,213,1)
13,13: (41377,27242,44204,65535)  #A16AACFF  srgba(161,106,172,1)
14,13: (41377,35209,35723,65535)  #A1898BFF  srgba(161,137,139,1)
15,13: (41891,48573,40349,65535)  #A3BD9DFF  srgba(163,189,157,1)
0,14: (42148,52685,40863,65535)  #A4CD9FFF  srgba(164,205,159,1)
1,14: (42662,38550,29555,65535)  #A69673FF  srgba(166,150,115,1)
2,14: (42662,49858,30583,65535)  #A6C277FF  srgba(166,194,119,1)
3,14: (42919,53970,49858,65535)  #A7D2C2FF  srgba(167,210,194,1)
4,14: (43176,28270,34695,65535)  #A86E87FF  srgba(168,110,135,1)
5,14: (43176,52685,54998,65535)  #A8CDD6FF  srgba(168,205,214,1)
6,14: (43433,50886,34695,65535)  #A9C687FF  srgba(169,198,135,1)
7,14: (43690,28527,40092,65535)  #AA6F9CFF  srgba(170,111,156,1)
8,14: (43947,51400,41120,65535)  #ABC8A0FF  srgba(171,200,160,1)
9,14: (45232,42405,36237,65535)  #B0A58DFF  srgba(176,165,141,1)
10,14: (45489,34695,35980,65535)  #B1878CFF  srgba(177,135,140,1)
11,14: (45746,51914,41377,65535)  #B2CAA1FF  srgba(178,202,161,1)
12,14: (46260,56026,50629,65535)  #B4DAC5FF  srgba(180,218,197,1)
13,14: (46517,56283,55769,65535)  #B5DBD9FF  srgba(181,219,217,1)
14,14: (47288,37779,30326,65535)  #B89376FF  srgba(184,147,118,1)
15,14: (47288,41120,41634,65535)  #B8A0A2FF  srgba(184,160,162,1)
0,15: (47545,33667,41891,65535)  #B983A3FF  srgba(185,131,163,1)
1,15: (48573,37265,47031,65535)  #BD91B7FF  srgba(189,145,183,1)
2,15: (48573,37779,50629,65535)  #BD93C5FF  srgba(189,147,197,1)
3,15: (48573,38293,36237,65535)  #BD958DFF  srgba(189,149,141,1)
4,15: (48830,38550,55512,65535)  #BE96D8FF  srgba(190,150,216,1)
5,15: (50629,50115,42662,65535)  #C5C3A6FF  srgba(197,195,166,1)
6,15: (51657,37008,42148,65535)  #C990A4FF  srgba(201,144,164,1)
7,15: (51914,54998,51914,65535)  #CAD6CAFF  srgba(202,214,202,1)
8,15: (52171,39578,36494,65535)  #CB9A8EFF  srgba(203,154,142,1)
9,15: (52171,58082,57568,65535)  #CBE2E0FF  srgba(203,226,224,1)
10,15: (54484,42662,42148,65535)  #D4A6A4FF  srgba(212,166,164,1)
11,15: (54741,39835,55512,65535)  #D59BD8FF  srgba(213,155,216,1)
12,15: (54998,48059,53970,65535)  #D6BBD2FF  srgba(214,187,210,1)
13,15: (55512,41634,47802,65535)  #D8A2BAFF  srgba(216,162,186,1)
14,15: (56797,44204,55512,65535)  #DDACD8FF  srgba(221,172,216,1)
15,15: (0,65535,0,0)  #00FF0000  srgba(0,255,0,0)
