# ImageMagick pixel enumeration: 16,16,65535,srgba
0,0: (0,0,0,65535)  #000000FF  black
1,0: (0,257,0,65535)  #000100FF  srgba(0,1,0,1)
2,0: (0,1028,0,65535)  #000400FF  srgba(0,4,0,1)
3,0: (257,0,771,65535)  #010003FF  srgba(1,0,3,1)
4,0: (257,0,4112,65535)  #010010FF  srgba(1,0,16,1)
5,0: (257,14649,2570,65535)  #01390AFF  srgba(1,57,10,1)
6,0: (257,20046,3341,65535)  #014E0DFF  srgba(1,78,13,1)
7,0: (257,26471,4883,65535)  #016713FF  srgba(1,103,19,1)
8,0: (257,40863,8995,65535)  #019F23FF  srgba(1,159,35,1)
9,0: (514,771,514,65535)  #020302FF  srgba(2,3,2,1)
10,0: (514,3341,0,65535)  #020D00FF  srgba(2,13,0,1)
11,0: (514,7710,771,65535)  #021E03FF  srgba(2,30,3,1)
12,0: (514,42405,9509,65535)  #02A525FF  srgba(2,165,37,1)
13,0: (514,42662,10023,65535)  #02A627FF  srgba(2,166,39,1)
14,0: (771,42919,10537,65535)  #03A729FF  srgba(3,167,41,1)
15,0: (1028,42405,10023,65535)  #04A527FF  srgba(4,165,39,1)
0,1: (1542,40092,8995,65535)  #069C23FF  srgba(6,156,35,1)
1,1: (1542,42919,11308,65535)  #06A72CFF  srgba(6,167,44,1)
2,1: (1799,257,2827,65535)  #07010BFF  srgba(7,1,11,1)
3,1: (1799,42148,10023,65535)  #07A427FF  srgba(7,164,39,1)
4,1: (2056,42919,10537,65535)  #08A729FF  srgba(8,167,41,1)
5,1: (2313,0,11822,65535)  #09002EFF  srgba(9,0,46,1)
6,1: (2313,771,4626,65535)  #090312FF  srgba(9,3,18,1)
7,1: (2313,3084,3855,65535)  #090C0FFF  srgba(9,12,15,1)
8,1: (2313,8481,4626,65535)  #092112FF  srgba(9,33,18,1)
9,1: (2313,15163,4626,65535)  #093B12FF  srgba(9,59,18,1)
10,1: (2570,27242,6939,65535)  #0A6A1BFF  srgba(10,106,27,1)
11,1: (2827,42405,10537,65535)  #0BA529FF  srgba(11,165,41,1)
12,1: (3084,41891,11308,65535)  #0CA32CFF  srgba(12,163,44,1)
13,1: (3598,41120,10023,65535)  #0EA027FF  srgba(14,160,39,1)
14,1: (3855,0,4883,65535)  #0F0013FF  srgba(15,0,19,1)
15,1: (4369,38550,9252,65535)  #119624FF  srgba(17,150,36,1)
0,2: (4369,40863,13107,65535)  #119F33FF  srgba(17,159,51,1)
1,2: (4626,0,5654,65535)  #120016FF  srgba(18,0,22,1)
2,2: (4626,0,6682,65535)  #12001AFF  srgba(18,0,26,1)
3,2: (4626,28013,8224,65535)  #126D20FF  srgba(18,109,32,1)
4,2: (4883,0,6168,65535)  #130018FF  srgba(19,0,24,1)
5,2: (4883,2056,4112,65535)  #130810FF  srgba(19,8,16,1)
6,2: (4883,36494,12079,65535)  #138E2FFF  srgba(19,142,47,1)
7,2: (5140,15163,6939,65535)  #143B1BFF  srgba(20,59,27,1)
8,2: (5140,40606,10537,65535)  #149E29FF  srgba(20,158,41,1)
9,2: (5397,257,11308,65535)  #15012CFF  srgba(21,1,44,1)
10,2: (5397,3084,6939,65535)  #150C1BFF  srgba(21,12,27,1)
11,2: (5397,8224,7710,65535)  #15201EFF  srgba(21,32,30,1)
12,2: (5397,33924,12336,65535)  #158430FF  srgba(21,132,48,1)
13,2: (5654,0,7196,65535)  #16001CFF  srgba(22,0,28,1)
14,2: (5654,257,6682,65535)  #16011AFF  srgba(22,1,26,1)
15,2: (5654,23130,11565,65535)  #165A2DFF  srgba(22,90,45,1)
0,3: (5654,30583,11822,65535)  #16772EFF  srgba(22,119,46,1)
1,3: (5911,40092,11565,65535)  #179C2DFF  srgba(23,156,45,1)
2,3: (6168,257,7710,65535)  #18011EFF  srgba(24,1,30,1)
3,3: (6425,0,7710,65535)  #19001EFF  srgba(25,0,30,1)
4,3: (6425,4883,7453,65535)  #19131DFF  srgba(25,19,29,1)
5,3: (6425,8224,8738,65535)  #192022FF  srgba(25,32,34,1)
6,3: (6682,257,7710,65535)  #1A011EFF  srgba(26,1,30,1)
7,3: (6682,8995,9766,65535)  #1A2326FF  srgba(26,35,38,1)
8,3: (6939,3341,7710,65535)  #1B0D1EFF  srgba(27,13,30,1)
9,3: (6939,8224,8738,65535)  #1B2022FF  srgba(27,32,34,1)
10,3: (7196,257,10794,65535)  #1C012AFF  srgba(28,1,42,1)
11,3: (7196,39578,13621,65535)  #1C9A35FF  srgba(28,154,53,1)
12,3: (7453,0,7967,65535)  #1D001FFF  srgba(29,0,31,1)
13,3: (7453,12593,11051,65535)  #1D312BFF  srgba(29,49,43,1)
14,3: (7710,257,8481,65535)  #1E0121FF  srgba(30,1,33,1)
15,3: (7710,4626,8224,65535)  #1E1220FF  srgba(30,18,32,1)
0,4: (7967,35209,13621,65535)  #1F8935FF  srgba(31,137,53,1)
1,4: (8738,514,11051,65535)  #22022BFF  srgba(34,2,43,1)
2,4: (8738,1028,15163,65535)  #22043BFF  srgba(34,4,59,1)
3,4: (8995,5397,12079,65535)  #23152FFF  srgba(35,21,47,1)
4,4: (9509,4112,8224,65535)  #251020FF  srgba(37,16,32,1)
5,4: (9509,13364,14649,65535)  #253439FF  srgba(37,52,57,1)
6,4: (9509,29812,14135,65535)  #257437FF  srgba(37,116,55,1)
7,4: (9509,35723,17733,65535)  #258B45FF  srgba(37,139,69,1)
8,4: (9766,1542,19275,65535)  #26064BFF  srgba(38,6,75,1)
9,4: (10023,22102,13621,65535)  #275635FF  srgba(39,86,53,1)
10,4: (10023,28784,17476,65535)  #277044FF  srgba(39,112,68,1)
11,4: (10280,1542,22102,65535)  #280656FF  srgba(40,6,86,1)
12,4: (10794,38550,16191,65535)  #2A963FFF  srgba(42,150,63,1)
13,4: (11565,3084,21845,65535)  #2D0C55FF  srgba(45,12,85,1)
14,4: (11565,35723,13878,65535)  #2D8B36FF  srgba(45,139,54,1)
15,4: (11565,39578,13621,65535)  #2D9A35FF  srgba(45,154,53,1)
0,5: (11822,771,11822,65535)  #2E032EFF  srgba(46,3,46,1)
1,5: (12593,1799,19275,65535)  #31074BFF  srgba(49,7,75,1)
2,5: (13107,38293,19018,65535)  #33954AFF  srgba(51,149,74,1)
3,5: (13621,1285,15163,65535)  #35053BFF  srgba(53,5,59,1)
4,5: (13621,35466,18761,65535)  #358A49FF  srgba(53,138,73,1)
5,5: (13878,29555,22102,65535)  #367356FF  srgba(54,115,86,1)
6,5: (13878,40349,17476,65535)  #369D44FF  srgba(54,157,68,1)
7,5: (14135,24672,18247,65535)  #376047FF  srgba(55,96,71,1)
8,5: (14392,31611,18761,65535)  #387B49FF  srgba(56,123,73,1)
9,5: (14906,5140,25443,65535)  #3A1463FF  srgba(58,20,99,1)
10,5: (14906,34438,22359,65535)  #3A8657FF  srgba(58,134,87,1)
11,5: (15163,3341,25186,65535)  #3B0D62FF  srgba(59,13,98,1)
12,5: (15934,1285,22616,65535)  #3E0558FF  srgba(62,5,88,1)
13,5: (16191,10537,16448,65535)  #3F2940FF  srgba(63,41,64,1)
14,5: (16705,3084,22102,65535)  #410C56FF  srgba(65,12,86,1)
15,5: (16962,5397,16962,65535)  #421542FF  srgba(66,21,66,1)
0,6: (17219,771,15934,65535)  #43033EFF  srgba(67,3,62,1)
1,6: (17219,4112,28527,65535)  #43106FFF  srgba(67,16,111,1)
2,6: (17219,44718,19018,65535)  #43AE4AFF  srgba(67,174,74,1)
3,6: (17733,514,24158,65535)  #45025EFF  srgba(69,2,94,1)
4,6: (17990,3084,17733,65535)  #460C45FF  srgba(70,12,69,1)
5,6: (17990,29298,22616,65535)  #467258FF  srgba(70,114,88,1)
6,6: (17990,30069,25443,65535)  #467563FF  srgba(70,117,99,1)
7,6: (18247,1028,26214,65535)  #470466FF  srgba(71,4,102,1)
8,6: (18247,1542,18761,65535)  #470649FF  srgba(71,6,73,1)
9,6: (18504,4369,21845,65535)  #481155FF  srgba(72,17,85,1)
10,6: (19275,28270,29041,65535)  #4B6E71FF  srgba(75,110,113,1)
11,6: (19532,4626,32639,65535)  #4C127FFF  srgba(76,18,127,1)
12,6: (19532,35209,24415,65535)  #4C895FFF  srgba(76,137,95,1)
13,6: (20560,13107,22616,65535)  #503358FF  srgba(80,51,88,1)
14,6: (21588,14906,24672,65535)  #543A60FF  srgba(84,58,96,1)
15,6: (23644,36494,24929,65535)  #5C8E61FF  srgba(92,142,97,1)
0,7: (23901,3855,21074,65535)  #5D0F52FF  srgba(93,15,82,1)
1,7: (23901,17990,23644,65535)  #5D465CFF  srgba(93,70,92,1)
2,7: (24929,4112,24158,65535)  #61105EFF  srgba(97,16,94,1)
3,7: (24929,30583,29298,65535)  #617772FF  srgba(97,119,114,1)
4,7: (25443,3598,32382,65535)  #630E7EFF  srgba(99,14,126,1)
5,7: (25443,5911,32896,65535)  #631780FF  srgba(99,23,128,1)
6,7: (25700,4369,38293,65535)  #641195FF  srgba(100,17,149,1)
7,7: (25957,4369,27242,65535)  #65116AFF  srgba(101,17,106,1)
8,7: (25957,46003,24672,65535)  #65B360FF  srgba(101,179,96,1)
9,7: (26471,6425,39321,65535)  #671999FF  srgba(103,25,153,1)
10,7: (27499,21588,29298,65535)  #6B5472FF  srgba(107,84,114,1)
11,7: (28527,29555,33667,65535)  #6F7383FF  srgba(111,115,131,1)
12,7: (28784,38036,26728,65535)  #709468FF  srgba(112,148,104,1)
13,7: (29041,34181,34438,65535)  #718586FF  srgba(113,133,134,1)
14,7: (30840,25443,40092,65535)  #78639CFF  srgba(120,99,156,1)
15,7: (31354,16191,34695,65535)  #7A3F87FF  srgba(122,63,135,1)
0,8: (31611,5140,28270,65535)  #7B146EFF  srgba(123,20,110,1)
1,8: (31611,11308,35723,65535)  #7B2C8BFF  srgba(123,44,139,1)
2,8: (32125,4626,38550,65535)  #7D1296FF  srgba(125,18,150,1)
3,8: (32639,5654,32382,65535)  #7F167EFF  srgba(127,22,126,1)
4,8: (32639,7453,39321,65535)  #7F1D99FF  srgba(127,29,153,1)
5,8: (32896,12079,37779,65535)  #802F93FF  srgba(128,47,147,1)
6,8: (33153,6682,46260,65535)  #811AB4FF  srgba(129,26,180,1)
7,8: (33153,46003,28527,65535)  #81B36FFF  srgba(129,179,111,1)
8,8: (34695,15420,40349,65535)  #873C9DFF  srgba(135,60,157,1)
9,8: (34952,14649,39321,65535)  #883999FF  srgba(136,57,153,1)
10,8: (35723,7453,48316,65535)  #8B1DBCFF  srgba(139,29,188,1)
11,8: (35723,40092,37779,65535)  #8B9C93FF  srgba(139,156,147,1)
12,8: (36237,34695,39578,65535)  #8D879AFF  srgba(141,135,154,1)
13,8: (37008,17219,40349,65535)  #90439DFF  srgba(144,67,157,1)
14,8: (37008,48316,34438,65535)  #90BC86FF  srgba(144,188,134,1)
15,8: (37522,6425,34438,65535)  #921986FF  srgba(146,25,134,1)
0,9: (37522,16448,37265,65535)  #924091FF  srgba(146,64,145,1)
1,9: (38293,6425,39835,65535)  #95199BFF  srgba(149,25,155,1)
2,9: (38293,14906,42662,65535)  #953AA6FF  srgba(149,58,166,1)
3,9: (40092,7196,51657,65535)  #9C1CC9FF  srgba(156,28,201,1)
4,9: (40349,6425,46774,65535)  #9D19B6FF  srgba(157,25,182,1)
5,9: (40863,20303,42662,65535)  #9F4FA6FF  srgba(159,79,166,1)
6,9: (41634,7710,39578,65535)  #A21E9AFF  srgba(162,30,154,1)
7,9: (41891,17990,39835,65535)  #A3469BFF  srgba(163,70,155,1)
8,9: (41891,40606,40606,65535)  #A39E9EFF  srgba(163,158,158,1)
9,9: (42405,9509,49601,65535)  #A525C1FF  srgba(165,37,193,1)
10,9: (42919,15163,39064,65535)  #A73B98FF  srgba(167,59,152,1)
11,9: (43176,8738,56540,65535)  #A822DCFF  srgba(168,34,220,1)
12,9: (43433,16448,49858,65535)  #A940C2FF  srgba(169,64,194,1)
13,9: (43947,19532,47031,65535)  #AB4CB7FF  srgba(171,76,183,1)
14,9: (44461,49087,39321,65535)  #ADBF99FF  srgba(173,191,153,1)
15,9: (45746,8481,41120,65535)  #B221A0FF  srgba(178,33,160,1)
0,10: (45746,9252,51400,65535)  #B224C8FF  srgba(178,36,200,1)
1,10: (46003,36751,50886,65535)  #B38FC6FF  srgba(179,143,198,1)
2,10: (46003,39835,46774,65535)  #B39BB6FF  srgba(179,155,182,1)
3,10: (46260,8995,59110,65535)  #B423E6FF  srgba(180,35,230,1)
4,10: (46517,17476,50629,65535)  #B544C5FF  srgba(181,68,197,1)
5,10: (47031,8738,47031,65535)  #B722B7FF  srgba(183,34,183,1)
6,10: (47288,23901,46517,65535)  #B85DB5FF  srgba(184,93,181,1)
7,10: (47545,9252,59367,65535)  #B924E7FF  srgba(185,36,231,1)
8,10: (47802,11565,55255,65535)  #BA2DD7FF  srgba(186,45,215,1)
9,10: (48573,12079,44975,65535)  #BD2FAFFF  srgba(189,47,175,1)
10,10: (49601,43690,42919,65535)  #C1AAA7FF  srgba(193,170,167,1)
11,10: (51143,9252,58339,65535)  #C724E3FF  srgba(199,36,227,1)
12,10: (51143,37265,53456,65535)  #C791D0FF  srgba(199,145,208,1)
13,10: (51143,48059,44204,65535)  #C7BBACFF  srgba(199,187,172,1)
14,10: (51400,9252,49858,65535)  #C824C2FF  srgba(200,36,194,1)
15,10: (51400,9766,61937,65535)  #C826F1FF  srgba(200,38,241,1)
0,11: (51657,43690,52428,65535)  #C9AACCFF  srgba(201,170,204,1)
1,11: (52942,11822,56026,65535)  #CE2EDAFF  srgba(206,46,218,1)
2,11: (53713,15677,54227,65535)  #D13DD3FF  srgba(209,61,211,1)
3,11: (54741,35723,55769,65535)  #D58BD9FF  srgba(213,139,217,1)
4,11: (54741,40606,54998,65535)  #D59ED6FF  srgba(213,158,214,1)
5,11: (54741,44461,47031,65535)  #D5ADB7FF  srgba(213,173,183,1)
6,11: (54998,10023,60909,65535)  #D627EDFF  srgba(214,39,237,1)
7,11: (55255,9509,51657,65535)  #D725C9FF  srgba(215,37,201,1)
8,11: (55255,10280,63479,65535)  #D728F7FF  srgba(215,40,247,1)
9,11: (55512,9509,56797,65535)  #D825DDFF  srgba(216,37,221,1)
10,11: (55769,43690,52685,65535)  #D9AACDFF  srgba(217,170,205,1)
11,11: (56797,10794,63479,65535)  #DD2AF7FF  srgba(221,42,247,1)
12,11: (57825,13878,57054,65535)  #E136DEFF  srgba(225,54,222,1)
13,11: (58082,12336,62965,65535)  #E230F5FF  srgba(226,48,245,1)
14,11: (58339,11051,63479,65535)  #E32BF7FF  srgba(227,43,247,1)
15,11: (58339,11308,58339,65535)  #E32CE3FF  srgba(227,44,227,1)
0,12: (58339,14649,62708,65535)  #E339F4FF  srgba(227,57,244,1)
1,12: (58339,26728,63222,65535)  #E368F6FF  srgba(227,104,246,1)
2,12: (58596,20303,57311,65535)  #E44FDFFF  srgba(228,79,223,1)
3,12: (58853,9766,57568,65535)  #E526E0FF  srgba(229,38,224,1)
4,12: (58853,42919,51657,65535)  #E5A7C9FF  srgba(229,167,201,1)
5,12: (59110,11565,63222,65535)  #E62DF6FF  srgba(230,45,246,1)
6,12: (59367,10023,60138,65535)  #E727EAFF  srgba(231,39,234,1)
7,12: (59367,10794,63479,65535)  #E72AF7FF  srgba(231,42,247,1)
8,12: (59367,42405,58082,65535)  #E7A5E2FF  srgba(231,165,226,1)
9,12: (59624,10537,63479,65535)  #E829F7FF  srgba(232,41,247,1)
10,12: (59624,35723,58853,65535)  #E88BE5FF  srgba(232,139,229,1)
11,12: (59624,40349,56797,65535)  #E89DDDFF  srgba(232,157,221,1)
12,12: (59881,10280,62451,65535)  #E928F3FF  srgba(233,40,243,1)
13,12: (60138,10794,63222,65535)  #EA2AF6FF  srgba(234,42,246,1)
14,12: (60138,39064,62708,65535)  #EA98F4FF  srgba(234,152,244,1)
15,12: (60652,11051,63222,65535)  #EC2BF6FF  srgba(236,43,246,1)
0,13: (61166,10794,63479,65535)  #EE2AF7FF  srgba(238,42,247,1)
1,13: (61166,11051,63479,65535)  #EE2BF7FF  srgba(238,43,247,1)
2,13: (61680,10794,63222,65535)  #F02AF6FF  srgba(240,42,246,1)
3,13: (62194,10794,63736,65535)  #F22AF8FF  srgba(242,42,248,1)
4,13: (62451,10794,62708,65535)  #F32AF4FF  srgba(243,42,244,1)
5,13: (62451,11051,63736,65535)  #F32BF8FF  srgba(243,43,248,1)
6,13: (62451,11308,63736,65535)  #F32CF8FF  srgba(243,44,248,1)
7,13: (62708,37008,62708,65535)  #F490F4FF  srgba(244,144,244,1)
8,13: (62708,37265,61423,65535)  #F491EFFF  srgba(244,145,239,1)
9,13: (62708,40606,57568,65535)  #F49EE0FF  srgba(244,158,224,1)
10,13: (62965,11308,63222,65535)  #F52CF6FF  srgba(245,44,246,1)
11,13: (62965,16962,60909,65535)  #F542EDFF  srgba(245,66,237,1)
12,13: (63222,10794,61680,65535)  #F62AF0FF  srgba(246,42,240,1)
13,13: (63222,10794,63222,65535)  #F62AF6FF  srgba(246,42,246,1)
14,13: (63222,11565,62194,65535)  #F62DF2FF  srgba(246,45,242,1)
15,13: (63222,11565,63993,65535)  #F62DF9FF  srgba(246,45,249,1)
0,14: (63222,26214,61423,65535)  #F666EFFF  srgba(246,102,239,1)
1,14: (63222,37522,63222,65535)  #F692F6FF  srgba(246,146,246,1)
2,14: (63222,38550,63736,65535)  #F696F8FF  srgba(246,150,248,1)
3,14: (63222,40092,61166,65535)  #F69CEEFF  srgba(246,156,238,1)
4,14: (63479,10794,62965,65535)  #F72AF5FF  srgba(247,42,245,1)
5,14: (63479,11051,63479,65535)  #F72BF7FF  srgba(247,43,247,1)
6,14: (63479,11308,63993,65535)  #F72CF9FF  srgba(247,44,249,1)
7,14: (63479,38550,62708,65535)  #F796F4FF  srgba(247,150,244,1)
8,14: (63479,39578,62708,65535)  #F79AF4FF  srgba(247,154,244,1)
9,14: (63736,38807,64250,65535)  #F897FAFF  srgba(248,151,250,1)
10,14: (63736,39321,63222,65535)  #F899F6FF  srgba(248,153,246,1)
11,14: (63736,39321,64250,65535)  #F899FAFF  srgba(248,153,250,1)
12,14: (63993,11051,63222,65535)  #F92BF6FF  srgba(249,43,246,1)
13,14: (63993,39321,63479,65535)  #F999F7FF  srgba(249,153,247,1)
14,14: (63993,39321,63736,65535)  #F999F8FF  srgba(249,153,248,1)
15,14: (64250,11308,63736,65535)  #FA2CF8FF  srgba(250,44,248,1)
0,15: (64250,18761,63479,65535)  #FA49F7FF  srgba(250,73,247,1)
1,15: (64250,39578,63993,65535)  #FA9AF9FF  srgba(250,154,249,1)
2,15: (64507,11051,63222,65535)  #FB2BF6FF  srgba(251,43,246,1)
3,15: (64507,34695,63479,65535)  #FB87F7FF  srgba(251,135,247,1)
4,15: (64764,11051,63479,65535)  #FC2BF7FF  srgba(252,43,247,1)
5,15: (64764,28527,63479,65535)  #FC6FF7FF  srgba(252,111,247,1)
6,15: (64764,37008,64507,65535)  #FC90FBFF  srgba(252,144,251,1)
7,15: (64764,39835,64250,65535)  #FC9BFAFF  srgba(252,155,250,1)
8,15: (65021,11051,63222,65535)  #FD2BF6FF  srgba(253,43,246,1)
9,15: (65021,16962,65021,65535)  #FD42FDFF  srgba(253,66,253,1)
10,15: (65021,40606,64507,65535)  #FD9EFBFF  srgba(253,158,251,1)
11,15: (65278,22873,65021,65535)  #FE59FDFF  srgba(254,89,253,1)
12,15: (65278,28270,65021,65535)  #FE6EFDFF  srgba(254,110,253,1)
13,15: (65278,33410,64764,65535)  #FE82FCFF  srgba(254,130,252,1)
14,15: (65535,10537,63222,65535)  #FF29F6FF  srgba(255,41,246,1)
15,15: (0,65535,0,0)  #00FF0000  srgba(0,255,0,0)
