# ImageMagick pixel enumeration: 16,16,65535,srgba
0,0: (0,0,514,65535)  #000002FF  srgba(0,0,2,1)
1,0: (0,27499,57825,65535)  #006BE1FF  srgba(0,107,225,1)
2,0: (0,27756,47288,65535)  #006CB8FF  srgba(0,108,184,1)
3,0: (0,27756,53970,65535)  #006CD2FF  srgba(0,108,210,1)
4,0: (0,28013,43176,65535)  #006DA8FF  srgba(0,109,168,1)
5,0: (0,28013,50629,65535)  #006DC5FF  srgba(0,109,197,1)
6,0: (0,28270,62194,65535)  #006EF2FF  srgba(0,110,242,1)
7,0: (0,28784,37779,65535)  #007093FF  srgba(0,112,147,1)
8,0: (0,29041,31354,65535)  #00717AFF  srgba(0,113,122,1)
9,0: (0,29041,33924,65535)  #007184FF  srgba(0,113,132,1)
10,0: (0,30326,49344,65535)  #0076C0FF  srgba(0,118,192,1)
11,0: (0,30326,58339,65535)  #0076E3FF  srgba(0,118,227,1)
12,0: (0,30326,59110,65535)  #0076E6FF  srgba(0,118,230,1)
13,0: (0,30326,63479,65535)  #0076F7FF  srgba(0,118,247,1)
14,0: (0,30583,61166,65535)  #0077EEFF  srgba(0,119,238,1)
15,0: (0,30840,61937,65535)  #0078F1FF  srgba(0,120,241,1)
0,1: (0,31354,62194,65535)  #007AF2FF  srgba(0,122,242,1)
1,1: (0,31611,42662,65535)  #007BA6FF  srgba(0,123,166,1)
2,1: (0,33410,59110,65535)  #0082E6FF  srgba(0,130,230,1)
3,1: (0,34181,48573,65535)  #0085BDFF  srgba(0,133,189,1)
4,1: (0,47545,38036,65535)  #00B994FF  srgba(0,185,148,1)
5,1: (0,49858,33924,65535)  #00C284FF  srgba(0,194,132,1)
6,1: (0,56026,57311,65535)  #00DADFFF  srgba(0,218,223,1)
7,1: (0,56797,49087,65535)  #00DDBFFF  srgba(0,221,191,1)
8,1: (0,57568,38293,65535)  #00E095FF  srgba(0,224,149,1)
9,1: (0,57825,37265,65535)  #00E191FF  srgba(0,225,145,1)
10,1: (0,57825,54484,65535)  #00E1D4FF  srgba(0,225,212,1)
11,1: (0,58082,48316,65535)  #00E2BCFF  srgba(0,226,188,1)
12,1: (0,58596,36494,65535)  #00E48EFF  srgba(0,228,142,1)
13,1: (0,59110,26728,65535)  #00E668FF  srgba(0,230,104,1)
14,1: (257,0,771,65535)  #010003FF  srgba(1,0,3,1)
15,1: (257,0,771,65535)  #010003FF  srgba(1,0,3,1)
0,2: (257,30583,49858,65535)  #0177C2FF  srgba(1,119,194,1)
1,2: (257,56797,48830,65535)  #01DDBEFF  srgba(1,221,190,1)
2,2: (257,57568,42148,65535)  #01E0A4FF  srgba(1,224,164,1)
3,2: (257,58853,58339,65535)  #01E5E3FF  srgba(1,229,227,1)
4,2: (514,27499,56026,65535)  #026BDAFF  srgba(2,107,218,1)
5,2: (514,30583,49858,65535)  #0277C2FF  srgba(2,119,194,1)
6,2: (514,50115,42662,65535)  #02C3A6FF  srgba(2,195,166,1)
7,2: (514,54741,37779,65535)  #02D593FF  srgba(2,213,147,1)
8,2: (771,1285,2313,65535)  #030509FF  srgba(3,5,9,1)
9,2: (771,27242,49087,65535)  #036ABFFF  srgba(3,106,191,1)
10,2: (771,30326,59624,65535)  #0376E8FF  srgba(3,118,232,1)
11,2: (771,59624,26985,65535)  #03E869FF  srgba(3,232,105,1)
12,2: (1028,22873,48059,65535)  #0459BBFF  srgba(4,89,187,1)
13,2: (1028,32382,61937,65535)  #047EF1FF  srgba(4,126,241,1)
14,2: (1028,59367,36751,65535)  #04E78FFF  srgba(4,231,143,1)
15,2: (1542,1799,14649,65535)  #060739FF  srgba(6,7,57,1)
0,3: (1542,27756,62194,65535)  #066CF2FF  srgba(6,108,242,1)
1,3: (1799,6939,22359,65535)  #071B57FF  srgba(7,27,87,1)
2,3: (2313,1028,10794,65535)  #09042AFF  srgba(9,4,42,1)
3,3: (2570,22873,52428,65535)  #0A59CCFF  srgba(10,89,204,1)
4,3: (2570,60652,42405,65535)  #0AECA5FF  srgba(10,236,165,1)
5,3: (2570,60652,48573,65535)  #0AECBDFF  srgba(10,236,189,1)
6,3: (2827,22616,34181,65535)  #0B5885FF  srgba(11,88,133,1)
7,3: (3084,22616,42919,65535)  #0C58A7FF  srgba(12,88,167,1)
8,3: (3084,22873,59367,65535)  #0C59E7FF  srgba(12,89,231,1)
9,3: (3084,26214,55769,65535)  #0C66D9FF  srgba(12,102,217,1)
10,3: (3084,26471,42919,65535)  #0C67A7FF  srgba(12,103,167,1)
11,3: (3341,50372,23130,65535)  #0DC45AFF  srgba(13,196,90,1)
12,3: (3598,33667,33667,65535)  #0E8383FF  srgba(14,131,131,1)
13,3: (4626,28784,29555,65535)  #127073FF  srgba(18,112,115,1)
14,3: (4626,50372,29298,65535)  #12C472FF  srgba(18,196,114,1)
15,3: (4883,33924,22102,65535)  #138456FF  srgba(19,132,86,1)
0,4: (6168,40606,48830,65535)  #189EBEFF  srgba(24,158,190,1)
1,4: (6425,61937,58596,65535)  #19F1E4FF  srgba(25,241,228,1)
2,4: (6939,28784,24672,65535)  #1B7060FF  srgba(27,112,96,1)
3,4: (7453,53199,60395,65535)  #1DCFEBFF  srgba(29,207,235,1)
4,4: (7967,37779,60395,65535)  #1F93EBFF  srgba(31,147,235,1)
5,4: (8481,21845,48059,65535)  #2155BBFF  srgba(33,85,187,1)
6,4: (8995,26214,49344,65535)  #2366C0FF  srgba(35,102,192,1)
7,4: (8995,30840,60652,65535)  #2378ECFF  srgba(35,120,236,1)
8,4: (9509,28013,37779,65535)  #256D93FF  srgba(37,109,147,1)
9,4: (9509,54741,48830,65535)  #25D5BEFF  srgba(37,213,190,1)
10,4: (10280,30326,49087,65535)  #2876BFFF  srgba(40,118,191,1)
11,4: (10280,33924,30069,65535)  #288475FF  srgba(40,132,117,1)
12,4: (10537,3855,17219,65535)  #290F43FF  srgba(41,15,67,1)
13,4: (11565,22873,56283,65535)  #2D59DBFF  srgba(45,89,219,1)
14,4: (11822,61937,30583,65535)  #2EF177FF  srgba(46,241,119,1)
15,4: (12079,29041,31354,65535)  #2F717AFF  srgba(47,113,122,1)
0,5: (12593,62965,48316,65535)  #31F5BCFF  srgba(49,245,188,1)
1,5: (12850,26985,61937,65535)  #3269F1FF  srgba(50,105,241,1)
2,5: (13107,19789,56026,65535)  #334DDAFF  srgba(51,77,218,1)
3,5: (13107,26985,54998,65535)  #3369D6FF  srgba(51,105,214,1)
4,5: (13364,45746,33667,65535)  #34B283FF  srgba(52,178,131,1)
5,5: (13364,53199,42662,65535)  #34CFA6FF  srgba(52,207,166,1)
6,5: (13621,51657,37779,65535)  #35C993FF  srgba(53,201,147,1)
7,5: (14135,31868,42405,65535)  #377CA5FF  srgba(55,124,165,1)
8,5: (16191,63222,58853,65535)  #3FF6E5FF  srgba(63,246,229,1)
9,5: (16448,20303,42662,65535)  #404FA6FF  srgba(64,79,166,1)
10,5: (16705,57311,59624,65535)  #41DFE8FF  srgba(65,223,232,1)
11,5: (16962,29298,34181,65535)  #427285FF  srgba(66,114,133,1)
12,5: (17219,37265,37522,65535)  #439192FF  srgba(67,145,146,1)
13,5: (17990,40349,42405,65535)  #469DA5FF  srgba(70,157,165,1)
14,5: (18761,17990,22873,65535)  #494659FF  srgba(73,70,89,1)
15,5: (18761,20303,32382,65535)  #494F7EFF  srgba(73,79,126,1)
0,6: (18761,28013,42662,65535)  #496DA6FF  srgba(73,109,166,1)
1,6: (18761,62451,42662,65535)  #49F3A6FF  srgba(73,243,166,1)
2,6: (19275,32382,58596,65535)  #4B7EE4FF  srgba(75,126,228,1)
3,6: (19275,61680,38550,65535)  #4BF096FF  srgba(75,240,150,1)
4,6: (19532,22873,56026,65535)  #4C59DAFF  srgba(76,89,218,1)
5,6: (19789,32896,33667,65535)  #4D8083FF  srgba(77,128,131,1)
6,6: (20303,19275,55769,65535)  #4F4BD9FF  srgba(79,75,217,1)
7,6: (20303,27242,49601,65535)  #4F6AC1FF  srgba(79,106,193,1)
8,6: (20303,40092,48573,65535)  #4F9CBDFF  srgba(79,156,189,1)
9,6: (21331,27242,60909,65535)  #536AEDFF  srgba(83,106,237,1)
10,6: (21331,30069,37522,65535)  #537592FF  srgba(83,117,146,1)
11,6: (21588,27499,54998,65535)  #546BD6FF  srgba(84,107,214,1)
12,6: (22359,22359,48059,65535)  #5757BBFF  srgba(87,87,187,1)
13,6: (22616,61166,47802,65535)  #58EEBAFF  srgba(88,238,186,1)
14,6: (22873,18504,48059,65535)  #5948BBFF  srgba(89,72,187,1)
15,6: (22873,61680,31097,65535)  #59F079FF  srgba(89,240,121,1)
0,7: (23130,21845,24929,65535)  #5A5561FF  srgba(90,85,97,1)
1,7: (23387,60909,58339,65535)  #5BEDE3FF  srgba(91,237,227,1)
2,7: (23644,59110,59881,65535)  #5CE6E9FF  srgba(92,230,233,1)
3,7: (23901,60909,42662,65535)  #5DEDA6FF  srgba(93,237,166,1)
4,7: (25957,60138,46260,65535)  #65EAB4FF  srgba(101,234,180,1)
5,7: (26214,32639,34181,65535)  #667F85FF  srgba(102,127,133,1)
6,7: (26214,60909,46003,65535)  #66EDB3FF  srgba(102,237,179,1)
7,7: (26214,61166,41891,65535)  #66EEA3FF  srgba(102,238,163,1)
8,7: (26214,61423,33667,65535)  #66EF83FF  srgba(102,239,131,1)
9,7: (26471,29041,47802,65535)  #6771BAFF  srgba(103,113,186,1)
10,7: (26471,32896,41377,65535)  #6780A1FF  srgba(103,128,161,1)
11,7: (26471,34695,46774,65535)  #6787B6FF  srgba(103,135,182,1)
12,7: (26471,59367,41120,65535)  #67E7A0FF  srgba(103,231,160,1)
13,7: (26471,59367,47288,65535)  #67E7B8FF  srgba(103,231,184,1)
14,7: (26471,60652,41120,65535)  #67ECA0FF  srgba(103,236,160,1)
15,7: (26471,61166,40092,65535)  #67EE9CFF  srgba(103,238,156,1)
0,8: (26728,51914,47031,65535)  #68CAB7FF  srgba(104,202,183,1)
1,8: (26728,59624,61680,65535)  #68E8F0FF  srgba(104,232,240,1)
2,8: (26985,28013,56026,65535)  #696DDAFF  srgba(105,109,218,1)
3,8: (26985,60138,55255,65535)  #69EAD7FF  srgba(105,234,215,1)
4,8: (27499,30840,56540,65535)  #6B78DCFF  srgba(107,120,220,1)
5,8: (27756,58596,60138,65535)  #6CE4EAFF  srgba(108,228,234,1)
6,8: (28013,26728,59110,65535)  #6D68E6FF  srgba(109,104,230,1)
7,8: (28270,26728,53970,65535)  #6E68D2FF  srgba(110,104,210,1)
8,8: (28270,54484,58853,65535)  #6ED4E5FF  srgba(110,212,229,1)
9,8: (29298,18247,58082,65535)  #7247E2FF  srgba(114,71,226,1)
10,8: (29555,18247,52171,65535)  #7347CBFF  srgba(115,71,203,1)
11,8: (29555,60395,46774,65535)  #73EBB6FF  srgba(115,235,182,1)
12,8: (30069,29812,47031,65535)  #7574B7FF  srgba(117,116,183,1)
13,8: (30069,37008,39835,65535)  #75909BFF  srgba(117,144,155,1)
14,8: (30069,46260,47545,65535)  #75B4B9FF  srgba(117,180,185,1)
15,8: (30069,59110,47545,65535)  #75E6B9FF  srgba(117,230,185,1)
0,9: (30326,16448,42148,65535)  #7640A4FF  srgba(118,64,164,1)
1,9: (30326,17990,34438,65535)  #764686FF  srgba(118,70,134,1)
2,9: (30326,60652,42148,65535)  #76ECA4FF  srgba(118,236,164,1)
3,9: (30583,60652,37779,65535)  #77EC93FF  srgba(119,236,147,1)
4,9: (31354,22616,42662,65535)  #7A58A6FF  srgba(122,88,166,1)
5,9: (31354,22873,57054,65535)  #7A59DEFF  srgba(122,89,222,1)
6,9: (31611,25443,49858,65535)  #7B63C2FF  srgba(123,99,194,1)
7,9: (31868,22873,52428,65535)  #7C59CCFF  srgba(124,89,204,1)
8,9: (31868,26471,37779,65535)  #7C6793FF  srgba(124,103,147,1)
9,9: (32125,58596,40863,65535)  #7DE49FFF  srgba(125,228,159,1)
10,9: (32639,24672,57311,65535)  #7F60DFFF  srgba(127,96,223,1)
11,9: (32639,26214,42148,65535)  #7F66A4FF  srgba(127,102,164,1)
12,9: (32639,26728,58082,65535)  #7F68E2FF  srgba(127,104,226,1)
13,9: (32639,58339,47288,65535)  #7FE3B8FF  srgba(127,227,184,1)
14,9: (32639,58339,58082,65535)  #7FE3E2FF  srgba(127,227,226,1)
15,9: (32896,25700,45232,65535)  #8064B0FF  srgba(128,100,176,1)
0,10: (32896,26728,53199,65535)  #8068CFFF  srgba(128,104,207,1)
1,10: (32896,29041,39578,65535)  #80719AFF  srgba(128,113,154,1)
2,10: (33153,24672,53199,65535)  #8160CFFF  srgba(129,96,207,1)
3,10: (33410,23644,57054,65535)  #825CDEFF  srgba(130,92,222,1)
4,10: (33410,23901,52942,65535)  #825DCEFF  srgba(130,93,206,1)
5,10: (33924,21074,48316,65535)  #8452BCFF  srgba(132,82,188,1)
6,10: (33924,29298,47031,65535)  #8472B7FF  srgba(132,114,183,1)
7,10: (33924,39321,47545,65535)  #8499B9FF  srgba(132,153,185,1)
8,10: (34438,23901,49087,65535)  #865DBFFF  srgba(134,93,191,1)
9,10: (34952,22873,55512,65535)  #8859D8FF  srgba(136,89,216,1)
10,10: (34952,23644,54998,65535)  #885CD6FF  srgba(136,92,214,1)
11,10: (34952,23901,53456,65535)  #885DD0FF  srgba(136,93,208,1)
12,10: (34952,54998,59110,65535)  #88D6E6FF  srgba(136,214,230,1)
13,10: (35209,24672,50115,65535)  #8960C3FF  srgba(137,96,195,1)
14,10: (35209,47031,57568,65535)  #89B7E0FF  srgba(137,183,224,1)
15,10: (35466,24415,53456,65535)  #8A5FD0FF  srgba(138,95,208,1)
0,11: (35466,24415,56797,65535)  #8A5FDDFF  srgba(138,95,221,1)
1,11: (35466,36751,40606,65535)  #8A8F9EFF  srgba(138,143,158,1)
2,11: (35723,23387,48573,65535)  #8B5BBDFF  srgba(139,91,189,1)
3,11: (36237,24415,56797,65535)  #8D5FDDFF  srgba(141,95,221,1)
4,11: (36494,22359,39835,65535)  #8E579BFF  srgba(142,87,155,1)
5,11: (36494,22873,54484,65535)  #8E59D4FF  srgba(142,89,212,1)
6,11: (36494,23130,53456,65535)  #8E5AD0FF  srgba(142,90,208,1)
7,11: (36494,23130,53456,65535)  #8E5AD0FF  srgba(142,90,208,1)
8,11: (36494,23644,51657,65535)  #8E5CC9FF  srgba(142,92,201,1)
9,11: (36494,23644,56026,65535)  #8E5CDAFF  srgba(142,92,218,1)
10,11: (36494,24672,50115,65535)  #8E60C3FF  srgba(142,96,195,1)
11,11: (36494,24672,53199,65535)  #8E60CFFF  srgba(142,96,207,1)
12,11: (36751,18761,54484,65535)  #8F49D4FF  srgba(143,73,212,1)
13,11: (36751,22616,54998,65535)  #8F58D6FF  srgba(143,88,214,1)
14,11: (36751,22873,42919,65535)  #8F59A7FF  srgba(143,89,167,1)
15,11: (36751,23130,44718,65535)  #8F5AAEFF  srgba(143,90,174,1)
0,12: (36751,23644,48059,65535)  #8F5CBBFF  srgba(143,92,187,1)
1,12: (37008,22873,48316,65535)  #9059BCFF  srgba(144,89,188,1)
2,12: (37008,24929,46517,65535)  #9061B5FF  srgba(144,97,181,1)
3,12: (37008,25186,41120,65535)  #9062A0FF  srgba(144,98,160,1)
4,12: (37522,35466,48059,65535)  #928ABBFF  srgba(146,138,187,1)
5,12: (37779,27242,56026,65535)  #936ADAFF  srgba(147,106,218,1)
6,12: (38036,56026,48316,65535)  #94DABCFF  srgba(148,218,188,1)
7,12: (38550,24415,54484,65535)  #965FD4FF  srgba(150,95,212,1)
8,12: (38807,23130,51143,65535)  #975AC7FF  srgba(151,90,199,1)
9,12: (38807,23901,56026,65535)  #975DDAFF  srgba(151,93,218,1)
10,12: (39064,22359,48830,65535)  #9857BEFF  srgba(152,87,190,1)
11,12: (39064,22616,53456,65535)  #9858D0FF  srgba(152,88,208,1)
12,12: (39064,22873,42148,65535)  #9859A4FF  srgba(152,89,164,1)
13,12: (39064,22873,43947,65535)  #9859ABFF  srgba(152,89,171,1)
14,12: (39064,22873,46003,65535)  #9859B3FF  srgba(152,89,179,1)
15,12: (39064,22873,53199,65535)  #9859CFFF  srgba(152,89,207,1)
0,13: (39064,23387,48573,65535)  #985BBDFF  srgba(152,91,189,1)
1,13: (39321,15163,54484,65535)  #993BD4FF  srgba(153,59,212,1)
2,13: (39321,21845,54484,65535)  #9955D4FF  srgba(153,85,212,1)
3,13: (39321,22359,39064,65535)  #995798FF  srgba(153,87,152,1)
4,13: (39321,23130,55512,65535)  #995AD8FF  srgba(153,90,216,1)
5,13: (39321,23901,51914,65535)  #995DCAFF  srgba(153,93,202,1)
6,13: (39835,24415,53970,65535)  #9B5FD2FF  srgba(155,95,210,1)
7,13: (40349,24672,49858,65535)  #9D60C2FF  srgba(157,96,194,1)
8,13: (41120,24929,46774,65535)  #A061B6FF  srgba(160,97,182,1)
9,13: (41120,54741,58596,65535)  #A0D5E4FF  srgba(160,213,228,1)
10,13: (41377,23644,53456,65535)  #A15CD0FF  srgba(161,92,208,1)
11,13: (41377,24929,41891,65535)  #A161A3FF  srgba(161,97,163,1)
12,13: (41377,48830,58853,65535)  #A1BEE5FF  srgba(161,190,229,1)
13,13: (41634,15934,54998,65535)  #A23ED6FF  srgba(162,62,214,1)
14,13: (41634,21845,38807,65535)  #A25597FF  srgba(162,85,151,1)
15,13: (41634,22359,53199,65535)  #A257CFFF  srgba(162,87,207,1)
0,14: (41634,22616,46003,65535)  #A258B3FF  srgba(162,88,179,1)
1,14: (41634,22873,53713,65535)  #A259D1FF  srgba(162,89,209,1)
2,14: (41634,23130,53456,65535)  #A25AD0FF  srgba(162,90,208,1)
3,14: (41891,22616,43947,65535)  #A358ABFF  srgba(163,88,171,1)
4,14: (41891,22873,48573,65535)  #A359BDFF  srgba(163,89,189,1)
5,14: (41891,27499,56283,65535)  #A36BDBFF  srgba(163,107,219,1)
6,14: (42662,35980,48573,65535)  #A68CBDFF  srgba(166,140,189,1)
7,14: (43176,17219,54998,65535)  #A843D6FF  srgba(168,67,214,1)
8,14: (43176,22873,53199,65535)  #A859CFFF  srgba(168,89,207,1)
9,14: (43176,23387,52942,65535)  #A85BCEFF  srgba(168,91,206,1)
10,14: (43433,22102,41891,65535)  #A956A3FF  srgba(169,86,163,1)
11,14: (43433,22616,53456,65535)  #A958D0FF  srgba(169,88,208,1)
12,14: (43433,24415,54741,65535)  #A95FD5FF  srgba(169,95,213,1)
13,14: (43947,22616,48573,65535)  #AB58BDFF  srgba(171,88,189,1)
14,14: (44461,22873,52171,65535)  #AD59CBFF  srgba(173,89,203,1)
15,14: (44718,18247,54998,65535)  #AE47D6FF  srgba(174,71,214,1)
0,15: (44718,22359,48830,65535)  #AE57BEFF  srgba(174,87,190,1)
1,15: (44718,22359,52171,65535)  #AE57CBFF  srgba(174,87,203,1)
2,15: (44975,22102,46003,65535)  #AF56B3FF  srgba(175,86,179,1)
3,15: (45232,21845,43947,65535)  #B055ABFF  srgba(176,85,171,1)
4,15: (45232,48059,59367,65535)  #B0BBE7FF  srgba(176,187,231,1)
5,15: (45489,22102,48573,65535)  #B156BDFF  srgba(177,86,189,1)
6,15: (45746,20560,38807,65535)  #B25097FF  srgba(178,80,151,1)
7,15: (46517,22359,54227,65535)  #B557D3FF  srgba(181,87,211,1)
8,15: (46517,27242,56540,65535)  #B56ADCFF  srgba(181,106,220,1)
9,15: (46517,53713,59367,65535)  #B5D1E7FF  srgba(181,209,231,1)
10,15: (46774,15677,55255,65535)  #B63DD7FF  srgba(182,61,215,1)
11,15: (48573,19018,48573,65535)  #BD4ABDFF  srgba(189,74,189,1)
12,15: (50629,20560,55255,65535)  #C550D7FF  srgba(197,80,215,1)
13,15: (50629,48059,60138,65535)  #C5BBEAFF  srgba(197,187,234,1)
14,15: (52942,12593,55769,65535)  #CE31D9FF  srgba(206,49,217,1)
15,15: (0,65535,0,0)  #00FF0000  srgba(0,255,0,0)
