# ImageMagick pixel enumeration: 16,16,65535,srgba
0,0: (0,0,514,65535)  #000002FF  srgba(0,0,2,1)
1,0: (0,1285,771,65535)  #000503FF  srgba(0,5,3,1)
2,0: (0,7710,5397,65535)  #001E15FF  srgba(0,30,21,1)
3,0: (0,7710,13364,65535)  #001E34FF  srgba(0,30,52,1)
4,0: (0,20560,12850,65535)  #005032FF  srgba(0,80,50,1)
5,0: (0,21074,8995,65535)  #005223FF  srgba(0,82,35,1)
6,0: (514,48059,11051,65535)  #02BB2BFF  srgba(2,187,43,1)
7,0: (514,55512,12079,65535)  #02D82FFF  srgba(2,216,47,1)
8,0: (771,31354,10537,65535)  #037A29FF  srgba(3,122,41,1)
9,0: (771,40092,9766,65535)  #039C26FF  srgba(3,156,38,1)
10,0: (1028,5654,31611,65535)  #04167BFF  srgba(4,22,123,1)
11,0: (1028,30840,7967,65535)  #04781FFF  srgba(4,120,31,1)
12,0: (1028,31097,12336,65535)  #047930FF  srgba(4,121,48,1)
13,0: (1285,50886,14135,65535)  #05C637FF  srgba(5,198,55,1)
14,0: (1285,58082,15420,65535)  #05E23CFF  srgba(5,226,60,1)
15,0: (1542,40349,12336,65535)  #069D30FF  srgba(6,157,48,1)
0,1: (1542,51400,19018,65535)  #06C84AFF  srgba(6,200,74,1)
1,1: (2056,32125,14392,65535)  #087D38FF  srgba(8,125,56,1)
2,1: (2313,0,514,65535)  #090002FF  srgba(9,0,2,1)
3,1: (2313,257,3084,65535)  #09010CFF  srgba(9,1,12,1)
4,1: (2827,21331,14135,65535)  #0B5337FF  srgba(11,83,55,1)
5,1: (2827,41377,14649,65535)  #0BA139FF  srgba(11,161,57,1)
6,1: (3084,4112,20303,65535)  #0C104FFF  srgba(12,16,79,1)
7,1: (3084,11051,14135,65535)  #0C2B37FF  srgba(12,43,55,1)
8,1: (3855,12079,35209,65535)  #0F2F89FF  srgba(15,47,137,1)
9,1: (3855,21331,8224,65535)  #0F5320FF  srgba(15,83,32,1)
10,1: (4112,11565,19789,65535)  #102D4DFF  srgba(16,45,77,1)
11,1: (4369,10280,5654,65535)  #112816FF  srgba(17,40,22,1)
12,1: (4369,32639,19018,65535)  #117F4AFF  srgba(17,127,74,1)
13,1: (4883,257,11822,65535)  #13012EFF  srgba(19,1,46,1)
14,1: (5140,41377,20303,65535)  #14A14FFF  srgba(20,161,79,1)
15,1: (5654,14649,25957,65535)  #163965FF  srgba(22,57,101,1)
0,2: (5654,20303,19789,65535)  #164F4DFF  srgba(22,79,77,1)
1,2: (6168,56283,15163,65535)  #18DB3BFF  srgba(24,219,59,1)
2,2: (6682,49087,14392,65535)  #1ABF38FF  srgba(26,191,56,1)
3,2: (7453,55769,23130,65535)  #1DD95AFF  srgba(29,217,90,1)
4,2: (7710,49344,23387,65535)  #1EC05BFF  srgba(30,192,91,1)
5,2: (8224,10023,46260,65535)  #2027B4FF  srgba(32,39,180,1)
6,2: (12593,50115,15420,65535)  #31C33CFF  srgba(49,195,60,1)
7,2: (12593,50886,21331,65535)  #31C653FF  srgba(49,198,83,1)
8,2: (12850,51143,27499,65535)  #32C76BFF  srgba(50,199,107,1)
9,2: (13107,41891,25957,65535)  #33A365FF  srgba(51,163,101,1)
10,2: (13107,49601,35723,65535)  #33C18BFF  srgba(51,193,139,1)
11,2: (13107,55255,35980,65535)  #33D78CFF  srgba(51,215,140,1)
12,2: (13878,32896,25957,65535)  #368065FF  srgba(54,128,101,1)
13,2: (14135,39835,11308,65535)  #379B2CFF  srgba(55,155,44,1)
14,2: (14135,41120,35980,65535)  #37A08CFF  srgba(55,160,140,1)
15,2: (14135,41377,17990,65535)  #37A146FF  srgba(55,161,70,1)
0,3: (14392,4369,13621,65535)  #381135FF  srgba(56,17,53,1)
1,3: (14649,5654,4369,65535)  #391611FF  srgba(57,22,17,1)
2,3: (14649,30326,9766,65535)  #397626FF  srgba(57,118,38,1)
3,3: (14906,32125,17990,65535)  #3A7D46FF  srgba(58,125,70,1)
4,3: (15163,19018,6425,65535)  #3B4A19FF  srgba(59,74,25,1)
5,3: (15677,18504,14392,65535)  #3D4838FF  srgba(61,72,56,1)
6,3: (16191,52685,43690,65535)  #3FCDAAFF  srgba(63,205,170,1)
7,3: (17476,49344,28270,65535)  #44C06EFF  srgba(68,192,110,1)
8,3: (17733,49344,18247,65535)  #45C047FF  srgba(69,192,71,1)
9,3: (18761,40349,43690,65535)  #499DAAFF  srgba(73,157,170,1)
10,3: (19275,40606,36237,65535)  #4B9E8DFF  srgba(75,158,141,1)
11,3: (19789,29812,40349,65535)  #4D749DFF  srgba(77,116,157,1)
12,3: (19789,41634,26985,65535)  #4DA269FF  srgba(77,162,105,1)
13,3: (20046,10537,19532,65535)  #4E294CFF  srgba(78,41,76,1)
14,3: (20560,32639,26471,65535)  #507F67FF  srgba(80,127,103,1)
15,3: (20560,51914,48830,65535)  #50CABEFF  srgba(80,202,190,1)
0,4: (21074,21074,21331,65535)  #525253FF  srgba(82,82,83,1)
1,4: (21074,50372,36751,65535)  #52C48FFF  srgba(82,196,143,1)
2,4: (21588,21588,46774,65535)  #5454B6FF  srgba(84,84,182,1)
3,4: (21588,52171,53713,65535)  #54CBD1FF  srgba(84,203,209,1)
4,4: (21845,21588,34438,65535)  #555486FF  srgba(85,84,134,1)
5,4: (22102,11565,35980,65535)  #562D8CFF  srgba(86,45,140,1)
6,4: (22359,10280,25700,65535)  #572864FF  srgba(87,40,100,1)
7,4: (22873,40092,48830,65535)  #599CBEFF  srgba(89,156,190,1)
8,4: (23130,8995,10794,65535)  #5A232AFF  srgba(90,35,42,1)
9,4: (23130,50886,43947,65535)  #5AC6ABFF  srgba(90,198,171,1)
10,4: (23901,40092,53970,65535)  #5D9CD2FF  srgba(93,156,210,1)
11,4: (24158,20817,10794,65535)  #5E512AFF  srgba(94,81,42,1)
12,4: (24158,43433,36494,65535)  #5EA98EFF  srgba(94,169,142,1)
13,4: (24672,36751,36237,65535)  #608F8DFF  srgba(96,143,141,1)
14,4: (24672,40092,43947,65535)  #609CABFF  srgba(96,156,171,1)
15,4: (24929,18761,48830,65535)  #6149BEFF  srgba(97,73,190,1)
0,5: (25443,48573,28013,65535)  #63BD6DFF  srgba(99,189,109,1)
1,5: (25700,39321,27242,65535)  #64996AFF  srgba(100,153,106,1)
2,5: (25957,29555,41120,65535)  #6573A0FF  srgba(101,115,160,1)
3,5: (26471,30069,26728,65535)  #677568FF  srgba(103,117,104,1)
4,5: (27242,48573,17990,65535)  #6ABD46FF  srgba(106,189,70,1)
5,5: (27756,18247,50372,65535)  #6C47C4FF  srgba(108,71,196,1)
6,5: (28270,7967,24415,65535)  #6E1F5FFF  srgba(110,31,95,1)
7,5: (28270,29298,9766,65535)  #6E7226FF  srgba(110,114,38,1)
8,5: (28270,39578,17733,65535)  #6E9A45FF  srgba(110,154,69,1)
9,5: (28527,9766,12336,65535)  #6F2630FF  srgba(111,38,48,1)
10,5: (28527,14392,25186,65535)  #6F3862FF  srgba(111,56,98,1)
11,5: (28527,21074,23901,65535)  #6F525DFF  srgba(111,82,93,1)
12,5: (28527,30326,17990,65535)  #6F7646FF  srgba(111,118,70,1)
13,5: (28527,37779,11051,65535)  #6F932BFF  srgba(111,147,43,1)
14,5: (28784,21331,31611,65535)  #70537BFF  srgba(112,83,123,1)
15,5: (29041,8995,35209,65535)  #712389FF  srgba(113,35,137,1)
0,6: (29298,15163,35980,65535)  #723B8CFF  srgba(114,59,140,1)
1,6: (29555,22102,38807,65535)  #735697FF  srgba(115,86,151,1)
2,6: (29555,28784,35980,65535)  #73708CFF  srgba(115,112,140,1)
3,6: (29555,28784,55255,65535)  #7370D7FF  srgba(115,112,215,1)
4,6: (29812,29041,43947,65535)  #7471ABFF  srgba(116,113,171,1)
5,6: (30326,19018,47031,65535)  #764AB7FF  srgba(118,74,183,1)
6,6: (30326,19532,55769,65535)  #764CD9FF  srgba(118,76,217,1)
7,6: (31097,48059,40606,65535)  #79BB9EFF  srgba(121,187,158,1)
8,6: (31354,49344,52171,65535)  #7AC0CBFF  srgba(122,192,203,1)
9,6: (31611,42919,39835,65535)  #7BA79BFF  srgba(123,167,155,1)
10,6: (31868,14392,47802,65535)  #7C38BAFF  srgba(124,56,186,1)
11,6: (31868,16448,59367,65535)  #7C40E7FF  srgba(124,64,231,1)
12,6: (31868,22873,48059,65535)  #7C59BBFF  srgba(124,89,187,1)
13,6: (31868,23130,58339,65535)  #7C5AE3FF  srgba(124,90,227,1)
14,6: (31868,28784,38036,65535)  #7C7094FF  srgba(124,112,148,1)
15,6: (32125,21074,12336,65535)  #7D5230FF  srgba(125,82,48,1)
0,7: (32125,28784,44975,65535)  #7D70AFFF  srgba(125,112,175,1)
1,7: (32125,38807,27242,65535)  #7D976AFF  srgba(125,151,106,1)
2,7: (32382,38807,39321,65535)  #7E9799FF  srgba(126,151,153,1)
3,7: (32382,44461,51914,65535)  #7EADCAFF  srgba(126,173,202,1)
4,7: (32639,39578,48573,65535)  #7F9ABDFF  srgba(127,154,189,1)
5,7: (32896,28527,56283,65535)  #806FDBFF  srgba(128,111,219,1)
6,7: (32896,29812,27242,65535)  #80746AFF  srgba(128,116,106,1)
7,7: (33153,13878,47802,65535)  #8136BAFF  srgba(129,54,186,1)
8,7: (33153,15163,60395,65535)  #813BEBFF  srgba(129,59,235,1)
9,7: (33153,22102,48316,65535)  #8156BCFF  srgba(129,86,188,1)
10,7: (33153,22102,59110,65535)  #8156E6FF  srgba(129,86,230,1)
11,7: (33153,34695,36751,65535)  #81878FFF  srgba(129,135,143,1)
12,7: (33410,15163,39578,65535)  #823B9AFF  srgba(130,59,154,1)
13,7: (33410,22873,39835,65535)  #82599BFF  srgba(130,89,155,1)
14,7: (33410,23130,36494,65535)  #825A8EFF  srgba(130,90,142,1)
15,7: (33410,39578,56026,65535)  #829ADAFF  srgba(130,154,218,1)
0,8: (33667,10023,30583,65535)  #832777FF  srgba(131,39,119,1)
1,8: (33667,16962,29041,65535)  #834271FF  srgba(131,66,113,1)
2,8: (33924,15677,42148,65535)  #843DA4FF  srgba(132,61,164,1)
3,8: (34181,22616,41891,65535)  #8558A3FF  srgba(133,88,163,1)
4,8: (34181,28784,53456,65535)  #8570D0FF  srgba(133,112,208,1)
5,8: (34181,29041,58082,65535)  #8571E2FF  srgba(133,113,226,1)
6,8: (34181,34695,42405,65535)  #8587A5FF  srgba(133,135,165,1)
7,8: (34181,34695,50115,65535)  #8587C3FF  srgba(133,135,195,1)
8,8: (34438,21074,46260,65535)  #8652B4FF  srgba(134,82,180,1)
9,8: (34438,22616,26214,65535)  #865866FF  srgba(134,88,102,1)
10,8: (34695,12079,48573,65535)  #872FBDFF  srgba(135,47,189,1)
11,8: (34695,12850,59881,65535)  #8732E9FF  srgba(135,50,233,1)
12,8: (34695,15420,47545,65535)  #873CB9FF  srgba(135,60,185,1)
13,8: (34695,15934,61166,65535)  #873EEEFF  srgba(135,62,238,1)
14,8: (34695,21074,61680,65535)  #8752F0FF  srgba(135,82,240,1)
15,8: (34695,21845,57568,65535)  #8755E0FF  srgba(135,85,224,1)
0,9: (34695,22102,53713,65535)  #8756D1FF  srgba(135,86,209,1)
1,9: (34695,29555,39064,65535)  #877398FF  srgba(135,115,152,1)
2,9: (34952,29298,43947,65535)  #8872ABFF  srgba(136,114,171,1)
3,9: (34952,29298,48316,65535)  #8872BCFF  srgba(136,114,188,1)
4,9: (34952,34438,57568,65535)  #8886E0FF  srgba(136,134,224,1)
5,9: (35980,29041,58596,65535)  #8C71E4FF  srgba(140,113,228,1)
6,9: (35980,29298,53970,65535)  #8C72D2FF  srgba(140,114,210,1)
7,9: (37008,12850,49087,65535)  #9032BFFF  srgba(144,50,191,1)
8,9: (37008,12850,57054,65535)  #9032DEFF  srgba(144,50,222,1)
9,9: (37008,17476,51914,65535)  #9044CAFF  srgba(144,68,202,1)
10,9: (37265,15420,62451,65535)  #913CF3FF  srgba(145,60,243,1)
11,9: (37265,17733,58339,65535)  #9145E3FF  srgba(145,69,227,1)
12,9: (37265,22616,59110,65535)  #9158E6FF  srgba(145,88,230,1)
13,9: (37265,22873,47288,65535)  #9159B8FF  srgba(145,89,184,1)
14,9: (37265,22873,53456,65535)  #9159D0FF  srgba(145,89,208,1)
15,9: (37265,22873,56540,65535)  #9159DCFF  srgba(145,89,220,1)
0,10: (37522,21845,62194,65535)  #9255F2FF  srgba(146,85,242,1)
1,10: (37779,18247,62451,65535)  #9347F3FF  srgba(147,71,243,1)
2,10: (38293,31097,20046,65535)  #95794EFF  srgba(149,121,78,1)
3,10: (38550,28270,56797,65535)  #966EDDFF  srgba(150,110,221,1)
4,10: (38550,30069,43690,65535)  #9675AAFF  srgba(150,117,170,1)
5,10: (38550,38293,43690,65535)  #9695AAFF  srgba(150,149,170,1)
6,10: (38807,32125,56797,65535)  #977DDDFF  srgba(151,125,221,1)
7,10: (39064,30069,50629,65535)  #9875C5FF  srgba(152,117,197,1)
8,10: (39064,34695,50372,65535)  #9887C4FF  srgba(152,135,196,1)
9,10: (39064,41377,32382,65535)  #98A17EFF  srgba(152,161,126,1)
10,10: (39321,35209,56797,65535)  #9989DDFF  srgba(153,137,221,1)
11,10: (39835,30583,61423,65535)  #9B77EFFF  srgba(155,119,239,1)
12,10: (40349,30583,39578,65535)  #9D779AFF  srgba(157,119,154,1)
13,10: (40606,34695,43690,65535)  #9E87AAFF  srgba(158,135,170,1)
14,10: (40606,36751,39578,65535)  #9E8F9AFF  srgba(158,143,154,1)
15,10: (41120,38550,56797,65535)  #A096DDFF  srgba(160,150,221,1)
0,11: (41634,35466,61680,65535)  #A28AF0FF  srgba(162,138,240,1)
1,11: (41891,32125,35209,65535)  #A37D89FF  srgba(163,125,137,1)
2,11: (41891,37008,50629,65535)  #A390C5FF  srgba(163,144,197,1)
3,11: (42148,30840,56797,65535)  #A478DDFF  srgba(164,120,221,1)
4,11: (42148,41120,50629,65535)  #A4A0C5FF  srgba(164,160,197,1)
5,11: (42148,42662,17990,65535)  #A4A646FF  srgba(164,166,70,1)
6,11: (42662,30326,50115,65535)  #A676C3FF  srgba(166,118,195,1)
7,11: (42919,23130,56797,65535)  #A75ADDFF  srgba(167,90,221,1)
8,11: (43433,30583,43947,65535)  #A977ABFF  srgba(169,119,171,1)
9,11: (43433,38807,43947,65535)  #A997ABFF  srgba(169,151,171,1)
10,11: (43690,34695,50372,65535)  #AA87C4FF  srgba(170,135,196,1)
11,11: (43947,31097,62194,65535)  #AB79F2FF  srgba(171,121,242,1)
12,11: (44204,35209,57054,65535)  #AC89DEFF  srgba(172,137,222,1)
13,11: (44461,31611,23387,65535)  #AD7B5BFF  srgba(173,123,91,1)
14,11: (44461,37522,62194,65535)  #AD92F2FF  srgba(173,146,242,1)
15,11: (44718,21588,50372,65535)  #AE54C4FF  srgba(174,84,196,1)
0,12: (44718,30583,56797,65535)  #AE77DDFF  srgba(174,119,221,1)
1,12: (44718,39835,62194,65535)  #AE9BF2FF  srgba(174,155,242,1)
2,12: (44975,19789,43690,65535)  #AF4DAAFF  srgba(175,77,170,1)
3,12: (45489,11308,50115,65535)  #B12CC3FF  srgba(177,44,195,1)
4,12: (45746,38807,57311,65535)  #B297DFFF  srgba(178,151,223,1)
5,12: (46003,35723,62708,65535)  #B38BF4FF  srgba(179,139,244,1)
6,12: (46517,15163,56797,65535)  #B53BDDFF  srgba(181,59,221,1)
7,12: (46774,9509,57054,65535)  #B625DEFF  srgba(182,37,222,1)
8,12: (46774,18247,37522,65535)  #B64792FF  srgba(182,71,146,1)
9,12: (47031,21845,61937,65535)  #B755F1FF  srgba(183,85,241,1)
10,12: (47031,29812,50372,65535)  #B774C4FF  srgba(183,116,196,1)
11,12: (47288,13621,32382,65535)  #B8357EFF  srgba(184,53,126,1)
12,12: (47288,41634,31354,65535)  #B8A27AFF  srgba(184,162,122,1)
13,12: (47802,9509,43176,65535)  #BA25A8FF  srgba(186,37,168,1)
14,12: (48059,13878,22873,65535)  #BB3659FF  srgba(187,54,89,1)
15,12: (48059,28784,62965,65535)  #BB70F5FF  srgba(187,112,245,1)
0,13: (48059,32896,63222,65535)  #BB80F6FF  srgba(187,128,246,1)
1,13: (48573,8481,37522,65535)  #BD2192FF  srgba(189,33,146,1)
2,13: (48573,11308,61937,65535)  #BD2CF1FF  srgba(189,44,241,1)
3,13: (48573,22102,57054,65535)  #BD56DEFF  srgba(189,86,222,1)
4,13: (48830,29812,57054,65535)  #BE74DEFF  srgba(190,116,222,1)
5,13: (49087,22616,63993,65535)  #BF58F9FF  srgba(191,88,249,1)
6,13: (49344,35466,63736,65535)  #C08AF8FF  srgba(192,138,248,1)
7,13: (49858,39064,63736,65535)  #C298F8FF  srgba(194,152,248,1)
8,13: (50629,37265,63736,65535)  #C591F8FF  srgba(197,145,248,1)
9,13: (51143,13107,63993,65535)  #C733F9FF  srgba(199,51,249,1)
10,13: (51657,12593,28270,65535)  #C9316EFF  srgba(201,49,110,1)
11,13: (52171,20817,61937,65535)  #CB51F1FF  srgba(203,81,241,1)
12,13: (52428,28270,63479,65535)  #CC6EF7FF  srgba(204,110,247,1)
13,13: (52428,32639,63993,65535)  #CC7FF9FF  srgba(204,127,249,1)
14,13: (52685,17733,50372,65535)  #CD45C4FF  srgba(205,69,196,1)
15,13: (52942,19532,57825,65535)  #CE4CE1FF  srgba(206,76,225,1)
0,14: (53456,22102,64250,65535)  #D056FAFF  srgba(208,86,250,1)
1,14: (53970,35209,64507,65535)  #D289FBFF  srgba(210,137,251,1)
2,14: (54998,9766,57054,65535)  #D626DEFF  srgba(214,38,222,1)
3,14: (54998,12593,62194,65535)  #D631F2FF  srgba(214,49,242,1)
4,14: (55255,13621,63993,65535)  #D735F9FF  srgba(215,53,249,1)
5,14: (55769,29812,64250,65535)  #D974FAFF  srgba(217,116,250,1)
6,14: (56540,20303,62194,65535)  #DC4FF2FF  srgba(220,79,242,1)
7,14: (56797,21845,64250,65535)  #DD55FAFF  srgba(221,85,250,1)
8,14: (57054,9252,49858,65535)  #DE24C2FF  srgba(222,36,194,1)
9,14: (57568,13364,63993,65535)  #E034F9FF  srgba(224,52,249,1)
10,14: (58082,12336,62194,65535)  #E230F2FF  srgba(226,48,242,1)
11,14: (58082,17733,58082,65535)  #E245E2FF  srgba(226,69,226,1)
12,14: (58339,11051,50115,65535)  #E32BC3FF  srgba(227,43,195,1)
13,14: (58853,8995,43433,65535)  #E523A9FF  srgba(229,35,169,1)
14,14: (58853,11822,57568,65535)  #E52EE0FF  srgba(229,46,224,1)
15,14: (58853,12336,32382,65535)  #E5307EFF  srgba(229,48,126,1)
0,15: (59881,29555,64764,65535)  #E973FCFF  srgba(233,115,252,1)
1,15: (60652,12850,37522,65535)  #EC3292FF  srgba(236,50,146,1)
2,15: (60909,21074,64250,65535)  #ED52FAFF  srgba(237,82,250,1)
3,15: (61166,10023,57311,65535)  #EE27DFFF  srgba(238,39,223,1)
4,15: (61166,11565,63736,65535)  #EE2DF8FF  srgba(238,45,248,1)
5,15: (61166,14906,63993,65535)  #EE3AF9FF  srgba(238,58,249,1)
6,15: (61937,15420,43176,65535)  #F13CA8FF  srgba(241,60,168,1)
7,15: (62194,16448,62451,65535)  #F240F3FF  srgba(242,64,243,1)
8,15: (63222,16448,49601,65535)  #F640C1FF  srgba(246,64,193,1)
9,15: (63479,12593,62708,65535)  #F731F4FF  srgba(247,49,244,1)
10,15: (63736,11051,62451,65535)  #F82BF3FF  srgba(248,43,243,1)
11,15: (64507,17990,64250,65535)  #FB46FAFF  srgba(251,70,250,1)
12,15: (64764,11308,63736,65535)  #FC2CF8FF  srgba(252,44,248,1)
13,15: (64764,13878,63736,65535)  #FC36F8FF  srgba(252,54,248,1)
14,15: (65021,12850,63736,65535)  #FD32F8FF  srgba(253,50,248,1)
15,15: (0,65535,0,0)  #00FF0000  srgba(0,255,0,0)
