# ImageMagick pixel enumeration: 16,16,65535,srgba
0,0: (0,31868,59110,65535)  #007CE6FF  srgba(0,124,230,1)
1,0: (0,31868,62965,65535)  #007CF5FF  srgba(0,124,245,1)
2,0: (0,34952,60909,65535)  #0088EDFF  srgba(0,136,237,1)
3,0: (0,37265,63479,65535)  #0091F7FF  srgba(0,145,247,1)
4,0: (0,37779,56540,65535)  #0093DCFF  srgba(0,147,220,1)
5,0: (0,40863,16705,65535)  #009F41FF  srgba(0,159,65,1)
6,0: (0,43947,61166,65535)  #00ABEEFF  srgba(0,171,238,1)
7,0: (257,2056,2313,65535)  #010809FF  srgba(1,8,9,1)
8,0: (257,32125,64507,65535)  #017DFBFF  srgba(1,125,251,1)
9,0: (257,34952,64507,65535)  #0188FBFF  srgba(1,136,251,1)
10,0: (257,51400,64250,65535)  #01C8FAFF  srgba(1,200,250,1)
11,0: (514,0,1799,65535)  #020007FF  srgba(2,0,7,1)
12,0: (514,35723,28784,65535)  #028B70FF  srgba(2,139,112,1)
13,0: (771,42148,26728,65535)  #03A468FF  srgba(3,164,104,1)
14,0: (771,47545,12850,65535)  #03B932FF  srgba(3,185,50,1)
15,0: (771,48059,10280,65535)  #03BB28FF  srgba(3,187,40,1)
0,1: (1028,40092,8224,65535)  #049C20FF  srgba(4,156,32,1)
1,1: (1542,0,1285,65535)  #060005FF  srgba(6,0,5,1)
2,1: (1542,44718,19018,65535)  #06AE4AFF  srgba(6,174,74,1)
3,1: (1799,2570,15420,65535)  #070A3CFF  srgba(7,10,60,1)
4,1: (1799,10023,62451,65535)  #0727F3FF  srgba(7,39,243,1)
5,1: (1799,27756,63222,65535)  #076CF6FF  srgba(7,108,246,1)
6,1: (2056,10023,56283,65535)  #0827DBFF  srgba(8,39,219,1)
7,1: (2313,24929,58082,65535)  #0961E2FF  srgba(9,97,226,1)
8,1: (2313,47288,15934,65535)  #09B83EFF  srgba(9,184,62,1)
9,1: (2570,6168,46003,65535)  #0A18B3FF  srgba(10,24,179,1)
10,1: (2827,12336,47031,65535)  #0B30B7FF  srgba(11,48,183,1)
11,1: (2827,23644,63222,65535)  #0B5CF6FF  srgba(11,92,246,1)
12,1: (2827,24415,53456,65535)  #0B5FD0FF  srgba(11,95,208,1)
13,1: (3084,38550,41634,65535)  #0C96A2FF  srgba(12,150,162,1)
14,1: (3341,23901,45746,65535)  #0D5DB2FF  srgba(13,93,178,1)
15,1: (3598,32382,64250,65535)  #0E7EFAFF  srgba(14,126,250,1)
0,2: (4369,32639,59881,65535)  #117FE9FF  srgba(17,127,233,1)
1,2: (4369,33153,41891,65535)  #1181A3FF  srgba(17,129,163,1)
2,2: (4626,8224,21588,65535)  #122054FF  srgba(18,32,84,1)
3,2: (4626,44461,41120,65535)  #12ADA0FF  srgba(18,173,160,1)
4,2: (4883,2827,20817,65535)  #130B51FF  srgba(19,11,81,1)
5,2: (4883,51400,64250,65535)  #13C8FAFF  srgba(19,200,250,1)
6,2: (5140,51143,65278,65535)  #14C7FEFF  srgba(20,199,254,1)
7,2: (5397,0,3855,65535)  #15000FFF  srgba(21,0,15,1)
8,2: (5397,21588,22102,65535)  #155456FF  srgba(21,84,86,1)
9,2: (5654,45489,65278,65535)  #16B1FEFF  srgba(22,177,254,1)
10,2: (5911,33153,52685,65535)  #1781CDFF  srgba(23,129,205,1)
11,2: (6168,1285,6682,65535)  #18051AFF  srgba(24,5,26,1)
12,2: (6168,36494,29041,65535)  #188E71FF  srgba(24,142,113,1)
13,2: (6425,44975,61937,65535)  #19AFF1FF  srgba(25,175,241,1)
14,2: (7196,3855,29812,65535)  #1C0F74FF  srgba(28,15,116,1)
15,2: (7453,37779,16448,65535)  #1D9340FF  srgba(29,147,64,1)
0,3: (7453,43433,53970,65535)  #1DA9D2FF  srgba(29,169,210,1)
1,3: (7453,51657,58596,65535)  #1DC9E4FF  srgba(29,201,228,1)
2,3: (8481,3341,6682,65535)  #210D1AFF  srgba(33,13,26,1)
3,3: (8481,48830,27756,65535)  #21BE6CFF  srgba(33,190,108,1)
4,3: (8995,10280,34181,65535)  #232885FF  srgba(35,40,133,1)
5,3: (9509,23387,34438,65535)  #255B86FF  srgba(37,91,134,1)
6,3: (10794,38036,6939,65535)  #2A941BFF  srgba(42,148,27,1)
7,3: (11308,12336,5911,65535)  #2C3017FF  srgba(44,48,23,1)
8,3: (11565,23644,60909,65535)  #2D5CEDFF  srgba(45,92,237,1)
9,3: (12079,23644,53199,65535)  #2F5CCFFF  srgba(47,92,207,1)
10,3: (12336,7710,48059,65535)  #301EBBFF  srgba(48,30,187,1)
11,3: (12336,24158,44975,65535)  #305EAFFF  srgba(48,94,175,1)
12,3: (12593,15420,49087,65535)  #313CBFFF  srgba(49,60,191,1)
13,3: (13621,7967,60909,65535)  #351FEDFF  srgba(53,31,237,1)
14,3: (14392,15163,61423,65535)  #383BEFFF  srgba(56,59,239,1)
15,3: (14392,36237,28784,65535)  #388D70FF  srgba(56,141,112,1)
0,4: (15163,8481,21588,65535)  #3B2154FF  srgba(59,33,84,1)
1,4: (15163,20560,22102,65535)  #3B5056FF  srgba(59,80,86,1)
2,4: (15677,514,15934,65535)  #3D023EFF  srgba(61,2,62,1)
3,4: (16962,34952,41891,65535)  #4288A3FF  srgba(66,136,163,1)
4,4: (16962,64250,44975,65535)  #42FAAFFF  srgba(66,250,175,1)
5,4: (18761,48316,59110,65535)  #49BCE6FF  srgba(73,188,230,1)
6,4: (19275,23644,61680,65535)  #4B5CF0FF  srgba(75,92,240,1)
7,4: (19275,49858,41634,65535)  #4BC2A2FF  srgba(75,194,162,1)
8,4: (19532,53970,62965,65535)  #4CD2F5FF  srgba(76,210,245,1)
9,4: (19789,23644,47545,65535)  #4D5CB9FF  srgba(77,92,185,1)
10,4: (20303,57825,50629,65535)  #4FE1C5FF  srgba(79,225,197,1)
11,4: (20817,4369,17476,65535)  #511144FF  srgba(81,17,68,1)
12,4: (21074,32639,53456,65535)  #527FD0FF  srgba(82,127,208,1)
13,4: (21845,2570,3598,65535)  #550A0EFF  srgba(85,10,14,1)
14,4: (21845,41634,53713,65535)  #55A2D1FF  srgba(85,162,209,1)
15,4: (22102,8224,28784,65535)  #562070FF  srgba(86,32,112,1)
0,5: (22359,33410,63993,65535)  #5782F9FF  srgba(87,130,249,1)
1,5: (22359,42148,64250,65535)  #57A4FAFF  srgba(87,164,250,1)
2,5: (22616,64250,44204,65535)  #58FAACFF  srgba(88,250,172,1)
3,5: (23644,21331,33410,65535)  #5C5382FF  srgba(92,83,130,1)
4,5: (24415,21588,21074,65535)  #5F5452FF  srgba(95,84,82,1)
5,5: (25186,15420,47802,65535)  #623CBAFF  srgba(98,60,186,1)
6,5: (25700,16191,62194,65535)  #643FF2FF  srgba(100,63,242,1)
7,5: (26214,7453,48830,65535)  #661DBEFF  srgba(102,29,190,1)
8,5: (26214,34181,8995,65535)  #668523FF  srgba(102,133,35,1)
9,5: (26471,33667,27499,65535)  #67836BFF  srgba(103,131,107,1)
10,5: (26471,45489,26214,65535)  #67B166FF  srgba(103,177,102,1)
11,5: (27242,44461,11565,65535)  #6AAD2DFF  srgba(106,173,45,1)
12,5: (27756,9509,61423,65535)  #6C25EFFF  srgba(108,37,239,1)
13,5: (28013,23901,47031,65535)  #6D5DB7FF  srgba(109,93,183,1)
14,5: (28270,23644,62451,65535)  #6E5CF3FF  srgba(110,92,243,1)
15,5: (29298,34952,40863,65535)  #72889FFF  srgba(114,136,159,1)
0,6: (29555,10023,5140,65535)  #732714FF  srgba(115,39,20,1)
1,6: (30069,53713,41120,65535)  #75D1A0FF  srgba(117,209,160,1)
2,6: (30326,50115,60395,65535)  #76C3EBFF  srgba(118,195,235,1)
3,6: (30326,56026,32125,65535)  #76DA7DFF  srgba(118,218,125,1)
4,6: (30583,59624,59110,65535)  #77E8E6FF  srgba(119,232,230,1)
5,6: (30840,8224,16705,65535)  #782041FF  srgba(120,32,65,1)
6,6: (30840,64250,43690,65535)  #78FAAAFF  srgba(120,250,170,1)
7,6: (30840,64250,48059,65535)  #78FABBFF  srgba(120,250,187,1)
8,6: (31097,21588,5397,65535)  #795415FF  srgba(121,84,21,1)
9,6: (31354,3341,3084,65535)  #7A0D0CFF  srgba(122,13,12,1)
10,6: (31354,52428,22616,65535)  #7ACC58FF  srgba(122,204,88,1)
11,6: (31868,8995,29555,65535)  #7C2373FF  srgba(124,35,115,1)
12,6: (32639,20560,33153,65535)  #7F5081FF  srgba(127,80,129,1)
13,6: (33924,20303,20817,65535)  #844F51FF  srgba(132,79,81,1)
14,6: (36751,42148,11051,65535)  #8FA42BFF  srgba(143,164,43,1)
15,6: (37265,35723,65021,65535)  #918BFDFF  srgba(145,139,253,1)
0,7: (37522,33924,55255,65535)  #9284D7FF  srgba(146,132,215,1)
1,7: (38293,42405,56797,65535)  #95A5DDFF  srgba(149,165,221,1)
2,7: (38293,44204,24415,65535)  #95AC5FFF  srgba(149,172,95,1)
3,7: (38550,32896,28784,65535)  #968070FF  srgba(150,128,112,1)
4,7: (38550,50629,11565,65535)  #96C52DFF  srgba(150,197,45,1)
5,7: (39321,43690,65021,65535)  #99AAFDFF  srgba(153,170,253,1)
6,7: (39835,35723,40349,65535)  #9B8B9DFF  srgba(155,139,157,1)
7,7: (39835,63993,48316,65535)  #9BF9BCFF  srgba(155,249,188,1)
8,7: (40092,9766,60652,65535)  #9C26ECFF  srgba(156,38,236,1)
9,7: (40092,57311,62194,65535)  #9CDFF2FF  srgba(156,223,242,1)
10,7: (40606,58339,41377,65535)  #9EE3A1FF  srgba(158,227,161,1)
11,7: (40863,21074,52428,65535)  #9F52CCFF  srgba(159,82,204,1)
12,7: (40863,22102,42662,65535)  #9F56A6FF  srgba(159,86,166,1)
13,7: (41120,21074,62708,65535)  #A052F4FF  srgba(160,82,244,1)
14,7: (41120,49344,60138,65535)  #A0C0EAFF  srgba(160,192,234,1)
15,7: (41377,49344,65535,65535)  #A1C0FFFF  srgba(161,192,255,1)
0,8: (41634,8481,46774,65535)  #A221B6FF  srgba(162,33,182,1)
1,8: (42148,58596,21845,65535)  #A4E455FF  srgba(164,228,85,1)
2,8: (42148,63736,43176,65535)  #A4F8A8FF  srgba(164,248,168,1)
3,8: (42405,61937,31868,65535)  #A5F17CFF  srgba(165,241,124,1)
4,8: (42405,64507,46003,65535)  #A5FBB3FF  srgba(165,251,179,1)
5,8: (42662,41377,11051,65535)  #A6A12BFF  srgba(166,161,43,1)
6,8: (42662,47545,11308,65535)  #A6B92CFF  srgba(166,185,44,1)
7,8: (42662,64507,42405,65535)  #A6FBA5FF  srgba(166,251,165,1)
8,8: (42919,64250,43947,65535)  #A7FAABFF  srgba(167,250,171,1)
9,8: (43690,7967,3598,65535)  #AA1F0EFF  srgba(170,31,14,1)
10,8: (43690,51143,11565,65535)  #AAC72DFF  srgba(170,199,45,1)
11,8: (44204,10023,31611,65535)  #AC277BFF  srgba(172,39,123,1)
12,8: (44461,11308,20303,65535)  #AD2C4FFF  srgba(173,44,79,1)
13,8: (44718,21845,4626,65535)  #AE5512FF  srgba(174,85,18,1)
14,8: (46774,46260,11308,65535)  #B6B42CFF  srgba(182,180,44,1)
15,8: (46774,64250,38293,65535)  #B6FA95FF  srgba(182,250,149,1)
0,9: (47031,15420,4883,65535)  #B73C13FF  srgba(183,60,19,1)
1,9: (47031,23901,31611,65535)  #B75D7BFF  srgba(183,93,123,1)
2,9: (47031,56797,13878,65535)  #B7DD36FF  srgba(183,221,54,1)
3,9: (47031,60138,46774,65535)  #B7EAB6FF  srgba(183,234,182,1)
4,9: (47288,63479,27756,65535)  #B8F76CFF  srgba(184,247,108,1)
5,9: (47545,15163,11822,65535)  #B93B2EFF  srgba(185,59,46,1)
6,9: (47802,23130,20560,65535)  #BA5A50FF  srgba(186,90,80,1)
7,9: (48059,9509,12079,65535)  #BB252FFF  srgba(187,37,47,1)
8,9: (48316,49087,65021,65535)  #BCBFFDFF  srgba(188,191,253,1)
9,9: (48316,51400,60652,65535)  #BCC8ECFF  srgba(188,200,236,1)
10,9: (48573,62451,19532,65535)  #BDF34CFF  srgba(189,243,76,1)
11,9: (49087,59110,37779,65535)  #BFE693FF  srgba(191,230,147,1)
12,9: (49344,46003,60138,65535)  #C0B3EAFF  srgba(192,179,234,1)
13,9: (49601,63736,25957,65535)  #C1F865FF  srgba(193,248,101,1)
14,9: (49858,46003,64764,65535)  #C2B3FCFF  srgba(194,179,252,1)
15,9: (50886,32125,52171,65535)  #C67DCBFF  srgba(198,125,203,1)
0,10: (51143,24415,12079,65535)  #C75F2FFF  srgba(199,95,47,1)
1,10: (51400,32382,41891,65535)  #C87EA3FF  srgba(200,126,163,1)
2,10: (51914,47802,65021,65535)  #CABAFDFF  srgba(202,186,253,1)
3,10: (52171,10023,59881,65535)  #CB27E9FF  srgba(203,39,233,1)
4,10: (52428,34695,28270,65535)  #CC876EFF  srgba(204,135,110,1)
5,10: (52428,40092,53456,65535)  #CC9CD0FF  srgba(204,156,208,1)
6,10: (52428,41891,65021,65535)  #CCA3FDFF  srgba(204,163,253,1)
7,10: (52942,58853,15163,65535)  #CEE53BFF  srgba(206,229,59,1)
8,10: (52942,62451,24929,65535)  #CEF361FF  srgba(206,243,97,1)
9,10: (53456,10280,4883,65535)  #D02813FF  srgba(208,40,19,1)
10,10: (53456,21588,53199,65535)  #D054CFFF  srgba(208,84,207,1)
11,10: (53456,34438,19789,65535)  #D0864DFF  srgba(208,134,77,1)
12,10: (53456,42148,38036,65535)  #D0A494FF  srgba(208,164,148,1)
13,10: (53456,50629,65278,65535)  #D0C5FEFF  srgba(208,197,254,1)
14,10: (53713,22359,43433,65535)  #D157A9FF  srgba(209,87,169,1)
15,10: (53970,40863,62194,65535)  #D29FF2FF  srgba(210,159,242,1)
0,11: (54227,23130,61937,65535)  #D35AF1FF  srgba(211,90,241,1)
1,11: (54741,44461,11822,65535)  #D5AD2EFF  srgba(213,173,46,1)
2,11: (54741,60909,19532,65535)  #D5ED4CFF  srgba(213,237,76,1)
3,11: (54998,9509,47802,65535)  #D625BAFF  srgba(214,37,186,1)
4,11: (55255,34695,13364,65535)  #D78734FF  srgba(215,135,52,1)
5,11: (55512,33410,8481,65535)  #D88221FF  srgba(216,130,33,1)
6,11: (56026,14135,4883,65535)  #DA3713FF  srgba(218,55,19,1)
7,11: (56283,21331,5397,65535)  #DB5315FF  srgba(219,83,21,1)
8,11: (56283,45746,65021,65535)  #DBB2FDFF  srgba(219,178,253,1)
9,11: (56797,45746,27242,65535)  #DDB26AFF  srgba(221,178,106,1)
10,11: (57054,9766,20046,65535)  #DE264EFF  srgba(222,38,78,1)
11,11: (57054,10023,31868,65535)  #DE277CFF  srgba(222,39,124,1)
12,11: (57825,41891,65021,65535)  #E1A3FDFF  srgba(225,163,253,1)
13,11: (58082,32896,54227,65535)  #E280D3FF  srgba(226,128,211,1)
14,11: (58339,44461,18247,65535)  #E3AD47FF  srgba(227,173,71,1)
15,11: (58596,53199,58339,65535)  #E4CFE3FF  srgba(228,207,227,1)
0,12: (58853,11051,5140,65535)  #E52B14FF  srgba(229,43,20,1)
1,12: (59110,45746,58082,65535)  #E6B2E2FF  srgba(230,178,226,1)
2,12: (59881,11308,11308,65535)  #E92C2CFF  srgba(233,44,44,1)
3,12: (59881,54227,47802,65535)  #E9D3BAFF  srgba(233,211,186,1)
4,12: (61166,26214,11051,65535)  #EE662BFF  srgba(238,102,43,1)
5,12: (61423,35723,25700,65535)  #EF8B64FF  srgba(239,139,100,1)
6,12: (61423,40092,65021,65535)  #EF9CFDFF  srgba(239,156,253,1)
7,12: (61680,12336,52942,65535)  #F030CEFF  srgba(240,48,206,1)
8,12: (61680,24672,22359,65535)  #F06057FF  srgba(240,96,87,1)
9,12: (61680,26214,59110,65535)  #F066E6FF  srgba(240,102,230,1)
10,12: (61680,34952,18247,65535)  #F08847FF  srgba(240,136,71,1)
11,12: (62194,13364,43947,65535)  #F234ABFF  srgba(242,52,171,1)
12,12: (62194,18761,5654,65535)  #F24916FF  srgba(242,73,22,1)
13,12: (62194,25443,44718,65535)  #F263AEFF  srgba(242,99,174,1)
14,12: (62194,32382,11051,65535)  #F27E2BFF  srgba(242,126,43,1)
15,12: (62194,39578,56540,65535)  #F29ADCFF  srgba(242,154,220,1)
0,13: (62451,10794,5911,65535)  #F32A17FF  srgba(243,42,23,1)
1,13: (62451,23130,33924,65535)  #F35A84FF  srgba(243,90,132,1)
2,13: (62451,39064,63222,65535)  #F398F6FF  srgba(243,152,246,1)
3,13: (62965,26728,7453,65535)  #F5681DFF  srgba(245,104,29,1)
4,13: (62965,26728,61423,65535)  #F568EFFF  srgba(245,104,239,1)
5,13: (62965,30583,64507,65535)  #F577FBFF  srgba(245,119,251,1)
6,13: (62965,31611,61680,65535)  #F57BF0FF  srgba(245,123,240,1)
7,13: (63222,52685,37779,65535)  #F6CD93FF  srgba(246,205,147,1)
8,13: (63736,27242,63222,65535)  #F86AF6FF  srgba(248,106,246,1)
9,13: (63736,54741,27242,65535)  #F8D56AFF  srgba(248,213,106,1)
10,13: (63993,26471,10537,65535)  #F96729FF  srgba(249,103,41,1)
11,13: (63993,32382,41120,65535)  #F97EA0FF  srgba(249,126,160,1)
12,13: (63993,42662,37265,65535)  #F9A691FF  srgba(249,166,145,1)
13,13: (64250,45746,25957,65535)  #FAB265FF  srgba(250,178,101,1)
14,13: (64507,21331,50372,65535)  #FB53C4FF  srgba(251,83,196,1)
15,13: (64507,26471,63222,65535)  #FB67F6FF  srgba(251,103,246,1)
0,14: (64507,27499,62451,65535)  #FB6BF3FF  srgba(251,107,243,1)
1,14: (64507,27499,62965,65535)  #FB6BF5FF  srgba(251,107,245,1)
2,14: (64507,30583,63222,65535)  #FB77F6FF  srgba(251,119,246,1)
3,14: (64764,26471,63736,65535)  #FC67F8FF  srgba(252,103,248,1)
4,14: (64764,27756,63479,65535)  #FC6CF7FF  srgba(252,108,247,1)
5,14: (64764,28013,63993,65535)  #FC6DF9FF  srgba(252,109,249,1)
6,14: (64764,29298,64250,65535)  #FC72FAFF  srgba(252,114,250,1)
7,14: (65021,29812,64250,65535)  #FD74FAFF  srgba(253,116,250,1)
8,14: (65021,31097,9509,65535)  #FD7925FF  srgba(253,121,37,1)
9,14: (65021,33410,13878,65535)  #FD8236FF  srgba(253,130,54,1)
10,14: (65021,37522,65021,65535)  #FD92FDFF  srgba(253,146,253,1)
11,14: (65278,17219,7196,65535)  #FE431CFF  srgba(254,67,28,1)
12,14: (65278,17990,43947,65535)  #FE46ABFF  srgba(254,70,171,1)
13,14: (65278,20303,23387,65535)  #FE4F5BFF  srgba(254,79,91,1)
14,14: (65278,23130,10794,65535)  #FE5A2AFF  srgba(254,90,42,1)
15,14: (65278,24158,20303,65535)  #FE5E4FFF  srgba(254,94,79,1)
0,15: (65278,24158,41120,65535)  #FE5EA0FF  srgba(254,94,160,1)
1,15: (65278,25186,8224,65535)  #FE6220FF  srgba(254,98,32,1)
2,15: (65278,26728,8224,65535)  #FE6820FF  srgba(254,104,32,1)
3,15: (65278,26728,10537,65535)  #FE6829FF  srgba(254,104,41,1)
4,15: (65278,26728,61680,65535)  #FE68F0FF  srgba(254,104,240,1)
5,15: (65278,26728,63222,65535)  #FE68F6FF  srgba(254,104,246,1)
6,15: (65278,26985,63479,65535)  #FE69F7FF  srgba(254,105,247,1)
7,15: (65278,27242,17219,65535)  #FE6A43FF  srgba(254,106,67,1)
8,15: (65278,28013,64250,65535)  #FE6DFAFF  srgba(254,109,250,1)
9,15: (65278,28270,63736,65535)  #FE6EF8FF  srgba(254,110,248,1)
10,15: (65278,30583,64764,65535)  #FE77FCFF  srgba(254,119,252,1)
11,15: (65278,36751,17990,65535)  #FE8F46FF  srgba(254,143,70,1)
12,15: (65278,37522,24158,65535)  #FE925EFF  srgba(254,146,94,1)
13,15: (65278,44204,19275,65535)  #FEAC4BFF  srgba(254,172,75,1)
14,15: (65535,45489,25957,65535)  #FFB165FF  srgba(255,177,101,1)
15,15: (0,65535,0,0)  #00FF0000  srgba(0,255,0,0)
