# ImageMagick pixel enumeration: 16,16,65535,srgba
0,0: (0,0,0,65535)  #000000FF  black
1,0: (0,0,0,65535)  #000000FF  black
2,0: (0,0,257,65535)  #000001FF  srgba(0,0,1,1)
3,0: (0,1028,0,65535)  #000400FF  srgba(0,4,0,1)
4,0: (0,1028,0,65535)  #000400FF  srgba(0,4,0,1)
5,0: (0,1028,514,65535)  #000402FF  srgba(0,4,2,1)
6,0: (0,1542,0,65535)  #000600FF  srgba(0,6,0,1)
7,0: (0,2827,771,65535)  #000B03FF  srgba(0,11,3,1)
8,0: (0,3084,0,65535)  #000C00FF  srgba(0,12,0,1)
9,0: (0,3598,257,65535)  #000E01FF  srgba(0,14,1,1)
10,0: (0,4883,0,65535)  #001300FF  srgba(0,19,0,1)
11,0: (0,5654,514,65535)  #001602FF  srgba(0,22,2,1)
12,0: (257,1285,0,65535)  #010500FF  srgba(1,5,0,1)
13,0: (257,1285,257,65535)  #010501FF  srgba(1,5,1,1)
14,0: (257,3598,257,65535)  #010E01FF  srgba(1,14,1,1)
15,0: (257,5654,771,65535)  #011603FF  srgba(1,22,3,1)
0,1: (514,1285,771,65535)  #020503FF  srgba(2,5,3,1)
1,1: (514,2827,1285,65535)  #020B05FF  srgba(2,11,5,1)
2,1: (514,3598,257,65535)  #020E01FF  srgba(2,14,1,1)
3,1: (771,0,0,65535)  #030000FF  srgba(3,0,0,1)
4,1: (771,771,514,65535)  #030302FF  srgba(3,3,2,1)
5,1: (771,1285,0,65535)  #030500FF  srgba(3,5,0,1)
6,1: (771,5397,1799,65535)  #031507FF  srgba(3,21,7,1)
7,1: (1028,1285,1285,65535)  #040505FF  srgba(4,5,5,1)
8,1: (1285,2827,771,65535)  #050B03FF  srgba(5,11,3,1)
9,1: (2056,771,0,65535)  #080300FF  srgba(8,3,0,1)
10,1: (2056,3341,2570,65535)  #080D0AFF  srgba(8,13,10,1)
11,1: (2313,0,0,65535)  #090000FF  srgba(9,0,0,1)
12,1: (2570,3084,1542,65535)  #0A0C06FF  srgba(10,12,6,1)
13,1: (2827,1028,771,65535)  #0B0403FF  srgba(11,4,3,1)
14,1: (3084,1028,514,65535)  #0C0402FF  srgba(12,4,2,1)
15,1: (3084,3084,0,65535)  #0C0C00FF  srgba(12,12,0,1)
0,2: (4112,1028,0,65535)  #100400FF  srgba(16,4,0,1)
1,2: (4626,0,0,65535)  #120000FF  srgba(18,0,0,1)
2,2: (4626,5654,3855,65535)  #12160FFF  srgba(18,22,15,1)
3,2: (4883,0,514,65535)  #130002FF  srgba(19,0,2,1)
4,2: (4883,1285,1542,65535)  #130506FF  srgba(19,5,6,1)
5,2: (5140,3598,3341,65535)  #140E0DFF  srgba(20,14,13,1)
6,2: (5397,0,0,65535)  #150000FF  srgba(21,0,0,1)
7,2: (6425,6682,6682,65535)  #191A1AFF  srgba(25,26,26,1)
8,2: (8224,4369,2827,65535)  #20110BFF  srgba(32,17,11,1)
9,2: (8481,0,0,65535)  #210000FF  srgba(33,0,0,1)
10,2: (8481,5654,4626,65535)  #211612FF  srgba(33,22,18,1)
11,2: (8738,514,257,65535)  #220201FF  srgba(34,2,1,1)
12,2: (8738,1028,1028,65535)  #220404FF  srgba(34,4,4,1)
13,2: (8995,7453,7453,65535)  #231D1DFF  srgba(35,29,29,1)
14,2: (9252,3855,514,65535)  #240F02FF  srgba(36,15,2,1)
15,2: (9252,6168,5911,65535)  #241817FF  srgba(36,24,23,1)
0,3: (10023,10023,9766,65535)  #272726FF  srgba(39,39,38,1)
1,3: (10280,1285,1542,65535)  #280506FF  srgba(40,5,6,1)
2,3: (10280,1799,2827,65535)  #28070BFF  srgba(40,7,11,1)
3,3: (10280,2827,514,65535)  #280B02FF  srgba(40,11,2,1)
4,3: (10280,5140,514,65535)  #281402FF  srgba(40,20,2,1)
5,3: (11308,7196,771,65535)  #2C1C03FF  srgba(44,28,3,1)
6,3: (11822,1285,1028,65535)  #2E0504FF  srgba(46,5,4,1)
7,3: (11822,3855,514,65535)  #2E0F02FF  srgba(46,15,2,1)
8,3: (11822,9509,5654,65535)  #2E2516FF  srgba(46,37,22,1)
9,3: (12079,257,0,65535)  #2F0100FF  srgba(47,1,0,1)
10,3: (12079,1285,257,65535)  #2F0501FF  srgba(47,5,1,1)
11,3: (12079,4112,2827,65535)  #2F100BFF  srgba(47,16,11,1)
12,3: (12079,6425,4626,65535)  #2F1912FF  srgba(47,25,18,1)
13,3: (12336,10280,10794,65535)  #30282AFF  srgba(48,40,42,1)
14,3: (12593,8481,2827,65535)  #31210BFF  srgba(49,33,11,1)
15,3: (12850,2827,514,65535)  #320B02FF  srgba(50,11,2,1)
0,4: (12850,10280,1285,65535)  #322805FF  srgba(50,40,5,1)
1,4: (13107,9766,8738,65535)  #332622FF  srgba(51,38,34,1)
2,4: (13364,11308,2570,65535)  #342C0AFF  srgba(52,44,10,1)
3,4: (13621,3855,514,65535)  #350F02FF  srgba(53,15,2,1)
4,4: (13878,9509,5140,65535)  #362514FF  srgba(54,37,20,1)
5,4: (13878,9509,7453,65535)  #36251DFF  srgba(54,37,29,1)
6,4: (13878,12336,11822,65535)  #36302EFF  srgba(54,48,46,1)
7,4: (14135,257,0,65535)  #370100FF  srgba(55,1,0,1)
8,4: (14135,1542,1285,65535)  #370605FF  srgba(55,6,5,1)
9,4: (14392,1799,514,65535)  #380702FF  srgba(56,7,2,1)
10,4: (14392,2056,0,65535)  #380800FF  srgba(56,8,0,1)
11,4: (14392,3084,514,65535)  #380C02FF  srgba(56,12,2,1)
12,4: (14906,7453,1028,65535)  #3A1D04FF  srgba(58,29,4,1)
13,4: (14906,7710,7196,65535)  #3A1E1CFF  srgba(58,30,28,1)
14,4: (14906,10280,1542,65535)  #3A2806FF  srgba(58,40,6,1)
15,4: (15163,7453,5654,65535)  #3B1D16FF  srgba(59,29,22,1)
0,5: (15163,10794,2570,65535)  #3B2A0AFF  srgba(59,42,10,1)
1,5: (15420,2827,514,65535)  #3C0B02FF  srgba(60,11,2,1)
2,5: (15420,6168,2827,65535)  #3C180BFF  srgba(60,24,11,1)
3,5: (15677,7196,4626,65535)  #3D1C12FF  srgba(61,28,18,1)
4,5: (15677,8738,2827,65535)  #3D220BFF  srgba(61,34,11,1)
5,5: (15677,9766,2570,65535)  #3D260AFF  srgba(61,38,10,1)
6,5: (15934,1799,0,65535)  #3E0700FF  srgba(62,7,0,1)
7,5: (15934,1799,771,65535)  #3E0703FF  srgba(62,7,3,1)
8,5: (15934,2056,257,65535)  #3E0801FF  srgba(62,8,1,1)
9,5: (16191,8738,4883,65535)  #3F2213FF  srgba(63,34,19,1)
10,5: (16191,10023,4883,65535)  #3F2713FF  srgba(63,39,19,1)
11,5: (16448,2313,257,65535)  #400901FF  srgba(64,9,1,1)
12,5: (16448,3084,1028,65535)  #400C04FF  srgba(64,12,4,1)
13,5: (16705,2570,771,65535)  #410A03FF  srgba(65,10,3,1)
14,5: (16962,2056,514,65535)  #420802FF  srgba(66,8,2,1)
15,5: (16962,9252,1542,65535)  #422406FF  srgba(66,36,6,1)
0,6: (17476,1028,0,65535)  #440400FF  srgba(68,4,0,1)
1,6: (17476,1285,1028,65535)  #440504FF  srgba(68,5,4,1)
2,6: (17476,3855,1028,65535)  #440F04FF  srgba(68,15,4,1)
3,6: (17733,8481,2827,65535)  #45210BFF  srgba(69,33,11,1)
4,6: (17733,9766,2570,65535)  #45260AFF  srgba(69,38,10,1)
5,6: (17990,1028,514,65535)  #460402FF  srgba(70,4,2,1)
6,6: (17990,7710,1542,65535)  #461E06FF  srgba(70,30,6,1)
7,6: (18247,3598,2827,65535)  #470E0BFF  srgba(71,14,11,1)
8,6: (18504,1542,1285,65535)  #480605FF  srgba(72,6,5,1)
9,6: (18504,7196,4883,65535)  #481C13FF  srgba(72,28,19,1)
10,6: (18504,7196,6168,65535)  #481C18FF  srgba(72,28,24,1)
11,6: (18504,7453,4112,65535)  #481D10FF  srgba(72,29,16,1)
12,6: (18504,7710,2827,65535)  #481E0BFF  srgba(72,30,11,1)
13,6: (18761,1542,2056,65535)  #490608FF  srgba(73,6,8,1)
14,6: (18761,6939,2827,65535)  #491B0BFF  srgba(73,27,11,1)
15,6: (19018,7453,3084,65535)  #4A1D0CFF  srgba(74,29,12,1)
0,7: (19275,771,0,65535)  #4B0300FF  srgba(75,3,0,1)
1,7: (19532,1028,514,65535)  #4C0402FF  srgba(76,4,2,1)
2,7: (19789,1285,1028,65535)  #4D0504FF  srgba(77,5,4,1)
3,7: (20817,1028,257,65535)  #510401FF  srgba(81,4,1,1)
4,7: (21074,1285,1285,65535)  #520505FF  srgba(82,5,5,1)
5,7: (21331,5397,2313,65535)  #531509FF  srgba(83,21,9,1)
6,7: (21331,7710,2313,65535)  #531E09FF  srgba(83,30,9,1)
7,7: (21331,7710,3598,65535)  #531E0EFF  srgba(83,30,14,1)
8,7: (21588,7196,4369,65535)  #541C11FF  srgba(84,28,17,1)
9,7: (21845,1028,514,65535)  #550402FF  srgba(85,4,2,1)
10,7: (21845,6168,4626,65535)  #551812FF  srgba(85,24,18,1)
11,7: (22102,1799,1028,65535)  #560704FF  srgba(86,7,4,1)
12,7: (22102,8224,4369,65535)  #562011FF  srgba(86,32,17,1)
13,7: (22359,7710,6425,65535)  #571E19FF  srgba(87,30,25,1)
14,7: (22616,2056,1285,65535)  #580805FF  srgba(88,8,5,1)
15,7: (22616,6425,3598,65535)  #58190EFF  srgba(88,25,14,1)
0,8: (22873,1285,1285,65535)  #590505FF  srgba(89,5,5,1)
1,8: (22873,2313,1542,65535)  #590906FF  srgba(89,9,6,1)
2,8: (23387,1028,257,65535)  #5B0401FF  srgba(91,4,1,1)
3,8: (23387,3341,4626,65535)  #5B0D12FF  srgba(91,13,18,1)
4,8: (23644,2827,3341,65535)  #5C0B0DFF  srgba(92,11,13,1)
5,8: (23901,1799,1028,65535)  #5D0704FF  srgba(93,7,4,1)
6,8: (23901,4112,2056,65535)  #5D1008FF  srgba(93,16,8,1)
7,8: (24158,2056,1285,65535)  #5E0805FF  srgba(94,8,5,1)
8,8: (24415,5654,6168,65535)  #5F1618FF  srgba(95,22,24,1)
9,8: (24672,7710,7967,65535)  #601E1FFF  srgba(96,30,31,1)
10,8: (25443,1285,514,65535)  #630502FF  srgba(99,5,2,1)
11,8: (25443,2313,1799,65535)  #630907FF  srgba(99,9,7,1)
12,8: (25443,14135,12593,65535)  #633731FF  srgba(99,55,49,1)
13,8: (25700,7710,8224,65535)  #641E20FF  srgba(100,30,32,1)
14,8: (26214,2827,1799,65535)  #660B07FF  srgba(102,11,7,1)
15,8: (26471,5397,4369,65535)  #671511FF  srgba(103,21,17,1)
0,9: (26728,9766,8481,65535)  #682621FF  srgba(104,38,33,1)
1,9: (26728,12079,12336,65535)  #682F30FF  srgba(104,47,48,1)
2,9: (27242,3341,2313,65535)  #6A0D09FF  srgba(106,13,9,1)
3,9: (27242,6939,1799,65535)  #6A1B07FF  srgba(106,27,7,1)
4,9: (27499,1542,1028,65535)  #6B0604FF  srgba(107,6,4,1)
5,9: (27499,13107,9252,65535)  #6B3324FF  srgba(107,51,36,1)
6,9: (27756,3341,3855,65535)  #6C0D0FFF  srgba(108,13,15,1)
7,9: (28784,4626,2056,65535)  #701208FF  srgba(112,18,8,1)
8,9: (29041,3855,2570,65535)  #710F0AFF  srgba(113,15,10,1)
9,9: (29041,7196,6168,65535)  #711C18FF  srgba(113,28,24,1)
10,9: (29298,2827,2056,65535)  #720B08FF  srgba(114,11,8,1)
11,9: (29812,1542,1285,65535)  #740605FF  srgba(116,6,5,1)
12,9: (29812,11051,6168,65535)  #742B18FF  srgba(116,43,24,1)
13,9: (30326,3341,2570,65535)  #760D0AFF  srgba(118,13,10,1)
14,9: (30840,3598,3855,65535)  #780E0FFF  srgba(120,14,15,1)
15,9: (31097,5911,5911,65535)  #791717FF  srgba(121,23,23,1)
0,10: (31354,5654,3598,65535)  #7A160EFF  srgba(122,22,14,1)
1,10: (31611,4626,3598,65535)  #7B120EFF  srgba(123,18,14,1)
2,10: (31611,7453,4883,65535)  #7B1D13FF  srgba(123,29,19,1)
3,10: (31868,6939,7967,65535)  #7C1B1FFF  srgba(124,27,31,1)
4,10: (32125,4883,4369,65535)  #7D1311FF  srgba(125,19,17,1)
5,10: (32125,5397,4626,65535)  #7D1512FF  srgba(125,21,18,1)
6,10: (32382,2570,2056,65535)  #7E0A08FF  srgba(126,10,8,1)
7,10: (32382,3341,2570,65535)  #7E0D0AFF  srgba(126,13,10,1)
8,10: (32382,3598,2570,65535)  #7E0E0AFF  srgba(126,14,10,1)
9,10: (33667,3855,4112,65535)  #830F10FF  srgba(131,15,16,1)
10,10: (33924,3598,3341,65535)  #840E0DFF  srgba(132,14,13,1)
11,10: (34181,3084,2313,65535)  #850C09FF  srgba(133,12,9,1)
12,10: (34181,4112,2827,65535)  #85100BFF  srgba(133,16,11,1)
13,10: (34952,5654,2313,65535)  #881609FF  srgba(136,22,9,1)
14,10: (34952,10280,9766,65535)  #882826FF  srgba(136,40,38,1)
15,10: (35209,3598,2570,65535)  #890E0AFF  srgba(137,14,10,1)
0,11: (35466,9766,7967,65535)  #8A261FFF  srgba(138,38,31,1)
1,11: (35723,9766,6425,65535)  #8B2619FF  srgba(139,38,25,1)
2,11: (35980,3084,2313,65535)  #8C0C09FF  srgba(140,12,9,1)
3,11: (35980,5140,5911,65535)  #8C1417FF  srgba(140,20,23,1)
4,11: (35980,6939,6425,65535)  #8C1B19FF  srgba(140,27,25,1)
5,11: (36494,4883,4369,65535)  #8E1311FF  srgba(142,19,17,1)
6,11: (36494,6168,4626,65535)  #8E1812FF  srgba(142,24,18,1)
7,11: (36751,3855,3341,65535)  #8F0F0DFF  srgba(143,15,13,1)
8,11: (36751,4112,4112,65535)  #8F1010FF  srgba(143,16,16,1)
9,11: (36751,4626,2827,65535)  #8F120BFF  srgba(143,18,11,1)
10,11: (37008,4369,2827,65535)  #90110BFF  srgba(144,17,11,1)
11,11: (37265,4112,2827,65535)  #91100BFF  srgba(145,16,11,1)
12,11: (37265,4626,3598,65535)  #91120EFF  srgba(145,18,14,1)
13,11: (37265,4626,4369,65535)  #911211FF  srgba(145,18,17,1)
14,11: (37522,7196,8224,65535)  #921C20FF  srgba(146,28,32,1)
15,11: (38036,4112,3598,65535)  #94100EFF  srgba(148,16,14,1)
0,12: (38293,4369,4369,65535)  #951111FF  srgba(149,17,17,1)
1,12: (38293,4626,3598,65535)  #95120EFF  srgba(149,18,14,1)
2,12: (38293,4883,3598,65535)  #95130EFF  srgba(149,19,14,1)
3,12: (38807,3855,3855,65535)  #970F0FFF  srgba(151,15,15,1)
4,12: (38807,4369,3598,65535)  #97110EFF  srgba(151,17,14,1)
5,12: (39064,4112,3341,65535)  #98100DFF  srgba(152,16,13,1)
6,12: (39064,4369,4112,65535)  #981110FF  srgba(152,17,16,1)
7,12: (39064,4369,4626,65535)  #981112FF  srgba(152,17,18,1)
8,12: (39064,4626,3598,65535)  #98120EFF  srgba(152,18,14,1)
9,12: (39064,4883,5140,65535)  #981314FF  srgba(152,19,20,1)
10,12: (39321,4112,4369,65535)  #991011FF  srgba(153,16,17,1)
11,12: (39321,4369,1799,65535)  #991107FF  srgba(153,17,7,1)
12,12: (39321,7196,7196,65535)  #991C1CFF  srgba(153,28,28,1)
13,12: (39578,4626,3855,65535)  #9A120FFF  srgba(154,18,15,1)
14,12: (40349,4112,3598,65535)  #9D100EFF  srgba(157,16,14,1)
15,12: (40606,4112,4112,65535)  #9E1010FF  srgba(158,16,16,1)
0,13: (40606,4626,3341,65535)  #9E120DFF  srgba(158,18,13,1)
1,13: (40606,5911,2570,65535)  #9E170AFF  srgba(158,23,10,1)
2,13: (41120,5654,4369,65535)  #A01611FF  srgba(160,22,17,1)
3,13: (41120,5911,3855,65535)  #A0170FFF  srgba(160,23,15,1)
4,13: (41377,7967,8224,65535)  #A11F20FF  srgba(161,31,32,1)
5,13: (41634,5140,5140,65535)  #A21414FF  srgba(162,20,20,1)
6,13: (41891,6425,5397,65535)  #A31915FF  srgba(163,25,21,1)
7,13: (42148,6682,3084,65535)  #A41A0CFF  srgba(164,26,12,1)
8,13: (42405,7967,6425,65535)  #A51F19FF  srgba(165,31,25,1)
9,13: (42405,8738,4112,65535)  #A52210FF  srgba(165,34,16,1)
10,13: (42662,6425,6425,65535)  #A61919FF  srgba(166,25,25,1)
11,13: (42919,6682,3598,65535)  #A71A0EFF  srgba(167,26,14,1)
12,13: (42919,6682,4369,65535)  #A71A11FF  srgba(167,26,17,1)
13,13: (43176,8995,4369,65535)  #A82311FF  srgba(168,35,17,1)
14,13: (43433,9252,4883,65535)  #A92413FF  srgba(169,36,19,1)
15,13: (43690,8738,5397,65535)  #AA2215FF  srgba(170,34,21,1)
0,14: (43947,6682,7196,65535)  #AB1A1CFF  srgba(171,26,28,1)
1,14: (43947,6682,8224,65535)  #AB1A20FF  srgba(171,26,32,1)
2,14: (43947,8995,4626,65535)  #AB2312FF  srgba(171,35,18,1)
3,14: (44204,8224,4369,65535)  #AC2011FF  srgba(172,32,17,1)
4,14: (44461,4883,4112,65535)  #AD1310FF  srgba(173,19,16,1)
5,14: (44461,7710,4112,65535)  #AD1E10FF  srgba(173,30,16,1)
6,14: (44718,6168,4112,65535)  #AE1810FF  srgba(174,24,16,1)
7,14: (44718,7710,7967,65535)  #AE1E1FFF  srgba(174,30,31,1)
8,14: (44975,6425,5397,65535)  #AF1915FF  srgba(175,25,21,1)
9,14: (44975,8481,4883,65535)  #AF2113FF  srgba(175,33,19,1)
10,14: (45232,7967,6425,65535)  #B01F19FF  srgba(176,31,25,1)
11,14: (45489,6682,6425,65535)  #B11A19FF  srgba(177,26,25,1)
12,14: (46003,8224,5397,65535)  #B32015FF  srgba(179,32,21,1)
13,14: (46517,7453,4369,65535)  #B51D11FF  srgba(181,29,17,1)
14,14: (46774,5397,4112,65535)  #B61510FF  srgba(182,21,16,1)
15,14: (47031,6682,5140,65535)  #B71A14FF  srgba(183,26,20,1)
0,15: (47031,6682,7196,65535)  #B71A1CFF  srgba(183,26,28,1)
1,15: (47031,6939,4369,65535)  #B71B11FF  srgba(183,27,17,1)
2,15: (48316,6682,6939,65535)  #BC1A1BFF  srgba(188,26,27,1)
3,15: (48573,6425,5140,65535)  #BD1914FF  srgba(189,25,20,1)
4,15: (48573,6425,7453,65535)  #BD191DFF  srgba(189,25,29,1)
5,15: (48830,6425,6168,65535)  #BE1918FF  srgba(190,25,24,1)
6,15: (48830,6682,4626,65535)  #BE1A12FF  srgba(190,26,18,1)
7,15: (48830,6939,5140,65535)  #BE1B14FF  srgba(190,27,20,1)
8,15: (48830,6939,6168,65535)  #BE1B18FF  srgba(190,27,24,1)
9,15: (49087,5654,4369,65535)  #BF1611FF  srgba(191,22,17,1)
10,15: (49858,6425,5140,65535)  #C21914FF  srgba(194,25,20,1)
11,15: (50115,6168,6168,65535)  #C31818FF  srgba(195,24,24,1)
12,15: (50115,6939,7196,65535)  #C31B1CFF  srgba(195,27,28,1)
13,15: (50372,6939,5397,65535)  #C41B15FF  srgba(196,27,21,1)
14,15: (50629,6939,6168,65535)  #C51B18FF  srgba(197,27,24,1)
15,15: (0,65535,0,0)  #00FF0000  srgba(0,255,0,0)
