# ImageMagick pixel enumeration: 16,16,65535,srgba
0,0: (0,10023,31097,65535)  #002779FF  srgba(0,39,121,1)
1,0: (257,0,257,65535)  #010001FF  srgba(1,0,1,1)
2,0: (1028,5654,52428,65535)  #0416CCFF  srgba(4,22,204,1)
3,0: (1028,8995,40349,65535)  #04239DFF  srgba(4,35,157,1)
4,0: (1285,7453,47031,65535)  #051DB7FF  srgba(5,29,183,1)
5,0: (2056,9766,19789,65535)  #08264DFF  srgba(8,38,77,1)
6,0: (2827,13107,56283,65535)  #0B33DBFF  srgba(11,51,219,1)
7,0: (3598,18247,29812,65535)  #0E4774FF  srgba(14,71,116,1)
8,0: (3855,0,257,65535)  #0F0001FF  srgba(15,0,1,1)
9,0: (3855,24672,62451,65535)  #0F60F3FF  srgba(15,96,243,1)
10,0: (3855,24929,60395,65535)  #0F61EBFF  srgba(15,97,235,1)
11,0: (4112,10023,30840,65535)  #102778FF  srgba(16,39,120,1)
12,0: (4112,25957,46774,65535)  #1065B6FF  srgba(16,101,182,1)
13,0: (4369,25700,57311,65535)  #1164DFFF  srgba(17,100,223,1)
14,0: (4369,28013,6682,65535)  #116D1AFF  srgba(17,109,26,1)
15,0: (5911,1542,8481,65535)  #170621FF  srgba(23,6,33,1)
0,1: (6682,24929,16705,65535)  #1A6141FF  srgba(26,97,65,1)
1,1: (6939,0,257,65535)  #1B0001FF  srgba(27,0,1,1)
2,1: (6939,2570,6425,65535)  #1B0A19FF  srgba(27,10,25,1)
3,1: (7453,17990,16962,65535)  #1D4642FF  srgba(29,70,66,1)
4,1: (7967,7967,5397,65535)  #1F1F15FF  srgba(31,31,21,1)
5,1: (8481,20817,59624,65535)  #2151E8FF  srgba(33,81,232,1)
6,1: (8738,22616,6168,65535)  #225818FF  srgba(34,88,24,1)
7,1: (9252,25700,55512,65535)  #2464D8FF  srgba(36,100,216,1)
8,1: (9509,27499,29812,65535)  #256B74FF  srgba(37,107,116,1)
9,1: (10023,0,0,65535)  #270000FF  srgba(39,0,0,1)
10,1: (10023,0,771,65535)  #270003FF  srgba(39,0,3,1)
11,1: (10537,5140,5140,65535)  #291414FF  srgba(41,20,20,1)
12,1: (11051,14906,6425,65535)  #2B3A19FF  srgba(43,58,25,1)
13,1: (11822,20560,57311,65535)  #2E50DFFF  srgba(46,80,223,1)
14,1: (12079,771,19275,65535)  #2F034BFF  srgba(47,3,75,1)
15,1: (13364,27242,41377,65535)  #346AA1FF  srgba(52,106,161,1)
0,2: (13621,1799,8738,65535)  #350722FF  srgba(53,7,34,1)
1,2: (13878,257,1028,65535)  #360104FF  srgba(54,1,4,1)
2,2: (13878,3084,5397,65535)  #360C15FF  srgba(54,12,21,1)
3,2: (14135,2570,46774,65535)  #370AB6FF  srgba(55,10,182,1)
4,2: (14392,19789,29298,65535)  #384D72FF  srgba(56,77,114,1)
5,2: (14906,16705,41377,65535)  #3A41A1FF  srgba(58,65,161,1)
6,2: (15163,20560,5911,65535)  #3B5017FF  srgba(59,80,23,1)
7,2: (15420,2570,26471,65535)  #3C0A67FF  srgba(60,10,103,1)
8,2: (15420,17990,16448,65535)  #3C4640FF  srgba(60,70,64,1)
9,2: (15420,21588,41891,65535)  #3C54A3FF  srgba(60,84,163,1)
10,2: (15420,27242,53199,65535)  #3C6ACFFF  srgba(60,106,207,1)
11,2: (15677,11308,14392,65535)  #3D2C38FF  srgba(61,44,56,1)
12,2: (15677,24929,18504,65535)  #3D6148FF  srgba(61,97,72,1)
13,2: (15934,18761,5654,65535)  #3E4916FF  srgba(62,73,22,1)
14,2: (15934,22359,6425,65535)  #3E5719FF  srgba(62,87,25,1)
15,2: (16191,15677,5911,65535)  #3F3D17FF  srgba(63,61,23,1)
0,3: (16448,8224,7453,65535)  #40201DFF  srgba(64,32,29,1)
1,3: (16448,28013,29812,65535)  #406D74FF  srgba(64,109,116,1)
2,3: (17476,0,514,65535)  #440002FF  srgba(68,0,2,1)
3,3: (17476,19789,53456,65535)  #444DD0FF  srgba(68,77,208,1)
4,3: (17990,1285,3084,65535)  #46050CFF  srgba(70,5,12,1)
5,3: (18761,14906,5654,65535)  #493A16FF  srgba(73,58,22,1)
6,3: (19018,39578,41891,65535)  #4A9AA3FF  srgba(74,154,163,1)
7,3: (19532,38036,35466,65535)  #4C948AFF  srgba(76,148,138,1)
8,3: (19789,39321,49087,65535)  #4D99BFFF  srgba(77,153,191,1)
9,3: (20046,37265,25700,65535)  #4E9164FF  srgba(78,145,100,1)
10,3: (20046,45232,63479,65535)  #4EB0F7FF  srgba(78,176,247,1)
11,3: (20303,8224,8481,65535)  #4F2021FF  srgba(79,32,33,1)
12,3: (20303,51400,62708,65535)  #4FC8F4FF  srgba(79,200,244,1)
13,3: (20560,5140,6425,65535)  #501419FF  srgba(80,20,25,1)
14,3: (20817,1542,20560,65535)  #510650FF  srgba(81,6,80,1)
15,3: (21074,24672,7453,65535)  #52601DFF  srgba(82,96,29,1)
0,4: (21845,3598,6168,65535)  #550E18FF  srgba(85,14,24,1)
1,4: (21845,13364,5397,65535)  #553415FF  srgba(85,52,21,1)
2,4: (22102,1285,3084,65535)  #56050CFF  srgba(86,5,12,1)
3,4: (22102,28270,29812,65535)  #566E74FF  srgba(86,110,116,1)
4,4: (22102,51400,58596,65535)  #56C8E4FF  srgba(86,200,228,1)
5,4: (22616,3341,5397,65535)  #580D15FF  srgba(88,13,21,1)
6,4: (22616,48316,50115,65535)  #58BCC3FF  srgba(88,188,195,1)
7,4: (23387,7967,8224,65535)  #5B1F20FF  srgba(91,31,32,1)
8,4: (23644,45232,58339,65535)  #5CB0E3FF  srgba(92,176,227,1)
9,4: (23901,5397,6939,65535)  #5D151BFF  srgba(93,21,27,1)
10,4: (23901,16705,13621,65535)  #5D4135FF  srgba(93,65,53,1)
11,4: (24158,8995,12079,65535)  #5E232FFF  srgba(94,35,47,1)
12,4: (24158,46774,62965,65535)  #5EB6F5FF  srgba(94,182,245,1)
13,4: (24158,50629,62194,65535)  #5EC5F2FF  srgba(94,197,242,1)
14,4: (24415,28784,40606,65535)  #5F709EFF  srgba(95,112,158,1)
15,4: (24415,44975,54741,65535)  #5FAFD5FF  srgba(95,175,213,1)
0,5: (24672,20560,21074,65535)  #605052FF  srgba(96,80,82,1)
1,5: (24672,29555,52685,65535)  #6073CDFF  srgba(96,115,205,1)
2,5: (24672,49087,62451,65535)  #60BFF3FF  srgba(96,191,243,1)
3,5: (24672,50629,55255,65535)  #60C5D7FF  srgba(96,197,215,1)
4,5: (24929,12079,21074,65535)  #612F52FF  srgba(97,47,82,1)
5,5: (25700,12336,5397,65535)  #643015FF  srgba(100,48,21,1)
6,5: (25700,46517,62451,65535)  #64B5F3FF  srgba(100,181,243,1)
7,5: (25957,7453,7967,65535)  #651D1FFF  srgba(101,29,31,1)
8,5: (25957,28013,21331,65535)  #656D53FF  srgba(101,109,83,1)
9,5: (26214,1285,43947,65535)  #6605ABFF  srgba(102,5,171,1)
10,5: (26214,2313,3855,65535)  #66090FFF  srgba(102,9,15,1)
11,5: (26214,16962,31354,65535)  #66427AFF  srgba(102,66,122,1)
12,5: (26214,27499,15163,65535)  #666B3BFF  srgba(102,107,59,1)
13,5: (26471,57054,63479,65535)  #67DEF7FF  srgba(103,222,247,1)
14,5: (26728,5397,7196,65535)  #68151CFF  srgba(104,21,28,1)
15,5: (26728,16705,40606,65535)  #68419EFF  srgba(104,65,158,1)
0,6: (26728,49858,58082,65535)  #68C2E2FF  srgba(104,194,226,1)
1,6: (26985,3855,7453,65535)  #690F1DFF  srgba(105,15,29,1)
2,6: (26985,33153,8995,65535)  #698123FF  srgba(105,129,35,1)
3,6: (27499,3855,6168,65535)  #6B0F18FF  srgba(107,15,24,1)
4,6: (27756,46517,58339,65535)  #6CB5E3FF  srgba(108,181,227,1)
5,6: (28270,29041,29298,65535)  #6E7172FF  srgba(110,113,114,1)
6,6: (28270,41120,42148,65535)  #6EA0A4FF  srgba(110,160,164,1)
7,6: (28527,3598,5397,65535)  #6F0E15FF  srgba(111,14,21,1)
8,6: (28527,6939,8738,65535)  #6F1B22FF  srgba(111,27,34,1)
9,6: (28527,38293,34181,65535)  #6F9585FF  srgba(111,149,133,1)
10,6: (28784,37008,20560,65535)  #709050FF  srgba(112,144,80,1)
11,6: (28784,45232,62194,65535)  #70B0F2FF  srgba(112,176,242,1)
12,6: (29041,1028,18761,65535)  #710449FF  srgba(113,4,73,1)
13,6: (29041,5654,7453,65535)  #71161DFF  srgba(113,22,29,1)
14,6: (29041,7453,5654,65535)  #711D16FF  srgba(113,29,22,1)
15,6: (29298,45489,49858,65535)  #72B1C2FF  srgba(114,177,194,1)
0,7: (29812,45746,58082,65535)  #74B2E2FF  srgba(116,178,226,1)
1,7: (29812,46774,54741,65535)  #74B6D5FF  srgba(116,182,213,1)
2,7: (30583,5397,6939,65535)  #77151BFF  srgba(119,21,27,1)
3,7: (31611,3855,7453,65535)  #7B0F1DFF  srgba(123,15,29,1)
4,7: (31868,1285,28784,65535)  #7C0570FF  srgba(124,5,112,1)
5,7: (31868,4883,7196,65535)  #7C131CFF  srgba(124,19,28,1)
6,7: (31868,5140,5654,65535)  #7C1416FF  srgba(124,20,22,1)
7,7: (32382,3084,4369,65535)  #7E0C11FF  srgba(126,12,17,1)
8,7: (32382,4112,5911,65535)  #7E1017FF  srgba(126,16,23,1)
9,7: (32382,45746,56540,65535)  #7EB2DCFF  srgba(126,178,220,1)
10,7: (32896,4626,5911,65535)  #801217FF  srgba(128,18,23,1)
11,7: (32896,44461,57054,65535)  #80ADDEFF  srgba(128,173,222,1)
12,7: (32896,48316,58082,65535)  #80BCE2FF  srgba(128,188,226,1)
13,7: (33153,3855,7196,65535)  #810F1CFF  srgba(129,15,28,1)
14,7: (33153,4112,5654,65535)  #811016FF  srgba(129,16,22,1)
15,7: (33153,4112,6168,65535)  #811018FF  srgba(129,16,24,1)
0,8: (33153,4883,4883,65535)  #811313FF  srgba(129,19,19,1)
1,8: (33153,5397,8224,65535)  #811520FF  srgba(129,21,32,1)
2,8: (33410,1285,46517,65535)  #8205B5FF  srgba(130,5,181,1)
3,8: (33410,4112,5397,65535)  #821015FF  srgba(130,16,21,1)
4,8: (33410,42148,61166,65535)  #82A4EEFF  srgba(130,164,238,1)
5,8: (33410,60138,62708,65535)  #82EAF4FF  srgba(130,234,244,1)
6,8: (34181,42662,56283,65535)  #85A6DBFF  srgba(133,166,219,1)
7,8: (34438,3598,5397,65535)  #860E15FF  srgba(134,14,21,1)
8,8: (34952,3341,6168,65535)  #880D18FF  srgba(136,13,24,1)
9,8: (34952,3598,4626,65535)  #880E12FF  srgba(136,14,18,1)
10,8: (34952,44718,52428,65535)  #88AECCFF  srgba(136,174,204,1)
11,8: (35466,47031,46517,65535)  #8AB7B5FF  srgba(138,183,181,1)
12,8: (35723,5397,5140,65535)  #8B1514FF  srgba(139,21,20,1)
13,8: (35723,13621,30326,65535)  #8B3576FF  srgba(139,53,118,1)
14,8: (35723,36494,19018,65535)  #8B8E4AFF  srgba(139,142,74,1)
15,8: (35980,32125,31611,65535)  #8C7D7BFF  srgba(140,125,123,1)
0,9: (36237,2827,5397,65535)  #8D0B15FF  srgba(141,11,21,1)
1,9: (36237,14135,36751,65535)  #8D378FFF  srgba(141,55,143,1)
2,9: (36237,39064,36494,65535)  #8D988EFF  srgba(141,152,142,1)
3,9: (36494,26985,22873,65535)  #8E6959FF  srgba(142,105,89,1)
4,9: (36494,32896,17990,65535)  #8E8046FF  srgba(142,128,70,1)
5,9: (36751,2827,4626,65535)  #8F0B12FF  srgba(143,11,18,1)
6,9: (36751,23387,31868,65535)  #8F5B7CFF  srgba(143,91,124,1)
7,9: (36751,30840,17733,65535)  #8F7845FF  srgba(143,120,69,1)
8,9: (36751,43176,46774,65535)  #8FA8B6FF  srgba(143,168,182,1)
9,9: (37008,43433,56283,65535)  #90A9DBFF  srgba(144,169,219,1)
10,9: (37265,23644,40092,65535)  #915C9CFF  srgba(145,92,156,1)
11,9: (37265,32382,40863,65535)  #917E9FFF  srgba(145,126,159,1)
12,9: (37265,41891,56283,65535)  #91A3DBFF  srgba(145,163,219,1)
13,9: (37522,26728,16448,65535)  #926840FF  srgba(146,104,64,1)
14,9: (37522,32639,9252,65535)  #927F24FF  srgba(146,127,36,1)
15,9: (37522,40092,44718,65535)  #929CAEFF  srgba(146,156,174,1)
0,10: (37522,57054,61423,65535)  #92DEEFFF  srgba(146,222,239,1)
1,10: (37779,1799,17476,65535)  #930744FF  srgba(147,7,68,1)
2,10: (37779,8224,13364,65535)  #932034FF  srgba(147,32,52,1)
3,10: (37779,19532,22616,65535)  #934C58FF  srgba(147,76,88,1)
4,10: (38036,2827,7710,65535)  #940B1EFF  srgba(148,11,30,1)
5,10: (38036,39835,57825,65535)  #949BE1FF  srgba(148,155,225,1)
6,10: (38293,8224,39835,65535)  #95209BFF  srgba(149,32,155,1)
7,10: (38293,10537,25700,65535)  #952964FF  srgba(149,41,100,1)
8,10: (38550,20560,13878,65535)  #965036FF  srgba(150,80,54,1)
9,10: (38807,19789,7196,65535)  #974D1CFF  srgba(151,77,28,1)
10,10: (38807,26985,10537,65535)  #976929FF  srgba(151,105,41,1)
11,10: (39064,40349,48830,65535)  #989DBEFF  srgba(152,157,190,1)
12,10: (39064,40349,52171,65535)  #989DCBFF  srgba(152,157,203,1)
13,10: (39321,2056,4626,65535)  #990812FF  srgba(153,8,18,1)
14,10: (40092,8738,31611,65535)  #9C227BFF  srgba(156,34,123,1)
15,10: (40863,2056,5397,65535)  #9F0815FF  srgba(159,8,21,1)
0,11: (41634,2056,6168,65535)  #A20818FF  srgba(162,8,24,1)
1,11: (41634,12850,48316,65535)  #A232BCFF  srgba(162,50,188,1)
2,11: (41634,40092,55769,65535)  #A29CD9FF  srgba(162,156,217,1)
3,11: (42405,6425,39835,65535)  #A5199BFF  srgba(165,25,155,1)
4,11: (42405,58339,61680,65535)  #A5E3F0FF  srgba(165,227,240,1)
5,11: (42662,1542,4626,65535)  #A60612FF  srgba(166,6,18,1)
6,11: (42662,3084,38036,65535)  #A60C94FF  srgba(166,12,148,1)
7,11: (42919,37779,55769,65535)  #A793D9FF  srgba(167,147,217,1)
8,11: (43176,3084,55512,65535)  #A80CD8FF  srgba(168,12,216,1)
9,11: (43176,4883,51400,65535)  #A813C8FF  srgba(168,19,200,1)
10,11: (43433,3598,48830,65535)  #A90EBEFF  srgba(169,14,190,1)
11,11: (43433,38550,51914,65535)  #A996CAFF  srgba(169,150,202,1)
12,11: (43433,39835,48059,65535)  #A99BBBFF  srgba(169,155,187,1)
13,11: (44204,12850,56283,65535)  #AC32DBFF  srgba(172,50,219,1)
14,11: (44461,5911,40863,65535)  #AD179FFF  srgba(173,23,159,1)
15,11: (44461,6939,33410,65535)  #AD1B82FF  srgba(173,27,130,1)
0,12: (44461,8481,22616,65535)  #AD2158FF  srgba(173,33,88,1)
1,12: (44461,37265,51914,65535)  #AD91CAFF  srgba(173,145,202,1)
2,12: (44718,38807,46003,65535)  #AE97B3FF  srgba(174,151,179,1)
3,12: (44975,32382,49344,65535)  #AF7EC0FF  srgba(175,126,192,1)
4,12: (44975,32382,56797,65535)  #AF7EDDFF  srgba(175,126,221,1)
5,12: (45232,44975,49601,65535)  #B0AFC1FF  srgba(176,175,193,1)
6,12: (45489,35466,53713,65535)  #B18AD1FF  srgba(177,138,209,1)
7,12: (45746,2827,56797,65535)  #B20BDDFF  srgba(178,11,221,1)
8,12: (45746,24929,13364,65535)  #B26134FF  srgba(178,97,52,1)
9,12: (46003,1285,4626,65535)  #B30512FF  srgba(179,5,18,1)
10,12: (46003,27499,8738,65535)  #B36B22FF  srgba(179,107,34,1)
11,12: (46003,28527,14135,65535)  #B36F37FF  srgba(179,111,55,1)
12,12: (46003,43947,41377,65535)  #B3ABA1FF  srgba(179,171,161,1)
13,12: (46260,32125,17733,65535)  #B47D45FF  srgba(180,125,69,1)
14,12: (46260,37008,46517,65535)  #B490B5FF  srgba(180,144,181,1)
15,12: (46517,1285,5397,65535)  #B50515FF  srgba(181,5,21,1)
0,13: (46517,6682,36494,65535)  #B51A8EFF  srgba(181,26,142,1)
1,13: (46774,26728,13364,65535)  #B66834FF  srgba(182,104,52,1)
2,13: (47031,1285,6168,65535)  #B70518FF  srgba(183,5,24,1)
3,13: (47031,35466,49087,65535)  #B78ABFFF  srgba(183,138,191,1)
4,13: (47288,24415,35209,65535)  #B85F89FF  srgba(184,95,137,1)
5,13: (47802,2570,50115,65535)  #BA0AC3FF  srgba(186,10,195,1)
6,13: (47802,3084,44204,65535)  #BA0CACFF  srgba(186,12,172,1)
7,13: (47802,8224,8481,65535)  #BA2021FF  srgba(186,32,33,1)
8,13: (47802,26728,43176,65535)  #BA68A8FF  srgba(186,104,168,1)
9,13: (48059,1799,9766,65535)  #BB0726FF  srgba(187,7,38,1)
10,13: (48059,21074,8481,65535)  #BB5221FF  srgba(187,82,33,1)
11,13: (48573,3084,38550,65535)  #BD0C96FF  srgba(189,12,150,1)
12,13: (48573,7196,35466,65535)  #BD1C8AFF  srgba(189,28,138,1)
13,13: (48830,19789,17990,65535)  #BE4D46FF  srgba(190,77,70,1)
14,13: (49087,2056,55769,65535)  #BF08D9FF  srgba(191,8,217,1)
15,13: (49087,34952,42662,65535)  #BF88A6FF  srgba(191,136,166,1)
0,14: (49344,2827,29555,65535)  #C00B73FF  srgba(192,11,115,1)
1,14: (49601,24672,8224,65535)  #C16020FF  srgba(193,96,32,1)
2,14: (49858,21074,11822,65535)  #C2522EFF  srgba(194,82,46,1)
3,14: (50629,1285,4626,65535)  #C50512FF  srgba(197,5,18,1)
4,14: (50629,1285,6168,65535)  #C50518FF  srgba(197,5,24,1)
5,14: (51400,24672,11822,65535)  #C8602EFF  srgba(200,96,46,1)
6,14: (51400,62965,63222,65535)  #C8F5F6FF  srgba(200,245,246,1)
7,14: (51657,1285,5654,65535)  #C90516FF  srgba(201,5,22,1)
8,14: (51657,8738,21588,65535)  #C92254FF  srgba(201,34,84,1)
9,14: (51657,32896,52428,65535)  #C980CCFF  srgba(201,128,204,1)
10,14: (51657,33410,48059,65535)  #C982BBFF  srgba(201,130,187,1)
11,14: (51914,21588,8738,65535)  #CA5422FF  srgba(202,84,34,1)
12,14: (52428,8995,34952,65535)  #CC2388FF  srgba(204,35,136,1)
13,14: (52685,1799,8738,65535)  #CD0722FF  srgba(205,7,34,1)
14,14: (52942,1285,6168,65535)  #CE0518FF  srgba(206,5,24,1)
15,14: (53713,53199,60395,65535)  #D1CFEBFF  srgba(209,207,235,1)
0,15: (54484,28527,57568,65535)  #D46FE0FF  srgba(212,111,224,1)
1,15: (54741,17219,53456,65535)  #D543D0FF  srgba(213,67,208,1)
2,15: (54998,20560,7967,65535)  #D6501FFF  srgba(214,80,31,1)
3,15: (55512,24929,61680,65535)  #D861F0FF  srgba(216,97,240,1)
4,15: (55512,32639,41377,65535)  #D87FA1FF  srgba(216,127,161,1)
5,15: (55769,19018,63479,65535)  #D94AF7FF  srgba(217,74,247,1)
6,15: (56540,19275,9509,65535)  #DC4B25FF  srgba(220,75,37,1)
7,15: (56540,29041,49087,65535)  #DC71BFFF  srgba(220,113,191,1)
8,15: (56797,18761,15163,65535)  #DD493BFF  srgba(221,73,59,1)
9,15: (56797,19018,10794,65535)  #DD4A2AFF  srgba(221,74,42,1)
10,15: (58082,11051,9252,65535)  #E22B24FF  srgba(226,43,36,1)
11,15: (58596,17733,7967,65535)  #E4451FFF  srgba(228,69,31,1)
12,15: (58596,24929,35723,65535)  #E4618BFF  srgba(228,97,139,1)
13,15: (58596,25186,50886,65535)  #E462C6FF  srgba(228,98,198,1)
14,15: (58853,25957,43690,65535)  #E565AAFF  srgba(229,101,170,1)
15,15: (0,65535,0,0)  #00FF0000  srgba(0,255,0,0)
