# ImageMagick pixel enumeration: 16,16,65535,srgba
0,0: (0,0,0,65535)  #000000FF  black
1,0: (257,514,257,65535)  #010201FF  srgba(1,2,1,1)
2,0: (257,771,0,65535)  #010300FF  srgba(1,3,0,1)
3,0: (257,26471,39578,65535)  #01679AFF  srgba(1,103,154,1)
4,0: (257,26728,42148,65535)  #0168A4FF  srgba(1,104,164,1)
5,0: (514,26985,44204,65535)  #0269ACFF  srgba(2,105,172,1)
6,0: (514,26985,45232,65535)  #0269B0FF  srgba(2,105,176,1)
7,0: (771,58339,56540,65535)  #03E3DCFF  srgba(3,227,220,1)
8,0: (1028,24929,37008,65535)  #046190FF  srgba(4,97,144,1)
9,0: (1285,1285,5397,65535)  #050515FF  srgba(5,5,21,1)
10,0: (1285,23130,35466,65535)  #055A8AFF  srgba(5,90,138,1)
11,0: (1799,8481,63222,65535)  #0721F6FF  srgba(7,33,246,1)
12,0: (1799,21331,34438,65535)  #075386FF  srgba(7,83,134,1)
13,0: (1799,25443,48316,65535)  #0763BCFF  srgba(7,99,188,1)
14,0: (2056,23130,26985,65535)  #085A69FF  srgba(8,90,105,1)
15,0: (2056,24158,20817,65535)  #085E51FF  srgba(8,94,81,1)
0,1: (2313,8738,60652,65535)  #0922ECFF  srgba(9,34,236,1)
1,1: (2313,21588,27242,65535)  #09546AFF  srgba(9,84,106,1)
2,1: (2313,24415,23901,65535)  #095F5DFF  srgba(9,95,93,1)
3,1: (2313,27499,34438,65535)  #096B86FF  srgba(9,107,134,1)
4,1: (2570,14392,27242,65535)  #0A386AFF  srgba(10,56,106,1)
5,1: (2570,14906,15934,65535)  #0A3A3EFF  srgba(10,58,62,1)
6,1: (2827,10794,36494,65535)  #0B2A8EFF  srgba(11,42,142,1)
7,1: (2827,15163,22102,65535)  #0B3B56FF  srgba(11,59,86,1)
8,1: (3084,8738,53970,65535)  #0C22D2FF  srgba(12,34,210,1)
9,1: (3341,7196,45232,65535)  #0D1CB0FF  srgba(13,28,176,1)
10,1: (3855,26214,27499,65535)  #0F666BFF  srgba(15,102,107,1)
11,1: (4626,4112,35466,65535)  #12108AFF  srgba(18,16,138,1)
12,1: (4626,31097,24158,65535)  #12795EFF  srgba(18,121,94,1)
13,1: (4883,28527,28270,65535)  #136F6EFF  srgba(19,111,110,1)
14,1: (4883,29041,28270,65535)  #13716EFF  srgba(19,113,110,1)
15,1: (4883,29555,27756,65535)  #13736CFF  srgba(19,115,108,1)
0,2: (5140,29555,29041,65535)  #147371FF  srgba(20,115,113,1)
1,2: (5140,34438,25186,65535)  #148662FF  srgba(20,134,98,1)
2,2: (5397,27756,32125,65535)  #156C7DFF  srgba(21,108,125,1)
3,2: (5397,30069,25186,65535)  #157562FF  srgba(21,117,98,1)
4,2: (5911,30069,29298,65535)  #177572FF  srgba(23,117,114,1)
5,2: (5911,30069,32125,65535)  #17757DFF  srgba(23,117,125,1)
6,2: (6168,30069,28270,65535)  #18756EFF  srgba(24,117,110,1)
7,2: (6682,32125,25186,65535)  #1A7D62FF  srgba(26,125,98,1)
8,2: (7967,28270,28270,65535)  #1F6E6EFF  srgba(31,110,110,1)
9,2: (8738,54227,57054,65535)  #22D3DEFF  srgba(34,211,222,1)
10,2: (9766,30840,27756,65535)  #26786CFF  srgba(38,120,108,1)
11,2: (9766,33924,54484,65535)  #2684D4FF  srgba(38,132,212,1)
12,2: (10023,20303,22616,65535)  #274F58FF  srgba(39,79,88,1)
13,2: (10794,23387,27756,65535)  #2A5B6CFF  srgba(42,91,108,1)
14,2: (11051,24415,23387,65535)  #2B5F5BFF  srgba(43,95,91,1)
15,2: (11308,6939,56540,65535)  #2C1BDCFF  srgba(44,27,220,1)
0,3: (11308,23901,19789,65535)  #2C5D4DFF  srgba(44,93,77,1)
1,3: (12079,25443,25186,65535)  #2F6362FF  srgba(47,99,98,1)
2,3: (12593,14392,28013,65535)  #31386DFF  srgba(49,56,109,1)
3,3: (13621,25443,31354,65535)  #35637AFF  srgba(53,99,122,1)
4,3: (14135,4626,39064,65535)  #371298FF  srgba(55,18,152,1)
5,3: (14135,20303,52685,65535)  #374FCDFF  srgba(55,79,205,1)
6,3: (14135,26214,27756,65535)  #37666CFF  srgba(55,102,108,1)
7,3: (14649,5397,17219,65535)  #391543FF  srgba(57,21,67,1)
8,3: (14649,8481,23387,65535)  #39215BFF  srgba(57,33,91,1)
9,3: (14906,7710,62451,65535)  #3A1EF3FF  srgba(58,30,243,1)
10,3: (14906,34952,42405,65535)  #3A88A5FF  srgba(58,136,165,1)
11,3: (15163,3341,28013,65535)  #3B0D6DFF  srgba(59,13,109,1)
12,3: (15163,3855,9509,65535)  #3B0F25FF  srgba(59,15,37,1)
13,3: (15163,24929,38293,65535)  #3B6195FF  srgba(59,97,149,1)
14,3: (15420,18761,16705,65535)  #3C4941FF  srgba(60,73,65,1)
15,3: (15420,48573,61680,65535)  #3CBDF0FF  srgba(60,189,240,1)
0,4: (15934,2827,22616,65535)  #3E0B58FF  srgba(62,11,88,1)
1,4: (16191,8224,62194,65535)  #3F20F2FF  srgba(63,32,242,1)
2,4: (16448,7710,56283,65535)  #401EDBFF  srgba(64,30,219,1)
3,4: (16705,12593,36751,65535)  #41318FFF  srgba(65,49,143,1)
4,4: (17219,6425,49858,65535)  #4319C2FF  srgba(67,25,194,1)
5,4: (17219,10023,45232,65535)  #4327B0FF  srgba(67,39,176,1)
6,4: (17219,10023,59367,65535)  #4327E7FF  srgba(67,39,231,1)
7,4: (17476,28013,27756,65535)  #446D6CFF  srgba(68,109,108,1)
8,4: (17733,6939,56283,65535)  #451BDBFF  srgba(69,27,219,1)
9,4: (17990,5654,44718,65535)  #4616AEFF  srgba(70,22,174,1)
10,4: (18761,4369,32382,65535)  #49117EFF  srgba(73,17,126,1)
11,4: (19789,51657,39064,65535)  #4DC998FF  srgba(77,201,152,1)
12,4: (20046,5654,39064,65535)  #4E1698FF  srgba(78,22,152,1)
13,4: (21074,33667,34695,65535)  #528387FF  srgba(82,131,135,1)
14,4: (21331,4626,38293,65535)  #531295FF  srgba(83,18,149,1)
15,4: (21331,39578,59110,65535)  #539AE6FF  srgba(83,154,230,1)
0,5: (21845,3598,24415,65535)  #550E5FFF  srgba(85,14,95,1)
1,5: (22102,27499,26728,65535)  #566B68FF  srgba(86,107,104,1)
2,5: (23387,2827,15934,65535)  #5B0B3EFF  srgba(91,11,62,1)
3,5: (24158,2313,7196,65535)  #5E091CFF  srgba(94,9,28,1)
4,5: (25186,25957,11308,65535)  #62652CFF  srgba(98,101,44,1)
5,5: (25443,3598,23130,65535)  #630E5AFF  srgba(99,14,90,1)
6,5: (25443,4369,26728,65535)  #631168FF  srgba(99,17,104,1)
7,5: (25700,14906,25186,65535)  #643A62FF  srgba(100,58,98,1)
8,5: (25700,49087,38550,65535)  #64BF96FF  srgba(100,191,150,1)
9,5: (26214,45489,59881,65535)  #66B1E9FF  srgba(102,177,233,1)
10,5: (26214,51914,24672,65535)  #66CA60FF  srgba(102,202,96,1)
11,5: (27242,4883,35980,65535)  #6A138CFF  srgba(106,19,140,1)
12,5: (27242,6682,51657,65535)  #6A1AC9FF  srgba(106,26,201,1)
13,5: (27242,11308,17219,65535)  #6A2C43FF  srgba(106,44,67,1)
14,5: (27499,39835,44204,65535)  #6B9BACFF  srgba(107,155,172,1)
15,5: (27499,41120,63736,65535)  #6BA0F8FF  srgba(107,160,248,1)
0,6: (27756,34438,26985,65535)  #6C8669FF  srgba(108,134,105,1)
1,6: (28013,6168,44975,65535)  #6D18AFFF  srgba(109,24,175,1)
2,6: (28527,47545,39835,65535)  #6FB99BFF  srgba(111,185,155,1)
3,6: (29041,5911,39064,65535)  #711798FF  srgba(113,23,152,1)
4,6: (29298,3855,12593,65535)  #720F31FF  srgba(114,15,49,1)
5,6: (29298,46003,48830,65535)  #72B3BEFF  srgba(114,179,190,1)
6,6: (30583,8224,60652,65535)  #7720ECFF  srgba(119,32,236,1)
7,6: (30583,35723,34438,65535)  #778B86FF  srgba(119,139,134,1)
8,6: (31354,5397,26985,65535)  #7A1569FF  srgba(122,21,105,1)
9,6: (31354,21331,37522,65535)  #7A5392FF  srgba(122,83,146,1)
10,6: (31611,2827,2827,65535)  #7B0B0BFF  srgba(123,11,11,1)
11,6: (31611,3084,11822,65535)  #7B0C2EFF  srgba(123,12,46,1)
12,6: (31611,5140,35466,65535)  #7B148AFF  srgba(123,20,138,1)
13,6: (31611,49601,23901,65535)  #7BC15DFF  srgba(123,193,93,1)
14,6: (31868,3598,23901,65535)  #7C0E5DFF  srgba(124,14,93,1)
15,6: (31868,7967,8224,65535)  #7C1F20FF  srgba(124,31,32,1)
0,7: (32125,8995,61423,65535)  #7D23EFFF  srgba(125,35,239,1)
1,7: (32125,40349,62194,65535)  #7D9DF2FF  srgba(125,157,242,1)
2,7: (32125,41377,43690,65535)  #7DA1AAFF  srgba(125,161,170,1)
3,7: (32382,44975,44204,65535)  #7EAFACFF  srgba(126,175,172,1)
4,7: (32382,46260,37008,65535)  #7EB490FF  srgba(126,180,144,1)
5,7: (32896,50886,15420,65535)  #80C63CFF  srgba(128,198,60,1)
6,7: (33667,7710,51143,65535)  #831EC7FF  srgba(131,30,199,1)
7,7: (34438,4626,24415,65535)  #86125FFF  srgba(134,18,95,1)
8,7: (34438,40349,12336,65535)  #869D30FF  srgba(134,157,48,1)
9,7: (34695,6682,51143,65535)  #871AC7FF  srgba(135,26,199,1)
10,7: (34952,14649,61937,65535)  #8839F1FF  srgba(136,57,241,1)
11,7: (35209,6682,38807,65535)  #891A97FF  srgba(137,26,151,1)
12,7: (35209,8738,51143,65535)  #8922C7FF  srgba(137,34,199,1)
13,7: (35209,9766,37779,65535)  #892693FF  srgba(137,38,147,1)
14,7: (35466,6425,44718,65535)  #8A19AEFF  srgba(138,25,174,1)
15,7: (35466,18504,49344,65535)  #8A48C0FF  srgba(138,72,192,1)
0,8: (36751,6168,37008,65535)  #8F1890FF  srgba(143,24,144,1)
1,8: (36751,7453,38293,65535)  #8F1D95FF  srgba(143,29,149,1)
2,8: (36751,43947,45232,65535)  #8FABB0FF  srgba(143,171,176,1)
3,8: (37265,37522,63993,65535)  #9192F9FF  srgba(145,146,249,1)
4,8: (37522,4112,9509,65535)  #921025FF  srgba(146,16,37,1)
5,8: (37522,4883,34952,65535)  #921388FF  srgba(146,19,136,1)
6,8: (37522,47031,23387,65535)  #92B75BFF  srgba(146,183,91,1)
7,8: (37522,48573,15934,65535)  #92BD3EFF  srgba(146,189,62,1)
8,8: (37779,39835,54484,65535)  #939BD4FF  srgba(147,155,212,1)
9,8: (37779,49087,14135,65535)  #93BF37FF  srgba(147,191,55,1)
10,8: (38036,43433,42148,65535)  #94A9A4FF  srgba(148,169,164,1)
11,8: (38036,43690,39321,65535)  #94AA99FF  srgba(148,170,153,1)
12,8: (38550,40863,37779,65535)  #969F93FF  srgba(150,159,147,1)
13,8: (38550,41634,42919,65535)  #96A2A7FF  srgba(150,162,167,1)
14,8: (38550,43176,27242,65535)  #96A86AFF  srgba(150,168,106,1)
15,8: (38550,44204,33667,65535)  #96AC83FF  srgba(150,172,131,1)
0,9: (38550,50372,12079,65535)  #96C42FFF  srgba(150,196,47,1)
1,9: (39064,5911,25186,65535)  #981762FF  srgba(152,23,98,1)
2,9: (39321,47802,15420,65535)  #99BA3CFF  srgba(153,186,60,1)
3,9: (39578,42405,39064,65535)  #9AA598FF  srgba(154,165,152,1)
4,9: (40349,5397,11308,65535)  #9D152CFF  srgba(157,21,44,1)
5,9: (40606,44204,25957,65535)  #9EAC65FF  srgba(158,172,101,1)
6,9: (40863,47802,13878,65535)  #9FBA36FF  srgba(159,186,54,1)
7,9: (41634,41891,40349,65535)  #A2A39DFF  srgba(162,163,157,1)
8,9: (41634,42405,41891,65535)  #A2A5A3FF  srgba(162,165,163,1)
9,9: (41634,44204,25443,65535)  #A2AC63FF  srgba(162,172,99,1)
10,9: (41891,41377,41891,65535)  #A3A1A3FF  srgba(163,161,163,1)
11,9: (41891,41891,36751,65535)  #A3A38FFF  srgba(163,163,143,1)
12,9: (41891,42662,35980,65535)  #A3A68CFF  srgba(163,166,140,1)
13,9: (41891,42919,34695,65535)  #A3A787FF  srgba(163,167,135,1)
14,9: (42148,43690,33410,65535)  #A4AA82FF  srgba(164,170,130,1)
15,9: (42405,36237,60652,65535)  #A58DECFF  srgba(165,141,236,1)
0,10: (42405,40092,46003,65535)  #A59CB3FF  srgba(165,156,179,1)
1,10: (42919,44204,23644,65535)  #A7AC5CFF  srgba(167,172,92,1)
2,10: (42919,44975,19789,65535)  #A7AF4DFF  srgba(167,175,77,1)
3,10: (42919,44975,22873,65535)  #A7AF59FF  srgba(167,175,89,1)
4,10: (43176,43176,26214,65535)  #A8A866FF  srgba(168,168,102,1)
5,10: (43433,46003,16191,65535)  #A9B33FFF  srgba(169,179,63,1)
6,10: (43433,47545,11822,65535)  #A9B92EFF  srgba(169,185,46,1)
7,10: (43690,44975,16191,65535)  #AAAF3FFF  srgba(170,175,63,1)
8,10: (44975,46003,14392,65535)  #AFB338FF  srgba(175,179,56,1)
9,10: (45232,45489,26471,65535)  #B0B167FF  srgba(176,177,103,1)
10,10: (45489,42405,27499,65535)  #B1A56BFF  srgba(177,165,107,1)
11,10: (45489,44718,15163,65535)  #B1AE3BFF  srgba(177,174,59,1)
12,10: (45746,37522,53199,65535)  #B292CFFF  srgba(178,146,207,1)
13,10: (45746,46260,11565,65535)  #B2B42DFF  srgba(178,180,45,1)
14,10: (46003,39835,40606,65535)  #B39B9EFF  srgba(179,155,158,1)
15,10: (46003,47031,11308,65535)  #B3B72CFF  srgba(179,183,44,1)
0,11: (46003,48059,11051,65535)  #B3BB2BFF  srgba(179,187,43,1)
1,11: (46260,43947,16962,65535)  #B4AB42FF  srgba(180,171,66,1)
2,11: (46260,48316,11822,65535)  #B4BC2EFF  srgba(180,188,46,1)
3,11: (46517,47031,14135,65535)  #B5B737FF  srgba(181,183,55,1)
4,11: (48059,5654,6939,65535)  #BB161BFF  srgba(187,22,27,1)
5,11: (48059,44718,11308,65535)  #BBAE2CFF  srgba(187,174,44,1)
6,11: (48316,6682,17990,65535)  #BC1A46FF  srgba(188,26,70,1)
7,11: (48316,41120,31868,65535)  #BCA07CFF  srgba(188,160,124,1)
8,11: (48316,42662,24158,65535)  #BCA65EFF  srgba(188,166,94,1)
9,11: (48573,48573,11565,65535)  #BDBD2DFF  srgba(189,189,45,1)
10,11: (48830,6939,29298,65535)  #BE1B72FF  srgba(190,27,114,1)
11,11: (48830,34952,57825,65535)  #BE88E1FF  srgba(190,136,225,1)
12,11: (49344,6682,38293,65535)  #C01A95FF  srgba(192,26,149,1)
13,11: (49601,6682,48059,65535)  #C11ABBFF  srgba(193,26,187,1)
14,11: (49601,36494,51400,65535)  #C18EC8FF  srgba(193,142,200,1)
15,11: (50115,42148,16962,65535)  #C3A442FF  srgba(195,164,66,1)
0,12: (50115,48059,13364,65535)  #C3BB34FF  srgba(195,187,52,1)
1,12: (50629,32639,62965,65535)  #C57FF5FF  srgba(197,127,245,1)
2,12: (51143,28270,62451,65535)  #C76EF3FF  srgba(199,110,243,1)
3,12: (51400,12079,49344,65535)  #C82FC0FF  srgba(200,47,192,1)
4,12: (51400,12336,60138,65535)  #C830EAFF  srgba(200,48,234,1)
5,12: (51914,37008,40349,65535)  #CA909DFF  srgba(202,144,157,1)
6,12: (51914,48059,11565,65535)  #CABB2DFF  srgba(202,187,45,1)
7,12: (52685,33153,54998,65535)  #CD81D6FF  srgba(205,129,214,1)
8,12: (52685,41120,24158,65535)  #CDA05EFF  srgba(205,160,94,1)
9,12: (52685,46260,11051,65535)  #CDB42BFF  srgba(205,180,43,1)
10,12: (53199,34695,52428,65535)  #CF87CCFF  srgba(207,135,204,1)
11,12: (53456,38807,26471,65535)  #D09767FF  srgba(208,151,103,1)
12,12: (53456,43690,11051,65535)  #D0AA2BFF  srgba(208,170,43,1)
13,12: (54484,47031,11308,65535)  #D4B72CFF  srgba(212,183,44,1)
14,12: (54741,37008,29555,65535)  #D59073FF  srgba(213,144,115,1)
15,12: (55255,40606,16191,65535)  #D79E3FFF  srgba(215,158,63,1)
0,13: (56026,34181,41891,65535)  #DA85A3FF  srgba(218,133,163,1)
1,13: (56797,29041,61680,65535)  #DD71F0FF  srgba(221,113,240,1)
2,13: (56797,32125,56797,65535)  #DD7DDDFF  srgba(221,125,221,1)
3,13: (56797,46003,11308,65535)  #DDB32CFF  srgba(221,179,44,1)
4,13: (57825,32382,49087,65535)  #E17EBFFF  srgba(225,126,191,1)
5,13: (58082,30069,51400,65535)  #E275C8FF  srgba(226,117,200,1)
6,13: (59110,35466,28784,65535)  #E68A70FF  srgba(230,138,112,1)
7,13: (59367,42405,11051,65535)  #E7A52BFF  srgba(231,165,43,1)
8,13: (59881,28527,60652,65535)  #E96FECFF  srgba(233,111,236,1)
9,13: (60138,13878,59881,65535)  #EA36E9FF  srgba(234,54,233,1)
10,13: (61166,19018,38550,65535)  #EE4A96FF  srgba(238,74,150,1)
11,13: (61423,38807,15163,65535)  #EF973BFF  srgba(239,151,59,1)
12,13: (61680,32639,39835,65535)  #F07F9BFF  srgba(240,127,155,1)
13,13: (62194,29812,49344,65535)  #F274C0FF  srgba(242,116,192,1)
14,13: (62451,22359,22359,65535)  #F35757FF  srgba(243,87,87,1)
15,13: (62965,15163,61166,65535)  #F53BEEFF  srgba(245,59,238,1)
0,14: (62965,15934,51400,65535)  #F53EC8FF  srgba(245,62,200,1)
1,14: (63222,28270,60138,65535)  #F66EEAFF  srgba(246,110,234,1)
2,14: (63479,30069,22102,65535)  #F77556FF  srgba(247,117,86,1)
3,14: (63479,33153,31354,65535)  #F7817AFF  srgba(247,129,122,1)
4,14: (63736,22616,31097,65535)  #F85879FF  srgba(248,88,121,1)
5,14: (63736,23644,61423,65535)  #F85CEFFF  srgba(248,92,239,1)
6,14: (63736,37522,10537,65535)  #F89229FF  srgba(248,146,41,1)
7,14: (63993,23901,48830,65535)  #F95DBEFF  srgba(249,93,190,1)
8,14: (63993,28527,48573,65535)  #F96FBDFF  srgba(249,111,189,1)
9,14: (63993,28784,10280,65535)  #F97028FF  srgba(249,112,40,1)
10,14: (63993,29812,37265,65535)  #F97491FF  srgba(249,116,145,1)
11,14: (63993,33667,23901,65535)  #F9835DFF  srgba(249,131,93,1)
12,14: (64250,16705,62451,65535)  #FA41F3FF  srgba(250,65,243,1)
13,14: (64507,21074,50372,65535)  #FB52C4FF  srgba(251,82,196,1)
14,14: (64507,34181,15934,65535)  #FB853EFF  srgba(251,133,62,1)
15,14: (64764,24158,38807,65535)  #FC5E97FF  srgba(252,94,151,1)
0,15: (64764,26471,30069,65535)  #FC6775FF  srgba(252,103,117,1)
1,15: (64764,26728,20046,65535)  #FC684EFF  srgba(252,104,78,1)
2,15: (64764,26728,38550,65535)  #FC6896FF  srgba(252,104,150,1)
3,15: (64764,33410,10280,65535)  #FC8228FF  srgba(252,130,40,1)
4,15: (65021,16962,62708,65535)  #FD42F4FF  srgba(253,66,244,1)
5,15: (65021,30069,21845,65535)  #FD7555FF  srgba(253,117,85,1)
6,15: (65278,16962,63222,65535)  #FE42F6FF  srgba(254,66,246,1)
7,15: (65278,21845,61680,65535)  #FE55F0FF  srgba(254,85,240,1)
8,15: (65278,24158,49087,65535)  #FE5EBFFF  srgba(254,94,191,1)
9,15: (65278,25957,60395,65535)  #FE65EBFF  srgba(254,101,235,1)
10,15: (65278,27499,51400,65535)  #FE6BC8FF  srgba(254,107,200,1)
11,15: (65278,28013,44975,65535)  #FE6DAFFF  srgba(254,109,175,1)
12,15: (65278,29555,36751,65535)  #FE738FFF  srgba(254,115,143,1)
13,15: (65535,29812,26985,65535)  #FF7469FF  srgba(255,116,105,1)
14,15: (65535,30069,17733,65535)  #FF7545FF  srgba(255,117,69,1)
15,15: (0,65535,0,0)  #00FF0000  srgba(0,255,0,0)
