# ImageMagick pixel enumeration: 16,16,65535,srgba
0,0: (0,0,0,65535)  #000000FF  black
1,0: (0,0,514,65535)  #000002FF  srgba(0,0,2,1)
2,0: (0,514,1799,65535)  #000207FF  srgba(0,2,7,1)
3,0: (0,1542,12593,65535)  #000631FF  srgba(0,6,49,1)
4,0: (0,1799,19532,65535)  #00074CFF  srgba(0,7,76,1)
5,0: (0,3341,25957,65535)  #000D65FF  srgba(0,13,101,1)
6,0: (0,3598,30583,65535)  #000E77FF  srgba(0,14,119,1)
7,0: (0,4112,33924,65535)  #001084FF  srgba(0,16,132,1)
8,0: (0,4369,37008,65535)  #001190FF  srgba(0,17,144,1)
9,0: (0,4626,38036,65535)  #001294FF  srgba(0,18,148,1)
10,0: (0,4626,40092,65535)  #00129CFF  srgba(0,18,156,1)
11,0: (0,4626,42148,65535)  #0012A4FF  srgba(0,18,164,1)
12,0: (0,4883,39321,65535)  #001399FF  srgba(0,19,153,1)
13,0: (0,5140,42919,65535)  #0014A7FF  srgba(0,20,167,1)
14,0: (0,5397,39064,65535)  #001598FF  srgba(0,21,152,1)
15,0: (0,6682,31097,65535)  #001A79FF  srgba(0,26,121,1)
0,1: (0,6939,3341,65535)  #001B0DFF  srgba(0,27,13,1)
1,1: (0,6939,18761,65535)  #001B49FF  srgba(0,27,73,1)
2,1: (0,6939,24672,65535)  #001B60FF  srgba(0,27,96,1)
3,1: (0,6939,35723,65535)  #001B8BFF  srgba(0,27,139,1)
4,1: (0,7196,12079,65535)  #001C2FFF  srgba(0,28,47,1)
5,1: (0,11308,34438,65535)  #002C86FF  srgba(0,44,134,1)
6,1: (0,11822,24672,65535)  #002E60FF  srgba(0,46,96,1)
7,1: (0,11822,31868,65535)  #002E7CFF  srgba(0,46,124,1)
8,1: (0,12336,36237,65535)  #00308DFF  srgba(0,48,141,1)
9,1: (0,13107,17990,65535)  #003346FF  srgba(0,51,70,1)
10,1: (0,13364,5397,65535)  #003415FF  srgba(0,52,21,1)
11,1: (0,14135,13364,65535)  #003734FF  srgba(0,55,52,1)
12,1: (0,15420,34695,65535)  #003C87FF  srgba(0,60,135,1)
13,1: (0,17476,31354,65535)  #00447AFF  srgba(0,68,122,1)
14,1: (0,18504,25186,65535)  #004862FF  srgba(0,72,98,1)
15,1: (0,20817,17476,65535)  #005144FF  srgba(0,81,68,1)
0,2: (0,22102,13107,65535)  #005633FF  srgba(0,86,51,1)
1,2: (0,22616,6939,65535)  #00581BFF  srgba(0,88,27,1)
2,2: (0,22616,29812,65535)  #005874FF  srgba(0,88,116,1)
3,2: (0,22873,33410,65535)  #005982FF  srgba(0,89,130,1)
4,2: (0,23130,31097,65535)  #005A79FF  srgba(0,90,121,1)
5,2: (0,24929,24929,65535)  #006161FF  srgba(0,97,97,1)
6,2: (0,25957,27756,65535)  #00656CFF  srgba(0,101,108,1)
7,2: (0,26471,30069,65535)  #006775FF  srgba(0,103,117,1)
8,2: (0,29555,26728,65535)  #007368FF  srgba(0,115,104,1)
9,2: (0,29555,30069,65535)  #007375FF  srgba(0,115,117,1)
10,2: (0,30583,22873,65535)  #007759FF  srgba(0,119,89,1)
11,2: (0,31611,8481,65535)  #007B21FF  srgba(0,123,33,1)
12,2: (0,31868,14392,65535)  #007C38FF  srgba(0,124,56,1)
13,2: (0,36237,17476,65535)  #008D44FF  srgba(0,141,68,1)
14,2: (0,37008,12079,65535)  #00902FFF  srgba(0,144,47,1)
15,2: (0,37265,9252,65535)  #009124FF  srgba(0,145,36,1)
0,3: (0,40092,13107,65535)  #009C33FF  srgba(0,156,51,1)
1,3: (0,42919,9509,65535)  #00A725FF  srgba(0,167,37,1)
2,3: (0,49087,10280,65535)  #00BF28FF  srgba(0,191,40,1)
3,3: (0,49858,11822,65535)  #00C22EFF  srgba(0,194,46,1)
4,3: (514,4369,36494,65535)  #02118EFF  srgba(2,17,142,1)
5,3: (514,4626,39578,65535)  #02129AFF  srgba(2,18,154,1)
6,3: (514,7196,33667,65535)  #021C83FF  srgba(2,28,131,1)
7,3: (514,8224,36751,65535)  #02208FFF  srgba(2,32,143,1)
8,3: (514,12593,33410,65535)  #023182FF  srgba(2,49,130,1)
9,3: (514,20303,31868,65535)  #024F7CFF  srgba(2,79,124,1)
10,3: (514,26728,26214,65535)  #026866FF  srgba(2,104,102,1)
11,3: (771,3855,33153,65535)  #030F81FF  srgba(3,15,129,1)
12,3: (771,20303,29041,65535)  #034F71FF  srgba(3,79,113,1)
13,3: (771,37008,13107,65535)  #039033FF  srgba(3,144,51,1)
14,3: (771,39835,13107,65535)  #039B33FF  srgba(3,155,51,1)
15,3: (771,48059,11822,65535)  #03BB2EFF  srgba(3,187,46,1)
0,4: (1028,3598,30583,65535)  #040E77FF  srgba(4,14,119,1)
1,4: (1028,4369,37522,65535)  #041192FF  srgba(4,17,146,1)
2,4: (1028,19532,23387,65535)  #044C5BFF  srgba(4,76,91,1)
3,4: (1285,6682,28013,65535)  #051A6DFF  srgba(5,26,109,1)
4,4: (1285,11822,27756,65535)  #052E6CFF  srgba(5,46,108,1)
5,4: (1285,12336,22359,65535)  #053057FF  srgba(5,48,87,1)
6,4: (1285,27499,29812,65535)  #056B74FF  srgba(5,107,116,1)
7,4: (1542,514,1542,65535)  #060206FF  srgba(6,2,6,1)
8,4: (1542,2827,23387,65535)  #060B5BFF  srgba(6,11,91,1)
9,4: (1542,18247,16962,65535)  #064742FF  srgba(6,71,66,1)
10,4: (1542,29041,31868,65535)  #06717CFF  srgba(6,113,124,1)
11,4: (1542,29812,25957,65535)  #067465FF  srgba(6,116,101,1)
12,4: (1542,32639,14906,65535)  #067F3AFF  srgba(6,127,58,1)
13,4: (1799,6425,22616,65535)  #071958FF  srgba(7,25,88,1)
14,4: (1799,7453,42405,65535)  #071DA5FF  srgba(7,29,165,1)
15,4: (1799,7967,38807,65535)  #071F97FF  srgba(7,31,151,1)
0,5: (1799,9252,33153,65535)  #072481FF  srgba(7,36,129,1)
1,5: (1799,25957,15163,65535)  #07653BFF  srgba(7,101,59,1)
2,5: (2056,0,0,65535)  #080000FF  srgba(8,0,0,1)
3,5: (2056,4369,37008,65535)  #081190FF  srgba(8,17,144,1)
4,5: (2056,47288,12850,65535)  #08B832FF  srgba(8,184,50,1)
5,5: (2313,19532,35209,65535)  #094C89FF  srgba(9,76,137,1)
6,5: (2313,24929,34438,65535)  #096186FF  srgba(9,97,134,1)
7,5: (2313,26214,24415,65535)  #09665FFF  srgba(9,102,95,1)
8,5: (2570,3084,26985,65535)  #0A0C69FF  srgba(10,12,105,1)
9,5: (2570,7453,16705,65535)  #0A1D41FF  srgba(10,29,65,1)
10,5: (2570,11822,16448,65535)  #0A2E40FF  srgba(10,46,64,1)
11,5: (2827,20046,32382,65535)  #0B4E7EFF  srgba(11,78,126,1)
12,5: (2827,39835,8738,65535)  #0B9B22FF  srgba(11,155,34,1)
13,5: (3084,2313,7710,65535)  #0C091EFF  srgba(12,9,30,1)
14,5: (3084,9252,36751,65535)  #0C248FFF  srgba(12,36,143,1)
15,5: (3341,19532,24672,65535)  #0D4C60FF  srgba(13,76,96,1)
0,6: (3341,31868,24158,65535)  #0D7C5EFF  srgba(13,124,94,1)
1,6: (3598,28013,35980,65535)  #0E6D8CFF  srgba(14,109,140,1)
2,6: (3855,3598,31354,65535)  #0F0E7AFF  srgba(15,14,122,1)
3,6: (3855,16962,11051,65535)  #0F422BFF  srgba(15,66,43,1)
4,6: (3855,19789,39321,65535)  #0F4D99FF  srgba(15,77,153,1)
5,6: (4369,2570,23130,65535)  #110A5AFF  srgba(17,10,90,1)
6,6: (4369,7710,3598,65535)  #111E0EFF  srgba(17,30,14,1)
7,6: (4369,8738,10794,65535)  #11222AFF  srgba(17,34,42,1)
8,6: (4369,16962,4883,65535)  #114213FF  srgba(17,66,19,1)
9,6: (4369,37008,22616,65535)  #119058FF  srgba(17,144,88,1)
10,6: (4626,2313,19275,65535)  #12094BFF  srgba(18,9,75,1)
11,6: (4626,5911,24415,65535)  #12175FFF  srgba(18,23,95,1)
12,6: (4883,1799,14906,65535)  #13073AFF  srgba(19,7,58,1)
13,6: (4883,4112,35980,65535)  #13108CFF  srgba(19,16,140,1)
14,6: (4883,9252,33153,65535)  #132481FF  srgba(19,36,129,1)
15,6: (4883,11308,24415,65535)  #132C5FFF  srgba(19,44,95,1)
0,7: (5654,32382,7453,65535)  #167E1DFF  srgba(22,126,29,1)
1,7: (5911,25957,6682,65535)  #17651AFF  srgba(23,101,26,1)
2,7: (5911,37008,12850,65535)  #179032FF  srgba(23,144,50,1)
3,7: (6425,17476,16448,65535)  #194440FF  srgba(25,68,64,1)
4,7: (6425,30840,14135,65535)  #197837FF  srgba(25,120,55,1)
5,7: (6682,40092,13107,65535)  #1A9C33FF  srgba(26,156,51,1)
6,7: (6682,46260,13621,65535)  #1AB435FF  srgba(26,180,53,1)
7,7: (6939,24672,14135,65535)  #1B6037FF  srgba(27,96,55,1)
8,7: (7196,37008,7710,65535)  #1C901EFF  srgba(28,144,30,1)
9,7: (7453,9766,16191,65535)  #1D263FFF  srgba(29,38,63,1)
10,7: (7453,19789,24158,65535)  #1D4D5EFF  srgba(29,77,94,1)
11,7: (7710,3598,31097,65535)  #1E0E79FF  srgba(30,14,121,1)
12,7: (8224,2570,22873,65535)  #200A59FF  srgba(32,10,89,1)
13,7: (8224,3084,26471,65535)  #200C67FF  srgba(32,12,103,1)
14,7: (8995,1542,8738,65535)  #230622FF  srgba(35,6,34,1)
15,7: (9252,1028,1542,65535)  #240406FF  srgba(36,4,6,1)
0,8: (10794,26214,24672,65535)  #2A6660FF  srgba(42,102,96,1)
1,8: (11308,11051,23901,65535)  #2C2B5DFF  srgba(44,43,93,1)
2,8: (11822,6682,32639,65535)  #2E1A7FFF  srgba(46,26,127,1)
3,8: (12079,39064,8738,65535)  #2F9822FF  srgba(47,152,34,1)
4,8: (12336,3598,30583,65535)  #300E77FF  srgba(48,14,119,1)
5,8: (12336,5911,25443,65535)  #301763FF  srgba(48,23,99,1)
6,8: (12336,8481,9766,65535)  #302126FF  srgba(48,33,38,1)
7,8: (12593,7967,1542,65535)  #311F06FF  srgba(49,31,6,1)
8,8: (12593,17990,16448,65535)  #314640FF  srgba(49,70,64,1)
9,8: (12850,17219,10537,65535)  #324329FF  srgba(50,67,41,1)
10,8: (12850,20046,23387,65535)  #324E5BFF  srgba(50,78,91,1)
11,8: (13107,17219,4112,65535)  #334310FF  srgba(51,67,16,1)
12,8: (13364,1799,14649,65535)  #340739FF  srgba(52,7,57,1)
13,8: (13364,2313,18761,65535)  #340949FF  srgba(52,9,73,1)
14,8: (13364,8995,16448,65535)  #342340FF  srgba(52,35,64,1)
15,8: (13878,3341,26214,65535)  #360D66FF  srgba(54,13,102,1)
0,9: (13878,24415,13621,65535)  #365F35FF  srgba(54,95,53,1)
1,9: (14135,2827,22616,65535)  #370B58FF  srgba(55,11,88,1)
2,9: (14135,30326,12850,65535)  #377632FF  srgba(55,118,50,1)
3,9: (14392,26471,6682,65535)  #38671AFF  srgba(56,103,26,1)
4,9: (14392,37008,10280,65535)  #389028FF  srgba(56,144,40,1)
5,9: (14649,1799,2056,65535)  #390708FF  srgba(57,7,8,1)
6,9: (14906,1542,8995,65535)  #3A0623FF  srgba(58,6,35,1)
7,9: (14906,32382,7453,65535)  #3A7E1DFF  srgba(58,126,29,1)
8,9: (15163,36494,7967,65535)  #3B8E1FFF  srgba(59,142,31,1)
9,9: (19789,3855,26214,65535)  #4D0F66FF  srgba(77,15,102,1)
10,9: (20046,2570,15677,65535)  #4E0A3DFF  srgba(78,10,61,1)
11,9: (20560,34952,10023,65535)  #508827FF  srgba(80,136,39,1)
12,9: (20817,35466,7710,65535)  #518A1EFF  srgba(81,138,30,1)
13,9: (21074,2313,8738,65535)  #520922FF  srgba(82,9,34,1)
14,9: (21074,3341,20817,65535)  #520D51FF  srgba(82,13,81,1)
15,9: (21074,17476,17733,65535)  #524445FF  srgba(82,68,69,1)
0,10: (21331,2570,2056,65535)  #530A08FF  srgba(83,10,8,1)
1,10: (21588,8481,17990,65535)  #542146FF  srgba(84,33,70,1)
2,10: (21588,8481,25957,65535)  #542165FF  srgba(84,33,101,1)
3,10: (21588,10794,22359,65535)  #542A57FF  srgba(84,42,87,1)
4,10: (21588,31868,7196,65535)  #547C1CFF  srgba(84,124,28,1)
5,10: (21845,24929,12850,65535)  #556132FF  srgba(85,97,50,1)
6,10: (21845,35980,8738,65535)  #558C22FF  srgba(85,140,34,1)
7,10: (22102,7710,2570,65535)  #561E0AFF  srgba(86,30,10,1)
8,10: (22102,14392,3598,65535)  #56380EFF  srgba(86,56,14,1)
9,10: (22102,17990,11822,65535)  #56462EFF  srgba(86,70,46,1)
10,10: (22102,22616,5397,65535)  #565815FF  srgba(86,88,21,1)
11,10: (22359,8995,11822,65535)  #57232EFF  srgba(87,35,46,1)
12,10: (22359,27756,6425,65535)  #576C19FF  srgba(87,108,25,1)
13,10: (22873,26471,10280,65535)  #596728FF  srgba(89,103,40,1)
14,10: (22873,30583,8738,65535)  #597722FF  srgba(89,119,34,1)
15,10: (24158,30326,23387,65535)  #5E765BFF  srgba(94,118,91,1)
0,11: (24415,29812,19018,65535)  #5F744AFF  srgba(95,116,74,1)
1,11: (24929,3084,15677,65535)  #610C3DFF  srgba(97,12,61,1)
2,11: (25443,7710,31097,65535)  #631E79FF  srgba(99,30,121,1)
3,11: (25957,24672,15934,65535)  #65603EFF  srgba(101,96,62,1)
4,11: (26471,4369,26985,65535)  #671169FF  srgba(103,17,105,1)
5,11: (26985,3084,2570,65535)  #690C0AFF  srgba(105,12,10,1)
6,11: (26985,3084,8738,65535)  #690C22FF  srgba(105,12,34,1)
7,11: (26985,3855,20817,65535)  #690F51FF  srgba(105,15,81,1)
8,11: (26985,31354,12850,65535)  #697A32FF  srgba(105,122,50,1)
9,11: (27242,4112,23901,65535)  #6A105DFF  srgba(106,16,93,1)
10,11: (27242,31097,16191,65535)  #6A793FFF  srgba(106,121,63,1)
11,11: (27242,33153,7710,65535)  #6A811EFF  srgba(106,129,30,1)
12,11: (28013,32639,10280,65535)  #6D7F28FF  srgba(109,127,40,1)
13,11: (28784,30583,7196,65535)  #70771CFF  srgba(112,119,28,1)
14,11: (29298,3598,15420,65535)  #720E3CFF  srgba(114,14,60,1)
15,11: (29812,13878,4112,65535)  #743610FF  srgba(116,54,16,1)
0,12: (29812,23644,6168,65535)  #745C18FF  srgba(116,92,24,1)
1,12: (30069,7196,2827,65535)  #751C0BFF  srgba(117,28,11,1)
2,12: (30069,28270,6682,65535)  #756E1AFF  srgba(117,110,26,1)
3,12: (30840,29555,8738,65535)  #787322FF  srgba(120,115,34,1)
4,12: (31354,3341,2827,65535)  #7A0D0BFF  srgba(122,13,11,1)
5,12: (31354,12850,17733,65535)  #7A3245FF  srgba(122,50,69,1)
6,12: (32125,7710,25957,65535)  #7D1E65FF  srgba(125,30,101,1)
7,12: (32382,4112,20560,65535)  #7E1050FF  srgba(126,16,80,1)
8,12: (32382,8224,22359,65535)  #7E2057FF  srgba(126,32,87,1)
9,12: (32896,3598,10537,65535)  #800E29FF  srgba(128,14,41,1)
10,12: (32896,6168,17990,65535)  #801846FF  srgba(128,24,70,1)
11,12: (33153,3598,6939,65535)  #810E1BFF  srgba(129,14,27,1)
12,12: (33153,14135,11308,65535)  #81372CFF  srgba(129,55,44,1)
13,12: (33153,20046,11051,65535)  #814E2BFF  srgba(129,78,43,1)
14,12: (33153,26471,10280,65535)  #816728FF  srgba(129,103,40,1)
15,12: (33410,25186,12850,65535)  #826232FF  srgba(130,98,50,1)
0,13: (33667,4112,15163,65535)  #83103BFF  srgba(131,16,59,1)
1,13: (33667,7453,11822,65535)  #831D2EFF  srgba(131,29,46,1)
2,13: (34695,3855,3341,65535)  #870F0DFF  srgba(135,15,13,1)
3,13: (35466,16448,5397,65535)  #8A4015FF  srgba(138,64,21,1)
4,13: (35980,26985,7196,65535)  #8C691CFF  srgba(140,105,28,1)
5,13: (37265,8481,4369,65535)  #912111FF  srgba(145,33,17,1)
6,13: (38550,4369,14649,65535)  #961139FF  srgba(150,17,57,1)
7,13: (38550,4626,19275,65535)  #96124BFF  srgba(150,18,75,1)
8,13: (38807,4112,3598,65535)  #97100EFF  srgba(151,16,14,1)
9,13: (38807,4369,7967,65535)  #97111FFF  srgba(151,17,31,1)
10,13: (38807,4369,11308,65535)  #97112CFF  srgba(151,17,44,1)
11,13: (39578,4369,5140,65535)  #9A1114FF  srgba(154,17,20,1)
12,13: (41120,5911,5140,65535)  #A01714FF  srgba(160,23,20,1)
13,13: (41891,15677,6168,65535)  #A33D18FF  srgba(163,61,24,1)
14,13: (42662,23901,12079,65535)  #A65D2FFF  srgba(166,93,47,1)
15,13: (42919,4626,7967,65535)  #A7121FFF  srgba(167,18,31,1)
0,14: (42919,19018,9509,65535)  #A74A25FF  srgba(167,74,37,1)
1,14: (43176,4626,5140,65535)  #A81214FF  srgba(168,18,20,1)
2,14: (43176,4626,15677,65535)  #A8123DFF  srgba(168,18,61,1)
3,14: (43176,24672,15677,65535)  #A8603DFF  srgba(168,96,61,1)
4,14: (43433,4626,11051,65535)  #A9122BFF  srgba(169,18,43,1)
5,14: (44204,13621,17476,65535)  #AC3544FF  srgba(172,53,68,1)
6,14: (44461,14906,12079,65535)  #AD3A2FFF  srgba(173,58,47,1)
7,14: (45489,5911,17476,65535)  #B11744FF  srgba(177,23,68,1)
8,14: (45489,6682,18761,65535)  #B11A49FF  srgba(177,26,73,1)
9,14: (46774,5140,7710,65535)  #B6141EFF  srgba(182,20,30,1)
10,14: (46774,7710,19789,65535)  #B61E4DFF  srgba(182,30,77,1)
11,14: (47288,5911,12336,65535)  #B81730FF  srgba(184,23,48,1)
12,14: (47545,5140,5397,65535)  #B91415FF  srgba(185,20,21,1)
13,14: (47545,5911,6425,65535)  #B91719FF  srgba(185,23,25,1)
14,14: (47545,6682,12850,65535)  #B91A32FF  srgba(185,26,50,1)
15,14: (48316,5911,9509,65535)  #BC1725FF  srgba(188,23,37,1)
0,15: (48316,7710,6168,65535)  #BC1E18FF  srgba(188,30,24,1)
1,15: (48573,5140,14906,65535)  #BD143AFF  srgba(189,20,58,1)
2,15: (48573,7453,9509,65535)  #BD1D25FF  srgba(189,29,37,1)
3,15: (49087,7453,13107,65535)  #BF1D33FF  srgba(191,29,51,1)
4,15: (49601,5140,11051,65535)  #C1142BFF  srgba(193,20,43,1)
5,15: (50629,5397,7710,65535)  #C5151EFF  srgba(197,21,30,1)
6,15: (50886,5911,6939,65535)  #C6171BFF  srgba(198,23,27,1)
7,15: (52171,6425,9766,65535)  #CB1926FF  srgba(203,25,38,1)
8,15: (53199,6168,9509,65535)  #CF1825FF  srgba(207,24,37,1)
9,15: (53970,6168,12593,65535)  #D21831FF  srgba(210,24,49,1)
10,15: (53970,6682,13107,65535)  #D21A33FF  srgba(210,26,51,1)
11,15: (55255,6168,9509,65535)  #D71825FF  srgba(215,24,37,1)
12,15: (56026,6168,7196,65535)  #DA181CFF  srgba(218,24,28,1)
13,15: (56026,6682,9252,65535)  #DA1A24FF  srgba(218,26,36,1)
14,15: (56797,6939,6682,65535)  #DD1B1AFF  srgba(221,27,26,1)
15,15: (0,65535,0,0)  #00FF0000  srgba(0,255,0,0)
