# ImageMagick pixel enumeration: 16,16,65535,srgba
0,0: (0,0,1028,65535)  #000004FF  srgba(0,0,4,1)
1,0: (0,0,1542,65535)  #000006FF  srgba(0,0,6,1)
2,0: (0,0,2827,65535)  #00000BFF  srgba(0,0,11,1)
3,0: (0,0,6682,65535)  #00001AFF  srgba(0,0,26,1)
4,0: (0,257,6939,65535)  #00011BFF  srgba(0,1,27,1)
5,0: (0,771,8481,65535)  #000321FF  srgba(0,3,33,1)
6,0: (0,17990,36494,65535)  #00468EFF  srgba(0,70,142,1)
7,0: (257,0,2570,65535)  #01000AFF  srgba(1,0,10,1)
8,0: (257,0,4369,65535)  #010011FF  srgba(1,0,17,1)
9,0: (257,771,3598,65535)  #01030EFF  srgba(1,3,14,1)
10,0: (257,1028,11308,65535)  #01042CFF  srgba(1,4,44,1)
11,0: (257,1799,14906,65535)  #01073AFF  srgba(1,7,58,1)
12,0: (257,2313,8738,65535)  #010922FF  srgba(1,9,34,1)
13,0: (257,4112,13364,65535)  #011034FF  srgba(1,16,52,1)
14,0: (257,4369,17476,65535)  #011144FF  srgba(1,17,68,1)
15,0: (257,4626,21074,65535)  #011252FF  srgba(1,18,82,1)
0,1: (257,7196,21845,65535)  #011C55FF  srgba(1,28,85,1)
1,1: (514,2570,3341,65535)  #020A0DFF  srgba(2,10,13,1)
2,1: (514,8995,22359,65535)  #022357FF  srgba(2,35,87,1)
3,1: (514,9252,26471,65535)  #022467FF  srgba(2,36,103,1)
4,1: (514,12336,29298,65535)  #023072FF  srgba(2,48,114,1)
5,1: (771,0,1799,65535)  #030007FF  srgba(3,0,7,1)
6,1: (771,12336,26985,65535)  #033069FF  srgba(3,48,105,1)
7,1: (771,13107,32125,65535)  #03337DFF  srgba(3,51,125,1)
8,1: (771,15677,32639,65535)  #033D7FFF  srgba(3,61,127,1)
9,1: (1028,0,1028,65535)  #040004FF  srgba(4,0,4,1)
10,1: (1028,5140,5140,65535)  #041414FF  srgba(4,20,20,1)
11,1: (1028,6939,13621,65535)  #041B35FF  srgba(4,27,53,1)
12,1: (1028,8481,17733,65535)  #042145FF  srgba(4,33,69,1)
13,1: (1285,11822,22616,65535)  #052E58FF  srgba(5,46,88,1)
14,1: (1285,15677,29298,65535)  #053D72FF  srgba(5,61,114,1)
15,1: (1285,17990,33153,65535)  #054681FF  srgba(5,70,129,1)
0,2: (1542,21588,41377,65535)  #0654A1FF  srgba(6,84,161,1)
1,2: (1799,15677,24929,65535)  #073D61FF  srgba(7,61,97,1)
2,2: (1799,17990,29555,65535)  #074673FF  srgba(7,70,115,1)
3,2: (1799,20817,37779,65535)  #075193FF  srgba(7,81,147,1)
4,2: (2056,11051,13364,65535)  #082B34FF  srgba(8,43,52,1)
5,2: (2056,18247,36751,65535)  #08478FFF  srgba(8,71,143,1)
6,2: (2313,9509,6425,65535)  #092519FF  srgba(9,37,25,1)
7,2: (2313,21331,33153,65535)  #095381FF  srgba(9,83,129,1)
8,2: (2313,24929,41891,65535)  #0961A3FF  srgba(9,97,163,1)
9,2: (2313,25186,44204,65535)  #0962ACFF  srgba(9,98,172,1)
10,2: (2313,26214,47288,65535)  #0966B8FF  srgba(9,102,184,1)
11,2: (2570,23901,38036,65535)  #0A5D94FF  srgba(10,93,148,1)
12,2: (2827,15677,17733,65535)  #0B3D45FF  srgba(11,61,69,1)
13,2: (2827,17990,22359,65535)  #0B4657FF  srgba(11,70,87,1)
14,2: (2827,19789,26214,65535)  #0B4D66FF  srgba(11,77,102,1)
15,2: (2827,30326,51657,65535)  #0B76C9FF  srgba(11,118,201,1)
0,3: (3084,29298,46517,65535)  #0C72B5FF  srgba(12,114,181,1)
1,3: (3341,22616,27499,65535)  #0D586BFF  srgba(13,88,107,1)
2,3: (3341,32639,52428,65535)  #0D7FCCFF  srgba(13,127,204,1)
3,3: (3341,35980,58853,65535)  #0D8CE5FF  srgba(13,140,229,1)
4,3: (3598,35466,53713,65535)  #0E8AD1FF  srgba(14,138,209,1)
5,3: (4112,41120,62451,65535)  #10A0F3FF  srgba(16,160,243,1)
6,3: (7967,35466,56283,65535)  #1F8ADBFF  srgba(31,138,219,1)
7,3: (8224,31868,49858,65535)  #207CC2FF  srgba(32,124,194,1)
8,3: (8481,9766,21331,65535)  #212653FF  srgba(33,38,83,1)
9,3: (8481,20560,38807,65535)  #215097FF  srgba(33,80,151,1)
10,3: (8481,24415,42919,65535)  #215FA7FF  srgba(33,95,167,1)
11,3: (8481,28013,47031,65535)  #216DB7FF  srgba(33,109,183,1)
12,3: (8738,8481,11822,65535)  #22212EFF  srgba(34,33,46,1)
13,3: (8738,19018,32125,65535)  #224A7DFF  srgba(34,74,125,1)
14,3: (8738,37522,58596,65535)  #2292E4FF  srgba(34,146,228,1)
15,3: (8995,5397,3598,65535)  #23150EFF  srgba(35,21,14,1)
0,4: (8995,17733,25443,65535)  #234563FF  srgba(35,69,99,1)
1,4: (9252,24415,34952,65535)  #245F88FF  srgba(36,95,136,1)
2,4: (9252,27756,41891,65535)  #246CA3FF  srgba(36,108,163,1)
3,4: (9509,0,0,65535)  #250000FF  srgba(37,0,0,1)
4,4: (9509,17219,12593,65535)  #254331FF  srgba(37,67,49,1)
5,4: (9766,0,1285,65535)  #260005FF  srgba(38,0,5,1)
6,4: (9766,19532,19018,65535)  #264C4AFF  srgba(38,76,74,1)
7,4: (9766,41377,63993,65535)  #26A1F9FF  srgba(38,161,249,1)
8,4: (10023,24158,25957,65535)  #275E65FF  srgba(39,94,101,1)
9,4: (10023,27499,35466,65535)  #276B8AFF  srgba(39,107,138,1)
10,4: (10280,32639,54484,65535)  #287FD4FF  srgba(40,127,212,1)
11,4: (10280,33924,54998,65535)  #2884D6FF  srgba(40,132,214,1)
12,4: (10537,31354,43690,65535)  #297AAAFF  srgba(41,122,170,1)
13,4: (10537,40349,60138,65535)  #299DEAFF  srgba(41,157,234,1)
14,4: (11565,30840,53970,65535)  #2D78D2FF  srgba(45,120,210,1)
15,4: (11565,32382,49601,65535)  #2D7EC1FF  srgba(45,126,193,1)
0,5: (11822,45232,65278,65535)  #2EB0FEFF  srgba(46,176,254,1)
1,5: (12079,44718,64507,65535)  #2FAEFBFF  srgba(47,174,251,1)
2,5: (12336,35980,50115,65535)  #308CC3FF  srgba(48,140,195,1)
3,5: (12593,37522,57054,65535)  #3192DEFF  srgba(49,146,222,1)
4,5: (13107,31354,37522,65535)  #337A92FF  srgba(51,122,146,1)
5,5: (13364,48830,63993,65535)  #34BEF9FF  srgba(52,190,249,1)
6,5: (13364,49087,65535,65535)  #34BFFFFF  srgba(52,191,255,1)
7,5: (13621,35466,55769,65535)  #358AD9FF  srgba(53,138,217,1)
8,5: (14135,44461,60909,65535)  #37ADEDFF  srgba(55,173,237,1)
9,5: (14906,41634,62194,65535)  #3AA2F2FF  srgba(58,162,242,1)
10,5: (14906,55255,64764,65535)  #3AD7FCFF  srgba(58,215,252,1)
11,5: (15163,12850,11822,65535)  #3B322EFF  srgba(59,50,46,1)
12,5: (15163,13878,20560,65535)  #3B3650FF  srgba(59,54,80,1)
13,5: (15163,20560,18761,65535)  #3B5049FF  srgba(59,80,73,1)
14,5: (15163,20817,33667,65535)  #3B5183FF  srgba(59,81,131,1)
15,5: (15163,25443,35723,65535)  #3B638BFF  srgba(59,99,139,1)
0,6: (15163,28527,43176,65535)  #3B6FA8FF  srgba(59,111,168,1)
1,6: (15163,55255,65535,65535)  #3BD7FFFF  srgba(59,215,255,1)
2,6: (15420,28270,32382,65535)  #3C6E7EFF  srgba(60,110,126,1)
3,6: (15420,40606,57054,65535)  #3C9EDEFF  srgba(60,158,222,1)
4,6: (15677,25443,21845,65535)  #3D6355FF  srgba(61,99,85,1)
5,6: (15934,0,257,65535)  #3E0001FF  srgba(62,0,1,1)
6,6: (16448,32896,48830,65535)  #4080BEFF  srgba(64,128,190,1)
7,6: (17733,32125,42919,65535)  #457DA7FF  srgba(69,125,167,1)
8,6: (17990,37779,56283,65535)  #4693DBFF  srgba(70,147,219,1)
9,6: (18247,35466,43433,65535)  #478AA9FF  srgba(71,138,169,1)
10,6: (18504,0,257,65535)  #480001FF  srgba(72,0,1,1)
11,6: (18761,0,257,65535)  #490001FF  srgba(73,0,1,1)
12,6: (18761,31097,32382,65535)  #49797EFF  srgba(73,121,126,1)
13,6: (19018,11051,3598,65535)  #4A2B0EFF  srgba(74,43,14,1)
14,6: (19275,1799,1028,65535)  #4B0704FF  srgba(75,7,4,1)
15,6: (19275,39064,49858,65535)  #4B98C2FF  srgba(75,152,194,1)
0,7: (19532,36494,49344,65535)  #4C8EC0FF  srgba(76,142,192,1)
1,7: (19532,46517,63222,65535)  #4CB5F6FF  srgba(76,181,246,1)
2,7: (20046,14392,16191,65535)  #4E383FFF  srgba(78,56,63,1)
3,7: (20046,20560,33153,65535)  #4E5081FF  srgba(78,80,129,1)
4,7: (20046,22359,18504,65535)  #4E5748FF  srgba(78,87,72,1)
5,7: (20046,25957,33667,65535)  #4E6583FF  srgba(78,101,131,1)
6,7: (20046,28527,39321,65535)  #4E6F99FF  srgba(78,111,153,1)
7,7: (20303,26728,21074,65535)  #4F6852FF  srgba(79,104,82,1)
8,7: (20303,28527,28784,65535)  #4F6F70FF  srgba(79,111,112,1)
9,7: (20303,31868,37008,65535)  #4F7C90FF  srgba(79,124,144,1)
10,7: (20560,41634,59367,65535)  #50A2E7FF  srgba(80,162,231,1)
11,7: (20817,32639,28784,65535)  #517F70FF  srgba(81,127,112,1)
12,7: (21074,31868,24415,65535)  #527C5FFF  srgba(82,124,95,1)
13,7: (21331,36237,37265,65535)  #538D91FF  srgba(83,141,145,1)
14,7: (21331,41120,54484,65535)  #53A0D4FF  srgba(83,160,212,1)
15,7: (21331,45232,57311,65535)  #53B0DFFF  srgba(83,176,223,1)
0,8: (21845,35209,32382,65535)  #55897EFF  srgba(85,137,126,1)
1,8: (21845,39321,43433,65535)  #5599A9FF  srgba(85,153,169,1)
2,8: (21845,42405,50115,65535)  #55A5C3FF  srgba(85,165,195,1)
3,8: (21845,52942,65278,65535)  #55CEFEFF  srgba(85,206,254,1)
4,8: (22102,0,257,65535)  #560001FF  srgba(86,0,1,1)
5,8: (22359,59624,65535,65535)  #57E8FFFF  srgba(87,232,255,1)
6,8: (22616,59624,64764,65535)  #58E8FCFF  srgba(88,232,252,1)
7,8: (23387,52171,62194,65535)  #5BCBF2FF  srgba(91,203,242,1)
8,8: (23901,47288,62708,65535)  #5DB8F4FF  srgba(93,184,244,1)
9,8: (24158,65021,65278,65535)  #5EFDFEFF  srgba(94,253,254,1)
10,8: (24929,25443,36237,65535)  #61638DFF  srgba(97,99,141,1)
11,8: (24929,25700,24929,65535)  #616461FF  srgba(97,100,97,1)
12,8: (25443,46003,56797,65535)  #63B3DDFF  srgba(99,179,221,1)
13,8: (25443,65021,64507,65535)  #63FDFBFF  srgba(99,253,251,1)
14,8: (27242,25957,17733,65535)  #6A6545FF  srgba(106,101,69,1)
15,8: (27499,39064,47288,65535)  #6B98B8FF  srgba(107,152,184,1)
0,9: (28270,0,0,65535)  #6E0000FF  srgba(110,0,0,1)
1,9: (28527,13878,13878,65535)  #6F3636FF  srgba(111,54,54,1)
2,9: (28527,43690,48316,65535)  #6FAABCFF  srgba(111,170,188,1)
3,9: (28784,42148,57568,65535)  #70A4E0FF  srgba(112,164,224,1)
4,9: (28784,46774,57825,65535)  #70B6E1FF  srgba(112,182,225,1)
5,9: (29555,24415,25443,65535)  #735F63FF  srgba(115,95,99,1)
6,9: (29812,24672,37779,65535)  #746093FF  srgba(116,96,147,1)
7,9: (30069,10280,2313,65535)  #752809FF  srgba(117,40,9,1)
8,9: (30069,32382,26214,65535)  #757E66FF  srgba(117,126,102,1)
9,9: (30069,37265,39064,65535)  #759198FF  srgba(117,145,152,1)
10,9: (30326,1285,514,65535)  #760502FF  srgba(118,5,2,1)
11,9: (30326,34952,33410,65535)  #768882FF  srgba(118,136,130,1)
12,9: (30326,49344,59367,65535)  #76C0E7FF  srgba(118,192,231,1)
13,9: (30583,0,257,65535)  #770001FF  srgba(119,0,1,1)
14,9: (31611,37265,28527,65535)  #7B916FFF  srgba(123,145,111,1)
15,9: (31868,53199,64250,65535)  #7CCFFAFF  srgba(124,207,250,1)
0,10: (31868,57311,65278,65535)  #7CDFFEFF  srgba(124,223,254,1)
1,10: (32125,42405,57568,65535)  #7DA5E0FF  srgba(125,165,224,1)
2,10: (32125,43690,40092,65535)  #7DAA9CFF  srgba(125,170,156,1)
3,10: (32639,40863,33924,65535)  #7F9F84FF  srgba(127,159,132,1)
4,10: (32639,56797,62451,65535)  #7FDDF3FF  srgba(127,221,243,1)
5,10: (33153,39064,47031,65535)  #8198B7FF  srgba(129,152,183,1)
6,10: (33153,52685,58853,65535)  #81CDE5FF  srgba(129,205,229,1)
7,10: (33153,61937,65535,65535)  #81F1FFFF  srgba(129,241,255,1)
8,10: (33410,61680,64507,65535)  #82F0FBFF  srgba(130,240,251,1)
9,10: (33667,46774,48316,65535)  #83B6BCFF  srgba(131,182,188,1)
10,10: (34438,43947,47031,65535)  #86ABB7FF  srgba(134,171,183,1)
11,10: (34952,49601,58339,65535)  #88C1E3FF  srgba(136,193,227,1)
12,10: (35209,22873,32639,65535)  #89597FFF  srgba(137,89,127,1)
13,10: (35723,47031,57311,65535)  #8BB7DFFF  srgba(139,183,223,1)
14,10: (35980,50886,48830,65535)  #8CC6BEFF  srgba(140,198,190,1)
15,10: (36237,65021,65278,65535)  #8DFDFEFF  srgba(141,253,254,1)
0,11: (38036,514,257,65535)  #940201FF  srgba(148,2,1,1)
1,11: (38550,42662,39321,65535)  #96A699FF  srgba(150,166,153,1)
2,11: (38807,5397,1028,65535)  #971504FF  srgba(151,21,4,1)
3,11: (39064,42148,57311,65535)  #98A4DFFF  srgba(152,164,223,1)
4,11: (39064,64764,64507,65535)  #98FCFBFF  srgba(152,252,251,1)
5,11: (39321,53199,59367,65535)  #99CFE7FF  srgba(153,207,231,1)
6,11: (39321,57568,64764,65535)  #99E0FCFF  srgba(153,224,252,1)
7,11: (39835,16191,2570,65535)  #9B3F0AFF  srgba(155,63,10,1)
8,11: (39835,56797,59881,65535)  #9BDDE9FF  srgba(155,221,233,1)
9,11: (40092,16962,13107,65535)  #9C4233FF  srgba(156,66,51,1)
10,11: (40092,61937,64764,65535)  #9CF1FCFF  srgba(156,241,252,1)
11,11: (41120,39321,32125,65535)  #A0997DFF  srgba(160,153,125,1)
12,11: (42148,49601,57311,65535)  #A4C1DFFF  srgba(164,193,223,1)
13,11: (42405,43433,39321,65535)  #A5A999FF  srgba(165,169,153,1)
14,11: (42405,49087,47802,65535)  #A5BFBAFF  srgba(165,191,186,1)
15,11: (43176,49344,40863,65535)  #A8C09FFF  srgba(168,192,159,1)
0,12: (43433,53199,57825,65535)  #A9CFE1FF  srgba(169,207,225,1)
1,12: (44204,26728,14906,65535)  #AC683AFF  srgba(172,104,58,1)
2,12: (44204,65021,65278,65535)  #ACFDFEFF  srgba(172,253,254,1)
3,12: (44718,57825,63736,65535)  #AEE1F8FF  srgba(174,225,248,1)
4,12: (44975,24158,30840,65535)  #AF5E78FF  srgba(175,94,120,1)
5,12: (45232,57054,57568,65535)  #B0DEE0FF  srgba(176,222,224,1)
6,12: (45746,61937,64250,65535)  #B2F1FAFF  srgba(178,241,250,1)
7,12: (45746,62451,65278,65535)  #B2F3FEFF  srgba(178,243,254,1)
8,12: (45746,64764,62965,65535)  #B2FCF5FF  srgba(178,252,245,1)
9,12: (46260,61423,60395,65535)  #B4EFEBFF  srgba(180,239,235,1)
10,12: (47288,3341,514,65535)  #B80D02FF  srgba(184,13,2,1)
11,12: (47288,56283,49601,65535)  #B8DBC1FF  srgba(184,219,193,1)
12,12: (47545,64764,64507,65535)  #B9FCFBFF  srgba(185,252,251,1)
13,12: (48573,19275,2827,65535)  #BD4B0BFF  srgba(189,75,11,1)
14,12: (48573,33410,16448,65535)  #BD8240FF  srgba(189,130,64,1)
15,12: (49858,47802,47288,65535)  #C2BAB8FF  srgba(194,186,184,1)
0,13: (49858,57825,59110,65535)  #C2E1E6FF  srgba(194,225,230,1)
1,13: (50372,52428,47802,65535)  #C4CCBAFF  srgba(196,204,186,1)
2,13: (50372,53456,57054,65535)  #C4D0DEFF  srgba(196,208,222,1)
3,13: (50372,65021,65278,65535)  #C4FDFEFF  srgba(196,253,254,1)
4,13: (50629,43176,39321,65535)  #C5A899FF  srgba(197,168,153,1)
5,13: (51914,62708,65021,65535)  #CAF4FDFF  srgba(202,244,253,1)
6,13: (52171,62194,62708,65535)  #CBF2F4FF  srgba(203,242,244,1)
7,13: (52428,61680,57825,65535)  #CCF0E1FF  srgba(204,240,225,1)
8,13: (53199,19275,11822,65535)  #CF4B2EFF  srgba(207,75,46,1)
9,13: (53713,57825,58339,65535)  #D1E1E3FF  srgba(209,225,227,1)
10,13: (53713,65021,62965,65535)  #D1FDF5FF  srgba(209,253,245,1)
11,13: (53713,65021,65278,65535)  #D1FDFEFF  srgba(209,253,254,1)
12,13: (53970,39321,30840,65535)  #D29978FF  srgba(210,153,120,1)
13,13: (54741,65021,64250,65535)  #D5FDFAFF  srgba(213,253,250,1)
14,13: (55255,57825,49601,65535)  #D7E1C1FF  srgba(215,225,193,1)
15,13: (56797,65021,60395,65535)  #DDFDEBFF  srgba(221,253,235,1)
0,14: (57054,43176,20046,65535)  #DEA84EFF  srgba(222,168,78,1)
1,14: (57054,62965,64507,65535)  #DEF5FBFF  srgba(222,245,251,1)
2,14: (57568,51143,31868,65535)  #E0C77CFF  srgba(224,199,124,1)
3,14: (57568,65021,65278,65535)  #E0FDFEFF  srgba(224,253,254,1)
4,14: (57825,62194,58339,65535)  #E1F2E3FF  srgba(225,242,227,1)
5,14: (58082,4112,514,65535)  #E21002FF  srgba(226,16,2,1)
6,14: (58082,65021,62708,65535)  #E2FDF4FF  srgba(226,253,244,1)
7,14: (58853,26985,13107,65535)  #E56933FF  srgba(229,105,51,1)
8,14: (59110,52171,39835,65535)  #E6CB9BFF  srgba(230,203,155,1)
9,14: (59110,58082,58082,65535)  #E6E2E2FF  srgba(230,226,226,1)
10,14: (59881,65021,57311,65535)  #E9FDDFFF  srgba(233,253,223,1)
11,14: (60909,21331,3084,65535)  #ED530CFF  srgba(237,83,12,1)
12,14: (61166,65021,64507,65535)  #EEFDFBFF  srgba(238,253,251,1)
13,14: (61423,65021,65278,65535)  #EFFDFEFF  srgba(239,253,254,1)
14,14: (62194,33667,14135,65535)  #F28337FF  srgba(242,131,55,1)
15,14: (62194,63222,64507,65535)  #F2F6FBFF  srgba(242,246,251,1)
0,15: (62194,65021,62708,65535)  #F2FDF4FF  srgba(242,253,244,1)
1,15: (62965,65021,60395,65535)  #F5FDEBFF  srgba(245,253,235,1)
2,15: (63222,62708,58339,65535)  #F6F4E3FF  srgba(246,244,227,1)
3,15: (63736,60138,48316,65535)  #F8EABCFF  srgba(248,234,188,1)
4,15: (63736,65021,53456,65535)  #F8FDD0FF  srgba(248,253,208,1)
5,15: (64507,60652,39578,65535)  #FBEC9AFF  srgba(251,236,154,1)
6,15: (64764,65021,65278,65535)  #FCFDFEFF  srgba(252,253,254,1)
7,15: (65021,45746,20303,65535)  #FDB24FFF  srgba(253,178,79,1)
8,15: (65021,65021,45746,65535)  #FDFDB2FF  srgba(253,253,178,1)
9,15: (65021,65021,57311,65535)  #FDFDDFFF  srgba(253,253,223,1)
10,15: (65021,65021,60395,65535)  #FDFDEBFF  srgba(253,253,235,1)
11,15: (65021,65021,62965,65535)  #FDFDF5FF  srgba(253,253,245,1)
12,15: (65021,65021,64250,65535)  #FDFDFAFF  srgba(253,253,250,1)
13,15: (65021,65021,65021,65535)  #FDFDFDFF  srgba(253,253,253,1)
14,15: (65278,55512,31354,65535)  #FED87AFF  srgba(254,216,122,1)
15,15: (0,65535,0,0)  #00FF0000  srgba(0,255,0,0)
