# ImageMagick pixel enumeration: 16,16,65535,srgba
0,0: (0,8481,54741,65535)  #0021D5FF  srgba(0,33,213,1)
1,0: (0,29812,1028,65535)  #007404FF  srgba(0,116,4,1)
2,0: (0,34181,32639,65535)  #00857FFF  srgba(0,133,127,1)
3,0: (0,34438,63736,65535)  #0086F8FF  srgba(0,134,248,1)
4,0: (0,34695,58596,65535)  #0087E4FF  srgba(0,135,228,1)
5,0: (0,34952,31097,65535)  #008879FF  srgba(0,136,121,1)
6,0: (0,34952,52685,65535)  #0088CDFF  srgba(0,136,205,1)
7,0: (0,35209,63222,65535)  #0089F6FF  srgba(0,137,246,1)
8,0: (0,35466,6682,65535)  #008A1AFF  srgba(0,138,26,1)
9,0: (0,35466,23130,65535)  #008A5AFF  srgba(0,138,90,1)
10,0: (0,35466,42148,65535)  #008AA4FF  srgba(0,138,164,1)
11,0: (0,35466,52428,65535)  #008ACCFF  srgba(0,138,204,1)
12,0: (0,35723,771,65535)  #008B03FF  srgba(0,139,3,1)
13,0: (0,35723,62708,65535)  #008BF4FF  srgba(0,139,244,1)
14,0: (0,35980,62708,65535)  #008CF4FF  srgba(0,140,244,1)
15,0: (0,36237,62451,65535)  #008DF3FF  srgba(0,141,243,1)
0,1: (0,36494,0,65535)  #008E00FF  srgba(0,142,0,1)
1,1: (0,36494,1028,65535)  #008E04FF  srgba(0,142,4,1)
2,1: (0,36494,41120,65535)  #008EA0FF  srgba(0,142,160,1)
3,1: (0,36494,49858,65535)  #008EC2FF  srgba(0,142,194,1)
4,1: (0,36751,4369,65535)  #008F11FF  srgba(0,143,17,1)
5,1: (0,36751,17990,65535)  #008F46FF  srgba(0,143,70,1)
6,1: (0,36751,28527,65535)  #008F6FFF  srgba(0,143,111,1)
7,1: (0,37008,0,65535)  #009000FF  srgba(0,144,0,1)
8,1: (0,37008,771,65535)  #009003FF  srgba(0,144,3,1)
9,1: (0,37008,771,65535)  #009003FF  srgba(0,144,3,1)
10,1: (0,37265,514,65535)  #009102FF  srgba(0,145,2,1)
11,1: (0,37265,1028,65535)  #009104FF  srgba(0,145,4,1)
12,1: (0,37779,0,65535)  #009300FF  srgba(0,147,0,1)
13,1: (257,36494,1028,65535)  #018E04FF  srgba(1,142,4,1)
14,1: (514,38293,5397,65535)  #029515FF  srgba(2,149,21,1)
15,1: (771,32639,63222,65535)  #037FF6FF  srgba(3,127,246,1)
0,2: (771,38036,62451,65535)  #0394F3FF  srgba(3,148,243,1)
1,2: (771,38550,771,65535)  #039603FF  srgba(3,150,3,1)
2,2: (1028,17733,58853,65535)  #0445E5FF  srgba(4,69,229,1)
3,2: (1285,13107,0,65535)  #053300FF  srgba(5,51,0,1)
4,2: (1542,33667,58853,65535)  #0683E5FF  srgba(6,131,229,1)
5,2: (1799,28013,55255,65535)  #076DD7FF  srgba(7,109,215,1)
6,2: (2313,29041,0,65535)  #097100FF  srgba(9,113,0,1)
7,2: (2313,33153,0,65535)  #098100FF  srgba(9,129,0,1)
8,2: (2570,28270,62451,65535)  #0A6EF3FF  srgba(10,110,243,1)
9,2: (3855,23130,0,65535)  #0F5A00FF  srgba(15,90,0,1)
10,2: (4112,21074,0,65535)  #105200FF  srgba(16,82,0,1)
11,2: (4112,25443,0,65535)  #106300FF  srgba(16,99,0,1)
12,2: (4369,19018,61680,65535)  #114AF0FF  srgba(17,74,240,1)
13,2: (4369,27242,3341,65535)  #116A0DFF  srgba(17,106,13,1)
14,2: (4626,23130,61937,65535)  #125AF1FF  srgba(18,90,241,1)
15,2: (5140,29812,1028,65535)  #147404FF  srgba(20,116,4,1)
0,3: (5397,20560,3084,65535)  #15500CFF  srgba(21,80,12,1)
1,3: (5911,22102,1285,65535)  #175605FF  srgba(23,86,5,1)
2,3: (6168,25443,1028,65535)  #186304FF  srgba(24,99,4,1)
3,3: (7710,22359,61680,65535)  #1E57F0FF  srgba(30,87,240,1)
4,3: (7710,35980,0,65535)  #1E8C00FF  srgba(30,140,0,1)
5,3: (8481,26214,61937,65535)  #2166F1FF  srgba(33,102,241,1)
6,3: (8481,33153,0,65535)  #218100FF  srgba(33,129,0,1)
7,3: (8738,24929,2827,65535)  #22610BFF  srgba(34,97,11,1)
8,3: (8738,25957,1542,65535)  #226506FF  srgba(34,101,6,1)
9,3: (8738,29555,0,65535)  #227300FF  srgba(34,115,0,1)
10,3: (8738,30069,62451,65535)  #2275F3FF  srgba(34,117,243,1)
11,3: (9509,21588,59110,65535)  #2554E6FF  srgba(37,84,230,1)
12,3: (10023,27499,1285,65535)  #276B05FF  srgba(39,107,5,1)
13,3: (10023,36751,771,65535)  #278F03FF  srgba(39,143,3,1)
14,3: (10280,26728,2827,65535)  #28680BFF  srgba(40,104,11,1)
15,3: (10280,31354,1028,65535)  #287A04FF  srgba(40,122,4,1)
0,4: (10537,32125,3341,65535)  #297D0DFF  srgba(41,125,13,1)
1,4: (10794,28270,1285,65535)  #2A6E05FF  srgba(42,110,5,1)
2,4: (11051,31097,62708,65535)  #2B79F4FF  srgba(43,121,244,1)
3,4: (11051,35209,62708,65535)  #2B89F4FF  srgba(43,137,244,1)
4,4: (11565,28527,1542,65535)  #2D6F06FF  srgba(45,111,6,1)
5,4: (11565,33153,0,65535)  #2D8100FF  srgba(45,129,0,1)
6,4: (12079,38807,0,65535)  #2F9700FF  srgba(47,151,0,1)
7,4: (12079,42919,4112,65535)  #2FA710FF  srgba(47,167,16,1)
8,4: (12850,33410,771,65535)  #328203FF  srgba(50,130,3,1)
9,4: (12850,35980,0,65535)  #328C00FF  srgba(50,140,0,1)
10,4: (13107,31868,62708,65535)  #337CF4FF  srgba(51,124,244,1)
11,4: (13364,28527,1285,65535)  #346F05FF  srgba(52,111,5,1)
12,4: (13621,41891,771,65535)  #35A303FF  srgba(53,163,3,1)
13,4: (13878,27499,2570,65535)  #366B0AFF  srgba(54,107,10,1)
14,4: (14649,39321,62451,65535)  #3999F3FF  srgba(57,153,243,1)
15,4: (15163,35980,62451,65535)  #3B8CF3FF  srgba(59,140,243,1)
0,5: (15163,41891,0,65535)  #3BA300FF  srgba(59,163,0,1)
1,5: (15163,42662,62708,65535)  #3BA6F4FF  srgba(59,166,244,1)
2,5: (15420,34695,59110,65535)  #3C87E6FF  srgba(60,135,230,1)
3,5: (15420,44718,0,65535)  #3CAE00FF  srgba(60,174,0,1)
4,5: (16448,39064,0,65535)  #409800FF  srgba(64,152,0,1)
5,5: (16962,41891,514,65535)  #42A302FF  srgba(66,163,2,1)
6,5: (19275,41120,62194,65535)  #4BA0F2FF  srgba(75,160,242,1)
7,5: (19789,42148,0,65535)  #4DA400FF  srgba(77,164,0,1)
8,5: (21588,29041,62451,65535)  #5471F3FF  srgba(84,113,243,1)
9,5: (21845,41377,62194,65535)  #55A1F2FF  srgba(85,161,242,1)
10,5: (22359,34181,50886,65535)  #5785C6FF  srgba(87,133,198,1)
11,5: (22616,26214,9509,65535)  #586625FF  srgba(88,102,37,1)
12,5: (23130,22102,55512,65535)  #5A56D8FF  srgba(90,86,216,1)
13,5: (25700,38550,5654,65535)  #649616FF  srgba(100,150,22,1)
14,5: (26985,38807,1028,65535)  #699704FF  srgba(105,151,4,1)
15,5: (33667,35980,0,65535)  #838C00FF  srgba(131,140,0,1)
0,6: (34695,38293,62708,65535)  #8795F4FF  srgba(135,149,244,1)
1,6: (39064,24158,0,65535)  #985E00FF  srgba(152,94,0,1)
2,6: (39835,32896,52685,65535)  #9B80CDFF  srgba(155,128,205,1)
3,6: (41634,29812,58596,65535)  #A274E4FF  srgba(162,116,228,1)
4,6: (42148,19018,53970,65535)  #A44AD2FF  srgba(164,74,210,1)
5,6: (44718,18761,58596,65535)  #AE49E4FF  srgba(174,73,228,1)
6,6: (46003,23644,771,65535)  #B35C03FF  srgba(179,92,3,1)
7,6: (46517,19018,0,65535)  #B54A00FF  srgba(181,74,0,1)
8,6: (46517,22873,0,65535)  #B55900FF  srgba(181,89,0,1)
9,6: (46774,18247,54741,65535)  #B647D5FF  srgba(182,71,213,1)
10,6: (47031,20817,60395,65535)  #B751EBFF  srgba(183,81,235,1)
11,6: (47031,23130,0,65535)  #B75A00FF  srgba(183,90,0,1)
12,6: (47288,19532,58596,65535)  #B84CE4FF  srgba(184,76,228,1)
13,6: (47545,23130,0,65535)  #B95A00FF  srgba(185,90,0,1)
14,6: (48059,20046,58596,65535)  #BB4EE4FF  srgba(187,78,228,1)
15,6: (48316,19532,55255,65535)  #BC4CD7FF  srgba(188,76,215,1)
0,7: (48573,20560,0,65535)  #BD5000FF  srgba(189,80,0,1)
1,7: (48573,25443,0,65535)  #BD6300FF  srgba(189,99,0,1)
2,7: (48573,32896,0,65535)  #BD8000FF  srgba(189,128,0,1)
3,7: (48830,38807,1028,65535)  #BE9704FF  srgba(190,151,4,1)
4,7: (49344,22359,60395,65535)  #C057EBFF  srgba(192,87,235,1)
5,7: (49601,20560,58596,65535)  #C150E4FF  srgba(193,80,228,1)
6,7: (49601,38550,7710,65535)  #C1961EFF  srgba(193,150,30,1)
7,7: (50115,21074,55512,65535)  #C352D8FF  srgba(195,82,216,1)
8,7: (50372,26728,58853,65535)  #C468E5FF  srgba(196,104,229,1)
9,7: (50629,31354,0,65535)  #C57A00FF  srgba(197,122,0,1)
10,7: (50886,22359,0,65535)  #C65700FF  srgba(198,87,0,1)
11,7: (50886,37522,61680,65535)  #C692F0FF  srgba(198,146,240,1)
12,7: (51400,20817,0,65535)  #C85100FF  srgba(200,81,0,1)
13,7: (51400,24415,0,65535)  #C85F00FF  srgba(200,95,0,1)
14,7: (51657,27499,0,65535)  #C96B00FF  srgba(201,107,0,1)
15,7: (51914,32896,51400,65535)  #CA80C8FF  srgba(202,128,200,1)
0,8: (51914,33410,0,65535)  #CA8200FF  srgba(202,130,0,1)
1,8: (52171,5140,0,65535)  #CB1400FF  srgba(203,20,0,1)
2,8: (52171,18247,0,65535)  #CB4700FF  srgba(203,71,0,1)
3,8: (52685,19018,61423,65535)  #CD4AEFFF  srgba(205,74,239,1)
4,8: (52685,23644,25186,65535)  #CD5C62FF  srgba(205,92,98,1)
5,8: (52685,23644,55512,65535)  #CD5CD8FF  srgba(205,92,216,1)
6,8: (52685,25443,60909,65535)  #CD63EDFF  srgba(205,99,237,1)
7,8: (52685,30583,60395,65535)  #CD77EBFF  srgba(205,119,235,1)
8,8: (53199,14392,54227,65535)  #CF38D3FF  srgba(207,56,211,1)
9,8: (53456,22616,58596,65535)  #D058E4FF  srgba(208,88,228,1)
10,8: (53456,31868,58853,65535)  #D07CE5FF  srgba(208,124,229,1)
11,8: (53970,27242,55769,65535)  #D26AD9FF  srgba(210,106,217,1)
12,8: (53970,28013,58596,65535)  #D26DE4FF  srgba(210,109,228,1)
13,8: (53970,33924,0,65535)  #D28400FF  srgba(210,132,0,1)
14,8: (54484,39321,0,65535)  #D49900FF  srgba(212,153,0,1)
15,8: (54741,33410,56540,65535)  #D582DCFF  srgba(213,130,220,1)
0,9: (54741,35209,58853,65535)  #D589E5FF  srgba(213,137,229,1)
1,9: (54998,34438,34181,65535)  #D68685FF  srgba(214,134,133,1)
2,9: (54998,34438,47545,65535)  #D686B9FF  srgba(214,134,185,1)
3,9: (55255,35980,10537,65535)  #D78C29FF  srgba(215,140,41,1)
4,9: (55255,37008,61680,65535)  #D790F0FF  srgba(215,144,240,1)
5,9: (55769,38550,58596,65535)  #D996E4FF  srgba(217,150,228,1)
6,9: (56026,22873,10537,65535)  #DA5929FF  srgba(218,89,41,1)
7,9: (56026,22873,34952,65535)  #DA5988FF  srgba(218,89,136,1)
8,9: (56026,39835,0,65535)  #DA9B00FF  srgba(218,155,0,1)
9,9: (56026,42919,0,65535)  #DAA700FF  srgba(218,167,0,1)
10,9: (56283,18504,63736,65535)  #DB48F8FF  srgba(219,72,248,1)
11,9: (56283,19532,0,65535)  #DB4C00FF  srgba(219,76,0,1)
12,9: (56283,23387,0,65535)  #DB5B00FF  srgba(219,91,0,1)
13,9: (56283,23387,63479,65535)  #DB5BF7FF  srgba(219,91,247,1)
14,9: (56283,27499,0,65535)  #DB6B00FF  srgba(219,107,0,1)
15,9: (56283,29298,62965,65535)  #DB72F5FF  srgba(219,114,245,1)
0,10: (56283,33410,0,65535)  #DB8200FF  srgba(219,130,0,1)
1,10: (56283,34695,56026,65535)  #DB87DAFF  srgba(219,135,218,1)
2,10: (56283,34952,39321,65535)  #DB8899FF  srgba(219,136,153,1)
3,10: (56283,35209,29812,65535)  #DB8974FF  srgba(219,137,116,1)
4,10: (56283,35980,7453,65535)  #DB8C1DFF  srgba(219,140,29,1)
5,10: (56283,35980,15677,65535)  #DB8C3DFF  srgba(219,140,61,1)
6,10: (56283,36751,1285,65535)  #DB8F05FF  srgba(219,143,5,1)
7,10: (56283,37008,0,65535)  #DB9000FF  srgba(219,144,0,1)
8,10: (56540,34695,62965,65535)  #DC87F5FF  srgba(220,135,245,1)
9,10: (56540,35723,0,65535)  #DC8B00FF  srgba(220,139,0,1)
10,10: (56540,39835,62965,65535)  #DC9BF5FF  srgba(220,155,245,1)
11,10: (57054,25186,0,65535)  #DE6200FF  srgba(222,98,0,1)
12,10: (57054,32639,0,65535)  #DE7F00FF  srgba(222,127,0,1)
13,10: (57054,33924,0,65535)  #DE8400FF  srgba(222,132,0,1)
14,10: (57054,35466,0,65535)  #DE8A00FF  srgba(222,138,0,1)
15,10: (57054,35980,0,65535)  #DE8C00FF  srgba(222,140,0,1)
0,11: (57054,36494,0,65535)  #DE8E00FF  srgba(222,142,0,1)
1,11: (57054,37008,0,65535)  #DE9000FF  srgba(222,144,0,1)
2,11: (57311,35980,1285,65535)  #DF8C05FF  srgba(223,140,5,1)
3,11: (57311,38036,0,65535)  #DF9400FF  srgba(223,148,0,1)
4,11: (57568,23130,64507,65535)  #E05AFBFF  srgba(224,90,251,1)
5,11: (57568,23644,0,65535)  #E05C00FF  srgba(224,92,0,1)
6,11: (57568,24415,0,65535)  #E05F00FF  srgba(224,95,0,1)
7,11: (57568,28527,62965,65535)  #E06FF5FF  srgba(224,111,245,1)
8,11: (57568,29812,65021,65535)  #E074FDFF  srgba(224,116,253,1)
9,11: (57568,32125,62708,65535)  #E07DF4FF  srgba(224,125,244,1)
10,11: (57568,34181,63222,65535)  #E085F6FF  srgba(224,133,246,1)
11,11: (57568,35980,0,65535)  #E08C00FF  srgba(224,140,0,1)
12,11: (57568,36751,0,65535)  #E08F00FF  srgba(224,143,0,1)
13,11: (57568,37779,0,65535)  #E09300FF  srgba(224,147,0,1)
14,11: (57568,39064,62965,65535)  #E098F5FF  srgba(224,152,245,1)
15,11: (57568,40863,257,65535)  #E09F01FF  srgba(224,159,1,1)
0,12: (57568,41120,61937,65535)  #E0A0F1FF  srgba(224,160,241,1)
1,12: (57825,19532,0,65535)  #E14C00FF  srgba(225,76,0,1)
2,12: (57825,19789,0,65535)  #E14D00FF  srgba(225,77,0,1)
3,12: (57825,29041,0,65535)  #E17100FF  srgba(225,113,0,1)
4,12: (57825,33667,0,65535)  #E18300FF  srgba(225,131,0,1)
5,12: (57825,34695,62194,65535)  #E187F2FF  srgba(225,135,242,1)
6,12: (57825,34952,2313,65535)  #E18809FF  srgba(225,136,9,1)
7,12: (57825,36494,63736,65535)  #E18EF8FF  srgba(225,142,248,1)
8,12: (57825,40863,0,65535)  #E19F00FF  srgba(225,159,0,1)
9,12: (58082,18504,64764,65535)  #E248FCFF  srgba(226,72,252,1)
10,12: (58082,20303,64764,65535)  #E24FFCFF  srgba(226,79,252,1)
11,12: (58082,20817,2827,65535)  #E2510BFF  srgba(226,81,11,1)
12,12: (58082,28013,56026,65535)  #E26DDAFF  srgba(226,109,218,1)
13,12: (58082,34181,62708,65535)  #E285F4FF  srgba(226,133,244,1)
14,12: (58082,35209,58082,65535)  #E289E2FF  srgba(226,137,226,1)
15,12: (58082,36494,59881,65535)  #E28EE9FF  srgba(226,142,233,1)
0,13: (58082,42919,0,65535)  #E2A700FF  srgba(226,167,0,1)
1,13: (58082,43947,0,65535)  #E2AB00FF  srgba(226,171,0,1)
2,13: (58339,16191,64764,65535)  #E33FFCFF  srgba(227,63,252,1)
3,13: (58339,31611,28270,65535)  #E37B6EFF  srgba(227,123,110,1)
4,13: (58339,32639,0,65535)  #E37F00FF  srgba(227,127,0,1)
5,13: (58339,34181,63993,65535)  #E385F9FF  srgba(227,133,249,1)
6,13: (58339,34952,11822,65535)  #E3882EFF  srgba(227,136,46,1)
7,13: (58339,34952,64250,65535)  #E388FAFF  srgba(227,136,250,1)
8,13: (58339,35723,54998,65535)  #E38BD6FF  srgba(227,139,214,1)
9,13: (58339,35980,0,65535)  #E38C00FF  srgba(227,140,0,1)
10,13: (58339,36494,64764,65535)  #E38EFCFF  srgba(227,142,252,1)
11,13: (58339,37522,13107,65535)  #E39233FF  srgba(227,146,51,1)
12,13: (58596,21845,28527,65535)  #E4556FFF  srgba(228,85,111,1)
13,13: (58596,33924,56283,65535)  #E484DBFF  srgba(228,132,219,1)
14,13: (58596,34181,60652,65535)  #E485ECFF  srgba(228,133,236,1)
15,13: (58596,34438,24929,65535)  #E48661FF  srgba(228,134,97,1)
0,14: (58596,35209,55512,65535)  #E489D8FF  srgba(228,137,216,1)
1,14: (58596,35209,57054,65535)  #E489DEFF  srgba(228,137,222,1)
2,14: (58596,39321,56540,65535)  #E499DCFF  srgba(228,153,220,1)
3,14: (58596,42662,62451,65535)  #E4A6F3FF  srgba(228,166,243,1)
4,14: (58853,21588,44461,65535)  #E554ADFF  srgba(229,84,173,1)
5,14: (58853,28784,63736,65535)  #E570F8FF  srgba(229,112,248,1)
6,14: (58853,30069,4112,65535)  #E57510FF  srgba(229,117,16,1)
7,14: (58853,31097,44718,65535)  #E579AEFF  srgba(229,121,174,1)
8,14: (58853,34952,56283,65535)  #E588DBFF  srgba(229,136,219,1)
9,14: (58853,34952,59624,65535)  #E588E8FF  srgba(229,136,232,1)
10,14: (58853,35209,24672,65535)  #E58960FF  srgba(229,137,96,1)
11,14: (58853,35209,57568,65535)  #E589E0FF  srgba(229,137,224,1)
12,14: (58853,36751,25957,65535)  #E58F65FF  srgba(229,143,101,1)
13,14: (58853,36751,37779,65535)  #E58F93FF  srgba(229,143,147,1)
14,14: (58853,39064,61680,65535)  #E598F0FF  srgba(229,152,240,1)
15,14: (58853,43947,62451,65535)  #E5ABF3FF  srgba(229,171,243,1)
0,15: (59110,23644,65021,65535)  #E65CFDFF  srgba(230,92,253,1)
1,15: (59110,32382,63222,65535)  #E67EF6FF  srgba(230,126,246,1)
2,15: (59110,34438,56283,65535)  #E686DBFF  srgba(230,134,219,1)
3,15: (59110,35209,59367,65535)  #E689E7FF  srgba(230,137,231,1)
4,15: (59110,35209,64764,65535)  #E689FCFF  srgba(230,137,252,1)
5,15: (59110,39064,65278,65535)  #E698FEFF  srgba(230,152,254,1)
6,15: (59367,28270,65278,65535)  #E76EFEFF  srgba(231,110,254,1)
7,15: (59367,31868,65278,65535)  #E77CFEFF  srgba(231,124,254,1)
8,15: (59367,34695,44718,65535)  #E787AEFF  srgba(231,135,174,1)
9,15: (59367,35209,37522,65535)  #E78992FF  srgba(231,137,146,1)
10,15: (59367,36751,44461,65535)  #E78FADFF  srgba(231,143,173,1)
11,15: (59367,41377,63222,65535)  #E7A1F6FF  srgba(231,161,246,1)
12,15: (59624,35209,47802,65535)  #E889BAFF  srgba(232,137,186,1)
13,15: (59624,36237,63479,65535)  #E88DF7FF  srgba(232,141,247,1)
14,15: (59624,36237,65278,65535)  #E88DFEFF  srgba(232,141,254,1)
15,15: (0,65535,0,0)  #00FF0000  srgba(0,255,0,0)
