# ImageMagick pixel enumeration: 16,16,65535,srgba
0,0: (8481,63479,65535,65535)  #21F7FFFF  srgba(33,247,255,1)
1,0: (8738,63222,61166,65535)  #22F6EEFF  srgba(34,246,238,1)
2,0: (9252,37779,49858,65535)  #2493C2FF  srgba(36,147,194,1)
3,0: (9509,24672,50372,65535)  #2560C4FF  srgba(37,96,196,1)
4,0: (9766,63222,52942,65535)  #26F6CEFF  srgba(38,246,206,1)
5,0: (9766,63222,61166,65535)  #26F6EEFF  srgba(38,246,238,1)
6,0: (10023,50115,52171,65535)  #27C3CBFF  srgba(39,195,203,1)
7,0: (10023,54741,56797,65535)  #27D5DDFF  srgba(39,213,221,1)
8,0: (10023,55255,52171,65535)  #27D7CBFF  srgba(39,215,203,1)
9,0: (10023,62708,65535,65535)  #27F4FFFF  srgba(39,244,255,1)
10,0: (10280,42148,59110,65535)  #28A4E6FF  srgba(40,164,230,1)
11,0: (10537,62965,65278,65535)  #29F5FEFF  srgba(41,245,254,1)
12,0: (10794,26214,61937,65535)  #2A66F1FF  srgba(42,102,241,1)
13,0: (10794,32896,53199,65535)  #2A80CFFF  srgba(42,128,207,1)
14,0: (10794,62965,65535,65535)  #2AF5FFFF  srgba(42,245,255,1)
15,0: (10794,63222,57825,65535)  #2AF6E1FF  srgba(42,246,225,1)
0,1: (11051,20817,58339,65535)  #2B51E3FF  srgba(43,81,227,1)
1,1: (11051,22616,58853,65535)  #2B58E5FF  srgba(43,88,229,1)
2,1: (12079,20817,58596,65535)  #2F51E4FF  srgba(47,81,228,1)
3,1: (12336,20817,52942,65535)  #3051CEFF  srgba(48,81,206,1)
4,1: (12336,21074,54484,65535)  #3052D4FF  srgba(48,82,212,1)
5,1: (12593,20817,59367,65535)  #3151E7FF  srgba(49,81,231,1)
6,1: (12850,22616,59624,65535)  #3258E8FF  srgba(50,88,232,1)
7,1: (12850,53199,56797,65535)  #32CFDDFF  srgba(50,207,221,1)
8,1: (12850,63479,54227,65535)  #32F7D3FF  srgba(50,247,211,1)
9,1: (13107,20817,65535,65535)  #3351FFFF  srgba(51,81,255,1)
10,1: (13107,63479,56026,65535)  #33F7DAFF  srgba(51,247,218,1)
11,1: (13364,20817,54484,65535)  #3451D4FF  srgba(52,81,212,1)
12,1: (13364,20817,57825,65535)  #3451E1FF  srgba(52,81,225,1)
13,1: (13364,22102,53199,65535)  #3456CFFF  srgba(52,86,207,1)
14,1: (13364,63222,63993,65535)  #34F6F9FF  srgba(52,246,249,1)
15,1: (13364,63222,65535,65535)  #34F6FFFF  srgba(52,246,255,1)
0,2: (13364,63479,52685,65535)  #34F7CDFF  srgba(52,247,205,1)
1,2: (13621,22359,51143,65535)  #3557C7FF  srgba(53,87,199,1)
2,2: (13621,41891,58339,65535)  #35A3E3FF  srgba(53,163,227,1)
3,2: (13878,63222,51143,65535)  #36F6C7FF  srgba(54,246,199,1)
4,2: (14135,23130,53199,65535)  #375ACFFF  srgba(55,90,207,1)
5,2: (14135,25443,60395,65535)  #3763EBFF  srgba(55,99,235,1)
6,2: (14392,22873,55512,65535)  #3859D8FF  srgba(56,89,216,1)
7,2: (14392,22873,63736,65535)  #3859F8FF  srgba(56,89,248,1)
8,2: (14649,52171,53199,65535)  #39CBCFFF  srgba(57,203,207,1)
9,2: (15677,52942,50886,65535)  #3DCEC6FF  srgba(61,206,198,1)
10,2: (15934,20303,57054,65535)  #3E4FDEFF  srgba(62,79,222,1)
11,2: (16191,19789,57311,65535)  #3F4DDFFF  srgba(63,77,223,1)
12,2: (16191,20560,52171,65535)  #3F50CBFF  srgba(63,80,203,1)
13,2: (16191,21074,54227,65535)  #3F52D3FF  srgba(63,82,211,1)
14,2: (16191,21331,62194,65535)  #3F53F2FF  srgba(63,83,242,1)
15,2: (16191,29041,50629,65535)  #3F71C5FF  srgba(63,113,197,1)
0,3: (16448,30326,53199,65535)  #4076CFFF  srgba(64,118,207,1)
1,3: (17219,18761,58082,65535)  #4349E2FF  srgba(67,73,226,1)
2,3: (17219,20303,50886,65535)  #434FC6FF  srgba(67,79,198,1)
3,3: (17476,22873,55512,65535)  #4459D8FF  srgba(68,89,216,1)
4,3: (17733,22873,64250,65535)  #4559FAFF  srgba(69,89,250,1)
5,3: (19018,37522,59624,65535)  #4A92E8FF  srgba(74,146,232,1)
6,3: (19275,25957,60909,65535)  #4B65EDFF  srgba(75,101,237,1)
7,3: (19275,49601,57311,65535)  #4BC1DFFF  srgba(75,193,223,1)
8,3: (20560,58082,59881,65535)  #50E2E9FF  srgba(80,226,233,1)
9,3: (22873,19789,49858,65535)  #594DC2FF  srgba(89,77,194,1)
10,3: (23130,19275,47802,65535)  #5A4BBAFF  srgba(90,75,186,1)
11,3: (23130,63222,51400,65535)  #5AF6C8FF  srgba(90,246,200,1)
12,3: (23901,63222,65021,65535)  #5DF6FDFF  srgba(93,246,253,1)
13,3: (23901,63479,54741,65535)  #5DF7D5FF  srgba(93,247,213,1)
14,3: (26728,20303,52171,65535)  #684FCBFF  srgba(104,79,203,1)
15,3: (26728,21331,57825,65535)  #6853E1FF  srgba(104,83,225,1)
0,4: (26728,54998,52428,65535)  #68D6CCFF  srgba(104,214,204,1)
1,4: (26985,22359,52942,65535)  #6957CEFF  srgba(105,87,206,1)
2,4: (27242,19275,58853,65535)  #6A4BE5FF  srgba(106,75,229,1)
3,4: (27499,20046,50886,65535)  #6B4EC6FF  srgba(107,78,198,1)
4,4: (28527,22873,55255,65535)  #6F59D7FF  srgba(111,89,215,1)
5,4: (28527,23130,64250,65535)  #6F5AFAFF  srgba(111,90,250,1)
6,4: (28527,52171,49087,65535)  #6FCBBFFF  srgba(111,203,191,1)
7,4: (30069,57825,49601,65535)  #75E1C1FF  srgba(117,225,193,1)
8,4: (30326,63222,51143,65535)  #76F6C7FF  srgba(118,246,199,1)
9,4: (31354,23901,52942,65535)  #7A5DCEFF  srgba(122,93,206,1)
10,4: (32639,63479,53713,65535)  #7FF7D1FF  srgba(127,247,209,1)
11,4: (32896,63222,58853,65535)  #80F6E5FF  srgba(128,246,229,1)
12,4: (33153,21074,57825,65535)  #8152E1FF  srgba(129,82,225,1)
13,4: (33153,24929,50886,65535)  #8161C6FF  srgba(129,97,198,1)
14,4: (33153,62965,65278,65535)  #81F5FEFF  srgba(129,245,254,1)
15,4: (33410,19275,58339,65535)  #824BE3FF  srgba(130,75,227,1)
0,5: (33410,22359,50886,65535)  #8257C6FF  srgba(130,87,198,1)
1,5: (33410,37008,52685,65535)  #8290CDFF  srgba(130,144,205,1)
2,5: (33667,26214,61166,65535)  #8366EEFF  srgba(131,102,238,1)
3,5: (33667,32639,45489,65535)  #837FB1FF  srgba(131,127,177,1)
4,5: (33924,22616,49601,65535)  #8458C1FF  srgba(132,88,193,1)
5,5: (33924,30069,48059,65535)  #8475BBFF  srgba(132,117,187,1)
6,5: (33924,34181,49601,65535)  #8485C1FF  srgba(132,133,193,1)
7,5: (33924,52942,58596,65535)  #84CEE4FF  srgba(132,206,228,1)
8,5: (34181,39321,50886,65535)  #8599C6FF  srgba(133,153,198,1)
9,5: (34181,59367,61937,65535)  #85E7F1FF  srgba(133,231,241,1)
10,5: (34438,38550,59367,65535)  #8696E7FF  srgba(134,150,231,1)
11,5: (34952,63222,50886,65535)  #88F6C6FF  srgba(136,246,198,1)
12,5: (36237,56540,52428,65535)  #8DDCCCFF  srgba(141,220,204,1)
13,5: (36751,22873,60395,65535)  #8F59EBFF  srgba(143,89,235,1)
14,5: (37008,22359,52685,65535)  #9057CDFF  srgba(144,87,205,1)
15,5: (37265,20303,50886,65535)  #914FC6FF  srgba(145,79,198,1)
0,6: (37265,56283,49344,65535)  #91DBC0FF  srgba(145,219,192,1)
1,6: (37522,19532,59110,65535)  #924CE6FF  srgba(146,76,230,1)
2,6: (37522,62965,65535,65535)  #92F5FFFF  srgba(146,245,255,1)
3,6: (37522,63479,55769,65535)  #92F7D9FF  srgba(146,247,217,1)
4,6: (37779,21331,59110,65535)  #9353E6FF  srgba(147,83,230,1)
5,6: (37779,62708,65021,65535)  #93F4FDFF  srgba(147,244,253,1)
6,6: (37779,63479,50886,65535)  #93F7C6FF  srgba(147,247,198,1)
7,6: (40092,21588,52685,65535)  #9C54CDFF  srgba(156,84,205,1)
8,6: (40092,63479,65535,65535)  #9CF7FFFF  srgba(156,247,255,1)
9,6: (40349,18761,57568,65535)  #9D49E0FF  srgba(157,73,224,1)
10,6: (40349,19532,57825,65535)  #9D4CE1FF  srgba(157,76,225,1)
11,6: (40349,20046,52942,65535)  #9D4ECEFF  srgba(157,78,206,1)
12,6: (40349,20046,63222,65535)  #9D4EF6FF  srgba(157,78,246,1)
13,6: (40349,20560,52685,65535)  #9D50CDFF  srgba(157,80,205,1)
14,6: (40349,20560,62708,65535)  #9D50F4FF  srgba(157,80,244,1)
15,6: (40349,21588,57568,65535)  #9D54E0FF  srgba(157,84,224,1)
0,7: (40349,21588,65535,65535)  #9D54FFFF  srgba(157,84,255,1)
1,7: (40349,63736,53199,65535)  #9DF8CFFF  srgba(157,248,207,1)
2,7: (40606,20560,50629,65535)  #9E50C5FF  srgba(158,80,197,1)
3,7: (40606,63736,61680,65535)  #9EF8F0FF  srgba(158,248,240,1)
4,7: (40863,63736,50629,65535)  #9FF8C5FF  srgba(159,248,197,1)
5,7: (41377,40092,56283,65535)  #A19CDBFF  srgba(161,156,219,1)
6,7: (41634,23130,53199,65535)  #A25ACFFF  srgba(162,90,207,1)
7,7: (41634,25186,63736,65535)  #A262F8FF  srgba(162,98,248,1)
8,7: (41634,33410,56026,65535)  #A282DAFF  srgba(162,130,218,1)
9,7: (41891,23130,62194,65535)  #A35AF2FF  srgba(163,90,242,1)
10,7: (41891,24929,53713,65535)  #A361D1FF  srgba(163,97,209,1)
11,7: (41891,46003,50115,65535)  #A3B3C3FF  srgba(163,179,195,1)
12,7: (42148,60652,49601,65535)  #A4ECC1FF  srgba(164,236,193,1)
13,7: (42405,57568,49858,65535)  #A5E0C2FF  srgba(165,224,194,1)
14,7: (42405,61680,65535,65535)  #A5F0FFFF  srgba(165,240,255,1)
15,7: (42662,25700,50629,65535)  #A664C5FF  srgba(166,100,197,1)
0,8: (42919,49344,57054,65535)  #A7C0DEFF  srgba(167,192,222,1)
1,8: (42919,61680,62194,65535)  #A7F0F2FF  srgba(167,240,242,1)
2,8: (43176,57568,55769,65535)  #A8E0D9FF  srgba(168,224,217,1)
3,8: (43433,20560,52942,65535)  #A950CEFF  srgba(169,80,206,1)
4,8: (43433,20560,61680,65535)  #A950F0FF  srgba(169,80,240,1)
5,8: (43433,21845,53199,65535)  #A955CFFF  srgba(169,85,207,1)
6,8: (43433,21845,63479,65535)  #A955F7FF  srgba(169,85,247,1)
7,8: (43433,59881,53970,65535)  #A9E9D2FF  srgba(169,233,210,1)
8,8: (43433,60138,64764,65535)  #A9EAFCFF  srgba(169,234,252,1)
9,8: (43433,61680,52942,65535)  #A9F0CEFF  srgba(169,240,206,1)
10,8: (43690,18504,58082,65535)  #AA48E2FF  srgba(170,72,226,1)
11,8: (43690,19789,58082,65535)  #AA4DE2FF  srgba(170,77,226,1)
12,8: (44718,63993,65278,65535)  #AEF9FEFF  srgba(174,249,254,1)
13,8: (44975,63736,47545,65535)  #AFF8B9FF  srgba(175,248,185,1)
14,8: (44975,63993,56283,65535)  #AFF9DBFF  srgba(175,249,219,1)
15,8: (45232,50886,46774,65535)  #B0C6B6FF  srgba(176,198,182,1)
0,9: (46517,25957,48573,65535)  #B565BDFF  srgba(181,101,189,1)
1,9: (46774,63993,50629,65535)  #B6F9C5FF  srgba(182,249,197,1)
2,9: (47031,20560,51143,65535)  #B750C7FF  srgba(183,80,199,1)
3,9: (47802,20303,49344,65535)  #BA4FC0FF  srgba(186,79,192,1)
4,9: (48316,19789,47288,65535)  #BC4DB8FF  srgba(188,77,184,1)
5,9: (48573,35980,57054,65535)  #BD8CDEFF  srgba(189,140,222,1)
6,9: (48830,23387,52942,65535)  #BE5BCEFF  srgba(190,91,206,1)
7,9: (49087,23387,62451,65535)  #BF5BF3FF  srgba(191,91,243,1)
8,9: (49601,25700,58339,65535)  #C164E3FF  srgba(193,100,227,1)
9,9: (50115,60652,49087,65535)  #C3ECBFFF  srgba(195,236,191,1)
10,9: (51657,63993,65278,65535)  #C9F9FEFF  srgba(201,249,254,1)
11,9: (51657,64250,56540,65535)  #C9FADCFF  srgba(201,250,220,1)
12,9: (51914,21588,53199,65535)  #CA54CFFF  srgba(202,84,207,1)
13,9: (51914,21588,62708,65535)  #CA54F4FF  srgba(202,84,244,1)
14,9: (52171,19018,63736,65535)  #CB4AF8FF  srgba(203,74,248,1)
15,9: (52171,19532,53199,65535)  #CB4CCFFF  srgba(203,76,207,1)
0,10: (52685,63993,50372,65535)  #CDF9C4FF  srgba(205,249,196,1)
1,10: (53456,25443,50629,65535)  #D063C5FF  srgba(208,99,197,1)
2,10: (53970,27756,46003,65535)  #D26CB3FF  srgba(210,108,179,1)
3,10: (55769,60909,61166,65535)  #D9EDEEFF  srgba(217,237,238,1)
4,10: (56540,48059,41891,65535)  #DCBBA3FF  srgba(220,187,163,1)
5,10: (57054,28784,42148,65535)  #DE70A4FF  srgba(222,112,164,1)
6,10: (57054,55769,49601,65535)  #DED9C1FF  srgba(222,217,193,1)
7,10: (57311,63736,47802,65535)  #DFF8BAFF  srgba(223,248,186,1)
8,10: (57825,59367,60909,65535)  #E1E7EDFF  srgba(225,231,237,1)
9,10: (57825,61937,57568,65535)  #E1F1E0FF  srgba(225,241,224,1)
10,10: (58339,48573,46260,65535)  #E3BDB4FF  srgba(227,189,180,1)
11,10: (58339,61937,65278,65535)  #E3F1FEFF  srgba(227,241,254,1)
12,10: (58596,54998,58853,65535)  #E4D6E5FF  srgba(228,214,229,1)
13,10: (58596,63993,51657,65535)  #E4F9C9FF  srgba(228,249,201,1)
14,10: (59367,42662,49601,65535)  #E7A6C1FF  srgba(231,166,193,1)
15,10: (59367,46517,59624,65535)  #E7B5E8FF  srgba(231,181,232,1)
0,11: (59624,20560,50886,65535)  #E850C6FF  srgba(232,80,198,1)
1,11: (59624,23387,53199,65535)  #E85BCFFF  srgba(232,91,207,1)
2,11: (60138,20303,48059,65535)  #EA4FBBFF  srgba(234,79,187,1)
3,11: (60138,23387,62708,65535)  #EA5BF4FF  srgba(234,91,244,1)
4,11: (60138,25957,59110,65535)  #EA65E6FF  srgba(234,101,230,1)
5,11: (60138,36494,58596,65535)  #EA8EE4FF  srgba(234,142,228,1)
6,11: (60395,61166,49858,65535)  #EBEEC2FF  srgba(235,238,194,1)
7,11: (60909,63736,65535,65535)  #EDF8FFFF  srgba(237,248,255,1)
8,11: (61166,19275,63736,65535)  #EE4BF8FF  srgba(238,75,248,1)
9,11: (61166,19532,53456,65535)  #EE4CD0FF  srgba(238,76,208,1)
10,11: (61166,21588,53199,65535)  #EE54CFFF  srgba(238,84,207,1)
11,11: (61166,63736,49344,65535)  #EEF8C0FF  srgba(238,248,192,1)
12,11: (61423,21588,62965,65535)  #EF54F5FF  srgba(239,84,245,1)
13,11: (61680,25186,50629,65535)  #F062C5FF  srgba(240,98,197,1)
14,11: (61937,26728,48316,65535)  #F168BCFF  srgba(241,104,188,1)
15,11: (61937,61166,47288,65535)  #F1EEB8FF  srgba(241,238,184,1)
0,12: (61937,63222,64507,65535)  #F1F6FBFF  srgba(241,246,251,1)
1,12: (61937,63479,57825,65535)  #F1F7E1FF  srgba(241,247,225,1)
2,12: (62194,63479,47802,65535)  #F2F7BAFF  srgba(242,247,186,1)
3,12: (62451,43433,45489,65535)  #F3A9B1FF  srgba(243,169,177,1)
4,12: (62451,53970,45746,65535)  #F3D2B2FF  srgba(243,210,178,1)
5,12: (62965,27242,45232,65535)  #F56AB0FF  srgba(245,106,176,1)
6,12: (62965,60909,62451,65535)  #F5EDF3FF  srgba(245,237,243,1)
7,12: (63222,63479,51657,65535)  #F6F7C9FF  srgba(246,247,201,1)
8,12: (63479,62708,47802,65535)  #F7F4BAFF  srgba(247,244,186,1)
9,12: (63736,61937,63222,65535)  #F8F1F6FF  srgba(248,241,246,1)
10,12: (63736,63222,48316,65535)  #F8F6BCFF  srgba(248,246,188,1)
11,12: (63993,63222,48316,65535)  #F9F6BCFF  srgba(249,246,188,1)
12,12: (63993,63479,49344,65535)  #F9F7C0FF  srgba(249,247,192,1)
13,12: (64250,61680,65278,65535)  #FAF0FEFF  srgba(250,240,254,1)
14,12: (64250,61937,64764,65535)  #FAF1FCFF  srgba(250,241,252,1)
15,12: (64507,62194,61166,65535)  #FBF2EEFF  srgba(251,242,238,1)
0,13: (64764,61423,48316,65535)  #FCEFBCFF  srgba(252,239,188,1)
1,13: (64764,61423,64507,65535)  #FCEFFBFF  srgba(252,239,251,1)
2,13: (64764,62194,48316,65535)  #FCF2BCFF  srgba(252,242,188,1)
3,13: (64764,62194,53713,65535)  #FCF2D1FF  srgba(252,242,209,1)
4,13: (64764,62194,65021,65535)  #FCF2FDFF  srgba(252,242,253,1)
5,13: (64764,62708,59110,65535)  #FCF4E6FF  srgba(252,244,230,1)
6,13: (64764,62965,48316,65535)  #FCF5BCFF  srgba(252,245,188,1)
7,13: (64764,62965,50629,65535)  #FCF5C5FF  srgba(252,245,197,1)
8,13: (64764,63736,48573,65535)  #FCF8BDFF  srgba(252,248,189,1)
9,13: (65021,60138,48830,65535)  #FDEABEFF  srgba(253,234,190,1)
10,13: (65021,60138,65278,65535)  #FDEAFEFF  srgba(253,234,254,1)
11,13: (65021,61423,55769,65535)  #FDEFD9FF  srgba(253,239,217,1)
12,13: (65021,62708,64764,65535)  #FDF4FCFF  srgba(253,244,252,1)
13,13: (65021,63736,59624,65535)  #FDF8E8FF  srgba(253,248,232,1)
14,13: (65021,63993,49344,65535)  #FDF9C0FF  srgba(253,249,192,1)
15,13: (65021,63993,50886,65535)  #FDF9C6FF  srgba(253,249,198,1)
0,14: (65278,19532,61680,65535)  #FE4CF0FF  srgba(254,76,240,1)
1,14: (65278,19532,65278,65535)  #FE4CFEFF  srgba(254,76,254,1)
2,14: (65278,20303,49344,65535)  #FE4FC0FF  srgba(254,79,192,1)
3,14: (65278,20560,51400,65535)  #FE50C8FF  srgba(254,80,200,1)
4,14: (65278,20560,60395,65535)  #FE50EBFF  srgba(254,80,235,1)
5,14: (65278,20560,65535,65535)  #FE50FFFF  srgba(254,80,255,1)
6,14: (65278,20817,65278,65535)  #FE51FEFF  srgba(254,81,254,1)
7,14: (65278,21331,49601,65535)  #FE53C1FF  srgba(254,83,193,1)
8,14: (65278,21331,50115,65535)  #FE53C3FF  srgba(254,83,195,1)
9,14: (65278,21588,49087,65535)  #FE54BFFF  srgba(254,84,191,1)
10,14: (65278,21588,51400,65535)  #FE54C8FF  srgba(254,84,200,1)
11,14: (65278,21845,48316,65535)  #FE55BCFF  srgba(254,85,188,1)
12,14: (65278,21845,57054,65535)  #FE55DEFF  srgba(254,85,222,1)
13,14: (65278,21845,65021,65535)  #FE55FDFF  srgba(254,85,253,1)
14,14: (65278,22616,47031,65535)  #FE58B7FF  srgba(254,88,183,1)
15,14: (65278,22873,65535,65535)  #FE59FFFF  srgba(254,89,255,1)
0,15: (65278,23644,51657,65535)  #FE5CC9FF  srgba(254,92,201,1)
1,15: (65278,24415,55769,65535)  #FE5FD9FF  srgba(254,95,217,1)
2,15: (65278,34695,53970,65535)  #FE87D2FF  srgba(254,135,210,1)
3,15: (65278,34952,62965,65535)  #FE88F5FF  srgba(254,136,245,1)
4,15: (65278,39321,50372,65535)  #FE99C4FF  srgba(254,153,196,1)
5,15: (65278,40606,47288,65535)  #FE9EB8FF  srgba(254,158,184,1)
6,15: (65278,41634,54484,65535)  #FEA2D4FF  srgba(254,162,212,1)
7,15: (65278,42148,64507,65535)  #FEA4FBFF  srgba(254,164,251,1)
8,15: (65278,51914,63479,65535)  #FECAF7FF  srgba(254,202,247,1)
9,15: (65278,53199,53199,65535)  #FECFCFFF  srgba(254,207,207,1)
10,15: (65278,53456,48573,65535)  #FED0BDFF  srgba(254,208,189,1)
11,15: (65278,59881,55512,65535)  #FEE9D8FF  srgba(254,233,216,1)
12,15: (65278,62451,65278,65535)  #FEF3FEFF  srgba(254,243,254,1)
13,15: (65278,62965,65535,65535)  #FEF5FFFF  srgba(254,245,255,1)
14,15: (65278,63479,65278,65535)  #FEF7FEFF  srgba(254,247,254,1)
15,15: (0,65535,0,0)  #00FF0000  srgba(0,255,0,0)
