# ImageMagick pixel enumeration: 16,16,65535,srgba
0,0: (514,3341,30583,65535)  #020D77FF  srgba(2,13,119,1)
1,0: (771,3341,32639,65535)  #030D7FFF  srgba(3,13,127,1)
2,0: (1028,0,30583,65535)  #040077FF  srgba(4,0,119,1)
3,0: (1028,3084,41377,65535)  #040CA1FF  srgba(4,12,161,1)
4,0: (1028,10023,30583,65535)  #042777FF  srgba(4,39,119,1)
5,0: (1285,1285,28527,65535)  #05056FFF  srgba(5,5,111,1)
6,0: (1285,3341,37522,65535)  #050D92FF  srgba(5,13,146,1)
7,0: (1285,4369,34695,65535)  #051187FF  srgba(5,17,135,1)
8,0: (1542,0,37522,65535)  #060092FF  srgba(6,0,146,1)
9,0: (1542,514,45746,65535)  #0602B2FF  srgba(6,2,178,1)
10,0: (1799,0,40349,65535)  #07009DFF  srgba(7,0,157,1)
11,0: (1799,0,50372,65535)  #0700C4FF  srgba(7,0,196,1)
12,0: (1799,1028,25957,65535)  #070465FF  srgba(7,4,101,1)
13,0: (1799,8995,28270,65535)  #07236EFF  srgba(7,35,110,1)
14,0: (2056,0,32896,65535)  #080080FF  srgba(8,0,128,1)
15,0: (2056,0,46003,65535)  #0800B3FF  srgba(8,0,179,1)
0,1: (2056,8224,25957,65535)  #082065FF  srgba(8,32,101,1)
1,1: (2056,10537,32896,65535)  #082980FF  srgba(8,41,128,1)
2,1: (2313,0,37522,65535)  #090092FF  srgba(9,0,146,1)
3,1: (2313,0,42662,65535)  #0900A6FF  srgba(9,0,166,1)
4,1: (2313,5397,50629,65535)  #0915C5FF  srgba(9,21,197,1)
5,1: (2313,6168,46260,65535)  #0918B4FF  srgba(9,24,180,1)
6,1: (2313,13364,34952,65535)  #093488FF  srgba(9,52,136,1)
7,1: (2313,50629,55255,65535)  #09C5D7FF  srgba(9,197,215,1)
8,1: (2570,0,41377,65535)  #0A00A1FF  srgba(10,0,161,1)
9,1: (2570,6939,54998,65535)  #0A1BD6FF  srgba(10,27,214,1)
10,1: (2570,7196,60395,65535)  #0A1CEBFF  srgba(10,28,235,1)
11,1: (2570,8481,46260,65535)  #0A21B4FF  srgba(10,33,180,1)
12,1: (2570,9252,34952,65535)  #0A2488FF  srgba(10,36,136,1)
13,1: (2570,10023,50629,65535)  #0A27C5FF  srgba(10,39,197,1)
14,1: (2570,11822,46260,65535)  #0A2EB4FF  srgba(10,46,180,1)
15,1: (2570,13107,60909,65535)  #0A33EDFF  srgba(10,51,237,1)
0,2: (2570,14135,50886,65535)  #0A37C6FF  srgba(10,55,198,1)
1,2: (2570,14649,46517,65535)  #0A39B5FF  srgba(10,57,181,1)
2,2: (2570,19532,33924,65535)  #0A4C84FF  srgba(10,76,132,1)
3,2: (2570,42662,60395,65535)  #0AA6EBFF  srgba(10,166,235,1)
4,2: (2570,43690,52942,65535)  #0AAACEFF  srgba(10,170,206,1)
5,2: (2570,46260,54227,65535)  #0AB4D3FF  srgba(10,180,211,1)
6,2: (2570,46774,60909,65535)  #0AB6EDFF  srgba(10,182,237,1)
7,2: (2570,52171,59881,65535)  #0ACBE9FF  srgba(10,203,233,1)
8,2: (2570,52428,63222,65535)  #0ACCF6FF  srgba(10,204,246,1)
9,2: (2827,0,28270,65535)  #0B006EFF  srgba(11,0,110,1)
10,2: (2827,0,34952,65535)  #0B0088FF  srgba(11,0,136,1)
11,2: (2827,0,41377,65535)  #0B00A1FF  srgba(11,0,161,1)
12,2: (2827,7710,34952,65535)  #0B1E88FF  srgba(11,30,136,1)
13,2: (2827,7710,40092,65535)  #0B1E9CFF  srgba(11,30,156,1)
14,2: (2827,7710,42662,65535)  #0B1EA6FF  srgba(11,30,166,1)
15,2: (2827,7710,50629,65535)  #0B1EC5FF  srgba(11,30,197,1)
0,3: (2827,11051,41377,65535)  #0B2BA1FF  srgba(11,43,161,1)
1,3: (2827,12850,54998,65535)  #0B32D6FF  srgba(11,50,214,1)
2,3: (2827,14649,41377,65535)  #0B39A1FF  srgba(11,57,161,1)
3,3: (2827,20303,35980,65535)  #0B4F8CFF  srgba(11,79,140,1)
4,3: (2827,23644,37265,65535)  #0B5C91FF  srgba(11,92,145,1)
5,3: (2827,24672,53970,65535)  #0B60D2FF  srgba(11,96,210,1)
6,3: (2827,27499,49601,65535)  #0B6BC1FF  srgba(11,107,193,1)
7,3: (2827,27499,53970,65535)  #0B6BD2FF  srgba(11,107,210,1)
8,3: (2827,30326,48573,65535)  #0B76BDFF  srgba(11,118,189,1)
9,3: (2827,31611,52685,65535)  #0B7BCDFF  srgba(11,123,205,1)
10,3: (2827,31868,55512,65535)  #0B7CD8FF  srgba(11,124,216,1)
11,3: (2827,32382,59367,65535)  #0B7EE7FF  srgba(11,126,231,1)
12,3: (2827,32382,64250,65535)  #0B7EFAFF  srgba(11,126,250,1)
13,3: (2827,33153,48573,65535)  #0B81BDFF  srgba(11,129,189,1)
14,3: (2827,36494,50115,65535)  #0B8EC3FF  srgba(11,142,195,1)
15,3: (2827,36494,54741,65535)  #0B8ED5FF  srgba(11,142,213,1)
0,4: (2827,37779,60138,65535)  #0B93EAFF  srgba(11,147,234,1)
1,4: (2827,37779,64764,65535)  #0B93FCFF  srgba(11,147,252,1)
2,4: (2827,40349,54227,65535)  #0B9DD3FF  srgba(11,157,211,1)
3,4: (2827,42405,65021,65535)  #0BA5FDFF  srgba(11,165,253,1)
4,4: (2827,46774,65278,65535)  #0BB6FEFF  srgba(11,182,254,1)
5,4: (2827,52428,65278,65535)  #0BCCFEFF  srgba(11,204,254,1)
6,4: (2827,57568,64507,65535)  #0BE0FBFF  srgba(11,224,251,1)
7,4: (2827,60138,64764,65535)  #0BEAFCFF  srgba(11,234,252,1)
8,4: (3084,6682,37522,65535)  #0C1A92FF  srgba(12,26,146,1)
9,4: (3084,8224,37265,65535)  #0C2091FF  srgba(12,32,145,1)
10,4: (3084,11565,37265,65535)  #0C2D91FF  srgba(12,45,145,1)
11,4: (3084,14906,37522,65535)  #0C3A92FF  srgba(12,58,146,1)
12,4: (3084,17733,49601,65535)  #0C45C1FF  srgba(12,69,193,1)
13,4: (3084,17990,46003,65535)  #0C46B3FF  srgba(12,70,179,1)
14,4: (3084,17990,53713,65535)  #0C46D1FF  srgba(12,70,209,1)
15,4: (3084,18247,42148,65535)  #0C47A4FF  srgba(12,71,164,1)
0,5: (3084,18504,37265,65535)  #0C4891FF  srgba(12,72,145,1)
1,5: (3084,19275,39064,65535)  #0C4B98FF  srgba(12,75,152,1)
2,5: (3084,20046,63222,65535)  #0C4EF6FF  srgba(12,78,246,1)
3,5: (3084,20303,58339,65535)  #0C4FE3FF  srgba(12,79,227,1)
4,5: (3084,21331,46003,65535)  #0C53B3FF  srgba(12,83,179,1)
5,5: (3084,21331,49601,65535)  #0C53C1FF  srgba(12,83,193,1)
6,5: (3084,21331,53713,65535)  #0C53D1FF  srgba(12,83,209,1)
7,5: (3084,21588,42148,65535)  #0C54A4FF  srgba(12,84,164,1)
8,5: (3084,24415,42148,65535)  #0C5FA4FF  srgba(12,95,164,1)
9,5: (3084,24415,49344,65535)  #0C5FC0FF  srgba(12,95,192,1)
10,5: (3084,24672,39064,65535)  #0C6098FF  srgba(12,96,152,1)
11,5: (3084,25957,46003,65535)  #0C65B3FF  srgba(12,101,179,1)
12,5: (3084,26471,58339,65535)  #0C67E3FF  srgba(12,103,227,1)
13,5: (3084,26471,63479,65535)  #0C67F7FF  srgba(12,103,247,1)
14,5: (3084,27499,42148,65535)  #0C6BA4FF  srgba(12,107,164,1)
15,5: (3084,31354,39321,65535)  #0C7A99FF  srgba(12,122,153,1)
0,6: (3084,40092,48316,65535)  #0C9CBCFF  srgba(12,156,188,1)
1,6: (3341,0,25957,65535)  #0D0065FF  srgba(13,0,101,1)
2,6: (3341,1285,23644,65535)  #0D055CFF  srgba(13,5,92,1)
3,6: (3341,4626,32639,65535)  #0D127FFF  srgba(13,18,127,1)
4,6: (3341,31611,41634,65535)  #0D7BA2FF  srgba(13,123,162,1)
5,6: (3341,31868,44204,65535)  #0D7CACFF  srgba(13,124,172,1)
6,6: (3598,35980,42919,65535)  #0E8CA7FF  srgba(14,140,167,1)
7,6: (3598,36494,46517,65535)  #0E8EB5FF  srgba(14,142,181,1)
8,6: (3855,0,37522,65535)  #0F0092FF  srgba(15,0,146,1)
9,6: (3855,0,45489,65535)  #0F00B1FF  srgba(15,0,177,1)
10,6: (3855,2313,49087,65535)  #0F09BFFF  srgba(15,9,191,1)
11,6: (3855,5654,46003,65535)  #0F16B3FF  srgba(15,22,179,1)
12,6: (3855,7710,49344,65535)  #0F1EC0FF  srgba(15,30,192,1)
13,6: (3855,7710,52942,65535)  #0F1ECEFF  srgba(15,30,206,1)
14,6: (3855,7967,58853,65535)  #0F1FE5FF  srgba(15,31,229,1)
15,6: (3855,8995,45746,65535)  #0F23B2FF  srgba(15,35,178,1)
0,7: (3855,12593,49344,65535)  #0F31C0FF  srgba(15,49,192,1)
1,7: (3855,13621,53199,65535)  #0F35CFFF  srgba(15,53,207,1)
2,7: (3855,13621,59624,65535)  #0F35E8FF  srgba(15,53,232,1)
3,7: (4112,0,45489,65535)  #1000B1FF  srgba(16,0,177,1)
4,7: (4112,257,18247,65535)  #100147FF  srgba(16,1,71,1)
5,7: (4112,9252,30840,65535)  #102478FF  srgba(16,36,120,1)
6,7: (4112,13621,45746,65535)  #1035B2FF  srgba(16,53,178,1)
7,7: (4369,0,37522,65535)  #110092FF  srgba(17,0,146,1)
8,7: (4369,0,41377,65535)  #1100A1FF  srgba(17,0,161,1)
9,7: (4369,6168,37265,65535)  #111891FF  srgba(17,24,145,1)
10,7: (4369,6682,41377,65535)  #111AA1FF  srgba(17,26,161,1)
11,7: (4369,7710,34952,65535)  #111E88FF  srgba(17,30,136,1)
12,7: (4369,8995,37265,65535)  #112391FF  srgba(17,35,145,1)
13,7: (4369,10280,41377,65535)  #1128A1FF  srgba(17,40,161,1)
14,7: (4369,10794,32896,65535)  #112A80FF  srgba(17,42,128,1)
15,7: (4369,14135,41120,65535)  #1137A0FF  srgba(17,55,160,1)
0,8: (4369,41634,62708,65535)  #11A2F4FF  srgba(17,162,244,1)
1,8: (4369,46517,63222,65535)  #11B5F6FF  srgba(17,181,246,1)
2,8: (4626,0,30583,65535)  #120077FF  srgba(18,0,119,1)
3,8: (4626,0,30583,65535)  #120077FF  srgba(18,0,119,1)
4,8: (4626,4112,49087,65535)  #1210BFFF  srgba(18,16,191,1)
5,8: (4626,7967,52428,65535)  #121FCCFF  srgba(18,31,204,1)
6,8: (4626,8995,58339,65535)  #1223E3FF  srgba(18,35,227,1)
7,8: (4626,12336,34952,65535)  #123088FF  srgba(18,48,136,1)
8,8: (4626,12850,49344,65535)  #1232C0FF  srgba(18,50,192,1)
9,8: (4626,13364,37522,65535)  #123492FF  srgba(18,52,146,1)
10,8: (4626,13878,55769,65535)  #1236D9FF  srgba(18,54,217,1)
11,8: (4626,19018,39321,65535)  #124A99FF  srgba(18,74,153,1)
12,8: (4626,19789,35723,65535)  #124D8BFF  srgba(18,77,139,1)
13,8: (4626,20046,52942,65535)  #124ECEFF  srgba(18,78,206,1)
14,8: (4626,20303,62965,65535)  #124FF5FF  srgba(18,79,245,1)
15,8: (4626,20560,57568,65535)  #1250E0FF  srgba(18,80,224,1)
0,9: (4626,20817,37779,65535)  #125193FF  srgba(18,81,147,1)
1,9: (4626,21588,47288,65535)  #1254B8FF  srgba(18,84,184,1)
2,9: (4626,24672,39321,65535)  #126099FF  srgba(18,96,153,1)
3,9: (4626,25957,48830,65535)  #1265BEFF  srgba(18,101,190,1)
4,9: (4626,26728,63479,65535)  #1268F7FF  srgba(18,104,247,1)
5,9: (4626,31611,61937,65535)  #127BF1FF  srgba(18,123,241,1)
6,9: (4626,36751,62451,65535)  #128FF3FF  srgba(18,143,243,1)
7,9: (4626,50886,63736,65535)  #12C6F8FF  srgba(18,198,248,1)
8,9: (4626,55255,64507,65535)  #12D7FBFF  srgba(18,215,251,1)
9,9: (4626,58853,65021,65535)  #12E5FDFF  srgba(18,229,253,1)
10,9: (4883,0,37522,65535)  #130092FF  srgba(19,0,146,1)
11,9: (4883,771,45746,65535)  #1303B2FF  srgba(19,3,178,1)
12,9: (4883,4369,37522,65535)  #131192FF  srgba(19,17,146,1)
13,9: (4883,8738,41120,65535)  #1322A0FF  srgba(19,34,160,1)
14,9: (4883,9509,37265,65535)  #132591FF  srgba(19,37,145,1)
15,9: (4883,11565,46003,65535)  #132DB3FF  srgba(19,45,179,1)
0,10: (4883,18247,47288,65535)  #1347B8FF  srgba(19,71,184,1)
1,10: (4883,19789,41891,65535)  #134DA3FF  srgba(19,77,163,1)
2,10: (4883,25700,42148,65535)  #1364A4FF  srgba(19,100,164,1)
3,10: (4883,25700,45746,65535)  #1364B2FF  srgba(19,100,178,1)
4,10: (4883,26214,53199,65535)  #1366CFFF  srgba(19,102,207,1)
5,10: (4883,26728,57568,65535)  #1368E0FF  srgba(19,104,224,1)
6,10: (4883,31354,48573,65535)  #137ABDFF  srgba(19,122,189,1)
7,10: (4883,31611,53970,65535)  #137BD2FF  srgba(19,123,210,1)
8,10: (5140,0,32896,65535)  #140080FF  srgba(20,0,128,1)
9,10: (5140,0,41120,65535)  #1400A0FF  srgba(20,0,160,1)
10,10: (5140,2570,32896,65535)  #140A80FF  srgba(20,10,128,1)
11,10: (5140,36751,52171,65535)  #148FCBFF  srgba(20,143,203,1)
12,10: (5140,43433,52942,65535)  #14A9CEFF  srgba(20,169,206,1)
13,10: (5397,4112,49087,65535)  #1510BFFF  srgba(21,16,191,1)
14,10: (5397,8481,54741,65535)  #1521D5FF  srgba(21,33,213,1)
15,10: (5397,13364,49087,65535)  #1534BFFF  srgba(21,52,191,1)
0,11: (5397,14135,40863,65535)  #15379FFF  srgba(21,55,159,1)
1,11: (5397,14135,55255,65535)  #1537D7FF  srgba(21,55,215,1)
2,11: (5397,19532,35980,65535)  #154C8CFF  srgba(21,76,140,1)
3,11: (5397,31611,40606,65535)  #157B9EFF  srgba(21,123,158,1)
4,11: (5397,31868,44204,65535)  #157CACFF  srgba(21,124,172,1)
5,11: (5397,40349,53970,65535)  #159DD2FF  srgba(21,157,210,1)
6,11: (5397,52942,63736,65535)  #15CEF8FF  srgba(21,206,248,1)
7,11: (5654,0,34952,65535)  #160088FF  srgba(22,0,136,1)
8,11: (5654,8738,41377,65535)  #1622A1FF  srgba(22,34,161,1)
9,11: (5654,21331,39321,65535)  #165399FF  srgba(22,83,153,1)
10,11: (5654,31611,61423,65535)  #167BEFFF  srgba(22,123,239,1)
11,11: (5654,36751,62194,65535)  #168FF2FF  srgba(22,143,242,1)
12,11: (5654,41634,62708,65535)  #16A2F4FF  srgba(22,162,244,1)
13,11: (5654,46517,62451,65535)  #16B5F3FF  srgba(22,181,243,1)
14,11: (5654,58596,65021,65535)  #16E4FDFF  srgba(22,228,253,1)
15,11: (5911,8224,37265,65535)  #172091FF  srgba(23,32,145,1)
0,12: (5911,13621,37522,65535)  #173592FF  srgba(23,53,146,1)
1,12: (5911,17990,38036,65535)  #174694FF  srgba(23,70,148,1)
2,12: (5911,19275,41891,65535)  #174BA3FF  srgba(23,75,163,1)
3,12: (5911,20560,47031,65535)  #1750B7FF  srgba(23,80,183,1)
4,12: (5911,21331,58339,65535)  #1753E3FF  srgba(23,83,227,1)
5,12: (5911,25186,42148,65535)  #1762A4FF  srgba(23,98,164,1)
6,12: (5911,26471,47545,65535)  #1767B9FF  srgba(23,103,185,1)
7,12: (6168,0,37265,65535)  #180091FF  srgba(24,0,145,1)
8,12: (6168,21074,52171,65535)  #1852CBFF  srgba(24,82,203,1)
9,12: (6168,23387,38036,65535)  #185B94FF  srgba(24,91,148,1)
10,12: (6168,26985,52171,65535)  #1869CBFF  srgba(24,105,203,1)
11,12: (6168,26985,58853,65535)  #1869E5FF  srgba(24,105,229,1)
12,12: (6168,31611,48573,65535)  #187BBDFF  srgba(24,123,189,1)
13,12: (6168,31611,54484,65535)  #187BD4FF  srgba(24,123,212,1)
14,12: (6168,36237,44718,65535)  #188DAEFF  srgba(24,141,174,1)
15,12: (6425,0,41377,65535)  #1900A1FF  srgba(25,0,161,1)
0,13: (6425,514,45746,65535)  #1902B2FF  srgba(25,2,178,1)
1,13: (6425,8481,49344,65535)  #1921C0FF  srgba(25,33,192,1)
2,13: (6425,11051,53970,65535)  #192BD2FF  srgba(25,43,210,1)
3,13: (6425,48573,55512,65535)  #19BDD8FF  srgba(25,189,216,1)
4,13: (6682,12336,45746,65535)  #1A30B2FF  srgba(26,48,178,1)
5,13: (6682,20560,35723,65535)  #1A508BFF  srgba(26,80,139,1)
6,13: (6682,45489,54484,65535)  #1AB1D4FF  srgba(26,177,212,1)
7,13: (6682,52428,63222,65535)  #1ACCF6FF  srgba(26,204,246,1)
8,13: (6682,58339,64764,65535)  #1AE3FCFF  srgba(26,227,252,1)
9,13: (6939,17990,39321,65535)  #1B4699FF  srgba(27,70,153,1)
10,13: (6939,18504,41891,65535)  #1B48A3FF  srgba(27,72,163,1)
11,13: (6939,24158,42405,65535)  #1B5EA5FF  srgba(27,94,165,1)
12,13: (7196,20303,47031,65535)  #1C4FB7FF  srgba(28,79,183,1)
13,13: (7196,23644,39321,65535)  #1C5C99FF  srgba(28,92,153,1)
14,13: (7196,25957,47545,65535)  #1C65B9FF  srgba(28,101,185,1)
15,13: (7196,34181,61423,65535)  #1C85EFFF  srgba(28,133,239,1)
0,14: (7196,40092,48830,65535)  #1C9CBEFF  srgba(28,156,190,1)
1,14: (7196,44461,61937,65535)  #1CADF1FF  srgba(28,173,241,1)
2,14: (7453,8481,41377,65535)  #1D21A1FF  srgba(29,33,161,1)
3,14: (7453,14392,41377,65535)  #1D38A1FF  srgba(29,56,161,1)
4,14: (7710,37008,50886,65535)  #1E90C6FF  srgba(30,144,198,1)
5,14: (7967,20817,42148,65535)  #1F51A4FF  srgba(31,81,164,1)
6,14: (7967,23644,52171,65535)  #1F5CCBFF  srgba(31,92,203,1)
7,14: (7967,24415,57568,65535)  #1F5FE0FF  srgba(31,95,224,1)
8,14: (7967,31868,41120,65535)  #1F7CA0FF  srgba(31,124,160,1)
9,14: (7967,54484,63479,65535)  #1FD4F7FF  srgba(31,212,247,1)
10,14: (8224,31868,50886,65535)  #207CC6FF  srgba(32,124,198,1)
11,14: (8481,22102,47545,65535)  #2156B9FF  srgba(33,86,185,1)
12,14: (8738,43176,53456,65535)  #22A8D0FF  srgba(34,168,208,1)
13,14: (8995,10537,49601,65535)  #2329C1FF  srgba(35,41,193,1)
14,14: (8995,32382,44461,65535)  #237EADFF  srgba(35,126,173,1)
15,14: (8995,36237,45489,65535)  #238DB1FF  srgba(35,141,177,1)
0,15: (9509,22873,52685,65535)  #2559CDFF  srgba(37,89,205,1)
1,15: (9509,23901,58339,65535)  #255DE3FF  srgba(37,93,227,1)
2,15: (9509,34952,61680,65535)  #2588F0FF  srgba(37,136,240,1)
3,15: (9766,45746,61423,65535)  #26B2EFFF  srgba(38,178,239,1)
4,15: (10023,12593,54998,65535)  #2731D6FF  srgba(39,49,214,1)
5,15: (10023,40606,53713,65535)  #279ED1FF  srgba(39,158,209,1)
6,15: (10280,23644,42405,65535)  #285CA5FF  srgba(40,92,165,1)
7,15: (10794,23130,56283,65535)  #2A5ADBFF  srgba(42,90,219,1)
8,15: (10794,23387,47288,65535)  #2A5BB8FF  srgba(42,91,184,1)
9,15: (11308,53199,63993,65535)  #2CCFF9FF  srgba(44,207,249,1)
10,15: (11822,36751,51143,65535)  #2E8FC7FF  srgba(46,143,199,1)
11,15: (12079,32382,49601,65535)  #2F7EC1FF  srgba(47,126,193,1)
12,15: (13364,22873,57311,65535)  #3459DFFF  srgba(52,89,223,1)
13,15: (13364,45746,61680,65535)  #34B2F0FF  srgba(52,178,240,1)
14,15: (13621,37008,61680,65535)  #3590F0FF  srgba(53,144,240,1)
15,15: (0,65535,0,0)  #00FF0000  srgba(0,255,0,0)
