# ImageMagick pixel enumeration: 16,16,65535,srgba
0,0: (45746,17219,5911,65535)  #B24317FF  srgba(178,67,23,1)
1,0: (46260,3341,8481,65535)  #B40D21FF  srgba(180,13,33,1)
2,0: (46517,0,10023,65535)  #B50027FF  srgba(181,0,39,1)
3,0: (46517,16962,10023,65535)  #B54227FF  srgba(181,66,39,1)
4,0: (47031,12336,7967,65535)  #B7301FFF  srgba(183,48,31,1)
5,0: (47031,23644,7453,65535)  #B75C1DFF  srgba(183,92,29,1)
6,0: (47802,16705,6168,65535)  #BA4118FF  srgba(186,65,24,1)
7,0: (48059,16448,10280,65535)  #BB4028FF  srgba(187,64,40,1)
8,0: (48316,0,13621,65535)  #BC0035FF  srgba(188,0,53,1)
9,0: (48316,0,13878,65535)  #BC0036FF  srgba(188,0,54,1)
10,0: (48316,21331,15420,65535)  #BC533CFF  srgba(188,83,60,1)
11,0: (48573,6425,13621,65535)  #BD1935FF  srgba(189,25,53,1)
12,0: (48830,257,16448,65535)  #BE0140FF  srgba(190,1,64,1)
13,0: (48830,17476,15677,65535)  #BE443DFF  srgba(190,68,61,1)
14,0: (49087,514,10537,65535)  #BF0229FF  srgba(191,2,41,1)
15,0: (49087,14392,11051,65535)  #BF382BFF  srgba(191,56,43,1)
0,1: (49087,15420,15934,65535)  #BF3C3EFF  srgba(191,60,62,1)
1,1: (49087,15934,8738,65535)  #BF3E22FF  srgba(191,62,34,1)
2,1: (49087,16448,6168,65535)  #BF4018FF  srgba(191,64,24,1)
3,1: (49087,17476,11051,65535)  #BF442BFF  srgba(191,68,43,1)
4,1: (49344,514,19275,65535)  #C0024BFF  srgba(192,2,75,1)
5,1: (49344,12079,8995,65535)  #C02F23FF  srgba(192,47,35,1)
6,1: (49344,22359,7967,65535)  #C0571FFF  srgba(192,87,31,1)
7,1: (49344,24672,11565,65535)  #C0602DFF  srgba(192,96,45,1)
8,1: (49344,28270,8738,65535)  #C06E22FF  srgba(192,110,34,1)
9,1: (49858,0,23130,65535)  #C2005AFF  srgba(194,0,90,1)
10,1: (49858,13621,15934,65535)  #C2353EFF  srgba(194,53,62,1)
11,1: (49858,22102,15677,65535)  #C2563DFF  srgba(194,86,61,1)
12,1: (50115,1285,23387,65535)  #C3055BFF  srgba(195,5,91,1)
13,1: (50372,14906,9766,65535)  #C43A26FF  srgba(196,58,38,1)
14,1: (50372,15163,8224,65535)  #C43B20FF  srgba(196,59,32,1)
15,1: (50372,15934,6425,65535)  #C43E19FF  srgba(196,62,25,1)
0,2: (50372,15934,11565,65535)  #C43E2DFF  srgba(196,62,45,1)
1,2: (50372,25443,8481,65535)  #C46321FF  srgba(196,99,33,1)
2,2: (50372,32125,9252,65535)  #C47D24FF  srgba(196,125,36,1)
3,2: (50372,32382,8738,65535)  #C47E22FF  srgba(196,126,34,1)
4,2: (50372,33153,8481,65535)  #C48121FF  srgba(196,129,33,1)
5,2: (50629,0,13878,65535)  #C50036FF  srgba(197,0,54,1)
6,2: (50629,4626,10280,65535)  #C51228FF  srgba(197,18,40,1)
7,2: (50629,4626,13621,65535)  #C51235FF  srgba(197,18,53,1)
8,2: (50629,13364,11822,65535)  #C5342EFF  srgba(197,52,46,1)
9,2: (50629,18247,19275,65535)  #C5474BFF  srgba(197,71,75,1)
10,2: (50629,18761,20046,65535)  #C5494EFF  srgba(197,73,78,1)
11,2: (50629,31868,11565,65535)  #C57C2DFF  srgba(197,124,45,1)
12,2: (50629,32382,11565,65535)  #C57E2DFF  srgba(197,126,45,1)
13,2: (50629,33153,10537,65535)  #C58129FF  srgba(197,129,41,1)
14,2: (50886,257,16705,65535)  #C60141FF  srgba(198,1,65,1)
15,2: (50886,514,19275,65535)  #C6024BFF  srgba(198,2,75,1)
0,3: (50886,12336,10537,65535)  #C63029FF  srgba(198,48,41,1)
1,3: (50886,12593,13621,65535)  #C63135FF  srgba(198,49,53,1)
2,3: (50886,12850,10280,65535)  #C63228FF  srgba(198,50,40,1)
3,3: (50886,13878,20046,65535)  #C6364EFF  srgba(198,54,78,1)
4,3: (50886,15163,15934,65535)  #C63B3EFF  srgba(198,59,62,1)
5,3: (50886,31868,9766,65535)  #C67C26FF  srgba(198,124,38,1)
6,3: (50886,31868,11308,65535)  #C67C2CFF  srgba(198,124,44,1)
7,3: (50886,32125,9509,65535)  #C67D25FF  srgba(198,125,37,1)
8,3: (50886,32125,12336,65535)  #C67D30FF  srgba(198,125,48,1)
9,3: (50886,32896,11822,65535)  #C6802EFF  srgba(198,128,46,1)
10,3: (51143,12336,17219,65535)  #C73043FF  srgba(199,48,67,1)
11,3: (51143,13621,16448,65535)  #C73540FF  srgba(199,53,64,1)
12,3: (51143,13621,22873,65535)  #C73559FF  srgba(199,53,89,1)
13,3: (51143,13878,19275,65535)  #C7364BFF  srgba(199,54,75,1)
14,3: (51143,18761,15934,65535)  #C7493EFF  srgba(199,73,62,1)
15,3: (51143,19018,22359,65535)  #C74A57FF  srgba(199,74,87,1)
0,4: (51143,19275,20817,65535)  #C74B51FF  srgba(199,75,81,1)
1,4: (51143,24158,15677,65535)  #C75E3DFF  srgba(199,94,61,1)
2,4: (51143,32639,11051,65535)  #C77F2BFF  srgba(199,127,43,1)
3,4: (51143,33153,9252,65535)  #C78124FF  srgba(199,129,36,1)
4,4: (51400,0,23130,65535)  #C8005AFF  srgba(200,0,90,1)
5,4: (51400,2827,13621,65535)  #C80B35FF  srgba(200,11,53,1)
6,4: (51400,11308,21845,65535)  #C82C55FF  srgba(200,44,85,1)
7,4: (51400,12079,13621,65535)  #C82F35FF  srgba(200,47,53,1)
8,4: (51400,12336,13364,65535)  #C83034FF  srgba(200,48,52,1)
9,4: (51400,12336,19275,65535)  #C8304BFF  srgba(200,48,75,1)
10,4: (51400,12593,11051,65535)  #C8312BFF  srgba(200,49,43,1)
11,4: (51400,12850,13364,65535)  #C83234FF  srgba(200,50,52,1)
12,4: (51400,13621,20817,65535)  #C83551FF  srgba(200,53,81,1)
13,4: (51400,32382,11308,65535)  #C87E2CFF  srgba(200,126,44,1)
14,4: (51400,32382,14135,65535)  #C87E37FF  srgba(200,126,55,1)
15,4: (51400,32382,17476,65535)  #C87E44FF  srgba(200,126,68,1)
0,5: (51400,33153,10537,65535)  #C88129FF  srgba(200,129,41,1)
1,5: (51400,33153,12336,65535)  #C88130FF  srgba(200,129,48,1)
2,5: (51400,33153,13621,65535)  #C88135FF  srgba(200,129,53,1)
3,5: (51657,1028,26214,65535)  #C90466FF  srgba(201,4,102,1)
4,5: (51657,1542,22873,65535)  #C90659FF  srgba(201,6,89,1)
5,5: (51657,12079,14135,65535)  #C92F37FF  srgba(201,47,55,1)
6,5: (51657,12336,19275,65535)  #C9304BFF  srgba(201,48,75,1)
7,5: (51657,12850,11565,65535)  #C9322DFF  srgba(201,50,45,1)
8,5: (51657,13364,14649,65535)  #C93439FF  srgba(201,52,57,1)
9,5: (51657,13364,20046,65535)  #C9344EFF  srgba(201,52,78,1)
10,5: (51657,13621,9766,65535)  #C93526FF  srgba(201,53,38,1)
11,5: (51657,13621,12079,65535)  #C9352FFF  srgba(201,53,47,1)
12,5: (51657,17733,8481,65535)  #C94521FF  srgba(201,69,33,1)
13,5: (51657,17990,11822,65535)  #C9462EFF  srgba(201,70,46,1)
14,5: (51657,23644,8738,65535)  #C95C22FF  srgba(201,92,34,1)
15,5: (51657,24158,11822,65535)  #C95E2EFF  srgba(201,94,46,1)
0,6: (51657,31611,19532,65535)  #C97B4CFF  srgba(201,123,76,1)
1,6: (51657,32639,15420,65535)  #C97F3CFF  srgba(201,127,60,1)
2,6: (51657,32639,16448,65535)  #C97F40FF  srgba(201,127,64,1)
3,6: (51657,33153,12336,65535)  #C98130FF  srgba(201,129,48,1)
4,6: (51914,0,16962,65535)  #CA0042FF  srgba(202,0,66,1)
5,6: (51914,0,19532,65535)  #CA004CFF  srgba(202,0,76,1)
6,6: (51914,257,16705,65535)  #CA0141FF  srgba(202,1,65,1)
7,6: (51914,1028,19275,65535)  #CA044BFF  srgba(202,4,75,1)
8,6: (51914,4883,13878,65535)  #CA1336FF  srgba(202,19,54,1)
9,6: (51914,8481,16962,65535)  #CA2142FF  srgba(202,33,66,1)
10,6: (51914,11822,16705,65535)  #CA2E41FF  srgba(202,46,65,1)
11,6: (51914,11822,19532,65535)  #CA2E4CFF  srgba(202,46,76,1)
12,6: (51914,12079,10537,65535)  #CA2F29FF  srgba(202,47,41,1)
13,6: (51914,12079,14135,65535)  #CA2F37FF  srgba(202,47,55,1)
14,6: (51914,12336,13878,65535)  #CA3036FF  srgba(202,48,54,1)
15,6: (51914,12336,16962,65535)  #CA3042FF  srgba(202,48,66,1)
0,7: (51914,12593,13621,65535)  #CA3135FF  srgba(202,49,53,1)
1,7: (51914,12593,16962,65535)  #CA3142FF  srgba(202,49,66,1)
2,7: (51914,12850,20303,65535)  #CA324FFF  srgba(202,50,79,1)
3,7: (51914,13107,19018,65535)  #CA334AFF  srgba(202,51,74,1)
4,7: (51914,13107,19532,65535)  #CA334CFF  srgba(202,51,76,1)
5,7: (51914,13107,21331,65535)  #CA3353FF  srgba(202,51,83,1)
6,7: (51914,13364,17990,65535)  #CA3446FF  srgba(202,52,70,1)
7,7: (51914,32125,11051,65535)  #CA7D2BFF  srgba(202,125,43,1)
8,7: (51914,32896,14135,65535)  #CA8037FF  srgba(202,128,55,1)
9,7: (51914,33410,9766,65535)  #CA8226FF  srgba(202,130,38,1)
10,7: (52171,3855,28527,65535)  #CB0F6FFF  srgba(203,15,111,1)
11,7: (52171,11822,13364,65535)  #CB2E34FF  srgba(203,46,52,1)
12,7: (52171,12593,21588,65535)  #CB3154FF  srgba(203,49,84,1)
13,7: (52171,13107,20303,65535)  #CB334FFF  srgba(203,51,79,1)
14,7: (52171,13364,16448,65535)  #CB3440FF  srgba(203,52,64,1)
15,7: (52171,13364,18504,65535)  #CB3448FF  srgba(203,52,72,1)
0,8: (52171,33410,11308,65535)  #CB822CFF  srgba(203,130,44,1)
1,8: (52428,0,21588,65535)  #CC0054FF  srgba(204,0,84,1)
2,8: (52428,0,24415,65535)  #CC005FFF  srgba(204,0,95,1)
3,8: (52428,0,26471,65535)  #CC0067FF  srgba(204,0,103,1)
4,8: (52428,1028,19789,65535)  #CC044DFF  srgba(204,4,77,1)
5,8: (52428,11308,19789,65535)  #CC2C4DFF  srgba(204,44,77,1)
6,8: (52428,11565,27242,65535)  #CC2D6AFF  srgba(204,45,106,1)
7,8: (52428,12079,19789,65535)  #CC2F4DFF  srgba(204,47,77,1)
8,8: (52428,12336,21074,65535)  #CC3052FF  srgba(204,48,82,1)
9,8: (52428,12593,18247,65535)  #CC3147FF  srgba(204,49,71,1)
10,8: (52428,13364,19789,65535)  #CC344DFF  srgba(204,52,77,1)
11,8: (52428,13621,9509,65535)  #CC3525FF  srgba(204,53,37,1)
12,8: (52428,13878,15677,65535)  #CC363DFF  srgba(204,54,61,1)
13,8: (52428,16962,15420,65535)  #CC423CFF  srgba(204,66,60,1)
14,8: (52428,30326,11308,65535)  #CC762CFF  srgba(204,118,44,1)
15,8: (52428,33667,12593,65535)  #CC8331FF  srgba(204,131,49,1)
0,9: (52685,0,19789,65535)  #CD004DFF  srgba(205,0,77,1)
1,9: (52685,0,24158,65535)  #CD005EFF  srgba(205,0,94,1)
2,9: (52685,0,26728,65535)  #CD0068FF  srgba(205,0,104,1)
3,9: (52685,0,28527,65535)  #CD006FFF  srgba(205,0,111,1)
4,9: (52685,1028,15677,65535)  #CD043DFF  srgba(205,4,61,1)
5,9: (52685,4626,23130,65535)  #CD125AFF  srgba(205,18,90,1)
6,9: (52685,11308,22359,65535)  #CD2C57FF  srgba(205,44,87,1)
7,9: (52685,12336,10537,65535)  #CD3029FF  srgba(205,48,41,1)
8,9: (52685,12336,14392,65535)  #CD3038FF  srgba(205,48,56,1)
9,9: (52685,12593,19532,65535)  #CD314CFF  srgba(205,49,76,1)
10,9: (52685,12593,20303,65535)  #CD314FFF  srgba(205,49,79,1)
11,9: (52685,12850,11051,65535)  #CD322BFF  srgba(205,50,43,1)
12,9: (52685,13107,19532,65535)  #CD334CFF  srgba(205,51,76,1)
13,9: (52685,13107,20817,65535)  #CD3351FF  srgba(205,51,81,1)
14,9: (52685,13364,17219,65535)  #CD3443FF  srgba(205,52,67,1)
15,9: (52685,13621,12336,65535)  #CD3530FF  srgba(205,53,48,1)
0,10: (52685,31868,13878,65535)  #CD7C36FF  srgba(205,124,54,1)
1,10: (52685,32896,15934,65535)  #CD803EFF  srgba(205,128,62,1)
2,10: (52685,33924,14135,65535)  #CD8437FF  srgba(205,132,55,1)
3,10: (52942,0,22102,65535)  #CE0056FF  srgba(206,0,86,1)
4,10: (52942,0,25443,65535)  #CE0063FF  srgba(206,0,99,1)
5,10: (52942,0,27499,65535)  #CE006BFF  srgba(206,0,107,1)
6,10: (52942,0,27756,65535)  #CE006CFF  srgba(206,0,108,1)
7,10: (52942,11565,17990,65535)  #CE2D46FF  srgba(206,45,70,1)
8,10: (52942,11822,14649,65535)  #CE2E39FF  srgba(206,46,57,1)
9,10: (52942,12079,12079,65535)  #CE2F2FFF  srgba(206,47,47,1)
10,10: (52942,31611,18247,65535)  #CE7B47FF  srgba(206,123,71,1)
11,10: (53199,0,17990,65535)  #CF0046FF  srgba(207,0,70,1)
12,10: (53199,0,20303,65535)  #CF004FFF  srgba(207,0,79,1)
13,10: (53199,0,22616,65535)  #CF0058FF  srgba(207,0,88,1)
14,10: (53199,0,25957,65535)  #CF0065FF  srgba(207,0,101,1)
15,10: (53199,0,26985,65535)  #CF0069FF  srgba(207,0,105,1)
0,11: (53199,11308,10537,65535)  #CF2C29FF  srgba(207,44,41,1)
1,11: (53199,13364,16705,65535)  #CF3441FF  srgba(207,52,65,1)
2,11: (53199,13621,21588,65535)  #CF3554FF  srgba(207,53,84,1)
3,11: (53199,14649,19532,65535)  #CF394CFF  srgba(207,57,76,1)
4,11: (53199,14906,20560,65535)  #CF3A50FF  srgba(207,58,80,1)
5,11: (53199,16191,22873,65535)  #CF3F59FF  srgba(207,63,89,1)
6,11: (53199,23387,15934,65535)  #CF5B3EFF  srgba(207,91,62,1)
7,11: (53199,26728,15677,65535)  #CF683DFF  srgba(207,104,61,1)
8,11: (53199,30583,20560,65535)  #CF7750FF  srgba(207,119,80,1)
9,11: (53456,0,19789,65535)  #D0004DFF  srgba(208,0,77,1)
10,11: (53456,0,22873,65535)  #D00059FF  srgba(208,0,89,1)
11,11: (53456,0,25700,65535)  #D00064FF  srgba(208,0,100,1)
12,11: (53456,0,26728,65535)  #D00068FF  srgba(208,0,104,1)
13,11: (53456,0,27242,65535)  #D0006AFF  srgba(208,0,106,1)
14,11: (53456,0,27499,65535)  #D0006BFF  srgba(208,0,107,1)
15,11: (53456,0,28013,65535)  #D0006DFF  srgba(208,0,109,1)
0,12: (53456,0,28527,65535)  #D0006FFF  srgba(208,0,111,1)
1,12: (53456,0,29555,65535)  #D00073FF  srgba(208,0,115,1)
2,12: (53456,6939,19789,65535)  #D01B4DFF  srgba(208,27,77,1)
3,12: (53456,15677,15420,65535)  #D03D3CFF  srgba(208,61,60,1)
4,12: (53456,19532,9509,65535)  #D04C25FF  srgba(208,76,37,1)
5,12: (53456,32125,11308,65535)  #D07D2CFF  srgba(208,125,44,1)
6,12: (53456,32382,15934,65535)  #D07E3EFF  srgba(208,126,62,1)
7,12: (53713,0,24672,65535)  #D10060FF  srgba(209,0,96,1)
8,12: (53713,0,25443,65535)  #D10063FF  srgba(209,0,99,1)
9,12: (53713,0,28527,65535)  #D1006FFF  srgba(209,0,111,1)
10,12: (53713,11565,19789,65535)  #D12D4DFF  srgba(209,45,77,1)
11,12: (53713,12079,21331,65535)  #D12F53FF  srgba(209,47,83,1)
12,12: (53713,20046,12336,65535)  #D14E30FF  srgba(209,78,48,1)
13,12: (53713,24415,21845,65535)  #D15F55FF  srgba(209,95,85,1)
14,12: (53713,25700,9766,65535)  #D16426FF  srgba(209,100,38,1)
15,12: (53970,0,15677,65535)  #D2003DFF  srgba(210,0,61,1)
0,13: (53970,0,23644,65535)  #D2005CFF  srgba(210,0,92,1)
1,13: (53970,1799,15420,65535)  #D2073CFF  srgba(210,7,60,1)
2,13: (53970,1799,30326,65535)  #D20776FF  srgba(210,7,118,1)
3,13: (53970,5911,23644,65535)  #D2175CFF  srgba(210,23,92,1)
4,13: (53970,10023,23387,65535)  #D2275BFF  srgba(210,39,91,1)
5,13: (53970,11822,24672,65535)  #D22E60FF  srgba(210,46,96,1)
6,13: (53970,25957,12336,65535)  #D26530FF  srgba(210,101,48,1)
7,13: (54227,12079,17990,65535)  #D32F46FF  srgba(211,47,70,1)
8,13: (54227,16962,15420,65535)  #D3423CFF  srgba(211,66,60,1)
9,13: (54484,1799,19789,65535)  #D4074DFF  srgba(212,7,77,1)
10,13: (54484,9509,19789,65535)  #D4254DFF  srgba(212,37,77,1)
11,13: (54484,30069,11308,65535)  #D4752CFF  srgba(212,117,44,1)
12,13: (54484,30583,13878,65535)  #D47736FF  srgba(212,119,54,1)
13,13: (54741,0,23130,65535)  #D5005AFF  srgba(213,0,90,1)
14,13: (54741,1799,27242,65535)  #D5076AFF  srgba(213,7,106,1)
15,13: (54741,8481,17990,65535)  #D52146FF  srgba(213,33,70,1)
0,14: (54741,9509,15163,65535)  #D5253BFF  srgba(213,37,59,1)
1,14: (54741,31097,22616,65535)  #D57958FF  srgba(213,121,88,1)
2,14: (54998,10537,23130,65535)  #D6295AFF  srgba(214,41,90,1)
3,14: (54998,10537,28527,65535)  #D6296FFF  srgba(214,41,111,1)
4,14: (54998,18761,24158,65535)  #D6495EFF  srgba(214,73,94,1)
5,14: (54998,25443,16191,65535)  #D6633FFF  srgba(214,99,63,1)
6,14: (54998,31868,18504,65535)  #D67C48FF  srgba(214,124,72,1)
7,14: (55255,257,23130,65535)  #D7015AFF  srgba(215,1,90,1)
8,14: (55255,6425,23644,65535)  #D7195CFF  srgba(215,25,92,1)
9,14: (55255,10023,27756,65535)  #D7276CFF  srgba(215,39,108,1)
10,14: (55255,25186,19532,65535)  #D7624CFF  srgba(215,98,76,1)
11,14: (55255,25443,20560,65535)  #D76350FF  srgba(215,99,80,1)
12,14: (55255,30583,15934,65535)  #D7773EFF  srgba(215,119,62,1)
13,14: (55512,19018,26471,65535)  #D84A67FF  srgba(216,74,103,1)
14,14: (55512,28784,22873,65535)  #D87059FF  srgba(216,112,89,1)
15,14: (55769,5140,28527,65535)  #D9146FFF  srgba(217,20,111,1)
0,15: (55769,9252,30326,65535)  #D92476FF  srgba(217,36,118,1)
1,15: (55769,20303,23130,65535)  #D94F5AFF  srgba(217,79,90,1)
2,15: (55769,21331,25443,65535)  #D95363FF  srgba(217,83,99,1)
3,15: (55769,26471,23130,65535)  #D9675AFF  srgba(217,103,90,1)
4,15: (55769,29041,18504,65535)  #D97148FF  srgba(217,113,72,1)
5,15: (55769,30069,20560,65535)  #D97550FF  srgba(217,117,80,1)
6,15: (56026,7453,19789,65535)  #DA1D4DFF  srgba(218,29,77,1)
7,15: (56026,18504,15934,65535)  #DA483EFF  srgba(218,72,62,1)
8,15: (56026,26471,24415,65535)  #DA675FFF  srgba(218,103,95,1)
9,15: (56540,18504,28527,65535)  #DC486FFF  srgba(220,72,111,1)
10,15: (56797,10280,23644,65535)  #DD285CFF  srgba(221,40,92,1)
11,15: (56797,25443,21845,65535)  #DD6355FF  srgba(221,99,85,1)
12,15: (57054,25443,16705,65535)  #DE6341FF  srgba(222,99,65,1)
13,15: (57311,4626,30840,65535)  #DF1278FF  srgba(223,18,120,1)
14,15: (57568,6168,24158,65535)  #E0185EFF  srgba(224,24,94,1)
15,15: (0,65535,0,0)  #00FF0000  srgba(0,255,0,0)
