# ImageMagick pixel enumeration: 16,16,65535,srgba
0,0: (16962,17476,48059,65535)  #4244BBFF  srgba(66,68,187,1)
1,0: (17733,18504,49087,65535)  #4548BFFF  srgba(69,72,191,1)
2,0: (17990,19018,49344,65535)  #464AC0FF  srgba(70,74,192,1)
3,0: (17990,19275,50115,65535)  #464BC3FF  srgba(70,75,195,1)
4,0: (18761,19275,50115,65535)  #494BC3FF  srgba(73,75,195,1)
5,0: (19018,19789,51143,65535)  #4A4DC7FF  srgba(74,77,199,1)
6,0: (19018,20046,50629,65535)  #4A4EC5FF  srgba(74,78,197,1)
7,0: (19532,20303,51400,65535)  #4C4FC8FF  srgba(76,79,200,1)
8,0: (19532,20560,52171,65535)  #4C50CBFF  srgba(76,80,203,1)
9,0: (20046,20817,52171,65535)  #4E51CBFF  srgba(78,81,203,1)
10,0: (20303,21074,52685,65535)  #4F52CDFF  srgba(79,82,205,1)
11,0: (20303,21331,52685,65535)  #4F53CDFF  srgba(79,83,205,1)
12,0: (20303,21588,52942,65535)  #4F54CEFF  srgba(79,84,206,1)
13,0: (20817,22102,53970,65535)  #5156D2FF  srgba(81,86,210,1)
14,0: (20817,22359,53456,65535)  #5157D0FF  srgba(81,87,208,1)
15,0: (21074,22873,54484,65535)  #5259D4FF  srgba(82,89,212,1)
0,1: (21588,22616,54227,65535)  #5458D3FF  srgba(84,88,211,1)
1,1: (21588,23387,54998,65535)  #545BD6FF  srgba(84,91,214,1)
2,1: (22102,23130,54998,65535)  #565AD6FF  srgba(86,90,214,1)
3,1: (22102,23901,55512,65535)  #565DD8FF  srgba(86,93,216,1)
4,1: (22102,24158,55512,65535)  #565ED8FF  srgba(86,94,216,1)
5,1: (22359,24158,56026,65535)  #575EDAFF  srgba(87,94,218,1)
6,1: (22616,24415,56283,65535)  #585FDBFF  srgba(88,95,219,1)
7,1: (22616,24672,54998,65535)  #5860D6FF  srgba(88,96,214,1)
8,1: (22616,24672,56540,65535)  #5860DCFF  srgba(88,96,220,1)
9,1: (23130,24415,56540,65535)  #5A5FDCFF  srgba(90,95,220,1)
10,1: (23130,24929,56540,65535)  #5A61DCFF  srgba(90,97,220,1)
11,1: (23387,24929,57311,65535)  #5B61DFFF  srgba(91,97,223,1)
12,1: (23387,25443,57311,65535)  #5B63DFFF  srgba(91,99,223,1)
13,1: (23901,25957,57825,65535)  #5D65E1FF  srgba(93,101,225,1)
14,1: (23901,26471,58082,65535)  #5D67E2FF  srgba(93,103,226,1)
15,1: (24158,25957,58853,65535)  #5E65E5FF  srgba(94,101,229,1)
0,2: (24415,26471,57311,65535)  #5F67DFFF  srgba(95,103,223,1)
1,2: (24415,26471,58339,65535)  #5F67E3FF  srgba(95,103,227,1)
2,2: (24415,26471,59110,65535)  #5F67E6FF  srgba(95,103,230,1)
3,2: (24415,27242,59110,65535)  #5F6AE6FF  srgba(95,106,230,1)
4,2: (24672,26471,58853,65535)  #6067E5FF  srgba(96,103,229,1)
5,2: (24929,26728,59624,65535)  #6168E8FF  srgba(97,104,232,1)
6,2: (24929,27242,54998,65535)  #616AD6FF  srgba(97,106,214,1)
7,2: (24929,27242,57311,65535)  #616ADFFF  srgba(97,106,223,1)
8,2: (25186,27499,59367,65535)  #626BE7FF  srgba(98,107,231,1)
9,2: (25186,28013,60652,65535)  #626DECFF  srgba(98,109,236,1)
10,2: (25443,27756,60138,65535)  #636CEAFF  srgba(99,108,234,1)
11,2: (25443,28270,57311,65535)  #636EDFFF  srgba(99,110,223,1)
12,2: (25957,27756,60395,65535)  #656CEBFF  srgba(101,108,235,1)
13,2: (25957,28013,60395,65535)  #656DEBFF  srgba(101,109,235,1)
14,2: (25957,28270,60395,65535)  #656EEBFF  srgba(101,110,235,1)
15,2: (25957,28784,59110,65535)  #6570E6FF  srgba(101,112,230,1)
0,3: (25957,28784,60909,65535)  #6570EDFF  srgba(101,112,237,1)
1,3: (26214,28784,61423,65535)  #6670EFFF  srgba(102,112,239,1)
2,3: (26471,29041,57311,65535)  #6771DFFF  srgba(103,113,223,1)
3,3: (26471,29041,59881,65535)  #6771E9FF  srgba(103,113,233,1)
4,3: (26471,29041,62194,65535)  #6771F2FF  srgba(103,113,242,1)
5,3: (26985,29298,59881,65535)  #6972E9FF  srgba(105,114,233,1)
6,3: (26985,30069,62708,65535)  #6975F4FF  srgba(105,117,244,1)
7,3: (26985,30326,60909,65535)  #6976EDFF  srgba(105,118,237,1)
8,3: (27242,29555,62708,65535)  #6A73F4FF  srgba(106,115,244,1)
9,3: (27499,30326,58853,65535)  #6B76E5FF  srgba(107,118,229,1)
10,3: (27756,30326,60652,65535)  #6C76ECFF  srgba(108,118,236,1)
11,3: (27756,30326,62965,65535)  #6C76F5FF  srgba(108,118,245,1)
12,3: (27756,30840,56797,65535)  #6C78DDFF  srgba(108,120,221,1)
13,3: (27756,30840,62965,65535)  #6C78F5FF  srgba(108,120,245,1)
14,3: (27756,30840,64250,65535)  #6C78FAFF  srgba(108,120,250,1)
15,3: (27756,31097,56026,65535)  #6C79DAFF  srgba(108,121,218,1)
0,4: (27756,31097,57825,65535)  #6C79E1FF  srgba(108,121,225,1)
1,4: (28013,31097,60909,65535)  #6D79EDFF  srgba(109,121,237,1)
2,4: (28013,31354,62708,65535)  #6D7AF4FF  srgba(109,122,244,1)
3,4: (28270,31611,59110,65535)  #6E7BE6FF  srgba(110,123,230,1)
4,4: (28527,31611,64764,65535)  #6F7BFCFF  srgba(111,123,252,1)
5,4: (28527,32125,60652,65535)  #6F7DECFF  srgba(111,125,236,1)
6,4: (28527,32125,62708,65535)  #6F7DF4FF  srgba(111,125,244,1)
7,4: (29041,31611,65021,65535)  #717BFDFF  srgba(113,123,253,1)
8,4: (29298,32125,62708,65535)  #727DF4FF  srgba(114,125,244,1)
9,4: (29298,32382,65021,65535)  #727EFDFF  srgba(114,126,253,1)
10,4: (29298,32896,64764,65535)  #7280FCFF  srgba(114,128,252,1)
11,4: (29555,32896,60395,65535)  #7380EBFF  srgba(115,128,235,1)
12,4: (29555,32896,62451,65535)  #7380F3FF  srgba(115,128,243,1)
13,4: (29555,33153,59110,65535)  #7381E6FF  srgba(115,129,230,1)
14,4: (29812,33410,57311,65535)  #7482DFFF  srgba(116,130,223,1)
15,4: (30069,33153,65278,65535)  #7581FEFF  srgba(117,129,254,1)
0,5: (30069,33924,62451,65535)  #7584F3FF  srgba(117,132,243,1)
1,5: (30326,33924,65278,65535)  #7684FEFF  srgba(118,132,254,1)
2,5: (30326,34438,65278,65535)  #7686FEFF  srgba(118,134,254,1)
3,5: (30583,34438,60395,65535)  #7786EBFF  srgba(119,134,235,1)
4,5: (30840,34438,62451,65535)  #7886F3FF  srgba(120,134,243,1)
5,5: (30840,34952,59110,65535)  #7888E6FF  srgba(120,136,230,1)
6,5: (31097,34181,65278,65535)  #7985FEFF  srgba(121,133,254,1)
7,5: (31097,34952,57825,65535)  #7988E1FF  srgba(121,136,225,1)
8,5: (31354,34952,65278,65535)  #7A88FEFF  srgba(122,136,254,1)
9,5: (31354,35466,62451,65535)  #7A8AF3FF  srgba(122,138,243,1)
10,5: (31354,35723,60395,65535)  #7A8BEBFF  srgba(122,139,235,1)
11,5: (31611,35723,65278,65535)  #7B8BFEFF  srgba(123,139,254,1)
12,5: (32125,36494,62451,65535)  #7D8EF3FF  srgba(125,142,243,1)
13,5: (32125,36751,65278,65535)  #7D8FFEFF  srgba(125,143,254,1)
14,5: (32382,35980,65278,65535)  #7E8CFEFF  srgba(126,140,254,1)
15,5: (32382,36237,59367,65535)  #7E8DE7FF  srgba(126,141,231,1)
0,6: (32639,36751,65278,65535)  #7F8FFEFF  srgba(127,143,254,1)
1,6: (32639,37008,60652,65535)  #7F90ECFF  srgba(127,144,236,1)
2,6: (32896,36751,57568,65535)  #808FE0FF  srgba(128,143,224,1)
3,6: (32896,37008,62194,65535)  #8090F2FF  srgba(128,144,242,1)
4,6: (33153,37265,65278,65535)  #8191FEFF  srgba(129,145,254,1)
5,6: (33410,37522,62451,65535)  #8292F3FF  srgba(130,146,243,1)
6,6: (33667,37265,65278,65535)  #8391FEFF  srgba(131,145,254,1)
7,6: (33924,38807,65021,65535)  #8497FDFF  srgba(132,151,253,1)
8,6: (34181,38550,63479,65535)  #8596F7FF  srgba(133,150,247,1)
9,6: (34181,38550,65535,65535)  #8596FFFF  srgba(133,150,255,1)
10,6: (34181,39064,62451,65535)  #8598F3FF  srgba(133,152,243,1)
11,6: (34438,39064,60909,65535)  #8698EDFF  srgba(134,152,237,1)
12,6: (34695,39321,58082,65535)  #8799E2FF  srgba(135,153,226,1)
13,6: (34952,39321,65021,65535)  #8899FDFF  srgba(136,153,253,1)
14,6: (34952,39578,65535,65535)  #889AFFFF  srgba(136,154,255,1)
15,6: (34952,39835,63736,65535)  #889BF8FF  srgba(136,155,248,1)
0,7: (35209,40349,65535,65535)  #899DFFFF  srgba(137,157,255,1)
1,7: (35466,40863,65278,65535)  #8A9FFEFF  srgba(138,159,254,1)
2,7: (35980,40606,65021,65535)  #8C9EFDFF  srgba(140,158,253,1)
3,7: (36237,40863,65535,65535)  #8D9FFFFF  srgba(141,159,255,1)
4,7: (36237,41634,63993,65535)  #8DA2F9FF  srgba(141,162,249,1)
5,7: (36494,41377,65021,65535)  #8EA1FDFF  srgba(142,161,253,1)
6,7: (36494,42148,65535,65535)  #8EA4FFFF  srgba(142,164,255,1)
7,7: (36751,42405,64250,65535)  #8FA5FAFF  srgba(143,165,250,1)
8,7: (37265,42405,64250,65535)  #91A5FAFF  srgba(145,165,250,1)
9,7: (37265,42405,65535,65535)  #91A5FFFF  srgba(145,165,255,1)
10,7: (37522,40863,59624,65535)  #929FE8FF  srgba(146,159,232,1)
11,7: (38036,42405,63993,65535)  #94A5F9FF  srgba(148,165,249,1)
12,7: (38036,42662,65535,65535)  #94A6FFFF  srgba(148,166,255,1)
13,7: (38036,43947,65278,65535)  #94ABFEFF  srgba(148,171,254,1)
14,7: (38036,43947,65535,65535)  #94ABFFFF  srgba(148,171,255,1)
15,7: (38293,44461,64507,65535)  #95ADFBFF  srgba(149,173,251,1)
0,8: (38550,39578,56540,65535)  #969ADCFF  srgba(150,154,220,1)
1,8: (38550,42405,60138,65535)  #96A5EAFF  srgba(150,165,234,1)
2,8: (39064,40606,57568,65535)  #989EE0FF  srgba(152,158,224,1)
3,8: (39064,44975,65535,65535)  #98AFFFFF  srgba(152,175,255,1)
4,8: (39321,43947,61680,65535)  #99ABF0FF  srgba(153,171,240,1)
5,8: (39321,44975,63222,65535)  #99AFF6FF  srgba(153,175,246,1)
6,8: (39578,42662,62965,65535)  #9AA6F5FF  srgba(154,166,245,1)
7,8: (39578,45489,65535,65535)  #9AB1FFFF  srgba(154,177,255,1)
8,8: (39835,46003,64507,65535)  #9BB3FBFF  srgba(155,179,251,1)
9,8: (39835,46003,65278,65535)  #9BB3FEFF  srgba(155,179,254,1)
10,8: (40349,45746,65535,65535)  #9DB2FFFF  srgba(157,178,255,1)
11,8: (40863,46517,65535,65535)  #9FB5FFFF  srgba(159,181,255,1)
12,8: (41120,40606,57568,65535)  #A09EE0FF  srgba(160,158,224,1)
13,8: (41120,47288,65278,65535)  #A0B8FEFF  srgba(160,184,254,1)
14,8: (41377,45746,64507,65535)  #A1B2FBFF  srgba(161,178,251,1)
15,8: (41377,47802,65535,65535)  #A1BAFFFF  srgba(161,186,255,1)
0,9: (41377,48059,65021,65535)  #A1BBFDFF  srgba(161,187,253,1)
1,9: (41377,48059,65278,65535)  #A1BBFEFF  srgba(161,187,254,1)
2,9: (41634,46517,65278,65535)  #A2B5FEFF  srgba(162,181,254,1)
3,9: (41634,48316,63479,65535)  #A2BCF7FF  srgba(162,188,247,1)
4,9: (41634,48316,65535,65535)  #A2BCFFFF  srgba(162,188,255,1)
5,9: (41634,48573,64250,65535)  #A2BDFAFF  srgba(162,189,250,1)
6,9: (41891,41891,58853,65535)  #A3A3E5FF  srgba(163,163,229,1)
7,9: (41891,48830,64764,65535)  #A3BEFCFF  srgba(163,190,252,1)
8,9: (42148,42662,60138,65535)  #A4A6EAFF  srgba(164,166,234,1)
9,9: (42405,44975,62965,65535)  #A5AFF5FF  srgba(165,175,245,1)
10,9: (42662,43947,61166,65535)  #A6ABEEFF  srgba(166,171,238,1)
11,9: (42662,49087,65535,65535)  #A6BFFFFF  srgba(166,191,255,1)
12,9: (42662,49858,65021,65535)  #A6C2FDFF  srgba(166,194,253,1)
13,9: (42919,49858,65535,65535)  #A7C2FFFF  srgba(167,194,255,1)
14,9: (43176,50629,65278,65535)  #A8C5FEFF  srgba(168,197,254,1)
15,9: (43433,50115,65535,65535)  #A9C3FFFF  srgba(169,195,255,1)
0,10: (43947,43947,61423,65535)  #ABABEFFF  srgba(171,171,239,1)
1,10: (43947,50629,65535,65535)  #ABC5FFFF  srgba(171,197,255,1)
2,10: (43947,51143,65535,65535)  #ABC7FFFF  srgba(171,199,255,1)
3,10: (44204,51400,64764,65535)  #ACC8FCFF  srgba(172,200,252,1)
4,10: (44461,44975,62194,65535)  #ADAFF2FF  srgba(173,175,242,1)
5,10: (44461,51657,65535,65535)  #ADC9FFFF  srgba(173,201,255,1)
6,10: (44718,45746,63479,65535)  #AEB2F7FF  srgba(174,178,247,1)
7,10: (44718,49087,65535,65535)  #AEBFFFFF  srgba(174,191,255,1)
8,10: (44718,51914,65535,65535)  #AECAFFFF  srgba(174,202,255,1)
9,10: (45232,52685,65278,65535)  #B0CDFEFF  srgba(176,205,254,1)
10,10: (45489,47288,65278,65535)  #B1B8FEFF  srgba(177,184,254,1)
11,10: (45746,46003,63993,65535)  #B2B3F9FF  srgba(178,179,249,1)
12,10: (45746,46517,64764,65535)  #B2B5FCFF  srgba(178,181,252,1)
13,10: (46003,48830,65278,65535)  #B3BEFEFF  srgba(179,190,254,1)
14,10: (46260,48830,63993,65535)  #B4BEF9FF  srgba(180,190,249,1)
15,10: (46260,53456,65535,65535)  #B4D0FFFF  srgba(180,208,255,1)
0,11: (46260,53970,65278,65535)  #B4D2FEFF  srgba(180,210,254,1)
1,11: (46774,48316,65021,65535)  #B6BCFDFF  srgba(182,188,253,1)
2,11: (47031,47545,65278,65535)  #B7B9FEFF  srgba(183,185,254,1)
3,11: (47031,48573,65535,65535)  #B7BDFFFF  srgba(183,189,255,1)
4,11: (47031,53199,65278,65535)  #B7CFFEFF  srgba(183,207,254,1)
5,11: (47545,50886,65535,65535)  #B9C6FFFF  srgba(185,198,255,1)
6,11: (47802,54484,65535,65535)  #BAD4FFFF  srgba(186,212,255,1)
7,11: (48316,49087,65278,65535)  #BCBFFEFF  srgba(188,191,254,1)
8,11: (48316,49344,64764,65535)  #BCC0FCFF  srgba(188,192,252,1)
9,11: (48316,49344,65535,65535)  #BCC0FFFF  srgba(188,192,255,1)
10,11: (48316,52942,65535,65535)  #BCCEFFFF  srgba(188,206,255,1)
11,11: (48316,54227,65021,65535)  #BCD3FDFF  srgba(188,211,253,1)
12,11: (48573,50886,63736,65535)  #BDC6F8FF  srgba(189,198,248,1)
13,11: (48573,55769,65535,65535)  #BDD9FFFF  srgba(189,217,255,1)
14,11: (48573,56026,64507,65535)  #BDDAFBFF  srgba(189,218,251,1)
15,11: (48573,56026,65278,65535)  #BDDAFEFF  srgba(189,218,254,1)
0,12: (48830,50372,65278,65535)  #BEC4FEFF  srgba(190,196,254,1)
1,12: (49087,50886,64764,65535)  #BFC6FCFF  srgba(191,198,252,1)
2,12: (49344,50629,65535,65535)  #C0C5FFFF  srgba(192,197,255,1)
3,12: (49344,57568,65535,65535)  #C0E0FFFF  srgba(192,224,255,1)
4,12: (49601,58339,64764,65535)  #C1E3FCFF  srgba(193,227,252,1)
5,12: (49858,52685,64250,65535)  #C2CDFAFF  srgba(194,205,250,1)
6,12: (50115,51657,65021,65535)  #C3C9FDFF  srgba(195,201,253,1)
7,12: (50115,59110,65535,65535)  #C3E6FFFF  srgba(195,230,255,1)
8,12: (50372,51657,65535,65535)  #C4C9FFFF  srgba(196,201,255,1)
9,12: (51657,53456,63993,65535)  #C9D0F9FF  srgba(201,208,249,1)
10,12: (51657,53456,65021,65535)  #C9D0FDFF  srgba(201,208,253,1)
11,12: (51657,53456,65278,65535)  #C9D0FEFF  srgba(201,208,254,1)
12,12: (51914,57054,65278,65535)  #CADEFEFF  srgba(202,222,254,1)
13,12: (51914,59881,65278,65535)  #CAE9FEFF  srgba(202,233,254,1)
14,12: (52428,54741,65278,65535)  #CCD5FEFF  srgba(204,213,254,1)
15,12: (52685,54998,64250,65535)  #CDD6FAFF  srgba(205,214,250,1)
0,13: (52685,56283,64507,65535)  #CDDBFBFF  srgba(205,219,251,1)
1,13: (53456,60909,65278,65535)  #D0EDFEFF  srgba(208,237,254,1)
2,13: (53456,61937,65278,65535)  #D0F1FEFF  srgba(208,241,254,1)
3,13: (53970,55769,65278,65535)  #D2D9FEFF  srgba(210,217,254,1)
4,13: (54227,56540,63736,65535)  #D3DCF8FF  srgba(211,220,248,1)
5,13: (54227,56797,64764,65535)  #D3DDFCFF  srgba(211,221,252,1)
6,13: (54741,57054,65278,65535)  #D5DEFEFF  srgba(213,222,254,1)
7,13: (54998,61937,65278,65535)  #D6F1FEFF  srgba(214,241,254,1)
8,13: (55255,58082,65278,65535)  #D7E2FEFF  srgba(215,226,254,1)
9,13: (55255,59367,65278,65535)  #D7E7FEFF  srgba(215,231,254,1)
10,13: (55512,58853,64250,65535)  #D8E5FAFF  srgba(216,229,250,1)
11,13: (55512,58853,64764,65535)  #D8E5FCFF  srgba(216,229,252,1)
12,13: (57054,59367,64250,65535)  #DEE7FAFF  srgba(222,231,250,1)
13,13: (57054,61680,65021,65535)  #DEF0FDFF  srgba(222,240,253,1)
14,13: (57311,59110,65278,65535)  #DFE6FEFF  srgba(223,230,254,1)
15,13: (57311,60909,65021,65535)  #DFEDFDFF  srgba(223,237,253,1)
0,14: (57568,60395,64507,65535)  #E0EBFBFF  srgba(224,235,251,1)
1,14: (57568,60909,64764,65535)  #E0EDFCFF  srgba(224,237,252,1)
2,14: (57825,60395,65278,65535)  #E1EBFEFF  srgba(225,235,254,1)
3,14: (58853,60909,64507,65535)  #E5EDFBFF  srgba(229,237,251,1)
4,14: (58853,61423,64507,65535)  #E5EFFBFF  srgba(229,239,251,1)
5,14: (58853,61937,65021,65535)  #E5F1FDFF  srgba(229,241,253,1)
6,14: (60395,60909,64764,65535)  #EBEDFCFF  srgba(235,237,252,1)
7,14: (60652,60909,63993,65535)  #ECEDF9FF  srgba(236,237,249,1)
8,14: (60909,61680,65278,65535)  #EDF0FEFF  srgba(237,240,254,1)
9,14: (60909,62194,65278,65535)  #EDF2FEFF  srgba(237,242,254,1)
10,14: (61166,61423,64250,65535)  #EEEFFAFF  srgba(238,239,250,1)
11,14: (61166,61937,64764,65535)  #EEF1FCFF  srgba(238,241,252,1)
12,14: (61423,60652,64507,65535)  #EFECFBFF  srgba(239,236,251,1)
13,14: (62708,62194,65021,65535)  #F4F2FDFF  srgba(244,242,253,1)
14,14: (62965,60652,63479,65535)  #F5ECF7FF  srgba(245,236,247,1)
15,14: (62965,61166,63993,65535)  #F5EEF9FF  srgba(245,238,249,1)
0,15: (62965,61423,63993,65535)  #F5EFF9FF  srgba(245,239,249,1)
1,15: (62965,61680,64764,65535)  #F5F0FCFF  srgba(245,240,252,1)
2,15: (62965,61937,64507,65535)  #F5F1FBFF  srgba(245,241,251,1)
3,15: (63479,60909,65535,65535)  #F7EDFFFF  srgba(247,237,255,1)
4,15: (63479,61166,63993,65535)  #F7EEF9FF  srgba(247,238,249,1)
5,15: (63736,61423,64250,65535)  #F8EFFAFF  srgba(248,239,250,1)
6,15: (63993,60909,63993,65535)  #F9EDF9FF  srgba(249,237,249,1)
7,15: (63993,60909,64507,65535)  #F9EDFBFF  srgba(249,237,251,1)
8,15: (63993,61680,64507,65535)  #F9F0FBFF  srgba(249,240,251,1)
9,15: (63993,61680,65021,65535)  #F9F0FDFF  srgba(249,240,253,1)
10,15: (64250,61423,64250,65535)  #FAEFFAFF  srgba(250,239,250,1)
11,15: (64250,61937,64764,65535)  #FAF1FCFF  srgba(250,241,252,1)
12,15: (64507,62194,65021,65535)  #FBF2FDFF  srgba(251,242,253,1)
13,15: (65021,62708,65278,65535)  #FDF4FEFF  srgba(253,244,254,1)
14,15: (65278,63222,65278,65535)  #FEF6FEFF  srgba(254,246,254,1)
15,15: (0,65535,0,0)  #00FF0000  srgba(0,255,0,0)
