# ImageMagick pixel enumeration: 16,16,65535,srgba
0,0: (0,9509,21331,65535)  #002553FF  srgba(0,37,83,1)
1,0: (0,9766,19789,65535)  #00264DFF  srgba(0,38,77,1)
2,0: (0,9766,20046,65535)  #00264EFF  srgba(0,38,78,1)
3,0: (0,9766,20560,65535)  #002650FF  srgba(0,38,80,1)
4,0: (0,10023,20560,65535)  #002750FF  srgba(0,39,80,1)
5,0: (0,11308,21331,65535)  #002C53FF  srgba(0,44,83,1)
6,0: (0,12336,21331,65535)  #003053FF  srgba(0,48,83,1)
7,0: (0,13621,20303,65535)  #00354FFF  srgba(0,53,79,1)
8,0: (0,14649,20560,65535)  #003950FF  srgba(0,57,80,1)
9,0: (0,15163,21331,65535)  #003B53FF  srgba(0,59,83,1)
10,0: (0,16191,20560,65535)  #003F50FF  srgba(0,63,80,1)
11,0: (0,16705,20303,65535)  #00414FFF  srgba(0,65,79,1)
12,0: (0,17219,21331,65535)  #004353FF  srgba(0,67,83,1)
13,0: (0,17733,21331,65535)  #004553FF  srgba(0,69,83,1)
14,0: (0,18504,20560,65535)  #004850FF  srgba(0,72,80,1)
15,0: (0,18761,20303,65535)  #00494FFF  srgba(0,73,79,1)
0,1: (257,11051,21331,65535)  #012B53FF  srgba(1,43,83,1)
1,1: (257,14649,20303,65535)  #01394FFF  srgba(1,57,79,1)
2,1: (257,15420,21588,65535)  #013C54FF  srgba(1,60,84,1)
3,1: (514,7196,20046,65535)  #021C4EFF  srgba(2,28,78,1)
4,1: (771,10023,19789,65535)  #03274DFF  srgba(3,39,77,1)
5,1: (771,10794,21588,65535)  #032A54FF  srgba(3,42,84,1)
6,1: (1285,6939,21331,65535)  #051B53FF  srgba(5,27,83,1)
7,1: (1542,6682,20560,65535)  #061A50FF  srgba(6,26,80,1)
8,1: (2056,6168,20046,65535)  #08184EFF  srgba(8,24,78,1)
9,1: (2056,6425,19532,65535)  #08194CFF  srgba(8,25,76,1)
10,1: (2570,5654,19789,65535)  #0A164DFF  srgba(10,22,77,1)
11,1: (2570,5911,19275,65535)  #0A174BFF  srgba(10,23,75,1)
12,1: (3855,5397,19018,65535)  #0F154AFF  srgba(15,21,74,1)
13,1: (4883,4626,20046,65535)  #13124EFF  srgba(19,18,78,1)
14,1: (5140,4112,19532,65535)  #14104CFF  srgba(20,16,76,1)
15,1: (5140,4112,19789,65535)  #14104DFF  srgba(20,16,77,1)
0,2: (5397,4369,20817,65535)  #151151FF  srgba(21,17,81,1)
1,2: (5654,4112,18761,65535)  #161049FF  srgba(22,16,73,1)
2,2: (6168,3855,18504,65535)  #180F48FF  srgba(24,15,72,1)
3,2: (6682,3598,19275,65535)  #1A0E4BFF  srgba(26,14,75,1)
4,2: (6939,4369,17476,65535)  #1B1144FF  srgba(27,17,68,1)
5,2: (7196,3084,19789,65535)  #1C0C4DFF  srgba(28,12,77,1)
6,2: (7453,2827,20046,65535)  #1D0B4EFF  srgba(29,11,78,1)
7,2: (8224,2570,19532,65535)  #200A4CFF  srgba(32,10,76,1)
8,2: (8995,1799,19275,65535)  #23074BFF  srgba(35,7,75,1)
9,2: (9252,1799,19018,65535)  #24074AFF  srgba(36,7,74,1)
10,2: (9252,2056,20303,65535)  #24084FFF  srgba(36,8,79,1)
11,2: (9509,1542,18761,65535)  #250649FF  srgba(37,6,73,1)
12,2: (9509,1799,19789,65535)  #25074DFF  srgba(37,7,77,1)
13,2: (10794,1285,19789,65535)  #2A054DFF  srgba(42,5,77,1)
14,2: (11565,1285,19532,65535)  #2D054CFF  srgba(45,5,76,1)
15,2: (11822,771,19018,65535)  #2E034AFF  srgba(46,3,74,1)
0,3: (12079,771,19789,65535)  #2F034DFF  srgba(47,3,77,1)
1,3: (12336,514,18761,65535)  #300249FF  srgba(48,2,73,1)
2,3: (13107,0,19789,65535)  #33004DFF  srgba(51,0,77,1)
3,3: (13621,3855,21074,65535)  #350F52FF  srgba(53,15,82,1)
4,3: (13878,0,19018,65535)  #36004AFF  srgba(54,0,74,1)
5,3: (13878,0,19789,65535)  #36004DFF  srgba(54,0,77,1)
6,3: (13878,257,18504,65535)  #360148FF  srgba(54,1,72,1)
7,3: (14135,0,18761,65535)  #370049FF  srgba(55,0,73,1)
8,3: (14135,3341,14906,65535)  #370D3AFF  srgba(55,13,58,1)
9,3: (14649,257,17990,65535)  #390146FF  srgba(57,1,70,1)
10,3: (15420,0,18247,65535)  #3C0047FF  srgba(60,0,71,1)
11,3: (15934,0,19018,65535)  #3E004AFF  srgba(62,0,74,1)
12,3: (16962,0,19532,65535)  #42004CFF  srgba(66,0,76,1)
13,3: (16962,0,19789,65535)  #42004DFF  srgba(66,0,77,1)
14,3: (17990,0,18761,65535)  #460049FF  srgba(70,0,73,1)
15,3: (18247,257,17733,65535)  #470145FF  srgba(71,1,69,1)
0,4: (18504,257,17476,65535)  #480144FF  srgba(72,1,68,1)
1,4: (19018,0,19018,65535)  #4A004AFF  srgba(74,0,74,1)
2,4: (19532,0,18761,65535)  #4C0049FF  srgba(76,0,73,1)
3,4: (19789,0,17990,65535)  #4D0046FF  srgba(77,0,70,1)
4,4: (20046,0,19018,65535)  #4E004AFF  srgba(78,0,74,1)
5,4: (20303,0,17733,65535)  #4F0045FF  srgba(79,0,69,1)
6,4: (20817,0,19532,65535)  #51004CFF  srgba(81,0,76,1)
7,4: (20817,0,20560,65535)  #510050FF  srgba(81,0,80,1)
8,4: (20817,1542,14906,65535)  #51063AFF  srgba(81,6,58,1)
9,4: (21074,0,19532,65535)  #52004CFF  srgba(82,0,76,1)
10,4: (21074,0,20046,65535)  #52004EFF  srgba(82,0,78,1)
11,4: (21331,0,18247,65535)  #530047FF  srgba(83,0,71,1)
12,4: (21331,5140,21588,65535)  #531454FF  srgba(83,20,84,1)
13,4: (21588,0,19018,65535)  #54004AFF  srgba(84,0,74,1)
14,4: (23130,0,19018,65535)  #5A004AFF  srgba(90,0,74,1)
15,4: (24929,0,19018,65535)  #61004AFF  srgba(97,0,74,1)
0,5: (24929,0,19532,65535)  #61004CFF  srgba(97,0,76,1)
1,5: (24929,0,19789,65535)  #61004DFF  srgba(97,0,77,1)
2,5: (25443,0,20560,65535)  #630050FF  srgba(99,0,80,1)
3,5: (26471,0,19789,65535)  #67004DFF  srgba(103,0,77,1)
4,5: (26728,0,18504,65535)  #680048FF  srgba(104,0,72,1)
5,5: (26728,0,19018,65535)  #68004AFF  srgba(104,0,74,1)
6,5: (26985,5654,21845,65535)  #691655FF  srgba(105,22,85,1)
7,5: (27242,0,17990,65535)  #6A0046FF  srgba(106,0,70,1)
8,5: (27499,6425,20046,65535)  #6B194EFF  srgba(107,25,78,1)
9,5: (27756,0,16962,65535)  #6C0042FF  srgba(108,0,66,1)
10,5: (27756,0,17733,65535)  #6C0045FF  srgba(108,0,69,1)
11,5: (28013,0,17990,65535)  #6D0046FF  srgba(109,0,70,1)
12,5: (28013,0,18504,65535)  #6D0048FF  srgba(109,0,72,1)
13,5: (28270,514,14649,65535)  #6E0239FF  srgba(110,2,57,1)
14,5: (28270,514,19018,65535)  #6E024AFF  srgba(110,2,74,1)
15,5: (28784,0,19018,65535)  #70004AFF  srgba(112,0,74,1)
0,6: (28784,0,19532,65535)  #70004CFF  srgba(112,0,76,1)
1,6: (28784,0,20046,65535)  #70004EFF  srgba(112,0,78,1)
2,6: (28784,257,18504,65535)  #700148FF  srgba(112,1,72,1)
3,6: (29298,0,18504,65535)  #720048FF  srgba(114,0,72,1)
4,6: (29298,0,19018,65535)  #72004AFF  srgba(114,0,74,1)
5,6: (29555,0,20046,65535)  #73004EFF  srgba(115,0,78,1)
6,6: (29555,0,20303,65535)  #73004FFF  srgba(115,0,79,1)
7,6: (30069,0,19789,65535)  #75004DFF  srgba(117,0,77,1)
8,6: (32125,0,19532,65535)  #7D004CFF  srgba(125,0,76,1)
9,6: (33667,0,19532,65535)  #83004CFF  srgba(131,0,76,1)
10,6: (34181,0,19018,65535)  #85004AFF  srgba(133,0,74,1)
11,6: (34181,0,19018,65535)  #85004AFF  srgba(133,0,74,1)
12,6: (34438,0,17733,65535)  #860045FF  srgba(134,0,69,1)
13,6: (34438,0,18504,65535)  #860048FF  srgba(134,0,72,1)
14,6: (34952,0,20046,65535)  #88004EFF  srgba(136,0,78,1)
15,6: (35209,257,15163,65535)  #89013BFF  srgba(137,1,59,1)
0,7: (36494,514,20817,65535)  #8E0251FF  srgba(142,2,81,1)
1,7: (37265,0,19532,65535)  #91004CFF  srgba(145,0,76,1)
2,7: (37522,514,20303,65535)  #92024FFF  srgba(146,2,79,1)
3,7: (37779,257,19789,65535)  #93014DFF  srgba(147,1,77,1)
4,7: (38293,0,21845,65535)  #950055FF  srgba(149,0,85,1)
5,7: (38807,0,20303,65535)  #97004FFF  srgba(151,0,79,1)
6,7: (38807,2056,22616,65535)  #970858FF  srgba(151,8,88,1)
7,7: (39578,0,20817,65535)  #9A0051FF  srgba(154,0,81,1)
8,7: (39835,0,19532,65535)  #9B004CFF  srgba(155,0,76,1)
9,7: (41120,0,17990,65535)  #A00046FF  srgba(160,0,70,1)
10,7: (41120,0,20303,65535)  #A0004FFF  srgba(160,0,79,1)
11,7: (42148,0,18761,65535)  #A40049FF  srgba(164,0,73,1)
12,7: (44718,0,12336,65535)  #AE0030FF  srgba(174,0,48,1)
13,7: (44975,0,15934,65535)  #AF003EFF  srgba(175,0,62,1)
14,7: (46003,0,19789,65535)  #B3004DFF  srgba(179,0,77,1)
15,7: (46517,514,14392,65535)  #B50238FF  srgba(181,2,56,1)
0,8: (48059,0,19789,65535)  #BB004DFF  srgba(187,0,77,1)
1,8: (48316,257,20560,65535)  #BC0150FF  srgba(188,1,80,1)
2,8: (48573,0,19789,65535)  #BD004DFF  srgba(189,0,77,1)
3,8: (48573,0,21588,65535)  #BD0054FF  srgba(189,0,84,1)
4,8: (48830,3598,15934,65535)  #BE0E3EFF  srgba(190,14,62,1)
5,8: (48830,4626,23387,65535)  #BE125BFF  srgba(190,18,91,1)
6,8: (49087,0,20560,65535)  #BF0050FF  srgba(191,0,80,1)
7,8: (49087,0,21588,65535)  #BF0054FF  srgba(191,0,84,1)
8,8: (49087,514,18761,65535)  #BF0249FF  srgba(191,2,73,1)
9,8: (49087,771,17733,65535)  #BF0345FF  srgba(191,3,69,1)
10,8: (49344,0,18761,65535)  #C00049FF  srgba(192,0,73,1)
11,8: (49344,1285,19789,65535)  #C0054DFF  srgba(192,5,77,1)
12,8: (49344,3598,13107,65535)  #C00E33FF  srgba(192,14,51,1)
13,8: (50886,0,19789,65535)  #C6004DFF  srgba(198,0,77,1)
14,8: (56283,0,18761,65535)  #DB0049FF  srgba(219,0,73,1)
15,8: (56283,0,19789,65535)  #DB004DFF  srgba(219,0,77,1)
0,9: (57311,0,20560,65535)  #DF0050FF  srgba(223,0,80,1)
1,9: (57311,0,21074,65535)  #DF0052FF  srgba(223,0,82,1)
2,9: (57568,0,22359,65535)  #E00057FF  srgba(224,0,87,1)
3,9: (57568,4626,12336,65535)  #E01230FF  srgba(224,18,48,1)
4,9: (58339,1028,17219,65535)  #E30443FF  srgba(227,4,67,1)
5,9: (58596,3598,15163,65535)  #E40E3BFF  srgba(228,14,59,1)
6,9: (58853,2570,16448,65535)  #E50A40FF  srgba(229,10,64,1)
7,9: (59110,3341,15934,65535)  #E60D3EFF  srgba(230,13,62,1)
8,9: (59624,9252,26728,65535)  #E82468FF  srgba(232,36,104,1)
9,9: (59881,4626,14135,65535)  #E91237FF  srgba(233,18,55,1)
10,9: (60138,0,18761,65535)  #EA0049FF  srgba(234,0,73,1)
11,9: (60909,8738,23901,65535)  #ED225DFF  srgba(237,34,93,1)
12,9: (61166,10537,12336,65535)  #EE2930FF  srgba(238,41,48,1)
13,9: (61680,7196,17990,65535)  #F01C46FF  srgba(240,28,70,1)
14,9: (62194,0,19789,65535)  #F2004DFF  srgba(242,0,77,1)
15,9: (62194,8481,22359,65535)  #F22157FF  srgba(242,33,87,1)
0,10: (62451,5911,20817,65535)  #F31751FF  srgba(243,23,81,1)
1,10: (62965,10537,14392,65535)  #F52938FF  srgba(245,41,56,1)
2,10: (63736,514,18761,65535)  #F80249FF  srgba(248,2,73,1)
3,10: (63736,13878,20817,65535)  #F83651FF  srgba(248,54,81,1)
4,10: (63736,25186,13621,65535)  #F86235FF  srgba(248,98,53,1)
5,10: (63993,514,21588,65535)  #F90254FF  srgba(249,2,84,1)
6,10: (63993,5911,18761,65535)  #F91749FF  srgba(249,23,73,1)
7,10: (63993,9252,17219,65535)  #F92443FF  srgba(249,36,67,1)
8,10: (63993,10537,15163,65535)  #F9293BFF  srgba(249,41,59,1)
9,10: (63993,15934,25700,65535)  #F93E64FF  srgba(249,62,100,1)
10,10: (64250,771,20560,65535)  #FA0350FF  srgba(250,3,80,1)
11,10: (64250,2827,17219,65535)  #FA0B43FF  srgba(250,11,67,1)
12,10: (64250,16448,14392,65535)  #FA4038FF  srgba(250,64,56,1)
13,10: (64507,4626,16448,65535)  #FB1240FF  srgba(251,18,64,1)
14,10: (64507,10537,19532,65535)  #FB294CFF  srgba(251,41,76,1)
15,10: (64507,14392,18761,65535)  #FB3849FF  srgba(251,56,73,1)
0,11: (64507,16191,17990,65535)  #FB3F46FF  srgba(251,63,70,1)
1,11: (64764,5397,19532,65535)  #FC154CFF  srgba(252,21,76,1)
2,11: (64764,5911,15934,65535)  #FC173EFF  srgba(252,23,62,1)
3,11: (64764,8224,17990,65535)  #FC2046FF  srgba(252,32,70,1)
4,11: (64764,10280,15934,65535)  #FC283EFF  srgba(252,40,62,1)
5,11: (64764,16191,22359,65535)  #FC3F57FF  srgba(252,63,87,1)
6,11: (64764,21588,14649,65535)  #FC5439FF  srgba(252,84,57,1)
7,11: (64764,26728,14906,65535)  #FC683AFF  srgba(252,104,58,1)
8,11: (65021,4626,17219,65535)  #FD1243FF  srgba(253,18,67,1)
9,11: (65021,4883,16448,65535)  #FD1340FF  srgba(253,19,64,1)
10,11: (65021,5911,15420,65535)  #FD173CFF  srgba(253,23,60,1)
11,11: (65021,7196,17990,65535)  #FD1C46FF  srgba(253,28,70,1)
12,11: (65021,10023,16705,65535)  #FD2741FF  srgba(253,39,65,1)
13,11: (65021,16191,17219,65535)  #FD3F43FF  srgba(253,63,67,1)
14,11: (65021,16448,15934,65535)  #FD403EFF  srgba(253,64,62,1)
15,11: (65021,16448,17990,65535)  #FD4046FF  srgba(253,64,70,1)
0,12: (65021,16448,19532,65535)  #FD404CFF  srgba(253,64,76,1)
1,12: (65021,16705,16448,65535)  #FD4140FF  srgba(253,65,64,1)
2,12: (65021,16962,15677,65535)  #FD423DFF  srgba(253,66,61,1)
3,12: (65021,19532,15163,65535)  #FD4C3BFF  srgba(253,76,59,1)
4,12: (65021,20817,15934,65535)  #FD513EFF  srgba(253,81,62,1)
5,12: (65021,21331,14392,65535)  #FD5338FF  srgba(253,83,56,1)
6,12: (65021,21331,16705,65535)  #FD5341FF  srgba(253,83,65,1)
7,12: (65021,22873,15163,65535)  #FD593BFF  srgba(253,89,59,1)
8,12: (65021,23387,15934,65535)  #FD5B3EFF  srgba(253,91,62,1)
9,12: (65021,28013,14392,65535)  #FD6D38FF  srgba(253,109,56,1)
10,12: (65021,29298,15163,65535)  #FD723BFF  srgba(253,114,59,1)
11,12: (65021,29812,14649,65535)  #FD7439FF  srgba(253,116,57,1)
12,12: (65021,32382,14392,65535)  #FD7E38FF  srgba(253,126,56,1)
13,12: (65021,32382,15163,65535)  #FD7E3BFF  srgba(253,126,59,1)
14,12: (65021,33924,14135,65535)  #FD8437FF  srgba(253,132,55,1)
15,12: (65278,1028,18761,65535)  #FE0449FF  srgba(254,4,73,1)
0,13: (65278,1285,20046,65535)  #FE054EFF  srgba(254,5,78,1)
1,13: (65278,2827,18504,65535)  #FE0B48FF  srgba(254,11,72,1)
2,13: (65278,3855,17219,65535)  #FE0F43FF  srgba(254,15,67,1)
3,13: (65278,5397,17990,65535)  #FE1546FF  srgba(254,21,70,1)
4,13: (65278,5397,17990,65535)  #FE1546FF  srgba(254,21,70,1)
5,13: (65278,5654,18761,65535)  #FE1649FF  srgba(254,22,73,1)
6,13: (65278,5911,18761,65535)  #FE1749FF  srgba(254,23,73,1)
7,13: (65278,5911,20560,65535)  #FE1750FF  srgba(254,23,80,1)
8,13: (65278,6168,15934,65535)  #FE183EFF  srgba(254,24,62,1)
9,13: (65278,6168,16448,65535)  #FE1840FF  srgba(254,24,64,1)
10,13: (65278,8738,17990,65535)  #FE2246FF  srgba(254,34,70,1)
11,13: (65278,8995,17219,65535)  #FE2343FF  srgba(254,35,67,1)
12,13: (65278,9509,17990,65535)  #FE2546FF  srgba(254,37,70,1)
13,13: (65278,10023,17219,65535)  #FE2743FF  srgba(254,39,67,1)
14,13: (65278,12593,18761,65535)  #FE3149FF  srgba(254,49,73,1)
15,13: (65278,15163,17733,65535)  #FE3B45FF  srgba(254,59,69,1)
0,14: (65278,16448,16962,65535)  #FE4042FF  srgba(254,64,66,1)
1,14: (65278,18247,18761,65535)  #FE4749FF  srgba(254,71,73,1)
2,14: (65278,19018,15677,65535)  #FE4A3DFF  srgba(254,74,61,1)
3,14: (65278,19275,16705,65535)  #FE4B41FF  srgba(254,75,65,1)
4,14: (65278,19532,15934,65535)  #FE4C3EFF  srgba(254,76,62,1)
5,14: (65278,19532,17990,65535)  #FE4C46FF  srgba(254,76,70,1)
6,14: (65278,22359,16962,65535)  #FE5742FF  srgba(254,87,66,1)
7,14: (65278,22616,17733,65535)  #FE5845FF  srgba(254,88,69,1)
8,14: (65278,22616,19275,65535)  #FE584BFF  srgba(254,88,75,1)
9,14: (65278,23130,15934,65535)  #FE5A3EFF  srgba(254,90,62,1)
10,14: (65278,23644,14906,65535)  #FE5C3AFF  srgba(254,92,58,1)
11,14: (65278,24158,16448,65535)  #FE5E40FF  srgba(254,94,64,1)
12,14: (65278,26471,14906,65535)  #FE673AFF  srgba(254,103,58,1)
13,14: (65278,26985,15677,65535)  #FE693DFF  srgba(254,105,61,1)
14,14: (65278,27756,17476,65535)  #FE6C44FF  srgba(254,108,68,1)
15,14: (65278,28013,16191,65535)  #FE6D3FFF  srgba(254,109,63,1)
0,15: (65278,28013,16448,65535)  #FE6D40FF  srgba(254,109,64,1)
1,15: (65278,29555,14906,65535)  #FE733AFF  srgba(254,115,58,1)
2,15: (65278,29555,15677,65535)  #FE733DFF  srgba(254,115,61,1)
3,15: (65278,31354,15677,65535)  #FE7A3DFF  srgba(254,122,61,1)
4,15: (65278,31611,14906,65535)  #FE7B3AFF  srgba(254,123,58,1)
5,15: (65278,31868,15934,65535)  #FE7C3EFF  srgba(254,124,62,1)
6,15: (65278,31868,16705,65535)  #FE7C41FF  srgba(254,124,65,1)
7,15: (65278,33410,15677,65535)  #FE823DFF  srgba(254,130,61,1)
8,15: (65278,34438,14906,65535)  #FE863AFF  srgba(254,134,58,1)
9,15: (65278,35466,13878,65535)  #FE8A36FF  srgba(254,138,54,1)
10,15: (65535,12593,18761,65535)  #FF3149FF  srgba(255,49,73,1)
11,15: (65535,14649,17990,65535)  #FF3946FF  srgba(255,57,70,1)
12,15: (65535,15420,20817,65535)  #FF3C51FF  srgba(255,60,81,1)
13,15: (65535,17733,18761,65535)  #FF4549FF  srgba(255,69,73,1)
14,15: (65535,18504,17733,65535)  #FF4845FF  srgba(255,72,69,1)
15,15: (0,65535,0,0)  #00FF0000  srgba(0,255,0,0)
