# ImageMagick pixel enumeration: 16,16,65535,srgba
0,0: (17219,26985,0,65535)  #436900FF  srgba(67,105,0,1)
1,0: (18247,21331,0,65535)  #475300FF  srgba(71,83,0,1)
2,0: (18504,27499,0,65535)  #486B00FF  srgba(72,107,0,1)
3,0: (18504,32896,0,65535)  #488000FF  srgba(72,128,0,1)
4,0: (18761,17990,0,65535)  #494600FF  srgba(73,70,0,1)
5,0: (19018,8481,0,65535)  #4A2100FF  srgba(74,33,0,1)
6,0: (19018,29041,0,65535)  #4A7100FF  srgba(74,113,0,1)
7,0: (19018,37265,0,65535)  #4A9100FF  srgba(74,145,0,1)
8,0: (19275,3855,0,65535)  #4B0F00FF  srgba(75,15,0,1)
9,0: (19275,21588,0,65535)  #4B5400FF  srgba(75,84,0,1)
10,0: (19275,25186,0,65535)  #4B6200FF  srgba(75,98,0,1)
11,0: (19275,41634,0,65535)  #4BA200FF  srgba(75,162,0,1)
12,0: (19532,15934,0,65535)  #4C3E00FF  srgba(76,62,0,1)
13,0: (19532,17990,0,65535)  #4C4600FF  srgba(76,70,0,1)
14,0: (19532,21331,0,65535)  #4C5300FF  srgba(76,83,0,1)
15,0: (19532,33153,0,65535)  #4C8100FF  srgba(76,129,0,1)
0,1: (19789,25700,0,65535)  #4D6400FF  srgba(77,100,0,1)
1,1: (19789,29555,0,65535)  #4D7300FF  srgba(77,115,0,1)
2,1: (20046,13621,0,65535)  #4E3500FF  srgba(78,53,0,1)
3,1: (20046,18247,0,65535)  #4E4700FF  srgba(78,71,0,1)
4,1: (20046,20303,0,65535)  #4E4F00FF  srgba(78,79,0,1)
5,1: (20046,22102,0,65535)  #4E5600FF  srgba(78,86,0,1)
6,1: (20046,32639,0,65535)  #4E7F00FF  srgba(78,127,0,1)
7,1: (20046,34952,0,65535)  #4E8800FF  srgba(78,136,0,1)
8,1: (20046,37522,0,65535)  #4E9200FF  srgba(78,146,0,1)
9,1: (20046,42405,0,65535)  #4EA500FF  srgba(78,165,0,1)
10,1: (20046,46517,0,65535)  #4EB500FF  srgba(78,181,0,1)
11,1: (20303,11051,0,65535)  #4F2B00FF  srgba(79,43,0,1)
12,1: (20303,22873,0,65535)  #4F5900FF  srgba(79,89,0,1)
13,1: (20303,24672,0,65535)  #4F6000FF  srgba(79,96,0,1)
14,1: (20303,26728,0,65535)  #4F6800FF  srgba(79,104,0,1)
15,1: (20303,29298,0,65535)  #4F7200FF  srgba(79,114,0,1)
0,2: (20303,32382,0,65535)  #4F7E00FF  srgba(79,126,0,1)
1,2: (20303,36751,0,65535)  #4F8F00FF  srgba(79,143,0,1)
2,2: (20303,40349,0,65535)  #4F9D00FF  srgba(79,157,0,1)
3,2: (20303,44204,0,65535)  #4FAC00FF  srgba(79,172,0,1)
4,2: (20303,49601,0,65535)  #4FC100FF  srgba(79,193,0,1)
5,2: (20303,51400,0,65535)  #4FC800FF  srgba(79,200,0,1)
6,2: (20303,53713,0,65535)  #4FD100FF  srgba(79,209,0,1)
7,2: (20560,3598,0,65535)  #500E00FF  srgba(80,14,0,1)
8,2: (20560,8224,0,65535)  #502000FF  srgba(80,32,0,1)
9,2: (20560,15677,0,65535)  #503D00FF  srgba(80,61,0,1)
10,2: (20560,17733,0,65535)  #504500FF  srgba(80,69,0,1)
11,2: (20560,21074,0,65535)  #505200FF  srgba(80,82,0,1)
12,2: (20560,25186,0,65535)  #506200FF  srgba(80,98,0,1)
13,2: (20560,27242,0,65535)  #506A00FF  srgba(80,106,0,1)
14,2: (20560,28784,0,65535)  #507000FF  srgba(80,112,0,1)
15,2: (20560,30583,0,65535)  #507700FF  srgba(80,119,0,1)
0,3: (20560,31868,0,65535)  #507C00FF  srgba(80,124,0,1)
1,3: (20560,33924,0,65535)  #508400FF  srgba(80,132,0,1)
2,3: (20560,34695,0,65535)  #508700FF  srgba(80,135,0,1)
3,3: (20560,35209,0,65535)  #508900FF  srgba(80,137,0,1)
4,3: (20560,38036,0,65535)  #509400FF  srgba(80,148,0,1)
5,3: (20560,38550,0,65535)  #509600FF  srgba(80,150,0,1)
6,3: (20560,41377,0,65535)  #50A100FF  srgba(80,161,0,1)
7,3: (20560,43947,0,65535)  #50AB00FF  srgba(80,171,0,1)
8,3: (20560,46774,0,65535)  #50B600FF  srgba(80,182,0,1)
9,3: (20817,19275,0,65535)  #514B00FF  srgba(81,75,0,1)
10,3: (20817,20046,0,65535)  #514E00FF  srgba(81,78,0,1)
11,3: (20817,21845,0,65535)  #515500FF  srgba(81,85,0,1)
12,3: (20817,22616,0,65535)  #515800FF  srgba(81,88,0,1)
13,3: (20817,25443,0,65535)  #516300FF  srgba(81,99,0,1)
14,3: (20817,26985,0,65535)  #516900FF  srgba(81,105,0,1)
15,3: (20817,28784,0,65535)  #517000FF  srgba(81,112,0,1)
0,4: (20817,29812,0,65535)  #517400FF  srgba(81,116,0,1)
1,4: (20817,32639,0,65535)  #517F00FF  srgba(81,127,0,1)
2,4: (20817,34438,0,65535)  #518600FF  srgba(81,134,0,1)
3,4: (20817,35980,0,65535)  #518C00FF  srgba(81,140,0,1)
4,4: (20817,37265,0,65535)  #519100FF  srgba(81,145,0,1)
5,4: (20817,41120,0,65535)  #51A000FF  srgba(81,160,0,1)
6,4: (20817,43176,0,65535)  #51A800FF  srgba(81,168,0,1)
7,4: (20817,45489,0,65535)  #51B100FF  srgba(81,177,0,1)
8,4: (20817,47288,0,65535)  #51B800FF  srgba(81,184,0,1)
9,4: (21074,13878,0,65535)  #523600FF  srgba(82,54,0,1)
10,4: (21074,15934,0,65535)  #523E00FF  srgba(82,62,0,1)
11,4: (21074,17733,0,65535)  #524500FF  srgba(82,69,0,1)
12,4: (21074,19018,0,65535)  #524A00FF  srgba(82,74,0,1)
13,4: (21074,21331,0,65535)  #525300FF  srgba(82,83,0,1)
14,4: (21074,22102,0,65535)  #525600FF  srgba(82,86,0,1)
15,4: (21074,22873,0,65535)  #525900FF  srgba(82,89,0,1)
0,5: (21074,24158,0,65535)  #525E00FF  srgba(82,94,0,1)
1,5: (21074,25186,0,65535)  #526200FF  srgba(82,98,0,1)
2,5: (21074,26471,0,65535)  #526700FF  srgba(82,103,0,1)
3,5: (21074,28270,0,65535)  #526E00FF  srgba(82,110,0,1)
4,5: (21074,29041,0,65535)  #527100FF  srgba(82,113,0,1)
5,5: (21074,29555,0,65535)  #527300FF  srgba(82,115,0,1)
6,5: (21074,31354,0,65535)  #527A00FF  srgba(82,122,0,1)
7,5: (21074,32896,0,65535)  #528000FF  srgba(82,128,0,1)
8,5: (21074,33924,0,65535)  #528400FF  srgba(82,132,0,1)
9,5: (21074,34952,0,65535)  #528800FF  srgba(82,136,0,1)
10,5: (21074,37265,0,65535)  #529100FF  srgba(82,145,0,1)
11,5: (21074,38036,0,65535)  #529400FF  srgba(82,148,0,1)
12,5: (21074,39835,0,65535)  #529B00FF  srgba(82,155,0,1)
13,5: (21074,41120,0,65535)  #52A000FF  srgba(82,160,0,1)
14,5: (21074,43433,0,65535)  #52A900FF  srgba(82,169,0,1)
15,5: (21074,50886,0,65535)  #52C600FF  srgba(82,198,0,1)
0,6: (21331,1799,0,65535)  #530700FF  srgba(83,7,0,1)
1,6: (21331,5397,0,65535)  #531500FF  srgba(83,21,0,1)
2,6: (21331,8481,0,65535)  #532100FF  srgba(83,33,0,1)
3,6: (21331,11308,0,65535)  #532C00FF  srgba(83,44,0,1)
4,6: (21331,13107,0,65535)  #533300FF  srgba(83,51,0,1)
5,6: (21331,15934,0,65535)  #533E00FF  srgba(83,62,0,1)
6,6: (21331,18761,0,65535)  #534900FF  srgba(83,73,0,1)
7,6: (21331,19532,0,65535)  #534C00FF  srgba(83,76,0,1)
8,6: (21331,20560,0,65535)  #535000FF  srgba(83,80,0,1)
9,6: (21331,25957,0,65535)  #536500FF  srgba(83,101,0,1)
10,6: (21331,26985,0,65535)  #536900FF  srgba(83,105,0,1)
11,6: (21331,27756,0,65535)  #536C00FF  srgba(83,108,0,1)
12,6: (21331,28527,0,65535)  #536F00FF  srgba(83,111,0,1)
13,6: (21331,29298,0,65535)  #537200FF  srgba(83,114,0,1)
14,6: (21331,30326,0,65535)  #537600FF  srgba(83,118,0,1)
15,6: (21331,31354,0,65535)  #537A00FF  srgba(83,122,0,1)
0,7: (21331,32639,0,65535)  #537F00FF  srgba(83,127,0,1)
1,7: (21331,33667,0,65535)  #538300FF  srgba(83,131,0,1)
2,7: (21331,34952,0,65535)  #538800FF  srgba(83,136,0,1)
3,7: (21331,36494,0,65535)  #538E00FF  srgba(83,142,0,1)
4,7: (21331,38036,0,65535)  #539400FF  srgba(83,148,0,1)
5,7: (21331,45746,0,65535)  #53B200FF  srgba(83,178,0,1)
6,7: (21588,2313,0,65535)  #540900FF  srgba(84,9,0,1)
7,7: (21588,6939,0,65535)  #541B00FF  srgba(84,27,0,1)
8,7: (21588,9252,0,65535)  #542400FF  srgba(84,36,0,1)
9,7: (21588,10794,0,65535)  #542A00FF  srgba(84,42,0,1)
10,7: (21588,12336,0,65535)  #543000FF  srgba(84,48,0,1)
11,7: (21588,14392,0,65535)  #543800FF  srgba(84,56,0,1)
12,7: (21588,15420,0,65535)  #543C00FF  srgba(84,60,0,1)
13,7: (21588,16448,0,65535)  #544000FF  srgba(84,64,0,1)
14,7: (21588,17476,0,65535)  #544400FF  srgba(84,68,0,1)
15,7: (21588,17990,0,65535)  #544600FF  srgba(84,70,0,1)
0,8: (21588,19018,0,65535)  #544A00FF  srgba(84,74,0,1)
1,8: (21588,20303,0,65535)  #544F00FF  srgba(84,79,0,1)
2,8: (21588,21074,0,65535)  #545200FF  srgba(84,82,0,1)
3,8: (21588,21588,0,65535)  #545400FF  srgba(84,84,0,1)
4,8: (21588,22359,0,65535)  #545700FF  srgba(84,87,0,1)
5,8: (21588,23387,0,65535)  #545B00FF  srgba(84,91,0,1)
6,8: (21588,24415,0,65535)  #545F00FF  srgba(84,95,0,1)
7,8: (21588,24929,0,65535)  #546100FF  srgba(84,97,0,1)
8,8: (21588,40606,0,65535)  #549E00FF  srgba(84,158,0,1)
9,8: (21588,48059,0,65535)  #54BB00FF  srgba(84,187,0,1)
10,8: (21845,4112,0,65535)  #551000FF  srgba(85,16,0,1)
11,8: (21845,5654,0,65535)  #551600FF  srgba(85,22,0,1)
12,8: (21845,9252,0,65535)  #552400FF  srgba(85,36,0,1)
13,8: (21845,12593,0,65535)  #553100FF  srgba(85,49,0,1)
14,8: (21845,13621,0,65535)  #553500FF  srgba(85,53,0,1)
15,8: (21845,18504,0,65535)  #554800FF  srgba(85,72,0,1)
0,9: (21845,19275,0,65535)  #554B00FF  srgba(85,75,0,1)
1,9: (21845,20303,0,65535)  #554F00FF  srgba(85,79,0,1)
2,9: (21845,23387,0,65535)  #555B00FF  srgba(85,91,0,1)
3,9: (21845,24158,0,65535)  #555E00FF  srgba(85,94,0,1)
4,9: (21845,26471,0,65535)  #556700FF  srgba(85,103,0,1)
5,9: (21845,27756,0,65535)  #556C00FF  srgba(85,108,0,1)
6,9: (21845,29555,0,65535)  #557300FF  srgba(85,115,0,1)
7,9: (21845,30840,0,65535)  #557800FF  srgba(85,120,0,1)
8,9: (21845,31611,0,65535)  #557B00FF  srgba(85,123,0,1)
9,9: (21845,33153,0,65535)  #558100FF  srgba(85,129,0,1)
10,9: (21845,33667,0,65535)  #558300FF  srgba(85,131,0,1)
11,9: (21845,34181,0,65535)  #558500FF  srgba(85,133,0,1)
12,9: (21845,36751,0,65535)  #558F00FF  srgba(85,143,0,1)
13,9: (21845,38293,0,65535)  #559500FF  srgba(85,149,0,1)
14,9: (21845,40863,0,65535)  #559F00FF  srgba(85,159,0,1)
15,9: (21845,43176,0,65535)  #55A800FF  srgba(85,168,0,1)
0,10: (21845,50629,0,65535)  #55C500FF  srgba(85,197,0,1)
1,10: (22102,1285,0,65535)  #560500FF  srgba(86,5,0,1)
2,10: (22102,3084,0,65535)  #560C00FF  srgba(86,12,0,1)
3,10: (22102,5911,0,65535)  #561700FF  srgba(86,23,0,1)
4,10: (22102,7196,0,65535)  #561C00FF  srgba(86,28,0,1)
5,10: (22102,11051,0,65535)  #562B00FF  srgba(86,43,0,1)
6,10: (22102,15163,0,65535)  #563B00FF  srgba(86,59,0,1)
7,10: (22102,16448,0,65535)  #564000FF  srgba(86,64,0,1)
8,10: (22102,17219,0,65535)  #564300FF  srgba(86,67,0,1)
9,10: (22102,21074,0,65535)  #565200FF  srgba(86,82,0,1)
10,10: (22102,22102,0,65535)  #565600FF  srgba(86,86,0,1)
11,10: (22102,24415,0,65535)  #565F00FF  srgba(86,95,0,1)
12,10: (22102,25700,0,65535)  #566400FF  srgba(86,100,0,1)
13,10: (22102,26985,0,65535)  #566900FF  srgba(86,105,0,1)
14,10: (22102,27756,0,65535)  #566C00FF  srgba(86,108,0,1)
15,10: (22102,29041,0,65535)  #567100FF  srgba(86,113,0,1)
0,11: (22102,30326,0,65535)  #567600FF  srgba(86,118,0,1)
1,11: (22102,31354,0,65535)  #567A00FF  srgba(86,122,0,1)
2,11: (22102,33410,0,65535)  #568200FF  srgba(86,130,0,1)
3,11: (22102,34438,0,65535)  #568600FF  srgba(86,134,0,1)
4,11: (22102,37265,0,65535)  #569100FF  srgba(86,145,0,1)
5,11: (22359,514,0,65535)  #570200FF  srgba(87,2,0,1)
6,11: (22359,3084,0,65535)  #570C00FF  srgba(87,12,0,1)
7,11: (22359,4883,0,65535)  #571300FF  srgba(87,19,0,1)
8,11: (22359,6168,0,65535)  #571800FF  srgba(87,24,0,1)
9,11: (22359,7710,0,65535)  #571E00FF  srgba(87,30,0,1)
10,11: (22359,8995,0,65535)  #572300FF  srgba(87,35,0,1)
11,11: (22359,11565,0,65535)  #572D00FF  srgba(87,45,0,1)
12,11: (22359,13621,0,65535)  #573500FF  srgba(87,53,0,1)
13,11: (22359,15934,0,65535)  #573E00FF  srgba(87,62,0,1)
14,11: (22359,17733,0,65535)  #574500FF  srgba(87,69,0,1)
15,11: (22359,19275,0,65535)  #574B00FF  srgba(87,75,0,1)
0,12: (22359,21074,0,65535)  #575200FF  srgba(87,82,0,1)
1,12: (22359,22873,0,65535)  #575900FF  srgba(87,89,0,1)
2,12: (22616,257,0,65535)  #580100FF  srgba(88,1,0,1)
3,12: (22616,2570,0,65535)  #580A00FF  srgba(88,10,0,1)
4,12: (22616,4626,0,65535)  #581200FF  srgba(88,18,0,1)
5,12: (22616,5397,0,65535)  #581500FF  srgba(88,21,0,1)
6,12: (22616,9509,0,65535)  #582500FF  srgba(88,37,0,1)
7,12: (22616,13364,0,65535)  #583400FF  srgba(88,52,0,1)
8,12: (22616,20046,0,65535)  #584E00FF  srgba(88,78,0,1)
9,12: (22616,23387,0,65535)  #585B00FF  srgba(88,91,0,1)
10,12: (22616,24415,0,65535)  #585F00FF  srgba(88,95,0,1)
11,12: (22616,25957,0,65535)  #586500FF  srgba(88,101,0,1)
12,12: (22616,27242,0,65535)  #586A00FF  srgba(88,106,0,1)
13,12: (22616,29555,0,65535)  #587300FF  srgba(88,115,0,1)
14,12: (22616,31868,0,65535)  #587C00FF  srgba(88,124,0,1)
15,12: (22616,33924,0,65535)  #588400FF  srgba(88,132,0,1)
0,13: (22616,37522,0,65535)  #589200FF  srgba(88,146,0,1)
1,13: (22616,40606,0,65535)  #589E00FF  srgba(88,158,0,1)
2,13: (22873,257,0,65535)  #590100FF  srgba(89,1,0,1)
3,13: (22873,1285,0,65535)  #590500FF  srgba(89,5,0,1)
4,13: (22873,3855,0,65535)  #590F00FF  srgba(89,15,0,1)
5,13: (22873,4626,0,65535)  #591200FF  srgba(89,18,0,1)
6,13: (22873,5654,0,65535)  #591600FF  srgba(89,22,0,1)
7,13: (22873,7967,0,65535)  #591F00FF  srgba(89,31,0,1)
8,13: (22873,7967,0,65535)  #591F00FF  srgba(89,31,0,1)
9,13: (22873,10280,0,65535)  #592800FF  srgba(89,40,0,1)
10,13: (22873,15934,0,65535)  #593E00FF  srgba(89,62,0,1)
11,13: (22873,18247,0,65535)  #594700FF  srgba(89,71,0,1)
12,13: (22873,22102,0,65535)  #595600FF  srgba(89,86,0,1)
13,13: (22873,24672,0,65535)  #596000FF  srgba(89,96,0,1)
14,13: (22873,33410,0,65535)  #598200FF  srgba(89,130,0,1)
15,13: (23130,0,0,65535)  #5A0000FF  srgba(90,0,0,1)
0,14: (23130,1285,0,65535)  #5A0500FF  srgba(90,5,0,1)
1,14: (23130,5911,0,65535)  #5A1700FF  srgba(90,23,0,1)
2,14: (23130,14906,0,65535)  #5A3A00FF  srgba(90,58,0,1)
3,14: (23130,17990,0,65535)  #5A4600FF  srgba(90,70,0,1)
4,14: (23130,20303,0,65535)  #5A4F00FF  srgba(90,79,0,1)
5,14: (23130,26471,0,65535)  #5A6700FF  srgba(90,103,0,1)
6,14: (23130,29041,0,65535)  #5A7100FF  srgba(90,113,0,1)
7,14: (23130,33153,0,65535)  #5A8100FF  srgba(90,129,0,1)
8,14: (23387,6168,0,65535)  #5B1800FF  srgba(91,24,0,1)
9,14: (23387,23130,0,65535)  #5B5A00FF  srgba(91,90,0,1)
10,14: (23387,24929,0,65535)  #5B6100FF  srgba(91,97,0,1)
11,14: (23387,25957,0,65535)  #5B6500FF  srgba(91,101,0,1)
12,14: (23387,28270,0,65535)  #5B6E00FF  srgba(91,110,0,1)
13,14: (23387,37265,0,65535)  #5B9100FF  srgba(91,145,0,1)
14,14: (23644,4883,0,65535)  #5C1300FF  srgba(92,19,0,1)
15,14: (23901,24929,0,65535)  #5D6100FF  srgba(93,97,0,1)
0,15: (23901,27242,0,65535)  #5D6A00FF  srgba(93,106,0,1)
1,15: (24158,22616,0,65535)  #5E5800FF  srgba(94,88,0,1)
2,15: (24158,33410,0,65535)  #5E8200FF  srgba(94,130,0,1)
3,15: (24415,15420,0,65535)  #5F3C00FF  srgba(95,60,0,1)
4,15: (24415,19532,0,65535)  #5F4C00FF  srgba(95,76,0,1)
5,15: (24415,26728,0,65535)  #5F6800FF  srgba(95,104,0,1)
6,15: (24672,8481,0,65535)  #602100FF  srgba(96,33,0,1)
7,15: (25186,26471,0,65535)  #626700FF  srgba(98,103,0,1)
8,15: (27756,15420,0,65535)  #6C3C00FF  srgba(108,60,0,1)
9,15: (28527,20046,0,65535)  #6F4E00FF  srgba(111,78,0,1)
10,15: (29041,17476,0,65535)  #714400FF  srgba(113,68,0,1)
11,15: (31097,15677,0,65535)  #793D00FF  srgba(121,61,0,1)
12,15: (34438,16191,0,65535)  #863F00FF  srgba(134,63,0,1)
13,15: (37265,15163,0,65535)  #913B00FF  srgba(145,59,0,1)
14,15: (40092,14135,0,65535)  #9C3700FF  srgba(156,55,0,1)
15,15: (0,65535,0,0)  #00FF0000  srgba(0,255,0,0)
