# ImageMagick pixel enumeration: 16,16,65535,srgba
0,0: (0,12336,22359,65535)  #003057FF  srgba(0,48,87,1)
1,0: (0,12593,21074,65535)  #003152FF  srgba(0,49,82,1)
2,0: (0,13107,20046,65535)  #00334EFF  srgba(0,51,78,1)
3,0: (0,13364,19018,65535)  #00344AFF  srgba(0,52,74,1)
4,0: (0,13364,21845,65535)  #003455FF  srgba(0,52,85,1)
5,0: (0,13621,19275,65535)  #00354BFF  srgba(0,53,75,1)
6,0: (0,13621,20817,65535)  #003551FF  srgba(0,53,81,1)
7,0: (0,13878,18504,65535)  #003648FF  srgba(0,54,72,1)
8,0: (0,14135,18504,65535)  #003748FF  srgba(0,55,72,1)
9,0: (0,14135,20046,65535)  #00374EFF  srgba(0,55,78,1)
10,0: (0,14649,17476,65535)  #003944FF  srgba(0,57,68,1)
11,0: (0,14649,17990,65535)  #003946FF  srgba(0,57,70,1)
12,0: (0,14649,18504,65535)  #003948FF  srgba(0,57,72,1)
13,0: (0,14906,18247,65535)  #003A47FF  srgba(0,58,71,1)
14,0: (0,15163,16448,65535)  #003B40FF  srgba(0,59,64,1)
15,0: (0,15163,16448,65535)  #003B40FF  srgba(0,59,64,1)
0,1: (0,15163,19018,65535)  #003B4AFF  srgba(0,59,74,1)
1,1: (0,15420,17476,65535)  #003C44FF  srgba(0,60,68,1)
2,1: (0,15420,17990,65535)  #003C46FF  srgba(0,60,70,1)
3,1: (0,15677,15677,65535)  #003D3DFF  srgba(0,61,61,1)
4,1: (0,15677,15677,65535)  #003D3DFF  srgba(0,61,61,1)
5,1: (0,15677,17219,65535)  #003D43FF  srgba(0,61,67,1)
6,1: (0,15934,14649,65535)  #003E39FF  srgba(0,62,57,1)
7,1: (0,15934,16448,65535)  #003E40FF  srgba(0,62,64,1)
8,1: (0,16191,12850,65535)  #003F32FF  srgba(0,63,50,1)
9,1: (0,16191,13878,65535)  #003F36FF  srgba(0,63,54,1)
10,1: (0,16191,15420,65535)  #003F3CFF  srgba(0,63,60,1)
11,1: (0,16191,15420,65535)  #003F3CFF  srgba(0,63,60,1)
12,1: (0,16191,15934,65535)  #003F3EFF  srgba(0,63,62,1)
13,1: (0,16448,13621,65535)  #004035FF  srgba(0,64,53,1)
14,1: (0,16448,13878,65535)  #004036FF  srgba(0,64,54,1)
15,1: (0,16448,14392,65535)  #004038FF  srgba(0,64,56,1)
0,2: (0,16448,14906,65535)  #00403AFF  srgba(0,64,58,1)
1,2: (0,16448,15163,65535)  #00403BFF  srgba(0,64,59,1)
2,2: (0,16448,15677,65535)  #00403DFF  srgba(0,64,61,1)
3,2: (0,16448,15677,65535)  #00403DFF  srgba(0,64,61,1)
4,2: (0,16448,15677,65535)  #00403DFF  srgba(0,64,61,1)
5,2: (0,16705,12850,65535)  #004132FF  srgba(0,65,50,1)
6,2: (0,16705,13364,65535)  #004134FF  srgba(0,65,52,1)
7,2: (0,16705,14135,65535)  #004137FF  srgba(0,65,55,1)
8,2: (0,16705,14649,65535)  #004139FF  srgba(0,65,57,1)
9,2: (0,16705,14906,65535)  #00413AFF  srgba(0,65,58,1)
10,2: (0,16705,15163,65535)  #00413BFF  srgba(0,65,59,1)
11,2: (0,16705,16191,65535)  #00413FFF  srgba(0,65,63,1)
12,2: (0,16705,16705,65535)  #004141FF  srgba(0,65,65,1)
13,2: (0,16705,16962,65535)  #004142FF  srgba(0,65,66,1)
14,2: (0,16962,13364,65535)  #004234FF  srgba(0,66,52,1)
15,2: (0,16962,13621,65535)  #004235FF  srgba(0,66,53,1)
0,3: (0,16962,14135,65535)  #004237FF  srgba(0,66,55,1)
1,3: (0,16962,14649,65535)  #004239FF  srgba(0,66,57,1)
2,3: (0,16962,14906,65535)  #00423AFF  srgba(0,66,58,1)
3,3: (0,16962,15163,65535)  #00423BFF  srgba(0,66,59,1)
4,3: (0,17219,14649,65535)  #004339FF  srgba(0,67,57,1)
5,3: (0,17219,15163,65535)  #00433BFF  srgba(0,67,59,1)
6,3: (0,17219,15677,65535)  #00433DFF  srgba(0,67,61,1)
7,3: (0,17219,16191,65535)  #00433FFF  srgba(0,67,63,1)
8,3: (0,17219,16448,65535)  #004340FF  srgba(0,67,64,1)
9,3: (0,17476,15677,65535)  #00443DFF  srgba(0,68,61,1)
10,3: (0,17733,14649,65535)  #004539FF  srgba(0,69,57,1)
11,3: (0,17733,14906,65535)  #00453AFF  srgba(0,69,58,1)
12,3: (0,18247,15163,65535)  #00473BFF  srgba(0,71,59,1)
13,3: (0,18504,17476,65535)  #004844FF  srgba(0,72,68,1)
14,3: (0,19275,18504,65535)  #004B48FF  srgba(0,75,72,1)
15,3: (257,12850,21845,65535)  #013255FF  srgba(1,50,85,1)
0,4: (771,11822,21331,65535)  #032E53FF  srgba(3,46,83,1)
1,4: (1028,11565,22873,65535)  #042D59FF  srgba(4,45,89,1)
2,4: (1028,12336,23901,65535)  #04305DFF  srgba(4,48,93,1)
3,4: (1028,12593,21074,65535)  #043152FF  srgba(4,49,82,1)
4,4: (1285,11565,23901,65535)  #052D5DFF  srgba(5,45,93,1)
5,4: (1542,12593,22873,65535)  #063159FF  srgba(6,49,89,1)
6,4: (2570,10537,24415,65535)  #0A295FFF  srgba(10,41,95,1)
7,4: (2570,11308,22102,65535)  #0A2C56FF  srgba(10,44,86,1)
8,4: (2570,12079,24929,65535)  #0A2F61FF  srgba(10,47,97,1)
9,4: (2827,11051,23130,65535)  #0B2B5AFF  srgba(11,43,90,1)
10,4: (2827,12336,23901,65535)  #0B305DFF  srgba(11,48,93,1)
11,4: (3084,11308,24158,65535)  #0C2C5EFF  srgba(12,44,94,1)
12,4: (3084,11308,24929,65535)  #0C2C61FF  srgba(12,44,97,1)
13,4: (3341,11822,25957,65535)  #0D2E65FF  srgba(13,46,101,1)
14,4: (3598,10280,25957,65535)  #0E2865FF  srgba(14,40,101,1)
15,4: (3855,11565,26985,65535)  #0F2D69FF  srgba(15,45,105,1)
0,5: (4112,10280,24415,65535)  #10285FFF  srgba(16,40,95,1)
1,5: (4112,10280,26985,65535)  #102869FF  srgba(16,40,105,1)
2,5: (4369,10023,28013,65535)  #11276DFF  srgba(17,39,109,1)
3,5: (5397,11565,25957,65535)  #152D65FF  srgba(21,45,101,1)
4,5: (5654,10794,25186,65535)  #162A62FF  srgba(22,42,98,1)
5,5: (5654,10794,28013,65535)  #162A6DFF  srgba(22,42,109,1)
6,5: (5654,11051,26471,65535)  #162B67FF  srgba(22,43,103,1)
7,5: (5911,8995,25186,65535)  #172362FF  srgba(23,35,98,1)
8,5: (5911,8995,27499,65535)  #17236BFF  srgba(23,35,107,1)
9,5: (5911,10023,25186,65535)  #172762FF  srgba(23,39,98,1)
10,5: (5911,10537,25700,65535)  #172964FF  srgba(23,41,100,1)
11,5: (6168,8995,28784,65535)  #182370FF  srgba(24,35,112,1)
12,5: (6168,10537,28013,65535)  #18296DFF  srgba(24,41,109,1)
13,5: (6425,8738,26471,65535)  #192267FF  srgba(25,34,103,1)
14,5: (6425,10023,28270,65535)  #19276EFF  srgba(25,39,110,1)
15,5: (6682,9766,29812,65535)  #1A2674FF  srgba(26,38,116,1)
0,6: (6682,10023,26985,65535)  #1A2769FF  srgba(26,39,105,1)
1,6: (7196,8738,30069,65535)  #1C2275FF  srgba(28,34,117,1)
2,6: (7453,8738,29041,65535)  #1D2271FF  srgba(29,34,113,1)
3,6: (7453,8738,31097,65535)  #1D2279FF  srgba(29,34,121,1)
4,6: (7710,8738,27499,65535)  #1E226BFF  srgba(30,34,107,1)
5,6: (8995,6939,28527,65535)  #231B6FFF  srgba(35,27,111,1)
6,6: (8995,6939,30583,65535)  #231B77FF  srgba(35,27,119,1)
7,6: (8995,8224,28013,65535)  #23206DFF  srgba(35,32,109,1)
8,6: (8995,8995,28270,65535)  #23236EFF  srgba(35,35,110,1)
9,6: (8995,9252,31097,65535)  #232479FF  srgba(35,36,121,1)
10,6: (8995,9766,28270,65535)  #23266EFF  srgba(35,38,110,1)
11,6: (9252,7710,32639,65535)  #241E7FFF  srgba(36,30,127,1)
12,6: (9252,7967,30840,65535)  #241F78FF  srgba(36,31,120,1)
13,6: (9252,8224,29298,65535)  #242072FF  srgba(36,32,114,1)
14,6: (9252,8481,31611,65535)  #24217BFF  srgba(36,33,123,1)
15,6: (9766,6682,32382,65535)  #261A7EFF  srgba(38,26,126,1)
0,7: (10794,6682,34438,65535)  #2A1A86FF  srgba(42,26,134,1)
1,7: (10794,7710,30069,65535)  #2A1E75FF  srgba(42,30,117,1)
2,7: (10794,7710,33153,65535)  #2A1E81FF  srgba(42,30,129,1)
3,7: (10794,8481,29812,65535)  #2A2174FF  srgba(42,33,116,1)
4,7: (10794,8738,32639,65535)  #2A227FFF  srgba(42,34,127,1)
5,7: (11308,6682,30326,65535)  #2C1A76FF  srgba(44,26,118,1)
6,7: (11565,6682,32639,65535)  #2D1A7FFF  srgba(45,26,127,1)
7,7: (12079,6425,34695,65535)  #2F1987FF  srgba(47,25,135,1)
8,7: (12336,7967,31097,65535)  #301F79FF  srgba(48,31,121,1)
9,7: (12593,8224,34438,65535)  #312086FF  srgba(49,32,134,1)
10,7: (12850,5911,36237,65535)  #32178DFF  srgba(50,23,141,1)
11,7: (12850,6168,34438,65535)  #321886FF  srgba(50,24,134,1)
12,7: (12850,6425,30840,65535)  #321978FF  srgba(50,25,120,1)
13,7: (13364,6425,32125,65535)  #34197DFF  srgba(52,25,125,1)
14,7: (13621,6168,32896,65535)  #351880FF  srgba(53,24,128,1)
15,7: (13878,7967,33153,65535)  #361F81FF  srgba(54,31,129,1)
0,8: (13878,7967,36237,65535)  #361F8DFF  srgba(54,31,141,1)
1,8: (14135,5911,34695,65535)  #371787FF  srgba(55,23,135,1)
2,8: (14135,6425,36751,65535)  #37198FFF  srgba(55,25,143,1)
3,8: (14392,5140,37008,65535)  #381490FF  srgba(56,20,144,1)
4,8: (15163,7967,35209,65535)  #3B1F89FF  srgba(59,31,137,1)
5,8: (15677,5654,33410,65535)  #3D1682FF  srgba(61,22,130,1)
6,8: (15934,5654,34438,65535)  #3E1686FF  srgba(62,22,134,1)
7,8: (16191,4112,37265,65535)  #3F1091FF  srgba(63,16,145,1)
8,8: (16191,4626,35466,65535)  #3F128AFF  srgba(63,18,138,1)
9,8: (16191,4883,37265,65535)  #3F1391FF  srgba(63,19,145,1)
10,8: (16191,6168,35466,65535)  #3F188AFF  srgba(63,24,138,1)
11,8: (16191,6168,36494,65535)  #3F188EFF  srgba(63,24,142,1)
12,8: (16191,6168,38036,65535)  #3F1894FF  srgba(63,24,148,1)
13,8: (16962,6939,39578,65535)  #421B9AFF  srgba(66,27,154,1)
14,8: (17219,4883,39835,65535)  #43139BFF  srgba(67,19,155,1)
15,8: (17219,7967,36494,65535)  #431F8EFF  srgba(67,31,142,1)
0,9: (17476,5654,39835,65535)  #44169BFF  srgba(68,22,155,1)
1,9: (17476,5911,39835,65535)  #44179BFF  srgba(68,23,155,1)
2,9: (17733,3855,39578,65535)  #450F9AFF  srgba(69,15,154,1)
3,9: (17990,4112,35980,65535)  #46108CFF  srgba(70,16,140,1)
4,9: (17990,4112,37779,65535)  #461093FF  srgba(70,16,147,1)
5,9: (17990,5911,35980,65535)  #46178CFF  srgba(70,23,140,1)
6,9: (17990,5911,37779,65535)  #461793FF  srgba(70,23,147,1)
7,9: (19018,4883,40092,65535)  #4A139CFF  srgba(74,19,156,1)
8,9: (19275,4626,36751,65535)  #4B128FFF  srgba(75,18,143,1)
9,9: (19275,4883,38036,65535)  #4B1394FF  srgba(75,19,148,1)
10,9: (19532,3855,40349,65535)  #4C0F9DFF  srgba(76,15,157,1)
11,9: (19789,5397,39578,65535)  #4D159AFF  srgba(77,21,154,1)
12,9: (19789,5654,41891,65535)  #4D16A3FF  srgba(77,22,163,1)
13,9: (19789,6168,40863,65535)  #4D189FFF  srgba(77,24,159,1)
14,9: (20046,6939,39578,65535)  #4E1B9AFF  srgba(78,27,154,1)
15,9: (20303,4626,37779,65535)  #4F1293FF  srgba(79,18,147,1)
0,10: (20303,4626,41634,65535)  #4F12A2FF  srgba(79,18,162,1)
1,10: (20303,4883,39578,65535)  #4F139AFF  srgba(79,19,154,1)
2,10: (20560,3855,39578,65535)  #500F9AFF  srgba(80,15,154,1)
3,10: (20560,3855,41891,65535)  #500FA3FF  srgba(80,15,163,1)
4,10: (20560,6939,41634,65535)  #501BA2FF  srgba(80,27,162,1)
5,10: (21845,3855,39835,65535)  #550F9BFF  srgba(85,15,155,1)
6,10: (21845,3855,41377,65535)  #550FA1FF  srgba(85,15,161,1)
7,10: (21845,4369,37779,65535)  #551193FF  srgba(85,17,147,1)
8,10: (22102,3855,42919,65535)  #560FA7FF  srgba(86,15,167,1)
9,10: (22102,4883,39835,65535)  #56139BFF  srgba(86,19,155,1)
10,10: (22102,5654,40606,65535)  #56169EFF  srgba(86,22,158,1)
11,10: (22102,5911,42405,65535)  #5617A5FF  srgba(86,23,165,1)
12,10: (22102,6168,40092,65535)  #56189CFF  srgba(86,24,156,1)
13,10: (22359,4883,41377,65535)  #5713A1FF  srgba(87,19,161,1)
14,10: (22359,5397,42919,65535)  #5715A7FF  srgba(87,21,167,1)
15,10: (22616,4883,43176,65535)  #5813A8FF  srgba(88,19,168,1)
0,11: (23901,3341,40092,65535)  #5D0D9CFF  srgba(93,13,156,1)
1,11: (23901,3341,41377,65535)  #5D0DA1FF  srgba(93,13,161,1)
2,11: (23901,4112,40349,65535)  #5D109DFF  srgba(93,16,157,1)
3,11: (24158,3855,42662,65535)  #5E0FA6FF  srgba(94,15,166,1)
4,11: (24158,4883,41634,65535)  #5E13A2FF  srgba(94,19,162,1)
5,11: (24158,5397,41634,65535)  #5E15A2FF  srgba(94,21,162,1)
6,11: (24415,3855,44461,65535)  #5F0FADFF  srgba(95,15,173,1)
7,11: (24415,4112,41634,65535)  #5F10A2FF  srgba(95,16,162,1)
8,11: (24415,4112,43433,65535)  #5F10A9FF  srgba(95,16,169,1)
9,11: (24415,4626,40863,65535)  #5F129FFF  srgba(95,18,159,1)
10,11: (24415,4626,42405,65535)  #5F12A5FF  srgba(95,18,165,1)
11,11: (24929,4626,43433,65535)  #6112A9FF  srgba(97,18,169,1)
12,11: (24929,5911,41891,65535)  #6117A3FF  srgba(97,23,163,1)
13,11: (25186,5654,41634,65535)  #6216A2FF  srgba(98,22,162,1)
14,11: (25700,4883,43433,65535)  #6413A9FF  srgba(100,19,169,1)
15,11: (26214,5140,42148,65535)  #6614A4FF  srgba(102,20,164,1)
0,12: (26214,5654,43947,65535)  #6616ABFF  srgba(102,22,171,1)
1,12: (26471,4626,44204,65535)  #6712ACFF  srgba(103,18,172,1)
2,12: (26471,4626,44975,65535)  #6712AFFF  srgba(103,18,175,1)
3,12: (26471,5140,43947,65535)  #6714ABFF  srgba(103,20,171,1)
4,12: (26471,5397,41891,65535)  #6715A3FF  srgba(103,21,163,1)
5,12: (26728,3598,41377,65535)  #680EA1FF  srgba(104,14,161,1)
6,12: (26728,3598,43176,65535)  #680EA8FF  srgba(104,14,168,1)
7,12: (26728,3855,44718,65535)  #680FAEFF  srgba(104,15,174,1)
8,12: (26728,4112,41120,65535)  #6810A0FF  srgba(104,16,160,1)
9,12: (26728,4112,41891,65535)  #6810A3FF  srgba(104,16,163,1)
10,12: (26728,4112,42405,65535)  #6810A5FF  srgba(104,16,165,1)
11,12: (26728,4626,42148,65535)  #6812A4FF  srgba(104,18,164,1)
12,12: (26728,4883,44718,65535)  #6813AEFF  srgba(104,19,174,1)
13,12: (26985,3598,42405,65535)  #690EA5FF  srgba(105,14,165,1)
14,12: (26985,3855,43947,65535)  #690FABFF  srgba(105,15,171,1)
15,12: (26985,4112,43176,65535)  #6910A8FF  srgba(105,16,168,1)
0,13: (27242,4626,43433,65535)  #6A12A9FF  srgba(106,18,169,1)
1,13: (29041,3341,42919,65535)  #710DA7FF  srgba(113,13,167,1)
2,13: (29298,3598,43947,65535)  #720EABFF  srgba(114,14,171,1)
3,13: (29298,4369,43690,65535)  #7211AAFF  srgba(114,17,170,1)
4,13: (29298,4369,44461,65535)  #7211ADFF  srgba(114,17,173,1)
5,13: (29298,5140,44461,65535)  #7214ADFF  srgba(114,20,173,1)
6,13: (29555,3855,41891,65535)  #730FA3FF  srgba(115,15,163,1)
7,13: (29555,4369,42405,65535)  #7311A5FF  srgba(115,17,165,1)
8,13: (29555,4883,44204,65535)  #7313ACFF  srgba(115,19,172,1)
9,13: (29812,3598,41120,65535)  #740EA0FF  srgba(116,14,160,1)
10,13: (29812,4112,43176,65535)  #7410A8FF  srgba(116,16,168,1)
11,13: (29812,4369,45489,65535)  #7411B1FF  srgba(116,17,177,1)
12,13: (29812,4626,44461,65535)  #7412ADFF  srgba(116,18,173,1)
13,13: (30069,3598,41634,65535)  #750EA2FF  srgba(117,14,162,1)
14,13: (30069,3598,42148,65535)  #750EA4FF  srgba(117,14,164,1)
15,13: (30069,3855,44461,65535)  #750FADFF  srgba(117,15,173,1)
0,14: (30069,3855,45746,65535)  #750FB2FF  srgba(117,15,178,1)
1,14: (30069,4626,41634,65535)  #7512A2FF  srgba(117,18,162,1)
2,14: (30069,4626,42662,65535)  #7512A6FF  srgba(117,18,166,1)
3,14: (30069,4626,43176,65535)  #7512A8FF  srgba(117,18,168,1)
4,14: (30069,4883,43176,65535)  #7513A8FF  srgba(117,19,168,1)
5,14: (30326,3855,43690,65535)  #760FAAFF  srgba(118,15,170,1)
6,14: (30326,3855,44975,65535)  #760FAFFF  srgba(118,15,175,1)
7,14: (30326,4626,43690,65535)  #7612AAFF  srgba(118,18,170,1)
8,14: (30583,3855,42405,65535)  #770FA5FF  srgba(119,15,165,1)
9,14: (30583,4369,43176,65535)  #7711A8FF  srgba(119,17,168,1)
10,14: (30840,3598,42919,65535)  #780EA7FF  srgba(120,14,167,1)
11,14: (30840,3855,43947,65535)  #780FABFF  srgba(120,15,171,1)
12,14: (30840,4369,44204,65535)  #7811ACFF  srgba(120,17,172,1)
13,14: (30840,4369,44975,65535)  #7811AFFF  srgba(120,17,175,1)
14,14: (31097,4369,42662,65535)  #7911A6FF  srgba(121,17,166,1)
15,14: (31097,4626,44461,65535)  #7912ADFF  srgba(121,18,173,1)
0,15: (31354,3598,44204,65535)  #7A0EACFF  srgba(122,14,172,1)
1,15: (31354,3855,43690,65535)  #7A0FAAFF  srgba(122,15,170,1)
2,15: (31354,4112,44204,65535)  #7A10ACFF  srgba(122,16,172,1)
3,15: (31354,4369,41120,65535)  #7A11A0FF  srgba(122,17,160,1)
4,15: (31354,4369,41891,65535)  #7A11A3FF  srgba(122,17,163,1)
5,15: (31611,3598,45232,65535)  #7B0EB0FF  srgba(123,14,176,1)
6,15: (31611,3855,42405,65535)  #7B0FA5FF  srgba(123,15,165,1)
7,15: (31611,4112,42148,65535)  #7B10A4FF  srgba(123,16,164,1)
8,15: (31611,4369,42405,65535)  #7B11A5FF  srgba(123,17,165,1)
9,15: (31611,4369,43176,65535)  #7B11A8FF  srgba(123,17,168,1)
10,15: (31868,3855,42919,65535)  #7C0FA7FF  srgba(124,15,167,1)
11,15: (31868,4112,43947,65535)  #7C10ABFF  srgba(124,16,171,1)
12,15: (31868,4626,44461,65535)  #7C12ADFF  srgba(124,18,173,1)
13,15: (32125,3855,41634,65535)  #7D0FA2FF  srgba(125,15,162,1)
14,15: (32125,3855,42662,65535)  #7D0FA6FF  srgba(125,15,166,1)
15,15: (0,65535,0,0)  #00FF0000  srgba(0,255,0,0)
