# ImageMagick pixel enumeration: 16,16,65535,srgba
0,0: (27756,7453,33667,65535)  #6C1D83FF  srgba(108,29,131,1)
1,0: (28270,0,32896,65535)  #6E0080FF  srgba(110,0,128,1)
2,0: (28527,8738,34438,65535)  #6F2286FF  srgba(111,34,134,1)
3,0: (29041,0,33667,65535)  #710083FF  srgba(113,0,131,1)
4,0: (29041,9509,34952,65535)  #712588FF  srgba(113,37,136,1)
5,0: (29555,0,31868,65535)  #73007CFF  srgba(115,0,124,1)
6,0: (30069,0,32639,65535)  #75007FFF  srgba(117,0,127,1)
7,0: (30069,21845,36237,65535)  #75558DFF  srgba(117,85,141,1)
8,0: (30069,33410,36237,65535)  #75828DFF  srgba(117,130,141,1)
9,0: (30069,34952,36237,65535)  #75888DFF  srgba(117,136,141,1)
10,0: (30326,0,34438,65535)  #760086FF  srgba(118,0,134,1)
11,0: (30326,23901,36751,65535)  #765D8FFF  srgba(118,93,143,1)
12,0: (30840,24158,37779,65535)  #785E93FF  srgba(120,94,147,1)
13,0: (30840,34695,36494,65535)  #78878EFF  srgba(120,135,142,1)
14,0: (30840,50372,34952,65535)  #78C488FF  srgba(120,196,136,1)
15,0: (31097,50372,35723,65535)  #79C48BFF  srgba(121,196,139,1)
0,1: (31354,24158,36751,65535)  #7A5E8FFF  srgba(122,94,143,1)
1,1: (31354,32896,38293,65535)  #7A8095FF  srgba(122,128,149,1)
2,1: (31354,35466,36494,65535)  #7A8A8EFF  srgba(122,138,142,1)
3,1: (31354,49858,36237,65535)  #7AC28DFF  srgba(122,194,141,1)
4,1: (31354,50629,35723,65535)  #7AC58BFF  srgba(122,197,139,1)
5,1: (31354,50629,36237,65535)  #7AC58DFF  srgba(122,197,141,1)
6,1: (31354,51143,34695,65535)  #7AC787FF  srgba(122,199,135,1)
7,1: (31354,51143,35980,65535)  #7AC78CFF  srgba(122,199,140,1)
8,1: (31611,0,33153,65535)  #7B0081FF  srgba(123,0,129,1)
9,1: (31611,24415,38036,65535)  #7B5F94FF  srgba(123,95,148,1)
10,1: (31611,49858,34952,65535)  #7BC288FF  srgba(123,194,136,1)
11,1: (31611,49858,35466,65535)  #7BC28AFF  srgba(123,194,138,1)
12,1: (31611,51143,36494,65535)  #7BC78EFF  srgba(123,199,142,1)
13,1: (31611,51657,34695,65535)  #7BC987FF  srgba(123,201,135,1)
14,1: (31868,0,35466,65535)  #7C008AFF  srgba(124,0,138,1)
15,1: (31868,49087,36494,65535)  #7CBF8EFF  srgba(124,191,142,1)
0,2: (31868,50629,35209,65535)  #7CC589FF  srgba(124,197,137,1)
1,2: (31868,50629,36494,65535)  #7CC58EFF  srgba(124,197,142,1)
2,2: (31868,51143,35980,65535)  #7CC78CFF  srgba(124,199,140,1)
3,2: (32125,0,33667,65535)  #7D0083FF  srgba(125,0,131,1)
4,2: (32125,0,34438,65535)  #7D0086FF  srgba(125,0,134,1)
5,2: (32125,0,34952,65535)  #7D0088FF  srgba(125,0,136,1)
6,2: (32125,0,36237,65535)  #7D008DFF  srgba(125,0,141,1)
7,2: (32125,37008,38550,65535)  #7D9096FF  srgba(125,144,150,1)
8,2: (32125,50629,34438,65535)  #7DC586FF  srgba(125,197,134,1)
9,2: (32125,51914,36751,65535)  #7DCA8FFF  srgba(125,202,143,1)
10,2: (32382,0,33667,65535)  #7E0083FF  srgba(126,0,131,1)
11,2: (32382,0,34695,65535)  #7E0087FF  srgba(126,0,135,1)
12,2: (32382,0,35209,65535)  #7E0089FF  srgba(126,0,137,1)
13,2: (32382,0,35209,65535)  #7E0089FF  srgba(126,0,137,1)
14,2: (32382,0,35723,65535)  #7E008BFF  srgba(126,0,139,1)
15,2: (32382,0,35980,65535)  #7E008CFF  srgba(126,0,140,1)
0,3: (32639,0,34181,65535)  #7F0085FF  srgba(127,0,133,1)
1,3: (32639,0,34181,65535)  #7F0085FF  srgba(127,0,133,1)
2,3: (32639,0,34695,65535)  #7F0087FF  srgba(127,0,135,1)
3,3: (32639,0,35466,65535)  #7F008AFF  srgba(127,0,138,1)
4,3: (32639,0,35723,65535)  #7F008BFF  srgba(127,0,139,1)
5,3: (32639,0,36237,65535)  #7F008DFF  srgba(127,0,141,1)
6,3: (32639,257,36751,65535)  #7F018FFF  srgba(127,1,143,1)
7,3: (32639,49344,37008,65535)  #7FC090FF  srgba(127,192,144,1)
8,3: (32639,49858,32382,65535)  #7FC27EFF  srgba(127,194,126,1)
9,3: (32896,0,32639,65535)  #80007FFF  srgba(128,0,127,1)
10,3: (32896,0,33153,65535)  #800081FF  srgba(128,0,129,1)
11,3: (32896,0,33410,65535)  #800082FF  srgba(128,0,130,1)
12,3: (32896,0,33667,65535)  #800083FF  srgba(128,0,131,1)
13,3: (32896,0,33667,65535)  #800083FF  srgba(128,0,131,1)
14,3: (32896,0,34181,65535)  #800085FF  srgba(128,0,133,1)
15,3: (32896,0,34695,65535)  #800087FF  srgba(128,0,135,1)
0,4: (32896,0,35209,65535)  #800089FF  srgba(128,0,137,1)
1,4: (32896,0,35723,65535)  #80008BFF  srgba(128,0,139,1)
2,4: (32896,33410,35209,65535)  #808289FF  srgba(128,130,137,1)
3,4: (32896,44975,38036,65535)  #80AF94FF  srgba(128,175,148,1)
4,4: (32896,50629,33667,65535)  #80C583FF  srgba(128,197,131,1)
5,4: (32896,51143,34181,65535)  #80C785FF  srgba(128,199,133,1)
6,4: (33153,0,33667,65535)  #810083FF  srgba(129,0,131,1)
7,4: (33153,0,34695,65535)  #810087FF  srgba(129,0,135,1)
8,4: (33153,0,35209,65535)  #810089FF  srgba(129,0,137,1)
9,4: (33153,0,36751,65535)  #81008FFF  srgba(129,0,143,1)
10,4: (33153,26471,39578,65535)  #81679AFF  srgba(129,103,154,1)
11,4: (33153,51657,31354,65535)  #81C97AFF  srgba(129,201,122,1)
12,4: (33410,0,33410,65535)  #820082FF  srgba(130,0,130,1)
13,4: (33410,27242,40349,65535)  #826A9DFF  srgba(130,106,157,1)
14,4: (33410,51143,30840,65535)  #82C778FF  srgba(130,199,120,1)
15,4: (33667,0,35466,65535)  #83008AFF  srgba(131,0,138,1)
0,5: (33667,0,35980,65535)  #83008CFF  srgba(131,0,140,1)
1,5: (33924,0,36751,65535)  #84008FFF  srgba(132,0,143,1)
2,5: (33924,41120,39578,65535)  #84A09AFF  srgba(132,160,154,1)
3,5: (34181,14135,40349,65535)  #85379DFF  srgba(133,55,157,1)
4,5: (34181,45746,39064,65535)  #85B298FF  srgba(133,178,152,1)
5,5: (34181,50629,32125,65535)  #85C57DFF  srgba(133,197,125,1)
6,5: (34438,17219,40606,65535)  #86439EFF  srgba(134,67,158,1)
7,5: (34438,27242,40606,65535)  #866A9EFF  srgba(134,106,158,1)
8,5: (34438,38293,40349,65535)  #86959DFF  srgba(134,149,157,1)
9,5: (34438,46774,39321,65535)  #86B699FF  srgba(134,182,153,1)
10,5: (34695,38807,40349,65535)  #87979DFF  srgba(135,151,157,1)
11,5: (34695,40863,40349,65535)  #879F9DFF  srgba(135,159,157,1)
12,5: (34695,50115,31611,65535)  #87C37BFF  srgba(135,195,123,1)
13,5: (34952,30069,41377,65535)  #8875A1FF  srgba(136,117,161,1)
14,5: (34952,50629,28527,65535)  #88C56FFF  srgba(136,197,111,1)
15,5: (35209,14649,40863,65535)  #89399FFF  srgba(137,57,159,1)
0,6: (35209,39835,41377,65535)  #899BA1FF  srgba(137,155,161,1)
1,6: (35466,0,32125,65535)  #8A007DFF  srgba(138,0,125,1)
2,6: (35466,40606,39578,65535)  #8A9E9AFF  srgba(138,158,154,1)
3,6: (35466,51143,29041,65535)  #8AC771FF  srgba(138,199,113,1)
4,6: (35723,15677,41377,65535)  #8B3DA1FF  srgba(139,61,161,1)
5,6: (35980,48059,31354,65535)  #8CBB7AFF  srgba(140,187,122,1)
6,6: (36237,49601,27756,65535)  #8DC16CFF  srgba(141,193,108,1)
7,6: (36494,35209,27499,65535)  #8E896BFF  srgba(142,137,107,1)
8,6: (36751,0,29041,65535)  #8F0071FF  srgba(143,0,113,1)
9,6: (37008,10794,30840,65535)  #902A78FF  srgba(144,42,120,1)
10,6: (37008,52171,30069,65535)  #90CB75FF  srgba(144,203,117,1)
11,6: (37265,51143,26985,65535)  #91C769FF  srgba(145,199,105,1)
12,6: (37779,25443,28270,65535)  #93636EFF  srgba(147,99,110,1)
13,6: (38036,50629,25957,65535)  #94C565FF  srgba(148,197,101,1)
14,6: (38293,0,25186,65535)  #950062FF  srgba(149,0,98,1)
15,6: (38550,30583,34438,65535)  #967786FF  srgba(150,119,134,1)
0,7: (38550,49601,24415,65535)  #96C15FFF  srgba(150,193,95,1)
1,7: (38807,52171,26471,65535)  #97CB67FF  srgba(151,203,103,1)
2,7: (39321,52171,23901,65535)  #99CB5DFF  srgba(153,203,93,1)
3,7: (39578,51143,25186,65535)  #9AC762FF  srgba(154,199,98,1)
4,7: (39835,50629,21074,65535)  #9BC552FF  srgba(155,197,82,1)
5,7: (40092,0,26728,65535)  #9C0068FF  srgba(156,0,104,1)
6,7: (40092,51143,21331,65535)  #9CC753FF  srgba(156,199,83,1)
7,7: (40349,49858,20817,65535)  #9DC251FF  srgba(157,194,81,1)
8,7: (41377,8481,20560,65535)  #A12150FF  srgba(161,33,80,1)
9,7: (42405,0,23901,65535)  #A5005DFF  srgba(165,0,93,1)
10,7: (42405,52171,21074,65535)  #A5CB52FF  srgba(165,203,82,1)
11,7: (42405,52428,23387,65535)  #A5CC5BFF  srgba(165,204,91,1)
12,7: (43176,52171,18504,65535)  #A8CB48FF  srgba(168,203,72,1)
13,7: (43947,50629,18761,65535)  #ABC549FF  srgba(171,197,73,1)
14,7: (43947,51143,19789,65535)  #ABC74DFF  srgba(171,199,77,1)
15,7: (44461,49601,17219,65535)  #ADC143FF  srgba(173,193,67,1)
0,8: (44975,26214,24672,65535)  #AF6660FF  srgba(175,102,96,1)
1,8: (45232,51143,16705,65535)  #B0C741FF  srgba(176,199,65,1)
2,8: (45232,52428,19018,65535)  #B0CC4AFF  srgba(176,204,74,1)
3,8: (45489,14649,28784,65535)  #B13970FF  srgba(177,57,112,1)
4,8: (45489,32896,25186,65535)  #B18062FF  srgba(177,128,98,1)
5,8: (45746,30326,19018,65535)  #B2764AFF  srgba(178,118,74,1)
6,8: (45746,44461,25443,65535)  #B2AD63FF  srgba(178,173,99,1)
7,8: (45746,52171,15420,65535)  #B2CB3CFF  srgba(178,203,60,1)
8,8: (46003,0,21588,65535)  #B30054FF  srgba(179,0,84,1)
9,8: (46003,7453,12336,65535)  #B31D30FF  srgba(179,29,48,1)
10,8: (46260,47288,20560,65535)  #B4B850FF  srgba(180,184,80,1)
11,8: (47288,0,16962,65535)  #B80042FF  srgba(184,0,66,1)
12,8: (47288,51143,13107,65535)  #B8C733FF  srgba(184,199,51,1)
13,8: (47545,50629,13621,65535)  #B9C535FF  srgba(185,197,53,1)
14,8: (47545,52685,16448,65535)  #B9CD40FF  srgba(185,205,64,1)
15,8: (47802,52171,12850,65535)  #BACB32FF  srgba(186,203,50,1)
0,9: (48059,0,15934,65535)  #BB003EFF  srgba(187,0,62,1)
1,9: (48059,31611,13621,65535)  #BB7B35FF  srgba(187,123,53,1)
2,9: (48316,49601,12336,65535)  #BCC130FF  srgba(188,193,48,1)
3,9: (49601,0,11565,65535)  #C1002DFF  srgba(193,0,45,1)
4,9: (50115,46517,17219,65535)  #C3B543FF  srgba(195,181,67,1)
5,9: (50115,51143,11565,65535)  #C3C72DFF  srgba(195,199,45,1)
6,9: (50115,52685,14135,65535)  #C3CD37FF  srgba(195,205,55,1)
7,9: (50629,52428,10023,65535)  #C5CC27FF  srgba(197,204,39,1)
8,9: (50886,52685,11565,65535)  #C6CD2DFF  srgba(198,205,45,1)
9,9: (51143,50629,7967,65535)  #C7C51FFF  srgba(199,197,31,1)
10,9: (51143,52428,7710,65535)  #C7CC1EFF  srgba(199,204,30,1)
11,9: (51914,51143,7710,65535)  #CAC71EFF  srgba(202,199,30,1)
12,9: (52428,48573,10280,65535)  #CCBD28FF  srgba(204,189,40,1)
13,9: (52942,29298,15677,65535)  #CE723DFF  srgba(206,114,61,1)
14,9: (53456,52685,8738,65535)  #D0CD22FF  srgba(208,205,34,1)
15,9: (53713,30583,7710,65535)  #D1771EFF  srgba(209,119,30,1)
0,10: (53970,52428,5654,65535)  #D2CC16FF  srgba(210,204,22,1)
1,10: (54484,14906,17476,65535)  #D43A44FF  srgba(212,58,68,1)
2,10: (54741,51143,3598,65535)  #D5C70EFF  srgba(213,199,14,1)
3,10: (54998,0,9766,65535)  #D60026FF  srgba(214,0,38,1)
4,10: (54998,50629,5397,65535)  #D6C515FF  srgba(214,197,21,1)
5,10: (55512,7453,5140,65535)  #D81D14FF  srgba(216,29,20,1)
6,10: (55512,49344,3598,65535)  #D8C00EFF  srgba(216,192,14,1)
7,10: (56026,52685,5654,65535)  #DACD16FF  srgba(218,205,22,1)
8,10: (56797,52428,2313,65535)  #DDCC09FF  srgba(221,204,9,1)
9,10: (57311,45232,10023,65535)  #DFB027FF  srgba(223,176,39,1)
10,10: (57568,0,3341,65535)  #E0000DFF  srgba(224,0,13,1)
11,10: (58082,50629,1285,65535)  #E2C505FF  srgba(226,197,5,1)
12,10: (58853,0,0,65535)  #E50000FF  srgba(229,0,0,1)
13,10: (59367,52685,514,65535)  #E7CD02FF  srgba(231,205,2,1)
14,10: (59367,52942,2570,65535)  #E7CE0AFF  srgba(231,206,10,1)
15,10: (59624,28784,10023,65535)  #E87027FF  srgba(232,112,39,1)
0,11: (60138,0,3084,65535)  #EA000CFF  srgba(234,0,12,1)
1,11: (60909,52685,0,65535)  #EDCD00FF  srgba(237,205,0,1)
2,11: (61166,0,257,65535)  #EE0001FF  srgba(238,0,1,1)
3,11: (61166,0,3084,65535)  #EE000CFF  srgba(238,0,12,1)
4,11: (61166,51143,514,65535)  #EEC702FF  srgba(238,199,2,1)
5,11: (61423,0,0,65535)  #EF0000FF  srgba(239,0,0,1)
6,11: (61423,0,1028,65535)  #EF0004FF  srgba(239,0,4,1)
7,11: (61423,0,2313,65535)  #EF0009FF  srgba(239,0,9,1)
8,11: (61423,50629,0,65535)  #EFC500FF  srgba(239,197,0,1)
9,11: (61680,0,0,65535)  #F00000FF  srgba(240,0,0,1)
10,11: (61680,0,257,65535)  #F00001FF  srgba(240,0,1,1)
11,11: (61680,0,771,65535)  #F00003FF  srgba(240,0,3,1)
12,11: (61680,0,1799,65535)  #F00007FF  srgba(240,0,7,1)
13,11: (61680,0,2570,65535)  #F0000AFF  srgba(240,0,10,1)
14,11: (61680,10537,0,65535)  #F02900FF  srgba(240,41,0,1)
15,11: (61937,52428,0,65535)  #F1CC00FF  srgba(241,204,0,1)
0,12: (61937,52428,0,65535)  #F1CC00FF  srgba(241,204,0,1)
1,12: (62194,0,0,65535)  #F20000FF  srgba(242,0,0,1)
2,12: (62194,0,771,65535)  #F20003FF  srgba(242,0,3,1)
3,12: (62194,29041,4112,65535)  #F27110FF  srgba(242,113,16,1)
4,12: (62451,0,0,65535)  #F30000FF  srgba(243,0,0,1)
5,12: (62451,0,1542,65535)  #F30006FF  srgba(243,0,6,1)
6,12: (62451,0,2827,65535)  #F3000BFF  srgba(243,0,11,1)
7,12: (62451,52428,0,65535)  #F3CC00FF  srgba(243,204,0,1)
8,12: (62965,51143,0,65535)  #F5C700FF  srgba(245,199,0,1)
9,12: (63222,2056,0,65535)  #F60800FF  srgba(246,8,0,1)
10,12: (63479,28270,0,65535)  #F76E00FF  srgba(247,110,0,1)
11,12: (63479,30326,0,65535)  #F77600FF  srgba(247,118,0,1)
12,12: (63736,13621,0,65535)  #F83500FF  srgba(248,53,0,1)
13,12: (63736,52428,0,65535)  #F8CC00FF  srgba(248,204,0,1)
14,12: (63993,29298,0,65535)  #F97200FF  srgba(249,114,0,1)
15,12: (63993,47802,0,65535)  #F9BA00FF  srgba(249,186,0,1)
0,13: (63993,52171,0,65535)  #F9CB00FF  srgba(249,203,0,1)
1,13: (63993,52428,0,65535)  #F9CC00FF  srgba(249,204,0,1)
2,13: (64250,14906,0,65535)  #FA3A00FF  srgba(250,58,0,1)
3,13: (64250,28784,1028,65535)  #FA7004FF  srgba(250,112,4,1)
4,13: (64507,47802,771,65535)  #FBBA03FF  srgba(251,186,3,1)
5,13: (64764,3855,0,65535)  #FC0F00FF  srgba(252,15,0,1)
6,13: (64764,8738,1285,65535)  #FC2205FF  srgba(252,34,5,1)
7,13: (64764,29041,0,65535)  #FC7100FF  srgba(252,113,0,1)
8,13: (64764,30840,0,65535)  #FC7800FF  srgba(252,120,0,1)
9,13: (64764,52428,0,65535)  #FCCC00FF  srgba(252,204,0,1)
10,13: (64764,52428,0,65535)  #FCCC00FF  srgba(252,204,0,1)
11,13: (65021,4626,0,65535)  #FD1200FF  srgba(253,18,0,1)
12,13: (65021,15677,0,65535)  #FD3D00FF  srgba(253,61,0,1)
13,13: (65021,15677,3855,65535)  #FD3D0FFF  srgba(253,61,15,1)
14,13: (65021,52428,0,65535)  #FDCC00FF  srgba(253,204,0,1)
15,13: (65278,17733,0,65535)  #FE4500FF  srgba(254,69,0,1)
0,14: (65278,19532,0,65535)  #FE4C00FF  srgba(254,76,0,1)
1,14: (65278,25186,0,65535)  #FE6200FF  srgba(254,98,0,1)
2,14: (65278,44975,0,65535)  #FEAF00FF  srgba(254,175,0,1)
3,14: (65278,48059,0,65535)  #FEBB00FF  srgba(254,187,0,1)
4,14: (65278,50629,0,65535)  #FEC500FF  srgba(254,197,0,1)
5,14: (65278,52171,0,65535)  #FECB00FF  srgba(254,203,0,1)
6,14: (65278,52171,0,65535)  #FECB00FF  srgba(254,203,0,1)
7,14: (65278,53713,0,65535)  #FED100FF  srgba(254,209,0,1)
8,14: (65535,6425,0,65535)  #FF1900FF  srgba(255,25,0,1)
9,14: (65535,15420,0,65535)  #FF3C00FF  srgba(255,60,0,1)
10,14: (65535,19532,0,65535)  #FF4C00FF  srgba(255,76,0,1)
11,14: (65535,33924,0,65535)  #FF8400FF  srgba(255,132,0,1)
12,14: (65535,34181,0,65535)  #FF8500FF  srgba(255,133,0,1)
13,14: (65535,44718,0,65535)  #FFAE00FF  srgba(255,174,0,1)
14,14: (65535,45489,0,65535)  #FFB100FF  srgba(255,177,0,1)
15,14: (65535,45489,0,65535)  #FFB100FF  srgba(255,177,0,1)
0,15: (65535,45489,0,65535)  #FFB100FF  srgba(255,177,0,1)
1,15: (65535,47031,0,65535)  #FFB700FF  srgba(255,183,0,1)
2,15: (65535,48059,0,65535)  #FFBB00FF  srgba(255,187,0,1)
3,15: (65535,48059,0,65535)  #FFBB00FF  srgba(255,187,0,1)
4,15: (65535,49087,0,65535)  #FFBF00FF  srgba(255,191,0,1)
5,15: (65535,50629,0,65535)  #FFC500FF  srgba(255,197,0,1)
6,15: (65535,51143,0,65535)  #FFC700FF  srgba(255,199,0,1)
7,15: (65535,51400,0,65535)  #FFC800FF  srgba(255,200,0,1)
8,15: (65535,51657,0,65535)  #FFC900FF  srgba(255,201,0,1)
9,15: (65535,51914,0,65535)  #FFCA00FF  srgba(255,202,0,1)
10,15: (65535,52171,0,65535)  #FFCB00FF  srgba(255,203,0,1)
11,15: (65535,52428,0,65535)  #FFCC00FF  srgba(255,204,0,1)
12,15: (65535,52685,0,65535)  #FFCD00FF  srgba(255,205,0,1)
13,15: (65535,53199,0,65535)  #FFCF00FF  srgba(255,207,0,1)
14,15: (65535,54227,0,65535)  #FFD300FF  srgba(255,211,0,1)
15,15: (0,65535,0,0)  #00FF0000  srgba(0,255,0,0)
