# ImageMagick pixel enumeration: 16,16,65535,srgba
0,0: (2827,62708,24929,65535)  #0BF461FF  srgba(11,244,97,1)
1,0: (2827,63222,20046,65535)  #0BF64EFF  srgba(11,246,78,1)
2,0: (2827,63222,30840,65535)  #0BF678FF  srgba(11,246,120,1)
3,0: (3084,62194,30326,65535)  #0CF276FF  srgba(12,242,118,1)
4,0: (3084,62194,64250,65535)  #0CF2FAFF  srgba(12,242,250,1)
5,0: (3084,62708,45232,65535)  #0CF4B0FF  srgba(12,244,176,1)
6,0: (3084,63222,37008,65535)  #0CF690FF  srgba(12,246,144,1)
7,0: (3084,63222,41120,65535)  #0CF6A0FF  srgba(12,246,160,1)
8,0: (3341,60395,65278,65535)  #0DEBFEFF  srgba(13,235,254,1)
9,0: (3341,61166,64764,65535)  #0DEEFCFF  srgba(13,238,252,1)
10,0: (3341,61423,64507,65535)  #0DEFFBFF  srgba(13,239,251,1)
11,0: (3341,61680,51657,65535)  #0DF0C9FF  srgba(13,240,201,1)
12,0: (3341,61937,46517,65535)  #0DF1B5FF  srgba(13,241,181,1)
13,0: (3341,62194,39578,65535)  #0DF29AFF  srgba(13,242,154,1)
14,0: (3341,62451,56540,65535)  #0DF3DCFF  srgba(13,243,220,1)
15,0: (3341,62708,51143,65535)  #0DF4C7FF  srgba(13,244,199,1)
0,1: (3598,61166,58339,65535)  #0EEEE3FF  srgba(14,238,227,1)
1,1: (3598,61166,61680,65535)  #0EEEF0FF  srgba(14,238,240,1)
2,1: (3598,61680,57311,65535)  #0EF0DFFF  srgba(14,240,223,1)
3,1: (3598,61680,60909,65535)  #0EF0EDFF  srgba(14,240,237,1)
4,1: (3598,62194,60652,65535)  #0EF2ECFF  srgba(14,242,236,1)
5,1: (4112,61937,64507,65535)  #10F1FBFF  srgba(16,241,251,1)
6,1: (4369,60138,65021,65535)  #11EAFDFF  srgba(17,234,253,1)
7,1: (4369,60909,64764,65535)  #11EDFCFF  srgba(17,237,252,1)
8,1: (4369,61937,56797,65535)  #11F1DDFF  srgba(17,241,221,1)
9,1: (4369,61937,60909,65535)  #11F1EDFF  srgba(17,241,237,1)
10,1: (4369,62194,52171,65535)  #11F2CBFF  srgba(17,242,203,1)
11,1: (4369,62451,47031,65535)  #11F3B7FF  srgba(17,243,183,1)
12,1: (4626,61166,58082,65535)  #12EEE2FF  srgba(18,238,226,1)
13,1: (4626,61166,61166,65535)  #12EEEEFF  srgba(18,238,238,1)
14,1: (4883,62965,39321,65535)  #13F599FF  srgba(19,245,153,1)
15,1: (5140,61680,39321,65535)  #14F099FF  srgba(20,240,153,1)
0,2: (5140,62194,58339,65535)  #14F2E3FF  srgba(20,242,227,1)
1,2: (5140,62194,65021,65535)  #14F2FDFF  srgba(20,242,253,1)
2,2: (5140,62708,31097,65535)  #14F479FF  srgba(20,244,121,1)
3,2: (5397,63222,65278,65535)  #15F6FEFF  srgba(21,246,254,1)
4,2: (6168,61166,58853,65535)  #18EEE5FF  srgba(24,238,229,1)
5,2: (6425,62965,65021,65535)  #19F5FDFF  srgba(25,245,253,1)
6,2: (6682,60138,59367,65535)  #1AEAE7FF  srgba(26,234,231,1)
7,2: (6682,62708,51400,65535)  #1AF4C8FF  srgba(26,244,200,1)
8,2: (6939,62451,59110,65535)  #1BF3E6FF  srgba(27,243,230,1)
9,2: (6939,62708,46003,65535)  #1BF4B3FF  srgba(27,244,179,1)
10,2: (7196,60909,46774,65535)  #1CEDB6FF  srgba(28,237,182,1)
11,2: (7196,60909,52171,65535)  #1CEDCBFF  srgba(28,237,203,1)
12,2: (7967,61423,64764,65535)  #1FEFFCFF  srgba(31,239,252,1)
13,2: (7967,62708,24672,65535)  #1FF460FF  srgba(31,244,96,1)
14,2: (8224,59881,64507,65535)  #20E9FBFF  srgba(32,233,251,1)
15,2: (8481,62708,19018,65535)  #21F44AFF  srgba(33,244,74,1)
0,3: (8481,62965,65021,65535)  #21F5FDFF  srgba(33,245,253,1)
1,3: (10537,62451,30840,65535)  #29F378FF  srgba(41,243,120,1)
2,3: (11051,60909,58853,65535)  #2BEDE5FF  srgba(43,237,229,1)
3,3: (11308,59367,59110,65535)  #2CE7E6FF  srgba(44,231,230,1)
4,3: (11308,62708,58853,65535)  #2CF4E5FF  srgba(44,244,229,1)
5,3: (11565,60909,39321,65535)  #2DED99FF  srgba(45,237,153,1)
6,3: (11565,63222,39064,65535)  #2DF698FF  srgba(45,246,152,1)
7,3: (12593,60395,49601,65535)  #31EBC1FF  srgba(49,235,193,1)
8,3: (13107,62965,48830,65535)  #33F5BEFF  srgba(51,245,190,1)
9,3: (14135,59881,64507,65535)  #37E9FBFF  srgba(55,233,251,1)
10,3: (14392,62451,64764,65535)  #38F3FCFF  srgba(56,243,252,1)
11,3: (16705,59110,59110,65535)  #41E6E6FF  srgba(65,230,230,1)
12,3: (17476,62451,58853,65535)  #44F3E5FF  srgba(68,243,229,1)
13,3: (17733,60652,59110,65535)  #45ECE6FF  srgba(69,236,230,1)
14,3: (17990,60395,49601,65535)  #46EBC1FF  srgba(70,235,193,1)
15,3: (18761,63222,48573,65535)  #49F6BDFF  srgba(73,246,189,1)
0,4: (19789,62965,30840,65535)  #4DF578FF  srgba(77,245,120,1)
1,4: (20046,60138,64507,65535)  #4EEAFBFF  srgba(78,234,251,1)
2,4: (20303,62451,64764,65535)  #4FF3FCFF  srgba(79,243,252,1)
3,4: (20817,61166,39321,65535)  #51EE99FF  srgba(81,238,153,1)
4,4: (21331,63736,39064,65535)  #53F898FF  srgba(83,248,152,1)
5,4: (21588,59110,59110,65535)  #54E6E6FF  srgba(84,230,230,1)
6,4: (22359,62708,58853,65535)  #57F4E5FF  srgba(87,244,229,1)
7,4: (22616,60909,59367,65535)  #58EDE7FF  srgba(88,237,231,1)
8,4: (23901,63222,16705,65535)  #5DF641FF  srgba(93,246,65,1)
9,4: (23901,63222,20817,65535)  #5DF651FF  srgba(93,246,81,1)
10,4: (23901,63222,24415,65535)  #5DF65FFF  srgba(93,246,95,1)
11,4: (24672,62451,64764,65535)  #60F3FCFF  srgba(96,243,252,1)
12,4: (24929,59367,64764,65535)  #61E7FCFF  srgba(97,231,252,1)
13,4: (24929,60652,64507,65535)  #61ECFBFF  srgba(97,236,251,1)
14,4: (26985,60652,46774,65535)  #69ECB6FF  srgba(105,236,182,1)
15,4: (26985,62708,46003,65535)  #69F4B3FF  srgba(105,244,179,1)
0,5: (27242,62708,51657,65535)  #6AF4C9FF  srgba(106,244,201,1)
1,5: (27242,62965,30583,65535)  #6AF577FF  srgba(106,245,119,1)
2,5: (27499,59881,59367,65535)  #6BE9E7FF  srgba(107,233,231,1)
3,5: (27499,62451,60652,65535)  #6BF3ECFF  srgba(107,243,236,1)
4,5: (27756,62451,56797,65535)  #6CF3DDFF  srgba(108,243,221,1)
5,5: (28013,61166,59110,65535)  #6DEEE6FF  srgba(109,238,230,1)
6,5: (28013,62451,64764,65535)  #6DF3FCFF  srgba(109,243,252,1)
7,5: (28784,59624,64507,65535)  #70E8FBFF  srgba(112,232,251,1)
8,5: (29041,60652,64507,65535)  #71ECFBFF  srgba(113,236,251,1)
9,5: (29298,60652,52171,65535)  #72ECCBFF  srgba(114,236,203,1)
10,5: (31354,61937,64507,65535)  #7AF1FBFF  srgba(122,241,251,1)
11,5: (31611,60909,47545,65535)  #7BEDB9FF  srgba(123,237,185,1)
12,5: (31611,61937,60138,65535)  #7BF1EAFF  srgba(123,241,234,1)
13,5: (31611,62194,50886,65535)  #7BF2C6FF  srgba(123,242,198,1)
14,5: (31611,62451,45746,65535)  #7BF3B2FF  srgba(123,243,178,1)
15,5: (31611,62708,41120,65535)  #7BF4A0FF  srgba(123,244,160,1)
0,6: (31611,62965,37008,65535)  #7BF590FF  srgba(123,245,144,1)
1,6: (31868,60138,59624,65535)  #7CEAE8FF  srgba(124,234,232,1)
2,6: (31868,60138,64250,65535)  #7CEAFAFF  srgba(124,234,250,1)
3,6: (31868,60652,58596,65535)  #7CECE4FF  srgba(124,236,228,1)
4,6: (31868,61680,55769,65535)  #7CF0D9FF  srgba(124,240,217,1)
5,6: (32125,61423,37008,65535)  #7DEF90FF  srgba(125,239,144,1)
6,6: (32125,61423,41377,65535)  #7DEFA1FF  srgba(125,239,161,1)
7,6: (32125,62965,30326,65535)  #7DF576FF  srgba(125,245,118,1)
8,6: (32382,60909,52685,65535)  #7EEDCDFF  srgba(126,237,205,1)
9,6: (32382,61166,48059,65535)  #7EEEBBFF  srgba(126,238,187,1)
10,6: (32382,61937,31354,65535)  #7EF17AFF  srgba(126,241,122,1)
11,6: (32382,62708,20560,65535)  #7EF450FF  srgba(126,244,80,1)
12,6: (32382,62708,24415,65535)  #7EF45FFF  srgba(126,244,95,1)
13,6: (32382,62965,16191,65535)  #7EF53FFF  srgba(126,245,63,1)
14,6: (32896,60138,57311,65535)  #80EADFFF  srgba(128,234,223,1)
15,6: (32896,60138,60909,65535)  #80EAEDFF  srgba(128,234,237,1)
0,7: (32896,60395,64507,65535)  #80EBFBFF  srgba(128,235,251,1)
1,7: (32896,60652,63993,65535)  #80ECF9FF  srgba(128,236,249,1)
2,7: (32896,60909,52171,65535)  #80EDCBFF  srgba(128,237,203,1)
3,7: (32896,60909,57568,65535)  #80EDE0FF  srgba(128,237,224,1)
4,7: (32896,60909,61680,65535)  #80EDF0FF  srgba(128,237,240,1)
5,7: (32896,61166,46774,65535)  #80EEB6FF  srgba(128,238,182,1)
6,7: (32896,61423,63993,65535)  #80EFF9FF  srgba(128,239,249,1)
7,7: (32896,61680,60395,65535)  #80F0EBFF  srgba(128,240,235,1)
8,7: (32896,61937,56540,65535)  #80F1DCFF  srgba(128,241,220,1)
9,7: (32896,62194,45489,65535)  #80F2B1FF  srgba(128,242,177,1)
10,7: (32896,62194,51143,65535)  #80F2C7FF  srgba(128,242,199,1)
11,7: (33410,60652,64507,65535)  #82ECFBFF  srgba(130,236,251,1)
12,7: (33667,59881,63736,65535)  #83E9F8FF  srgba(131,233,248,1)
13,7: (33667,60395,63993,65535)  #83EBF9FF  srgba(131,235,249,1)
14,7: (33667,60909,63222,65535)  #83EDF6FF  srgba(131,237,246,1)
15,7: (33667,60909,65021,65535)  #83EDFDFF  srgba(131,237,253,1)
0,8: (33667,61423,61166,65535)  #83EFEEFF  srgba(131,239,238,1)
1,8: (33667,61937,60395,65535)  #83F1EBFF  srgba(131,241,235,1)
2,8: (33924,61680,64250,65535)  #84F0FAFF  srgba(132,240,250,1)
3,8: (34181,62194,57054,65535)  #85F2DEFF  srgba(133,242,222,1)
4,8: (34438,60652,51400,65535)  #86ECC8FF  srgba(134,236,200,1)
5,8: (34438,60909,61423,65535)  #86EDEFFF  srgba(134,237,239,1)
6,8: (34438,60909,64764,65535)  #86EDFCFF  srgba(134,237,252,1)
7,8: (34438,61166,51143,65535)  #86EEC7FF  srgba(134,238,199,1)
8,8: (34438,62194,40606,65535)  #86F29EFF  srgba(134,242,158,1)
9,8: (34438,62194,44975,65535)  #86F2AFFF  srgba(134,242,175,1)
10,8: (34438,62194,49858,65535)  #86F2C2FF  srgba(134,242,194,1)
11,8: (34438,62194,53970,65535)  #86F2D2FF  srgba(134,242,210,1)
12,8: (34438,62708,28527,65535)  #86F46FFF  srgba(134,244,111,1)
13,8: (34438,62708,35980,65535)  #86F48CFF  srgba(134,244,140,1)
14,8: (34695,59624,63479,65535)  #87E8F7FF  srgba(135,232,247,1)
15,8: (34695,60138,56540,65535)  #87EADCFF  srgba(135,234,220,1)
0,9: (34695,60395,63479,65535)  #87EBF7FF  srgba(135,235,247,1)
1,9: (34695,61166,57054,65535)  #87EEDEFF  srgba(135,238,222,1)
2,9: (34695,61680,29041,65535)  #87F071FF  srgba(135,240,113,1)
3,9: (34695,61937,35723,65535)  #87F18BFF  srgba(135,241,139,1)
4,9: (34695,62194,60395,65535)  #87F2EBFF  srgba(135,242,235,1)
5,9: (34695,62451,63222,65535)  #87F3F6FF  srgba(135,243,246,1)
6,9: (34952,59881,51657,65535)  #88E9C9FF  srgba(136,233,201,1)
7,9: (34952,60909,45746,65535)  #88EDB2FF  srgba(136,237,178,1)
8,9: (34952,61166,41634,65535)  #88EEA2FF  srgba(136,238,162,1)
9,9: (34952,62708,65278,65535)  #88F4FEFF  srgba(136,244,254,1)
10,9: (35466,60909,35723,65535)  #8AED8BFF  srgba(138,237,139,1)
11,9: (35466,62451,23130,65535)  #8AF35AFF  srgba(138,243,90,1)
12,9: (35723,62451,19532,65535)  #8BF34CFF  srgba(139,243,76,1)
13,9: (35723,62708,62451,65535)  #8BF4F3FF  srgba(139,244,243,1)
14,9: (35723,62965,65278,65535)  #8BF5FEFF  srgba(139,245,254,1)
15,9: (36237,62708,15420,65535)  #8DF43CFF  srgba(141,244,60,1)
0,10: (36494,60652,62708,65535)  #8EECF4FF  srgba(142,236,244,1)
1,10: (37008,59367,62965,65535)  #90E7F5FF  srgba(144,231,245,1)
2,10: (37522,62451,63479,65535)  #92F3F7FF  srgba(146,243,247,1)
3,10: (40092,60395,62965,65535)  #9CEBF5FF  srgba(156,235,245,1)
4,10: (41891,58339,62451,65535)  #A3E3F3FF  srgba(163,227,243,1)
5,10: (42148,59367,62708,65535)  #A4E7F4FF  srgba(164,231,244,1)
6,10: (42148,60138,43433,65535)  #A4EAA9FF  srgba(164,234,169,1)
7,10: (42405,59624,51400,65535)  #A5E8C8FF  srgba(165,232,200,1)
8,10: (42405,59624,56797,65535)  #A5E8DDFF  srgba(165,232,221,1)
9,10: (42405,62451,61423,65535)  #A5F3EFFF  srgba(165,243,239,1)
10,10: (42662,61937,56540,65535)  #A6F1DCFF  srgba(166,241,220,1)
11,10: (42662,62451,65021,65535)  #A6F3FDFF  srgba(166,243,253,1)
12,10: (42919,62194,50886,65535)  #A7F2C6FF  srgba(167,242,198,1)
13,10: (42919,62708,43176,65535)  #A7F4A8FF  srgba(167,244,168,1)
14,10: (43690,60395,62965,65535)  #AAEBF5FF  srgba(170,235,245,1)
15,10: (43690,62194,28784,65535)  #AAF270FF  srgba(170,242,112,1)
0,11: (44204,60652,35980,65535)  #ACEC8CFF  srgba(172,236,140,1)
1,11: (44718,62965,35723,65535)  #AEF58BFF  srgba(174,245,139,1)
2,11: (47288,60138,43433,65535)  #B8EAA9FF  srgba(184,234,169,1)
3,11: (47802,62965,42919,65535)  #BAF5A7FF  srgba(186,245,167,1)
4,11: (48316,58853,62965,65535)  #BCE5F5FF  srgba(188,229,245,1)
5,11: (48316,60395,63222,65535)  #BCEBF6FF  srgba(188,235,246,1)
6,11: (48573,62194,61423,65535)  #BDF2EFFF  srgba(189,242,239,1)
7,11: (48573,62194,65021,65535)  #BDF2FDFF  srgba(189,242,253,1)
8,11: (49858,62965,18761,65535)  #C2F549FF  srgba(194,245,73,1)
9,11: (50115,62965,14392,65535)  #C3F538FF  srgba(195,245,56,1)
10,11: (50629,62708,22873,65535)  #C5F459FF  srgba(197,244,89,1)
11,11: (51657,62451,29041,65535)  #C9F371FF  srgba(201,243,113,1)
12,11: (52171,60138,51400,65535)  #CBEAC8FF  srgba(203,234,200,1)
13,11: (52171,60138,56540,65535)  #CBEADCFF  srgba(203,234,220,1)
14,11: (52171,62451,50629,65535)  #CBF3C5FF  srgba(203,243,197,1)
15,11: (52171,62451,56283,65535)  #CBF3DBFF  srgba(203,243,219,1)
0,12: (52942,62194,35723,65535)  #CEF28BFF  srgba(206,242,139,1)
1,12: (53199,59881,63222,65535)  #CFE9F6FF  srgba(207,233,246,1)
2,12: (53199,62194,61423,65535)  #CFF2EFFF  srgba(207,242,239,1)
3,12: (53199,62194,65021,65535)  #CFF2FDFF  srgba(207,242,253,1)
4,12: (54227,60652,43690,65535)  #D3ECAAFF  srgba(211,236,170,1)
5,12: (54227,62965,42919,65535)  #D3F5A7FF  srgba(211,245,167,1)
6,12: (58082,59110,62965,65535)  #E2E6F5FF  srgba(226,230,245,1)
7,12: (58082,61937,64764,65535)  #E2F1FCFF  srgba(226,241,252,1)
8,12: (58339,61680,61166,65535)  #E3F0EEFF  srgba(227,240,238,1)
9,12: (58596,59881,62965,65535)  #E4E9F5FF  srgba(228,233,245,1)
10,12: (58596,60395,64250,65535)  #E4EBFAFF  srgba(228,235,250,1)
11,12: (58853,60395,61423,65535)  #E5EBEFFF  srgba(229,235,239,1)
12,12: (58853,62194,29041,65535)  #E5F271FF  srgba(229,242,113,1)
13,12: (59110,62708,18761,65535)  #E6F449FF  srgba(230,244,73,1)
14,12: (59624,61680,55769,65535)  #E8F0D9FF  srgba(232,240,217,1)
15,12: (59624,62451,22873,65535)  #E8F359FF  srgba(232,243,89,1)
0,13: (59624,62965,14392,65535)  #E8F538FF  srgba(232,245,56,1)
1,13: (59881,62708,35466,65535)  #E9F48AFF  srgba(233,244,138,1)
2,13: (60138,60138,51143,65535)  #EAEAC7FF  srgba(234,234,199,1)
3,13: (60138,60138,56283,65535)  #EAEADBFF  srgba(234,234,219,1)
4,13: (60138,61166,35980,65535)  #EAEE8CFF  srgba(234,238,140,1)
5,13: (60138,61680,50372,65535)  #EAF0C4FF  srgba(234,240,196,1)
6,13: (60138,61937,44975,65535)  #EAF1AFFF  srgba(234,241,175,1)
7,13: (60395,61937,40606,65535)  #EBF19EFF  srgba(235,241,158,1)
8,13: (60652,60652,45746,65535)  #ECECB2FF  srgba(236,236,178,1)
9,13: (60652,60909,41891,65535)  #ECEDA3FF  srgba(236,237,163,1)
10,13: (61937,59881,63479,65535)  #F1E9F7FF  srgba(241,233,247,1)
11,13: (61937,60652,60395,65535)  #F1ECEBFF  srgba(241,236,235,1)
12,13: (61937,60652,62965,65535)  #F1ECF5FF  srgba(241,236,245,1)
13,13: (62194,59881,62194,65535)  #F2E9F2FF  srgba(242,233,242,1)
14,13: (62451,60652,50372,65535)  #F3ECC4FF  srgba(243,236,196,1)
15,13: (62451,61166,41377,65535)  #F3EEA1FF  srgba(243,238,161,1)
0,14: (62451,62451,28527,65535)  #F3F36FFF  srgba(243,243,111,1)
1,14: (62708,59881,57054,65535)  #F4E9DEFF  srgba(244,233,222,1)
2,14: (62708,60138,53970,65535)  #F4EAD2FF  srgba(244,234,210,1)
3,14: (62708,60395,41891,65535)  #F4EBA3FF  srgba(244,235,163,1)
4,14: (62708,60395,56797,65535)  #F4EBDDFF  srgba(244,235,221,1)
5,14: (62708,60652,46003,65535)  #F4ECB3FF  srgba(244,236,179,1)
6,14: (62708,60652,53456,65535)  #F4ECD0FF  srgba(244,236,208,1)
7,14: (62708,61166,34438,65535)  #F4EE86FF  srgba(244,238,134,1)
8,14: (62708,61166,37522,65535)  #F4EE92FF  srgba(244,238,146,1)
9,14: (62708,61166,51400,65535)  #F4EEC8FF  srgba(244,238,200,1)
10,14: (62708,61166,54227,65535)  #F4EED3FF  srgba(244,238,211,1)
11,14: (62708,61423,29041,65535)  #F4EF71FF  srgba(244,239,113,1)
12,14: (62708,61423,48830,65535)  #F4EFBEFF  srgba(244,239,190,1)
13,14: (62708,61680,45489,65535)  #F4F0B1FF  srgba(244,240,177,1)
14,14: (62708,61937,41120,65535)  #F4F1A0FF  srgba(244,241,160,1)
15,14: (62708,62194,33924,65535)  #F4F284FF  srgba(244,242,132,1)
0,15: (62708,62194,37265,65535)  #F4F291FF  srgba(244,242,145,1)
1,15: (62708,62451,18761,65535)  #F4F349FF  srgba(244,243,73,1)
2,15: (62708,62451,22873,65535)  #F4F359FF  srgba(244,243,89,1)
3,15: (62708,62708,14392,65535)  #F4F438FF  srgba(244,244,56,1)
4,15: (62965,59624,61680,65535)  #F5E8F0FF  srgba(245,232,240,1)
5,15: (62965,59624,63736,65535)  #F5E8F8FF  srgba(245,232,248,1)
6,15: (62965,59881,50629,65535)  #F5E9C5FF  srgba(245,233,197,1)
7,15: (62965,60138,60395,65535)  #F5EAEBFF  srgba(245,234,235,1)
8,15: (62965,60395,63222,65535)  #F5EBF6FF  srgba(245,235,246,1)
9,15: (63222,60652,63736,65535)  #F6ECF8FF  srgba(246,236,248,1)
10,15: (63222,60909,61423,65535)  #F6EDEFFF  srgba(246,237,239,1)
11,15: (63222,61423,57054,65535)  #F6EFDEFF  srgba(246,239,222,1)
12,15: (63479,60138,63993,65535)  #F7EAF9FF  srgba(247,234,249,1)
13,15: (63736,61937,60395,65535)  #F8F1EBFF  srgba(248,241,235,1)
14,15: (63993,61937,64250,65535)  #F9F1FAFF  srgba(249,241,250,1)
15,15: (0,65535,0,0)  #00FF0000  srgba(0,255,0,0)
