# ImageMagick pixel enumeration: 16,16,65535,srgba
0,0: (0,0,0,65535)  #000000FF  black
1,0: (0,0,257,65535)  #000001FF  srgba(0,0,1,1)
2,0: (771,514,514,65535)  #030202FF  srgba(3,2,2,1)
3,0: (1028,257,0,65535)  #040100FF  srgba(4,1,0,1)
4,0: (2827,3598,3598,65535)  #0B0E0EFF  srgba(11,14,14,1)
5,0: (3855,1285,514,65535)  #0F0502FF  srgba(15,5,2,1)
6,0: (5911,7967,10537,65535)  #171F29FF  srgba(23,31,41,1)
7,0: (10537,14392,13364,65535)  #293834FF  srgba(41,56,52,1)
8,0: (10794,49087,10794,65535)  #2ABF2AFF  srgba(42,191,42,1)
9,0: (11051,42662,65021,65535)  #2BA6FDFF  srgba(43,166,253,1)
10,0: (11565,4369,514,65535)  #2D1102FF  srgba(45,17,2,1)
11,0: (11822,17476,19018,65535)  #2E444AFF  srgba(46,68,74,1)
12,0: (12079,61680,65278,65535)  #2FF0FEFF  srgba(47,240,254,1)
13,0: (12593,38293,59110,65535)  #3195E6FF  srgba(49,149,230,1)
14,0: (13107,35980,49087,65535)  #338CBFFF  srgba(51,140,191,1)
15,0: (13107,59624,55769,65535)  #33E8D9FF  srgba(51,232,217,1)
0,1: (13364,46003,51400,65535)  #34B3C8FF  srgba(52,179,200,1)
1,1: (13364,61166,64764,65535)  #34EEFCFF  srgba(52,238,252,1)
2,1: (13621,60138,63222,65535)  #35EAF6FF  srgba(53,234,246,1)
3,1: (13878,25443,37265,65535)  #366391FF  srgba(54,99,145,1)
4,1: (13878,44718,60909,65535)  #36AEEDFF  srgba(54,174,237,1)
5,1: (13878,48573,65021,65535)  #36BDFDFF  srgba(54,189,253,1)
6,1: (13878,62708,65021,65535)  #36F4FDFF  srgba(54,244,253,1)
7,1: (15163,24158,27756,65535)  #3B5E6CFF  srgba(59,94,108,1)
8,1: (15163,52685,57825,65535)  #3BCDE1FF  srgba(59,205,225,1)
9,1: (15420,5654,0,65535)  #3C1600FF  srgba(60,22,0,1)
10,1: (15420,52942,64764,65535)  #3CCEFCFF  srgba(60,206,252,1)
11,1: (15420,52942,65278,65535)  #3CCEFEFF  srgba(60,206,254,1)
12,1: (16191,63222,65278,65535)  #3FF6FEFF  srgba(63,246,254,1)
13,1: (16705,35466,40349,65535)  #418A9DFF  srgba(65,138,157,1)
14,1: (16962,36237,10023,65535)  #428D27FF  srgba(66,141,39,1)
15,1: (17219,49858,33667,65535)  #43C283FF  srgba(67,194,131,1)
0,2: (18247,31354,10023,65535)  #477A27FF  srgba(71,122,39,1)
1,2: (18504,22873,23387,65535)  #48595BFF  srgba(72,89,91,1)
2,2: (18504,48573,40863,65535)  #48BD9FFF  srgba(72,189,159,1)
3,2: (18761,48316,25700,65535)  #49BC64FF  srgba(73,188,100,1)
4,2: (19018,16705,13621,65535)  #4A4135FF  srgba(74,65,53,1)
5,2: (19275,60395,65278,65535)  #4BEBFEFF  srgba(75,235,254,1)
6,2: (19275,65021,65278,65535)  #4BFDFEFF  srgba(75,253,254,1)
7,2: (19532,8224,3598,65535)  #4C200EFF  srgba(76,32,14,1)
8,2: (20046,61680,64507,65535)  #4EF0FBFF  srgba(78,240,251,1)
9,2: (20560,59881,62194,65535)  #50E9F2FF  srgba(80,233,242,1)
10,2: (20817,35980,25700,65535)  #518C64FF  srgba(81,140,100,1)
11,2: (20817,59110,56797,65535)  #51E6DDFF  srgba(81,230,221,1)
12,2: (21074,39578,51914,65535)  #529ACAFF  srgba(82,154,202,1)
13,2: (21074,47288,63479,65535)  #52B8F7FF  srgba(82,184,247,1)
14,2: (21074,52428,65021,65535)  #52CCFDFF  srgba(82,204,253,1)
15,2: (21331,48059,52428,65535)  #53BBCCFF  srgba(83,187,204,1)
0,3: (21331,52942,57825,65535)  #53CEE1FF  srgba(83,206,225,1)
1,3: (22616,32382,33410,65535)  #587E82FF  srgba(88,126,130,1)
2,3: (23387,37779,33924,65535)  #5B9384FF  srgba(91,147,132,1)
3,3: (23387,47802,11822,65535)  #5BBA2EFF  srgba(91,186,46,1)
4,3: (24415,31097,26214,65535)  #5F7966FF  srgba(95,121,102,1)
5,3: (24672,47802,62451,65535)  #60BAF3FF  srgba(96,186,243,1)
6,3: (25700,51657,65021,65535)  #64C9FDFF  srgba(100,201,253,1)
7,3: (25957,60652,64764,65535)  #65ECFCFF  srgba(101,236,252,1)
8,3: (26214,35980,39578,65535)  #668C9AFF  srgba(102,140,154,1)
9,3: (26471,53970,59624,65535)  #67D2E8FF  srgba(103,210,232,1)
10,3: (26985,23644,514,65535)  #695C02FF  srgba(105,92,2,1)
11,3: (26985,24415,19532,65535)  #695F4CFF  srgba(105,95,76,1)
12,3: (26985,45746,41120,65535)  #69B2A0FF  srgba(105,178,160,1)
13,3: (27499,22616,4369,65535)  #6B5811FF  srgba(107,88,17,1)
14,3: (27499,31097,12850,65535)  #6B7932FF  srgba(107,121,50,1)
15,3: (27499,47031,33924,65535)  #6BB784FF  srgba(107,183,132,1)
0,4: (27499,47545,50629,65535)  #6BB9C5FF  srgba(107,185,197,1)
1,4: (27756,42148,54998,65535)  #6CA4D6FF  srgba(108,164,214,1)
2,4: (27756,45232,57054,65535)  #6CB0DEFF  srgba(108,176,222,1)
3,4: (28013,51400,51657,65535)  #6DC8C9FF  srgba(109,200,201,1)
4,4: (28270,65021,64507,65535)  #6EFDFBFF  srgba(110,253,251,1)
5,4: (28784,27242,26471,65535)  #706A67FF  srgba(112,106,103,1)
6,4: (28784,57825,52685,65535)  #70E1CDFF  srgba(112,225,205,1)
7,4: (29041,25957,12336,65535)  #716530FF  srgba(113,101,48,1)
8,4: (29298,47802,59624,65535)  #72BAE8FF  srgba(114,186,232,1)
9,4: (29298,63993,60652,65535)  #72F9ECFF  srgba(114,249,236,1)
10,4: (29812,41891,45232,65535)  #74A3B0FF  srgba(116,163,176,1)
11,4: (30069,37522,39835,65535)  #75929BFF  srgba(117,146,155,1)
12,4: (30326,43433,41634,65535)  #76A9A2FF  srgba(118,169,162,1)
13,4: (30583,42405,48573,65535)  #77A5BDFF  srgba(119,165,189,1)
14,4: (30583,44461,26728,65535)  #77AD68FF  srgba(119,173,104,1)
15,4: (30583,45746,45746,65535)  #77B2B2FF  srgba(119,178,178,1)
0,5: (30583,46260,14392,65535)  #77B438FF  srgba(119,180,56,1)
1,5: (30840,35723,20046,65535)  #788B4EFF  srgba(120,139,78,1)
2,5: (31097,26471,23901,65535)  #79675DFF  srgba(121,103,93,1)
3,5: (31097,31097,26471,65535)  #797967FF  srgba(121,121,103,1)
4,5: (31097,33153,32896,65535)  #798180FF  srgba(121,129,128,1)
5,5: (31354,19789,0,65535)  #7A4D00FF  srgba(122,77,0,1)
6,5: (31354,45232,48573,65535)  #7AB0BDFF  srgba(122,176,189,1)
7,5: (31611,26471,34181,65535)  #7B6785FF  srgba(123,103,133,1)
8,5: (31611,31097,13621,65535)  #7B7935FF  srgba(123,121,53,1)
9,5: (31868,39321,34438,65535)  #7C9986FF  srgba(124,153,134,1)
10,5: (32382,57311,64764,65535)  #7EDFFCFF  srgba(126,223,252,1)
11,5: (32639,42148,41634,65535)  #7FA4A2FF  srgba(127,164,162,1)
12,5: (32896,38807,40092,65535)  #80979CFF  srgba(128,151,156,1)
13,5: (34181,55769,59367,65535)  #85D9E7FF  srgba(133,217,231,1)
14,5: (34438,64507,64250,65535)  #86FBFAFF  srgba(134,251,250,1)
15,5: (34952,42662,45232,65535)  #88A6B0FF  srgba(136,166,176,1)
0,6: (35466,31354,9766,65535)  #8A7A26FF  srgba(138,122,38,1)
1,6: (35466,32125,21588,65535)  #8A7D54FF  srgba(138,125,84,1)
2,6: (35466,33667,29298,65535)  #8A8372FF  srgba(138,131,114,1)
3,6: (35466,36494,23644,65535)  #8A8E5CFF  srgba(138,142,92,1)
4,6: (35466,42662,26728,65535)  #8AA668FF  srgba(138,166,104,1)
5,6: (35466,45746,14649,65535)  #8AB239FF  srgba(138,178,57,1)
6,6: (35723,38036,31611,65535)  #8B947BFF  srgba(139,148,123,1)
7,6: (35723,41891,40606,65535)  #8BA39EFF  srgba(139,163,158,1)
8,6: (35723,65021,64250,65535)  #8BFDFAFF  srgba(139,253,250,1)
9,6: (35980,37779,35723,65535)  #8C938BFF  srgba(140,147,139,1)
10,6: (35980,38550,38293,65535)  #8C9695FF  srgba(140,150,149,1)
11,6: (36237,47545,49601,65535)  #8DB9C1FF  srgba(141,185,193,1)
12,6: (36237,51657,50629,65535)  #8DC9C5FF  srgba(141,201,197,1)
13,6: (36494,57568,52942,65535)  #8EE0CEFF  srgba(142,224,206,1)
14,6: (37008,63993,61166,65535)  #90F9EEFF  srgba(144,249,238,1)
15,6: (37522,45746,45489,65535)  #92B2B1FF  srgba(146,178,177,1)
0,7: (38036,36237,33153,65535)  #948D81FF  srgba(148,141,129,1)
1,7: (38036,38807,35723,65535)  #94978BFF  srgba(148,151,139,1)
2,7: (38293,36237,30069,65535)  #958D75FF  srgba(149,141,117,1)
3,7: (38293,39064,38036,65535)  #959894FF  srgba(149,152,148,1)
4,7: (38550,31354,12079,65535)  #967A2FFF  srgba(150,122,47,1)
5,7: (38550,34695,28784,65535)  #968770FF  srgba(150,135,112,1)
6,7: (38550,35723,24158,65535)  #968B5EFF  srgba(150,139,94,1)
7,7: (38550,40863,26471,65535)  #969F67FF  srgba(150,159,103,1)
8,7: (38550,43947,14392,65535)  #96AB38FF  srgba(150,171,56,1)
9,7: (38807,23901,4112,65535)  #975D10FF  srgba(151,93,16,1)
10,7: (38807,31868,22102,65535)  #977C56FF  srgba(151,124,86,1)
11,7: (38807,33924,28784,65535)  #978470FF  srgba(151,132,112,1)
12,7: (39064,32639,25700,65535)  #987F64FF  srgba(152,127,100,1)
13,7: (39064,41377,39835,65535)  #98A19BFF  srgba(152,161,155,1)
14,7: (39578,23387,12079,65535)  #9A5B2FFF  srgba(154,91,47,1)
15,7: (40092,33667,26985,65535)  #9C8369FF  srgba(156,131,105,1)
0,8: (40092,40863,39578,65535)  #9C9F9AFF  srgba(156,159,154,1)
1,8: (40606,27242,18504,65535)  #9E6A48FF  srgba(158,106,72,1)
2,8: (40606,31097,22873,65535)  #9E7959FF  srgba(158,121,89,1)
3,8: (40606,40863,39835,65535)  #9E9F9BFF  srgba(158,159,155,1)
4,8: (41120,28013,14135,65535)  #A06D37FF  srgba(160,109,55,1)
5,8: (41377,33667,26214,65535)  #A18366FF  srgba(161,131,102,1)
6,8: (41377,41120,39835,65535)  #A1A09BFF  srgba(161,160,155,1)
7,8: (41377,42405,41120,65535)  #A1A5A0FF  srgba(161,165,160,1)
8,8: (41891,30840,21331,65535)  #A37853FF  srgba(163,120,83,1)
9,8: (41891,37522,29298,65535)  #A39272FF  srgba(163,146,114,1)
10,8: (41891,65021,63479,65535)  #A3FDF7FF  srgba(163,253,247,1)
11,8: (42148,43176,42148,65535)  #A4A8A4FF  srgba(164,168,164,1)
12,8: (42405,42405,40863,65535)  #A5A59FFF  srgba(165,165,159,1)
13,8: (42405,47288,46774,65535)  #A5B8B6FF  srgba(165,184,182,1)
14,8: (42662,25186,257,65535)  #A66201FF  srgba(166,98,1,1)
15,8: (42662,30583,20560,65535)  #A67750FF  srgba(166,119,80,1)
0,9: (42662,44461,40606,65535)  #A6AD9EFF  srgba(166,173,158,1)
1,9: (42919,21588,0,65535)  #A75400FF  srgba(167,84,0,1)
2,9: (42919,29812,17733,65535)  #A77445FF  srgba(167,116,69,1)
3,9: (42919,30326,8738,65535)  #A77622FF  srgba(167,118,34,1)
4,9: (42919,39835,37008,65535)  #A79B90FF  srgba(167,155,144,1)
5,9: (42919,61937,60395,65535)  #A7F1EBFF  srgba(167,241,235,1)
6,9: (43176,33410,21845,65535)  #A88255FF  srgba(168,130,85,1)
7,9: (43176,56283,56540,65535)  #A8DBDCFF  srgba(168,219,220,1)
8,9: (43433,29812,15934,65535)  #A9743EFF  srgba(169,116,62,1)
9,9: (43433,34438,26471,65535)  #A98667FF  srgba(169,134,103,1)
10,9: (43433,44461,43433,65535)  #A9ADA9FF  srgba(169,173,169,1)
11,9: (43433,44718,44718,65535)  #A9AEAEFF  srgba(169,174,174,1)
12,9: (43690,41634,28784,65535)  #AAA270FF  srgba(170,162,112,1)
13,9: (43947,30840,20560,65535)  #AB7850FF  srgba(171,120,80,1)
14,9: (44204,27756,17219,65535)  #AC6C43FF  srgba(172,108,67,1)
15,9: (44204,33924,16962,65535)  #AC8442FF  srgba(172,132,66,1)
0,10: (44204,56283,50115,65535)  #ACDBC3FF  srgba(172,219,195,1)
1,10: (44461,27499,16191,65535)  #AD6B3FFF  srgba(173,107,63,1)
2,10: (44718,33924,6425,65535)  #AE8419FF  srgba(174,132,25,1)
3,10: (45232,20046,257,65535)  #B04E01FF  srgba(176,78,1,1)
4,10: (45489,26985,14135,65535)  #B16937FF  srgba(177,105,55,1)
5,10: (45489,45232,44461,65535)  #B1B0ADFF  srgba(177,176,173,1)
6,10: (46003,26728,19018,65535)  #B3684AFF  srgba(179,104,74,1)
7,10: (46003,38036,19018,65535)  #B3944AFF  srgba(179,148,74,1)
8,10: (46260,46774,45232,65535)  #B4B6B0FF  srgba(180,182,176,1)
9,10: (46774,25443,4883,65535)  #B66313FF  srgba(182,99,19,1)
10,10: (46774,47031,46774,65535)  #B6B7B6FF  srgba(182,183,182,1)
11,10: (46774,50629,28270,65535)  #B6C56EFF  srgba(182,197,110,1)
12,10: (47288,21074,3598,65535)  #B8520EFF  srgba(184,82,14,1)
13,10: (47288,24158,9766,65535)  #B85E26FF  srgba(184,94,38,1)
14,10: (47288,27499,10280,65535)  #B86B28FF  srgba(184,107,40,1)
15,10: (47288,38036,6939,65535)  #B8941BFF  srgba(184,148,27,1)
0,11: (47288,64764,62451,65535)  #B8FCF3FF  srgba(184,252,243,1)
1,11: (47545,51657,5654,65535)  #B9C916FF  srgba(185,201,22,1)
2,11: (48059,53199,17733,65535)  #BBCF45FF  srgba(187,207,69,1)
3,11: (48316,30583,15934,65535)  #BC773EFF  srgba(188,119,62,1)
4,11: (48316,43176,11822,65535)  #BCA82EFF  srgba(188,168,46,1)
5,11: (48316,49087,48059,65535)  #BCBFBBFF  srgba(188,191,187,1)
6,11: (49087,57568,55769,65535)  #BFE0D9FF  srgba(191,224,217,1)
7,11: (49344,30326,5397,65535)  #C07615FF  srgba(192,118,21,1)
8,11: (49344,56797,50115,65535)  #C0DDC3FF  srgba(192,221,195,1)
9,11: (49344,62194,59624,65535)  #C0F2E8FF  srgba(192,242,232,1)
10,11: (49601,52685,38293,65535)  #C1CD95FF  srgba(193,205,149,1)
11,11: (49858,22102,0,65535)  #C25600FF  srgba(194,86,0,1)
12,11: (49858,51400,50115,65535)  #C2C8C3FF  srgba(194,200,195,1)
13,11: (50115,24929,3598,65535)  #C3610EFF  srgba(195,97,14,1)
14,11: (50115,52428,50886,65535)  #C3CCC6FF  srgba(195,204,198,1)
15,11: (50629,38036,27756,65535)  #C5946CFF  srgba(197,148,108,1)
0,12: (50629,38293,35980,65535)  #C5958CFF  srgba(197,149,140,1)
1,12: (51143,24672,22873,65535)  #C76059FF  srgba(199,96,89,1)
2,12: (51143,34438,26214,65535)  #C78666FF  srgba(199,134,102,1)
3,12: (51400,21331,257,65535)  #C85301FF  srgba(200,83,1,1)
4,12: (51400,22616,37522,65535)  #C85892FF  srgba(200,88,146,1)
5,12: (51400,22873,2827,65535)  #C8590BFF  srgba(200,89,11,1)
6,12: (51657,34181,17219,65535)  #C98543FF  srgba(201,133,67,1)
7,12: (51657,45232,38036,65535)  #C9B094FF  srgba(201,176,148,1)
8,12: (52171,19532,2313,65535)  #CB4C09FF  srgba(203,76,9,1)
9,12: (52685,19018,0,65535)  #CD4A00FF  srgba(205,74,0,1)
10,12: (52685,31097,23387,65535)  #CD795BFF  srgba(205,121,91,1)
11,12: (52685,53199,52171,65535)  #CDCFCBFF  srgba(205,207,203,1)
12,12: (53456,17476,0,65535)  #D04400FF  srgba(208,68,0,1)
13,12: (53970,22102,0,65535)  #D25600FF  srgba(210,86,0,1)
14,12: (53970,25443,3598,65535)  #D2630EFF  srgba(210,99,14,1)
15,12: (54227,14392,0,65535)  #D33800FF  srgba(211,56,0,1)
0,13: (54484,56283,53713,65535)  #D4DBD1FF  srgba(212,219,209,1)
1,13: (54484,60652,58339,65535)  #D4ECE3FF  srgba(212,236,227,1)
2,13: (54998,54227,52171,65535)  #D6D3CBFF  srgba(214,211,203,1)
3,13: (55255,21845,0,65535)  #D75500FF  srgba(215,85,0,1)
4,13: (55512,16705,0,65535)  #D84100FF  srgba(216,65,0,1)
5,13: (55512,41891,28013,65535)  #D8A36DFF  srgba(216,163,109,1)
6,13: (55769,56540,54741,65535)  #D9DCD5FF  srgba(217,220,213,1)
7,13: (55769,56540,55769,65535)  #D9DCD9FF  srgba(217,220,217,1)
8,13: (57825,20817,0,65535)  #E15100FF  srgba(225,81,0,1)
9,13: (58082,59110,57311,65535)  #E2E6DFFF  srgba(226,230,223,1)
10,13: (58339,20560,0,65535)  #E35000FF  srgba(227,80,0,1)
11,13: (58853,13107,0,65535)  #E53300FF  srgba(229,51,0,1)
12,13: (58853,16705,0,65535)  #E54100FF  srgba(229,65,0,1)
13,13: (59110,13878,0,65535)  #E63600FF  srgba(230,54,0,1)
14,13: (59110,14906,0,65535)  #E63A00FF  srgba(230,58,0,1)
15,13: (59110,16191,0,65535)  #E63F00FF  srgba(230,63,0,1)
0,14: (59110,33924,2056,65535)  #E68408FF  srgba(230,132,8,1)
1,14: (59624,30583,7710,65535)  #E8771EFF  srgba(232,119,30,1)
2,14: (59624,59367,49858,65535)  #E8E7C2FF  srgba(232,231,194,1)
3,14: (59881,34181,14906,65535)  #E9853AFF  srgba(233,133,58,1)
4,14: (59881,38036,15420,65535)  #E9943CFF  srgba(233,148,60,1)
5,14: (60395,52428,28013,65535)  #EBCC6DFF  srgba(235,204,109,1)
6,14: (60395,54998,37779,65535)  #EBD693FF  srgba(235,214,147,1)
7,14: (60652,14906,0,65535)  #EC3A00FF  srgba(236,58,0,1)
8,14: (60909,14392,0,65535)  #ED3800FF  srgba(237,56,0,1)
9,14: (60909,15420,257,65535)  #ED3C01FF  srgba(237,60,1,1)
10,14: (60909,30326,0,65535)  #ED7600FF  srgba(237,118,0,1)
11,14: (61423,15934,257,65535)  #EF3E01FF  srgba(239,62,1,1)
12,14: (61423,16448,0,65535)  #EF4000FF  srgba(239,64,0,1)
13,14: (61680,15934,0,65535)  #F03E00FF  srgba(240,62,0,1)
14,14: (62194,38036,1799,65535)  #F29407FF  srgba(242,148,7,1)
15,14: (62451,17219,0,65535)  #F34300FF  srgba(243,67,0,1)
0,15: (62451,17733,0,65535)  #F34500FF  srgba(243,69,0,1)
1,15: (62451,43176,8995,65535)  #F3A823FF  srgba(243,168,35,1)
2,15: (62451,51400,12850,65535)  #F3C832FF  srgba(243,200,50,1)
3,15: (62708,17990,0,65535)  #F44600FF  srgba(244,70,0,1)
4,15: (62708,18504,0,65535)  #F44800FF  srgba(244,72,0,1)
5,15: (62708,19018,514,65535)  #F44A02FF  srgba(244,74,2,1)
6,15: (63222,19275,0,65535)  #F64B00FF  srgba(246,75,0,1)
7,15: (63222,21074,1028,65535)  #F65204FF  srgba(246,82,4,1)
8,15: (63222,21845,0,65535)  #F65500FF  srgba(246,85,0,1)
9,15: (63479,19275,0,65535)  #F74B00FF  srgba(247,75,0,1)
10,15: (63479,19789,257,65535)  #F74D01FF  srgba(247,77,1,1)
11,15: (63479,20303,257,65535)  #F74F01FF  srgba(247,79,1,1)
12,15: (63479,23387,3341,65535)  #F75B0DFF  srgba(247,91,13,1)
13,15: (63479,24929,13364,65535)  #F76134FF  srgba(247,97,52,1)
14,15: (63736,19789,0,65535)  #F84D00FF  srgba(248,77,0,1)
15,15: (0,65535,0,0)  #00FF0000  srgba(0,255,0,0)
