# ImageMagick pixel enumeration: 16,16,65535,srgba
0,0: (0,0,0,65535)  #000000FF  black
1,0: (0,0,0,65535)  #000000FF  black
2,0: (0,3084,0,65535)  #000C00FF  srgba(0,12,0,1)
3,0: (0,9252,0,65535)  #002400FF  srgba(0,36,0,1)
4,0: (514,514,514,65535)  #020202FF  srgba(2,2,2,1)
5,0: (771,38293,0,65535)  #039500FF  srgba(3,149,0,1)
6,0: (1285,37522,0,65535)  #059200FF  srgba(5,146,0,1)
7,0: (2570,6168,771,65535)  #0A1803FF  srgba(10,24,3,1)
8,0: (3855,22102,38036,65535)  #0F5694FF  srgba(15,86,148,1)
9,0: (4112,5911,0,65535)  #101700FF  srgba(16,23,0,1)
10,0: (4883,21331,49087,65535)  #1353BFFF  srgba(19,83,191,1)
11,0: (4883,27242,35980,65535)  #136A8CFF  srgba(19,106,140,1)
12,0: (5140,46774,0,65535)  #14B600FF  srgba(20,182,0,1)
13,0: (5397,23644,28527,65535)  #155C6FFF  srgba(21,92,111,1)
14,0: (5654,21074,43947,65535)  #1652ABFF  srgba(22,82,171,1)
15,0: (6168,13364,2827,65535)  #18340BFF  srgba(24,52,11,1)
0,1: (8224,27756,47031,65535)  #206CB7FF  srgba(32,108,183,1)
1,1: (8224,28270,40606,65535)  #206E9EFF  srgba(32,110,158,1)
2,1: (8481,18761,3084,65535)  #21490CFF  srgba(33,73,12,1)
3,1: (8738,8995,4883,65535)  #222313FF  srgba(34,35,19,1)
4,1: (9766,26985,20817,65535)  #266951FF  srgba(38,105,81,1)
5,1: (9766,29555,28527,65535)  #26736FFF  srgba(38,115,111,1)
6,1: (10537,26728,12079,65535)  #29682FFF  srgba(41,104,47,1)
7,1: (10794,19275,8481,65535)  #2A4B21FF  srgba(42,75,33,1)
8,1: (11308,20303,19532,65535)  #2C4F4CFF  srgba(44,79,76,1)
9,1: (11565,19532,37522,65535)  #2D4C92FF  srgba(45,76,146,1)
10,1: (11565,60395,0,65535)  #2DEB00FF  srgba(45,235,0,1)
11,1: (12593,22359,28013,65535)  #31576DFF  srgba(49,87,109,1)
12,1: (12593,60138,0,65535)  #31EA00FF  srgba(49,234,0,1)
13,1: (12850,60395,0,65535)  #32EB00FF  srgba(50,235,0,1)
14,1: (14649,30840,35723,65535)  #39788BFF  srgba(57,120,139,1)
15,1: (14906,28013,1285,65535)  #3A6D05FF  srgba(58,109,5,1)
0,2: (15420,52942,6425,65535)  #3CCE19FF  srgba(60,206,25,1)
1,2: (15677,19789,0,65535)  #3D4D00FF  srgba(61,77,0,1)
2,2: (16705,32125,28013,65535)  #417D6DFF  srgba(65,125,109,1)
3,2: (16962,29555,10280,65535)  #427328FF  srgba(66,115,40,1)
4,2: (16962,30583,19532,65535)  #42774CFF  srgba(66,119,76,1)
5,2: (16962,50372,6682,65535)  #42C41AFF  srgba(66,196,26,1)
6,2: (16962,56026,0,65535)  #42DA00FF  srgba(66,218,0,1)
7,2: (17219,64507,1028,65535)  #43FB04FF  srgba(67,251,4,1)
8,2: (17476,64764,257,65535)  #44FC01FF  srgba(68,252,1,1)
9,2: (17733,19275,0,65535)  #454B00FF  srgba(69,75,0,1)
10,2: (18761,19789,7710,65535)  #494D1EFF  srgba(73,77,30,1)
11,2: (20046,65278,514,65535)  #4EFE02FF  srgba(78,254,2,1)
12,2: (21588,30069,37008,65535)  #547590FF  srgba(84,117,144,1)
13,2: (21588,65021,1028,65535)  #54FD04FF  srgba(84,253,4,1)
14,2: (21845,29555,1285,65535)  #557305FF  srgba(85,115,5,1)
15,2: (21845,30326,27499,65535)  #55766BFF  srgba(85,118,107,1)
0,3: (22102,30326,19018,65535)  #56764AFF  srgba(86,118,74,1)
1,3: (22616,29555,0,65535)  #587300FF  srgba(88,115,0,1)
2,3: (22616,37522,33924,65535)  #589284FF  srgba(88,146,132,1)
3,3: (22873,17219,19275,65535)  #59434BFF  srgba(89,67,75,1)
4,3: (22873,35980,19275,65535)  #598C4BFF  srgba(89,140,75,1)
5,3: (22873,37779,28527,65535)  #59936FFF  srgba(89,147,111,1)
6,3: (23387,18761,8995,65535)  #5B4923FF  srgba(91,73,35,1)
7,3: (23644,28527,8738,65535)  #5C6F22FF  srgba(92,111,34,1)
8,3: (23901,35980,9252,65535)  #5D8C24FF  srgba(93,140,36,1)
9,3: (25186,31611,0,65535)  #627B00FF  srgba(98,123,0,1)
10,3: (25186,40349,2056,65535)  #629D08FF  srgba(98,157,8,1)
11,3: (25443,23387,0,65535)  #635B00FF  srgba(99,91,0,1)
12,3: (25443,30840,514,65535)  #637802FF  srgba(99,120,2,1)
13,3: (25443,35723,0,65535)  #638B00FF  srgba(99,139,0,1)
14,3: (25957,30326,0,65535)  #657600FF  srgba(101,118,0,1)
15,3: (25957,35723,33667,65535)  #658B83FF  srgba(101,139,131,1)
0,4: (26214,35466,27242,65535)  #668A6AFF  srgba(102,138,106,1)
1,4: (26728,31097,514,65535)  #687902FF  srgba(104,121,2,1)
2,4: (27242,25957,0,65535)  #6A6500FF  srgba(106,101,0,1)
3,4: (27242,30069,0,65535)  #6A7500FF  srgba(106,117,0,1)
4,4: (27499,15677,18504,65535)  #6B3D48FF  srgba(107,61,72,1)
5,4: (27499,31354,19018,65535)  #6B7A4AFF  srgba(107,122,74,1)
6,4: (27756,37779,19275,65535)  #6C934BFF  srgba(108,147,75,1)
7,4: (28270,32896,8224,65535)  #6E8020FF  srgba(110,128,32,1)
8,4: (28527,43947,14906,65535)  #6FAB3AFF  srgba(111,171,58,1)
9,4: (28784,29812,514,65535)  #707402FF  srgba(112,116,2,1)
10,4: (28784,42919,21331,65535)  #70A753FF  srgba(112,167,83,1)
11,4: (29298,35723,8738,65535)  #728B22FF  srgba(114,139,34,1)
12,4: (29555,33153,26985,65535)  #738169FF  srgba(115,129,105,1)
13,4: (30069,30840,0,65535)  #757800FF  srgba(117,120,0,1)
14,4: (30069,38550,1799,65535)  #759607FF  srgba(117,150,7,1)
15,4: (30840,32639,1028,65535)  #787F04FF  srgba(120,127,4,1)
0,5: (31097,34438,8481,65535)  #798621FF  srgba(121,134,33,1)
1,5: (31354,32896,7453,65535)  #7A801DFF  srgba(122,128,29,1)
2,5: (31354,64250,514,65535)  #7AFA02FF  srgba(122,250,2,1)
3,5: (31868,32125,7196,65535)  #7C7D1CFF  srgba(124,125,28,1)
4,5: (31868,37779,34952,65535)  #7C9388FF  srgba(124,147,136,1)
5,5: (32125,23387,19275,65535)  #7D5B4BFF  srgba(125,91,75,1)
6,5: (32125,37522,1799,65535)  #7D9207FF  srgba(125,146,7,1)
7,5: (32382,42405,8224,65535)  #7EA520FF  srgba(126,165,32,1)
8,5: (32382,43690,31097,65535)  #7EAA79FF  srgba(126,170,121,1)
9,5: (32382,43947,26985,65535)  #7EAB69FF  srgba(126,171,105,1)
10,5: (33153,36494,8481,65535)  #818E21FF  srgba(129,142,33,1)
11,5: (33410,26471,514,65535)  #826702FF  srgba(130,103,2,1)
12,5: (33410,43947,37265,65535)  #82AB91FF  srgba(130,171,145,1)
13,5: (33410,45232,14649,65535)  #82B039FF  srgba(130,176,57,1)
14,5: (33667,31354,0,65535)  #837A00FF  srgba(131,122,0,1)
15,5: (33667,39578,0,65535)  #839A00FF  srgba(131,154,0,1)
0,6: (34181,48316,8738,65535)  #85BC22FF  srgba(133,188,34,1)
1,6: (34438,39835,1799,65535)  #869B07FF  srgba(134,155,7,1)
2,6: (34952,25186,8995,65535)  #886223FF  srgba(136,98,35,1)
3,6: (35466,26728,34438,65535)  #8A6886FF  srgba(138,104,134,1)
4,6: (35466,65278,1028,65535)  #8AFE04FF  srgba(138,254,4,1)
5,6: (35723,65278,514,65535)  #8BFE02FF  srgba(139,254,2,1)
6,6: (35980,37779,18761,65535)  #8C9349FF  srgba(140,147,73,1)
7,6: (36494,25443,0,65535)  #8E6300FF  srgba(142,99,0,1)
8,6: (37008,46517,21331,65535)  #90B553FF  srgba(144,181,83,1)
9,6: (37265,63993,0,65535)  #91F900FF  srgba(145,249,0,1)
10,6: (37779,44718,14135,65535)  #93AE37FF  srgba(147,174,55,1)
11,6: (38036,29812,26985,65535)  #947469FF  srgba(148,116,105,1)
12,6: (38293,63736,0,65535)  #95F800FF  srgba(149,248,0,1)
13,6: (38550,49858,14392,65535)  #96C238FF  srgba(150,194,56,1)
14,6: (39578,41120,1799,65535)  #9AA007FF  srgba(154,160,7,1)
15,6: (39835,45746,8995,65535)  #9BB223FF  srgba(155,178,35,1)
0,7: (40092,32125,0,65535)  #9C7D00FF  srgba(156,125,0,1)
1,7: (40349,40863,0,65535)  #9D9F00FF  srgba(157,159,0,1)
2,7: (40606,45489,0,65535)  #9EB100FF  srgba(158,177,0,1)
3,7: (40606,48830,2056,65535)  #9EBE08FF  srgba(158,190,8,1)
4,7: (40863,51914,8224,65535)  #9FCA20FF  srgba(159,202,32,1)
5,7: (41377,65278,1542,65535)  #A1FE06FF  srgba(161,254,6,1)
6,7: (41377,65278,5654,65535)  #A1FE16FF  srgba(161,254,22,1)
7,7: (41891,25700,771,65535)  #A36403FF  srgba(163,100,3,1)
8,7: (41891,50372,0,65535)  #A3C400FF  srgba(163,196,0,1)
9,7: (42148,24672,0,65535)  #A46000FF  srgba(164,96,0,1)
10,7: (42148,26985,19275,65535)  #A4694BFF  srgba(164,105,75,1)
11,7: (42662,22359,0,65535)  #A65700FF  srgba(166,87,0,1)
12,7: (43176,31611,1285,65535)  #A87B05FF  srgba(168,123,5,1)
13,7: (44975,19789,0,65535)  #AF4D00FF  srgba(175,77,0,1)
14,7: (45232,49087,14906,65535)  #B0BF3AFF  srgba(176,191,58,1)
15,7: (45746,51400,7196,65535)  #B2C81CFF  srgba(178,200,28,1)
0,8: (46003,21331,514,65535)  #B35302FF  srgba(179,83,2,1)
1,8: (46003,51914,21331,65535)  #B3CA53FF  srgba(179,202,83,1)
2,8: (46260,37008,7967,65535)  #B4901FFF  srgba(180,144,31,1)
3,8: (46260,51657,27242,65535)  #B4C96AFF  srgba(180,201,106,1)
4,8: (46517,55769,14906,65535)  #B5D93AFF  srgba(181,217,58,1)
5,8: (47031,27242,8224,65535)  #B76A20FF  srgba(183,106,32,1)
6,8: (47031,41377,1542,65535)  #B7A106FF  srgba(183,161,6,1)
7,8: (47031,48316,1542,65535)  #B7BC06FF  srgba(183,188,6,1)
8,8: (47545,47288,0,65535)  #B9B800FF  srgba(185,184,0,1)
9,8: (47545,52685,1799,65535)  #B9CD07FF  srgba(185,205,7,1)
10,8: (47545,62708,10280,65535)  #B9F428FF  srgba(185,244,40,1)
11,8: (48573,51143,0,65535)  #BDC700FF  srgba(189,199,0,1)
12,8: (48573,54227,38807,65535)  #BDD397FF  srgba(189,211,151,1)
13,8: (48573,57054,1799,65535)  #BDDE07FF  srgba(189,222,7,1)
14,8: (48830,65278,771,65535)  #BEFE03FF  srgba(190,254,3,1)
15,8: (49344,54998,31611,65535)  #C0D67BFF  srgba(192,214,123,1)
0,9: (49601,31868,0,65535)  #C17C00FF  srgba(193,124,0,1)
1,9: (49858,40092,0,65535)  #C29C00FF  srgba(194,156,0,1)
2,9: (50115,21331,0,65535)  #C35300FF  srgba(195,83,0,1)
3,9: (50629,56797,0,65535)  #C5DD00FF  srgba(197,221,0,1)
4,9: (50629,65278,257,65535)  #C5FE01FF  srgba(197,254,1,1)
5,9: (51400,53713,6682,65535)  #C8D11AFF  srgba(200,209,26,1)
6,9: (51657,29555,1285,65535)  #C97305FF  srgba(201,115,5,1)
7,9: (51914,56026,7710,65535)  #CADA1EFF  srgba(202,218,30,1)
8,9: (52171,59110,7453,65535)  #CBE61DFF  srgba(203,230,29,1)
9,9: (52685,58596,27242,65535)  #CDE46AFF  srgba(205,228,106,1)
10,9: (52685,58853,21331,65535)  #CDE553FF  srgba(205,229,83,1)
11,9: (52942,46517,6425,65535)  #CEB519FF  srgba(206,181,25,1)
12,9: (52942,63736,0,65535)  #CEF800FF  srgba(206,248,0,1)
13,9: (53199,51657,1542,65535)  #CFC906FF  srgba(207,201,6,1)
14,9: (53199,57825,2313,65535)  #CFE109FF  srgba(207,225,9,1)
15,9: (53456,16962,0,65535)  #D04200FF  srgba(208,66,0,1)
0,10: (53456,58853,14906,65535)  #D0E53AFF  srgba(208,229,58,1)
1,10: (53970,46003,0,65535)  #D2B300FF  srgba(210,179,0,1)
2,10: (53970,62708,7453,65535)  #D2F41DFF  srgba(210,244,29,1)
3,10: (53970,62708,17476,65535)  #D2F444FF  srgba(210,244,68,1)
4,10: (53970,64764,771,65535)  #D2FC03FF  srgba(210,252,3,1)
5,10: (54227,62451,1028,65535)  #D3F304FF  srgba(211,243,4,1)
6,10: (54227,64764,5397,65535)  #D3FC15FF  srgba(211,252,21,1)
7,10: (54484,64764,12593,65535)  #D4FC31FF  srgba(212,252,49,1)
8,10: (56283,22102,0,65535)  #DB5600FF  srgba(219,86,0,1)
9,10: (56283,44461,1285,65535)  #DBAD05FF  srgba(219,173,5,1)
10,10: (56283,59110,9252,65535)  #DBE624FF  srgba(219,230,36,1)
11,10: (56540,18504,771,65535)  #DC4803FF  srgba(220,72,3,1)
12,10: (56540,39321,1285,65535)  #DC9905FF  srgba(220,153,5,1)
13,10: (56797,56283,0,65535)  #DDDB00FF  srgba(221,219,0,1)
14,10: (56797,59624,0,65535)  #DDE800FF  srgba(221,232,0,1)
15,10: (56797,62708,5911,65535)  #DDF417FF  srgba(221,244,23,1)
0,11: (56797,62708,21074,65535)  #DDF452FF  srgba(221,244,82,1)
1,11: (57054,59367,1285,65535)  #DEE705FF  srgba(222,231,5,1)
2,11: (57054,62194,10537,65535)  #DEF229FF  srgba(222,242,41,1)
3,11: (57054,62708,257,65535)  #DEF401FF  srgba(222,244,1,1)
4,11: (57311,51657,0,65535)  #DFC900FF  srgba(223,201,0,1)
5,11: (57825,30326,1285,65535)  #E17605FF  srgba(225,118,5,1)
6,11: (57825,33153,0,65535)  #E18100FF  srgba(225,129,0,1)
7,11: (57825,40349,0,65535)  #E19D00FF  srgba(225,157,0,1)
8,11: (57825,65278,0,65535)  #E1FE00FF  srgba(225,254,0,1)
9,11: (58339,50886,1542,65535)  #E3C606FF  srgba(227,198,6,1)
10,11: (58853,15934,0,65535)  #E53E00FF  srgba(229,62,0,1)
11,11: (58853,45746,0,65535)  #E5B200FF  srgba(229,178,0,1)
12,11: (58853,65278,2313,65535)  #E5FE09FF  srgba(229,254,9,1)
13,11: (58853,65278,8995,65535)  #E5FE23FF  srgba(229,254,35,1)
14,11: (59367,64764,7710,65535)  #E7FC1EFF  srgba(231,252,30,1)
15,11: (59367,65021,514,65535)  #E7FD02FF  srgba(231,253,2,1)
0,12: (59624,63479,21588,65535)  #E8F754FF  srgba(232,247,84,1)
1,12: (59624,65021,0,65535)  #E8FD00FF  srgba(232,253,0,1)
2,12: (59881,63736,1285,65535)  #E9F805FF  srgba(233,248,5,1)
3,12: (59881,63736,12850,65535)  #E9F832FF  srgba(233,248,50,1)
4,12: (59881,63993,6425,65535)  #E9F919FF  srgba(233,249,25,1)
5,12: (60138,63736,0,65535)  #EAF800FF  srgba(234,248,0,1)
6,12: (60395,64764,0,65535)  #EBFC00FF  srgba(235,252,0,1)
7,12: (60395,64764,1542,65535)  #EBFC06FF  srgba(235,252,6,1)
8,12: (60395,65021,8481,65535)  #EBFD21FF  srgba(235,253,33,1)
9,12: (60652,64764,257,65535)  #ECFC01FF  srgba(236,252,1,1)
10,12: (60909,65021,0,65535)  #EDFD00FF  srgba(237,253,0,1)
11,12: (60909,65021,4883,65535)  #EDFD13FF  srgba(237,253,19,1)
12,12: (61166,65278,0,65535)  #EEFE00FF  srgba(238,254,0,1)
13,12: (61166,65278,4369,65535)  #EEFE11FF  srgba(238,254,17,1)
14,12: (61166,65535,514,65535)  #EEFF02FF  srgba(238,255,2,1)
15,12: (61423,64764,0,65535)  #EFFC00FF  srgba(239,252,0,1)
0,13: (61680,64764,0,65535)  #F0FC00FF  srgba(240,252,0,1)
1,13: (61937,65021,0,65535)  #F1FD00FF  srgba(241,253,0,1)
2,13: (61937,65021,2313,65535)  #F1FD09FF  srgba(241,253,9,1)
3,13: (61937,65278,0,65535)  #F1FE00FF  srgba(241,254,0,1)
4,13: (62194,63736,8224,65535)  #F2F820FF  srgba(242,248,32,1)
5,13: (62194,65021,5911,65535)  #F2FD17FF  srgba(242,253,23,1)
6,13: (62194,65278,0,65535)  #F2FE00FF  srgba(242,254,0,1)
7,13: (62451,64250,12593,65535)  #F3FA31FF  srgba(243,250,49,1)
8,13: (62451,65278,0,65535)  #F3FE00FF  srgba(243,254,0,1)
9,13: (62708,65021,0,65535)  #F4FD00FF  srgba(244,253,0,1)
10,13: (62708,65278,514,65535)  #F4FE02FF  srgba(244,254,2,1)
11,13: (62708,65278,2570,65535)  #F4FE0AFF  srgba(244,254,10,1)
12,13: (62965,63993,3341,65535)  #F5F90DFF  srgba(245,249,13,1)
13,13: (62965,65021,514,65535)  #F5FD02FF  srgba(245,253,2,1)
14,13: (63479,15934,0,65535)  #F73E00FF  srgba(247,62,0,1)
15,13: (63479,63479,0,65535)  #F7F700FF  srgba(247,247,0,1)
0,14: (63479,64250,0,65535)  #F7FA00FF  srgba(247,250,0,1)
1,14: (63479,64764,0,65535)  #F7FC00FF  srgba(247,252,0,1)
2,14: (63736,31097,0,65535)  #F87900FF  srgba(248,121,0,1)
3,14: (63736,49087,0,65535)  #F8BF00FF  srgba(248,191,0,1)
4,14: (63736,56797,0,65535)  #F8DD00FF  srgba(248,221,0,1)
5,14: (63736,63479,1028,65535)  #F8F704FF  srgba(248,247,4,1)
6,14: (63993,22359,0,65535)  #F95700FF  srgba(249,87,0,1)
7,14: (63993,37522,0,65535)  #F99200FF  srgba(249,146,0,1)
8,14: (63993,42919,0,65535)  #F9A700FF  srgba(249,167,0,1)
9,14: (64250,13621,514,65535)  #FA3502FF  srgba(250,53,2,1)
10,14: (64250,47545,23130,65535)  #FAB95AFF  srgba(250,185,90,1)
11,14: (64507,12850,0,65535)  #FB3200FF  srgba(251,50,0,1)
12,14: (64507,45489,11822,65535)  #FBB12EFF  srgba(251,177,46,1)
13,14: (64507,49344,514,65535)  #FBC002FF  srgba(251,192,2,1)
14,14: (64507,51914,3855,65535)  #FBCA0FFF  srgba(251,202,15,1)
15,14: (64507,56797,514,65535)  #FBDD02FF  srgba(251,221,2,1)
0,15: (64764,20303,1542,65535)  #FC4F06FF  srgba(252,79,6,1)
1,15: (64764,23901,514,65535)  #FC5D02FF  srgba(252,93,2,1)
2,15: (64764,30069,2570,65535)  #FC750AFF  srgba(252,117,10,1)
3,15: (64764,37779,514,65535)  #FC9302FF  srgba(252,147,2,1)
4,15: (64764,37779,3855,65535)  #FC930FFF  srgba(252,147,15,1)
5,15: (64764,39321,5397,65535)  #FC9915FF  srgba(252,153,21,1)
6,15: (64764,39578,1542,65535)  #FC9A06FF  srgba(252,154,6,1)
7,15: (64764,41120,2570,65535)  #FCA00AFF  srgba(252,160,10,1)
8,15: (64764,44461,514,65535)  #FCAD02FF  srgba(252,173,2,1)
9,15: (64764,44461,8224,65535)  #FCAD20FF  srgba(252,173,32,1)
10,15: (64764,45489,1542,65535)  #FCB106FF  srgba(252,177,6,1)
11,15: (64764,51400,2570,65535)  #FCC80AFF  srgba(252,200,10,1)
12,15: (64764,52685,5397,65535)  #FCCD15FF  srgba(252,205,21,1)
13,15: (64764,54484,1799,65535)  #FCD407FF  srgba(252,212,7,1)
14,15: (65021,31354,1542,65535)  #FD7A06FF  srgba(253,122,6,1)
15,15: (0,65535,0,0)  #00FF0000  srgba(0,255,0,0)
