# ImageMagick pixel enumeration: 16,16,65535,srgba
0,0: (0,0,0,65535)  #000000FF  black
1,0: (0,0,2570,65535)  #00000AFF  srgba(0,0,10,1)
2,0: (0,0,5140,65535)  #000014FF  srgba(0,0,20,1)
3,0: (0,0,6682,65535)  #00001AFF  srgba(0,0,26,1)
4,0: (0,257,7967,65535)  #00011FFF  srgba(0,1,31,1)
5,0: (0,1285,6939,65535)  #00051BFF  srgba(0,5,27,1)
6,0: (0,1285,8224,65535)  #000520FF  srgba(0,5,32,1)
7,0: (0,1542,9766,65535)  #000626FF  srgba(0,6,38,1)
8,0: (0,2313,8738,65535)  #000922FF  srgba(0,9,34,1)
9,0: (0,2570,10794,65535)  #000A2AFF  srgba(0,10,42,1)
10,0: (0,3084,10280,65535)  #000C28FF  srgba(0,12,40,1)
11,0: (0,3341,13364,65535)  #000D34FF  srgba(0,13,52,1)
12,0: (0,4112,10023,65535)  #001027FF  srgba(0,16,39,1)
13,0: (0,4626,12079,65535)  #00122FFF  srgba(0,18,47,1)
14,0: (0,5654,17219,65535)  #001643FF  srgba(0,22,67,1)
15,0: (0,5911,13621,65535)  #001735FF  srgba(0,23,53,1)
0,1: (0,5911,15163,65535)  #00173BFF  srgba(0,23,59,1)
1,1: (0,7967,17476,65535)  #001F44FF  srgba(0,31,68,1)
2,1: (0,13364,21588,65535)  #003454FF  srgba(0,52,84,1)
3,1: (0,13621,23387,65535)  #00355BFF  srgba(0,53,91,1)
4,1: (0,14135,22616,65535)  #003758FF  srgba(0,55,88,1)
5,1: (0,14392,24672,65535)  #003860FF  srgba(0,56,96,1)
6,1: (0,15420,26471,65535)  #003C67FF  srgba(0,60,103,1)
7,1: (0,16191,22873,65535)  #003F59FF  srgba(0,63,89,1)
8,1: (0,16448,24929,65535)  #004061FF  srgba(0,64,97,1)
9,1: (0,17219,28013,65535)  #00436DFF  srgba(0,67,109,1)
10,1: (0,17990,29555,65535)  #004673FF  srgba(0,70,115,1)
11,1: (0,19018,31868,65535)  #004A7CFF  srgba(0,74,124,1)
12,1: (0,22873,30583,65535)  #005977FF  srgba(0,89,119,1)
13,1: (0,29812,42405,65535)  #0074A5FF  srgba(0,116,165,1)
14,1: (0,31868,40863,65535)  #007C9FFF  srgba(0,124,159,1)
15,1: (0,32382,42919,65535)  #007EA7FF  srgba(0,126,167,1)
0,2: (0,33153,44204,65535)  #0081ACFF  srgba(0,129,172,1)
1,2: (0,34181,47031,65535)  #0085B7FF  srgba(0,133,183,1)
2,2: (0,34438,49087,65535)  #0086BFFF  srgba(0,134,191,1)
3,2: (0,34952,45746,65535)  #0088B2FF  srgba(0,136,178,1)
4,2: (257,0,1542,65535)  #010006FF  srgba(1,0,6,1)
5,2: (257,257,5397,65535)  #010115FF  srgba(1,1,21,1)
6,2: (257,514,7453,65535)  #01021DFF  srgba(1,2,29,1)
7,2: (257,1799,10023,65535)  #010727FF  srgba(1,7,39,1)
8,2: (257,10023,16962,65535)  #012742FF  srgba(1,39,66,1)
9,2: (257,11051,19532,65535)  #012B4CFF  srgba(1,43,76,1)
10,2: (257,12079,21845,65535)  #012F55FF  srgba(1,47,85,1)
11,2: (257,15163,22873,65535)  #013B59FF  srgba(1,59,89,1)
12,2: (257,17733,26471,65535)  #014567FF  srgba(1,69,103,1)
13,2: (257,24672,34952,65535)  #016088FF  srgba(1,96,136,1)
14,2: (257,26728,38550,65535)  #016896FF  srgba(1,104,150,1)
15,2: (257,27242,42148,65535)  #016AA4FF  srgba(1,106,164,1)
0,3: (257,32125,45489,65535)  #017DB1FF  srgba(1,125,177,1)
1,3: (257,37522,49858,65535)  #0192C2FF  srgba(1,146,194,1)
2,3: (257,41377,52171,65535)  #01A1CBFF  srgba(1,161,203,1)
3,3: (257,43176,55255,65535)  #01A8D7FF  srgba(1,168,215,1)
4,3: (257,43433,58082,65535)  #01A9E2FF  srgba(1,169,226,1)
5,3: (257,45232,58339,65535)  #01B0E3FF  srgba(1,176,227,1)
6,3: (514,0,3855,65535)  #02000FFF  srgba(2,0,15,1)
7,3: (514,0,5911,65535)  #020017FF  srgba(2,0,23,1)
8,3: (514,1542,7967,65535)  #02061FFF  srgba(2,6,31,1)
9,3: (514,2313,9509,65535)  #020925FF  srgba(2,9,37,1)
10,3: (514,3855,10280,65535)  #020F28FF  srgba(2,15,40,1)
11,3: (771,0,771,65535)  #030003FF  srgba(3,0,3,1)
12,3: (771,0,2570,65535)  #03000AFF  srgba(3,0,10,1)
13,3: (1542,0,514,65535)  #060002FF  srgba(6,0,2,1)
14,3: (2056,0,771,65535)  #080003FF  srgba(8,0,3,1)
15,3: (2313,0,1799,65535)  #090007FF  srgba(9,0,7,1)
0,4: (2827,0,3084,65535)  #0B000CFF  srgba(11,0,12,1)
1,4: (2827,2313,7196,65535)  #0B091CFF  srgba(11,9,28,1)
2,4: (2827,2827,10537,65535)  #0B0B29FF  srgba(11,11,41,1)
3,4: (2827,6168,14906,65535)  #0B183AFF  srgba(11,24,58,1)
4,4: (3084,0,514,65535)  #0C0002FF  srgba(12,0,2,1)
5,4: (3084,0,1542,65535)  #0C0006FF  srgba(12,0,6,1)
6,4: (3084,0,2570,65535)  #0C000AFF  srgba(12,0,10,1)
7,4: (3084,4369,10537,65535)  #0C1129FF  srgba(12,17,41,1)
8,4: (3341,8738,16448,65535)  #0D2240FF  srgba(13,34,64,1)
9,4: (3341,10794,20560,65535)  #0D2A50FF  srgba(13,42,80,1)
10,4: (3341,11308,18247,65535)  #0D2C47FF  srgba(13,44,71,1)
11,4: (3341,11308,21845,65535)  #0D2C55FF  srgba(13,44,85,1)
12,4: (3341,13107,22873,65535)  #0D3359FF  srgba(13,51,89,1)
13,4: (3341,17476,28784,65535)  #0D4470FF  srgba(13,68,112,1)
14,4: (3341,41377,56283,65535)  #0DA1DBFF  srgba(13,161,219,1)
15,4: (3598,0,4883,65535)  #0E0013FF  srgba(14,0,19,1)
0,5: (3598,0,5140,65535)  #0E0014FF  srgba(14,0,20,1)
1,5: (3598,771,7710,65535)  #0E031EFF  srgba(14,3,30,1)
2,5: (3598,12850,21845,65535)  #0E3255FF  srgba(14,50,85,1)
3,5: (3598,39578,52685,65535)  #0E9ACDFF  srgba(14,154,205,1)
4,5: (4112,6682,11051,65535)  #101A2BFF  srgba(16,26,43,1)
5,5: (4112,12593,20560,65535)  #103150FF  srgba(16,49,80,1)
6,5: (4112,14392,23901,65535)  #10385DFF  srgba(16,56,93,1)
7,5: (4112,37008,47545,65535)  #1090B9FF  srgba(16,144,185,1)
8,5: (4112,44461,56797,65535)  #10ADDDFF  srgba(16,173,221,1)
9,5: (4369,0,514,65535)  #110002FF  srgba(17,0,2,1)
10,5: (4369,15420,23130,65535)  #113C5AFF  srgba(17,60,90,1)
11,5: (4626,21845,31097,65535)  #125579FF  srgba(18,85,121,1)
12,5: (4626,25443,32639,65535)  #12637FFF  srgba(18,99,127,1)
13,5: (4626,43176,52942,65535)  #12A8CEFF  srgba(18,168,206,1)
14,5: (4883,14392,20817,65535)  #133851FF  srgba(19,56,81,1)
15,5: (5140,514,3855,65535)  #14020FFF  srgba(20,2,15,1)
0,6: (5140,10537,22873,65535)  #142959FF  srgba(20,41,89,1)
1,6: (5140,11308,17990,65535)  #142C46FF  srgba(20,44,70,1)
2,6: (5140,11565,23901,65535)  #142D5DFF  srgba(20,45,93,1)
3,6: (5140,17476,24158,65535)  #14445EFF  srgba(20,68,94,1)
4,6: (5140,25957,37522,65535)  #146592FF  srgba(20,101,146,1)
5,6: (5654,11051,20303,65535)  #162B4FFF  srgba(22,43,79,1)
6,6: (5654,22873,37522,65535)  #165992FF  srgba(22,89,146,1)
7,6: (5654,26728,41634,65535)  #1668A2FF  srgba(22,104,162,1)
8,6: (5654,28270,38293,65535)  #166E95FF  srgba(22,110,149,1)
9,6: (5654,30840,39064,65535)  #167898FF  srgba(22,120,152,1)
10,6: (5654,40606,49601,65535)  #169EC1FF  srgba(22,158,193,1)
11,6: (6168,26471,43947,65535)  #1867ABFF  srgba(24,103,171,1)
12,6: (6168,31097,43690,65535)  #1879AAFF  srgba(24,121,170,1)
13,6: (6425,11308,24929,65535)  #192C61FF  srgba(25,44,97,1)
14,6: (6425,29812,41634,65535)  #1974A2FF  srgba(25,116,162,1)
15,6: (6682,8738,16962,65535)  #1A2242FF  srgba(26,34,66,1)
0,7: (6682,11051,17476,65535)  #1A2B44FF  srgba(26,43,68,1)
1,7: (6682,28527,46260,65535)  #1A6FB4FF  srgba(26,111,180,1)
2,7: (6682,33410,44461,65535)  #1A82ADFF  srgba(26,130,173,1)
3,7: (6682,33924,48830,65535)  #1A84BEFF  srgba(26,132,190,1)
4,7: (6939,10023,21845,65535)  #1B2755FF  srgba(27,39,85,1)
5,7: (6939,23130,41634,65535)  #1B5AA2FF  srgba(27,90,162,1)
6,7: (7196,0,257,65535)  #1C0001FF  srgba(28,0,1,1)
7,7: (7196,32125,41634,65535)  #1C7DA2FF  srgba(28,125,162,1)
8,7: (7710,257,771,65535)  #1E0103FF  srgba(30,1,3,1)
9,7: (7710,11308,27499,65535)  #1E2C6BFF  srgba(30,44,107,1)
10,7: (8224,29812,49858,65535)  #2074C2FF  srgba(32,116,194,1)
11,7: (8481,5911,15677,65535)  #21173DFF  srgba(33,23,61,1)
12,7: (8738,39064,58339,65535)  #2298E3FF  srgba(34,152,227,1)
13,7: (8995,0,257,65535)  #230001FF  srgba(35,0,1,1)
14,7: (8995,8224,20303,65535)  #23204FFF  srgba(35,32,79,1)
15,7: (8995,39835,54998,65535)  #239BD6FF  srgba(35,155,214,1)
0,8: (9252,30840,39064,65535)  #247898FF  srgba(36,120,152,1)
1,8: (9509,17476,29812,65535)  #254474FF  srgba(37,68,116,1)
2,8: (10537,25186,32639,65535)  #29627FFF  srgba(41,98,127,1)
3,8: (10537,28270,37779,65535)  #296E93FF  srgba(41,110,147,1)
4,8: (10537,34181,54741,65535)  #2985D5FF  srgba(41,133,213,1)
5,8: (10537,37008,47545,65535)  #2990B9FF  srgba(41,144,185,1)
6,8: (10794,22102,31611,65535)  #2A567BFF  srgba(42,86,123,1)
7,8: (11051,8224,16962,65535)  #2B2042FF  srgba(43,32,66,1)
8,8: (11051,26214,36751,65535)  #2B668FFF  srgba(43,102,143,1)
9,8: (11051,39578,52428,65535)  #2B9ACCFF  srgba(43,154,204,1)
10,8: (11308,21845,37008,65535)  #2C5590FF  srgba(44,85,144,1)
11,8: (11565,40863,49601,65535)  #2D9FC1FF  srgba(45,159,193,1)
12,8: (11565,42405,52685,65535)  #2DA5CDFF  srgba(45,165,205,1)
13,8: (12850,0,257,65535)  #320001FF  srgba(50,0,1,1)
14,8: (12850,6425,16448,65535)  #321940FF  srgba(50,25,64,1)
15,8: (13107,0,1285,65535)  #330005FF  srgba(51,0,5,1)
0,9: (13621,0,4626,65535)  #350012FF  srgba(53,0,18,1)
1,9: (14649,4369,10537,65535)  #391129FF  srgba(57,17,41,1)
2,9: (15420,771,3084,65535)  #3C030CFF  srgba(60,3,12,1)
3,9: (15420,1285,2570,65535)  #3C050AFF  srgba(60,5,10,1)
4,9: (15677,771,514,65535)  #3D0302FF  srgba(61,3,2,1)
5,9: (16705,33667,44461,65535)  #4183ADFF  srgba(65,131,173,1)
6,9: (16962,5140,14392,65535)  #421438FF  srgba(66,20,56,1)
7,9: (17219,19275,32639,65535)  #434B7FFF  srgba(67,75,127,1)
8,9: (17219,35466,52171,65535)  #438ACBFF  srgba(67,138,203,1)
9,9: (17476,34952,49601,65535)  #4488C1FF  srgba(68,136,193,1)
10,9: (17733,5654,16962,65535)  #451642FF  srgba(69,22,66,1)
11,9: (17733,8995,18761,65535)  #452349FF  srgba(69,35,73,1)
12,9: (17990,5654,21331,65535)  #461653FF  srgba(70,22,83,1)
13,9: (18247,10537,23387,65535)  #47295BFF  srgba(71,41,91,1)
14,9: (18247,11308,28013,65535)  #472C6DFF  srgba(71,44,109,1)
15,9: (18247,24415,39321,65535)  #475F99FF  srgba(71,95,153,1)
0,10: (18761,20560,38293,65535)  #495095FF  srgba(73,80,149,1)
1,10: (19018,771,771,65535)  #4A0303FF  srgba(74,3,3,1)
2,10: (19018,41120,61423,65535)  #4AA0EFFF  srgba(74,160,239,1)
3,10: (19275,31097,52428,65535)  #4B79CCFF  srgba(75,121,204,1)
4,10: (19532,17476,36494,65535)  #4C448EFF  srgba(76,68,142,1)
5,10: (19532,23387,45489,65535)  #4C5BB1FF  srgba(76,91,177,1)
6,10: (20046,32639,55512,65535)  #4E7FD8FF  srgba(78,127,216,1)
7,10: (20303,15934,26728,65535)  #4F3E68FF  srgba(79,62,104,1)
8,10: (20817,16448,29812,65535)  #514074FF  srgba(81,64,116,1)
9,10: (21331,514,2827,65535)  #53020BFF  srgba(83,2,11,1)
10,10: (21331,771,6168,65535)  #530318FF  srgba(83,3,24,1)
11,10: (21331,26985,46774,65535)  #5369B6FF  srgba(83,105,182,1)
12,10: (21588,4626,10023,65535)  #541227FF  srgba(84,18,39,1)
13,10: (21845,15677,32125,65535)  #553D7DFF  srgba(85,61,125,1)
14,10: (21845,35980,58339,65535)  #558CE3FF  srgba(85,140,227,1)
15,10: (22102,2313,3598,65535)  #56090EFF  srgba(86,9,14,1)
0,11: (22102,2570,9252,65535)  #560A24FF  srgba(86,10,36,1)
1,11: (22359,1285,1028,65535)  #570504FF  srgba(87,5,4,1)
2,11: (22359,4369,14392,65535)  #571138FF  srgba(87,17,56,1)
3,11: (23130,27756,50886,65535)  #5A6CC6FF  srgba(90,108,198,1)
4,11: (24672,11565,28527,65535)  #602D6FFF  srgba(96,45,111,1)
5,11: (24672,23387,45489,65535)  #605BB1FF  srgba(96,91,177,1)
6,11: (25186,18247,32382,65535)  #62477EFF  srgba(98,71,126,1)
7,11: (25700,30840,49601,65535)  #6478C1FF  srgba(100,120,193,1)
8,11: (25957,21845,39835,65535)  #65559BFF  srgba(101,85,155,1)
9,11: (26214,40606,62708,65535)  #669EF4FF  srgba(102,158,244,1)
10,11: (26471,30840,46260,65535)  #6778B4FF  srgba(103,120,180,1)
11,11: (26728,1028,3855,65535)  #68040FFF  srgba(104,4,15,1)
12,11: (26728,30840,52428,65535)  #6878CCFF  srgba(104,120,204,1)
13,11: (26985,3598,5140,65535)  #690E14FF  srgba(105,14,20,1)
14,11: (26985,6168,22616,65535)  #691858FF  srgba(105,24,88,1)
15,11: (27499,4883,16962,65535)  #6B1342FF  srgba(107,19,66,1)
0,12: (27756,5654,19275,65535)  #6C164BFF  srgba(108,22,75,1)
1,12: (28013,9252,19789,65535)  #6D244DFF  srgba(109,36,77,1)
2,12: (28013,16962,36494,65535)  #6D428EFF  srgba(109,66,142,1)
3,12: (28270,10794,23644,65535)  #6E2A5CFF  srgba(110,42,92,1)
4,12: (28784,3084,11051,65535)  #700C2BFF  srgba(112,12,43,1)
5,12: (28784,14906,32125,65535)  #703A7DFF  srgba(112,58,125,1)
6,12: (29298,4112,14135,65535)  #721037FF  srgba(114,16,55,1)
7,12: (29298,15163,28013,65535)  #723B6DFF  srgba(114,59,109,1)
8,12: (29812,5397,10794,65535)  #74152AFF  srgba(116,21,42,1)
9,12: (29812,32639,56283,65535)  #747FDBFF  srgba(116,127,219,1)
10,12: (30069,27242,50629,65535)  #756AC5FF  srgba(117,106,197,1)
11,12: (30326,12336,29041,65535)  #763071FF  srgba(118,48,113,1)
12,12: (30326,25443,46003,65535)  #7663B3FF  srgba(118,99,179,1)
13,12: (30840,22359,39578,65535)  #78579AFF  srgba(120,87,154,1)
14,12: (30840,38807,61937,65535)  #7897F1FF  srgba(120,151,241,1)
15,12: (31868,2827,4369,65535)  #7C0B11FF  srgba(124,11,17,1)
0,13: (32382,4112,7967,65535)  #7E101FFF  srgba(126,16,31,1)
1,13: (34438,3598,11565,65535)  #860E2DFF  srgba(134,14,45,1)
2,13: (34952,4883,11308,65535)  #88132CFF  srgba(136,19,44,1)
3,13: (35466,4369,13364,65535)  #8A1134FF  srgba(138,17,52,1)
4,13: (35466,4626,15677,65535)  #8A123DFF  srgba(138,18,61,1)
5,13: (35466,5911,19532,65535)  #8A174CFF  srgba(138,23,76,1)
6,13: (35466,16191,30583,65535)  #8A3F77FF  srgba(138,63,119,1)
7,13: (35466,18504,37008,65535)  #8A4890FF  srgba(138,72,144,1)
8,13: (35466,26985,49344,65535)  #8A69C0FF  srgba(138,105,192,1)
9,13: (35723,10794,23130,65535)  #8B2A5AFF  srgba(139,42,90,1)
10,13: (35723,11822,28527,65535)  #8B2E6FFF  srgba(139,46,111,1)
11,13: (35723,22359,40863,65535)  #8B579FFF  srgba(139,87,159,1)
12,13: (35723,25957,44204,65535)  #8B65ACFF  srgba(139,101,172,1)
13,13: (35723,29555,53970,65535)  #8B73D2FF  srgba(139,115,210,1)
14,13: (35980,12079,26214,65535)  #8C2F66FF  srgba(140,47,102,1)
15,13: (35980,32896,54998,65535)  #8C80D6FF  srgba(140,128,214,1)
0,14: (36237,33924,58339,65535)  #8D84E3FF  srgba(141,132,227,1)
1,14: (36237,35466,61166,65535)  #8D8AEEFF  srgba(141,138,238,1)
2,14: (36237,38807,62708,65535)  #8D97F4FF  srgba(141,151,244,1)
3,14: (38293,4369,9509,65535)  #951125FF  srgba(149,17,37,1)
4,14: (38293,4626,11822,65535)  #95122EFF  srgba(149,18,46,1)
5,14: (39064,5397,15163,65535)  #98153BFF  srgba(152,21,59,1)
6,14: (39578,11051,25186,65535)  #9A2B62FF  srgba(154,43,98,1)
7,14: (39578,12593,28527,65535)  #9A316FFF  srgba(154,49,111,1)
8,14: (39578,25957,46774,65535)  #9A65B6FF  srgba(154,101,182,1)
9,14: (39578,29555,53199,65535)  #9A73CFFF  srgba(154,115,207,1)
10,14: (39835,36494,61166,65535)  #9B8EEEFF  srgba(155,142,238,1)
11,14: (40606,20046,37779,65535)  #9E4E93FF  srgba(158,78,147,1)
12,14: (40606,24672,41634,65535)  #9E60A2FF  srgba(158,96,162,1)
13,14: (40606,33410,55255,65535)  #9E82D7FF  srgba(158,130,215,1)
14,14: (41120,9252,24929,65535)  #A02461FF  srgba(160,36,97,1)
15,14: (41377,5911,16448,65535)  #A11740FF  srgba(161,23,64,1)
0,15: (41377,11565,26728,65535)  #A12D68FF  srgba(161,45,104,1)
1,15: (41891,4883,10537,65535)  #A31329FF  srgba(163,19,41,1)
2,15: (42148,27756,49344,65535)  #A46CC0FF  srgba(164,108,192,1)
3,15: (42662,36494,61166,65535)  #A68EEEFF  srgba(166,142,238,1)
4,15: (43433,10794,23901,65535)  #A92A5DFF  srgba(169,42,93,1)
5,15: (44204,34181,53970,65535)  #AC85D2FF  srgba(172,133,210,1)
6,15: (44461,9252,25186,65535)  #AD2462FF  srgba(173,36,98,1)
7,15: (44718,15420,30326,65535)  #AE3C76FF  srgba(174,60,118,1)
8,15: (45489,6939,16705,65535)  #B11B41FF  srgba(177,27,65,1)
9,15: (46003,24415,40863,65535)  #B35F9FFF  srgba(179,95,159,1)
10,15: (46260,28013,48059,65535)  #B46DBBFF  srgba(180,109,187,1)
11,15: (46517,20303,38293,65535)  #B54F95FF  srgba(181,79,149,1)
12,15: (46774,5397,9509,65535)  #B61525FF  srgba(182,21,37,1)
13,15: (49087,34181,52428,65535)  #BF85CCFF  srgba(191,133,204,1)
14,15: (50115,5654,10280,65535)  #C31628FF  srgba(195,22,40,1)
15,15: (0,65535,0,0)  #00FF0000  srgba(0,255,0,0)
