# ImageMagick pixel enumeration: 16,16,65535,srgba
0,0: (0,0,0,65535)  #000000FF  black
1,0: (0,0,771,65535)  #000003FF  srgba(0,0,3,1)
2,0: (0,0,2570,65535)  #00000AFF  srgba(0,0,10,1)
3,0: (0,0,5140,65535)  #000014FF  srgba(0,0,20,1)
4,0: (0,0,6168,65535)  #000018FF  srgba(0,0,24,1)
5,0: (0,0,7967,65535)  #00001FFF  srgba(0,0,31,1)
6,0: (0,514,11308,65535)  #00022CFF  srgba(0,2,44,1)
7,0: (0,1028,1799,65535)  #000407FF  srgba(0,4,7,1)
8,0: (0,1799,8224,65535)  #000720FF  srgba(0,7,32,1)
9,0: (0,8995,12850,65535)  #002332FF  srgba(0,35,50,1)
10,0: (0,11051,2570,65535)  #002B0AFF  srgba(0,43,10,1)
11,0: (0,19789,11051,65535)  #004D2BFF  srgba(0,77,43,1)
12,0: (0,20303,5654,65535)  #004F16FF  srgba(0,79,22,1)
13,0: (0,22102,9766,65535)  #005626FF  srgba(0,86,38,1)
14,0: (0,22102,15163,65535)  #00563BFF  srgba(0,86,59,1)
15,0: (0,23644,4883,65535)  #005C13FF  srgba(0,92,19,1)
0,1: (0,23901,11308,65535)  #005D2CFF  srgba(0,93,44,1)
1,1: (0,24158,16705,65535)  #005E41FF  srgba(0,94,65,1)
2,1: (0,25957,12850,65535)  #006532FF  srgba(0,101,50,1)
3,1: (0,26214,8995,65535)  #006623FF  srgba(0,102,35,1)
4,1: (0,26985,20046,65535)  #00694EFF  srgba(0,105,78,1)
5,1: (0,27242,15934,65535)  #006A3EFF  srgba(0,106,62,1)
6,1: (0,27499,771,65535)  #006B03FF  srgba(0,107,3,1)
7,1: (0,27499,5911,65535)  #006B17FF  srgba(0,107,23,1)
8,1: (0,28784,9252,65535)  #007024FF  srgba(0,112,36,1)
9,1: (0,28784,12850,65535)  #007032FF  srgba(0,112,50,1)
10,1: (0,31097,12336,65535)  #007930FF  srgba(0,121,48,1)
11,1: (0,31611,7196,65535)  #007B1CFF  srgba(0,123,28,1)
12,1: (0,31868,6682,65535)  #007C1AFF  srgba(0,124,26,1)
13,1: (0,32125,514,65535)  #007D02FF  srgba(0,125,2,1)
14,1: (0,32382,771,65535)  #007E03FF  srgba(0,126,3,1)
15,1: (0,32382,16448,65535)  #007E40FF  srgba(0,126,64,1)
0,2: (0,35209,514,65535)  #008902FF  srgba(0,137,2,1)
1,2: (0,35209,6682,65535)  #00891AFF  srgba(0,137,26,1)
2,2: (0,35466,2570,65535)  #008A0AFF  srgba(0,138,10,1)
3,2: (0,37008,3855,65535)  #00900FFF  srgba(0,144,15,1)
4,2: (257,0,1799,65535)  #010007FF  srgba(1,0,7,1)
5,2: (514,0,4626,65535)  #020012FF  srgba(2,0,18,1)
6,2: (514,31097,12593,65535)  #027931FF  srgba(2,121,49,1)
7,2: (514,31868,6939,65535)  #027C1BFF  srgba(2,124,27,1)
8,2: (514,32125,771,65535)  #027D03FF  srgba(2,125,3,1)
9,2: (514,34181,12593,65535)  #028531FF  srgba(2,133,49,1)
10,2: (771,36494,16962,65535)  #038E42FF  srgba(3,142,66,1)
11,2: (1285,32382,16448,65535)  #057E40FF  srgba(5,126,64,1)
12,2: (1285,32896,19275,65535)  #05804BFF  srgba(5,128,75,1)
13,2: (1285,36751,12593,65535)  #058F31FF  srgba(5,143,49,1)
14,2: (1285,38550,4883,65535)  #059613FF  srgba(5,150,19,1)
15,2: (1285,39321,16962,65535)  #059942FF  srgba(5,153,66,1)
0,3: (1542,27499,17733,65535)  #066B45FF  srgba(6,107,69,1)
1,3: (1542,36751,21074,65535)  #068F52FF  srgba(6,143,82,1)
2,3: (1799,37522,3855,65535)  #07920FFF  srgba(7,146,15,1)
3,3: (1799,39064,21845,65535)  #079855FF  srgba(7,152,85,1)
4,3: (2056,0,1028,65535)  #080004FF  srgba(8,0,4,1)
5,3: (2056,32896,21331,65535)  #088053FF  srgba(8,128,83,1)
6,3: (2056,35209,3598,65535)  #08890EFF  srgba(8,137,14,1)
7,3: (2313,38550,12593,65535)  #099631FF  srgba(9,150,49,1)
8,3: (2570,0,10794,65535)  #0A002AFF  srgba(10,0,42,1)
9,3: (2570,13878,4626,65535)  #0A3612FF  srgba(10,54,18,1)
10,3: (2570,21331,9252,65535)  #0A5324FF  srgba(10,83,36,1)
11,3: (2570,40863,22359,65535)  #0A9F57FF  srgba(10,159,87,1)
12,3: (2827,771,2056,65535)  #0B0308FF  srgba(11,3,8,1)
13,3: (2827,4883,2570,65535)  #0B130AFF  srgba(11,19,10,1)
14,3: (2827,27756,11051,65535)  #0B6C2BFF  srgba(11,108,43,1)
15,3: (3084,514,8224,65535)  #0C0220FF  srgba(12,2,32,1)
0,4: (3084,28013,4369,65535)  #0C6D11FF  srgba(12,109,17,1)
1,4: (3084,32382,23644,65535)  #0C7E5CFF  srgba(12,126,92,1)
2,4: (3598,0,13364,65535)  #0E0034FF  srgba(14,0,52,1)
3,4: (3855,0,8224,65535)  #0F0020FF  srgba(15,0,32,1)
4,4: (3855,14392,11308,65535)  #0F382CFF  srgba(15,56,44,1)
5,4: (3855,23387,17476,65535)  #0F5B44FF  srgba(15,91,68,1)
6,4: (3855,27242,23644,65535)  #0F6A5CFF  srgba(15,106,92,1)
7,4: (4112,6425,8995,65535)  #101923FF  srgba(16,25,35,1)
8,4: (4626,40863,12593,65535)  #129F31FF  srgba(18,159,49,1)
9,4: (4883,0,5140,65535)  #130014FF  srgba(19,0,20,1)
10,4: (4883,6168,16191,65535)  #13183FFF  srgba(19,24,63,1)
11,4: (5140,13621,17990,65535)  #143546FF  srgba(20,53,70,1)
12,4: (5140,19018,19275,65535)  #144A4BFF  srgba(20,74,75,1)
13,4: (5140,23387,22616,65535)  #145B58FF  srgba(20,91,88,1)
14,4: (5654,0,1285,65535)  #160005FF  srgba(22,0,5,1)
15,4: (5654,27242,17990,65535)  #166A46FF  srgba(22,106,70,1)
0,5: (5654,32382,2313,65535)  #167E09FF  srgba(22,126,9,1)
1,5: (5911,31868,6425,65535)  #177C19FF  srgba(23,124,25,1)
2,5: (6425,39835,5140,65535)  #199B14FF  srgba(25,155,20,1)
3,5: (6939,37265,3855,65535)  #1B910FFF  srgba(27,145,15,1)
4,5: (7196,35466,3598,65535)  #1C8A0EFF  srgba(28,138,14,1)
5,5: (7196,41377,5654,65535)  #1CA116FF  srgba(28,161,22,1)
6,5: (7453,38807,4626,65535)  #1D9712FF  srgba(29,151,18,1)
7,5: (10023,6939,10280,65535)  #271B28FF  srgba(39,27,40,1)
8,5: (10794,3084,3598,65535)  #2A0C0EFF  srgba(42,12,14,1)
9,5: (12850,40863,4883,65535)  #329F13FF  srgba(50,159,19,1)
10,5: (13107,0,2056,65535)  #330008FF  srgba(51,0,8,1)
11,5: (13107,14906,12336,65535)  #333A30FF  srgba(51,58,48,1)
12,5: (13107,27499,4883,65535)  #336B13FF  srgba(51,107,19,1)
13,5: (13364,15934,6939,65535)  #343E1BFF  srgba(52,62,27,1)
14,5: (13621,33153,4112,65535)  #358110FF  srgba(53,129,16,1)
15,5: (13621,37779,3598,65535)  #35930EFF  srgba(53,147,14,1)
0,6: (13621,41377,12850,65535)  #35A132FF  srgba(53,161,50,1)
1,6: (13878,0,7710,65535)  #36001EFF  srgba(54,0,30,1)
2,6: (13878,20303,22359,65535)  #364F57FF  srgba(54,79,87,1)
3,6: (13878,26471,17990,65535)  #366746FF  srgba(54,103,70,1)
4,6: (13878,26985,11308,65535)  #36692CFF  srgba(54,105,44,1)
5,6: (14135,14135,21588,65535)  #373754FF  srgba(55,55,84,1)
6,6: (14649,8738,15934,65535)  #39223EFF  srgba(57,34,62,1)
7,6: (14649,34695,10023,65535)  #398727FF  srgba(57,135,39,1)
8,6: (14906,26728,25186,65535)  #3A6862FF  srgba(58,104,98,1)
9,6: (14906,34438,17219,65535)  #3A8643FF  srgba(58,134,67,1)
10,6: (15163,34695,28784,65535)  #3B8770FF  srgba(59,135,112,1)
11,6: (15420,18247,16191,65535)  #3C473FFF  srgba(60,71,63,1)
12,6: (15420,35980,22102,65535)  #3C8C56FF  srgba(60,140,86,1)
13,6: (15934,45489,7967,65535)  #3EB11FFF  srgba(62,177,31,1)
14,6: (16705,4369,10794,65535)  #41112AFF  srgba(65,17,42,1)
15,6: (17476,2313,3855,65535)  #44090FFF  srgba(68,9,15,1)
0,7: (18761,0,10537,65535)  #490029FF  srgba(73,0,41,1)
1,7: (18761,44718,16191,65535)  #49AE3FFF  srgba(73,174,63,1)
2,7: (19532,0,13621,65535)  #4C0035FF  srgba(76,0,53,1)
3,7: (20303,49344,16448,65535)  #4FC040FF  srgba(79,192,64,1)
4,7: (21331,26985,8481,65535)  #536921FF  srgba(83,105,33,1)
5,7: (21588,0,1799,65535)  #540007FF  srgba(84,0,7,1)
6,7: (22102,21845,9766,65535)  #565526FF  srgba(86,85,38,1)
7,7: (22359,25700,17476,65535)  #576444FF  srgba(87,100,68,1)
8,7: (22359,41377,3598,65535)  #57A10EFF  srgba(87,161,14,1)
9,7: (22616,34952,7967,65535)  #58881FFF  srgba(88,136,31,1)
10,7: (22873,0,7710,65535)  #59001EFF  srgba(89,0,30,1)
11,7: (22873,35209,27756,65535)  #59896CFF  srgba(89,137,108,1)
12,7: (23130,35209,1542,65535)  #5A8906FF  srgba(90,137,6,1)
13,7: (23130,45746,5911,65535)  #5AB217FF  srgba(90,178,23,1)
14,7: (23130,48059,23387,65535)  #5ABB5BFF  srgba(90,187,91,1)
15,7: (24158,34438,16448,65535)  #5E8640FF  srgba(94,134,64,1)
0,8: (24415,36237,22102,65535)  #5F8D56FF  srgba(95,141,86,1)
1,8: (24929,2313,4883,65535)  #610913FF  srgba(97,9,19,1)
2,8: (25700,4369,11308,65535)  #64112CFF  srgba(100,17,44,1)
3,8: (25957,20560,23901,65535)  #65505DFF  srgba(101,80,93,1)
4,8: (26214,41377,14906,65535)  #66A13AFF  srgba(102,161,58,1)
5,8: (26985,13107,24929,65535)  #693361FF  srgba(105,51,97,1)
6,8: (26985,28013,6682,65535)  #696D1AFF  srgba(105,109,26,1)
7,8: (26985,34952,2056,65535)  #698808FF  srgba(105,136,8,1)
8,8: (27242,26728,28013,65535)  #6A686DFF  srgba(106,104,109,1)
9,8: (27499,10280,20046,65535)  #6B284EFF  srgba(107,40,78,1)
10,8: (27499,26214,22873,65535)  #6B6659FF  srgba(107,102,89,1)
11,8: (27756,41377,4626,65535)  #6CA112FF  srgba(108,161,18,1)
12,8: (28270,34952,9252,65535)  #6E8824FF  srgba(110,136,36,1)
13,8: (28527,44461,6168,65535)  #6FAD18FF  srgba(111,173,24,1)
14,8: (28784,16191,16191,65535)  #703F3FFF  srgba(112,63,63,1)
15,8: (28784,45232,16448,65535)  #70B040FF  srgba(112,176,64,1)
0,9: (29298,34438,16705,65535)  #728641FF  srgba(114,134,65,1)
1,9: (29555,3855,15677,65535)  #730F3DFF  srgba(115,15,61,1)
2,9: (29812,26985,17733,65535)  #746945FF  srgba(116,105,69,1)
3,9: (29812,48573,7196,65535)  #74BD1CFF  srgba(116,189,28,1)
4,9: (29812,52171,16962,65535)  #74CB42FF  srgba(116,203,66,1)
5,9: (30326,0,5654,65535)  #760016FF  srgba(118,0,22,1)
6,9: (31611,50372,23644,65535)  #7BC45CFF  srgba(123,196,92,1)
7,9: (33153,16962,10280,65535)  #814228FF  srgba(129,66,40,1)
8,9: (33410,0,14392,65535)  #820038FF  srgba(130,0,56,1)
9,9: (33410,35980,24672,65535)  #828C60FF  srgba(130,140,96,1)
10,9: (33667,4369,9509,65535)  #831125FF  srgba(131,17,37,1)
11,9: (33667,35209,28527,65535)  #83896FFF  srgba(131,137,111,1)
12,9: (33667,36751,22102,65535)  #838F56FF  srgba(131,143,86,1)
13,9: (36751,0,6168,65535)  #8F0018FF  srgba(143,0,24,1)
14,9: (36751,46774,23387,65535)  #8FB65BFF  srgba(143,182,91,1)
15,9: (36751,56026,23130,65535)  #8FDA5AFF  srgba(143,218,90,1)
0,10: (37265,0,10794,65535)  #91002AFF  srgba(145,0,42,1)
1,10: (37265,37265,7710,65535)  #91911EFF  srgba(145,145,30,1)
2,10: (37522,41634,7196,65535)  #92A21CFF  srgba(146,162,28,1)
3,10: (37779,35980,17476,65535)  #938C44FF  srgba(147,140,68,1)
4,10: (37779,43690,16962,65535)  #93AA42FF  srgba(147,170,66,1)
5,10: (37779,45746,6939,65535)  #93B21BFF  srgba(147,178,27,1)
6,10: (39064,49858,5911,65535)  #98C217FF  srgba(152,194,23,1)
7,10: (39321,49858,17990,65535)  #99C246FF  srgba(153,194,70,1)
8,10: (39321,56283,17990,65535)  #99DB46FF  srgba(153,219,70,1)
9,10: (39578,51400,12079,65535)  #9AC82FFF  srgba(154,200,47,1)
10,10: (40092,0,14392,65535)  #9C0038FF  srgba(156,0,56,1)
11,10: (40349,56283,21588,65535)  #9DDB54FF  srgba(157,219,84,1)
12,10: (40606,0,5397,65535)  #9E0015FF  srgba(158,0,21,1)
13,10: (40606,47288,24672,65535)  #9EB860FF  srgba(158,184,96,1)
14,10: (40606,47545,21588,65535)  #9EB954FF  srgba(158,185,84,1)
15,10: (40863,3598,12593,65535)  #9F0E31FF  srgba(159,14,49,1)
0,11: (40863,20560,8738,65535)  #9F5022FF  srgba(159,80,34,1)
1,11: (40863,58339,24158,65535)  #9FE35EFF  srgba(159,227,94,1)
2,11: (41634,6168,7967,65535)  #A2181FFF  srgba(162,24,31,1)
3,11: (41891,40092,18761,65535)  #A39C49FF  srgba(163,156,73,1)
4,11: (41891,42662,11051,65535)  #A3A62BFF  srgba(163,166,43,1)
5,11: (42148,13364,8481,65535)  #A43421FF  srgba(164,52,33,1)
6,11: (42148,35723,21588,65535)  #A48B54FF  srgba(164,139,84,1)
7,11: (42148,37008,29298,65535)  #A49072FF  srgba(164,144,114,1)
8,11: (42405,21845,13107,65535)  #A55533FF  srgba(165,85,51,1)
9,11: (42405,23130,20560,65535)  #A55A50FF  srgba(165,90,80,1)
10,11: (42405,38807,23644,65535)  #A5975CFF  srgba(165,151,92,1)
11,11: (42405,40606,21845,65535)  #A59E55FF  srgba(165,158,85,1)
12,11: (42662,25443,26728,65535)  #A66368FF  srgba(166,99,104,1)
13,11: (42662,38550,25443,65535)  #A69663FF  srgba(166,150,99,1)
14,11: (43433,1799,8995,65535)  #A90723FF  srgba(169,7,35,1)
15,11: (43690,47545,22102,65535)  #AAB956FF  srgba(170,185,86,1)
0,12: (43947,11051,12850,65535)  #AB2B32FF  srgba(171,43,50,1)
1,12: (43947,48059,24415,65535)  #ABBB5FFF  srgba(171,187,95,1)
2,12: (43947,57311,22102,65535)  #ABDF56FF  srgba(171,223,86,1)
3,12: (43947,59624,24415,65535)  #ABE85FFF  srgba(171,232,95,1)
4,12: (44204,1542,5397,65535)  #AC0615FF  srgba(172,6,21,1)
5,12: (44204,4626,16191,65535)  #AC123FFF  srgba(172,18,63,1)
6,12: (44204,9766,8224,65535)  #AC2620FF  srgba(172,38,32,1)
7,12: (44204,21331,16448,65535)  #AC5340FF  srgba(172,83,64,1)
8,12: (44204,47545,27242,65535)  #ACB96AFF  srgba(172,185,106,1)
9,12: (44204,59881,26471,65535)  #ACE967FF  srgba(172,233,103,1)
10,12: (44461,15420,13107,65535)  #AD3C33FF  srgba(173,60,51,1)
11,12: (44975,0,4626,65535)  #AF0012FF  srgba(175,0,18,1)
12,12: (44975,0,9766,65535)  #AF0026FF  srgba(175,0,38,1)
13,12: (44975,0,13621,65535)  #AF0035FF  srgba(175,0,53,1)
14,12: (44975,8481,22616,65535)  #AF2158FF  srgba(175,33,88,1)
15,12: (45232,0,7710,65535)  #B0001EFF  srgba(176,0,30,1)
0,13: (45232,14392,16191,65535)  #B0383FFF  srgba(176,56,63,1)
1,13: (45232,50115,13364,65535)  #B0C334FF  srgba(176,195,52,1)
2,13: (45746,3084,12850,65535)  #B20C32FF  srgba(178,12,50,1)
3,13: (45746,38550,17733,65535)  #B29645FF  srgba(178,150,69,1)
4,13: (46003,6682,18761,65535)  #B31A49FF  srgba(179,26,73,1)
5,13: (46003,45489,16191,65535)  #B3B13FFF  srgba(179,177,63,1)
6,13: (46003,55769,14135,65535)  #B3D937FF  srgba(179,217,55,1)
7,13: (46260,6425,7453,65535)  #B4191DFF  srgba(180,25,29,1)
8,13: (46517,50886,19018,65535)  #B5C64AFF  srgba(181,198,74,1)
9,13: (46774,39064,22616,65535)  #B69858FF  srgba(182,152,88,1)
10,13: (46774,54484,22873,65535)  #B6D459FF  srgba(182,212,89,1)
11,13: (46774,58082,26471,65535)  #B6E267FF  srgba(182,226,103,1)
12,13: (46774,61166,23387,65535)  #B6EE5BFF  srgba(182,238,91,1)
13,13: (47031,58596,19018,65535)  #B7E44AFF  srgba(183,228,74,1)
14,13: (48059,46517,22616,65535)  #BBB558FF  srgba(187,181,88,1)
15,13: (48059,47031,25957,65535)  #BBB765FF  srgba(187,183,101,1)
0,14: (48316,40606,25957,65535)  #BC9E65FF  srgba(188,158,101,1)
1,14: (48316,58596,28013,65535)  #BCE46DFF  srgba(188,228,109,1)
2,14: (48573,44204,27756,65535)  #BDAC6CFF  srgba(189,172,108,1)
3,14: (48830,58596,29041,65535)  #BEE471FF  srgba(190,228,113,1)
4,14: (49087,54998,22873,65535)  #BFD659FF  srgba(191,214,89,1)
5,14: (49087,59110,26471,65535)  #BFE667FF  srgba(191,230,103,1)
6,14: (49087,61166,23130,65535)  #BFEE5AFF  srgba(191,238,90,1)
7,14: (49344,39064,22616,65535)  #C09858FF  srgba(192,152,88,1)
8,14: (49344,44204,28784,65535)  #C0AC70FF  srgba(192,172,112,1)
9,14: (49601,13364,9509,65535)  #C13425FF  srgba(193,52,37,1)
10,14: (49858,0,6425,65535)  #C20019FF  srgba(194,0,25,1)
11,14: (49858,44204,29812,65535)  #C2AC74FF  srgba(194,172,116,1)
12,14: (49858,57054,31354,65535)  #C2DE7AFF  srgba(194,222,122,1)
13,14: (50115,0,9252,65535)  #C30024FF  srgba(195,0,36,1)
14,14: (50115,1542,6168,65535)  #C30618FF  srgba(195,6,24,1)
15,14: (50372,0,11308,65535)  #C4002CFF  srgba(196,0,44,1)
0,15: (50372,0,14135,65535)  #C40037FF  srgba(196,0,55,1)
1,15: (50372,0,17733,65535)  #C40045FF  srgba(196,0,69,1)
2,15: (50372,1799,9252,65535)  #C40724FF  srgba(196,7,36,1)
3,15: (50372,3598,12593,65535)  #C40E31FF  srgba(196,14,49,1)
4,15: (50372,6168,8224,65535)  #C41820FF  srgba(196,24,32,1)
5,15: (50372,9766,8738,65535)  #C42622FF  srgba(196,38,34,1)
6,15: (50629,5397,16191,65535)  #C5153FFF  srgba(197,21,63,1)
7,15: (50886,13621,12850,65535)  #C63532FF  srgba(198,53,50,1)
8,15: (50886,16448,16448,65535)  #C64040FF  srgba(198,64,64,1)
9,15: (50886,21074,19789,65535)  #C6524DFF  srgba(198,82,77,1)
10,15: (51143,6939,19018,65535)  #C71B4AFF  srgba(199,27,74,1)
11,15: (51657,24415,25700,65535)  #C95F64FF  srgba(201,95,100,1)
12,15: (52685,6682,22359,65535)  #CD1A57FF  srgba(205,26,87,1)
13,15: (53713,40092,32896,65535)  #D19C80FF  srgba(209,156,128,1)
14,15: (56026,24158,31097,65535)  #DA5E79FF  srgba(218,94,121,1)
15,15: (0,65535,0,0)  #00FF0000  srgba(0,255,0,0)
