# ImageMagick pixel enumeration: 16,16,65535,srgba
0,0: (0,0,0,65535)  #000000FF  black
1,0: (0,514,514,65535)  #000202FF  srgba(0,2,2,1)
2,0: (0,1799,0,65535)  #000700FF  srgba(0,7,0,1)
3,0: (0,2570,0,65535)  #000A00FF  srgba(0,10,0,1)
4,0: (0,3598,771,65535)  #000E03FF  srgba(0,14,3,1)
5,0: (0,4883,0,65535)  #001300FF  srgba(0,19,0,1)
6,0: (0,5911,0,65535)  #001700FF  srgba(0,23,0,1)
7,0: (0,6168,1028,65535)  #001804FF  srgba(0,24,4,1)
8,0: (0,9252,0,65535)  #002400FF  srgba(0,36,0,1)
9,0: (257,2827,0,65535)  #010B00FF  srgba(1,11,0,1)
10,0: (514,257,0,65535)  #020100FF  srgba(2,1,0,1)
11,0: (514,2570,0,65535)  #020A00FF  srgba(2,10,0,1)
12,0: (771,11822,1542,65535)  #032E06FF  srgba(3,46,6,1)
13,0: (771,14135,0,65535)  #033700FF  srgba(3,55,0,1)
14,0: (1028,16448,1799,65535)  #044007FF  srgba(4,64,7,1)
15,0: (1028,20046,0,65535)  #044E00FF  srgba(4,78,0,1)
0,1: (1799,2827,0,65535)  #070B00FF  srgba(7,11,0,1)
1,1: (2056,7196,0,65535)  #081C00FF  srgba(8,28,0,1)
2,1: (2313,10537,9509,65535)  #092925FF  srgba(9,41,37,1)
3,1: (2313,22616,2570,65535)  #09580AFF  srgba(9,88,10,1)
4,1: (3341,1799,1028,65535)  #0D0704FF  srgba(13,7,4,1)
5,1: (3598,7453,2313,65535)  #0E1D09FF  srgba(14,29,9,1)
6,1: (4369,0,0,65535)  #110000FF  srgba(17,0,0,1)
7,1: (4369,8224,0,65535)  #112000FF  srgba(17,32,0,1)
8,1: (5397,16448,17733,65535)  #154045FF  srgba(21,64,69,1)
9,1: (5397,28784,0,65535)  #157000FF  srgba(21,112,0,1)
10,1: (6939,12079,2827,65535)  #1B2F0BFF  srgba(27,47,11,1)
11,1: (7196,16448,2570,65535)  #1C400AFF  srgba(28,64,10,1)
12,1: (7710,3084,0,65535)  #1E0C00FF  srgba(30,12,0,1)
13,1: (7710,26728,10023,65535)  #1E6827FF  srgba(30,104,39,1)
14,1: (8224,7967,0,65535)  #201F00FF  srgba(32,31,0,1)
15,1: (8224,18761,10023,65535)  #204927FF  srgba(32,73,39,1)
0,2: (8738,19018,0,65535)  #224A00FF  srgba(34,74,0,1)
1,2: (8738,23644,3341,65535)  #225C0DFF  srgba(34,92,13,1)
2,2: (9252,0,0,65535)  #240000FF  srgba(36,0,0,1)
3,2: (9252,32639,3084,65535)  #247F0CFF  srgba(36,127,12,1)
4,2: (11822,1028,2313,65535)  #2E0409FF  srgba(46,4,9,1)
5,2: (12593,4883,4369,65535)  #311311FF  srgba(49,19,17,1)
6,2: (12593,38807,0,65535)  #319700FF  srgba(49,151,0,1)
7,2: (13878,28013,10280,65535)  #366D28FF  srgba(54,109,40,1)
8,2: (14135,0,0,65535)  #370000FF  srgba(55,0,0,1)
9,2: (14135,46260,0,65535)  #37B400FF  srgba(55,180,0,1)
10,2: (14392,34181,0,65535)  #388500FF  srgba(56,133,0,1)
11,2: (14906,7453,0,65535)  #3A1D00FF  srgba(58,29,0,1)
12,2: (15420,11308,8995,65535)  #3C2C23FF  srgba(60,44,35,1)
13,2: (15420,40606,3341,65535)  #3C9E0DFF  srgba(60,158,13,1)
14,2: (15934,6939,3855,65535)  #3E1B0FFF  srgba(62,27,15,1)
15,2: (16191,29041,18504,65535)  #3F7148FF  srgba(63,113,72,1)
0,3: (16191,36751,18761,65535)  #3F8F49FF  srgba(63,143,73,1)
1,3: (16448,1799,2056,65535)  #400708FF  srgba(64,7,8,1)
2,3: (16705,48830,3084,65535)  #41BE0CFF  srgba(65,190,12,1)
3,3: (16962,30069,0,65535)  #427500FF  srgba(66,117,0,1)
4,3: (16962,40863,10023,65535)  #429F27FF  srgba(66,159,39,1)
5,3: (17476,14392,4112,65535)  #443810FF  srgba(68,56,16,1)
6,3: (17733,20046,9766,65535)  #454E26FF  srgba(69,78,38,1)
7,3: (17733,24929,18504,65535)  #456148FF  srgba(69,97,72,1)
8,3: (18247,21331,3598,65535)  #47530EFF  srgba(71,83,14,1)
9,3: (18247,26471,3084,65535)  #47670CFF  srgba(71,103,12,1)
10,3: (18761,20046,17476,65535)  #494E44FF  srgba(73,78,68,1)
11,3: (18761,20303,0,65535)  #494F00FF  srgba(73,79,0,1)
12,3: (18761,27499,10280,65535)  #496B28FF  srgba(73,107,40,1)
13,3: (19018,0,0,65535)  #4A0000FF  srgba(74,0,0,1)
14,3: (19532,32382,3598,65535)  #4C7E0EFF  srgba(76,126,14,1)
15,3: (20046,0,514,65535)  #4E0002FF  srgba(78,0,2,1)
0,4: (20817,2827,0,65535)  #510B00FF  srgba(81,11,0,1)
1,4: (20817,30326,0,65535)  #517600FF  srgba(81,118,0,1)
2,4: (21588,42405,0,65535)  #54A500FF  srgba(84,165,0,1)
3,4: (22873,23644,3598,65535)  #595C0EFF  srgba(89,92,14,1)
4,4: (22873,36237,19789,65535)  #598D4DFF  srgba(89,141,77,1)
5,4: (23130,29041,19789,65535)  #5A714DFF  srgba(90,113,77,1)
6,4: (23901,0,0,65535)  #5D0000FF  srgba(93,0,0,1)
7,4: (24415,20817,0,65535)  #5F5100FF  srgba(95,81,0,1)
8,4: (24415,32896,10023,65535)  #5F8027FF  srgba(95,128,39,1)
9,4: (24672,30326,26985,65535)  #607669FF  srgba(96,118,105,1)
10,4: (24929,40092,10280,65535)  #619C28FF  srgba(97,156,40,1)
11,4: (25186,23644,3855,65535)  #625C0FFF  srgba(98,92,15,1)
12,4: (25186,51657,3341,65535)  #62C90DFF  srgba(98,201,13,1)
13,4: (25443,29555,21331,65535)  #637353FF  srgba(99,115,83,1)
14,4: (25443,32896,22359,65535)  #638057FF  srgba(99,128,87,1)
15,4: (25443,41120,3598,65535)  #63A00EFF  srgba(99,160,14,1)
0,5: (25700,33153,5140,65535)  #648114FF  srgba(100,129,20,1)
1,5: (25957,36237,28013,65535)  #658D6DFF  srgba(101,141,109,1)
2,5: (26214,26214,10280,65535)  #666628FF  srgba(102,102,40,1)
3,5: (26471,0,514,65535)  #670002FF  srgba(103,0,2,1)
4,5: (26471,31868,30326,65535)  #677C76FF  srgba(103,124,118,1)
5,5: (26471,39578,19018,65535)  #679A4AFF  srgba(103,154,74,1)
6,5: (26728,54227,10023,65535)  #68D327FF  srgba(104,211,39,1)
7,5: (26985,0,0,65535)  #690000FF  srgba(105,0,0,1)
8,5: (26985,9766,9766,65535)  #692626FF  srgba(105,38,38,1)
9,5: (27499,20560,10280,65535)  #6B5028FF  srgba(107,80,40,1)
10,5: (27499,35723,31611,65535)  #6B8B7BFF  srgba(107,139,123,1)
11,5: (27756,38807,9766,65535)  #6C9726FF  srgba(108,151,38,1)
12,5: (28270,53713,0,65535)  #6ED100FF  srgba(110,209,0,1)
13,5: (28527,33924,9509,65535)  #6F8425FF  srgba(111,132,37,1)
14,5: (28784,0,0,65535)  #700000FF  srgba(112,0,0,1)
15,5: (28784,25700,19275,65535)  #70644BFF  srgba(112,100,75,1)
0,6: (29298,257,1285,65535)  #720105FF  srgba(114,1,5,1)
1,6: (29298,35723,0,65535)  #728B00FF  srgba(114,139,0,1)
2,6: (29555,21845,18761,65535)  #735549FF  srgba(115,85,73,1)
3,6: (29555,45746,0,65535)  #73B200FF  srgba(115,178,0,1)
4,6: (29555,53456,3341,65535)  #73D00DFF  srgba(115,208,13,1)
5,6: (29812,40349,4883,65535)  #749D13FF  srgba(116,157,19,1)
6,6: (29812,44204,4626,65535)  #74AC12FF  srgba(116,172,18,1)
7,6: (30326,31354,29555,65535)  #767A73FF  srgba(118,122,115,1)
8,6: (31097,8481,0,65535)  #792100FF  srgba(121,33,0,1)
9,6: (31097,39321,18504,65535)  #799948FF  srgba(121,153,72,1)
10,6: (31097,42148,9509,65535)  #79A425FF  srgba(121,164,37,1)
11,6: (31354,54741,20560,65535)  #7AD550FF  srgba(122,213,80,1)
12,6: (31354,54741,37779,65535)  #7AD593FF  srgba(122,213,147,1)
13,6: (31868,34181,29812,65535)  #7C8574FF  srgba(124,133,116,1)
14,6: (32382,24672,3084,65535)  #7E600CFF  srgba(126,96,12,1)
15,6: (32639,28784,19275,65535)  #7F704BFF  srgba(127,112,75,1)
0,7: (32896,41891,5911,65535)  #80A317FF  srgba(128,163,23,1)
1,7: (33153,35209,30840,65535)  #818978FF  srgba(129,137,120,1)
2,7: (33410,17476,3084,65535)  #82440CFF  srgba(130,68,12,1)
3,7: (33667,55255,27756,65535)  #83D76CFF  srgba(131,215,108,1)
4,7: (33924,12593,17476,65535)  #843144FF  srgba(132,49,68,1)
5,7: (33924,43690,8995,65535)  #84AA23FF  srgba(132,170,35,1)
6,7: (33924,47802,4883,65535)  #84BA13FF  srgba(132,186,19,1)
7,7: (33924,52428,10280,65535)  #84CC28FF  srgba(132,204,40,1)
8,7: (34438,47031,9252,65535)  #86B724FF  srgba(134,183,36,1)
9,7: (34695,40092,34438,65535)  #879C86FF  srgba(135,156,134,1)
10,7: (34952,19532,0,65535)  #884C00FF  srgba(136,76,0,1)
11,7: (34952,40606,28270,65535)  #889E6EFF  srgba(136,158,110,1)
12,7: (35209,50629,10794,65535)  #89C52AFF  srgba(137,197,42,1)
13,7: (35980,1028,2313,65535)  #8C0409FF  srgba(140,4,9,1)
14,7: (36494,40606,18761,65535)  #8E9E49FF  srgba(142,158,73,1)
15,7: (36751,54741,4626,65535)  #8FD512FF  srgba(143,213,18,1)
0,8: (37008,60395,3598,65535)  #90EB0EFF  srgba(144,235,14,1)
1,8: (37265,46774,19018,65535)  #91B64AFF  srgba(145,182,74,1)
2,8: (37265,54227,16191,65535)  #91D33FFF  srgba(145,211,63,1)
3,8: (37522,52171,10794,65535)  #92CB2AFF  srgba(146,203,42,1)
4,8: (37522,55769,38293,65535)  #92D995FF  srgba(146,217,149,1)
5,8: (38036,58082,0,65535)  #94E200FF  srgba(148,226,0,1)
6,8: (38550,54741,19275,65535)  #96D54BFF  srgba(150,213,75,1)
7,8: (38807,58082,10280,65535)  #97E228FF  srgba(151,226,40,1)
8,8: (39064,3855,10023,65535)  #980F27FF  srgba(152,15,39,1)
9,8: (40349,57311,14906,65535)  #9DDF3AFF  srgba(157,223,58,1)
10,8: (40606,57054,15934,65535)  #9EDE3EFF  srgba(158,222,62,1)
11,8: (41377,65278,4626,65535)  #A1FE12FF  srgba(161,254,18,1)
12,8: (41634,58339,12593,65535)  #A2E331FF  srgba(162,227,49,1)
13,8: (41891,57825,28270,65535)  #A3E16EFF  srgba(163,225,110,1)
14,8: (42148,57825,40092,65535)  #A4E19CFF  srgba(164,225,156,1)
15,8: (42148,58339,19789,65535)  #A4E34DFF  srgba(164,227,77,1)
0,9: (42148,60652,4112,65535)  #A4EC10FF  srgba(164,236,16,1)
1,9: (42405,60138,14649,65535)  #A5EA39FF  srgba(165,234,57,1)
2,9: (42405,61166,12336,65535)  #A5EE30FF  srgba(165,238,48,1)
3,9: (42919,60138,15934,65535)  #A7EA3EFF  srgba(167,234,62,1)
4,9: (43433,61166,13107,65535)  #A9EE33FF  srgba(169,238,51,1)
5,9: (43690,61680,14649,65535)  #AAF039FF  srgba(170,240,57,1)
6,9: (43947,63222,12850,65535)  #ABF632FF  srgba(171,246,50,1)
7,9: (44204,65278,42148,65535)  #ACFEA4FF  srgba(172,254,164,1)
8,9: (44718,63479,13621,65535)  #AEF735FF  srgba(174,247,53,1)
9,9: (45232,63736,13621,65535)  #B0F835FF  srgba(176,248,53,1)
10,9: (45232,65278,15934,65535)  #B0FE3EFF  srgba(176,254,62,1)
11,9: (45489,64507,13364,65535)  #B1FB34FF  srgba(177,251,52,1)
12,9: (45746,59110,15163,65535)  #B2E63BFF  srgba(178,230,59,1)
13,9: (45746,65278,27756,65535)  #B2FE6CFF  srgba(178,254,108,1)
14,9: (46003,65021,13107,65535)  #B3FD33FF  srgba(179,253,51,1)
15,9: (46260,62965,17219,65535)  #B4F543FF  srgba(180,245,67,1)
0,10: (46517,58339,4883,65535)  #B5E313FF  srgba(181,227,19,1)
1,10: (46517,65021,12593,65535)  #B5FD31FF  srgba(181,253,49,1)
2,10: (46774,57054,4369,65535)  #B6DE11FF  srgba(182,222,17,1)
3,10: (46774,58339,21331,65535)  #B6E353FF  srgba(182,227,83,1)
4,10: (46774,65278,6425,65535)  #B6FE19FF  srgba(182,254,25,1)
5,10: (47031,64764,12079,65535)  #B7FC2FFF  srgba(183,252,47,1)
6,10: (47545,63736,6682,65535)  #B9F81AFF  srgba(185,248,26,1)
7,10: (47802,11565,2056,65535)  #BA2D08FF  srgba(186,45,8,1)
8,10: (48059,64764,15163,65535)  #BBFC3BFF  srgba(187,252,59,1)
9,10: (48573,65021,11308,65535)  #BDFD2CFF  srgba(189,253,44,1)
10,10: (48573,65278,41891,65535)  #BDFEA3FF  srgba(189,254,163,1)
11,10: (48830,64764,11565,65535)  #BEFC2DFF  srgba(190,252,45,1)
12,10: (49087,65278,7196,65535)  #BFFE1CFF  srgba(191,254,28,1)
13,10: (49344,63479,30326,65535)  #C0F776FF  srgba(192,247,118,1)
14,10: (49601,63479,12850,65535)  #C1F732FF  srgba(193,247,50,1)
15,10: (50115,65278,17733,65535)  #C3FE45FF  srgba(195,254,69,1)
0,11: (50629,65278,12336,65535)  #C5FE30FF  srgba(197,254,48,1)
1,11: (50629,65278,27499,65535)  #C5FE6BFF  srgba(197,254,107,1)
2,11: (50629,65278,41120,65535)  #C5FEA0FF  srgba(197,254,160,1)
3,11: (50886,64764,12336,65535)  #C6FC30FF  srgba(198,252,48,1)
4,11: (51143,58596,21588,65535)  #C7E454FF  srgba(199,228,84,1)
5,11: (51657,6425,15163,65535)  #C9193BFF  srgba(201,25,59,1)
6,11: (52171,56797,32639,65535)  #CBDD7FFF  srgba(203,221,127,1)
7,11: (52171,57311,40092,65535)  #CBDF9CFF  srgba(203,223,156,1)
8,11: (52171,65021,11051,65535)  #CBFD2BFF  srgba(203,253,43,1)
9,11: (52428,63222,20560,65535)  #CCF650FF  srgba(204,246,80,1)
10,11: (52428,65021,9766,65535)  #CCFD26FF  srgba(204,253,38,1)
11,11: (52428,65278,8224,65535)  #CCFE20FF  srgba(204,254,32,1)
12,11: (52942,21331,14135,65535)  #CE5337FF  srgba(206,83,55,1)
13,11: (52942,65021,17219,65535)  #CEFD43FF  srgba(206,253,67,1)
14,11: (52942,65278,34181,65535)  #CEFE85FF  srgba(206,254,133,1)
15,11: (52942,65278,44461,65535)  #CEFEADFF  srgba(206,254,173,1)
0,12: (53199,64507,22102,65535)  #CFFB56FF  srgba(207,251,86,1)
1,12: (53199,65278,26728,65535)  #CFFE68FF  srgba(207,254,104,1)
2,12: (53456,64507,13364,65535)  #D0FB34FF  srgba(208,251,52,1)
3,12: (53456,64764,19018,65535)  #D0FC4AFF  srgba(208,252,74,1)
4,12: (53456,64764,23130,65535)  #D0FC5AFF  srgba(208,252,90,1)
5,12: (53713,57568,48316,65535)  #D1E0BCFF  srgba(209,224,188,1)
6,12: (53713,64764,10280,65535)  #D1FC28FF  srgba(209,252,40,1)
7,12: (53713,64764,28013,65535)  #D1FC6DFF  srgba(209,252,109,1)
8,12: (53713,65021,8995,65535)  #D1FD23FF  srgba(209,253,35,1)
9,12: (53713,65021,9766,65535)  #D1FD26FF  srgba(209,253,38,1)
10,12: (53713,65021,13621,65535)  #D1FD35FF  srgba(209,253,53,1)
11,12: (53970,27499,2056,65535)  #D26B08FF  srgba(210,107,8,1)
12,12: (53970,64507,34181,65535)  #D2FB85FF  srgba(210,251,133,1)
13,12: (53970,64764,8738,65535)  #D2FC22FF  srgba(210,252,34,1)
14,12: (53970,64764,10280,65535)  #D2FC28FF  srgba(210,252,40,1)
15,12: (53970,64764,36751,65535)  #D2FC8FFF  srgba(210,252,143,1)
0,13: (53970,65278,10023,65535)  #D2FE27FF  srgba(210,254,39,1)
1,13: (54227,32639,22102,65535)  #D37F56FF  srgba(211,127,86,1)
2,13: (54227,63479,41120,65535)  #D3F7A0FF  srgba(211,247,160,1)
3,13: (54227,63479,49344,65535)  #D3F7C0FF  srgba(211,247,192,1)
4,13: (54227,64764,11308,65535)  #D3FC2CFF  srgba(211,252,44,1)
5,13: (54227,64764,33667,65535)  #D3FC83FF  srgba(211,252,131,1)
6,13: (54227,65021,9252,65535)  #D3FD24FF  srgba(211,253,36,1)
7,13: (54227,65021,10280,65535)  #D3FD28FF  srgba(211,253,40,1)
8,13: (54484,64507,8224,65535)  #D4FB20FF  srgba(212,251,32,1)
9,13: (54484,64507,10280,65535)  #D4FB28FF  srgba(212,251,40,1)
10,13: (54484,64507,45232,65535)  #D4FBB0FF  srgba(212,251,176,1)
11,13: (54484,64764,44461,65535)  #D4FCADFF  srgba(212,252,173,1)
12,13: (54484,65021,9766,65535)  #D4FD26FF  srgba(212,253,38,1)
13,13: (54484,65021,9766,65535)  #D4FD26FF  srgba(212,253,38,1)
14,13: (54484,65278,6168,65535)  #D4FE18FF  srgba(212,254,24,1)
15,13: (54484,65278,9509,65535)  #D4FE25FF  srgba(212,254,37,1)
0,14: (54741,64764,15420,65535)  #D5FC3CFF  srgba(213,252,60,1)
1,14: (54741,64764,45489,65535)  #D5FCB1FF  srgba(213,252,177,1)
2,14: (54741,65021,9509,65535)  #D5FD25FF  srgba(213,253,37,1)
3,14: (55255,65021,11308,65535)  #D7FD2CFF  srgba(215,253,44,1)
4,14: (55512,65021,8481,65535)  #D8FD21FF  srgba(216,253,33,1)
5,14: (55769,23130,1285,65535)  #D95A05FF  srgba(217,90,5,1)
6,14: (55769,65021,15677,65535)  #D9FD3DFF  srgba(217,253,61,1)
7,14: (56026,63736,31097,65535)  #DAF879FF  srgba(218,248,121,1)
8,14: (56026,65278,22102,65535)  #DAFE56FF  srgba(218,254,86,1)
9,14: (56283,35466,16962,65535)  #DB8A42FF  srgba(219,138,66,1)
10,14: (56283,64764,8738,65535)  #DBFC22FF  srgba(219,252,34,1)
11,14: (56283,65278,30583,65535)  #DBFE77FF  srgba(219,254,119,1)
12,14: (56540,15677,1542,65535)  #DC3D06FF  srgba(220,61,6,1)
13,14: (57054,14649,27756,65535)  #DE396CFF  srgba(222,57,108,1)
14,14: (57311,20303,21845,65535)  #DF4F55FF  srgba(223,79,85,1)
15,14: (57311,65278,39321,65535)  #DFFE99FF  srgba(223,254,153,1)
0,15: (57568,65278,48059,65535)  #E0FEBBFF  srgba(224,254,187,1)
1,15: (58853,29812,17219,65535)  #E57443FF  srgba(229,116,67,1)
2,15: (59110,55255,14906,65535)  #E6D73AFF  srgba(230,215,58,1)
3,15: (59881,42148,4883,65535)  #E9A413FF  srgba(233,164,19,1)
4,15: (60395,17476,37265,65535)  #EB4491FF  srgba(235,68,145,1)
5,15: (60909,27499,16448,65535)  #ED6B40FF  srgba(237,107,64,1)
6,15: (60909,35723,39321,65535)  #ED8B99FF  srgba(237,139,153,1)
7,15: (61423,47802,27499,65535)  #EFBA6BFF  srgba(239,186,107,1)
8,15: (62451,46517,39064,65535)  #F3B598FF  srgba(243,181,152,1)
9,15: (62708,26985,2313,65535)  #F46909FF  srgba(244,105,9,1)
10,15: (62965,24158,514,65535)  #F55E02FF  srgba(245,94,2,1)
11,15: (64250,43947,15163,65535)  #FAAB3BFF  srgba(250,171,59,1)
12,15: (64250,45746,50886,65535)  #FAB2C6FF  srgba(250,178,198,1)
13,15: (65021,52685,21331,65535)  #FDCD53FF  srgba(253,205,83,1)
14,15: (65278,53199,15163,65535)  #FECF3BFF  srgba(254,207,59,1)
15,15: (0,65535,0,0)  #00FF0000  srgba(0,255,0,0)
