# ImageMagick pixel enumeration: 16,16,65535,srgba
0,0: (0,0,0,65535)  #000000FF  black
1,0: (0,4883,10023,65535)  #001327FF  srgba(0,19,39,1)
2,0: (0,4883,10537,65535)  #001329FF  srgba(0,19,41,1)
3,0: (0,5140,10537,65535)  #001429FF  srgba(0,20,41,1)
4,0: (0,5911,6168,65535)  #001718FF  srgba(0,23,24,1)
5,0: (0,10023,0,65535)  #002700FF  srgba(0,39,0,1)
6,0: (0,10023,257,65535)  #002701FF  srgba(0,39,1,1)
7,0: (0,11051,257,65535)  #002B01FF  srgba(0,43,1,1)
8,0: (0,17476,1285,65535)  #004405FF  srgba(0,68,5,1)
9,0: (257,6682,2827,65535)  #011A0BFF  srgba(1,26,11,1)
10,0: (257,6682,15163,65535)  #011A3BFF  srgba(1,26,59,1)
11,0: (514,3084,10023,65535)  #020C27FF  srgba(2,12,39,1)
12,0: (514,11822,1285,65535)  #022E05FF  srgba(2,46,5,1)
13,0: (1028,4112,13107,65535)  #041033FF  srgba(4,16,51,1)
14,0: (1028,9766,20046,65535)  #04264EFF  srgba(4,38,78,1)
15,0: (2056,4883,20560,65535)  #081350FF  srgba(8,19,80,1)
0,1: (2827,0,0,65535)  #0B0000FF  srgba(11,0,0,1)
1,1: (3084,11565,15163,65535)  #0C2D3BFF  srgba(12,45,59,1)
2,1: (3341,4369,25700,65535)  #0D1164FF  srgba(13,17,100,1)
3,1: (3598,10537,27242,65535)  #0E296AFF  srgba(14,41,106,1)
4,1: (3598,25186,3341,65535)  #0E620DFF  srgba(14,98,13,1)
5,1: (3855,0,8481,65535)  #0F0021FF  srgba(15,0,33,1)
6,1: (4112,0,2313,65535)  #100009FF  srgba(16,0,9,1)
7,1: (4112,0,9252,65535)  #100024FF  srgba(16,0,36,1)
8,1: (4369,2570,4626,65535)  #110A12FF  srgba(17,10,18,1)
9,1: (4369,9766,1799,65535)  #112607FF  srgba(17,38,7,1)
10,1: (4626,0,13621,65535)  #120035FF  srgba(18,0,53,1)
11,1: (4883,0,10280,65535)  #130028FF  srgba(19,0,40,1)
12,1: (5397,0,0,65535)  #150000FF  srgba(21,0,0,1)
13,1: (5397,0,0,65535)  #150000FF  srgba(21,0,0,1)
14,1: (5397,0,8481,65535)  #150021FF  srgba(21,0,33,1)
15,1: (5397,2056,257,65535)  #150801FF  srgba(21,8,1,1)
0,2: (5911,0,0,65535)  #170000FF  srgba(23,0,0,1)
1,2: (5911,0,8738,65535)  #170022FF  srgba(23,0,34,1)
2,2: (6168,0,0,65535)  #180000FF  srgba(24,0,0,1)
3,2: (6168,0,10023,65535)  #180027FF  srgba(24,0,39,1)
4,2: (6939,0,9252,65535)  #1B0024FF  srgba(27,0,36,1)
5,2: (6939,23901,27499,65535)  #1B5D6BFF  srgba(27,93,107,1)
6,2: (7453,0,514,65535)  #1D0002FF  srgba(29,0,2,1)
7,2: (7453,0,15677,65535)  #1D003DFF  srgba(29,0,61,1)
8,2: (7967,0,0,65535)  #1F0000FF  srgba(31,0,0,1)
9,2: (7967,257,21074,65535)  #1F0152FF  srgba(31,1,82,1)
10,2: (7967,17476,4883,65535)  #1F4413FF  srgba(31,68,19,1)
11,2: (8224,0,0,65535)  #200000FF  srgba(32,0,0,1)
12,2: (8224,22102,16962,65535)  #205642FF  srgba(32,86,66,1)
13,2: (8224,34952,6425,65535)  #208819FF  srgba(32,136,25,1)
14,2: (8481,771,29298,65535)  #210372FF  srgba(33,3,114,1)
15,2: (9252,0,16191,65535)  #24003FFF  srgba(36,0,63,1)
0,3: (9252,5654,4112,65535)  #241610FF  srgba(36,22,16,1)
1,3: (9766,11565,16191,65535)  #262D3FFF  srgba(38,45,63,1)
2,3: (10280,0,3341,65535)  #28000DFF  srgba(40,0,13,1)
3,3: (10280,514,34438,65535)  #280286FF  srgba(40,2,134,1)
4,3: (10537,514,37265,65535)  #290291FF  srgba(41,2,145,1)
5,3: (10537,1028,36494,65535)  #29048EFF  srgba(41,4,142,1)
6,3: (10537,28270,36494,65535)  #296E8EFF  srgba(41,110,142,1)
7,3: (10794,257,23644,65535)  #2A015CFF  srgba(42,1,92,1)
8,3: (10794,2056,2570,65535)  #2A080AFF  srgba(42,8,10,1)
9,3: (10794,11051,33153,65535)  #2A2B81FF  srgba(42,43,129,1)
10,3: (10794,18504,29555,65535)  #2A4873FF  srgba(42,72,115,1)
11,3: (11051,5654,38293,65535)  #2B1695FF  srgba(43,22,149,1)
12,3: (11051,5911,34181,65535)  #2B1785FF  srgba(43,23,133,1)
13,3: (11822,0,36494,65535)  #2E008EFF  srgba(46,0,142,1)
14,3: (11822,4112,31354,65535)  #2E107AFF  srgba(46,16,122,1)
15,3: (11822,11822,4112,65535)  #2E2E10FF  srgba(46,46,16,1)
0,4: (11822,12079,31611,65535)  #2E2F7BFF  srgba(46,47,123,1)
1,4: (11822,24929,17219,65535)  #2E6143FF  srgba(46,97,67,1)
2,4: (12079,2827,37522,65535)  #2F0B92FF  srgba(47,11,146,1)
3,4: (12079,14649,31611,65535)  #2F397BFF  srgba(47,57,123,1)
4,4: (12079,19789,37265,65535)  #2F4D91FF  srgba(47,77,145,1)
5,4: (12079,22359,28527,65535)  #2F576FFF  srgba(47,87,111,1)
6,4: (12336,257,0,65535)  #300100FF  srgba(48,1,0,1)
7,4: (12336,257,7453,65535)  #30011DFF  srgba(48,1,29,1)
8,4: (12336,4626,36237,65535)  #30128DFF  srgba(48,18,141,1)
9,4: (12336,11565,39578,65535)  #302D9AFF  srgba(48,45,154,1)
10,4: (12336,14906,15677,65535)  #303A3DFF  srgba(48,58,61,1)
11,4: (12336,15677,29041,65535)  #303D71FF  srgba(48,61,113,1)
12,4: (12593,0,514,65535)  #310002FF  srgba(49,0,2,1)
13,4: (12593,771,14135,65535)  #310337FF  srgba(49,3,55,1)
14,4: (12593,3341,34438,65535)  #310D86FF  srgba(49,13,134,1)
15,4: (12593,7453,38293,65535)  #311D95FF  srgba(49,29,149,1)
0,5: (12593,7710,33667,65535)  #311E83FF  srgba(49,30,131,1)
1,5: (12593,11565,33153,65535)  #312D81FF  srgba(49,45,129,1)
2,5: (12850,7453,25186,65535)  #321D62FF  srgba(50,29,98,1)
3,5: (13621,19789,28527,65535)  #354D6FFF  srgba(53,77,111,1)
4,5: (13878,0,257,65535)  #360001FF  srgba(54,0,1,1)
5,5: (14649,32639,19789,65535)  #397F4DFF  srgba(57,127,77,1)
6,5: (14906,2313,1028,65535)  #3A0904FF  srgba(58,9,4,1)
7,5: (14906,6425,2570,65535)  #3A190AFF  srgba(58,25,10,1)
8,5: (15163,2313,7710,65535)  #3B091EFF  srgba(59,9,30,1)
9,5: (15163,26214,25700,65535)  #3B6664FF  srgba(59,102,100,1)
10,5: (15677,20303,16448,65535)  #3D4F40FF  srgba(61,79,64,1)
11,5: (15677,26985,17990,65535)  #3D6946FF  srgba(61,105,70,1)
12,5: (15677,31354,23644,65535)  #3D7A5CFF  srgba(61,122,92,1)
13,5: (15934,9766,14135,65535)  #3E2637FF  srgba(62,38,55,1)
14,5: (15934,29298,42405,65535)  #3E72A5FF  srgba(62,114,165,1)
15,5: (15934,33667,23387,65535)  #3E835BFF  srgba(62,131,91,1)
0,6: (15934,34695,41377,65535)  #3E87A1FF  srgba(62,135,161,1)
1,6: (15934,41634,17733,65535)  #3EA245FF  srgba(62,162,69,1)
2,6: (16191,24415,38036,65535)  #3F5F94FF  srgba(63,95,148,1)
3,6: (16191,30840,37522,65535)  #3F7892FF  srgba(63,120,146,1)
4,6: (16191,31611,43947,65535)  #3F7BABFF  srgba(63,123,171,1)
5,6: (16191,37265,20046,65535)  #3F914EFF  srgba(63,145,78,1)
6,6: (16191,37265,40092,65535)  #3F919CFF  srgba(63,145,156,1)
7,6: (16191,38550,25957,65535)  #3F9665FF  srgba(63,150,101,1)
8,6: (16191,40349,39835,65535)  #3F9D9BFF  srgba(63,157,155,1)
9,6: (16448,36494,44975,65535)  #408EAFFF  srgba(64,142,175,1)
10,6: (16705,33153,21074,65535)  #418152FF  srgba(65,129,82,1)
11,6: (16705,39835,47031,65535)  #419BB7FF  srgba(65,155,183,1)
12,6: (16705,42148,17990,65535)  #41A446FF  srgba(65,164,70,1)
13,6: (16962,40606,18761,65535)  #429E49FF  srgba(66,158,73,1)
14,6: (17219,46774,15677,65535)  #43B63DFF  srgba(67,182,61,1)
15,6: (17733,40606,36237,65535)  #459E8DFF  srgba(69,158,141,1)
0,7: (17733,41634,20560,65535)  #45A250FF  srgba(69,162,80,1)
1,7: (17733,47288,15420,65535)  #45B83CFF  srgba(69,184,60,1)
2,7: (17990,31611,38293,65535)  #467B95FF  srgba(70,123,149,1)
3,7: (17990,41377,47545,65535)  #46A1B9FF  srgba(70,161,185,1)
4,7: (18247,34181,44718,65535)  #4785AEFF  srgba(71,133,174,1)
5,7: (18247,40863,48059,65535)  #479FBBFF  srgba(71,159,187,1)
6,7: (18504,43176,21588,65535)  #48A854FF  srgba(72,168,84,1)
7,7: (19018,1028,514,65535)  #4A0402FF  srgba(74,4,2,1)
8,7: (19018,33410,21588,65535)  #4A8254FF  srgba(74,130,84,1)
9,7: (19018,39578,45746,65535)  #4A9AB2FF  srgba(74,154,178,1)
10,7: (19275,1028,7196,65535)  #4B041CFF  srgba(75,4,28,1)
11,7: (19275,40092,48316,65535)  #4B9CBCFF  srgba(75,156,188,1)
12,7: (19532,4112,30583,65535)  #4C1077FF  srgba(76,16,119,1)
13,7: (19789,24415,23387,65535)  #4D5F5BFF  srgba(77,95,91,1)
14,7: (19789,31354,37522,65535)  #4D7A92FF  srgba(77,122,146,1)
15,7: (20046,0,9252,65535)  #4E0024FF  srgba(78,0,36,1)
0,8: (20046,0,14135,65535)  #4E0037FF  srgba(78,0,55,1)
1,8: (20046,2827,20303,65535)  #4E0B4FFF  srgba(78,11,79,1)
2,8: (20046,43690,15677,65535)  #4EAA3DFF  srgba(78,170,61,1)
3,8: (20303,6168,12079,65535)  #4F182FFF  srgba(79,24,47,1)
4,8: (20303,6425,2313,65535)  #4F1909FF  srgba(79,25,9,1)
5,8: (20303,15934,21074,65535)  #4F3E52FF  srgba(79,62,82,1)
6,8: (20560,42405,36494,65535)  #50A58EFF  srgba(80,165,142,1)
7,8: (20817,0,0,65535)  #510000FF  srgba(81,0,0,1)
8,8: (20817,0,4112,65535)  #510010FF  srgba(81,0,16,1)
9,8: (20817,8224,32382,65535)  #51207EFF  srgba(81,32,126,1)
10,8: (20817,12850,1799,65535)  #513207FF  srgba(81,50,7,1)
11,8: (21074,13878,12850,65535)  #523632FF  srgba(82,54,50,1)
12,8: (21074,25443,30326,65535)  #526376FF  srgba(82,99,118,1)
13,8: (21331,4369,26728,65535)  #531168FF  srgba(83,17,104,1)
14,8: (21588,25957,38550,65535)  #546596FF  srgba(84,101,150,1)
15,8: (22616,34952,16705,65535)  #588841FF  srgba(88,136,65,1)
0,9: (23130,42148,21074,65535)  #5AA452FF  srgba(90,164,82,1)
1,9: (23901,37522,37008,65535)  #5D9290FF  srgba(93,146,144,1)
2,9: (24158,2313,20560,65535)  #5E0950FF  srgba(94,9,80,1)
3,9: (24672,15163,37779,65535)  #603B93FF  srgba(96,59,147,1)
4,9: (26214,14392,26214,65535)  #663866FF  srgba(102,56,102,1)
5,9: (26471,0,0,65535)  #670000FF  srgba(103,0,0,1)
6,9: (26471,0,4369,65535)  #670011FF  srgba(103,0,17,1)
7,9: (26471,1799,1285,65535)  #670705FF  srgba(103,7,5,1)
8,9: (26471,6939,10537,65535)  #671B29FF  srgba(103,27,41,1)
9,9: (26471,12336,3084,65535)  #67300CFF  srgba(103,48,12,1)
10,9: (26471,14906,12336,65535)  #673A30FF  srgba(103,58,48,1)
11,9: (26728,0,0,65535)  #680000FF  srgba(104,0,0,1)
12,9: (26985,15934,30069,65535)  #693E75FF  srgba(105,62,117,1)
13,9: (26985,18504,9252,65535)  #694824FF  srgba(105,72,36,1)
14,9: (27242,18504,15420,65535)  #6A483CFF  srgba(106,72,60,1)
15,9: (27756,18247,26214,65535)  #6C4766FF  srgba(108,71,102,1)
0,10: (27756,34695,49087,65535)  #6C87BFFF  srgba(108,135,191,1)
1,10: (28270,16962,22102,65535)  #6E4256FF  srgba(110,66,86,1)
2,10: (28784,31868,36494,65535)  #707C8EFF  srgba(112,124,142,1)
3,10: (29298,23387,22873,65535)  #725B59FF  srgba(114,91,89,1)
4,10: (29555,23130,10023,65535)  #735A27FF  srgba(115,90,39,1)
5,10: (29555,29812,44975,65535)  #7374AFFF  srgba(115,116,175,1)
6,10: (30069,23387,15677,65535)  #755B3DFF  srgba(117,91,61,1)
7,10: (30326,30069,10280,65535)  #767528FF  srgba(118,117,40,1)
8,10: (32125,24415,22359,65535)  #7D5F57FF  srgba(125,95,87,1)
9,10: (32639,514,0,65535)  #7F0200FF  srgba(127,2,0,1)
10,10: (32896,16962,8224,65535)  #804220FF  srgba(128,66,32,1)
11,10: (33153,6682,9766,65535)  #811A26FF  srgba(129,26,38,1)
12,10: (33410,17476,13364,65535)  #824434FF  srgba(130,68,52,1)
13,10: (33924,2570,1799,65535)  #840A07FF  srgba(132,10,7,1)
14,10: (33924,28527,15420,65535)  #846F3CFF  srgba(132,111,60,1)
15,10: (34181,20046,28784,65535)  #854E70FF  srgba(133,78,112,1)
0,11: (34438,18504,36751,65535)  #86488FFF  srgba(134,72,143,1)
1,11: (34438,30583,20303,65535)  #86774FFF  srgba(134,119,79,1)
2,11: (34952,23130,35980,65535)  #885A8CFF  srgba(136,90,140,1)
3,11: (35209,26985,21074,65535)  #896952FF  srgba(137,105,82,1)
4,11: (35466,23901,12593,65535)  #8A5D31FF  srgba(138,93,49,1)
5,11: (35723,11565,24672,65535)  #8B2D60FF  srgba(139,45,96,1)
6,11: (37008,28270,13878,65535)  #906E36FF  srgba(144,110,54,1)
7,11: (38293,24415,37779,65535)  #955F93FF  srgba(149,95,147,1)
8,11: (38293,30326,19275,65535)  #95764BFF  srgba(149,118,75,1)
9,11: (38293,32125,15163,65535)  #957D3BFF  srgba(149,125,59,1)
10,11: (39064,24415,43176,65535)  #985FA8FF  srgba(152,95,168,1)
11,11: (39321,30583,26728,65535)  #997768FF  srgba(153,119,104,1)
12,11: (40092,27499,43176,65535)  #9C6BA8FF  srgba(156,107,168,1)
13,11: (41891,28013,47802,65535)  #A36DBAFF  srgba(163,109,186,1)
14,11: (42148,33153,15934,65535)  #A4813EFF  srgba(164,129,62,1)
15,11: (42405,2313,2827,65535)  #A5090BFF  srgba(165,9,11,1)
0,12: (42662,34438,15934,65535)  #A6863EFF  srgba(166,134,62,1)
1,12: (42919,15934,13878,65535)  #A73E36FF  srgba(167,62,54,1)
2,12: (42919,28270,48316,65535)  #A76EBCFF  srgba(167,110,188,1)
3,12: (43176,13107,6168,65535)  #A83318FF  srgba(168,51,24,1)
4,12: (43176,34181,16191,65535)  #A8853FFF  srgba(168,133,63,1)
5,12: (43947,29812,37779,65535)  #AB7493FF  srgba(171,116,147,1)
6,12: (44461,34181,16191,65535)  #AD853FFF  srgba(173,133,63,1)
7,12: (44975,27242,48316,65535)  #AF6ABCFF  srgba(175,106,188,1)
8,12: (44975,33667,19018,65535)  #AF834AFF  srgba(175,131,74,1)
9,12: (46003,31868,24158,65535)  #B37C5EFF  srgba(179,124,94,1)
10,12: (46517,31097,15677,65535)  #B5793DFF  srgba(181,121,61,1)
11,12: (46774,12593,23130,65535)  #B6315AFF  srgba(182,49,90,1)
12,12: (49858,14906,40349,65535)  #C23A9DFF  srgba(194,58,157,1)
13,12: (50629,23644,38293,65535)  #C55C95FF  srgba(197,92,149,1)
14,12: (52428,23644,49344,65535)  #CC5CC0FF  srgba(204,92,192,1)
15,12: (52942,5140,4112,65535)  #CE1410FF  srgba(206,20,16,1)
0,13: (53713,28527,16705,65535)  #D16F41FF  srgba(209,111,65,1)
1,13: (54484,17219,12850,65535)  #D44332FF  srgba(212,67,50,1)
2,13: (55512,28013,19018,65535)  #D86D4AFF  srgba(216,109,74,1)
3,13: (56026,6939,10794,65535)  #DA1B2AFF  srgba(218,27,42,1)
4,13: (56026,23644,22873,65535)  #DA5C59FF  srgba(218,92,89,1)
5,13: (56283,18761,49087,65535)  #DB49BFFF  srgba(219,73,191,1)
6,13: (56797,23644,15420,65535)  #DD5C3CFF  srgba(221,92,60,1)
7,13: (57311,23130,19275,65535)  #DF5A4BFF  srgba(223,90,75,1)
8,13: (58853,12079,22873,65535)  #E52F59FF  srgba(229,47,89,1)
9,13: (62451,16448,48059,65535)  #F340BBFF  srgba(243,64,187,1)
10,13: (62965,0,9252,65535)  #F50024FF  srgba(245,0,36,1)
11,13: (63222,13364,13107,65535)  #F63433FF  srgba(246,52,51,1)
12,13: (63479,22616,19018,65535)  #F7584AFF  srgba(247,88,74,1)
13,13: (63736,22616,16705,65535)  #F85841FF  srgba(248,88,65,1)
14,13: (63993,10280,25186,65535)  #F92862FF  srgba(249,40,98,1)
15,13: (63993,20560,20046,65535)  #F9504EFF  srgba(249,80,78,1)
0,14: (64250,19532,20817,65535)  #FA4C51FF  srgba(250,76,81,1)
1,14: (64250,22359,23130,65535)  #FA575AFF  srgba(250,87,90,1)
2,14: (64507,14906,47802,65535)  #FB3ABAFF  srgba(251,58,186,1)
3,14: (64764,14906,16962,65535)  #FC3A42FF  srgba(252,58,66,1)
4,14: (64764,17733,16448,65535)  #FC4540FF  srgba(252,69,64,1)
5,14: (64764,20303,18761,65535)  #FC4F49FF  srgba(252,79,73,1)
6,14: (64764,21588,19018,65535)  #FC544AFF  srgba(252,84,74,1)
7,14: (65021,14906,47031,65535)  #FD3AB7FF  srgba(253,58,183,1)
8,14: (65021,14906,50629,65535)  #FD3AC5FF  srgba(253,58,197,1)
9,14: (65021,14906,51400,65535)  #FD3AC8FF  srgba(253,58,200,1)
10,14: (65021,18761,25443,65535)  #FD4963FF  srgba(253,73,99,1)
11,14: (65021,19789,17219,65535)  #FD4D43FF  srgba(253,77,67,1)
12,14: (65021,20303,17733,65535)  #FD4F45FF  srgba(253,79,69,1)
13,14: (65021,20560,17476,65535)  #FD5044FF  srgba(253,80,68,1)
14,14: (65021,20560,18761,65535)  #FD5049FF  srgba(253,80,73,1)
15,14: (65021,20817,17733,65535)  #FD5145FF  srgba(253,81,69,1)
0,15: (65021,21588,15420,65535)  #FD543CFF  srgba(253,84,60,1)
1,15: (65021,21588,16191,65535)  #FD543FFF  srgba(253,84,63,1)
2,15: (65021,21588,16962,65535)  #FD5442FF  srgba(253,84,66,1)
3,15: (65278,14906,47031,65535)  #FE3AB7FF  srgba(254,58,183,1)
4,15: (65278,15163,48830,65535)  #FE3BBEFF  srgba(254,59,190,1)
5,15: (65278,15163,49344,65535)  #FE3BC0FF  srgba(254,59,192,1)
6,15: (65278,15163,50629,65535)  #FE3BC5FF  srgba(254,59,197,1)
7,15: (65278,15677,38807,65535)  #FE3D97FF  srgba(254,61,151,1)
8,15: (65278,18761,30326,65535)  #FE4976FF  srgba(254,73,118,1)
9,15: (65278,20046,19018,65535)  #FE4E4AFF  srgba(254,78,74,1)
10,15: (65278,20560,17476,65535)  #FE5044FF  srgba(254,80,68,1)
11,15: (65278,20560,18761,65535)  #FE5049FF  srgba(254,80,73,1)
12,15: (65278,21074,17219,65535)  #FE5243FF  srgba(254,82,67,1)
13,15: (65278,21331,18761,65535)  #FE5349FF  srgba(254,83,73,1)
14,15: (65278,22102,17219,65535)  #FE5643FF  srgba(254,86,67,1)
15,15: (0,65535,0,0)  #00FF0000  srgba(0,255,0,0)
