# ImageMagick pixel enumeration: 16,16,65535,srgba
0,0: (0,0,0,65535)  #000000FF  black
1,0: (0,0,1799,65535)  #000007FF  srgba(0,0,7,1)
2,0: (0,514,0,65535)  #000200FF  srgba(0,2,0,1)
3,0: (0,514,5397,65535)  #000215FF  srgba(0,2,21,1)
4,0: (0,1542,0,65535)  #000600FF  srgba(0,6,0,1)
5,0: (257,1028,1799,65535)  #010407FF  srgba(1,4,7,1)
6,0: (257,1028,10023,65535)  #010427FF  srgba(1,4,39,1)
7,0: (514,0,0,65535)  #020000FF  srgba(2,0,0,1)
8,0: (771,257,0,65535)  #030100FF  srgba(3,1,0,1)
9,0: (1285,0,1799,65535)  #050007FF  srgba(5,0,7,1)
10,0: (1799,3855,5397,65535)  #070F15FF  srgba(7,15,21,1)
11,0: (2313,2827,0,65535)  #090B00FF  srgba(9,11,0,1)
12,0: (2570,2827,2056,65535)  #0A0B08FF  srgba(10,11,8,1)
13,0: (2827,2827,15420,65535)  #0B0B3CFF  srgba(11,11,60,1)
14,0: (2827,4112,21588,65535)  #0B1054FF  srgba(11,16,84,1)
15,0: (2827,31354,58339,65535)  #0B7AE3FF  srgba(11,122,227,1)
0,1: (2827,42148,60652,65535)  #0BA4ECFF  srgba(11,164,236,1)
1,1: (3084,4626,0,65535)  #0C1200FF  srgba(12,18,0,1)
2,1: (3084,12079,34438,65535)  #0C2F86FF  srgba(12,47,134,1)
3,1: (3341,1285,0,65535)  #0D0500FF  srgba(13,5,0,1)
4,1: (3341,1285,2056,65535)  #0D0508FF  srgba(13,5,8,1)
5,1: (3598,4883,2313,65535)  #0E1309FF  srgba(14,19,9,1)
6,1: (3598,10023,26471,65535)  #0E2767FF  srgba(14,39,103,1)
7,1: (3598,23387,41120,65535)  #0E5BA0FF  srgba(14,91,160,1)
8,1: (3855,771,5397,65535)  #0F0315FF  srgba(15,3,21,1)
9,1: (3855,6425,0,65535)  #0F1900FF  srgba(15,25,0,1)
10,1: (4112,0,0,65535)  #100000FF  srgba(16,0,0,1)
11,1: (4112,0,2056,65535)  #100008FF  srgba(16,0,8,1)
12,1: (4112,257,0,65535)  #100100FF  srgba(16,1,0,1)
13,1: (4112,6939,2313,65535)  #101B09FF  srgba(16,27,9,1)
14,1: (4369,23644,5911,65535)  #115C17FF  srgba(17,92,23,1)
15,1: (4369,33667,43690,65535)  #1183AAFF  srgba(17,131,170,1)
0,2: (4883,2313,10023,65535)  #130927FF  srgba(19,9,39,1)
1,2: (4883,11051,0,65535)  #132B00FF  srgba(19,43,0,1)
2,2: (4883,11822,2313,65535)  #132E09FF  srgba(19,46,9,1)
3,2: (4883,12336,21845,65535)  #133055FF  srgba(19,48,85,1)
4,2: (4883,23387,10280,65535)  #135B28FF  srgba(19,91,40,1)
5,2: (5140,23387,26471,65535)  #145B67FF  srgba(20,91,103,1)
6,2: (5397,7196,5911,65535)  #151C17FF  srgba(21,28,23,1)
7,2: (5397,13621,5911,65535)  #153517FF  srgba(21,53,23,1)
8,2: (5654,9766,5911,65535)  #162617FF  srgba(22,38,23,1)
9,2: (5654,22873,15934,65535)  #16593EFF  srgba(22,89,62,1)
10,2: (5911,7710,10023,65535)  #171E27FF  srgba(23,30,39,1)
11,2: (5911,9766,15677,65535)  #17263DFF  srgba(23,38,61,1)
12,2: (5911,14906,10537,65535)  #173A29FF  srgba(23,58,41,1)
13,2: (5911,14906,15677,65535)  #173A3DFF  srgba(23,58,61,1)
14,2: (6168,4369,5654,65535)  #181116FF  srgba(24,17,22,1)
15,2: (6425,11051,10280,65535)  #192B28FF  srgba(25,43,40,1)
0,3: (11051,5397,7710,65535)  #2B151EFF  srgba(43,21,30,1)
1,3: (11308,771,771,65535)  #2C0303FF  srgba(44,3,3,1)
2,3: (11308,7967,13878,65535)  #2C1F36FF  srgba(44,31,54,1)
3,3: (11565,7710,1799,65535)  #2D1E07FF  srgba(45,30,7,1)
4,3: (12079,54741,65278,65535)  #2FD5FEFF  srgba(47,213,254,1)
5,3: (12850,15163,11051,65535)  #323B2BFF  srgba(50,59,43,1)
6,3: (12850,15420,5140,65535)  #323C14FF  srgba(50,60,20,1)
7,3: (13621,15420,15934,65535)  #353C3EFF  srgba(53,60,62,1)
8,3: (13878,11051,8224,65535)  #362B20FF  srgba(54,43,32,1)
9,3: (13878,52171,59110,65535)  #36CBE6FF  srgba(54,203,230,1)
10,3: (14135,12079,14135,65535)  #372F37FF  srgba(55,47,55,1)
11,3: (14906,13107,22873,65535)  #3A3359FF  srgba(58,51,89,1)
12,3: (14906,19275,4369,65535)  #3A4B11FF  srgba(58,75,17,1)
13,3: (15420,15677,27756,65535)  #3C3D6CFF  srgba(60,61,108,1)
14,3: (16191,5140,7710,65535)  #3F141EFF  srgba(63,20,30,1)
15,3: (16448,1028,514,65535)  #400402FF  srgba(64,4,2,1)
0,4: (16448,19275,10537,65535)  #404B29FF  srgba(64,75,41,1)
1,4: (16705,39064,55769,65535)  #4198D9FF  srgba(65,152,217,1)
2,4: (16962,7710,14135,65535)  #421E37FF  srgba(66,30,55,1)
3,4: (17476,5140,1285,65535)  #441405FF  srgba(68,20,5,1)
4,4: (17476,19789,22873,65535)  #444D59FF  srgba(68,77,89,1)
5,4: (17476,22102,2570,65535)  #44560AFF  srgba(68,86,10,1)
6,4: (17733,10280,1799,65535)  #452807FF  srgba(69,40,7,1)
7,4: (17733,24672,5397,65535)  #456015FF  srgba(69,96,21,1)
8,4: (17733,54998,11822,65535)  #45D62EFF  srgba(69,214,46,1)
9,4: (17990,28270,12336,65535)  #466E30FF  srgba(70,110,48,1)
10,4: (17990,36751,12079,65535)  #468F2FFF  srgba(70,143,47,1)
11,4: (17990,36751,45489,65535)  #468FB1FF  srgba(70,143,177,1)
12,4: (18247,19275,17476,65535)  #474B44FF  srgba(71,75,68,1)
13,4: (18247,22102,12079,65535)  #47562FFF  srgba(71,86,47,1)
14,4: (18504,15677,10794,65535)  #483D2AFF  srgba(72,61,42,1)
15,4: (18504,16191,16705,65535)  #483F41FF  srgba(72,63,65,1)
0,5: (18761,15677,4369,65535)  #493D11FF  srgba(73,61,17,1)
1,5: (18761,24672,17733,65535)  #496045FF  srgba(73,96,69,1)
2,5: (19018,22102,18247,65535)  #4A5647FF  srgba(74,86,71,1)
3,5: (19275,17219,31868,65535)  #4B437CFF  srgba(75,67,124,1)
4,5: (19275,21331,52942,65535)  #4B53CEFF  srgba(75,83,206,1)
5,5: (19789,37265,26985,65535)  #4D9169FF  srgba(77,145,105,1)
6,5: (20560,35723,38807,65535)  #508B97FF  srgba(80,139,151,1)
7,5: (21074,20303,36494,65535)  #524F8EFF  srgba(82,79,142,1)
8,5: (21331,24929,23387,65535)  #53615BFF  srgba(83,97,91,1)
9,5: (21845,23901,42148,65535)  #555DA4FF  srgba(85,93,164,1)
10,5: (21845,27242,53199,65535)  #556ACFFF  srgba(85,106,207,1)
11,5: (23644,30840,26985,65535)  #5C7869FF  srgba(92,120,105,1)
12,5: (23901,21588,22873,65535)  #5D5459FF  srgba(93,84,89,1)
13,5: (23901,35209,33410,65535)  #5D8982FF  srgba(93,137,130,1)
14,5: (24415,18761,27756,65535)  #5F496CFF  srgba(95,73,108,1)
15,5: (24672,17476,22873,65535)  #604459FF  srgba(96,68,89,1)
0,6: (24672,23901,27499,65535)  #605D6BFF  srgba(96,93,107,1)
1,6: (24672,23901,31868,65535)  #605D7CFF  srgba(96,93,124,1)
2,6: (24929,52428,24929,65535)  #61CC61FF  srgba(97,204,97,1)
3,6: (25957,36494,27756,65535)  #658E6CFF  srgba(101,142,108,1)
4,6: (26214,27242,36494,65535)  #666A8EFF  srgba(102,106,142,1)
5,6: (26985,11308,13621,65535)  #692C35FF  srgba(105,44,53,1)
6,6: (26985,18247,14906,65535)  #69473AFF  srgba(105,71,58,1)
7,6: (26985,23130,17990,65535)  #695A46FF  srgba(105,90,70,1)
8,6: (26985,27499,27756,65535)  #696B6CFF  srgba(105,107,108,1)
9,6: (27242,6425,2056,65535)  #6A1908FF  srgba(106,25,8,1)
10,6: (27499,15677,2827,65535)  #6B3D0BFF  srgba(107,61,11,1)
11,6: (27499,25957,12593,65535)  #6B6531FF  srgba(107,101,49,1)
12,6: (27499,27756,31611,65535)  #6B6C7BFF  srgba(107,108,123,1)
13,6: (27756,25957,23644,65535)  #6C655CFF  srgba(108,101,92,1)
14,6: (27756,36751,38293,65535)  #6C8F95FF  srgba(108,143,149,1)
15,6: (28013,25443,4112,65535)  #6D6310FF  srgba(109,99,16,1)
0,7: (28270,28784,17990,65535)  #6E7046FF  srgba(110,112,70,1)
1,7: (29041,32382,27756,65535)  #717E6CFF  srgba(113,126,108,1)
2,7: (29555,33667,33410,65535)  #738382FF  srgba(115,131,130,1)
3,7: (29555,38036,52428,65535)  #7394CCFF  srgba(115,148,204,1)
4,7: (30069,37265,43690,65535)  #7591AAFF  srgba(117,145,170,1)
5,7: (30840,37008,17990,65535)  #789046FF  srgba(120,144,70,1)
6,7: (31097,38293,6939,65535)  #79951BFF  srgba(121,149,27,1)
7,7: (31354,38293,12593,65535)  #7A9531FF  srgba(122,149,49,1)
8,7: (31611,31097,28270,65535)  #7B796EFF  srgba(123,121,110,1)
9,7: (31611,53970,11565,65535)  #7BD22DFF  srgba(123,210,45,1)
10,7: (32125,36494,27756,65535)  #7D8E6CFF  srgba(125,142,108,1)
11,7: (32125,36751,38293,65535)  #7D8F95FF  srgba(125,143,149,1)
12,7: (32382,34438,33410,65535)  #7E8682FF  srgba(126,134,130,1)
13,7: (32896,50629,44975,65535)  #80C5AFFF  srgba(128,197,175,1)
14,7: (33410,52428,56540,65535)  #82CCDCFF  srgba(130,204,220,1)
15,7: (34438,53456,26214,65535)  #86D066FF  srgba(134,208,102,1)
0,8: (35466,34952,27242,65535)  #8A886AFF  srgba(138,136,106,1)
1,8: (35466,35209,34181,65535)  #8A8985FF  srgba(138,137,133,1)
2,8: (35980,25957,27499,65535)  #8C656BFF  srgba(140,101,107,1)
3,8: (35980,31868,29298,65535)  #8C7C72FF  srgba(140,124,114,1)
4,8: (36751,34181,48830,65535)  #8F85BEFF  srgba(143,133,190,1)
5,8: (36751,34695,40863,65535)  #8F879FFF  srgba(143,135,159,1)
6,8: (36751,35209,37522,65535)  #8F8992FF  srgba(143,137,146,1)
7,8: (37522,29555,6682,65535)  #92731AFF  srgba(146,115,26,1)
8,8: (37522,37779,17990,65535)  #929346FF  srgba(146,147,70,1)
9,8: (37522,40606,30326,65535)  #929E76FF  srgba(146,158,118,1)
10,8: (37779,13621,12079,65535)  #93352FFF  srgba(147,53,47,1)
11,8: (37779,22359,16191,65535)  #93573FFF  srgba(147,87,63,1)
12,8: (37779,39321,38036,65535)  #939994FF  srgba(147,153,148,1)
13,8: (37779,39578,43433,65535)  #939AA9FF  srgba(147,154,169,1)
14,8: (38036,11565,1285,65535)  #942D05FF  srgba(148,45,5,1)
15,8: (38036,41120,34181,65535)  #94A085FF  srgba(148,160,133,1)
0,9: (38550,22359,5654,65535)  #965716FF  srgba(150,87,22,1)
1,9: (38550,40606,24929,65535)  #969E61FF  srgba(150,158,97,1)
2,9: (39321,39321,10023,65535)  #999927FF  srgba(153,153,39,1)
3,9: (39578,29812,16962,65535)  #9A7442FF  srgba(154,116,66,1)
4,9: (39835,35209,29555,65535)  #9B8973FF  srgba(155,137,115,1)
5,9: (39835,54741,15677,65535)  #9BD53DFF  srgba(155,213,61,1)
6,9: (40092,31354,27756,65535)  #9C7A6CFF  srgba(156,122,108,1)
7,9: (40092,52428,32639,65535)  #9CCC7FFF  srgba(156,204,127,1)
8,9: (40349,24672,26728,65535)  #9D6068FF  srgba(157,96,104,1)
9,9: (40606,44204,39321,65535)  #9EAC99FF  srgba(158,172,153,1)
10,9: (41634,36751,47031,65535)  #A28FB7FF  srgba(162,143,183,1)
11,9: (41634,40863,46260,65535)  #A29FB4FF  srgba(162,159,180,1)
12,9: (41634,44204,43690,65535)  #A2ACAAFF  srgba(162,172,170,1)
13,9: (41634,44461,49858,65535)  #A2ADC2FF  srgba(162,173,194,1)
14,9: (42148,51400,44975,65535)  #A4C8AFFF  srgba(164,200,175,1)
15,9: (42919,40606,39321,65535)  #A79E99FF  srgba(167,158,153,1)
0,10: (44204,35980,38550,65535)  #AC8C96FF  srgba(172,140,150,1)
1,10: (44975,24158,26471,65535)  #AF5E67FF  srgba(175,94,103,1)
2,10: (45232,29812,7453,65535)  #B0741DFF  srgba(176,116,29,1)
3,10: (45489,35209,28527,65535)  #B1896FFF  srgba(177,137,111,1)
4,10: (45746,51143,44975,65535)  #B2C7AFFF  srgba(178,199,175,1)
5,10: (45746,52685,54227,65535)  #B2CDD3FF  srgba(178,205,211,1)
6,10: (46003,44975,42405,65535)  #B3AFA5FF  srgba(179,175,165,1)
7,10: (46260,45232,49858,65535)  #B4B0C2FF  srgba(180,176,194,1)
8,10: (46517,42662,33410,65535)  #B5A682FF  srgba(181,166,130,1)
9,10: (46774,41891,25443,65535)  #B6A363FF  srgba(182,163,99,1)
10,10: (47031,49344,34438,65535)  #B7C086FF  srgba(183,192,134,1)
11,10: (47031,53456,13621,65535)  #B7D035FF  srgba(183,208,53,1)
12,10: (47288,54741,21588,65535)  #B8D554FF  srgba(184,213,84,1)
13,10: (47288,56540,34438,65535)  #B8DC86FF  srgba(184,220,134,1)
14,10: (48316,40863,47545,65535)  #BC9FB9FF  srgba(188,159,185,1)
15,10: (48573,14392,6682,65535)  #BD381AFF  srgba(189,56,26,1)
0,11: (48830,31611,26985,65535)  #BE7B69FF  srgba(190,123,105,1)
1,11: (48830,37522,16191,65535)  #BE923FFF  srgba(190,146,63,1)
2,11: (48830,51143,46003,65535)  #BEC7B3FF  srgba(190,199,179,1)
3,11: (49087,22616,9252,65535)  #BF5824FF  srgba(191,88,36,1)
4,11: (49087,36494,46517,65535)  #BF8EB5FF  srgba(191,142,181,1)
5,11: (49087,37008,8481,65535)  #BF9021FF  srgba(191,144,33,1)
6,11: (49087,42919,10023,65535)  #BFA727FF  srgba(191,167,39,1)
7,11: (49087,43947,15420,65535)  #BFAB3CFF  srgba(191,171,60,1)
8,11: (49087,56540,65278,65535)  #BFDCFEFF  srgba(191,220,254,1)
9,11: (49858,52942,54227,65535)  #C2CED3FF  srgba(194,206,211,1)
10,11: (51914,45232,48059,65535)  #CAB0BBFF  srgba(202,176,187,1)
11,11: (52428,51400,54227,65535)  #CCC8D3FF  srgba(204,200,211,1)
12,11: (52685,44975,41120,65535)  #CDAFA0FF  srgba(205,175,160,1)
13,11: (52685,56797,55512,65535)  #CDDDD8FF  srgba(205,221,216,1)
14,11: (53199,45489,55255,65535)  #CFB1D7FF  srgba(207,177,215,1)
15,11: (53456,42919,31611,65535)  #D0A77BFF  srgba(208,167,123,1)
0,12: (53456,51143,48830,65535)  #D0C7BEFF  srgba(208,199,190,1)
1,12: (54484,23901,24672,65535)  #D45D60FF  srgba(212,93,96,1)
2,12: (54484,41891,23644,65535)  #D4A35CFF  srgba(212,163,92,1)
3,12: (54484,50886,42919,65535)  #D4C6A7FF  srgba(212,198,167,1)
4,12: (54741,35209,26214,65535)  #D58966FF  srgba(213,137,102,1)
5,12: (55255,30069,6682,65535)  #D7751AFF  srgba(215,117,26,1)
6,12: (55255,53713,55512,65535)  #D7D1D8FF  srgba(215,209,216,1)
7,12: (55512,30326,14392,65535)  #D87638FF  srgba(216,118,56,1)
8,12: (55512,50629,31354,65535)  #D8C57AFF  srgba(216,197,122,1)
9,12: (55512,57054,42662,65535)  #D8DEA6FF  srgba(216,222,166,1)
10,12: (55769,57311,48830,65535)  #D9DFBEFF  srgba(217,223,190,1)
11,12: (55769,58082,30583,65535)  #D9E277FF  srgba(217,226,119,1)
12,12: (55769,59110,57568,65535)  #D9E6E0FF  srgba(217,230,224,1)
13,12: (56026,50886,19275,65535)  #DAC64BFF  srgba(218,198,75,1)
14,12: (56283,52942,12850,65535)  #DBCE32FF  srgba(219,206,50,1)
15,12: (56283,59624,19275,65535)  #DBE84BFF  srgba(219,232,75,1)
0,13: (57311,60395,65021,65535)  #DFEBFDFF  srgba(223,235,253,1)
1,13: (58596,38550,14649,65535)  #E49639FF  srgba(228,150,57,1)
2,13: (58596,56540,54998,65535)  #E4DCD6FF  srgba(228,220,214,1)
3,13: (58853,44461,14906,65535)  #E5AD3AFF  srgba(229,173,58,1)
4,13: (58853,57311,60138,65535)  #E5DFEAFF  srgba(229,223,234,1)
5,13: (59110,61680,57311,65535)  #E6F0DFFF  srgba(230,240,223,1)
6,13: (59367,62194,61937,65535)  #E7F2F1FF  srgba(231,242,241,1)
7,13: (59881,62194,65021,65535)  #E9F2FDFF  srgba(233,242,253,1)
8,13: (60395,15420,6939,65535)  #EB3C1BFF  srgba(235,60,27,1)
9,13: (60395,41634,8995,65535)  #EBA223FF  srgba(235,162,35,1)
10,13: (61166,43690,31097,65535)  #EEAA79FF  srgba(238,170,121,1)
11,13: (61423,22616,9509,65535)  #EF5825FF  srgba(239,88,37,1)
12,13: (61423,42148,11051,65535)  #EFA42BFF  srgba(239,164,43,1)
13,13: (61423,63222,65021,65535)  #EFF6FDFF  srgba(239,246,253,1)
14,13: (61680,36237,9509,65535)  #F08D25FF  srgba(240,141,37,1)
15,13: (62194,56283,54741,65535)  #F2DBD5FF  srgba(242,219,213,1)
0,14: (62194,60909,56283,65535)  #F2EDDBFF  srgba(242,237,219,1)
1,14: (62451,61166,60909,65535)  #F3EEEDFF  srgba(243,238,237,1)
2,14: (62708,58082,39064,65535)  #F4E298FF  srgba(244,226,152,1)
3,14: (62708,63993,65021,65535)  #F4F9FDFF  srgba(244,249,253,1)
4,14: (62965,51400,37522,65535)  #F5C892FF  srgba(245,200,146,1)
5,14: (62965,54227,24158,65535)  #F5D35EFF  srgba(245,211,94,1)
6,14: (63222,43176,23644,65535)  #F6A85CFF  srgba(246,168,92,1)
7,14: (63222,52428,12079,65535)  #F6CC2FFF  srgba(246,204,47,1)
8,14: (63222,54227,16705,65535)  #F6D341FF  srgba(246,211,65,1)
9,14: (63222,63993,56540,65535)  #F6F9DCFF  srgba(246,249,220,1)
10,14: (63479,62965,62965,65535)  #F7F5F5FF  srgba(247,245,245,1)
11,14: (63736,64507,60909,65535)  #F8FBEDFF  srgba(248,251,237,1)
12,14: (63736,64507,65021,65535)  #F8FBFDFF  srgba(248,251,253,1)
13,14: (63993,65021,63222,65535)  #F9FDF6FF  srgba(249,253,246,1)
14,14: (64507,30583,8481,65535)  #FB7721FF  srgba(251,119,33,1)
15,14: (64507,64507,65021,65535)  #FBFBFDFF  srgba(251,251,253,1)
0,15: (64764,30583,13107,65535)  #FC7733FF  srgba(252,119,51,1)
1,15: (64764,38550,14392,65535)  #FC9638FF  srgba(252,150,56,1)
2,15: (64764,44718,14649,65535)  #FCAE39FF  srgba(252,174,57,1)
3,15: (65021,64764,65021,65535)  #FDFCFDFF  srgba(253,252,253,1)
4,15: (65021,65021,65021,65535)  #FDFDFDFF  srgba(253,253,253,1)
5,15: (65278,53456,14392,65535)  #FED038FF  srgba(254,208,56,1)
6,15: (65278,53970,31354,65535)  #FED27AFF  srgba(254,210,122,1)
7,15: (65278,54484,21074,65535)  #FED452FF  srgba(254,212,82,1)
8,15: (65278,57054,44204,65535)  #FEDEACFF  srgba(254,222,172,1)
9,15: (65278,62708,56540,65535)  #FEF4DCFF  srgba(254,244,220,1)
10,15: (65278,63222,65535,65535)  #FEF6FFFF  srgba(254,246,255,1)
11,15: (65278,63993,62194,65535)  #FEF9F2FF  srgba(254,249,242,1)
12,15: (65278,64507,65278,65535)  #FEFBFEFF  srgba(254,251,254,1)
13,15: (65278,64764,64250,65535)  #FEFCFAFF  srgba(254,252,250,1)
14,15: (65535,65535,65535,65535)  #FFFFFFFF  white
15,15: (0,65535,0,0)  #00FF0000  srgba(0,255,0,0)
