# ImageMagick pixel enumeration: 16,16,65535,srgba
0,0: (0,0,0,65535)  #000000FF  black
1,0: (257,1028,257,65535)  #010401FF  srgba(1,4,1,1)
2,0: (514,257,257,65535)  #020101FF  srgba(2,1,1,1)
3,0: (1028,0,257,65535)  #040001FF  srgba(4,0,1,1)
4,0: (1542,0,257,65535)  #060001FF  srgba(6,0,1,1)
5,0: (2570,3084,1542,65535)  #0A0C06FF  srgba(10,12,6,1)
6,0: (2827,39835,59110,65535)  #0B9BE6FF  srgba(11,155,230,1)
7,0: (3084,4626,2056,65535)  #0C1208FF  srgba(12,18,8,1)
8,0: (3084,7967,5140,65535)  #0C1F14FF  srgba(12,31,20,1)
9,0: (5911,47802,59110,65535)  #17BAE6FF  srgba(23,186,230,1)
10,0: (7710,1285,771,65535)  #1E0503FF  srgba(30,5,3,1)
11,0: (8481,39321,49858,65535)  #2199C2FF  srgba(33,153,194,1)
12,0: (8481,48573,48830,65535)  #21BDBEFF  srgba(33,189,190,1)
13,0: (9509,5140,4112,65535)  #251410FF  srgba(37,20,16,1)
14,0: (9509,10280,7710,65535)  #25281EFF  srgba(37,40,30,1)
15,0: (13107,58596,54741,65535)  #33E4D5FF  srgba(51,228,213,1)
0,1: (13878,59367,49601,65535)  #36E7C1FF  srgba(54,231,193,1)
1,1: (14906,39064,57825,65535)  #3A98E1FF  srgba(58,152,225,1)
2,1: (16448,6939,5397,65535)  #401B15FF  srgba(64,27,21,1)
3,1: (16962,13364,5397,65535)  #423415FF  srgba(66,52,21,1)
4,1: (16962,48573,58339,65535)  #42BDE3FF  srgba(66,189,227,1)
5,1: (17476,38550,49087,65535)  #4496BFFF  srgba(68,150,191,1)
6,1: (18247,58853,46774,65535)  #47E5B6FF  srgba(71,229,182,1)
7,1: (18504,49087,48059,65535)  #48BFBBFF  srgba(72,191,187,1)
8,1: (20046,59367,51400,65535)  #4EE7C8FF  srgba(78,231,200,1)
9,1: (22616,17476,18761,65535)  #584449FF  srgba(88,68,73,1)
10,1: (23387,40349,35980,65535)  #5B9D8CFF  srgba(91,157,140,1)
11,1: (23387,58596,46517,65535)  #5BE4B5FF  srgba(91,228,181,1)
12,1: (24158,38550,55255,65535)  #5E96D7FF  srgba(94,150,215,1)
13,1: (24415,38293,47031,65535)  #5F95B7FF  srgba(95,149,183,1)
14,1: (24672,48573,58596,65535)  #60BDE4FF  srgba(96,189,228,1)
15,1: (24672,49087,52428,65535)  #60BFCCFF  srgba(96,191,204,1)
0,2: (24929,49344,46260,65535)  #61C0B4FF  srgba(97,192,180,1)
1,2: (24929,58853,52685,65535)  #61E5CDFF  srgba(97,229,205,1)
2,2: (24929,59110,48830,65535)  #61E6BEFF  srgba(97,230,190,1)
3,2: (26214,58596,46517,65535)  #66E4B5FF  srgba(102,228,181,1)
4,2: (29298,58853,48573,65535)  #72E5BDFF  srgba(114,229,189,1)
5,2: (29298,58853,52171,65535)  #72E5CBFF  srgba(114,229,203,1)
6,2: (29555,58596,47288,65535)  #73E4B8FF  srgba(115,228,184,1)
7,2: (29812,58082,45232,65535)  #74E2B0FF  srgba(116,226,176,1)
8,2: (30069,28527,31097,65535)  #756F79FF  srgba(117,111,121,1)
9,2: (31354,32896,32639,65535)  #7A807FFF  srgba(122,128,127,1)
10,2: (31354,39578,35209,65535)  #7A9A89FF  srgba(122,154,137,1)
11,2: (31611,42148,54484,65535)  #7BA4D4FF  srgba(123,164,212,1)
12,2: (31868,35980,46517,65535)  #7C8CB5FF  srgba(124,140,181,1)
13,2: (31868,35980,53713,65535)  #7C8CD1FF  srgba(124,140,209,1)
14,2: (31868,42662,46003,65535)  #7CA6B3FF  srgba(124,166,179,1)
15,2: (31868,49601,56283,65535)  #7CC1DBFF  srgba(124,193,219,1)
0,3: (31868,50372,49858,65535)  #7CC4C2FF  srgba(124,196,194,1)
1,3: (32125,48316,44718,65535)  #7DBCAEFF  srgba(125,188,174,1)
2,3: (32125,52942,44975,65535)  #7DCEAFFF  srgba(125,206,175,1)
3,3: (33410,58596,48830,65535)  #82E4BEFF  srgba(130,228,190,1)
4,3: (33667,58339,46260,65535)  #83E3B4FF  srgba(131,227,180,1)
5,3: (33667,58339,47545,65535)  #83E3B9FF  srgba(131,227,185,1)
6,3: (33667,58339,52685,65535)  #83E3CDFF  srgba(131,227,205,1)
7,3: (33924,57311,43690,65535)  #84DFAAFF  srgba(132,223,170,1)
8,3: (33924,57825,45232,65535)  #84E1B0FF  srgba(132,225,176,1)
9,3: (34181,38293,34952,65535)  #859588FF  srgba(133,149,136,1)
10,3: (37779,39321,35723,65535)  #93998BFF  srgba(147,153,139,1)
11,3: (37779,52171,43176,65535)  #93CBA8FF  srgba(147,203,168,1)
12,3: (38293,58082,46260,65535)  #95E2B4FF  srgba(149,226,180,1)
13,3: (38293,58339,47288,65535)  #95E3B8FF  srgba(149,227,184,1)
14,3: (38293,58339,48830,65535)  #95E3BEFF  srgba(149,227,190,1)
15,3: (38550,57568,45232,65535)  #96E0B0FF  srgba(150,224,176,1)
0,4: (38550,57825,52942,65535)  #96E1CEFF  srgba(150,225,206,1)
1,4: (38807,36237,54484,65535)  #978DD4FF  srgba(151,141,212,1)
2,4: (38807,43690,50886,65535)  #97AAC6FF  srgba(151,170,198,1)
3,4: (38807,43690,55769,65535)  #97AAD9FF  srgba(151,170,217,1)
4,4: (38807,50886,56283,65535)  #97C6DBFF  srgba(151,198,219,1)
5,4: (38807,51143,50372,65535)  #97C7C4FF  srgba(151,199,196,1)
6,4: (38807,57311,44204,65535)  #97DFACFF  srgba(151,223,172,1)
7,4: (39064,36494,50886,65535)  #988EC6FF  srgba(152,142,198,1)
8,4: (39064,44204,42919,65535)  #98ACA7FF  srgba(152,172,167,1)
9,4: (39064,44204,47545,65535)  #98ACB9FF  srgba(152,172,185,1)
10,4: (39064,51657,47288,65535)  #98C9B8FF  srgba(152,201,184,1)
11,4: (39064,57054,43176,65535)  #98DEA8FF  srgba(152,222,168,1)
12,4: (39321,33924,45489,65535)  #9984B1FF  srgba(153,132,177,1)
13,4: (39321,38807,45489,65535)  #9997B1FF  srgba(153,151,177,1)
14,4: (39321,56540,41634,65535)  #99DCA2FF  srgba(153,220,162,1)
15,4: (41377,52171,42919,65535)  #A1CBA7FF  srgba(161,203,167,1)
0,5: (42148,31868,34181,65535)  #A47C85FF  srgba(164,124,133,1)
1,5: (42662,57825,43690,65535)  #A6E1AAFF  srgba(166,225,170,1)
2,5: (42919,56540,43690,65535)  #A7DCAAFF  srgba(167,220,170,1)
3,5: (42919,57568,42662,65535)  #A7E0A6FF  srgba(167,224,166,1)
4,5: (43690,56026,42662,65535)  #AADAA6FF  srgba(170,218,166,1)
5,5: (43690,56540,44718,65535)  #AADCAEFF  srgba(170,220,174,1)
6,5: (43947,58082,45746,65535)  #ABE2B2FF  srgba(171,226,178,1)
7,5: (44204,58339,47288,65535)  #ACE3B8FF  srgba(172,227,184,1)
8,5: (44204,58596,44718,65535)  #ACE4AEFF  srgba(172,228,174,1)
9,5: (44461,57568,53199,65535)  #ADE0CFFF  srgba(173,224,207,1)
10,5: (44461,58339,48830,65535)  #ADE3BEFF  srgba(173,227,190,1)
11,5: (44975,41377,36237,65535)  #AFA18DFF  srgba(175,161,141,1)
12,5: (44975,57054,41634,65535)  #AFDEA2FF  srgba(175,222,162,1)
13,5: (45232,39321,38550,65535)  #B09996FF  srgba(176,153,150,1)
14,5: (45232,46774,38550,65535)  #B0B696FF  srgba(176,182,150,1)
15,5: (45232,51657,47802,65535)  #B0C9BAFF  srgba(176,201,186,1)
0,6: (45232,52171,44975,65535)  #B0CBAFFF  srgba(176,203,175,1)
1,6: (45232,56026,41120,65535)  #B0DAA0FF  srgba(176,218,160,1)
2,6: (45489,39578,31868,65535)  #B19A7CFF  srgba(177,154,124,1)
3,6: (45489,44461,48830,65535)  #B1ADBEFF  srgba(177,173,190,1)
4,6: (45489,53456,38550,65535)  #B1D096FF  srgba(177,208,150,1)
5,6: (45489,55769,39835,65535)  #B1D99BFF  srgba(177,217,155,1)
6,6: (45489,55769,41634,65535)  #B1D9A2FF  srgba(177,217,162,1)
7,6: (45746,51657,41891,65535)  #B2C9A3FF  srgba(178,201,163,1)
8,6: (46003,54227,41120,65535)  #B3D3A0FF  srgba(179,211,160,1)
9,6: (46003,56283,43433,65535)  #B3DBA9FF  srgba(179,219,169,1)
10,6: (46003,57568,42662,65535)  #B3E0A6FF  srgba(179,224,166,1)
11,6: (46003,58082,43690,65535)  #B3E2AAFF  srgba(179,226,170,1)
12,6: (46260,39064,43690,65535)  #B498AAFF  srgba(180,152,170,1)
13,6: (46260,44718,43690,65535)  #B4AEAAFF  srgba(180,174,170,1)
14,6: (46774,56283,42405,65535)  #B6DBA5FF  srgba(182,219,165,1)
15,6: (47288,36751,53970,65535)  #B88FD2FF  srgba(184,143,210,1)
0,7: (48059,36494,50886,65535)  #BB8EC6FF  srgba(187,142,198,1)
1,7: (48059,51143,56540,65535)  #BBC7DCFF  srgba(187,199,220,1)
2,7: (48316,44718,57311,65535)  #BCAEDFFF  srgba(188,174,223,1)
3,7: (48316,51400,50886,65535)  #BCC8C6FF  srgba(188,200,198,1)
4,7: (48573,34181,48573,65535)  #BD85BDFF  srgba(189,133,189,1)
5,7: (48573,38807,48573,65535)  #BD97BDFF  srgba(189,151,189,1)
6,7: (48573,44204,52428,65535)  #BDACCCFF  srgba(189,172,204,1)
7,7: (49087,32639,43690,65535)  #BF7FAAFF  srgba(191,127,170,1)
8,7: (49344,35723,43690,65535)  #C08BAAFF  srgba(192,139,170,1)
9,7: (49601,55512,41120,65535)  #C1D8A0FF  srgba(193,216,160,1)
10,7: (49601,57825,44461,65535)  #C1E1ADFF  srgba(193,225,173,1)
11,7: (49601,58339,45746,65535)  #C1E3B2FF  srgba(193,227,178,1)
12,7: (49858,57311,43176,65535)  #C2DFA8FF  srgba(194,223,168,1)
13,7: (49858,57825,47545,65535)  #C2E1B9FF  srgba(194,225,185,1)
14,7: (50115,55769,40349,65535)  #C3D99DFF  srgba(195,217,157,1)
15,7: (50115,56797,41120,65535)  #C3DDA0FF  srgba(195,221,160,1)
0,8: (50372,53456,38293,65535)  #C4D095FF  srgba(196,208,149,1)
1,8: (50372,56026,42148,65535)  #C4DAA4FF  srgba(196,218,164,1)
2,8: (50372,57311,42148,65535)  #C4DFA4FF  srgba(196,223,164,1)
3,8: (50629,51914,44975,65535)  #C5CAAFFF  srgba(197,202,175,1)
4,8: (50886,51914,47802,65535)  #C6CABAFF  srgba(198,202,186,1)
5,8: (51143,44204,48830,65535)  #C7ACBEFF  srgba(199,172,190,1)
6,8: (51143,51657,41634,65535)  #C7C9A2FF  srgba(199,201,162,1)
7,8: (51400,54227,41120,65535)  #C8D3A0FF  srgba(200,211,160,1)
8,8: (51657,55769,39578,65535)  #C9D99AFF  srgba(201,217,154,1)
9,8: (51914,39064,43690,65535)  #CA98AAFF  srgba(202,152,170,1)
10,8: (51914,44718,43433,65535)  #CAAEA9FF  srgba(202,174,169,1)
11,8: (52171,55512,38550,65535)  #CBD896FF  srgba(203,216,150,1)
12,8: (52428,55512,41120,65535)  #CCD8A0FF  srgba(204,216,160,1)
13,8: (52942,57054,53456,65535)  #CEDED0FF  srgba(206,222,208,1)
14,8: (53199,45746,38293,65535)  #CFB295FF  srgba(207,178,149,1)
15,8: (53199,56026,40349,65535)  #CFDA9DFF  srgba(207,218,157,1)
0,9: (53199,57054,49601,65535)  #CFDEC1FF  srgba(207,222,193,1)
1,9: (53456,56797,41120,65535)  #D0DDA0FF  srgba(208,221,160,1)
2,9: (53713,53456,38036,65535)  #D1D094FF  srgba(209,208,148,1)
3,9: (54227,56540,43176,65535)  #D3DCA8FF  srgba(211,220,168,1)
4,9: (54227,58082,45746,65535)  #D3E2B2FF  srgba(211,226,178,1)
5,9: (54484,58082,44461,65535)  #D4E2ADFF  srgba(212,226,173,1)
6,9: (54998,58339,43433,65535)  #D6E3A9FF  srgba(214,227,169,1)
7,9: (55255,56797,47802,65535)  #D7DDBAFF  srgba(215,221,186,1)
8,9: (55255,57568,42148,65535)  #D7E0A4FF  srgba(215,224,164,1)
9,9: (55512,56026,42148,65535)  #D8DAA4FF  srgba(216,218,164,1)
10,9: (56026,32896,35980,65535)  #DA808CFF  srgba(218,128,140,1)
11,9: (56026,36237,35723,65535)  #DA8D8BFF  srgba(218,141,139,1)
12,9: (56283,39321,33153,65535)  #DB9981FF  srgba(219,153,129,1)
13,9: (56283,39321,37779,65535)  #DB9993FF  srgba(219,153,147,1)
14,9: (56283,45232,35723,65535)  #DBB08BFF  srgba(219,176,139,1)
15,9: (56540,55769,40863,65535)  #DCD99FFF  srgba(220,217,159,1)
0,10: (56540,56797,40863,65535)  #DCDD9FFF  srgba(220,221,159,1)
1,10: (56797,44461,32896,65535)  #DDAD80FF  srgba(221,173,128,1)
2,10: (56797,56026,39835,65535)  #DDDA9BFF  srgba(221,218,155,1)
3,10: (57054,46003,41634,65535)  #DEB3A2FF  srgba(222,179,162,1)
4,10: (57054,53713,40863,65535)  #DED19FFF  srgba(222,209,159,1)
5,10: (57054,55769,38807,65535)  #DED997FF  srgba(222,217,151,1)
6,10: (57311,52171,45232,65535)  #DFCBB0FF  srgba(223,203,176,1)
7,10: (57311,53713,38807,65535)  #DFD197FF  srgba(223,209,151,1)
8,10: (57568,38036,45489,65535)  #E094B1FF  srgba(224,148,177,1)
9,10: (57568,43947,48316,65535)  #E0ABBCFF  srgba(224,171,188,1)
10,10: (57568,51400,48316,65535)  #E0C8BCFF  srgba(224,200,188,1)
11,10: (57825,44461,45232,65535)  #E1ADB0FF  srgba(225,173,176,1)
12,10: (57825,53456,36751,65535)  #E1D08FFF  srgba(225,208,143,1)
13,10: (58339,39064,42148,65535)  #E398A4FF  srgba(227,152,164,1)
14,10: (58339,46003,38293,65535)  #E3B395FF  srgba(227,179,149,1)
15,10: (58596,38036,47031,65535)  #E494B7FF  srgba(228,148,183,1)
0,11: (58853,38550,51400,65535)  #E596C8FF  srgba(229,150,200,1)
1,11: (59110,44718,55255,65535)  #E6AED7FF  srgba(230,174,215,1)
2,11: (59624,51143,55769,65535)  #E8C7D9FF  srgba(232,199,217,1)
3,11: (59881,43947,51143,65535)  #E9ABC7FF  srgba(233,171,199,1)
4,11: (59881,56283,40606,65535)  #E9DB9EFF  srgba(233,219,158,1)
5,11: (60138,38036,48573,65535)  #EA94BDFF  srgba(234,148,189,1)
6,11: (60138,50886,51143,65535)  #EAC6C7FF  srgba(234,198,199,1)
7,11: (60652,34952,42148,65535)  #EC88A4FF  srgba(236,136,164,1)
8,11: (60652,55769,39578,65535)  #ECD99AFF  srgba(236,217,154,1)
9,11: (60652,57311,41634,65535)  #ECDFA2FF  srgba(236,223,162,1)
10,11: (60909,56026,38550,65535)  #EDDA96FF  srgba(237,218,150,1)
11,11: (61166,56540,43176,65535)  #EEDCA8FF  srgba(238,220,168,1)
12,11: (61423,31097,42405,65535)  #EF79A5FF  srgba(239,121,165,1)
13,11: (61423,54998,38293,65535)  #EFD695FF  srgba(239,214,149,1)
14,11: (61423,55769,41634,65535)  #EFD9A2FF  srgba(239,217,162,1)
15,11: (61423,56026,46003,65535)  #EFDAB3FF  srgba(239,218,179,1)
0,12: (61680,56540,49344,65535)  #F0DCC0FF  srgba(240,220,192,1)
1,12: (61937,45489,41377,65535)  #F1B1A1FF  srgba(241,177,161,1)
2,12: (62451,37008,38036,65535)  #F39094FF  srgba(243,144,148,1)
3,12: (62708,37779,45489,65535)  #F493B1FF  srgba(244,147,177,1)
4,12: (62965,39064,41891,65535)  #F598A3FF  srgba(245,152,163,1)
5,12: (62965,42148,37779,65535)  #F5A493FF  srgba(245,164,147,1)
6,12: (62965,43947,48316,65535)  #F5ABBCFF  srgba(245,171,188,1)
7,12: (62965,51143,48316,65535)  #F5C7BCFF  srgba(245,199,188,1)
8,12: (62965,51657,44975,65535)  #F5C9AFFF  srgba(245,201,175,1)
9,12: (63222,45746,37522,65535)  #F6B292FF  srgba(246,178,146,1)
10,12: (63222,56026,40606,65535)  #F6DA9EFF  srgba(246,218,158,1)
11,12: (63479,51143,35980,65535)  #F7C78CFF  srgba(247,199,140,1)
12,12: (63479,55255,37265,65535)  #F7D791FF  srgba(247,215,145,1)
13,12: (63736,43947,45232,65535)  #F8ABB0FF  srgba(248,171,176,1)
14,12: (63736,53199,41120,65535)  #F8CFA0FF  srgba(248,207,160,1)
15,12: (63736,55255,38293,65535)  #F8D795FF  srgba(248,215,149,1)
0,13: (63993,30069,45489,65535)  #F975B1FF  srgba(249,117,177,1)
1,13: (63993,50629,38293,65535)  #F9C595FF  srgba(249,197,149,1)
2,13: (63993,53970,37522,65535)  #F9D292FF  srgba(249,210,146,1)
3,13: (63993,54484,38036,65535)  #F9D494FF  srgba(249,212,148,1)
4,13: (63993,55769,39578,65535)  #F9D99AFF  srgba(249,217,154,1)
5,13: (64250,29041,47545,65535)  #FA71B9FF  srgba(250,113,185,1)
6,13: (64250,31097,43176,65535)  #FA79A8FF  srgba(250,121,168,1)
7,13: (64250,36751,47031,65535)  #FA8FB7FF  srgba(250,143,183,1)
8,13: (64507,35209,42919,65535)  #FB89A7FF  srgba(251,137,167,1)
9,13: (64507,39321,42405,65535)  #FB99A5FF  srgba(251,153,165,1)
10,13: (64507,42919,41120,65535)  #FBA7A0FF  srgba(251,167,160,1)
11,13: (64507,47288,41120,65535)  #FBB8A0FF  srgba(251,184,160,1)
12,13: (64507,54484,36494,65535)  #FBD48EFF  srgba(251,212,142,1)
13,13: (64764,36751,45232,65535)  #FC8FB0FF  srgba(252,143,176,1)
14,13: (64764,53970,35980,65535)  #FCD28CFF  srgba(252,210,140,1)
15,13: (64764,54998,36237,65535)  #FCD68DFF  srgba(252,214,141,1)
0,14: (64764,54998,37008,65535)  #FCD690FF  srgba(252,214,144,1)
1,14: (64764,54998,37265,65535)  #FCD691FF  srgba(252,214,145,1)
2,14: (65021,55255,38036,65535)  #FDD794FF  srgba(253,215,148,1)
3,14: (65278,28784,47802,65535)  #FE70BAFF  srgba(254,112,186,1)
4,14: (65278,31868,44204,65535)  #FE7CACFF  srgba(254,124,172,1)
5,14: (65278,32382,47545,65535)  #FE7EB9FF  srgba(254,126,185,1)
6,14: (65278,35466,44204,65535)  #FE8AACFF  srgba(254,138,172,1)
7,14: (65278,35980,46517,65535)  #FE8CB5FF  srgba(254,140,181,1)
8,14: (65278,38293,43690,65535)  #FE95AAFF  srgba(254,149,170,1)
9,14: (65278,38807,48059,65535)  #FE97BBFF  srgba(254,151,187,1)
10,14: (65278,39835,50629,65535)  #FE9BC5FF  srgba(254,155,197,1)
11,14: (65278,41120,46517,65535)  #FEA0B5FF  srgba(254,160,181,1)
12,14: (65278,41891,43947,65535)  #FEA3ABFF  srgba(254,163,171,1)
13,14: (65278,42662,40863,65535)  #FEA69FFF  srgba(254,166,159,1)
14,14: (65278,47288,39578,65535)  #FEB89AFF  srgba(254,184,154,1)
15,14: (65278,47288,42405,65535)  #FEB8A5FF  srgba(254,184,165,1)
0,15: (65278,47288,45489,65535)  #FEB8B1FF  srgba(254,184,177,1)
1,15: (65278,48830,51914,65535)  #FEBECAFF  srgba(254,190,202,1)
2,15: (65278,49344,48059,65535)  #FEC0BBFF  srgba(254,192,187,1)
3,15: (65278,50886,39064,65535)  #FEC698FF  srgba(254,198,152,1)
4,15: (65278,51657,45489,65535)  #FEC9B1FF  srgba(254,201,177,1)
5,15: (65278,51914,42405,65535)  #FECAA5FF  srgba(254,202,165,1)
6,15: (65278,52942,38550,65535)  #FECE96FF  srgba(254,206,150,1)
7,15: (65278,53970,41891,65535)  #FED2A3FF  srgba(254,210,163,1)
8,15: (65278,54227,35980,65535)  #FED38CFF  srgba(254,211,140,1)
9,15: (65278,54227,37265,65535)  #FED391FF  srgba(254,211,145,1)
10,15: (65278,54227,37779,65535)  #FED393FF  srgba(254,211,147,1)
11,15: (65278,54227,38807,65535)  #FED397FF  srgba(254,211,151,1)
12,15: (65278,54484,36237,65535)  #FED48DFF  srgba(254,212,141,1)
13,15: (65278,54998,37265,65535)  #FED691FF  srgba(254,214,145,1)
14,15: (65535,54484,36751,65535)  #FFD48FFF  srgba(255,212,143,1)
15,15: (0,65535,0,0)  #00FF0000  srgba(0,255,0,0)
