# ImageMagick pixel enumeration: 16,16,65535,srgba
0,0: (0,0,41377,65535)  #0000A1FF  srgba(0,0,161,1)
1,0: (0,257,56540,65535)  #0001DCFF  srgba(0,1,220,1)
2,0: (0,257,61680,65535)  #0001F0FF  srgba(0,1,240,1)
3,0: (0,1285,65021,65535)  #0005FDFF  srgba(0,5,253,1)
4,0: (257,1542,65278,65535)  #0106FEFF  srgba(1,6,254,1)
5,0: (771,0,49601,65535)  #0300C1FF  srgba(3,0,193,1)
6,0: (1028,1028,59367,65535)  #0404E7FF  srgba(4,4,231,1)
7,0: (1028,1028,65021,65535)  #0404FDFF  srgba(4,4,253,1)
8,0: (1542,0,19532,65535)  #06004CFF  srgba(6,0,76,1)
9,0: (1542,0,27499,65535)  #06006BFF  srgba(6,0,107,1)
10,0: (1542,0,32896,65535)  #060080FF  srgba(6,0,128,1)
11,0: (1542,0,35723,65535)  #06008BFF  srgba(6,0,139,1)
12,0: (1799,0,13621,65535)  #070035FF  srgba(7,0,53,1)
13,0: (1799,0,19789,65535)  #07004DFF  srgba(7,0,77,1)
14,0: (1799,514,9252,65535)  #070224FF  srgba(7,2,36,1)
15,0: (1799,1285,62965,65535)  #0705F5FF  srgba(7,5,245,1)
0,1: (2056,0,27499,65535)  #08006BFF  srgba(8,0,107,1)
1,1: (2056,257,61680,65535)  #0801F0FF  srgba(8,1,240,1)
2,1: (2313,257,56540,65535)  #0901DCFF  srgba(9,1,220,1)
3,1: (2313,514,51143,65535)  #0902C7FF  srgba(9,2,199,1)
4,1: (2570,0,8995,65535)  #0A0023FF  srgba(10,0,35,1)
5,1: (2570,0,40863,65535)  #0A009FFF  srgba(10,0,159,1)
6,1: (2570,514,30583,65535)  #0A0277FF  srgba(10,2,119,1)
7,1: (2570,3084,19789,65535)  #0A0C4DFF  srgba(10,12,77,1)
8,1: (2827,0,8995,65535)  #0B0023FF  srgba(11,0,35,1)
9,1: (2827,514,47031,65535)  #0B02B7FF  srgba(11,2,183,1)
10,1: (2827,2827,30840,65535)  #0B0B78FF  srgba(11,11,120,1)
11,1: (3084,7710,7967,65535)  #0C1E1FFF  srgba(12,30,31,1)
12,1: (3598,514,40863,65535)  #0E029FFF  srgba(14,2,159,1)
13,1: (3598,1799,65278,65535)  #0E07FEFF  srgba(14,7,254,1)
14,1: (4112,1542,43947,65535)  #1006ABFF  srgba(16,6,171,1)
15,1: (4626,6939,51143,65535)  #121BC7FF  srgba(18,27,199,1)
0,2: (4626,9252,43433,65535)  #1224A9FF  srgba(18,36,169,1)
1,2: (4626,10537,30840,65535)  #122978FF  srgba(18,41,120,1)
2,2: (5140,3855,60138,65535)  #140FEAFF  srgba(20,15,234,1)
3,2: (5911,1285,51400,65535)  #1705C8FF  srgba(23,5,200,1)
4,2: (5911,10537,57054,65535)  #1729DEFF  srgba(23,41,222,1)
5,2: (6425,1799,58853,65535)  #1907E5FF  srgba(25,7,229,1)
6,2: (6425,1799,62965,65535)  #1907F5FF  srgba(25,7,245,1)
7,2: (6425,10280,61937,65535)  #1928F1FF  srgba(25,40,241,1)
8,2: (6939,7196,65021,65535)  #1B1CFDFF  srgba(27,28,253,1)
9,2: (7453,2313,65021,65535)  #1D09FDFF  srgba(29,9,253,1)
10,2: (7710,2570,65021,65535)  #1E0AFDFF  srgba(30,10,253,1)
11,2: (7967,1285,58339,65535)  #1F05E3FF  srgba(31,5,227,1)
12,2: (8738,2056,65278,65535)  #2208FEFF  srgba(34,8,254,1)
13,2: (8995,1799,65021,65535)  #2307FDFF  srgba(35,7,253,1)
14,2: (10280,2313,64764,65535)  #2809FCFF  srgba(40,9,252,1)
15,2: (10537,20560,57568,65535)  #2950E0FF  srgba(41,80,224,1)
0,3: (11308,1542,58853,65535)  #2C06E5FF  srgba(44,6,229,1)
1,3: (11308,2313,65278,65535)  #2C09FEFF  srgba(44,9,254,1)
2,3: (11565,257,6682,65535)  #2D011AFF  srgba(45,1,26,1)
3,3: (11565,2056,59881,65535)  #2D08E9FF  srgba(45,8,233,1)
4,3: (11565,2570,50372,65535)  #2D0AC4FF  srgba(45,10,196,1)
5,3: (11565,3084,65278,65535)  #2D0CFEFF  srgba(45,12,254,1)
6,3: (11565,10794,59367,65535)  #2D2AE7FF  srgba(45,42,231,1)
7,3: (11565,22873,63479,65535)  #2D59F7FF  srgba(45,89,247,1)
8,3: (11822,0,26471,65535)  #2E0067FF  srgba(46,0,103,1)
9,3: (11822,514,16191,65535)  #2E023FFF  srgba(46,2,63,1)
10,3: (11822,514,40349,65535)  #2E029DFF  srgba(46,2,157,1)
11,3: (11822,2313,29555,65535)  #2E0973FF  srgba(46,9,115,1)
12,3: (11822,3341,41634,65535)  #2E0DA2FF  srgba(46,13,162,1)
13,3: (12079,2827,60395,65535)  #2F0BEBFF  srgba(47,11,235,1)
14,3: (12336,2827,64507,65535)  #300BFBFF  srgba(48,11,251,1)
15,3: (12336,21074,45232,65535)  #3052B0FF  srgba(48,82,176,1)
0,4: (12850,2827,65278,65535)  #320BFEFF  srgba(50,11,254,1)
1,4: (13107,19532,16448,65535)  #334C40FF  srgba(51,76,64,1)
2,4: (13621,21331,65278,65535)  #3553FEFF  srgba(53,83,254,1)
3,4: (13878,771,17219,65535)  #360343FF  srgba(54,3,67,1)
4,4: (13878,1542,32896,65535)  #360680FF  srgba(54,6,128,1)
5,4: (14135,1028,45746,65535)  #3704B2FF  srgba(55,4,178,1)
6,4: (14392,2056,59110,65535)  #3808E6FF  srgba(56,8,230,1)
7,4: (14392,3341,65278,65535)  #380DFEFF  srgba(56,13,254,1)
8,4: (14392,4369,48059,65535)  #3811BBFF  srgba(56,17,187,1)
9,4: (14649,3084,60138,65535)  #390CEAFF  srgba(57,12,234,1)
10,4: (14649,3341,64250,65535)  #390DFAFF  srgba(57,13,250,1)
11,4: (14906,10023,59367,65535)  #3A27E7FF  srgba(58,39,231,1)
12,4: (15420,1542,21588,65535)  #3C0654FF  srgba(60,6,84,1)
13,4: (15677,2056,34181,65535)  #3D0885FF  srgba(61,8,133,1)
14,4: (15677,20046,32125,65535)  #3D4E7DFF  srgba(61,78,125,1)
15,4: (15677,22359,57568,65535)  #3D57E0FF  srgba(61,87,224,1)
0,5: (16191,37779,65278,65535)  #3F93FEFF  srgba(63,147,254,1)
1,5: (16448,2827,65278,65535)  #400BFEFF  srgba(64,11,254,1)
2,5: (16705,4112,46774,65535)  #4110B6FF  srgba(65,16,182,1)
3,5: (16705,27499,18247,65535)  #416B47FF  srgba(65,107,71,1)
4,5: (16705,56540,5911,65535)  #41DC17FF  srgba(65,220,23,1)
5,5: (16962,56797,16705,65535)  #42DD41FF  srgba(66,221,65,1)
6,5: (17219,7453,65278,65535)  #431DFEFF  srgba(67,29,254,1)
7,5: (17219,40092,63736,65535)  #439CF8FF  srgba(67,156,248,1)
8,5: (17476,2827,59367,65535)  #440BE7FF  srgba(68,11,231,1)
9,5: (17476,5397,29555,65535)  #441573FF  srgba(68,21,115,1)
10,5: (17733,5654,64250,65535)  #4516FAFF  srgba(69,22,250,1)
11,5: (17733,23644,63479,65535)  #455CF7FF  srgba(69,92,247,1)
12,5: (17990,10280,59881,65535)  #4628E9FF  srgba(70,40,233,1)
13,5: (18761,22359,65278,65535)  #4957FEFF  srgba(73,87,254,1)
14,5: (18761,39578,58082,65535)  #499AE2FF  srgba(73,154,226,1)
15,5: (19275,24158,44975,65535)  #4B5EAFFF  srgba(75,94,175,1)
0,6: (19532,7453,47545,65535)  #4C1DB9FF  srgba(76,29,185,1)
1,6: (19532,20817,58082,65535)  #4C51E2FF  srgba(76,81,226,1)
2,6: (19532,29298,31868,65535)  #4C727CFF  srgba(76,114,124,1)
3,6: (19532,56797,29298,65535)  #4CDD72FF  srgba(76,221,114,1)
4,6: (19789,27242,57568,65535)  #4D6AE0FF  srgba(77,106,224,1)
5,6: (20817,48059,43433,65535)  #51BBA9FF  srgba(81,187,169,1)
6,6: (21331,10537,59881,65535)  #5329E9FF  srgba(83,41,233,1)
7,6: (21588,58339,11308,65535)  #54E32CFF  srgba(84,227,44,1)
8,6: (22102,10537,65278,65535)  #5629FEFF  srgba(86,41,254,1)
9,6: (22102,10794,29298,65535)  #562A72FF  srgba(86,42,114,1)
10,6: (22102,20817,63479,65535)  #5651F7FF  srgba(86,81,247,1)
11,6: (22102,44718,65278,65535)  #56AEFEFF  srgba(86,174,254,1)
12,6: (22359,28527,63479,65535)  #576FF7FF  srgba(87,111,247,1)
13,6: (22359,32639,65278,65535)  #577FFEFF  srgba(87,127,254,1)
14,6: (22359,57825,20046,65535)  #57E14EFF  srgba(87,225,78,1)
15,6: (22873,23130,65278,65535)  #595AFEFF  srgba(89,90,254,1)
0,7: (23130,11051,63993,65535)  #5A2BF9FF  srgba(90,43,249,1)
1,7: (23130,58339,43176,65535)  #5AE3A8FF  srgba(90,227,168,1)
2,7: (23901,11565,47288,65535)  #5D2DB8FF  srgba(93,45,184,1)
3,7: (24415,42662,57568,65535)  #5FA6E0FF  srgba(95,166,224,1)
4,7: (24929,39835,63479,65535)  #619BF7FF  srgba(97,155,247,1)
5,7: (25186,48316,46003,65535)  #62BCB3FF  srgba(98,188,179,1)
6,7: (25186,57568,30583,65535)  #62E077FF  srgba(98,224,119,1)
7,7: (25443,27242,20817,65535)  #636A51FF  srgba(99,106,81,1)
8,7: (25700,51400,63993,65535)  #64C8F9FF  srgba(100,200,249,1)
9,7: (25957,13621,65278,65535)  #6535FEFF  srgba(101,53,254,1)
10,7: (25957,20046,58082,65535)  #654EE2FF  srgba(101,78,226,1)
11,7: (25957,23130,44975,65535)  #655AAFFF  srgba(101,90,175,1)
12,7: (25957,24929,58082,65535)  #6561E2FF  srgba(101,97,226,1)
13,7: (26214,32896,65278,65535)  #6680FEFF  srgba(102,128,254,1)
14,7: (26214,56540,56797,65535)  #66DCDDFF  srgba(102,220,221,1)
15,7: (26471,12850,59624,65535)  #6732E8FF  srgba(103,50,232,1)
0,8: (26471,30069,58082,65535)  #6775E2FF  srgba(103,117,226,1)
1,8: (26471,41120,58082,65535)  #67A0E2FF  srgba(103,160,226,1)
2,8: (26471,53199,57311,65535)  #67CFDFFF  srgba(103,207,223,1)
3,8: (26728,30840,44718,65535)  #6878AEFF  srgba(104,120,174,1)
4,8: (26728,46260,65278,65535)  #68B4FEFF  srgba(104,180,254,1)
5,8: (27242,27242,32125,65535)  #6A6A7DFF  srgba(106,106,125,1)
6,8: (27499,47802,64250,65535)  #6BBAFAFF  srgba(107,186,250,1)
7,8: (27499,52428,64250,65535)  #6BCCFAFF  srgba(107,204,250,1)
8,8: (27499,59110,45746,65535)  #6BE6B2FF  srgba(107,230,178,1)
9,8: (27756,22616,63736,65535)  #6C58F8FF  srgba(108,88,248,1)
10,8: (27756,39321,20046,65535)  #6C994EFF  srgba(108,153,78,1)
11,8: (28013,20560,65278,65535)  #6D50FEFF  srgba(109,80,254,1)
12,8: (28013,55769,64250,65535)  #6DD9FAFF  srgba(109,217,250,1)
13,8: (28270,26985,65278,65535)  #6E69FEFF  srgba(110,105,254,1)
14,8: (28270,30583,63736,65535)  #6E77F8FF  srgba(110,119,248,1)
15,8: (28270,38807,31868,65535)  #6E977CFF  srgba(110,151,124,1)
0,9: (28527,50886,65278,65535)  #6FC6FEFF  srgba(111,198,254,1)
1,9: (28527,52428,64764,65535)  #6FCCFCFF  srgba(111,204,252,1)
2,9: (28527,52685,65278,65535)  #6FCDFEFF  srgba(111,205,254,1)
3,9: (28527,55512,65278,65535)  #6FD8FEFF  srgba(111,216,254,1)
4,9: (28784,57311,58082,65535)  #70DFE2FF  srgba(112,223,226,1)
5,9: (29041,37008,44718,65535)  #7190AEFF  srgba(113,144,174,1)
6,9: (29041,46517,44461,65535)  #71B5ADFF  srgba(113,181,173,1)
7,9: (29041,48059,58339,65535)  #71BBE3FF  srgba(113,187,227,1)
8,9: (29298,36494,58082,65535)  #728EE2FF  srgba(114,142,226,1)
9,9: (29298,47802,63993,65535)  #72BAF9FF  srgba(114,186,249,1)
10,9: (29555,56283,64507,65535)  #73DBFBFF  srgba(115,219,251,1)
11,9: (29812,33153,65278,65535)  #7481FEFF  srgba(116,129,254,1)
12,9: (29812,37265,63479,65535)  #7491F7FF  srgba(116,145,247,1)
13,9: (29812,54998,65278,65535)  #74D6FEFF  srgba(116,214,254,1)
14,9: (30069,41377,65278,65535)  #75A1FEFF  srgba(117,161,254,1)
15,9: (30069,57825,65278,65535)  #75E1FEFF  srgba(117,225,254,1)
0,10: (33153,24929,65278,65535)  #8161FEFF  srgba(129,97,254,1)
1,10: (33410,31868,65535,65535)  #827CFFFF  srgba(130,124,255,1)
2,10: (33410,35723,64507,65535)  #828BFBFF  srgba(130,139,251,1)
3,10: (33410,38036,65535,65535)  #8294FFFF  srgba(130,148,255,1)
4,10: (33410,60652,64764,65535)  #82ECFCFF  srgba(130,236,252,1)
5,10: (33667,28013,42405,65535)  #836DA5FF  srgba(131,109,165,1)
6,10: (33667,28527,64507,65535)  #836FFBFF  srgba(131,111,251,1)
7,10: (33924,34181,31868,65535)  #84857CFF  srgba(132,133,124,1)
8,10: (33924,38293,42148,65535)  #8495A4FF  srgba(132,149,164,1)
9,10: (33924,45746,23130,65535)  #84B25AFF  srgba(132,178,90,1)
10,10: (33924,61937,65278,65535)  #84F1FEFF  srgba(132,241,254,1)
11,10: (34181,24415,61423,65535)  #855FEFFF  srgba(133,95,239,1)
12,10: (34181,27499,53456,65535)  #856BD0FF  srgba(133,107,208,1)
13,10: (34181,31611,61423,65535)  #857BEFFF  srgba(133,123,239,1)
14,10: (34181,46774,33410,65535)  #85B682FF  srgba(133,182,130,1)
15,10: (34181,54484,64507,65535)  #85D4FBFF  srgba(133,212,251,1)
0,11: (34181,57568,61423,65535)  #85E0EFFF  srgba(133,224,239,1)
1,11: (34438,37265,53456,65535)  #8691D0FF  srgba(134,145,208,1)
2,11: (34438,37779,61423,65535)  #8693EFFF  srgba(134,147,239,1)
3,11: (34438,42662,53199,65535)  #86A6CFFF  srgba(134,166,207,1)
4,11: (34438,47288,42662,65535)  #86B8A6FF  srgba(134,184,166,1)
5,11: (34438,52685,53456,65535)  #86CDD0FF  srgba(134,205,208,1)
6,11: (34695,43176,61423,65535)  #87A8EFFF  srgba(135,168,239,1)
7,11: (34952,43690,64250,65535)  #88AAFAFF  srgba(136,170,250,1)
8,11: (34952,57825,65278,65535)  #88E1FEFF  srgba(136,225,254,1)
9,11: (35209,48573,61423,65535)  #89BDEFFF  srgba(137,189,239,1)
10,11: (35209,54998,65278,65535)  #89D6FEFF  srgba(137,214,254,1)
11,11: (35466,34181,20560,65535)  #8A8550FF  srgba(138,133,80,1)
12,11: (36237,44718,65278,65535)  #8DAEFEFF  srgba(141,174,254,1)
13,11: (36494,22616,64507,65535)  #8E58FBFF  srgba(142,88,251,1)
14,11: (36494,50629,65278,65535)  #8EC5FEFF  srgba(142,197,254,1)
15,11: (37779,13621,63993,65535)  #9335F9FF  srgba(147,53,249,1)
0,12: (37779,14135,65278,65535)  #9337FEFF  srgba(147,55,254,1)
1,12: (38807,31868,65278,65535)  #977CFEFF  srgba(151,124,254,1)
2,12: (38807,47802,42662,65535)  #97BAA6FF  srgba(151,186,166,1)
3,12: (39064,38036,65278,65535)  #9894FEFF  srgba(152,148,254,1)
4,12: (39064,43690,64507,65535)  #98AAFBFF  srgba(152,170,251,1)
5,12: (39064,44204,61680,65535)  #98ACF0FF  srgba(152,172,240,1)
6,12: (39064,48059,53456,65535)  #98BBD0FF  srgba(152,187,208,1)
7,12: (39321,13107,34695,65535)  #993387FF  srgba(153,51,135,1)
8,12: (39321,25186,65278,65535)  #9962FEFF  srgba(153,98,254,1)
9,12: (39321,52171,61423,65535)  #99CBEFFF  srgba(153,203,239,1)
10,12: (39321,52685,64507,65535)  #99CDFBFF  srgba(153,205,251,1)
11,12: (39835,13364,47031,65535)  #9B34B7FF  srgba(155,52,183,1)
12,12: (39835,35723,64250,65535)  #9B8BFAFF  srgba(155,139,250,1)
13,12: (41120,32639,42405,65535)  #A07FA5FF  srgba(160,127,165,1)
14,12: (41120,37008,61423,65535)  #A090EFFF  srgba(160,144,239,1)
15,12: (41120,46517,65535,65535)  #A0B5FFFF  srgba(160,181,255,1)
0,13: (41120,57568,65278,65535)  #A0E0FEFF  srgba(160,224,254,1)
1,13: (41377,28013,64507,65535)  #A16DFBFF  srgba(161,109,251,1)
2,13: (41377,52428,65278,65535)  #A1CCFEFF  srgba(161,204,254,1)
3,13: (41634,26214,61680,65535)  #A266F0FF  srgba(162,102,240,1)
4,13: (42148,47031,33667,65535)  #A4B783FF  srgba(164,183,131,1)
5,13: (42662,52428,64507,65535)  #A6CCFBFF  srgba(166,204,251,1)
6,13: (42919,46517,21845,65535)  #A7B555FF  srgba(167,181,85,1)
7,13: (43176,28270,53713,65535)  #A86ED1FF  srgba(168,110,209,1)
8,13: (43433,12593,19018,65535)  #A9314AFF  srgba(169,49,74,1)
9,13: (43690,36494,53456,65535)  #AA8ED0FF  srgba(170,142,208,1)
10,13: (43947,22359,64507,65535)  #AB57FBFF  srgba(171,87,251,1)
11,13: (45489,48573,42662,65535)  #B1BDA6FF  srgba(177,189,166,1)
12,13: (45489,53199,53456,65535)  #B1CFD0FF  srgba(177,207,208,1)
13,13: (45489,54227,61423,65535)  #B1D3EFFF  srgba(177,211,239,1)
14,13: (45489,55255,65278,65535)  #B1D7FEFF  srgba(177,215,254,1)
15,13: (45746,45232,61423,65535)  #B2B0EFFF  srgba(178,176,239,1)
0,14: (46003,44975,53456,65535)  #B3AFD0FF  srgba(179,175,208,1)
1,14: (46260,23644,65278,65535)  #B45CFEFF  srgba(180,92,254,1)
2,14: (46260,31611,31868,65535)  #B47B7CFF  srgba(180,123,124,1)
3,14: (46774,46003,65278,65535)  #B6B3FEFF  srgba(182,179,254,1)
4,14: (47031,30840,18761,65535)  #B77849FF  srgba(183,120,73,1)
5,14: (47288,26214,64507,65535)  #B866FBFF  srgba(184,102,251,1)
6,14: (47288,31097,65278,65535)  #B879FEFF  srgba(184,121,254,1)
7,14: (47802,28013,61423,65535)  #BA6DEFFF  srgba(186,109,239,1)
8,14: (47802,36237,65278,65535)  #BA8DFEFF  srgba(186,141,254,1)
9,14: (48059,12850,60395,65535)  #BB32EBFF  srgba(187,50,235,1)
10,14: (48059,43433,64507,65535)  #BBA9FBFF  srgba(187,169,251,1)
11,14: (48316,34181,64764,65535)  #BC85FCFF  srgba(188,133,252,1)
12,14: (48573,34438,65535,65535)  #BD86FFFF  srgba(189,134,255,1)
13,14: (48830,52428,64507,65535)  #BECCFBFF  srgba(190,204,251,1)
14,14: (49087,35980,64764,65535)  #BF8CFCFF  srgba(191,140,252,1)
15,14: (49344,35980,61166,65535)  #C08CEEFF  srgba(192,140,238,1)
0,15: (49344,55769,65278,65535)  #C0D9FEFF  srgba(192,217,254,1)
1,15: (49601,35723,53456,65535)  #C18BD0FF  srgba(193,139,208,1)
2,15: (50372,30069,42405,65535)  #C475A5FF  srgba(196,117,165,1)
3,15: (50629,33667,64764,65535)  #C583FCFF  srgba(197,131,252,1)
4,15: (50886,33153,65278,65535)  #C681FEFF  srgba(198,129,254,1)
5,15: (50886,36751,65278,65535)  #C68FFEFF  srgba(198,143,254,1)
6,15: (51143,26985,65278,65535)  #C769FEFF  srgba(199,105,254,1)
7,15: (51657,27756,53456,65535)  #C96CD0FF  srgba(201,108,208,1)
8,15: (52685,45746,65278,65535)  #CDB2FEFF  srgba(205,178,254,1)
9,15: (53970,23901,64507,65535)  #D25DFBFF  srgba(210,93,251,1)
10,15: (54227,24929,61423,65535)  #D361EFFF  srgba(211,97,239,1)
11,15: (55255,12593,63993,65535)  #D731F9FF  srgba(215,49,249,1)
12,15: (55512,58339,65278,65535)  #D8E3FEFF  srgba(216,227,254,1)
13,15: (56026,13107,65278,65535)  #DA33FEFF  srgba(218,51,254,1)
14,15: (57054,24158,65278,65535)  #DE5EFEFF  srgba(222,94,254,1)
15,15: (0,65535,0,0)  #00FF0000  srgba(0,255,0,0)
