# ImageMagick pixel enumeration: 16,16,65535,srgba
0,0: (0,0,514,65535)  #000002FF  srgba(0,0,2,1)
1,0: (0,0,1028,65535)  #000004FF  srgba(0,0,4,1)
2,0: (0,0,1285,65535)  #000005FF  srgba(0,0,5,1)
3,0: (0,0,2313,65535)  #000009FF  srgba(0,0,9,1)
4,0: (0,0,4112,65535)  #000010FF  srgba(0,0,16,1)
5,0: (0,0,5140,65535)  #000014FF  srgba(0,0,20,1)
6,0: (0,0,6425,65535)  #000019FF  srgba(0,0,25,1)
7,0: (0,0,10280,65535)  #000028FF  srgba(0,0,40,1)
8,0: (0,0,11822,65535)  #00002EFF  srgba(0,0,46,1)
9,0: (0,0,16191,65535)  #00003FFF  srgba(0,0,63,1)
10,0: (0,0,19532,65535)  #00004CFF  srgba(0,0,76,1)
11,0: (0,0,20046,65535)  #00004EFF  srgba(0,0,78,1)
12,0: (0,0,28270,65535)  #00006EFF  srgba(0,0,110,1)
13,0: (0,0,38036,65535)  #000094FF  srgba(0,0,148,1)
14,0: (0,0,38807,65535)  #000097FF  srgba(0,0,151,1)
15,0: (0,0,44975,65535)  #0000AFFF  srgba(0,0,175,1)
0,1: (0,257,257,65535)  #000101FF  srgba(0,1,1,1)
1,1: (0,257,16962,65535)  #000142FF  srgba(0,1,66,1)
2,1: (0,257,26471,65535)  #000167FF  srgba(0,1,103,1)
3,1: (0,257,34695,65535)  #000187FF  srgba(0,1,135,1)
4,1: (0,257,45746,65535)  #0001B2FF  srgba(0,1,178,1)
5,1: (0,257,53456,65535)  #0001D0FF  srgba(0,1,208,1)
6,1: (0,514,60395,65535)  #0002EBFF  srgba(0,2,235,1)
7,1: (0,771,5140,65535)  #000314FF  srgba(0,3,20,1)
8,1: (0,771,57054,65535)  #0003DEFF  srgba(0,3,222,1)
9,1: (0,1285,64507,65535)  #0005FBFF  srgba(0,5,251,1)
10,1: (0,1542,65278,65535)  #0006FEFF  srgba(0,6,254,1)
11,1: (0,1799,65278,65535)  #0007FEFF  srgba(0,7,254,1)
12,1: (0,2056,65021,65535)  #0008FDFF  srgba(0,8,253,1)
13,1: (0,2056,65535,65535)  #0008FFFF  srgba(0,8,255,1)
14,1: (0,2570,65021,65535)  #000AFDFF  srgba(0,10,253,1)
15,1: (0,2827,0,65535)  #000B00FF  srgba(0,11,0,1)
0,2: (0,2827,62194,65535)  #000BF2FF  srgba(0,11,242,1)
1,2: (0,2827,65278,65535)  #000BFEFF  srgba(0,11,254,1)
2,2: (0,3084,40606,65535)  #000C9EFF  srgba(0,12,158,1)
3,2: (0,3598,64764,65535)  #000EFCFF  srgba(0,14,252,1)
4,2: (0,4883,0,65535)  #001300FF  srgba(0,19,0,1)
5,2: (257,0,2056,65535)  #010008FF  srgba(1,0,8,1)
6,2: (257,0,3855,65535)  #01000FFF  srgba(1,0,15,1)
7,2: (257,0,28784,65535)  #010070FF  srgba(1,0,112,1)
8,2: (257,0,39321,65535)  #010099FF  srgba(1,0,153,1)
9,2: (257,771,49344,65535)  #0103C0FF  srgba(1,3,192,1)
10,2: (257,1542,3855,65535)  #01060FFF  srgba(1,6,15,1)
11,2: (257,2056,65535,65535)  #0108FFFF  srgba(1,8,255,1)
12,2: (257,2570,64764,65535)  #010AFCFF  srgba(1,10,252,1)
13,2: (771,2056,62451,65535)  #0308F3FF  srgba(3,8,243,1)
14,2: (771,3084,65278,65535)  #030CFEFF  srgba(3,12,254,1)
15,2: (1028,771,22873,65535)  #040359FF  srgba(4,3,89,1)
0,3: (1028,1028,10280,65535)  #040428FF  srgba(4,4,40,1)
1,3: (1028,1542,48830,65535)  #0406BEFF  srgba(4,6,190,1)
2,3: (1028,3341,257,65535)  #040D01FF  srgba(4,13,1,1)
3,3: (1285,2827,64764,65535)  #050BFCFF  srgba(5,11,252,1)
4,3: (1799,3598,65278,65535)  #070EFEFF  srgba(7,14,254,1)
5,3: (2056,1285,35980,65535)  #08058CFF  srgba(8,5,140,1)
6,3: (2313,4883,3341,65535)  #09130DFF  srgba(9,19,13,1)
7,3: (2313,8481,65021,65535)  #0921FDFF  srgba(9,33,253,1)
8,3: (2570,9766,49858,65535)  #0A26C2FF  srgba(10,38,194,1)
9,3: (3084,8995,65535,65535)  #0C23FFFF  srgba(12,35,255,1)
10,3: (3341,2313,57054,65535)  #0D09DEFF  srgba(13,9,222,1)
11,3: (3341,3341,62708,65535)  #0D0DF4FF  srgba(13,13,244,1)
12,3: (3598,13364,257,65535)  #0E3401FF  srgba(14,52,1,1)
13,3: (3855,9252,64250,65535)  #0F24FAFF  srgba(15,36,250,1)
14,3: (4112,3855,64764,65535)  #100FFCFF  srgba(16,15,252,1)
15,3: (4112,8738,39064,65535)  #102298FF  srgba(16,34,152,1)
0,4: (4626,2570,49087,65535)  #120ABFFF  srgba(18,10,191,1)
1,4: (4883,4369,65278,65535)  #1311FEFF  srgba(19,17,254,1)
2,4: (4883,8481,10537,65535)  #132129FF  srgba(19,33,41,1)
3,4: (4883,8481,28784,65535)  #132170FF  srgba(19,33,112,1)
4,4: (5397,8738,18247,65535)  #152247FF  srgba(21,34,71,1)
5,4: (5397,14135,3084,65535)  #15370CFF  srgba(21,55,12,1)
6,4: (6682,11051,65535,65535)  #1A2BFFFF  srgba(26,43,255,1)
7,4: (7196,11051,65021,65535)  #1C2BFDFF  srgba(28,43,253,1)
8,4: (7710,14649,38550,65535)  #1E3996FF  srgba(30,57,150,1)
9,4: (7967,4112,62451,65535)  #1F10F3FF  srgba(31,16,243,1)
10,4: (8224,14649,65535,65535)  #2039FFFF  srgba(32,57,255,1)
11,4: (8224,14906,26214,65535)  #203A66FF  srgba(32,58,102,1)
12,4: (8481,9509,62965,65535)  #2125F5FF  srgba(33,37,245,1)
13,4: (8481,15420,47802,65535)  #213CBAFF  srgba(33,60,186,1)
14,4: (8481,18504,257,65535)  #214801FF  srgba(33,72,1,1)
15,4: (8738,9509,60909,65535)  #2225EDFF  srgba(34,37,237,1)
0,5: (8738,14906,14135,65535)  #223A37FF  srgba(34,58,55,1)
1,5: (9252,10280,50886,65535)  #2428C6FF  srgba(36,40,198,1)
2,5: (9509,10537,64250,65535)  #2529FAFF  srgba(37,41,250,1)
3,5: (9766,14906,64507,65535)  #263AFBFF  srgba(38,58,251,1)
4,5: (10023,15420,65021,65535)  #273CFDFF  srgba(39,60,253,1)
5,5: (10280,15420,58853,65535)  #283CE5FF  srgba(40,60,229,1)
6,5: (10537,10794,65535,65535)  #292AFFFF  srgba(41,42,255,1)
7,5: (10537,18504,31611,65535)  #29487BFF  srgba(41,72,123,1)
8,5: (11565,15420,65535,65535)  #2D3CFFFF  srgba(45,60,255,1)
9,5: (11565,21074,13621,65535)  #2D5235FF  srgba(45,82,53,1)
10,5: (11565,21588,2827,65535)  #2D540BFF  srgba(45,84,11,1)
11,5: (11822,16705,63479,65535)  #2E41F7FF  srgba(46,65,247,1)
12,5: (12079,17990,65535,65535)  #2F46FFFF  srgba(47,70,255,1)
13,5: (12336,23644,257,65535)  #305C01FF  srgba(48,92,1,1)
14,5: (12593,20303,53199,65535)  #314FCFFF  srgba(49,79,207,1)
15,5: (12593,22102,32639,65535)  #31567FFF  srgba(49,86,127,1)
0,6: (12850,19275,64507,65535)  #324BFBFF  srgba(50,75,251,1)
1,6: (13364,19789,65021,65535)  #344DFDFF  srgba(52,77,253,1)
2,6: (13621,20303,65535,65535)  #354FFFFF  srgba(53,79,255,1)
3,6: (17219,21845,64764,65535)  #4355FCFF  srgba(67,85,252,1)
4,6: (17476,10537,63222,65535)  #4429F6FF  srgba(68,41,246,1)
5,6: (17476,19275,64764,65535)  #444BFCFF  srgba(68,75,252,1)
6,6: (17476,21074,65278,65535)  #4452FEFF  srgba(68,82,254,1)
7,6: (17476,23387,3598,65535)  #445B0EFF  srgba(68,91,14,1)
8,6: (17733,24158,65278,65535)  #455EFEFF  srgba(69,94,254,1)
9,6: (17990,15934,63222,65535)  #463EF6FF  srgba(70,62,246,1)
10,6: (18247,12850,65278,65535)  #4732FEFF  srgba(71,50,254,1)
11,6: (18247,21331,63479,65535)  #4753F7FF  srgba(71,83,247,1)
12,6: (18247,27499,3084,65535)  #476B0CFF  srgba(71,107,12,1)
13,6: (18504,17476,65278,65535)  #4844FEFF  srgba(72,68,254,1)
14,6: (19018,13364,64764,65535)  #4A34FCFF  srgba(74,52,252,1)
15,6: (19532,16448,21074,65535)  #4C4052FF  srgba(76,64,82,1)
0,7: (19532,25186,65021,65535)  #4C62FDFF  srgba(76,98,253,1)
1,7: (20046,26728,14906,65535)  #4E683AFF  srgba(78,104,58,1)
2,7: (20817,16448,38036,65535)  #514094FF  srgba(81,64,148,1)
3,7: (20817,25700,65278,65535)  #5164FEFF  srgba(81,100,254,1)
4,7: (20817,26728,63736,65535)  #5168F8FF  srgba(81,104,248,1)
5,7: (21074,14906,50886,65535)  #523AC6FF  srgba(82,58,198,1)
6,7: (21074,22102,21074,65535)  #525652FF  srgba(82,86,82,1)
7,7: (21074,24929,50115,65535)  #5261C3FF  srgba(82,97,195,1)
8,7: (21331,11051,59881,65535)  #532BE9FF  srgba(83,43,233,1)
9,7: (21331,26471,24672,65535)  #536760FF  srgba(83,103,96,1)
10,7: (21588,31611,1285,65535)  #547B05FF  srgba(84,123,5,1)
11,7: (21845,24929,37008,65535)  #556190FF  srgba(85,97,144,1)
12,7: (22102,22359,59624,65535)  #5657E8FF  srgba(86,87,232,1)
13,7: (22359,29041,64764,65535)  #5771FCFF  srgba(87,113,252,1)
14,7: (23644,29298,65278,65535)  #5C72FEFF  srgba(92,114,254,1)
15,7: (24415,11308,63222,65535)  #5F2CF6FF  srgba(95,44,246,1)
0,8: (24672,33410,11565,65535)  #60822DFF  srgba(96,130,45,1)
1,8: (25186,21588,63222,65535)  #6254F6FF  srgba(98,84,246,1)
2,8: (25186,26471,65278,65535)  #6267FEFF  srgba(98,103,254,1)
3,8: (25443,16191,63222,65535)  #633FF6FF  srgba(99,63,246,1)
4,8: (25700,29812,54741,65535)  #6474D5FF  srgba(100,116,213,1)
5,8: (25957,15934,65278,65535)  #653EFEFF  srgba(101,62,254,1)
6,8: (25957,30069,37265,65535)  #657591FF  srgba(101,117,145,1)
7,8: (26214,21845,65278,65535)  #6655FEFF  srgba(102,85,254,1)
8,8: (26214,32896,65278,65535)  #6680FEFF  srgba(102,128,254,1)
9,8: (26214,34181,23644,65535)  #66855CFF  srgba(102,133,92,1)
10,8: (26728,30583,64764,65535)  #6877FCFF  srgba(104,119,252,1)
11,8: (26728,37522,771,65535)  #689203FF  srgba(104,146,3,1)
12,8: (27499,32382,63736,65535)  #6B7EF8FF  srgba(107,126,248,1)
13,8: (27756,26985,63479,65535)  #6C69F7FF  srgba(108,105,247,1)
14,8: (29298,35209,65021,65535)  #7289FDFF  srgba(114,137,253,1)
15,8: (29555,35723,53970,65535)  #738BD2FF  srgba(115,139,210,1)
0,9: (30326,37008,37522,65535)  #769092FF  srgba(118,144,146,1)
1,9: (30583,33153,65278,65535)  #7781FEFF  srgba(119,129,254,1)
2,9: (30840,15677,64764,65535)  #783DFCFF  srgba(120,61,252,1)
3,9: (32125,38293,65278,65535)  #7D95FEFF  srgba(125,149,254,1)
4,9: (32639,17733,65278,65535)  #7F45FEFF  srgba(127,69,254,1)
5,9: (33153,25443,64764,65535)  #8163FCFF  srgba(129,99,252,1)
6,9: (34181,22616,65278,65535)  #8558FEFF  srgba(133,88,254,1)
7,9: (34181,22873,63479,65535)  #8559F7FF  srgba(133,89,247,1)
8,9: (34438,25957,65278,65535)  #8665FEFF  srgba(134,101,254,1)
9,9: (34695,21845,64764,65535)  #8755FCFF  srgba(135,85,252,1)
10,9: (34952,42405,3855,65535)  #88A50FFF  srgba(136,165,15,1)
11,9: (35209,14906,63222,65535)  #893AF6FF  srgba(137,58,246,1)
12,9: (35466,40863,65021,65535)  #8A9FFDFF  srgba(138,159,253,1)
13,9: (35466,42662,22102,65535)  #8AA656FF  srgba(138,166,86,1)
14,9: (36237,16705,59881,65535)  #8D41E9FF  srgba(141,65,233,1)
15,9: (36237,19275,43947,65535)  #8D4BABFF  srgba(141,75,171,1)
0,10: (36237,19532,63222,65535)  #8D4CF6FF  srgba(141,76,246,1)
1,10: (36237,33667,22102,65535)  #8D8356FF  srgba(141,131,86,1)
2,10: (36237,35466,4883,65535)  #8D8A13FF  srgba(141,138,19,1)
3,10: (36494,38550,65278,65535)  #8E96FEFF  srgba(142,150,254,1)
4,10: (36751,31611,65278,65535)  #8F7BFEFF  srgba(143,123,254,1)
5,10: (37265,42919,65278,65535)  #91A7FEFF  srgba(145,167,254,1)
6,10: (37522,32382,64764,65535)  #927EFCFF  srgba(146,126,252,1)
7,10: (38036,23901,41634,65535)  #945DA2FF  srgba(148,93,162,1)
8,10: (38036,38036,63736,65535)  #9494F8FF  srgba(148,148,248,1)
9,10: (38550,24929,59110,65535)  #9661E6FF  srgba(150,97,230,1)
10,10: (39321,23901,13107,65535)  #995D33FF  srgba(153,93,51,1)
11,10: (39321,31868,63736,65535)  #997CF8FF  srgba(153,124,248,1)
12,10: (39578,18504,65278,65535)  #9A48FEFF  srgba(154,72,254,1)
13,10: (39578,23901,24929,65535)  #9A5D61FF  srgba(154,93,97,1)
14,10: (39835,27242,63479,65535)  #9B6AF7FF  srgba(155,106,247,1)
15,10: (40092,26728,41377,65535)  #9C68A1FF  srgba(156,104,161,1)
0,11: (40349,40606,53199,65535)  #9D9ECFFF  srgba(157,158,207,1)
1,11: (40349,42405,38293,65535)  #9DA595FF  srgba(157,165,149,1)
2,11: (40863,31097,54484,65535)  #9F79D4FF  srgba(159,121,212,1)
3,11: (40863,31354,65278,65535)  #9F7AFEFF  srgba(159,122,254,1)
4,11: (41120,31868,37779,65535)  #A07C93FF  srgba(160,124,147,1)
5,11: (41377,42148,65021,65535)  #A1A4FDFF  srgba(161,164,253,1)
6,11: (41634,22873,65278,65535)  #A259FEFF  srgba(162,89,254,1)
7,11: (41891,27499,11565,65535)  #A36B2DFF  srgba(163,107,45,1)
8,11: (41891,27499,25443,65535)  #A36B63FF  srgba(163,107,99,1)
9,11: (42148,23130,63479,65535)  #A45AF7FF  srgba(164,90,247,1)
10,11: (42148,43433,65278,65535)  #A4A9FEFF  srgba(164,169,254,1)
11,11: (42919,38036,65278,65535)  #A794FEFF  srgba(167,148,254,1)
12,11: (43433,25957,64764,65535)  #A965FCFF  srgba(169,101,252,1)
13,11: (43433,35209,23130,65535)  #A9895AFF  srgba(169,137,90,1)
14,11: (43433,35466,3598,65535)  #A98A0EFF  srgba(169,138,14,1)
15,11: (43690,26471,65278,65535)  #AA67FEFF  srgba(170,103,254,1)
0,12: (43947,30840,64764,65535)  #AB78FCFF  srgba(171,120,252,1)
1,12: (44718,31097,65278,65535)  #AE79FEFF  srgba(174,121,254,1)
2,12: (48830,29555,65278,65535)  #BE73FEFF  srgba(190,115,254,1)
3,12: (49601,29555,63736,65535)  #C173F8FF  srgba(193,115,248,1)
4,12: (49858,29555,39835,65535)  #C2739BFF  srgba(194,115,155,1)
5,12: (50115,32639,2827,65535)  #C37F0BFF  srgba(195,127,11,1)
6,12: (50115,38807,65021,65535)  #C397FDFF  srgba(195,151,253,1)
7,12: (50115,40349,65278,65535)  #C39DFEFF  srgba(195,157,254,1)
8,12: (50372,36751,42148,65535)  #C48FA4FF  srgba(196,143,164,1)
9,12: (50629,31097,64764,65535)  #C579FCFF  srgba(197,121,252,1)
10,12: (50629,36494,65278,65535)  #C58EFEFF  srgba(197,142,254,1)
11,12: (50886,29555,56540,65535)  #C673DCFF  srgba(198,115,220,1)
12,12: (51143,32382,65278,65535)  #C77EFEFF  srgba(199,126,254,1)
13,12: (51143,33667,64764,65535)  #C783FCFF  srgba(199,131,252,1)
14,12: (51143,34438,65278,65535)  #C786FEFF  srgba(199,134,254,1)
15,12: (51400,28527,64764,65535)  #C86FFCFF  srgba(200,111,252,1)
0,13: (51657,26985,63736,65535)  #C969F8FF  srgba(201,105,248,1)
1,13: (51914,31868,23387,65535)  #CA7C5BFF  srgba(202,124,91,1)
2,13: (52171,37008,56540,65535)  #CB90DCFF  srgba(203,144,220,1)
3,13: (52685,32125,41377,65535)  #CD7DA1FF  srgba(205,125,161,1)
4,13: (52942,38036,65278,65535)  #CE94FEFF  srgba(206,148,254,1)
5,13: (53199,26728,65278,65535)  #CF68FEFF  srgba(207,104,254,1)
6,13: (53199,35209,63736,65535)  #CF89F8FF  srgba(207,137,248,1)
7,13: (53713,29298,65278,65535)  #D172FEFF  srgba(209,114,254,1)
8,13: (53970,36237,64764,65535)  #D28DFCFF  srgba(210,141,252,1)
9,13: (54227,31868,63736,65535)  #D37CF8FF  srgba(211,124,248,1)
10,13: (54227,32382,56540,65535)  #D37EDCFF  srgba(211,126,220,1)
11,13: (54484,26728,64764,65535)  #D468FCFF  srgba(212,104,252,1)
12,13: (54741,26728,3598,65535)  #D5680EFF  srgba(213,104,14,1)
13,13: (54998,24158,64764,65535)  #D65EFCFF  srgba(214,94,252,1)
14,13: (55512,27756,21588,65535)  #D86C54FF  srgba(216,108,84,1)
15,13: (57825,24929,35209,65535)  #E16189FF  srgba(225,97,137,1)
0,14: (57825,28527,64764,65535)  #E16FFCFF  srgba(225,111,252,1)
1,14: (58082,29298,41891,65535)  #E272A3FF  srgba(226,114,163,1)
2,14: (58339,29555,63736,65535)  #E373F8FF  srgba(227,115,248,1)
3,14: (58339,36494,65278,65535)  #E38EFEFF  srgba(227,142,254,1)
4,14: (58596,29555,65278,65535)  #E473FEFF  srgba(228,115,254,1)
5,14: (58853,31097,64764,65535)  #E579FCFF  srgba(229,121,252,1)
6,14: (58853,34438,65278,65535)  #E586FEFF  srgba(229,134,254,1)
7,14: (59110,26214,65278,65535)  #E666FEFF  srgba(230,102,254,1)
8,14: (59110,26985,57054,65535)  #E669DEFF  srgba(230,105,222,1)
9,14: (59110,33667,64764,65535)  #E683FCFF  srgba(230,131,252,1)
10,14: (59367,23130,65278,65535)  #E75AFEFF  srgba(231,90,254,1)
11,14: (59367,32125,65278,65535)  #E77DFEFF  srgba(231,125,254,1)
12,14: (59881,22873,20817,65535)  #E95951FF  srgba(233,89,81,1)
13,14: (60138,24929,45232,65535)  #EA61B0FF  srgba(234,97,176,1)
14,14: (60138,29555,56797,65535)  #EA73DDFF  srgba(234,115,221,1)
15,14: (61423,19789,2570,65535)  #EF4D0AFF  srgba(239,77,10,1)
0,15: (61423,22616,57311,65535)  #EF58DFFF  srgba(239,88,223,1)
1,15: (61423,23644,63736,65535)  #EF5CF8FF  srgba(239,92,248,1)
2,15: (61423,26471,63736,65535)  #EF67F8FF  srgba(239,103,248,1)
3,15: (61937,25186,64764,65535)  #F162FCFF  srgba(241,98,252,1)
4,15: (62965,19789,63993,65535)  #F54DF9FF  srgba(245,77,249,1)
5,15: (62965,28270,64764,65535)  #F56EFCFF  srgba(245,110,252,1)
6,15: (63736,29298,65278,65535)  #F872FEFF  srgba(248,114,254,1)
7,15: (63993,25957,65278,65535)  #F965FEFF  srgba(249,101,254,1)
8,15: (64250,23130,65278,65535)  #FA5AFEFF  srgba(250,90,254,1)
9,15: (64507,21074,65278,65535)  #FB52FEFF  srgba(251,82,254,1)
10,15: (64507,21331,64764,65535)  #FB53FCFF  srgba(251,83,252,1)
11,15: (64764,18247,65278,65535)  #FC47FEFF  srgba(252,71,254,1)
12,15: (64764,24415,64764,65535)  #FC5FFCFF  srgba(252,95,252,1)
13,15: (65021,18247,64764,65535)  #FD47FCFF  srgba(253,71,252,1)
14,15: (65278,23130,65278,65535)  #FE5AFEFF  srgba(254,90,254,1)
15,15: (0,65535,0,0)  #00FF0000  srgba(0,255,0,0)
