# ImageMagick pixel enumeration: 16,16,65535,srgba
0,0: (0,14649,20560,65535)  #003950FF  srgba(0,57,80,1)
1,0: (0,14649,31354,65535)  #00397AFF  srgba(0,57,122,1)
2,0: (0,14649,37779,65535)  #003993FF  srgba(0,57,147,1)
3,0: (0,14649,56540,65535)  #0039DCFF  srgba(0,57,220,1)
4,0: (0,14906,20560,65535)  #003A50FF  srgba(0,58,80,1)
5,0: (0,14906,50115,65535)  #003AC3FF  srgba(0,58,195,1)
6,0: (0,15163,25957,65535)  #003B65FF  srgba(0,59,101,1)
7,0: (0,15163,37779,65535)  #003B93FF  srgba(0,59,147,1)
8,0: (0,15163,39835,65535)  #003B9BFF  srgba(0,59,155,1)
9,0: (0,15163,63736,65535)  #003BF8FF  srgba(0,59,248,1)
10,0: (0,15420,35980,65535)  #003C8CFF  srgba(0,60,140,1)
11,0: (0,15420,47545,65535)  #003CB9FF  srgba(0,60,185,1)
12,0: (0,15420,59367,65535)  #003CE7FF  srgba(0,60,231,1)
13,0: (0,15420,65535,65535)  #003CFFFF  srgba(0,60,255,1)
14,0: (0,15420,65535,65535)  #003CFFFF  srgba(0,60,255,1)
15,0: (0,15677,30840,65535)  #003D78FF  srgba(0,61,120,1)
0,1: (0,15677,41377,65535)  #003DA1FF  srgba(0,61,161,1)
1,1: (0,15677,50115,65535)  #003DC3FF  srgba(0,61,195,1)
2,1: (0,15677,58339,65535)  #003DE3FF  srgba(0,61,227,1)
3,1: (0,15934,19018,65535)  #003E4AFF  srgba(0,62,74,1)
4,1: (0,15934,46774,65535)  #003EB6FF  srgba(0,62,182,1)
5,1: (0,15934,64250,65535)  #003EFAFF  srgba(0,62,250,1)
6,1: (0,15934,65535,65535)  #003EFFFF  srgba(0,62,255,1)
7,1: (0,16191,37522,65535)  #003F92FF  srgba(0,63,146,1)
8,1: (0,16191,42148,65535)  #003FA4FF  srgba(0,63,164,1)
9,1: (0,16191,55255,65535)  #003FD7FF  srgba(0,63,215,1)
10,1: (0,16705,48830,65535)  #0041BEFF  srgba(0,65,190,1)
11,1: (0,16705,59367,65535)  #0041E7FF  srgba(0,65,231,1)
12,1: (0,17476,53713,65535)  #0044D1FF  srgba(0,68,209,1)
13,1: (0,17733,65278,65535)  #0045FEFF  srgba(0,69,254,1)
14,1: (0,18504,48059,65535)  #0048BBFF  srgba(0,72,187,1)
15,1: (0,20303,59367,65535)  #004FE7FF  srgba(0,79,231,1)
0,2: (0,22359,65278,65535)  #0057FEFF  srgba(0,87,254,1)
1,2: (257,14906,30583,65535)  #013A77FF  srgba(1,58,119,1)
2,2: (257,15677,64250,65535)  #013DFAFF  srgba(1,61,250,1)
3,2: (514,15163,24929,65535)  #023B61FF  srgba(2,59,97,1)
4,2: (771,28270,63736,65535)  #036EF8FF  srgba(3,110,248,1)
5,2: (771,28527,52685,65535)  #036FCDFF  srgba(3,111,205,1)
6,2: (771,28784,65535,65535)  #0370FFFF  srgba(3,112,255,1)
7,2: (1028,28527,65535,65535)  #046FFFFF  srgba(4,111,255,1)
8,2: (1285,17219,19275,65535)  #05434BFF  srgba(5,67,75,1)
9,2: (1542,16448,39321,65535)  #064099FF  srgba(6,64,153,1)
10,2: (1799,15934,59367,65535)  #073EE7FF  srgba(7,62,231,1)
11,2: (1799,20817,65278,65535)  #0751FEFF  srgba(7,81,254,1)
12,2: (2056,15934,19018,65535)  #083E4AFF  srgba(8,62,74,1)
13,2: (2056,30069,40606,65535)  #08759EFF  srgba(8,117,158,1)
14,2: (2313,17219,22873,65535)  #094359FF  srgba(9,67,89,1)
15,2: (2313,17476,25443,65535)  #094463FF  srgba(9,68,99,1)
0,3: (2570,17476,30583,65535)  #0A4477FF  srgba(10,68,119,1)
1,3: (2570,20303,58853,65535)  #0A4FE5FF  srgba(10,79,229,1)
2,3: (3084,19532,50115,65535)  #0C4CC3FF  srgba(12,76,195,1)
3,3: (3341,19018,39321,65535)  #0D4A99FF  srgba(13,74,153,1)
4,3: (3341,44461,2313,65535)  #0DAD09FF  srgba(13,173,9,1)
5,3: (4112,39578,21331,65535)  #109A53FF  srgba(16,154,83,1)
6,3: (4369,43947,17990,65535)  #11AB46FF  srgba(17,171,70,1)
7,3: (4626,34952,62965,65535)  #1288F5FF  srgba(18,136,245,1)
8,3: (4883,33153,63993,65535)  #1381F9FF  srgba(19,129,249,1)
9,3: (5140,16705,39321,65535)  #144199FF  srgba(20,65,153,1)
10,3: (5397,30326,34695,65535)  #157687FF  srgba(21,118,135,1)
11,3: (5654,17990,20303,65535)  #16464FFF  srgba(22,70,79,1)
12,3: (5654,18504,31611,65535)  #16487BFF  srgba(22,72,123,1)
13,3: (5911,34952,51143,65535)  #1788C7FF  srgba(23,136,199,1)
14,3: (6682,15420,59367,65535)  #1A3CE7FF  srgba(26,60,231,1)
15,3: (6682,19275,50372,65535)  #1A4BC4FF  srgba(26,75,196,1)
0,4: (6939,34952,65535,65535)  #1B88FFFF  srgba(27,136,255,1)
1,4: (7196,20046,61937,65535)  #1C4EF1FF  srgba(28,78,241,1)
2,4: (7196,20303,42148,65535)  #1C4FA4FF  srgba(28,79,164,1)
3,4: (7196,29812,65535,65535)  #1C74FFFF  srgba(28,116,255,1)
4,4: (7710,33153,52428,65535)  #1E81CCFF  srgba(30,129,204,1)
5,4: (7967,37008,54227,65535)  #1F90D3FF  srgba(31,144,211,1)
6,4: (8481,28527,59367,65535)  #216FE7FF  srgba(33,111,231,1)
7,4: (8738,33153,65535,65535)  #2281FFFF  srgba(34,129,255,1)
8,4: (8738,37008,65278,65535)  #2290FEFF  srgba(34,144,254,1)
9,4: (10280,39064,58853,65535)  #2898E5FF  srgba(40,152,229,1)
10,4: (11822,30326,31354,65535)  #2E767AFF  srgba(46,118,122,1)
11,4: (12079,41377,33410,65535)  #2FA182FF  srgba(47,161,130,1)
12,4: (12336,40606,40606,65535)  #309E9EFF  srgba(48,158,158,1)
13,4: (12593,28527,49087,65535)  #316FBFFF  srgba(49,111,191,1)
14,4: (13107,21331,25700,65535)  #335364FF  srgba(51,83,100,1)
15,4: (13107,29812,40606,65535)  #33749EFF  srgba(51,116,158,1)
0,5: (13621,29812,65535,65535)  #3574FFFF  srgba(53,116,255,1)
1,5: (13878,21331,60652,65535)  #3653ECFF  srgba(54,83,236,1)
2,5: (14649,29555,58853,65535)  #3973E5FF  srgba(57,115,229,1)
3,5: (15163,29555,23387,65535)  #3B735BFF  srgba(59,115,91,1)
4,5: (15420,28270,27756,65535)  #3C6E6CFF  srgba(60,110,108,1)
5,5: (15677,36237,40349,65535)  #3D8D9DFF  srgba(61,141,157,1)
6,5: (15934,29298,29298,65535)  #3E7272FF  srgba(62,114,114,1)
7,5: (16191,30326,34695,65535)  #3F7687FF  srgba(63,118,135,1)
8,5: (16191,41634,58853,65535)  #3FA2E5FF  srgba(63,162,229,1)
9,5: (16448,20817,22873,65535)  #405159FF  srgba(64,81,89,1)
10,5: (16448,21588,50115,65535)  #4054C3FF  srgba(64,84,195,1)
11,5: (16705,37008,33667,65535)  #419083FF  srgba(65,144,131,1)
12,5: (17476,22359,40349,65535)  #44579DFF  srgba(68,87,157,1)
13,5: (19532,34952,65278,65535)  #4C88FEFF  srgba(76,136,254,1)
14,5: (20046,30069,40092,65535)  #4E759CFF  srgba(78,117,156,1)
15,5: (20303,34952,54741,65535)  #4F88D5FF  srgba(79,136,213,1)
0,6: (20817,30326,31354,65535)  #51767AFF  srgba(81,118,122,1)
1,6: (20817,30326,34695,65535)  #517687FF  srgba(81,118,135,1)
2,6: (20817,33153,65278,65535)  #5181FEFF  srgba(81,129,254,1)
3,6: (21331,30069,63993,65535)  #5375F9FF  srgba(83,117,249,1)
4,6: (21331,37265,60652,65535)  #5391ECFF  srgba(83,145,236,1)
5,6: (21588,23130,30840,65535)  #545A78FF  srgba(84,90,120,1)
6,6: (22102,30069,50886,65535)  #5675C6FF  srgba(86,117,198,1)
7,6: (22102,33153,56540,65535)  #5681DCFF  srgba(86,129,220,1)
8,6: (22359,39064,60395,65535)  #5798EBFF  srgba(87,152,235,1)
9,6: (22873,23130,25443,65535)  #595A63FF  srgba(89,90,99,1)
10,6: (22873,29041,41377,65535)  #5971A1FF  srgba(89,113,161,1)
11,6: (23387,22873,38550,65535)  #5B5996FF  srgba(91,89,150,1)
12,6: (23644,30583,45232,65535)  #5C77B0FF  srgba(92,119,176,1)
13,6: (23901,30840,35209,65535)  #5D7889FF  srgba(93,120,137,1)
14,6: (23901,42662,60909,65535)  #5DA6EDFF  srgba(93,166,237,1)
15,6: (24158,32639,46260,65535)  #5E7FB4FF  srgba(94,127,180,1)
0,7: (24415,27499,41634,65535)  #5F6BA2FF  srgba(95,107,162,1)
1,7: (25443,33410,41120,65535)  #6382A0FF  srgba(99,130,160,1)
2,7: (25957,30326,51143,65535)  #6576C7FF  srgba(101,118,199,1)
3,7: (26471,31097,30583,65535)  #677977FF  srgba(103,121,119,1)
4,7: (26728,29555,26728,65535)  #687368FF  srgba(104,115,104,1)
5,7: (26728,31868,32382,65535)  #687C7EFF  srgba(104,124,126,1)
6,7: (26985,48316,5911,65535)  #69BC17FF  srgba(105,188,23,1)
7,7: (27242,40863,16962,65535)  #6A9F42FF  srgba(106,159,66,1)
8,7: (28013,30583,64250,65535)  #6D77FAFF  srgba(109,119,250,1)
9,7: (28270,33924,48316,65535)  #6E84BCFF  srgba(110,132,188,1)
10,7: (28784,33924,44975,65535)  #7084AFFF  srgba(112,132,175,1)
11,7: (29041,23387,38036,65535)  #715B94FF  srgba(113,91,148,1)
12,7: (29041,37522,40863,65535)  #71929FFF  srgba(113,146,159,1)
13,7: (29041,38550,33410,65535)  #719682FF  srgba(113,150,130,1)
14,7: (29041,40349,27756,65535)  #719D6CFF  srgba(113,157,108,1)
15,7: (29298,21845,25700,65535)  #725564FF  srgba(114,85,100,1)
0,8: (29555,33667,41891,65535)  #7383A3FF  srgba(115,131,163,1)
1,8: (29555,34181,56797,65535)  #7385DDFF  srgba(115,133,221,1)
2,8: (30583,34438,35209,65535)  #778689FF  srgba(119,134,137,1)
3,8: (30840,21331,21588,65535)  #785354FF  srgba(120,83,84,1)
4,8: (30840,22616,36751,65535)  #78588FFF  srgba(120,88,143,1)
5,8: (30840,22616,40092,65535)  #78589CFF  srgba(120,88,156,1)
6,8: (31611,33667,64764,65535)  #7B83FCFF  srgba(123,131,252,1)
7,8: (32125,21331,48830,65535)  #7D53BEFF  srgba(125,83,190,1)
8,8: (32382,37265,41120,65535)  #7E91A0FF  srgba(126,145,160,1)
9,8: (32382,39321,64764,65535)  #7E99FCFF  srgba(126,153,252,1)
10,8: (32639,21588,35466,65535)  #7F548AFF  srgba(127,84,138,1)
11,8: (32896,36494,61937,65535)  #808EF1FF  srgba(128,142,241,1)
12,8: (33153,23901,26471,65535)  #815D67FF  srgba(129,93,103,1)
13,8: (33153,42148,59881,65535)  #81A4E9FF  srgba(129,164,233,1)
14,8: (33153,45746,61166,65535)  #81B2EEFF  srgba(129,178,238,1)
15,8: (33410,36494,48573,65535)  #828EBDFF  srgba(130,142,189,1)
0,9: (33410,39321,51914,65535)  #8299CAFF  srgba(130,153,202,1)
1,9: (33667,33153,41634,65535)  #8381A2FF  srgba(131,129,162,1)
2,9: (33924,37779,33410,65535)  #849382FF  srgba(132,147,130,1)
3,9: (35466,37008,41120,65535)  #8A90A0FF  srgba(138,144,160,1)
4,9: (37265,37522,34438,65535)  #919286FF  srgba(145,146,134,1)
5,9: (37265,42148,27499,65535)  #91A46BFF  srgba(145,164,107,1)
6,9: (37265,45746,11308,65535)  #91B22CFF  srgba(145,178,44,1)
7,9: (37522,23644,32896,65535)  #925C80FF  srgba(146,92,128,1)
8,9: (37522,37779,28013,65535)  #92936DFF  srgba(146,147,109,1)
9,9: (37779,22102,33667,65535)  #935683FF  srgba(147,86,131,1)
10,9: (37779,37008,40349,65535)  #93909DFF  srgba(147,144,157,1)
11,9: (37779,38036,30069,65535)  #939475FF  srgba(147,148,117,1)
12,9: (38036,38036,31354,65535)  #94947AFF  srgba(148,148,122,1)
13,9: (39064,23130,35209,65535)  #985A89FF  srgba(152,90,137,1)
14,9: (39835,37779,39578,65535)  #9B939AFF  srgba(155,147,154,1)
15,9: (39835,37779,40606,65535)  #9B939EFF  srgba(155,147,158,1)
0,10: (39835,38807,51400,65535)  #9B97C8FF  srgba(155,151,200,1)
1,10: (40349,34952,40349,65535)  #9D889DFF  srgba(157,136,157,1)
2,10: (40606,38293,37779,65535)  #9E9593FF  srgba(158,149,147,1)
3,10: (41120,22616,25700,65535)  #A05864FF  srgba(160,88,100,1)
4,10: (41120,38807,42662,65535)  #A097A6FF  srgba(160,151,166,1)
5,10: (41120,39578,31097,65535)  #A09A79FF  srgba(160,154,121,1)
6,10: (41377,22359,21074,65535)  #A15752FF  srgba(161,87,82,1)
7,10: (41377,22873,33667,65535)  #A15983FF  srgba(161,89,131,1)
8,10: (41634,39321,34181,65535)  #A29985FF  srgba(162,153,133,1)
9,10: (41891,34695,65535,65535)  #A387FFFF  srgba(163,135,255,1)
10,10: (41891,39835,29298,65535)  #A39B72FF  srgba(163,155,114,1)
11,10: (41891,40349,37008,65535)  #A39D90FF  srgba(163,157,144,1)
12,10: (42148,31354,37522,65535)  #A47A92FF  srgba(164,122,146,1)
13,10: (42662,32382,52685,65535)  #A67ECDFF  srgba(166,126,205,1)
14,10: (43690,44461,63479,65535)  #AAADF7FF  srgba(170,173,247,1)
15,10: (43947,41377,33667,65535)  #ABA183FF  srgba(171,161,131,1)
0,11: (44204,43176,47545,65535)  #ACA8B9FF  srgba(172,168,185,1)
1,11: (44461,41120,31611,65535)  #ADA07BFF  srgba(173,160,123,1)
2,11: (44718,23644,21331,65535)  #AE5C53FF  srgba(174,92,83,1)
3,11: (44718,23644,33153,65535)  #AE5C81FF  srgba(174,92,129,1)
4,11: (44718,39321,63993,65535)  #AE99F9FF  srgba(174,153,249,1)
5,11: (46003,29812,33924,65535)  #B37484FF  srgba(179,116,132,1)
6,11: (46260,39835,46517,65535)  #B49BB5FF  srgba(180,155,181,1)
7,11: (46774,41891,37265,65535)  #B6A391FF  srgba(182,163,145,1)
8,11: (47288,23901,32896,65535)  #B85D80FF  srgba(184,93,128,1)
9,11: (47802,23901,25700,65535)  #BA5D64FF  srgba(186,93,100,1)
10,11: (48059,33667,20560,65535)  #BB8350FF  srgba(187,131,80,1)
11,11: (48573,43176,28527,65535)  #BDA86FFF  srgba(189,168,111,1)
12,11: (49087,35723,28013,65535)  #BF8B6DFF  srgba(191,139,109,1)
13,11: (49601,42148,28784,65535)  #C1A470FF  srgba(193,164,112,1)
14,11: (50629,49858,0,65535)  #C5C200FF  srgba(197,194,0,1)
15,11: (51143,33924,25957,65535)  #C78465FF  srgba(199,132,101,1)
0,12: (51400,38293,257,65535)  #C89501FF  srgba(200,149,1,1)
1,12: (51400,47545,1028,65535)  #C8B904FF  srgba(200,185,4,1)
2,12: (52171,42148,33924,65535)  #CBA484FF  srgba(203,164,132,1)
3,12: (52428,24158,22616,65535)  #CC5E58FF  srgba(204,94,88,1)
4,12: (52428,49087,0,65535)  #CCBF00FF  srgba(204,191,0,1)
5,12: (52942,28784,30840,65535)  #CE7078FF  srgba(206,112,120,1)
6,12: (53456,24158,32639,65535)  #D05E7FFF  srgba(208,94,127,1)
7,12: (53456,24415,26985,65535)  #D05F69FF  srgba(208,95,105,1)
8,12: (54484,42919,33924,65535)  #D4A784FF  srgba(212,167,132,1)
9,12: (54741,23644,31097,65535)  #D55C79FF  srgba(213,92,121,1)
10,12: (54741,45232,1028,65535)  #D5B004FF  srgba(213,176,4,1)
11,12: (54998,45232,0,65535)  #D6B000FF  srgba(214,176,0,1)
12,12: (55255,27756,29298,65535)  #D76C72FF  srgba(215,108,114,1)
13,12: (55255,45746,60138,65535)  #D7B2EAFF  srgba(215,178,234,1)
14,12: (55512,44204,9252,65535)  #D8AC24FF  srgba(216,172,36,1)
15,12: (55769,24929,30840,65535)  #D96178FF  srgba(217,97,120,1)
0,13: (56283,24929,32639,65535)  #DB617FFF  srgba(219,97,127,1)
1,13: (57054,41891,61423,65535)  #DEA3EFFF  srgba(222,163,239,1)
2,13: (57568,24415,31097,65535)  #E05F79FF  srgba(224,95,121,1)
3,13: (57825,43690,45746,65535)  #E1AAB2FF  srgba(225,170,178,1)
4,13: (58339,25957,29298,65535)  #E36572FF  srgba(227,101,114,1)
5,13: (58853,39578,64507,65535)  #E59AFBFF  srgba(229,154,251,1)
6,13: (59110,24158,34438,65535)  #E65E86FF  srgba(230,94,134,1)
7,13: (59110,24672,30840,65535)  #E66078FF  srgba(230,96,120,1)
8,13: (59110,42405,27499,65535)  #E6A56BFF  srgba(230,165,107,1)
9,13: (59367,36751,6425,65535)  #E78F19FF  srgba(231,143,25,1)
10,13: (59624,33410,21588,65535)  #E88254FF  srgba(232,130,84,1)
11,13: (59624,43690,10537,65535)  #E8AA29FF  srgba(232,170,41,1)
12,13: (59881,25957,30583,65535)  #E96577FF  srgba(233,101,119,1)
13,13: (60909,25957,29041,65535)  #ED6571FF  srgba(237,101,113,1)
14,13: (60909,26728,28013,65535)  #ED686DFF  srgba(237,104,109,1)
15,13: (61166,24415,28270,65535)  #EE5F6EFF  srgba(238,95,110,1)
0,14: (61423,43176,18504,65535)  #EFA848FF  srgba(239,168,72,1)
1,14: (61423,43176,26985,65535)  #EFA869FF  srgba(239,168,105,1)
2,14: (62194,24672,25186,65535)  #F26062FF  srgba(242,96,98,1)
3,14: (62708,24415,21074,65535)  #F45F52FF  srgba(244,95,82,1)
4,14: (62965,24929,28527,65535)  #F5616FFF  srgba(245,97,111,1)
5,14: (63222,26214,39064,65535)  #F66698FF  srgba(246,102,152,1)
6,14: (63479,26471,28013,65535)  #F7676DFF  srgba(247,103,109,1)
7,14: (64250,24929,30840,65535)  #FA6178FF  srgba(250,97,120,1)
8,14: (64507,27242,25443,65535)  #FB6A63FF  srgba(251,106,99,1)
9,14: (65021,24672,39578,65535)  #FD609AFF  srgba(253,96,154,1)
10,14: (65021,25186,34952,65535)  #FD6288FF  srgba(253,98,136,1)
11,14: (65021,25957,33924,65535)  #FD6584FF  srgba(253,101,132,1)
12,14: (65021,26214,29041,65535)  #FD6671FF  srgba(253,102,113,1)
13,14: (65021,26214,43433,65535)  #FD66A9FF  srgba(253,102,169,1)
14,14: (65278,25186,32639,65535)  #FE627FFF  srgba(254,98,127,1)
15,14: (65278,25957,22359,65535)  #FE6557FF  srgba(254,101,87,1)
0,15: (65278,25957,30840,65535)  #FE6578FF  srgba(254,101,120,1)
1,15: (65278,26471,27756,65535)  #FE676CFF  srgba(254,103,108,1)
2,15: (65535,25700,25700,65535)  #FF6464FF  srgba(255,100,100,1)
3,15: (65535,25700,39064,65535)  #FF6498FF  srgba(255,100,152,1)
4,15: (65535,25700,39321,65535)  #FF6499FF  srgba(255,100,153,1)
5,15: (65535,25700,40092,65535)  #FF649CFF  srgba(255,100,156,1)
6,15: (65535,25700,41120,65535)  #FF64A0FF  srgba(255,100,160,1)
7,15: (65535,25957,32896,65535)  #FF6580FF  srgba(255,101,128,1)
8,15: (65535,25957,34438,65535)  #FF6586FF  srgba(255,101,134,1)
9,15: (65535,25957,34952,65535)  #FF6588FF  srgba(255,101,136,1)
10,15: (65535,25957,37522,65535)  #FF6592FF  srgba(255,101,146,1)
11,15: (65535,25957,37779,65535)  #FF6593FF  srgba(255,101,147,1)
12,15: (65535,25957,42148,65535)  #FF65A4FF  srgba(255,101,164,1)
13,15: (65535,26214,37265,65535)  #FF6691FF  srgba(255,102,145,1)
14,15: (65535,26471,36494,65535)  #FF678EFF  srgba(255,103,142,1)
15,15: (0,65535,0,0)  #00FF0000  srgba(0,255,0,0)
