# ImageMagick pixel enumeration: 16,16,65535,srgba
0,0: (0,0,5140,65535)  #000014FF  srgba(0,0,20,1)
1,0: (0,0,6939,65535)  #00001BFF  srgba(0,0,27,1)
2,0: (0,0,14649,65535)  #000039FF  srgba(0,0,57,1)
3,0: (0,0,15934,65535)  #00003EFF  srgba(0,0,62,1)
4,0: (0,0,20303,65535)  #00004FFF  srgba(0,0,79,1)
5,0: (0,0,25700,65535)  #000064FF  srgba(0,0,100,1)
6,0: (0,0,31097,65535)  #000079FF  srgba(0,0,121,1)
7,0: (0,0,31611,65535)  #00007BFF  srgba(0,0,123,1)
8,0: (0,0,38807,65535)  #000097FF  srgba(0,0,151,1)
9,0: (0,0,43690,65535)  #0000AAFF  srgba(0,0,170,1)
10,0: (0,0,44204,65535)  #0000ACFF  srgba(0,0,172,1)
11,0: (0,257,50629,65535)  #0001C5FF  srgba(0,1,197,1)
12,0: (0,771,59110,65535)  #0003E6FF  srgba(0,3,230,1)
13,0: (0,1285,64764,65535)  #0005FCFF  srgba(0,5,252,1)
14,0: (257,0,0,65535)  #010000FF  srgba(1,0,0,1)
15,0: (514,771,55769,65535)  #0203D9FF  srgba(2,3,217,1)
0,1: (514,1285,63736,65535)  #0205F8FF  srgba(2,5,248,1)
1,1: (771,1542,65535,65535)  #0306FFFF  srgba(3,6,255,1)
2,1: (1799,1285,64250,65535)  #0705FAFF  srgba(7,5,250,1)
3,1: (2056,0,21074,65535)  #080052FF  srgba(8,0,82,1)
4,1: (2056,771,52942,65535)  #0803CEFF  srgba(8,3,206,1)
5,1: (2056,1542,65535,65535)  #0806FFFF  srgba(8,6,255,1)
6,1: (2056,2056,65535,65535)  #0808FFFF  srgba(8,8,255,1)
7,1: (2056,2056,65535,65535)  #0808FFFF  srgba(8,8,255,1)
8,1: (2313,2570,65535,65535)  #090AFFFF  srgba(9,10,255,1)
9,1: (4112,0,5397,65535)  #100015FF  srgba(16,0,21,1)
10,1: (4112,2313,65535,65535)  #1009FFFF  srgba(16,9,255,1)
11,1: (4626,1285,62708,65535)  #1205F4FF  srgba(18,5,244,1)
12,1: (5654,0,32639,65535)  #16007FFF  srgba(22,0,127,1)
13,1: (5911,0,16962,65535)  #170042FF  srgba(23,0,66,1)
14,1: (6682,6939,57311,65535)  #1A1BDFFF  srgba(26,27,223,1)
15,1: (8738,0,0,65535)  #220000FF  srgba(34,0,0,1)
0,2: (14649,257,16962,65535)  #390142FF  srgba(57,1,66,1)
1,2: (14649,771,59367,65535)  #3903E7FF  srgba(57,3,231,1)
2,2: (15677,771,36494,65535)  #3D038EFF  srgba(61,3,142,1)
3,2: (16705,0,3855,65535)  #41000FFF  srgba(65,0,15,1)
4,2: (22873,257,0,65535)  #590100FF  srgba(89,1,0,1)
5,2: (22873,514,14392,65535)  #590238FF  srgba(89,2,56,1)
6,2: (23387,7453,26214,65535)  #5B1D66FF  srgba(91,29,102,1)
7,2: (24672,257,3855,65535)  #60010FFF  srgba(96,1,15,1)
8,2: (26728,1028,53970,65535)  #6804D2FF  srgba(104,4,210,1)
9,2: (29041,11822,3598,65535)  #712E0EFF  srgba(113,46,14,1)
10,2: (31354,6939,58596,65535)  #7A1BE4FF  srgba(122,27,228,1)
11,2: (31354,14392,0,65535)  #7A3800FF  srgba(122,56,0,1)
12,2: (33667,771,2827,65535)  #83030BFF  srgba(131,3,11,1)
13,2: (33924,514,0,65535)  #840200FF  srgba(132,2,0,1)
14,2: (34181,1542,32382,65535)  #85067EFF  srgba(133,6,126,1)
15,2: (36237,1542,15934,65535)  #8D063EFF  srgba(141,6,62,1)
0,3: (38293,34181,0,65535)  #958500FF  srgba(149,133,0,1)
1,3: (38807,58596,0,65535)  #97E400FF  srgba(151,228,0,1)
2,3: (39064,7196,27242,65535)  #981C6AFF  srgba(152,28,106,1)
3,3: (39321,34181,35723,65535)  #99858BFF  srgba(153,133,139,1)
4,3: (39835,1799,51914,65535)  #9B07CAFF  srgba(155,7,202,1)
5,3: (40092,16962,0,65535)  #9C4200FF  srgba(156,66,0,1)
6,3: (40092,41891,0,65535)  #9CA300FF  srgba(156,163,0,1)
7,3: (41120,1028,0,65535)  #A00400FF  srgba(160,4,0,1)
8,3: (41891,60909,9509,65535)  #A3ED25FF  srgba(163,237,37,1)
9,3: (42148,60395,0,65535)  #A4EB00FF  srgba(164,235,0,1)
10,3: (43690,44204,2827,65535)  #AAAC0BFF  srgba(170,172,11,1)
11,3: (43947,45232,0,65535)  #ABB000FF  srgba(171,176,0,1)
12,3: (43947,54484,0,65535)  #ABD400FF  srgba(171,212,0,1)
13,3: (43947,63993,0,65535)  #ABF900FF  srgba(171,249,0,1)
14,3: (44718,15420,3084,65535)  #AE3C0CFF  srgba(174,60,12,1)
15,3: (44975,1799,3598,65535)  #AF070EFF  srgba(175,7,14,1)
0,4: (44975,31868,0,65535)  #AF7C00FF  srgba(175,124,0,1)
1,4: (44975,64507,3084,65535)  #AFFB0CFF  srgba(175,251,12,1)
2,4: (45489,49344,0,65535)  #B1C000FF  srgba(177,192,0,1)
3,4: (45746,4369,0,65535)  #B21100FF  srgba(178,17,0,1)
4,4: (46260,8224,56283,65535)  #B420DBFF  srgba(180,32,219,1)
5,4: (46517,30840,0,65535)  #B57800FF  srgba(181,120,0,1)
6,4: (46517,35466,0,65535)  #B58A00FF  srgba(181,138,0,1)
7,4: (46774,26728,0,65535)  #B66800FF  srgba(182,104,0,1)
8,4: (46774,44718,0,65535)  #B6AE00FF  srgba(182,174,0,1)
9,4: (47031,49087,0,65535)  #B7BF00FF  srgba(183,191,0,1)
10,4: (47288,24672,0,65535)  #B86000FF  srgba(184,96,0,1)
11,4: (47288,59110,12593,65535)  #B8E631FF  srgba(184,230,49,1)
12,4: (47545,43690,0,65535)  #B9AA00FF  srgba(185,170,0,1)
13,4: (47545,60395,0,65535)  #B9EB00FF  srgba(185,235,0,1)
14,4: (48059,64250,257,65535)  #BBFA01FF  srgba(187,250,1,1)
15,4: (48316,7967,29298,65535)  #BC1F72FF  srgba(188,31,114,1)
0,5: (48316,49344,0,65535)  #BCC000FF  srgba(188,192,0,1)
1,5: (48573,1799,0,65535)  #BD0700FF  srgba(189,7,0,1)
2,5: (48573,8481,0,65535)  #BD2100FF  srgba(189,33,0,1)
3,5: (48573,12079,0,65535)  #BD2F00FF  srgba(189,47,0,1)
4,5: (48573,33153,0,65535)  #BD8100FF  srgba(189,129,0,1)
5,5: (48573,42919,0,65535)  #BDA700FF  srgba(189,167,0,1)
6,5: (49087,56540,0,65535)  #BFDC00FF  srgba(191,220,0,1)
7,5: (49601,56026,21074,65535)  #C1DA52FF  srgba(193,218,82,1)
8,5: (49601,63993,0,65535)  #C1F900FF  srgba(193,249,0,1)
9,5: (50115,49344,3084,65535)  #C3C00CFF  srgba(195,192,12,1)
10,5: (50115,56026,9509,65535)  #C3DA25FF  srgba(195,218,37,1)
11,5: (50629,47545,0,65535)  #C5B900FF  srgba(197,185,0,1)
12,5: (50886,11822,0,65535)  #C62E00FF  srgba(198,46,0,1)
13,5: (50886,27499,0,65535)  #C66B00FF  srgba(198,107,0,1)
14,5: (51143,31868,0,65535)  #C77C00FF  srgba(199,124,0,1)
15,5: (51143,39578,0,65535)  #C79A00FF  srgba(199,154,0,1)
0,6: (51657,49601,0,65535)  #C9C100FF  srgba(201,193,0,1)
1,6: (51657,56540,20046,65535)  #C9DC4EFF  srgba(201,220,78,1)
2,6: (52428,40863,0,65535)  #CC9F00FF  srgba(204,159,0,1)
3,6: (52685,20303,0,65535)  #CD4F00FF  srgba(205,79,0,1)
4,6: (53456,65021,0,65535)  #D0FD00FF  srgba(208,253,0,1)
5,6: (53713,58082,0,65535)  #D1E200FF  srgba(209,226,0,1)
6,6: (54484,43433,0,65535)  #D4A900FF  srgba(212,169,0,1)
7,6: (54741,18761,0,65535)  #D54900FF  srgba(213,73,0,1)
8,6: (54998,59881,0,65535)  #D6E900FF  srgba(214,233,0,1)
9,6: (55769,65021,0,65535)  #D9FD00FF  srgba(217,253,0,1)
10,6: (56283,34952,0,65535)  #DB8800FF  srgba(219,136,0,1)
11,6: (56797,14392,0,65535)  #DD3800FF  srgba(221,56,0,1)
12,6: (56797,25700,0,65535)  #DD6400FF  srgba(221,100,0,1)
13,6: (56797,55255,3084,65535)  #DDD70CFF  srgba(221,215,12,1)
14,6: (57054,34438,0,65535)  #DE8600FF  srgba(222,134,0,1)
15,6: (57311,52428,10537,65535)  #DFCC29FF  srgba(223,204,41,1)
0,7: (58082,12336,3084,65535)  #E2300CFF  srgba(226,48,12,1)
1,7: (58082,52942,17733,65535)  #E2CE45FF  srgba(226,206,69,1)
2,7: (58339,3598,0,65535)  #E30E00FF  srgba(227,14,0,1)
3,7: (58339,7710,48830,65535)  #E31EBEFF  srgba(227,30,190,1)
4,7: (58339,38807,3855,65535)  #E3970FFF  srgba(227,151,15,1)
5,7: (58339,54484,0,65535)  #E3D400FF  srgba(227,212,0,1)
6,7: (58596,4112,0,65535)  #E41000FF  srgba(228,16,0,1)
7,7: (58596,38036,0,65535)  #E49400FF  srgba(228,148,0,1)
8,7: (58596,43176,0,65535)  #E4A800FF  srgba(228,168,0,1)
9,7: (58853,4112,0,65535)  #E51000FF  srgba(229,16,0,1)
10,7: (58853,4369,0,65535)  #E51100FF  srgba(229,17,0,1)
11,7: (58853,7967,24415,65535)  #E51F5FFF  srgba(229,31,95,1)
12,7: (58853,64764,0,65535)  #E5FC00FF  srgba(229,252,0,1)
13,7: (59110,4369,0,65535)  #E61100FF  srgba(230,17,0,1)
14,7: (59367,3341,0,65535)  #E70D00FF  srgba(231,13,0,1)
15,7: (59367,3598,0,65535)  #E70E00FF  srgba(231,14,0,1)
0,8: (59367,15420,51914,65535)  #E73CCAFF  srgba(231,60,202,1)
1,8: (59624,3341,0,65535)  #E80D00FF  srgba(232,13,0,1)
2,8: (59624,19789,0,65535)  #E84D00FF  srgba(232,77,0,1)
3,8: (59624,32382,0,65535)  #E87E00FF  srgba(232,126,0,1)
4,8: (59624,35466,0,65535)  #E88A00FF  srgba(232,138,0,1)
5,8: (59881,3341,0,65535)  #E90D00FF  srgba(233,13,0,1)
6,8: (60138,3855,0,65535)  #EA0F00FF  srgba(234,15,0,1)
7,8: (60138,4369,0,65535)  #EA1100FF  srgba(234,17,0,1)
8,8: (60138,35723,13107,65535)  #EA8B33FF  srgba(234,139,51,1)
9,8: (60395,5140,0,65535)  #EB1400FF  srgba(235,20,0,1)
10,8: (60395,65021,2056,65535)  #EBFD08FF  srgba(235,253,8,1)
11,8: (60395,65535,257,65535)  #EBFF01FF  srgba(235,255,1,1)
12,8: (60652,3598,0,65535)  #EC0E00FF  srgba(236,14,0,1)
13,8: (60909,4369,0,65535)  #ED1100FF  srgba(237,17,0,1)
14,8: (60909,37265,0,65535)  #ED9100FF  srgba(237,145,0,1)
15,8: (61166,3598,0,65535)  #EE0E00FF  srgba(238,14,0,1)
0,9: (61166,5140,0,65535)  #EE1400FF  srgba(238,20,0,1)
1,9: (61166,11308,0,65535)  #EE2C00FF  srgba(238,44,0,1)
2,9: (61166,34695,0,65535)  #EE8700FF  srgba(238,135,0,1)
3,9: (61166,51657,0,65535)  #EEC900FF  srgba(238,201,0,1)
4,9: (61423,61937,0,65535)  #EFF100FF  srgba(239,241,0,1)
5,9: (61680,3084,0,65535)  #F00C00FF  srgba(240,12,0,1)
6,9: (61680,5140,0,65535)  #F01400FF  srgba(240,20,0,1)
7,9: (61680,5140,0,65535)  #F01400FF  srgba(240,20,0,1)
8,9: (61680,24672,0,65535)  #F06000FF  srgba(240,96,0,1)
9,9: (61680,35209,0,65535)  #F08900FF  srgba(240,137,0,1)
10,9: (61937,4369,0,65535)  #F11100FF  srgba(241,17,0,1)
11,9: (62194,4883,0,65535)  #F21300FF  srgba(242,19,0,1)
12,9: (62194,5140,0,65535)  #F21400FF  srgba(242,20,0,1)
13,9: (62194,5654,0,65535)  #F21600FF  srgba(242,22,0,1)
14,9: (62194,35466,0,65535)  #F28A00FF  srgba(242,138,0,1)
15,9: (62194,38807,0,65535)  #F29700FF  srgba(242,151,0,1)
0,10: (62194,39835,0,65535)  #F29B00FF  srgba(242,155,0,1)
1,10: (62194,54998,0,65535)  #F2D600FF  srgba(242,214,0,1)
2,10: (62451,4626,0,65535)  #F31200FF  srgba(243,18,0,1)
3,10: (62451,4883,0,65535)  #F31300FF  srgba(243,19,0,1)
4,10: (62451,32125,0,65535)  #F37D00FF  srgba(243,125,0,1)
5,10: (62708,3084,0,65535)  #F40C00FF  srgba(244,12,0,1)
6,10: (62708,3341,0,65535)  #F40D00FF  srgba(244,13,0,1)
7,10: (62708,5654,0,65535)  #F41600FF  srgba(244,22,0,1)
8,10: (62708,26471,0,65535)  #F46700FF  srgba(244,103,0,1)
9,10: (62708,34438,0,65535)  #F48600FF  srgba(244,134,0,1)
10,10: (62708,45746,0,65535)  #F4B200FF  srgba(244,178,0,1)
11,10: (62708,52171,0,65535)  #F4CB00FF  srgba(244,203,0,1)
12,10: (62708,65021,0,65535)  #F4FD00FF  srgba(244,253,0,1)
13,10: (62965,3598,0,65535)  #F50E00FF  srgba(245,14,0,1)
14,10: (62965,4626,0,65535)  #F51200FF  srgba(245,18,0,1)
15,10: (62965,4626,0,65535)  #F51200FF  srgba(245,18,0,1)
0,11: (62965,6168,0,65535)  #F51800FF  srgba(245,24,0,1)
1,11: (63222,4883,0,65535)  #F61300FF  srgba(246,19,0,1)
2,11: (63222,43947,0,65535)  #F6AB00FF  srgba(246,171,0,1)
3,11: (63479,2827,0,65535)  #F70B00FF  srgba(247,11,0,1)
4,11: (63479,4626,0,65535)  #F71200FF  srgba(247,18,0,1)
5,11: (63479,4883,0,65535)  #F71300FF  srgba(247,19,0,1)
6,11: (63479,33924,0,65535)  #F78400FF  srgba(247,132,0,1)
7,11: (63479,39321,0,65535)  #F79900FF  srgba(247,153,0,1)
8,11: (63479,60395,0,65535)  #F7EB00FF  srgba(247,235,0,1)
9,11: (63479,63222,0,65535)  #F7F600FF  srgba(247,246,0,1)
10,11: (63479,65535,0,65535)  #F7FF00FF  srgba(247,255,0,1)
11,11: (63736,4369,0,65535)  #F81100FF  srgba(248,17,0,1)
12,11: (63736,5654,0,65535)  #F81600FF  srgba(248,22,0,1)
13,11: (63736,13107,0,65535)  #F83300FF  srgba(248,51,0,1)
14,11: (63736,29555,0,65535)  #F87300FF  srgba(248,115,0,1)
15,11: (63736,30840,0,65535)  #F87800FF  srgba(248,120,0,1)
0,12: (63736,31097,0,65535)  #F87900FF  srgba(248,121,0,1)
1,12: (63736,47031,0,65535)  #F8B700FF  srgba(248,183,0,1)
2,12: (63736,50372,0,65535)  #F8C400FF  srgba(248,196,0,1)
3,12: (63993,4369,0,65535)  #F91100FF  srgba(249,17,0,1)
4,12: (63993,5140,0,65535)  #F91400FF  srgba(249,20,0,1)
5,12: (63993,5654,0,65535)  #F91600FF  srgba(249,22,0,1)
6,12: (64250,65535,257,65535)  #FAFF01FF  srgba(250,255,1,1)
7,12: (64507,2827,0,65535)  #FB0B00FF  srgba(251,11,0,1)
8,12: (64764,4369,0,65535)  #FC1100FF  srgba(252,17,0,1)
9,12: (64764,5654,0,65535)  #FC1600FF  srgba(252,22,0,1)
10,12: (65021,3341,0,65535)  #FD0D00FF  srgba(253,13,0,1)
11,12: (65021,65535,257,65535)  #FDFF01FF  srgba(253,255,1,1)
12,12: (65278,3341,0,65535)  #FE0D00FF  srgba(254,13,0,1)
13,12: (65278,6168,0,65535)  #FE1800FF  srgba(254,24,0,1)
14,12: (65278,6939,17219,65535)  #FE1B43FF  srgba(254,27,67,1)
15,12: (65278,6939,33153,65535)  #FE1B81FF  srgba(254,27,129,1)
0,13: (65278,7453,51143,65535)  #FE1DC7FF  srgba(254,29,199,1)
1,13: (65278,8481,0,65535)  #FE2100FF  srgba(254,33,0,1)
2,13: (65278,10794,0,65535)  #FE2A00FF  srgba(254,42,0,1)
3,13: (65278,11051,7196,65535)  #FE2B1CFF  srgba(254,43,28,1)
4,13: (65278,11051,26471,65535)  #FE2B67FF  srgba(254,43,103,1)
5,13: (65278,11565,0,65535)  #FE2D00FF  srgba(254,45,0,1)
6,13: (65278,11822,0,65535)  #FE2E00FF  srgba(254,46,0,1)
7,13: (65278,12336,49601,65535)  #FE30C1FF  srgba(254,48,193,1)
8,13: (65278,12850,0,65535)  #FE3200FF  srgba(254,50,0,1)
9,13: (65278,12850,14392,65535)  #FE3238FF  srgba(254,50,56,1)
10,13: (65278,17476,0,65535)  #FE4400FF  srgba(254,68,0,1)
11,13: (65278,23130,0,65535)  #FE5A00FF  srgba(254,90,0,1)
12,13: (65278,23130,0,65535)  #FE5A00FF  srgba(254,90,0,1)
13,13: (65278,23901,0,65535)  #FE5D00FF  srgba(254,93,0,1)
14,13: (65278,24415,13364,65535)  #FE5F34FF  srgba(254,95,52,1)
15,13: (65278,25186,51400,65535)  #FE62C8FF  srgba(254,98,200,1)
0,14: (65278,26471,0,65535)  #FE6700FF  srgba(254,103,0,1)
1,14: (65278,27242,0,65535)  #FE6A00FF  srgba(254,106,0,1)
2,14: (65278,27242,6425,65535)  #FE6A19FF  srgba(254,106,25,1)
3,14: (65278,29298,0,65535)  #FE7200FF  srgba(254,114,0,1)
4,14: (65278,30583,0,65535)  #FE7700FF  srgba(254,119,0,1)
5,14: (65278,31097,0,65535)  #FE7900FF  srgba(254,121,0,1)
6,14: (65278,31868,15677,65535)  #FE7C3DFF  srgba(254,124,61,1)
7,14: (65278,34181,18761,65535)  #FE8549FF  srgba(254,133,73,1)
8,14: (65278,34695,0,65535)  #FE8700FF  srgba(254,135,0,1)
9,14: (65278,35466,0,65535)  #FE8A00FF  srgba(254,138,0,1)
10,14: (65278,42148,5911,65535)  #FEA417FF  srgba(254,164,23,1)
11,14: (65278,42919,13107,65535)  #FEA733FF  srgba(254,167,51,1)
12,14: (65278,46003,0,65535)  #FEB300FF  srgba(254,179,0,1)
13,14: (65278,46517,0,65535)  #FEB500FF  srgba(254,181,0,1)
14,14: (65278,47031,0,65535)  #FEB700FF  srgba(254,183,0,1)
15,14: (65278,56283,0,65535)  #FEDB00FF  srgba(254,219,0,1)
0,15: (65278,59367,0,65535)  #FEE700FF  srgba(254,231,0,1)
1,15: (65278,59881,0,65535)  #FEE900FF  srgba(254,233,0,1)
2,15: (65278,59881,257,65535)  #FEE901FF  srgba(254,233,1,1)
3,15: (65278,60909,3341,65535)  #FEED0DFF  srgba(254,237,13,1)
4,15: (65278,65278,2056,65535)  #FEFE08FF  srgba(254,254,8,1)
5,15: (65278,65535,1542,65535)  #FEFF06FF  srgba(254,255,6,1)
6,15: (65535,3341,0,65535)  #FF0D00FF  srgba(255,13,0,1)
7,15: (65535,4112,0,65535)  #FF1000FF  srgba(255,16,0,1)
8,15: (65535,4626,0,65535)  #FF1200FF  srgba(255,18,0,1)
9,15: (65535,6425,0,65535)  #FF1900FF  srgba(255,25,0,1)
10,15: (65535,6682,0,65535)  #FF1A00FF  srgba(255,26,0,1)
11,15: (65535,15420,0,65535)  #FF3C00FF  srgba(255,60,0,1)
12,15: (65535,16962,0,65535)  #FF4200FF  srgba(255,66,0,1)
13,15: (65535,20046,0,65535)  #FF4E00FF  srgba(255,78,0,1)
14,15: (65535,58853,0,65535)  #FFE500FF  srgba(255,229,0,1)
15,15: (0,65535,0,0)  #00FF0000  srgba(0,255,0,0)
