# ImageMagick pixel enumeration: 16,16,65535,srgba
0,0: (8481,6682,16962,65535)  #211A42FF  srgba(33,26,66,1)
1,0: (8738,2056,5397,65535)  #220815FF  srgba(34,8,21,1)
2,0: (9509,10537,25700,65535)  #252964FF  srgba(37,41,100,1)
3,0: (14135,17733,33924,65535)  #374584FF  srgba(55,69,132,1)
4,0: (16962,19275,22359,65535)  #424B57FF  srgba(66,75,87,1)
5,0: (17219,25186,34438,65535)  #436286FF  srgba(67,98,134,1)
6,0: (19018,3855,12850,65535)  #4A0F32FF  srgba(74,15,50,1)
7,0: (19018,26214,24415,65535)  #4A665FFF  srgba(74,102,95,1)
8,0: (21331,10794,25186,65535)  #532A62FF  srgba(83,42,98,1)
9,0: (22616,33410,39835,65535)  #58829BFF  srgba(88,130,155,1)
10,0: (23901,27242,29812,65535)  #5D6A74FF  srgba(93,106,116,1)
11,0: (24158,30840,33153,65535)  #5E7881FF  srgba(94,120,129,1)
12,0: (24415,2570,10280,65535)  #5F0A28FF  srgba(95,10,40,1)
13,0: (24415,4112,18761,65535)  #5F1049FF  srgba(95,16,73,1)
14,0: (24415,19532,29298,65535)  #5F4C72FF  srgba(95,76,114,1)
15,0: (24415,31611,35723,65535)  #5F7B8BFF  srgba(95,123,139,1)
0,1: (25700,10023,25186,65535)  #642762FF  srgba(100,39,98,1)
1,1: (26985,19275,23387,65535)  #694B5BFF  srgba(105,75,91,1)
2,1: (26985,22102,33410,65535)  #695682FF  srgba(105,86,130,1)
3,1: (27242,26728,24415,65535)  #6A685FFF  srgba(106,104,95,1)
4,1: (29555,4112,12593,65535)  #731031FF  srgba(115,16,49,1)
5,1: (29555,4626,20046,65535)  #73124EFF  srgba(115,18,78,1)
6,1: (29555,31611,33410,65535)  #737B82FF  srgba(115,123,130,1)
7,1: (29555,32639,37008,65535)  #737F90FF  srgba(115,127,144,1)
8,1: (29812,6682,23387,65535)  #741A5BFF  srgba(116,26,91,1)
9,1: (29812,21845,33410,65535)  #745582FF  srgba(116,85,130,1)
10,1: (30069,11565,28013,65535)  #752D6DFF  srgba(117,45,109,1)
11,1: (31611,19532,27499,65535)  #7B4C6BFF  srgba(123,76,107,1)
12,1: (31868,27756,24929,65535)  #7C6C61FF  srgba(124,108,97,1)
13,1: (31868,28013,30069,65535)  #7C6D75FF  srgba(124,109,117,1)
14,1: (32639,24672,34181,65535)  #7F6085FF  srgba(127,96,133,1)
15,1: (32639,31611,33410,65535)  #7F7B82FF  srgba(127,123,130,1)
0,2: (32639,32896,37779,65535)  #7F8093FF  srgba(127,128,147,1)
1,2: (32896,17990,33153,65535)  #804681FF  srgba(128,70,129,1)
2,2: (35466,2570,24929,65535)  #8A0A61FF  srgba(138,10,97,1)
3,2: (35723,7196,28527,65535)  #8B1C6FFF  srgba(139,28,111,1)
4,2: (35723,14392,29041,65535)  #8B3871FF  srgba(139,56,113,1)
5,2: (35980,7453,22102,65535)  #8C1D56FF  srgba(140,29,86,1)
6,2: (35980,11308,25186,65535)  #8C2C62FF  srgba(140,44,98,1)
7,2: (36494,6168,11308,65535)  #8E182CFF  srgba(142,24,44,1)
8,2: (36494,7710,18504,65535)  #8E1E48FF  srgba(142,30,72,1)
9,2: (37265,15420,33410,65535)  #913C82FF  srgba(145,60,130,1)
10,2: (37522,20560,29812,65535)  #925074FF  srgba(146,80,116,1)
11,2: (37779,20303,34181,65535)  #934F85FF  srgba(147,79,133,1)
12,2: (37779,24672,32639,65535)  #93607FFF  srgba(147,96,127,1)
13,2: (37779,30069,33667,65535)  #937583FF  srgba(147,117,131,1)
14,2: (37779,30069,37265,65535)  #937591FF  srgba(147,117,145,1)
15,2: (38036,20560,26985,65535)  #945069FF  srgba(148,80,105,1)
0,3: (38036,24929,37265,65535)  #946191FF  srgba(148,97,145,1)
1,3: (38036,26985,29812,65535)  #946974FF  srgba(148,105,116,1)
2,3: (38293,20560,20817,65535)  #955051FF  srgba(149,80,81,1)
3,3: (38293,33924,39835,65535)  #95849BFF  srgba(149,132,155,1)
4,3: (38293,36751,37265,65535)  #958F91FF  srgba(149,143,145,1)
5,3: (38550,30326,26985,65535)  #967669FF  srgba(150,118,105,1)
6,3: (38550,33924,29812,65535)  #968474FF  srgba(150,132,116,1)
7,3: (38550,35723,33667,65535)  #968B83FF  srgba(150,139,131,1)
8,3: (38807,29555,21074,65535)  #977352FF  srgba(151,115,82,1)
9,3: (39064,36751,43433,65535)  #988FA9FF  srgba(152,143,169,1)
10,3: (42919,53713,43433,65535)  #A7D1A9FF  srgba(167,209,169,1)
11,3: (45746,16448,26471,65535)  #B24067FF  srgba(178,64,103,1)
12,3: (46517,12850,21331,65535)  #B53253FF  srgba(181,50,83,1)
13,3: (46517,33410,34695,65535)  #B58287FF  srgba(181,130,135,1)
14,3: (47031,41120,34695,65535)  #B7A087FF  srgba(183,160,135,1)
15,3: (47288,27499,31097,65535)  #B86B79FF  srgba(184,107,121,1)
0,4: (47545,42662,47288,65535)  #B9A6B8FF  srgba(185,166,184,1)
1,4: (47802,10537,14135,65535)  #BA2937FF  srgba(186,41,55,1)
2,4: (47802,19018,35723,65535)  #BA4A8BFF  srgba(186,74,139,1)
3,4: (47802,42405,41891,65535)  #BAA5A3FF  srgba(186,165,163,1)
4,4: (48059,33410,30840,65535)  #BB8278FF  srgba(187,130,120,1)
5,4: (48573,24158,26728,65535)  #BD5E68FF  srgba(189,94,104,1)
6,4: (48830,42148,38293,65535)  #BEA495FF  srgba(190,164,149,1)
7,4: (49087,23901,35980,65535)  #BF5D8CFF  srgba(191,93,140,1)
8,4: (49087,29555,27242,65535)  #BF736AFF  srgba(191,115,106,1)
9,4: (49344,18247,30583,65535)  #C04777FF  srgba(192,71,119,1)
10,4: (49344,27756,39321,65535)  #C06C99FF  srgba(192,108,153,1)
11,4: (49858,22873,22102,65535)  #C25956FF  srgba(194,89,86,1)
12,4: (50629,27499,34438,65535)  #C56B86FF  srgba(197,107,134,1)
13,4: (50629,29298,23901,65535)  #C5725DFF  srgba(197,114,93,1)
14,4: (50629,33667,43433,65535)  #C583A9FF  srgba(197,131,169,1)
15,4: (51143,40606,31097,65535)  #C79E79FF  srgba(199,158,121,1)
0,5: (51400,22873,16705,65535)  #C85941FF  srgba(200,89,65,1)
1,5: (51400,23901,30840,65535)  #C85D78FF  srgba(200,93,120,1)
2,5: (51400,29298,19018,65535)  #C8724AFF  srgba(200,114,74,1)
3,5: (51400,33410,38293,65535)  #C88295FF  srgba(200,130,149,1)
4,5: (51400,34952,27756,65535)  #C8886CFF  srgba(200,136,108,1)
5,5: (51400,54227,42148,65535)  #C8D3A4FF  srgba(200,211,164,1)
6,5: (52942,37779,25443,65535)  #CE9363FF  srgba(206,147,99,1)
7,5: (52942,40349,27756,65535)  #CE9D6CFF  srgba(206,157,108,1)
8,5: (53970,42405,34695,65535)  #D2A587FF  srgba(210,165,135,1)
9,5: (54741,37265,19789,65535)  #D5914DFF  srgba(213,145,77,1)
10,5: (56026,17476,26214,65535)  #DA4466FF  srgba(218,68,102,1)
11,5: (56283,53713,35466,65535)  #DBD18AFF  srgba(219,209,138,1)
12,5: (56283,55512,45746,65535)  #DBD8B2FF  srgba(219,216,178,1)
13,5: (56540,38293,23387,65535)  #DC955BFF  srgba(220,149,91,1)
14,5: (57311,27756,30840,65535)  #DF6C78FF  srgba(223,108,120,1)
15,5: (57311,33410,34695,65535)  #DF8287FF  srgba(223,130,135,1)
0,6: (57825,43433,48316,65535)  #E1A9BCFF  srgba(225,169,188,1)
1,6: (58339,14135,21331,65535)  #E33753FF  srgba(227,55,83,1)
2,6: (58339,33667,30840,65535)  #E38378FF  srgba(227,131,120,1)
3,6: (58339,42405,30840,65535)  #E3A578FF  srgba(227,165,120,1)
4,6: (58596,29555,27242,65535)  #E4736AFF  srgba(228,115,106,1)
5,6: (58596,43690,41891,65535)  #E4AAA3FF  srgba(228,170,163,1)
6,6: (58853,24158,26214,65535)  #E55E66FF  srgba(229,94,102,1)
7,6: (59367,43947,38293,65535)  #E7AB95FF  srgba(231,171,149,1)
8,6: (59624,40606,27756,65535)  #E89E6CFF  srgba(232,158,108,1)
9,6: (60138,12593,13878,65535)  #EA3136FF  srgba(234,49,54,1)
10,6: (60395,40092,25443,65535)  #EB9C63FF  srgba(235,156,99,1)
11,6: (60652,29555,23901,65535)  #EC735DFF  srgba(236,115,93,1)
12,6: (61166,44461,34438,65535)  #EEAD86FF  srgba(238,173,134,1)
13,6: (61423,23387,21845,65535)  #EF5B55FF  srgba(239,91,85,1)
14,6: (61423,55255,42405,65535)  #EFD7A5FF  srgba(239,215,165,1)
15,6: (61680,29298,19275,65535)  #F0724BFF  srgba(240,114,75,1)
0,7: (61937,52685,33410,65535)  #F1CD82FF  srgba(241,205,130,1)
1,7: (62451,42405,30583,65535)  #F3A577FF  srgba(243,165,119,1)
2,7: (62965,23387,16705,65535)  #F55B41FF  srgba(245,91,65,1)
3,7: (63479,40863,27756,65535)  #F79F6CFF  srgba(247,159,108,1)
4,7: (63736,38293,20560,65535)  #F89550FF  srgba(248,149,80,1)
5,7: (63736,48059,30840,65535)  #F8BB78FF  srgba(248,187,120,1)
6,7: (63993,39064,25443,65535)  #F99863FF  srgba(249,152,99,1)
7,7: (64507,41120,23387,65535)  #FBA05BFF  srgba(251,160,91,1)
8,7: (64507,52942,28013,65535)  #FBCE6DFF  srgba(251,206,109,1)
9,7: (64507,53199,35466,65535)  #FBCF8AFF  srgba(251,207,138,1)
10,7: (64764,47288,25700,65535)  #FCB864FF  srgba(252,184,100,1)
11,7: (64764,48059,28270,65535)  #FCBB6EFF  srgba(252,187,110,1)
12,7: (65278,57311,30326,65535)  #FEDF76FF  srgba(254,223,118,1)
13,7: (65535,15163,15677,65535)  #FF3B3DFF  srgba(255,59,61,1)
14,7: (65535,18247,15934,65535)  #FF473EFF  srgba(255,71,62,1)
15,7: (65535,21588,22102,65535)  #FF5456FF  srgba(255,84,86,1)
0,8: (65535,22616,22616,65535)  #FF5858FF  srgba(255,88,88,1)
1,8: (65535,23130,16962,65535)  #FF5A42FF  srgba(255,90,66,1)
2,8: (65535,27499,21331,65535)  #FF6B53FF  srgba(255,107,83,1)
3,8: (65535,29041,19018,65535)  #FF714AFF  srgba(255,113,74,1)
4,8: (65535,29298,24158,65535)  #FF725EFF  srgba(255,114,94,1)
5,8: (65535,30069,32382,65535)  #FF757EFF  srgba(255,117,126,1)
6,8: (65535,34438,20560,65535)  #FF8650FF  srgba(255,134,80,1)
7,8: (65535,34695,25700,65535)  #FF8764FF  srgba(255,135,100,1)
8,8: (65535,35209,25957,65535)  #FF8965FF  srgba(255,137,101,1)
9,8: (65535,35466,19789,65535)  #FF8A4DFF  srgba(255,138,77,1)
10,8: (65535,36751,22359,65535)  #FF8F57FF  srgba(255,143,87,1)
11,8: (65535,38293,32382,65535)  #FF957EFF  srgba(255,149,126,1)
12,8: (65535,39064,25957,65535)  #FF9865FF  srgba(255,152,101,1)
13,8: (65535,39835,29812,65535)  #FF9B74FF  srgba(255,155,116,1)
14,8: (65535,40092,28784,65535)  #FF9C70FF  srgba(255,156,112,1)
15,8: (65535,40092,30069,65535)  #FF9C75FF  srgba(255,156,117,1)
0,9: (65535,40349,26728,65535)  #FF9D68FF  srgba(255,157,104,1)
1,9: (65535,40349,29555,65535)  #FF9D73FF  srgba(255,157,115,1)
2,9: (65535,40606,28527,65535)  #FF9E6FFF  srgba(255,158,111,1)
3,9: (65535,40606,29041,65535)  #FF9E71FF  srgba(255,158,113,1)
4,9: (65535,41120,25957,65535)  #FFA065FF  srgba(255,160,101,1)
5,9: (65535,41120,28527,65535)  #FFA06FFF  srgba(255,160,111,1)
6,9: (65535,41120,29555,65535)  #FFA073FF  srgba(255,160,115,1)
7,9: (65535,41120,34181,65535)  #FFA085FF  srgba(255,160,133,1)
8,9: (65535,41377,32896,65535)  #FFA180FF  srgba(255,161,128,1)
9,9: (65535,41634,24415,65535)  #FFA25FFF  srgba(255,162,95,1)
10,9: (65535,41634,34695,65535)  #FFA287FF  srgba(255,162,135,1)
11,9: (65535,41891,26471,65535)  #FFA367FF  srgba(255,163,103,1)
12,9: (65535,41891,30069,65535)  #FFA375FF  srgba(255,163,117,1)
13,9: (65535,41891,32382,65535)  #FFA37EFF  srgba(255,163,126,1)
14,9: (65535,41891,34695,65535)  #FFA387FF  srgba(255,163,135,1)
15,9: (65535,42148,33153,65535)  #FFA481FF  srgba(255,164,129,1)
0,10: (65535,42148,34438,65535)  #FFA486FF  srgba(255,164,134,1)
1,10: (65535,42405,27242,65535)  #FFA56AFF  srgba(255,165,106,1)
2,10: (65535,42405,31611,65535)  #FFA57BFF  srgba(255,165,123,1)
3,10: (65535,42662,28270,65535)  #FFA66EFF  srgba(255,166,110,1)
4,10: (65535,42662,30840,65535)  #FFA678FF  srgba(255,166,120,1)
5,10: (65535,42919,30583,65535)  #FFA777FF  srgba(255,167,119,1)
6,10: (65535,43176,25186,65535)  #FFA862FF  srgba(255,168,98,1)
7,10: (65535,43176,28527,65535)  #FFA86FFF  srgba(255,168,111,1)
8,10: (65535,43176,34438,65535)  #FFA886FF  srgba(255,168,134,1)
9,10: (65535,43433,29812,65535)  #FFA974FF  srgba(255,169,116,1)
10,10: (65535,43947,28013,65535)  #FFAB6DFF  srgba(255,171,109,1)
11,10: (65535,44461,24672,65535)  #FFAD60FF  srgba(255,173,96,1)
12,10: (65535,44461,32382,65535)  #FFAD7EFF  srgba(255,173,126,1)
13,10: (65535,44975,22616,65535)  #FFAF58FF  srgba(255,175,88,1)
14,10: (65535,44975,32382,65535)  #FFAF7EFF  srgba(255,175,126,1)
15,10: (65535,44975,34438,65535)  #FFAF86FF  srgba(255,175,134,1)
0,11: (65535,44975,35980,65535)  #FFAF8CFF  srgba(255,175,140,1)
1,11: (65535,45489,25443,65535)  #FFB163FF  srgba(255,177,99,1)
2,11: (65535,45489,29812,65535)  #FFB174FF  srgba(255,177,116,1)
3,11: (65535,45746,23387,65535)  #FFB25BFF  srgba(255,178,91,1)
4,11: (65535,45746,26471,65535)  #FFB267FF  srgba(255,178,103,1)
5,11: (65535,45746,29812,65535)  #FFB274FF  srgba(255,178,116,1)
6,11: (65535,45746,33924,65535)  #FFB284FF  srgba(255,178,132,1)
7,11: (65535,46260,34181,65535)  #FFB485FF  srgba(255,180,133,1)
8,11: (65535,46517,26214,65535)  #FFB566FF  srgba(255,181,102,1)
9,11: (65535,46774,28527,65535)  #FFB66FFF  srgba(255,182,111,1)
10,11: (65535,47288,29812,65535)  #FFB874FF  srgba(255,184,116,1)
11,11: (65535,47545,34952,65535)  #FFB988FF  srgba(255,185,136,1)
12,11: (65535,47802,28013,65535)  #FFBA6DFF  srgba(255,186,109,1)
13,11: (65535,49087,29812,65535)  #FFBF74FF  srgba(255,191,116,1)
14,11: (65535,49087,31868,65535)  #FFBF7CFF  srgba(255,191,124,1)
15,11: (65535,50372,30583,65535)  #FFC477FF  srgba(255,196,119,1)
0,12: (65535,50629,28270,65535)  #FFC56EFF  srgba(255,197,110,1)
1,12: (65535,50886,25957,65535)  #FFC665FF  srgba(255,198,101,1)
2,12: (65535,51143,29298,65535)  #FFC772FF  srgba(255,199,114,1)
3,12: (65535,51400,29812,65535)  #FFC874FF  srgba(255,200,116,1)
4,12: (65535,51400,33667,65535)  #FFC883FF  srgba(255,200,131,1)
5,12: (65535,51400,34695,65535)  #FFC887FF  srgba(255,200,135,1)
6,12: (65535,51914,25957,65535)  #FFCA65FF  srgba(255,202,101,1)
7,12: (65535,51914,30069,65535)  #FFCA75FF  srgba(255,202,117,1)
8,12: (65535,51914,30069,65535)  #FFCA75FF  srgba(255,202,117,1)
9,12: (65535,51914,30840,65535)  #FFCA78FF  srgba(255,202,120,1)
10,12: (65535,52171,26471,65535)  #FFCB67FF  srgba(255,203,103,1)
11,12: (65535,52171,27756,65535)  #FFCB6CFF  srgba(255,203,108,1)
12,12: (65535,52171,34181,65535)  #FFCB85FF  srgba(255,203,133,1)
13,12: (65535,52428,30583,65535)  #FFCC77FF  srgba(255,204,119,1)
14,12: (65535,52428,35209,65535)  #FFCC89FF  srgba(255,204,137,1)
15,12: (65535,52685,30326,65535)  #FFCD76FF  srgba(255,205,118,1)
0,13: (65535,52942,31868,65535)  #FFCE7CFF  srgba(255,206,124,1)
1,13: (65535,52942,32382,65535)  #FFCE7EFF  srgba(255,206,126,1)
2,13: (65535,53713,28013,65535)  #FFD16DFF  srgba(255,209,109,1)
3,13: (65535,53713,28784,65535)  #FFD170FF  srgba(255,209,112,1)
4,13: (65535,53713,29555,65535)  #FFD173FF  srgba(255,209,115,1)
5,13: (65535,53970,27499,65535)  #FFD26BFF  srgba(255,210,107,1)
6,13: (65535,53970,29555,65535)  #FFD273FF  srgba(255,210,115,1)
7,13: (65535,53970,30840,65535)  #FFD278FF  srgba(255,210,120,1)
8,13: (65535,53970,31097,65535)  #FFD279FF  srgba(255,210,121,1)
9,13: (65535,54227,26985,65535)  #FFD369FF  srgba(255,211,105,1)
10,13: (65535,54227,33410,65535)  #FFD382FF  srgba(255,211,130,1)
11,13: (65535,54227,33410,65535)  #FFD382FF  srgba(255,211,130,1)
12,13: (65535,54484,26985,65535)  #FFD469FF  srgba(255,212,105,1)
13,13: (65535,54484,30069,65535)  #FFD475FF  srgba(255,212,117,1)
14,13: (65535,54484,30583,65535)  #FFD477FF  srgba(255,212,119,1)
15,13: (65535,54484,31611,65535)  #FFD47BFF  srgba(255,212,123,1)
0,14: (65535,54741,29041,65535)  #FFD571FF  srgba(255,213,113,1)
1,14: (65535,54741,31611,65535)  #FFD57BFF  srgba(255,213,123,1)
2,14: (65535,54998,36494,65535)  #FFD68EFF  srgba(255,214,142,1)
3,14: (65535,55255,28527,65535)  #FFD76FFF  srgba(255,215,111,1)
4,14: (65535,55255,31097,65535)  #FFD779FF  srgba(255,215,121,1)
5,14: (65535,55512,32125,65535)  #FFD87DFF  srgba(255,216,125,1)
6,14: (65535,55769,27756,65535)  #FFD96CFF  srgba(255,217,108,1)
7,14: (65535,55769,30069,65535)  #FFD975FF  srgba(255,217,117,1)
8,14: (65535,56026,27756,65535)  #FFDA6CFF  srgba(255,218,108,1)
9,14: (65535,56283,30069,65535)  #FFDB75FF  srgba(255,219,117,1)
10,14: (65535,56283,30583,65535)  #FFDB77FF  srgba(255,219,119,1)
11,14: (65535,56540,39835,65535)  #FFDC9BFF  srgba(255,220,155,1)
12,14: (65535,56797,30583,65535)  #FFDD77FF  srgba(255,221,119,1)
13,14: (65535,56797,30840,65535)  #FFDD78FF  srgba(255,221,120,1)
14,14: (65535,57568,41377,65535)  #FFE0A1FF  srgba(255,224,161,1)
15,14: (65535,57825,29812,65535)  #FFE174FF  srgba(255,225,116,1)
0,15: (65535,57825,30069,65535)  #FFE175FF  srgba(255,225,117,1)
1,15: (65535,57825,30326,65535)  #FFE176FF  srgba(255,225,118,1)
2,15: (65535,57825,30326,65535)  #FFE176FF  srgba(255,225,118,1)
3,15: (65535,58082,29298,65535)  #FFE272FF  srgba(255,226,114,1)
4,15: (65535,58339,29041,65535)  #FFE371FF  srgba(255,227,113,1)
5,15: (65535,58339,29298,65535)  #FFE372FF  srgba(255,227,114,1)
6,15: (65535,58596,28527,65535)  #FFE46FFF  srgba(255,228,111,1)
7,15: (65535,58596,28784,65535)  #FFE470FF  srgba(255,228,112,1)
8,15: (65535,58596,29041,65535)  #FFE471FF  srgba(255,228,113,1)
9,15: (65535,58853,30583,65535)  #FFE577FF  srgba(255,229,119,1)
10,15: (65535,58853,46260,65535)  #FFE5B4FF  srgba(255,229,180,1)
11,15: (65535,59110,29812,65535)  #FFE674FF  srgba(255,230,116,1)
12,15: (65535,59624,28784,65535)  #FFE870FF  srgba(255,232,112,1)
13,15: (65535,59624,28784,65535)  #FFE870FF  srgba(255,232,112,1)
14,15: (65535,59881,28527,65535)  #FFE96FFF  srgba(255,233,111,1)
15,15: (0,65535,0,0)  #00FF0000  srgba(0,255,0,0)
