# ImageMagick pixel enumeration: 16,16,65535,srgba
0,0: (0,514,15934,65535)  #00023EFF  srgba(0,2,62,1)
1,0: (0,1028,4626,65535)  #000412FF  srgba(0,4,18,1)
2,0: (0,56540,42148,65535)  #00DCA4FF  srgba(0,220,164,1)
3,0: (257,54998,50115,65535)  #01D6C3FF  srgba(1,214,195,1)
4,0: (771,1542,5654,65535)  #030616FF  srgba(3,6,22,1)
5,0: (771,8481,6939,65535)  #03211BFF  srgba(3,33,27,1)
6,0: (1542,49858,47802,65535)  #06C2BAFF  srgba(6,194,186,1)
7,0: (1799,9766,15420,65535)  #07263CFF  srgba(7,38,60,1)
8,0: (3341,48059,39578,65535)  #0DBB9AFF  srgba(13,187,154,1)
9,0: (3598,57568,31611,65535)  #0EE07BFF  srgba(14,224,123,1)
10,0: (4626,2827,22359,65535)  #120B57FF  srgba(18,11,87,1)
11,0: (5397,20046,12593,65535)  #154E31FF  srgba(21,78,49,1)
12,0: (8738,46003,29555,65535)  #22B373FF  srgba(34,179,115,1)
13,0: (8995,1285,5140,65535)  #230514FF  srgba(35,5,20,1)
14,0: (8995,10023,6682,65535)  #23271AFF  srgba(35,39,26,1)
15,0: (8995,17733,22616,65535)  #234558FF  srgba(35,69,88,1)
0,1: (9509,1028,16191,65535)  #25043FFF  srgba(37,4,63,1)
1,1: (10794,10794,15934,65535)  #2A2A3EFF  srgba(42,42,62,1)
2,1: (10794,20560,32896,65535)  #2A5080FF  srgba(42,80,128,1)
3,1: (10794,22359,18504,65535)  #2A5748FF  srgba(42,87,72,1)
4,1: (11308,18504,26728,65535)  #2C4868FF  srgba(44,72,104,1)
5,1: (11822,62965,28270,65535)  #2EF56EFF  srgba(46,245,110,1)
6,1: (12079,62965,24415,65535)  #2FF55FFF  srgba(47,245,95,1)
7,1: (12079,62965,27756,65535)  #2FF56CFF  srgba(47,245,108,1)
8,1: (12079,63222,28270,65535)  #2FF66EFF  srgba(47,246,110,1)
9,1: (12593,35209,14392,65535)  #318938FF  srgba(49,137,56,1)
10,1: (12593,44975,44718,65535)  #31AFAEFF  srgba(49,175,174,1)
11,1: (13364,63222,23130,65535)  #34F65AFF  srgba(52,246,90,1)
12,1: (13621,20817,12336,65535)  #355130FF  srgba(53,81,48,1)
13,1: (13621,62708,18504,65535)  #35F448FF  srgba(53,244,72,1)
14,1: (14392,43433,39321,65535)  #38A999FF  srgba(56,169,153,1)
15,1: (14392,61937,13621,65535)  #38F135FF  srgba(56,241,53,1)
0,2: (14392,62965,37522,65535)  #38F592FF  srgba(56,245,146,1)
1,2: (14649,45232,14135,65535)  #39B037FF  srgba(57,176,55,1)
2,2: (14649,45232,49344,65535)  #39B0C0FF  srgba(57,176,192,1)
3,2: (14649,63222,30069,65535)  #39F675FF  srgba(57,246,117,1)
4,2: (14906,61680,3341,65535)  #3AF00DFF  srgba(58,240,13,1)
5,2: (15163,61423,23130,65535)  #3BEF5AFF  srgba(59,239,90,1)
6,2: (15677,37522,38550,65535)  #3D9296FF  srgba(61,146,150,1)
7,2: (17219,30840,29812,65535)  #437874FF  srgba(67,120,116,1)
8,2: (17733,27499,22616,65535)  #456B58FF  srgba(69,107,88,1)
9,2: (18504,61937,4369,65535)  #48F111FF  srgba(72,241,17,1)
10,2: (19018,47545,24672,65535)  #4AB960FF  srgba(74,185,96,1)
11,2: (19275,60138,14906,65535)  #4BEA3AFF  srgba(75,234,58,1)
12,2: (20046,53970,22616,65535)  #4ED258FF  srgba(78,210,88,1)
13,2: (20303,31354,38807,65535)  #4F7A97FF  srgba(79,122,151,1)
14,2: (20303,45489,15163,65535)  #4FB13BFF  srgba(79,177,59,1)
15,2: (20303,46774,23387,65535)  #4FB65BFF  srgba(79,182,91,1)
0,3: (20303,55512,15934,65535)  #4FD83EFF  srgba(79,216,62,1)
1,3: (20303,58596,6939,65535)  #4FE41BFF  srgba(79,228,27,1)
2,3: (21331,37779,24929,65535)  #539361FF  srgba(83,147,97,1)
3,3: (21331,44975,23644,65535)  #53AF5CFF  srgba(83,175,92,1)
4,3: (22102,5911,17219,65535)  #561743FF  srgba(86,23,67,1)
5,3: (22359,36751,39578,65535)  #578F9AFF  srgba(87,143,154,1)
6,3: (22616,4369,7453,65535)  #58111DFF  srgba(88,17,29,1)
7,3: (22616,17990,18504,65535)  #584648FF  srgba(88,70,72,1)
8,3: (22873,43690,24158,65535)  #59AA5EFF  srgba(89,170,94,1)
9,3: (23387,16962,12079,65535)  #5B422FFF  srgba(91,66,47,1)
10,3: (23387,48059,14906,65535)  #5BBB3AFF  srgba(91,187,58,1)
11,3: (23644,49601,22616,65535)  #5CC158FF  srgba(92,193,88,1)
12,3: (23901,36751,15934,65535)  #5D8F3EFF  srgba(93,143,62,1)
13,3: (24415,45746,24158,65535)  #5FB25EFF  srgba(95,178,94,1)
14,3: (24672,15420,22616,65535)  #603C58FF  srgba(96,60,88,1)
15,3: (26728,45232,26214,65535)  #68B066FF  srgba(104,176,102,1)
0,4: (27242,20817,27242,65535)  #6A516AFF  srgba(106,81,106,1)
1,4: (27499,35980,45489,65535)  #6B8CB1FF  srgba(107,140,177,1)
2,4: (27499,37008,35723,65535)  #6B908BFF  srgba(107,144,139,1)
3,4: (27756,23901,35466,65535)  #6C5D8AFF  srgba(108,93,138,1)
4,4: (28013,42919,22616,65535)  #6DA758FF  srgba(109,167,88,1)
5,4: (28527,27499,14392,65535)  #6F6B38FF  srgba(111,107,56,1)
6,4: (28527,27756,19018,65535)  #6F6C4AFF  srgba(111,108,74,1)
7,4: (28784,36494,16705,65535)  #708E41FF  srgba(112,142,65,1)
8,4: (29041,44975,15677,65535)  #71AF3DFF  srgba(113,175,61,1)
9,4: (29298,29298,22616,65535)  #727258FF  srgba(114,114,88,1)
10,4: (29555,43947,48316,65535)  #73ABBCFF  srgba(115,171,188,1)
11,4: (30069,31354,34695,65535)  #757A87FF  srgba(117,122,135,1)
12,4: (30326,36494,23901,65535)  #768E5DFF  srgba(118,142,93,1)
13,4: (30326,59367,8224,65535)  #76E720FF  srgba(118,231,32,1)
14,4: (30583,43690,38293,65535)  #77AA95FF  srgba(119,170,149,1)
15,4: (30583,56797,23387,65535)  #77DD5BFF  srgba(119,221,91,1)
0,5: (32125,43690,14649,65535)  #7DAA39FF  srgba(125,170,57,1)
1,5: (32382,43433,19018,65535)  #7EA94AFF  srgba(126,169,74,1)
2,5: (32382,58082,20817,65535)  #7EE251FF  srgba(126,226,81,1)
3,5: (32639,35723,17733,65535)  #7F8B45FF  srgba(127,139,69,1)
4,5: (33153,59624,40092,65535)  #81E89CFF  srgba(129,232,156,1)
5,5: (33410,58853,28270,65535)  #82E56EFF  srgba(130,229,110,1)
6,5: (34181,45232,29812,65535)  #85B074FF  srgba(133,176,116,1)
7,5: (34181,59110,32639,65535)  #85E67FFF  srgba(133,230,127,1)
8,5: (34695,60395,17990,65535)  #87EB46FF  srgba(135,235,70,1)
9,5: (34952,20303,15934,65535)  #884F3EFF  srgba(136,79,62,1)
10,5: (35209,11051,8738,65535)  #892B22FF  srgba(137,43,34,1)
11,5: (35209,61166,15677,65535)  #89EE3DFF  srgba(137,238,61,1)
12,5: (35466,35209,25700,65535)  #8A8964FF  srgba(138,137,100,1)
13,5: (35723,29555,22359,65535)  #8B7357FF  srgba(139,115,87,1)
14,5: (35980,24672,22616,65535)  #8C6058FF  srgba(140,96,88,1)
15,5: (36237,10023,17476,65535)  #8D2744FF  srgba(141,39,68,1)
0,6: (36494,27242,19018,65535)  #8E6A4AFF  srgba(142,106,74,1)
1,6: (36494,32639,41634,65535)  #8E7FA2FF  srgba(142,127,162,1)
2,6: (36494,35980,22359,65535)  #8E8C57FF  srgba(142,140,87,1)
3,6: (36751,1028,4626,65535)  #8F0412FF  srgba(143,4,18,1)
4,6: (36751,33410,31868,65535)  #8F827CFF  srgba(143,130,124,1)
5,6: (36751,44461,24415,65535)  #8FAD5FFF  srgba(143,173,95,1)
6,6: (37265,27756,14649,65535)  #916C39FF  srgba(145,108,57,1)
7,6: (37522,25700,26985,65535)  #926469FF  srgba(146,100,105,1)
8,6: (37522,60138,9509,65535)  #92EA25FF  srgba(146,234,37,1)
9,6: (37779,27242,36494,65535)  #936A8EFF  srgba(147,106,142,1)
10,6: (38036,12850,22616,65535)  #943258FF  srgba(148,50,88,1)
11,6: (38036,44718,26214,65535)  #94AE66FF  srgba(148,174,102,1)
12,6: (38550,35466,14135,65535)  #968A37FF  srgba(150,138,55,1)
13,6: (38807,36751,16962,65535)  #978F42FF  srgba(151,143,66,1)
14,6: (39321,10794,26985,65535)  #992A69FF  srgba(153,42,105,1)
15,6: (39321,36751,19275,65535)  #998F4BFF  srgba(153,143,75,1)
0,7: (39321,43433,22102,65535)  #99A956FF  srgba(153,169,86,1)
1,7: (39578,19789,33924,65535)  #9A4D84FF  srgba(154,77,132,1)
2,7: (39578,46774,13107,65535)  #9AB633FF  srgba(154,182,51,1)
3,7: (39835,44204,19532,65535)  #9BAC4CFF  srgba(155,172,76,1)
4,7: (39835,46774,17219,65535)  #9BB643FF  srgba(155,182,67,1)
5,7: (40606,57568,20817,65535)  #9EE051FF  srgba(158,224,81,1)
6,7: (40606,58082,18504,65535)  #9EE248FF  srgba(158,226,72,1)
7,7: (40863,50372,19532,65535)  #9FC44CFF  srgba(159,196,76,1)
8,7: (41891,50115,21845,65535)  #A3C355FF  srgba(163,195,85,1)
9,7: (42405,56540,21074,65535)  #A5DC52FF  srgba(165,220,82,1)
10,7: (42405,61166,11565,65535)  #A5EE2DFF  srgba(165,238,45,1)
11,7: (42662,60395,15934,65535)  #A6EB3EFF  srgba(166,235,62,1)
12,7: (42919,56540,22873,65535)  #A7DC59FF  srgba(167,220,89,1)
13,7: (43433,57825,18504,65535)  #A9E148FF  srgba(169,225,72,1)
14,7: (44718,57825,20817,65535)  #AEE151FF  srgba(174,225,81,1)
15,7: (46003,46774,15420,65535)  #B3B63CFF  srgba(179,182,60,1)
0,8: (46003,48573,19532,65535)  #B3BD4CFF  srgba(179,189,76,1)
1,8: (46517,63222,14906,65535)  #B5F63AFF  srgba(181,246,58,1)
2,8: (47545,46003,22616,65535)  #B9B358FF  srgba(185,179,88,1)
3,8: (47545,58853,32639,65535)  #B9E57FFF  srgba(185,229,127,1)
4,8: (47545,64250,17733,65535)  #B9FA45FF  srgba(185,250,69,1)
5,8: (47802,56797,18247,65535)  #BADD47FF  srgba(186,221,71,1)
6,8: (47802,58596,38807,65535)  #BAE497FF  srgba(186,228,151,1)
7,8: (48059,65021,10537,65535)  #BBFD29FF  srgba(187,253,41,1)
8,8: (48316,59110,28013,65535)  #BCE66DFF  srgba(188,230,109,1)
9,8: (49601,58853,23387,65535)  #C1E55BFF  srgba(193,229,91,1)
10,8: (49858,22873,33410,65535)  #C25982FF  srgba(194,89,130,1)
11,8: (49858,27499,13364,65535)  #C26B34FF  srgba(194,107,52,1)
12,8: (49858,57825,8738,65535)  #C2E122FF  srgba(194,225,34,1)
13,8: (50372,11565,23644,65535)  #C42D5CFF  srgba(196,45,92,1)
14,8: (51143,26471,20303,65535)  #C7674FFF  srgba(199,103,79,1)
15,8: (51914,3084,5911,65535)  #CA0C17FF  srgba(202,12,23,1)
0,9: (51914,61423,20817,65535)  #CAEF51FF  srgba(202,239,81,1)
1,9: (52171,12593,28784,65535)  #CB3170FF  srgba(203,49,112,1)
2,9: (52171,24415,28527,65535)  #CB5F6FFF  srgba(203,95,111,1)
3,9: (52171,26214,24415,65535)  #CB665FFF  srgba(203,102,95,1)
4,9: (52428,10280,18247,65535)  #CC2847FF  srgba(204,40,71,1)
5,9: (52428,54484,21074,65535)  #CCD452FF  srgba(204,212,82,1)
6,9: (52942,13878,8481,65535)  #CE3621FF  srgba(206,54,33,1)
7,9: (53456,56026,14906,65535)  #D0DA3AFF  srgba(208,218,58,1)
8,9: (54484,49601,29041,65535)  #D4C171FF  srgba(212,193,113,1)
9,9: (54998,45489,10794,65535)  #D6B12AFF  srgba(214,177,42,1)
10,9: (54998,46774,16448,65535)  #D6B640FF  srgba(214,182,64,1)
11,9: (55255,24415,36237,65535)  #D75F8DFF  srgba(215,95,141,1)
12,9: (55512,40863,29298,65535)  #D89F72FF  srgba(216,159,114,1)
13,9: (56026,44975,34181,65535)  #DAAF85FF  srgba(218,175,133,1)
14,9: (56283,12850,32639,65535)  #DB327FFF  srgba(219,50,127,1)
15,9: (56540,63993,14649,65535)  #DCF939FF  srgba(220,249,57,1)
0,10: (56797,56026,18247,65535)  #DDDA47FF  srgba(221,218,71,1)
1,10: (57054,47802,23387,65535)  #DEBA5BFF  srgba(222,186,91,1)
2,10: (57825,50372,19532,65535)  #E1C44CFF  srgba(225,196,76,1)
3,10: (58082,43433,19532,65535)  #E2A94CFF  srgba(226,169,76,1)
4,10: (58339,12079,36751,65535)  #E32F8FFF  srgba(227,47,143,1)
5,10: (58339,56540,23644,65535)  #E3DC5CFF  srgba(227,220,92,1)
6,10: (58339,57825,27499,65535)  #E3E16BFF  srgba(227,225,107,1)
7,10: (58596,45489,41120,65535)  #E4B1A0FF  srgba(228,177,160,1)
8,10: (58596,57568,38807,65535)  #E4E097FF  srgba(228,224,151,1)
9,10: (58853,58853,32382,65535)  #E5E57EFF  srgba(229,229,126,1)
10,10: (59624,10537,23644,65535)  #E8295CFF  srgba(232,41,92,1)
11,10: (59624,63479,8995,65535)  #E8F723FF  srgba(232,247,35,1)
12,10: (60652,62451,18504,65535)  #ECF348FF  srgba(236,243,72,1)
13,10: (60909,25957,41634,65535)  #ED65A2FF  srgba(237,101,162,1)
14,10: (61166,62194,22873,65535)  #EEF259FF  srgba(238,242,89,1)
15,10: (61166,63479,17990,65535)  #EEF746FF  srgba(238,247,70,1)
0,11: (61166,64250,12079,65535)  #EEFA2FFF  srgba(238,250,47,1)
1,11: (61680,62194,21074,65535)  #F0F252FF  srgba(240,242,82,1)
2,11: (62708,12593,28784,65535)  #F43170FF  srgba(244,49,112,1)
3,11: (62965,26728,13364,65535)  #F56834FF  srgba(245,104,52,1)
4,11: (63222,9766,9252,65535)  #F62624FF  srgba(246,38,36,1)
5,11: (63479,10280,18247,65535)  #F72847FF  srgba(247,40,71,1)
6,11: (63736,26471,38293,65535)  #F86795FF  srgba(248,103,149,1)
7,11: (63993,60909,24929,65535)  #F9ED61FF  srgba(249,237,97,1)
8,11: (63993,62194,21331,65535)  #F9F253FF  srgba(249,242,83,1)
9,11: (63993,63222,18247,65535)  #F9F647FF  srgba(249,246,71,1)
10,11: (64250,49344,46517,65535)  #FAC0B5FF  srgba(250,192,181,1)
11,11: (64250,59881,29555,65535)  #FAE973FF  srgba(250,233,115,1)
12,11: (64250,62194,11308,65535)  #FAF22CFF  srgba(250,242,44,1)
13,11: (64507,24415,33153,65535)  #FB5F81FF  srgba(251,95,129,1)
14,11: (64507,56797,36494,65535)  #FBDD8EFF  srgba(251,221,142,1)
15,11: (64507,58853,30583,65535)  #FBE577FF  srgba(251,229,119,1)
0,12: (64507,60909,15420,65535)  #FBED3CFF  srgba(251,237,60,1)
1,12: (64764,55512,39321,65535)  #FCD899FF  srgba(252,216,153,1)
2,12: (64764,56540,32639,65535)  #FCDC7FFF  srgba(252,220,127,1)
3,12: (64764,59367,21588,65535)  #FCE754FF  srgba(252,231,84,1)
4,12: (65021,26471,20817,65535)  #FD6751FF  srgba(253,103,81,1)
5,12: (65021,39321,29298,65535)  #FD9972FF  srgba(253,153,114,1)
6,12: (65021,49601,29555,65535)  #FDC173FF  srgba(253,193,115,1)
7,12: (65021,54484,41377,65535)  #FDD4A1FF  srgba(253,212,161,1)
8,12: (65021,57825,18247,65535)  #FDE147FF  srgba(253,225,71,1)
9,12: (65021,58339,25957,65535)  #FDE365FF  srgba(253,227,101,1)
10,12: (65278,12593,23901,65535)  #FE315DFF  srgba(254,49,93,1)
11,12: (65278,24415,28527,65535)  #FE5F6FFF  srgba(254,95,111,1)
12,12: (65278,27499,24672,65535)  #FE6B60FF  srgba(254,107,96,1)
13,12: (65278,42148,23644,65535)  #FEA45CFF  srgba(254,164,92,1)
14,12: (65278,49858,23644,65535)  #FEC25CFF  srgba(254,194,92,1)
15,12: (65278,53970,42919,65535)  #FED2A7FF  srgba(254,210,167,1)
0,13: (65278,54227,21331,65535)  #FED353FF  srgba(254,211,83,1)
1,13: (65278,54741,24929,65535)  #FED561FF  srgba(254,213,97,1)
2,13: (65278,55512,46517,65535)  #FED8B5FF  srgba(254,216,181,1)
3,13: (65278,56026,29041,65535)  #FEDA71FF  srgba(254,218,113,1)
4,13: (65535,11822,11565,65535)  #FF2E2DFF  srgba(255,46,45,1)
5,13: (65535,11822,18761,65535)  #FF2E49FF  srgba(255,46,73,1)
6,13: (65535,12593,23901,65535)  #FF315DFF  srgba(255,49,93,1)
7,13: (65535,12593,28784,65535)  #FF3170FF  srgba(255,49,112,1)
8,13: (65535,13364,32639,65535)  #FF347FFF  srgba(255,52,127,1)
9,13: (65535,13364,32896,65535)  #FF3480FF  srgba(255,52,128,1)
10,13: (65535,13621,35723,65535)  #FF358BFF  srgba(255,53,139,1)
11,13: (65535,13621,36494,65535)  #FF358EFF  srgba(255,53,142,1)
12,13: (65535,14135,29041,65535)  #FF3771FF  srgba(255,55,113,1)
13,13: (65535,21588,28527,65535)  #FF546FFF  srgba(255,84,111,1)
14,13: (65535,23901,24672,65535)  #FF5D60FF  srgba(255,93,96,1)
15,13: (65535,24672,33153,65535)  #FF6081FF  srgba(255,96,129,1)
0,14: (65535,24672,33410,65535)  #FF6082FF  srgba(255,96,130,1)
1,14: (65535,25443,28527,65535)  #FF636FFF  srgba(255,99,111,1)
2,14: (65535,25957,36494,65535)  #FF658EFF  srgba(255,101,142,1)
3,14: (65535,26471,36751,65535)  #FF678FFF  srgba(255,103,143,1)
4,14: (65535,26728,8995,65535)  #FF6823FF  srgba(255,104,35,1)
5,14: (65535,26985,15677,65535)  #FF693DFF  srgba(255,105,61,1)
6,14: (65535,26985,20560,65535)  #FF6950FF  srgba(255,105,80,1)
7,14: (65535,27756,24672,65535)  #FF6C60FF  srgba(255,108,96,1)
8,14: (65535,29041,28270,65535)  #FF716EFF  srgba(255,113,110,1)
9,14: (65535,31611,24672,65535)  #FF7B60FF  srgba(255,123,96,1)
10,14: (65535,34695,29555,65535)  #FF8773FF  srgba(255,135,115,1)
11,14: (65535,38036,29555,65535)  #FF9473FF  srgba(255,148,115,1)
12,14: (65535,40863,39835,65535)  #FF9F9BFF  srgba(255,159,155,1)
13,14: (65535,41891,35466,65535)  #FFA38AFF  srgba(255,163,138,1)
14,14: (65535,42148,29298,65535)  #FFA472FF  srgba(255,164,114,1)
15,14: (65535,42662,19018,65535)  #FFA64AFF  srgba(255,166,74,1)
0,15: (65535,42662,23644,65535)  #FFA65CFF  srgba(255,166,92,1)
1,15: (65535,44204,11565,65535)  #FFAC2DFF  srgba(255,172,45,1)
2,15: (65535,44975,33410,65535)  #FFAF82FF  srgba(255,175,130,1)
3,15: (65535,45232,39064,65535)  #FFB098FF  srgba(255,176,152,1)
4,15: (65535,45232,41377,65535)  #FFB0A1FF  srgba(255,176,161,1)
5,15: (65535,45489,33667,65535)  #FFB183FF  srgba(255,177,131,1)
6,15: (65535,45746,33410,65535)  #FFB282FF  srgba(255,178,130,1)
7,15: (65535,46774,16448,65535)  #FFB640FF  srgba(255,182,64,1)
8,15: (65535,49087,29555,65535)  #FFBF73FF  srgba(255,191,115,1)
9,15: (65535,49344,29555,65535)  #FFC073FF  srgba(255,192,115,1)
10,15: (65535,49601,35466,65535)  #FFC18AFF  srgba(255,193,138,1)
11,15: (65535,49858,19275,65535)  #FFC24BFF  srgba(255,194,75,1)
12,15: (65535,49858,23644,65535)  #FFC25CFF  srgba(255,194,92,1)
13,15: (65535,49858,46774,65535)  #FFC2B6FF  srgba(255,194,182,1)
14,15: (65535,50886,42148,65535)  #FFC6A4FF  srgba(255,198,164,1)
15,15: (0,65535,0,0)  #00FF0000  srgba(0,255,0,0)
