# ImageMagick pixel enumeration: 16,16,65535,srgba
0,0: (0,0,0,65535)  #000000FF  black
1,0: (0,0,771,65535)  #000003FF  srgba(0,0,3,1)
2,0: (2313,2827,2570,65535)  #090B0AFF  srgba(9,11,10,1)
3,0: (5140,5397,4883,65535)  #141513FF  srgba(20,21,19,1)
4,0: (5911,6682,6939,65535)  #171A1BFF  srgba(23,26,27,1)
5,0: (6168,7196,10023,65535)  #181C27FF  srgba(24,28,39,1)
6,0: (8224,7453,4369,65535)  #201D11FF  srgba(32,29,17,1)
7,0: (11565,11565,11308,65535)  #2D2D2CFF  srgba(45,45,44,1)
8,0: (14649,16191,15677,65535)  #393F3DFF  srgba(57,63,61,1)
9,0: (16962,19789,27756,65535)  #424D6CFF  srgba(66,77,108,1)
10,0: (17990,51914,65278,65535)  #46CAFEFF  srgba(70,202,254,1)
11,0: (17990,52171,65535,65535)  #46CBFFFF  srgba(70,203,255,1)
12,0: (18247,52171,65278,65535)  #47CBFEFF  srgba(71,203,254,1)
13,0: (18504,39578,47802,65535)  #489ABAFF  srgba(72,154,186,1)
14,0: (18761,51657,65021,65535)  #49C9FDFF  srgba(73,201,253,1)
15,0: (18761,52171,64507,65535)  #49CBFBFF  srgba(73,203,251,1)
0,1: (19018,19275,19275,65535)  #4A4B4BFF  srgba(74,75,75,1)
1,1: (19532,51400,65021,65535)  #4CC8FDFF  srgba(76,200,253,1)
2,1: (19789,15420,1028,65535)  #4D3C04FF  srgba(77,60,4,1)
3,1: (20817,50886,65021,65535)  #51C6FDFF  srgba(81,198,253,1)
4,1: (21331,49601,64764,65535)  #53C1FCFF  srgba(83,193,252,1)
5,1: (22873,22873,23644,65535)  #59595CFF  srgba(89,89,92,1)
6,1: (23130,50115,65021,65535)  #5AC3FDFF  srgba(90,195,253,1)
7,1: (23901,25186,24415,65535)  #5D625FFF  srgba(93,98,95,1)
8,1: (24158,32639,33667,65535)  #5E7F83FF  srgba(94,127,131,1)
9,1: (24415,50886,61937,65535)  #5FC6F1FF  srgba(95,198,241,1)
10,1: (25186,48059,63993,65535)  #62BBF9FF  srgba(98,187,249,1)
11,1: (26985,50372,65021,65535)  #69C4FDFF  srgba(105,196,253,1)
12,1: (28270,27756,22359,65535)  #6E6C57FF  srgba(110,108,87,1)
13,1: (28270,28270,28013,65535)  #6E6E6DFF  srgba(110,110,109,1)
14,1: (28527,51400,61166,65535)  #6FC8EEFF  srgba(111,200,238,1)
15,1: (28527,52428,54741,65535)  #6FCCD5FF  srgba(111,204,213,1)
0,2: (28784,29812,28784,65535)  #707470FF  srgba(112,116,112,1)
1,2: (29041,29041,28527,65535)  #71716FFF  srgba(113,113,111,1)
2,2: (29812,30583,30326,65535)  #747776FF  srgba(116,119,118,1)
3,2: (31611,46517,64764,65535)  #7BB5FCFF  srgba(123,181,252,1)
4,2: (31868,47802,64250,65535)  #7CBAFAFF  srgba(124,186,250,1)
5,2: (32125,57825,61166,65535)  #7DE1EEFF  srgba(125,225,238,1)
6,2: (32382,56797,44975,65535)  #7EDDAFFF  srgba(126,221,175,1)
7,2: (33153,44975,64764,65535)  #81AFFCFF  srgba(129,175,252,1)
8,2: (33410,27499,7967,65535)  #826B1FFF  srgba(130,107,31,1)
9,2: (34695,52171,65021,65535)  #87CBFDFF  srgba(135,203,253,1)
10,2: (34952,35723,35723,65535)  #888B8BFF  srgba(136,139,139,1)
11,2: (35209,52685,62194,65535)  #89CDF2FF  srgba(137,205,242,1)
12,2: (36494,56540,54484,65535)  #8EDCD4FF  srgba(142,220,212,1)
13,2: (37265,47802,48316,65535)  #91BABCFF  srgba(145,186,188,1)
14,2: (38036,37265,46260,65535)  #9491B4FF  srgba(148,145,180,1)
15,2: (38293,38036,38036,65535)  #959494FF  srgba(149,148,148,1)
0,3: (38293,53199,53713,65535)  #95CFD1FF  srgba(149,207,209,1)
1,3: (38293,58853,62708,65535)  #95E5F4FF  srgba(149,229,244,1)
2,3: (39835,45232,64764,65535)  #9BB0FCFF  srgba(155,176,252,1)
3,3: (39835,47802,64764,65535)  #9BBAFCFF  srgba(155,186,252,1)
4,3: (40349,52685,62194,65535)  #9DCDF2FF  srgba(157,205,242,1)
5,3: (40606,53199,41377,65535)  #9ECFA1FF  srgba(158,207,161,1)
6,3: (40863,51657,65278,65535)  #9FC9FEFF  srgba(159,201,254,1)
7,3: (41120,41120,41120,65535)  #A0A0A0FF  srgba(160,160,160,1)
8,3: (41377,42919,43176,65535)  #A1A7A8FF  srgba(161,167,168,1)
9,3: (41634,52428,49087,65535)  #A2CCBFFF  srgba(162,204,191,1)
10,3: (41891,42919,38550,65535)  #A3A796FF  srgba(163,167,150,1)
11,3: (42148,38550,15934,65535)  #A4963EFF  srgba(164,150,62,1)
12,3: (42148,61937,61680,65535)  #A4F1F0FF  srgba(164,241,240,1)
13,3: (42662,56540,62965,65535)  #A6DCF5FF  srgba(166,220,245,1)
14,3: (42919,43176,42148,65535)  #A7A8A4FF  srgba(167,168,164,1)
15,3: (43433,41634,26471,65535)  #A9A267FF  srgba(169,162,103,1)
0,4: (43433,52942,54484,65535)  #A9CED4FF  srgba(169,206,212,1)
1,4: (43690,42919,48573,65535)  #AAA7BDFF  srgba(170,167,189,1)
2,4: (44718,47031,64764,65535)  #AEB7FCFF  srgba(174,183,252,1)
3,4: (45232,46517,46774,65535)  #B0B5B6FF  srgba(176,181,182,1)
4,4: (45232,48830,63993,65535)  #B0BEF9FF  srgba(176,190,249,1)
5,4: (45489,57825,46260,65535)  #B1E1B4FF  srgba(177,225,180,1)
6,4: (46003,57825,55255,65535)  #B3E1D7FF  srgba(179,225,215,1)
7,4: (46260,46517,47031,65535)  #B4B5B7FF  srgba(180,181,183,1)
8,4: (46517,57054,62965,65535)  #B5DEF5FF  srgba(181,222,245,1)
9,4: (46517,60395,62451,65535)  #B5EBF3FF  srgba(181,235,243,1)
10,4: (46774,51657,65021,65535)  #B6C9FDFF  srgba(182,201,253,1)
11,4: (46774,52685,51657,65535)  #B6CDC9FF  srgba(182,205,201,1)
12,4: (47031,45232,63736,65535)  #B7B0F8FF  srgba(183,176,248,1)
13,4: (47288,54484,65021,65535)  #B8D4FDFF  srgba(184,212,253,1)
14,4: (47545,51914,61166,65535)  #B9CAEEFF  srgba(185,202,238,1)
15,4: (47802,54484,60395,65535)  #BAD4EBFF  srgba(186,212,235,1)
0,5: (48059,42405,64507,65535)  #BBA5FBFF  srgba(187,165,251,1)
1,5: (48316,53456,55255,65535)  #BCD0D7FF  srgba(188,208,215,1)
2,5: (48573,47545,48573,65535)  #BDB9BDFF  srgba(189,185,189,1)
3,5: (49087,46774,61423,65535)  #BFB6EFFF  srgba(191,182,239,1)
4,5: (49858,45746,20303,65535)  #C2B24FFF  srgba(194,178,79,1)
5,5: (49858,57568,51914,65535)  #C2E0CAFF  srgba(194,224,202,1)
6,5: (49858,60138,64250,65535)  #C2EAFAFF  srgba(194,234,250,1)
7,5: (50115,49601,49858,65535)  #C3C1C2FF  srgba(195,193,194,1)
8,5: (50372,49087,62194,65535)  #C4BFF2FF  srgba(196,191,242,1)
9,5: (50372,51657,49858,65535)  #C4C9C2FF  srgba(196,201,194,1)
10,5: (50372,57568,54484,65535)  #C4E0D4FF  srgba(196,224,212,1)
11,5: (50372,58082,20303,65535)  #C4E24FFF  srgba(196,226,79,1)
12,5: (50372,58082,59110,65535)  #C4E2E6FF  srgba(196,226,230,1)
13,5: (50886,40606,1542,65535)  #C69E06FF  srgba(198,158,6,1)
14,5: (50886,56283,62194,65535)  #C6DBF2FF  srgba(198,219,242,1)
15,5: (51143,48573,34695,65535)  #C7BD87FF  srgba(199,189,135,1)
0,6: (51143,50886,50115,65535)  #C7C6C3FF  srgba(199,198,195,1)
1,6: (51400,56026,57568,65535)  #C8DAE0FF  srgba(200,218,224,1)
2,6: (51657,52171,50372,65535)  #C9CBC4FF  srgba(201,203,196,1)
3,6: (51657,52171,51400,65535)  #C9CBC8FF  srgba(201,203,200,1)
4,6: (51657,52942,28013,65535)  #C9CE6DFF  srgba(201,206,109,1)
5,6: (51657,57311,55255,65535)  #C9DFD7FF  srgba(201,223,215,1)
6,6: (51914,52942,53713,65535)  #CACED1FF  srgba(202,206,209,1)
7,6: (51914,57054,54484,65535)  #CADED4FF  srgba(202,222,212,1)
8,6: (52171,53199,54741,65535)  #CBCFD5FF  srgba(203,207,213,1)
9,6: (52171,56797,52171,65535)  #CBDDCBFF  srgba(203,221,203,1)
10,6: (52428,52685,51914,65535)  #CCCDCAFF  srgba(204,205,202,1)
11,6: (52685,52171,64507,65535)  #CDCBFBFF  srgba(205,203,251,1)
12,6: (52942,52428,58853,65535)  #CECCE5FF  srgba(206,204,229,1)
13,6: (52942,52942,41634,65535)  #CECEA2FF  srgba(206,206,162,1)
14,6: (52942,53456,53713,65535)  #CED0D1FF  srgba(206,208,209,1)
15,6: (52942,54741,60909,65535)  #CED5EDFF  srgba(206,213,237,1)
0,7: (53456,42662,4112,65535)  #D0A610FF  srgba(208,166,16,1)
1,7: (53713,49601,26471,65535)  #D1C167FF  srgba(209,193,103,1)
2,7: (53713,53713,53713,65535)  #D1D1D1FF  grey82
3,7: (53713,56026,54484,65535)  #D1DAD4FF  srgba(209,218,212,1)
4,7: (53713,56026,55255,65535)  #D1DAD7FF  srgba(209,218,215,1)
5,7: (53713,56540,57311,65535)  #D1DCDFFF  srgba(209,220,223,1)
6,7: (53970,49601,33410,65535)  #D2C182FF  srgba(210,193,130,1)
7,7: (53970,53456,48573,65535)  #D2D0BDFF  srgba(210,208,189,1)
8,7: (53970,54227,54741,65535)  #D2D3D5FF  srgba(210,211,213,1)
9,7: (53970,55769,53199,65535)  #D2D9CFFF  srgba(210,217,207,1)
10,7: (53970,60395,63993,65535)  #D2EBF9FF  srgba(210,235,249,1)
11,7: (54227,49601,21845,65535)  #D3C155FF  srgba(211,193,85,1)
12,7: (54227,54227,53713,65535)  #D3D3D1FF  srgba(211,211,209,1)
13,7: (54484,54484,61937,65535)  #D4D4F1FF  srgba(212,212,241,1)
14,7: (54484,54998,56797,65535)  #D4D6DDFF  srgba(212,214,221,1)
15,7: (54484,55769,54484,65535)  #D4D9D4FF  srgba(212,217,212,1)
0,8: (54484,55769,55255,65535)  #D4D9D7FF  srgba(212,217,215,1)
1,8: (54484,55769,57311,65535)  #D4D9DFFF  srgba(212,217,223,1)
2,8: (54741,52685,54484,65535)  #D5CDD4FF  srgba(213,205,212,1)
3,8: (54741,53199,41377,65535)  #D5CFA1FF  srgba(213,207,161,1)
4,8: (54741,54227,52428,65535)  #D5D3CCFF  srgba(213,211,204,1)
5,8: (54741,54741,54741,65535)  #D5D5D5FF  srgba(213,213,213,1)
6,8: (54741,54998,53456,65535)  #D5D6D0FF  srgba(213,214,208,1)
7,8: (54741,55255,54484,65535)  #D5D7D4FF  srgba(213,215,212,1)
8,8: (54741,55255,55255,65535)  #D5D7D7FF  srgba(213,215,215,1)
9,8: (54741,55769,52942,65535)  #D5D9CEFF  srgba(213,217,206,1)
10,8: (54998,54484,55512,65535)  #D6D4D8FF  srgba(214,212,216,1)
11,8: (54998,55512,54741,65535)  #D6D8D5FF  srgba(214,216,213,1)
12,8: (54998,55512,55512,65535)  #D6D8D8FF  srgba(214,216,216,1)
13,8: (55255,52685,26728,65535)  #D7CD68FF  srgba(215,205,104,1)
14,8: (55255,54741,54998,65535)  #D7D5D6FF  srgba(215,213,214,1)
15,8: (55255,54998,53713,65535)  #D7D6D1FF  srgba(215,214,209,1)
0,9: (55255,54998,55769,65535)  #D7D6D9FF  srgba(215,214,217,1)
1,9: (55255,54998,58339,65535)  #D7D6E3FF  srgba(215,214,227,1)
2,9: (55255,55255,54484,65535)  #D7D7D4FF  srgba(215,215,212,1)
3,9: (55255,55255,55255,65535)  #D7D7D7FF  srgba(215,215,215,1)
4,9: (55255,55512,53199,65535)  #D7D8CFFF  srgba(215,216,207,1)
5,9: (55255,55512,54484,65535)  #D7D8D4FF  srgba(215,216,212,1)
6,9: (55255,55769,54998,65535)  #D7D9D6FF  srgba(215,217,214,1)
7,9: (55255,55769,55769,65535)  #D7D9D9FF  srgba(215,217,217,1)
8,9: (55255,56026,54998,65535)  #D7DAD6FF  srgba(215,218,214,1)
9,9: (55512,55512,53970,65535)  #D8D8D2FF  srgba(216,216,210,1)
10,9: (55512,55512,55512,65535)  #D8D8D8FF  srgba(216,216,216,1)
11,9: (55512,55769,54998,65535)  #D8D9D6FF  srgba(216,217,214,1)
12,9: (55769,55255,53713,65535)  #D9D7D1FF  srgba(217,215,209,1)
13,9: (55769,55255,55512,65535)  #D9D7D8FF  srgba(217,215,216,1)
14,9: (55769,55769,54484,65535)  #D9D9D4FF  srgba(217,217,212,1)
15,9: (55769,55769,55769,65535)  #D9D9D9FF  grey85
0,10: (55769,56026,55769,65535)  #D9DAD9FF  srgba(217,218,217,1)
1,10: (56026,54998,53199,65535)  #DAD6CFFF  srgba(218,214,207,1)
2,10: (56026,55512,53199,65535)  #DAD8CFFF  srgba(218,216,207,1)
3,10: (56026,55769,55255,65535)  #DAD9D7FF  srgba(218,217,215,1)
4,10: (56283,54998,56540,65535)  #DBD6DCFF  srgba(219,214,220,1)
5,10: (56797,57054,51914,65535)  #DDDECAFF  srgba(221,222,202,1)
6,10: (57054,53970,61166,65535)  #DED2EEFF  srgba(222,210,238,1)
7,10: (57311,53970,53456,65535)  #DFD2D0FF  srgba(223,210,208,1)
8,10: (57311,56797,43947,65535)  #DFDDABFF  srgba(223,221,171,1)
9,10: (57311,56797,57311,65535)  #DFDDDFFF  srgba(223,221,223,1)
10,10: (57568,56540,22102,65535)  #E0DC56FF  srgba(224,220,86,1)
11,10: (57825,53970,55769,65535)  #E1D2D9FF  srgba(225,210,217,1)
12,10: (58596,53713,24415,65535)  #E4D15FFF  srgba(228,209,95,1)
13,10: (58853,51400,25443,65535)  #E5C863FF  srgba(229,200,99,1)
14,10: (58853,56540,22873,65535)  #E5DC59FF  srgba(229,220,89,1)
15,10: (58853,58596,55255,65535)  #E5E4D7FF  srgba(229,228,215,1)
0,11: (59110,50629,20046,65535)  #E6C54EFF  srgba(230,197,78,1)
1,11: (59110,50629,31097,65535)  #E6C579FF  srgba(230,197,121,1)
2,11: (59110,53713,48316,65535)  #E6D1BCFF  srgba(230,209,188,1)
3,11: (59367,48573,25957,65535)  #E7BD65FF  srgba(231,189,101,1)
4,11: (59367,53713,33924,65535)  #E7D184FF  srgba(231,209,132,1)
5,11: (59624,52942,21331,65535)  #E8CE53FF  srgba(232,206,83,1)
6,11: (59624,53713,30583,65535)  #E8D177FF  srgba(232,209,119,1)
7,11: (59624,53970,39835,65535)  #E8D29BFF  srgba(232,210,155,1)
8,11: (59624,56540,23130,65535)  #E8DC5AFF  srgba(232,220,90,1)
9,11: (60395,51143,58853,65535)  #EBC7E5FF  srgba(235,199,229,1)
10,11: (60395,53970,27756,65535)  #EBD26CFF  srgba(235,210,108,1)
11,11: (60395,61423,33153,65535)  #EBEF81FF  srgba(235,239,129,1)
12,11: (60652,50115,38293,65535)  #ECC395FF  srgba(236,195,149,1)
13,11: (60652,50886,48059,65535)  #ECC6BBFF  srgba(236,198,187,1)
14,11: (60652,52942,17733,65535)  #ECCE45FF  srgba(236,206,69,1)
15,11: (60652,56283,31868,65535)  #ECDB7CFF  srgba(236,219,124,1)
0,12: (60652,60138,65021,65535)  #ECEAFDFF  srgba(236,234,253,1)
1,12: (60909,51143,52942,65535)  #EDC7CEFF  srgba(237,199,206,1)
2,12: (60909,56540,25700,65535)  #EDDC64FF  srgba(237,220,100,1)
3,12: (60909,56797,19789,65535)  #EDDD4DFF  srgba(237,221,77,1)
4,12: (61166,54484,20817,65535)  #EED451FF  srgba(238,212,81,1)
5,12: (61166,61166,60652,65535)  #EEEEECFF  srgba(238,238,236,1)
6,12: (61423,42148,61937,65535)  #EFA4F1FF  srgba(239,164,241,1)
7,12: (61680,47031,56283,65535)  #F0B7DBFF  srgba(240,183,219,1)
8,12: (61937,48059,12850,65535)  #F1BB32FF  srgba(241,187,50,1)
9,12: (61937,54484,17219,65535)  #F1D443FF  srgba(241,212,67,1)
10,12: (61937,56540,25186,65535)  #F1DC62FF  srgba(241,220,98,1)
11,12: (61937,56797,19018,65535)  #F1DD4AFF  srgba(241,221,74,1)
12,12: (62194,52942,12079,65535)  #F2CE2FFF  srgba(242,206,47,1)
13,12: (62194,54227,24415,65535)  #F2D35FFF  srgba(242,211,95,1)
14,12: (62194,63222,64764,65535)  #F2F6FCFF  srgba(242,246,252,1)
15,12: (62451,35980,64764,65535)  #F38CFCFF  srgba(243,140,252,1)
0,13: (62451,48316,2056,65535)  #F3BC08FF  srgba(243,188,8,1)
1,13: (62451,64764,65278,65535)  #F3FCFEFF  srgba(243,252,254,1)
2,13: (62708,58082,42662,65535)  #F4E2A6FF  srgba(244,226,166,1)
3,13: (62965,46774,46517,65535)  #F5B6B5FF  srgba(245,182,181,1)
4,13: (62965,64764,64250,65535)  #F5FCFAFF  srgba(245,252,250,1)
5,13: (63222,35980,49344,65535)  #F68CC0FF  srgba(246,140,192,1)
6,13: (63222,54484,11822,65535)  #F6D42EFF  srgba(246,212,46,1)
7,13: (63479,64507,43176,65535)  #F7FBA8FF  srgba(247,251,168,1)
8,13: (63736,55769,23130,65535)  #F8D95AFF  srgba(248,217,90,1)
9,13: (63736,57054,16448,65535)  #F8DE40FF  srgba(248,222,64,1)
10,13: (63736,57568,22873,65535)  #F8E059FF  srgba(248,224,89,1)
11,13: (63736,64764,61937,65535)  #F8FCF1FF  srgba(248,252,241,1)
12,13: (63993,42405,46260,65535)  #F9A5B4FF  srgba(249,165,180,1)
13,13: (64250,40092,32382,65535)  #FA9C7EFF  srgba(250,156,126,1)
14,13: (64250,40863,39321,65535)  #FA9F99FF  srgba(250,159,153,1)
15,13: (64250,58596,5911,65535)  #FAE417FF  srgba(250,228,23,1)
0,14: (64507,38807,25700,65535)  #FB9764FF  srgba(251,151,100,1)
1,14: (64507,63479,51143,65535)  #FBF7C7FF  srgba(251,247,199,1)
2,14: (64507,65021,64250,65535)  #FBFDFAFF  srgba(251,253,250,1)
3,14: (64764,52942,1285,65535)  #FCCE05FF  srgba(252,206,5,1)
4,14: (64764,56283,0,65535)  #FCDB00FF  srgba(252,219,0,1)
5,14: (64764,63479,33410,65535)  #FCF782FF  srgba(252,247,130,1)
6,14: (64764,64507,64764,65535)  #FCFBFCFF  srgba(252,251,252,1)
7,14: (65021,29298,34438,65535)  #FD7286FF  srgba(253,114,134,1)
8,14: (65021,31354,29298,65535)  #FD7A72FF  srgba(253,122,114,1)
9,14: (65021,32896,15934,65535)  #FD803EFF  srgba(253,128,62,1)
10,14: (65021,33410,11051,65535)  #FD822BFF  srgba(253,130,43,1)
11,14: (65021,33667,35209,65535)  #FD8389FF  srgba(253,131,137,1)
12,14: (65021,37779,19018,65535)  #FD934AFF  srgba(253,147,74,1)
13,14: (65021,40092,12079,65535)  #FD9C2FFF  srgba(253,156,47,1)
14,14: (65021,52942,0,65535)  #FDCE00FF  srgba(253,206,0,1)
15,14: (65021,53199,0,65535)  #FDCF00FF  srgba(253,207,0,1)
0,15: (65021,63222,62194,65535)  #FDF6F2FF  srgba(253,246,242,1)
1,15: (65021,64764,62708,65535)  #FDFCF4FF  srgba(253,252,244,1)
2,15: (65021,65021,64764,65535)  #FDFDFCFF  srgba(253,253,252,1)
3,15: (65278,31611,25186,65535)  #FE7B62FF  srgba(254,123,98,1)
4,15: (65278,32125,20303,65535)  #FE7D4FFF  srgba(254,125,79,1)
5,15: (65278,36751,11565,65535)  #FE8F2DFF  srgba(254,143,45,1)
6,15: (65278,54227,257,65535)  #FED301FF  srgba(254,211,1,1)
7,15: (65278,54484,0,65535)  #FED400FF  srgba(254,212,0,1)
8,15: (65278,54484,1285,65535)  #FED405FF  srgba(254,212,5,1)
9,15: (65278,55769,0,65535)  #FED900FF  srgba(254,217,0,1)
10,15: (65278,57311,514,65535)  #FEDF02FF  srgba(254,223,2,1)
11,15: (65278,58596,17733,65535)  #FEE445FF  srgba(254,228,69,1)
12,15: (65278,59367,23644,65535)  #FEE75CFF  srgba(254,231,92,1)
13,15: (65278,59624,4112,65535)  #FEE810FF  srgba(254,232,16,1)
14,15: (65278,59624,10280,65535)  #FEE828FF  srgba(254,232,40,1)
15,15: (0,65535,0,0)  #00FF0000  srgba(0,255,0,0)
