# ImageMagick pixel enumeration: 16,16,65535,srgba
0,0: (0,0,0,65535)  #000000FF  black
1,0: (0,0,257,65535)  #000001FF  srgba(0,0,1,1)
2,0: (257,0,257,65535)  #010001FF  srgba(1,0,1,1)
3,0: (257,2056,771,65535)  #010803FF  srgba(1,8,3,1)
4,0: (771,37779,11308,65535)  #03932CFF  srgba(3,147,44,1)
5,0: (1285,5654,6425,65535)  #051619FF  srgba(5,22,25,1)
6,0: (1542,0,257,65535)  #060001FF  srgba(6,0,1,1)
7,0: (2056,15677,9252,65535)  #083D24FF  srgba(8,61,36,1)
8,0: (2313,54227,15420,65535)  #09D33CFF  srgba(9,211,60,1)
9,0: (3084,7710,1799,65535)  #0C1E07FF  srgba(12,30,7,1)
10,0: (3084,43690,18504,65535)  #0CAA48FF  srgba(12,170,72,1)
11,0: (3341,0,514,65535)  #0D0002FF  srgba(13,0,2,1)
12,0: (3341,47288,11565,65535)  #0DB82DFF  srgba(13,184,45,1)
13,0: (3598,38036,17733,65535)  #0E9445FF  srgba(14,148,69,1)
14,0: (3855,44461,0,65535)  #0FAD00FF  srgba(15,173,0,1)
15,0: (3855,45232,514,65535)  #0FB002FF  srgba(15,176,2,1)
0,1: (4112,30840,9252,65535)  #107824FF  srgba(16,120,36,1)
1,1: (4112,43690,0,65535)  #10AA00FF  srgba(16,170,0,1)
2,1: (4112,44204,0,65535)  #10AC00FF  srgba(16,172,0,1)
3,1: (4112,55512,22102,65535)  #10D856FF  srgba(16,216,86,1)
4,1: (4369,18247,1542,65535)  #114706FF  srgba(17,71,6,1)
5,1: (4626,30840,14135,65535)  #127837FF  srgba(18,120,55,1)
6,1: (5140,38293,21331,65535)  #149553FF  srgba(20,149,83,1)
7,1: (5140,42405,257,65535)  #14A501FF  srgba(20,165,1,1)
8,1: (5397,25443,10280,65535)  #156328FF  srgba(21,99,40,1)
9,1: (6168,2570,1542,65535)  #180A06FF  srgba(24,10,6,1)
10,1: (6425,25443,14649,65535)  #196339FF  srgba(25,99,57,1)
11,1: (6425,29555,18247,65535)  #197347FF  srgba(25,115,71,1)
12,1: (6425,43690,8738,65535)  #19AA22FF  srgba(25,170,34,1)
13,1: (6939,58853,26728,65535)  #1BE568FF  srgba(27,229,104,1)
14,1: (7196,6425,7453,65535)  #1C191DFF  srgba(28,25,29,1)
15,1: (7196,38036,11051,65535)  #1C942BFF  srgba(28,148,43,1)
0,2: (7710,47545,21074,65535)  #1EB952FF  srgba(30,185,82,1)
1,2: (7967,16191,11308,65535)  #1F3F2CFF  srgba(31,63,44,1)
2,2: (8738,0,257,65535)  #220001FF  srgba(34,0,1,1)
3,2: (8738,24929,18247,65535)  #226147FF  srgba(34,97,71,1)
4,2: (8738,44718,26214,65535)  #22AE66FF  srgba(34,174,102,1)
5,2: (9252,20046,17990,65535)  #244E46FF  srgba(36,78,70,1)
6,2: (9252,38550,25957,65535)  #249665FF  srgba(36,150,101,1)
7,2: (9509,31097,1285,65535)  #257905FF  srgba(37,121,5,1)
8,2: (9509,31097,22359,65535)  #257957FF  srgba(37,121,87,1)
9,2: (9509,60138,30583,65535)  #25EA77FF  srgba(37,234,119,1)
10,2: (10023,24672,22102,65535)  #276056FF  srgba(39,96,86,1)
11,2: (10023,41634,257,65535)  #27A201FF  srgba(39,162,1,1)
12,2: (10280,49601,26985,65535)  #28C169FF  srgba(40,193,105,1)
13,2: (10794,43690,19275,65535)  #2AAA4BFF  srgba(42,170,75,1)
14,2: (11051,24929,24929,65535)  #2B6161FF  srgba(43,97,97,1)
15,2: (11051,53970,22359,65535)  #2BD257FF  srgba(43,210,87,1)
0,3: (11565,52685,15420,65535)  #2DCD3CFF  srgba(45,205,60,1)
1,3: (11822,31868,24929,65535)  #2E7C61FF  srgba(46,124,97,1)
2,3: (11822,37522,20817,65535)  #2E9251FF  srgba(46,146,81,1)
3,3: (12336,29555,18761,65535)  #307349FF  srgba(48,115,73,1)
4,3: (12336,47288,11822,65535)  #30B82EFF  srgba(48,184,46,1)
5,3: (12336,50372,30583,65535)  #30C477FF  srgba(48,196,119,1)
6,3: (12336,57311,27499,65535)  #30DF6BFF  srgba(48,223,107,1)
7,3: (12336,62451,33410,65535)  #30F382FF  srgba(48,243,130,1)
8,3: (13107,42405,30583,65535)  #33A577FF  srgba(51,165,119,1)
9,3: (13364,45489,33153,65535)  #34B181FF  srgba(52,177,129,1)
10,3: (13364,54741,33153,65535)  #34D581FF  srgba(52,213,129,1)
11,3: (13364,55255,38293,65535)  #34D795FF  srgba(52,215,149,1)
12,3: (13621,54484,35209,65535)  #35D489FF  srgba(53,212,137,1)
13,3: (13621,58596,30840,65535)  #35E478FF  srgba(53,228,120,1)
14,3: (13621,64507,37265,65535)  #35FB91FF  srgba(53,251,145,1)
15,3: (13878,38807,11051,65535)  #36972BFF  srgba(54,151,43,1)
0,4: (13878,43690,26985,65535)  #36AA69FF  srgba(54,170,105,1)
1,4: (14135,24415,11822,65535)  #375F2EFF  srgba(55,95,46,1)
2,4: (14135,30840,10794,65535)  #37782AFF  srgba(55,120,42,1)
3,4: (14135,37008,26471,65535)  #379067FF  srgba(55,144,103,1)
4,4: (14392,40606,6168,65535)  #389E18FF  srgba(56,158,24,1)
5,4: (14649,41377,514,65535)  #39A102FF  srgba(57,161,2,1)
6,4: (14906,39064,514,65535)  #3A9802FF  srgba(58,152,2,1)
7,4: (14906,43433,7967,65535)  #3AA91FFF  srgba(58,169,31,1)
8,4: (15677,31097,22616,65535)  #3D7958FF  srgba(61,121,88,1)
9,4: (16705,9766,8995,65535)  #412623FF  srgba(65,38,35,1)
10,4: (16705,24672,26985,65535)  #416069FF  srgba(65,96,105,1)
11,4: (17219,28013,29041,65535)  #436D71FF  srgba(67,109,113,1)
12,4: (17219,31868,26985,65535)  #437C69FF  srgba(67,124,105,1)
13,4: (17733,2313,7196,65535)  #45091CFF  srgba(69,9,28,1)
14,4: (17733,28270,30840,65535)  #456E78FF  srgba(69,110,120,1)
15,4: (17990,17990,12079,65535)  #46462FFF  srgba(70,70,47,1)
0,5: (18247,29555,18504,65535)  #477348FF  srgba(71,115,72,1)
1,5: (18504,38550,7967,65535)  #48961FFF  srgba(72,150,31,1)
2,5: (18504,39064,0,65535)  #489800FF  srgba(72,152,0,1)
3,5: (18504,40092,257,65535)  #489C01FF  srgba(72,156,1,1)
4,5: (18504,41891,514,65535)  #48A302FF  srgba(72,163,2,1)
5,5: (18761,42405,4369,65535)  #49A511FF  srgba(73,165,17,1)
6,5: (18761,43690,4112,65535)  #49AA10FF  srgba(73,170,16,1)
7,5: (19018,28527,35209,65535)  #4A6F89FF  srgba(74,111,137,1)
8,5: (19018,39835,1542,65535)  #4A9B06FF  srgba(74,155,6,1)
9,5: (19018,44975,6939,65535)  #4AAF1BFF  srgba(74,175,27,1)
10,5: (19018,57311,31868,65535)  #4ADF7CFF  srgba(74,223,124,1)
11,5: (19275,48830,31097,65535)  #4BBE79FF  srgba(75,190,121,1)
12,5: (19532,2056,1285,65535)  #4C0805FF  srgba(76,8,5,1)
13,5: (19532,37522,29555,65535)  #4C9273FF  srgba(76,146,115,1)
14,5: (19532,43176,30583,65535)  #4CA877FF  srgba(76,168,119,1)
15,5: (19532,48059,11051,65535)  #4CBB2BFF  srgba(76,187,43,1)
0,6: (19532,62194,36751,65535)  #4CF28FFF  srgba(76,242,143,1)
1,6: (19789,54227,35466,65535)  #4DD38AFF  srgba(77,211,138,1)
2,6: (20303,44718,35466,65535)  #4FAE8AFF  srgba(79,174,138,1)
3,6: (20303,63222,41891,65535)  #4FF6A3FF  srgba(79,246,163,1)
4,6: (20560,31611,25186,65535)  #507B62FF  srgba(80,123,98,1)
5,6: (20560,44204,20560,65535)  #50AC50FF  srgba(80,172,80,1)
6,6: (20560,50372,37522,65535)  #50C492FF  srgba(80,196,146,1)
7,6: (20817,36751,21588,65535)  #518F54FF  srgba(81,143,84,1)
8,6: (21074,0,771,65535)  #520003FF  srgba(82,0,3,1)
9,6: (21074,51914,40349,65535)  #52CA9DFF  srgba(82,202,157,1)
10,6: (21331,26985,10537,65535)  #536929FF  srgba(83,105,41,1)
11,6: (22102,26471,22359,65535)  #566757FF  srgba(86,103,87,1)
12,6: (22359,0,514,65535)  #570002FF  srgba(87,0,2,1)
13,6: (22359,50886,18761,65535)  #57C649FF  srgba(87,198,73,1)
14,6: (22616,23644,18247,65535)  #585C47FF  srgba(88,92,71,1)
15,6: (22616,24929,24929,65535)  #586161FF  srgba(88,97,97,1)
0,7: (23387,20046,17990,65535)  #5B4E46FF  srgba(91,78,70,1)
1,7: (23644,20303,22102,65535)  #5C4F56FF  srgba(92,79,86,1)
2,7: (23901,30069,1028,65535)  #5D7504FF  srgba(93,117,4,1)
3,7: (24158,42148,2313,65535)  #5EA409FF  srgba(94,164,9,1)
4,7: (24158,47288,9252,65535)  #5EB824FF  srgba(94,184,36,1)
5,7: (24158,54998,20303,65535)  #5ED64FFF  srgba(94,214,79,1)
6,7: (24929,30840,22359,65535)  #617857FF  srgba(97,120,87,1)
7,7: (25186,39578,1285,65535)  #629A05FF  srgba(98,154,5,1)
8,7: (25443,14392,17990,65535)  #633846FF  srgba(99,56,70,1)
9,7: (25700,37008,0,65535)  #649000FF  srgba(100,144,0,1)
10,7: (25957,10280,1028,65535)  #652804FF  srgba(101,40,4,1)
11,7: (25957,22102,1285,65535)  #655605FF  srgba(101,86,5,1)
12,7: (26728,37008,2570,65535)  #68900AFF  srgba(104,144,10,1)
13,7: (26985,29298,18504,65535)  #697248FF  srgba(105,114,72,1)
14,7: (27756,771,7453,65535)  #6C031DFF  srgba(108,3,29,1)
15,7: (27756,8738,9766,65535)  #6C2226FF  srgba(108,34,38,1)
0,8: (28270,17733,11051,65535)  #6E452BFF  srgba(110,69,43,1)
1,8: (28270,26471,10280,65535)  #6E6728FF  srgba(110,103,40,1)
2,8: (28527,60909,41120,65535)  #6FEDA0FF  srgba(111,237,160,1)
3,8: (29298,2056,771,65535)  #720803FF  srgba(114,8,3,1)
4,8: (29555,48573,38550,65535)  #73BD96FF  srgba(115,189,150,1)
5,8: (29555,49344,32125,65535)  #73C07DFF  srgba(115,192,125,1)
6,8: (30326,0,771,65535)  #760003FF  srgba(118,0,3,1)
7,8: (31097,0,257,65535)  #790001FF  srgba(121,0,1,1)
8,8: (32382,46260,21331,65535)  #7EB453FF  srgba(126,180,83,1)
9,8: (33924,514,771,65535)  #840203FF  srgba(132,2,3,1)
10,8: (34181,9252,5140,65535)  #852414FF  srgba(133,36,20,1)
11,8: (34438,0,257,65535)  #860001FF  srgba(134,0,1,1)
12,8: (34952,0,257,65535)  #880001FF  srgba(136,0,1,1)
13,8: (35466,35723,514,65535)  #8A8B02FF  srgba(138,139,2,1)
14,8: (36237,31097,22616,65535)  #8D7958FF  srgba(141,121,88,1)
15,8: (36494,0,771,65535)  #8E0003FF  srgba(142,0,3,1)
0,9: (36751,39064,27242,65535)  #8F986AFF  srgba(143,152,106,1)
1,9: (37008,35980,30069,65535)  #908C75FF  srgba(144,140,117,1)
2,9: (37265,32896,26471,65535)  #918067FF  srgba(145,128,103,1)
3,9: (38036,3598,3598,65535)  #940E0EFF  srgba(148,14,14,1)
4,9: (38036,35466,23387,65535)  #948A5BFF  srgba(148,138,91,1)
5,9: (38550,12850,1799,65535)  #963207FF  srgba(150,50,7,1)
6,9: (38550,13107,11308,65535)  #96332CFF  srgba(150,51,44,1)
7,9: (38550,20303,11565,65535)  #964F2DFF  srgba(150,79,45,1)
8,9: (38550,27756,11051,65535)  #966C2BFF  srgba(150,108,43,1)
9,9: (38550,34181,24672,65535)  #968560FF  srgba(150,133,96,1)
10,9: (38807,21074,19789,65535)  #97524DFF  srgba(151,82,77,1)
11,9: (38807,33667,27242,65535)  #97836AFF  srgba(151,131,106,1)
12,9: (38807,34952,23901,65535)  #97885DFF  srgba(151,136,93,1)
13,9: (39064,20560,1799,65535)  #985007FF  srgba(152,80,7,1)
14,9: (39064,34438,26985,65535)  #988669FF  srgba(152,134,105,1)
15,9: (39578,35209,26985,65535)  #9A8969FF  srgba(154,137,105,1)
0,10: (39835,34952,24415,65535)  #9B885FFF  srgba(155,136,95,1)
1,10: (40092,14906,19532,65535)  #9C3A4CFF  srgba(156,58,76,1)
2,10: (40092,29812,21588,65535)  #9C7454FF  srgba(156,116,84,1)
3,10: (40606,29298,3084,65535)  #9E720CFF  srgba(158,114,12,1)
4,10: (40606,34952,24158,65535)  #9E885EFF  srgba(158,136,94,1)
5,10: (40606,36237,24672,65535)  #9E8D60FF  srgba(158,141,96,1)
6,10: (40863,7453,19532,65535)  #9F1D4CFF  srgba(159,29,76,1)
7,10: (40863,30069,257,65535)  #9F7501FF  srgba(159,117,1,1)
8,10: (41377,37522,24415,65535)  #A1925FFF  srgba(161,146,95,1)
9,10: (41891,34181,257,65535)  #A38501FF  srgba(163,133,1,1)
10,10: (42919,33667,257,65535)  #A78301FF  srgba(167,131,1,1)
11,10: (42919,37522,27499,65535)  #A7926BFF  srgba(167,146,107,1)
12,10: (43433,34181,257,65535)  #A98501FF  srgba(169,133,1,1)
13,10: (43947,11051,27499,65535)  #AB2B6BFF  srgba(171,43,107,1)
14,10: (45232,36237,27756,65535)  #B08D6CFF  srgba(176,141,108,1)
15,10: (46003,13364,3084,65535)  #B3340CFF  srgba(179,52,12,1)
0,11: (46260,3855,2827,65535)  #B40F0BFF  srgba(180,15,11,1)
1,11: (46260,23387,27242,65535)  #B45B6AFF  srgba(180,91,106,1)
2,11: (46517,13364,12079,65535)  #B5342FFF  srgba(181,52,47,1)
3,11: (46774,4883,11565,65535)  #B6132DFF  srgba(182,19,45,1)
4,11: (47288,30840,3341,65535)  #B8780DFF  srgba(184,120,13,1)
5,11: (48059,21331,3598,65535)  #BB530EFF  srgba(187,83,14,1)
6,11: (48573,14392,32896,65535)  #BD3880FF  srgba(189,56,128,1)
7,11: (48573,21331,12593,65535)  #BD5331FF  srgba(189,83,49,1)
8,11: (48573,36237,23130,65535)  #BD8D5AFF  srgba(189,141,90,1)
9,11: (51143,21074,20303,65535)  #C7524FFF  srgba(199,82,79,1)
10,11: (51400,27499,20046,65535)  #C86B4EFF  srgba(200,107,78,1)
11,11: (51914,14392,20303,65535)  #CA384FFF  srgba(202,56,79,1)
12,11: (52171,5911,20303,65535)  #CB174FFF  srgba(203,23,79,1)
13,11: (53199,31611,27756,65535)  #CF7B6CFF  srgba(207,123,108,1)
14,11: (53456,34695,5911,65535)  #D08717FF  srgba(208,135,23,1)
15,11: (54741,9766,27499,65535)  #D5266BFF  srgba(213,38,107,1)
0,12: (55769,29298,33153,65535)  #D97281FF  srgba(217,114,129,1)
1,12: (57311,12336,41634,65535)  #DF30A2FF  srgba(223,48,162,1)
2,12: (57825,6682,4112,65535)  #E11A10FF  srgba(225,26,16,1)
3,12: (58082,52171,52685,65535)  #E2CBCDFF  srgba(226,203,205,1)
4,12: (58596,6682,12593,65535)  #E41A31FF  srgba(228,26,49,1)
5,12: (58596,20046,4626,65535)  #E44E12FF  srgba(228,78,18,1)
6,12: (58596,20303,13107,65535)  #E44F33FF  srgba(228,79,51,1)
7,12: (59110,34952,20817,65535)  #E68851FF  srgba(230,136,81,1)
8,12: (59367,13878,4369,65535)  #E73611FF  srgba(231,54,17,1)
9,12: (59367,28270,5911,65535)  #E76E17FF  srgba(231,110,23,1)
10,12: (59624,28013,13107,65535)  #E86D33FF  srgba(232,109,51,1)
11,12: (59881,12336,33153,65535)  #E93081FF  srgba(233,48,129,1)
12,12: (60138,13878,12850,65535)  #EA3632FF  srgba(234,54,50,1)
13,12: (60138,28784,42662,65535)  #EA70A6FF  srgba(234,112,166,1)
14,12: (60138,40092,20046,65535)  #EA9C4EFF  srgba(234,156,78,1)
15,12: (60395,39835,9766,65535)  #EB9B26FF  srgba(235,155,38,1)
0,13: (61166,40863,28270,65535)  #EE9F6EFF  srgba(238,159,110,1)
1,13: (61423,10280,27756,65535)  #EF286CFF  srgba(239,40,108,1)
2,13: (61680,40349,37008,65535)  #F09D90FF  srgba(240,157,144,1)
3,13: (61937,9766,20817,65535)  #F12651FF  srgba(241,38,81,1)
4,13: (61937,22359,27756,65535)  #F1576CFF  srgba(241,87,108,1)
5,13: (62451,39321,32382,65535)  #F3997EFF  srgba(243,153,126,1)
6,13: (63222,14649,42662,65535)  #F639A6FF  srgba(246,57,166,1)
7,13: (63222,17476,21074,65535)  #F64452FF  srgba(246,68,82,1)
8,13: (63479,15677,33410,65535)  #F73D82FF  srgba(247,61,130,1)
9,13: (63479,30069,18247,65535)  #F77547FF  srgba(247,117,71,1)
10,13: (63479,36494,10537,65535)  #F78E29FF  srgba(247,142,41,1)
11,13: (63736,21845,20817,65535)  #F85551FF  srgba(248,85,81,1)
12,13: (63736,30326,22873,65535)  #F87659FF  srgba(248,118,89,1)
13,13: (64250,29555,42919,65535)  #FA73A7FF  srgba(250,115,167,1)
14,13: (64250,30583,33153,65535)  #FA7781FF  srgba(250,119,129,1)
15,13: (64250,34438,28013,65535)  #FA866DFF  srgba(250,134,109,1)
0,14: (64507,16448,38807,65535)  #FB4097FF  srgba(251,64,151,1)
1,14: (64507,16448,47288,65535)  #FB40B8FF  srgba(251,64,184,1)
2,14: (64507,32125,27756,65535)  #FB7D6CFF  srgba(251,125,108,1)
3,14: (64507,34695,10794,65535)  #FB872AFF  srgba(251,135,42,1)
4,14: (64507,34695,32382,65535)  #FB877EFF  srgba(251,135,126,1)
5,14: (64507,37779,46003,65535)  #FB93B3FF  srgba(251,147,179,1)
6,14: (64764,24672,6939,65535)  #FC601BFF  srgba(252,96,27,1)
7,14: (65021,16191,28013,65535)  #FD3F6DFF  srgba(253,63,109,1)
8,14: (65021,24415,27756,65535)  #FD5F6CFF  srgba(253,95,108,1)
9,14: (65021,24672,13621,65535)  #FD6035FF  srgba(253,96,53,1)
10,14: (65021,30069,42405,65535)  #FD75A5FF  srgba(253,117,165,1)
11,14: (65021,31354,33153,65535)  #FD7A81FF  srgba(253,122,129,1)
12,14: (65021,32382,11565,65535)  #FD7E2DFF  srgba(253,126,45,1)
13,14: (65021,34952,40349,65535)  #FD889DFF  srgba(253,136,157,1)
14,14: (65021,37522,28013,65535)  #FD926DFF  srgba(253,146,109,1)
15,14: (65278,16962,39064,65535)  #FE4298FF  srgba(254,66,152,1)
0,15: (65278,16962,48059,65535)  #FE42BBFF  srgba(254,66,187,1)
1,15: (65278,17990,33410,65535)  #FE4682FF  srgba(254,70,130,1)
2,15: (65278,31097,33410,65535)  #FE7982FF  srgba(254,121,130,1)
3,15: (65278,31354,18761,65535)  #FE7A49FF  srgba(254,122,73,1)
4,15: (65278,31354,23130,65535)  #FE7A5AFF  srgba(254,122,90,1)
5,15: (65278,32125,27756,65535)  #FE7D6CFF  srgba(254,125,108,1)
6,15: (65278,34438,22102,65535)  #FE8656FF  srgba(254,134,86,1)
7,15: (65278,34952,11308,65535)  #FE882CFF  srgba(254,136,44,1)
8,15: (65278,35209,20303,65535)  #FE894FFF  srgba(254,137,79,1)
9,15: (65278,35980,28270,65535)  #FE8C6EFF  srgba(254,140,110,1)
10,15: (65278,36237,20046,65535)  #FE8D4EFF  srgba(254,141,78,1)
11,15: (65278,37522,11308,65535)  #FE922CFF  srgba(254,146,44,1)
12,15: (65278,39578,20046,65535)  #FE9A4EFF  srgba(254,154,78,1)
13,15: (65535,29555,47031,65535)  #FF73B7FF  srgba(255,115,183,1)
14,15: (65535,30326,38550,65535)  #FF7696FF  srgba(255,118,150,1)
15,15: (0,65535,0,0)  #00FF0000  srgba(0,255,0,0)
