# ImageMagick pixel enumeration: 16,16,65535,srgba
0,0: (0,257,0,65535)  #000100FF  srgba(0,1,0,1)
1,0: (0,1028,1542,65535)  #000406FF  srgba(0,4,6,1)
2,0: (0,1542,18247,65535)  #000647FF  srgba(0,6,71,1)
3,0: (0,3598,9252,65535)  #000E24FF  srgba(0,14,36,1)
4,0: (0,8995,63222,65535)  #0023F6FF  srgba(0,35,246,1)
5,0: (0,9252,58853,65535)  #0024E5FF  srgba(0,36,229,1)
6,0: (0,14649,61937,65535)  #0039F1FF  srgba(0,57,241,1)
7,0: (0,15163,57311,65535)  #003BDFFF  srgba(0,59,223,1)
8,0: (0,16962,52685,65535)  #0042CDFF  srgba(0,66,205,1)
9,0: (0,20817,57568,65535)  #0051E0FF  srgba(0,81,224,1)
10,0: (0,21074,51143,65535)  #0052C7FF  srgba(0,82,199,1)
11,0: (0,24672,51914,65535)  #0060CAFF  srgba(0,96,202,1)
12,0: (0,28527,61423,65535)  #006FEFFF  srgba(0,111,239,1)
13,0: (0,29812,52685,65535)  #0074CDFF  srgba(0,116,205,1)
14,0: (0,34695,59881,65535)  #0087E9FF  srgba(0,135,233,1)
15,0: (0,35980,52942,65535)  #008CCEFF  srgba(0,140,206,1)
0,1: (0,36237,47288,65535)  #008DB8FF  srgba(0,141,184,1)
1,1: (0,39578,59624,65535)  #009AE8FF  srgba(0,154,232,1)
2,1: (0,39835,44975,65535)  #009BAFFF  srgba(0,155,175,1)
3,1: (0,41120,41634,65535)  #00A0A2FF  srgba(0,160,162,1)
4,1: (0,41634,52428,65535)  #00A2CCFF  srgba(0,162,204,1)
5,1: (0,42148,47545,65535)  #00A4B9FF  srgba(0,164,185,1)
6,1: (0,47288,44975,65535)  #00B8AFFF  srgba(0,184,175,1)
7,1: (0,53199,10794,65535)  #00CF2AFF  srgba(0,207,42,1)
8,1: (0,58082,12593,65535)  #00E231FF  srgba(0,226,49,1)
9,1: (0,58596,12336,65535)  #00E430FF  srgba(0,228,48,1)
10,1: (0,59367,12850,65535)  #00E732FF  srgba(0,231,50,1)
11,1: (257,0,0,65535)  #010000FF  srgba(1,0,0,1)
12,1: (257,10280,62451,65535)  #0128F3FF  srgba(1,40,243,1)
13,1: (257,13364,54998,65535)  #0134D6FF  srgba(1,52,214,1)
14,1: (257,26471,51400,65535)  #0167C8FF  srgba(1,103,200,1)
15,1: (257,29041,60909,65535)  #0171EDFF  srgba(1,113,237,1)
0,2: (257,30069,48573,65535)  #0175BDFF  srgba(1,117,189,1)
1,2: (257,37779,59881,65535)  #0193E9FF  srgba(1,147,233,1)
2,2: (257,39321,52685,65535)  #0199CDFF  srgba(1,153,205,1)
3,2: (257,48316,58853,65535)  #01BCE5FF  srgba(1,188,229,1)
4,2: (257,49344,40606,65535)  #01C09EFF  srgba(1,192,158,1)
5,2: (257,49344,49601,65535)  #01C0C1FF  srgba(1,192,193,1)
6,2: (257,49344,53456,65535)  #01C0D0FF  srgba(1,192,208,1)
7,2: (257,52428,35723,65535)  #01CC8BFF  srgba(1,204,139,1)
8,2: (257,52428,44718,65535)  #01CCAEFF  srgba(1,204,174,1)
9,2: (257,53713,24929,65535)  #01D161FF  srgba(1,209,97,1)
10,2: (257,53713,39835,65535)  #01D19BFF  srgba(1,209,155,1)
11,2: (257,57825,14906,65535)  #01E13AFF  srgba(1,225,58,1)
12,2: (257,59110,13621,65535)  #01E635FF  srgba(1,230,53,1)
13,2: (514,771,3341,65535)  #02030DFF  srgba(2,3,13,1)
14,2: (771,11308,58082,65535)  #032CE2FF  srgba(3,44,226,1)
15,2: (771,19275,54998,65535)  #034BD6FF  srgba(3,75,214,1)
0,3: (771,27499,52428,65535)  #036BCCFF  srgba(3,107,204,1)
1,3: (771,29298,61680,65535)  #0372F0FF  srgba(3,114,240,1)
2,3: (771,30583,44461,65535)  #0377ADFF  srgba(3,119,173,1)
3,3: (771,38293,60652,65535)  #0395ECFF  srgba(3,149,236,1)
4,3: (771,39321,52942,65535)  #0399CEFF  srgba(3,153,206,1)
5,3: (1028,39064,47031,65535)  #0498B7FF  srgba(4,152,183,1)
6,3: (1285,514,2313,65535)  #050209FF  srgba(5,2,9,1)
7,3: (1285,9252,6168,65535)  #052418FF  srgba(5,36,24,1)
8,3: (1285,23130,46774,65535)  #055AB6FF  srgba(5,90,182,1)
9,3: (1542,28270,57825,65535)  #066EE1FF  srgba(6,110,225,1)
10,3: (1542,38550,57054,65535)  #0696DEFF  srgba(6,150,222,1)
11,3: (1542,40349,41891,65535)  #069DA3FF  srgba(6,157,163,1)
12,3: (1542,51657,48059,65535)  #06C9BBFF  srgba(6,201,187,1)
13,3: (1799,11308,56797,65535)  #072CDDFF  srgba(7,44,221,1)
14,3: (1799,14392,48059,65535)  #0738BBFF  srgba(7,56,187,1)
15,3: (1799,19532,56283,65535)  #074CDBFF  srgba(7,76,219,1)
0,4: (1799,51143,58082,65535)  #07C7E2FF  srgba(7,199,226,1)
1,4: (2056,12850,40606,65535)  #08329EFF  srgba(8,50,158,1)
2,4: (2827,771,2570,65535)  #0B030AFF  srgba(11,3,10,1)
3,4: (2827,27499,58596,65535)  #0B6BE4FF  srgba(11,107,228,1)
4,4: (2827,38293,58082,65535)  #0B95E2FF  srgba(11,149,226,1)
5,4: (3084,37522,23901,65535)  #0C925DFF  srgba(12,146,93,1)
6,4: (3341,50372,62451,65535)  #0DC4F3FF  srgba(13,196,243,1)
7,4: (3341,58596,12593,65535)  #0DE431FF  srgba(13,228,49,1)
8,4: (3855,49858,47288,65535)  #0FC2B8FF  srgba(15,194,184,1)
9,4: (4112,53199,39321,65535)  #10CF99FF  srgba(16,207,153,1)
10,4: (4883,19275,55255,65535)  #134BD7FF  srgba(19,75,215,1)
11,4: (5140,9509,53970,65535)  #1425D2FF  srgba(20,37,210,1)
12,4: (5140,32125,59624,65535)  #147DE8FF  srgba(20,125,232,1)
13,4: (5397,21331,4112,65535)  #155310FF  srgba(21,83,16,1)
14,4: (5911,55255,12850,65535)  #17D732FF  srgba(23,215,50,1)
15,4: (6168,39835,2570,65535)  #189B0AFF  srgba(24,155,10,1)
0,5: (6168,52942,9252,65535)  #18CE24FF  srgba(24,206,36,1)
1,5: (6425,38550,11051,65535)  #19962BFF  srgba(25,150,43,1)
2,5: (6425,48830,39321,65535)  #19BE99FF  srgba(25,190,153,1)
3,5: (6682,56540,17219,65535)  #1ADC43FF  srgba(26,220,67,1)
4,5: (6939,50372,33410,65535)  #1BC482FF  srgba(27,196,130,1)
5,5: (7453,39064,42405,65535)  #1D98A5FF  srgba(29,152,165,1)
6,5: (9252,1542,4369,65535)  #240611FF  srgba(36,6,17,1)
7,5: (10023,40092,34695,65535)  #279C87FF  srgba(39,156,135,1)
8,5: (12079,13878,37008,65535)  #2F3690FF  srgba(47,54,144,1)
9,5: (12593,12079,52685,65535)  #312FCDFF  srgba(49,47,205,1)
10,5: (12593,13878,46260,65535)  #3136B4FF  srgba(49,54,180,1)
11,5: (12593,24415,45489,65535)  #315FB1FF  srgba(49,95,177,1)
12,5: (13621,35723,23130,65535)  #358B5AFF  srgba(53,139,90,1)
13,5: (13878,26471,37265,65535)  #366791FF  srgba(54,103,145,1)
14,5: (14649,32125,56026,65535)  #397DDAFF  srgba(57,125,218,1)
15,5: (16448,21845,19275,65535)  #40554BFF  srgba(64,85,75,1)
0,6: (17219,55769,11822,65535)  #43D92EFF  srgba(67,217,46,1)
1,6: (17476,38807,42148,65535)  #4497A4FF  srgba(68,151,164,1)
2,6: (17476,50372,46774,65535)  #44C4B6FF  srgba(68,196,182,1)
3,6: (17733,28527,20303,65535)  #456F4FFF  srgba(69,111,79,1)
4,6: (18761,50629,9509,65535)  #49C525FF  srgba(73,197,37,1)
5,6: (20046,34952,13364,65535)  #4E8834FF  srgba(78,136,52,1)
6,6: (20046,37265,3855,65535)  #4E910FFF  srgba(78,145,15,1)
7,6: (20046,39578,33924,65535)  #4E9A84FF  srgba(78,154,132,1)
8,6: (20817,49601,33924,65535)  #51C184FF  srgba(81,193,132,1)
9,6: (21074,20046,6682,65535)  #524E1AFF  srgba(82,78,26,1)
10,6: (21331,35209,22616,65535)  #538958FF  srgba(83,137,88,1)
11,6: (21588,27499,8738,65535)  #546B22FF  srgba(84,107,34,1)
12,6: (23644,26471,20817,65535)  #5C6751FF  srgba(92,103,81,1)
13,6: (23644,51914,19532,65535)  #5CCA4CFF  srgba(92,202,76,1)
14,6: (24672,61423,18761,65535)  #60EF49FF  srgba(96,239,73,1)
15,6: (26728,10280,38036,65535)  #682894FF  srgba(104,40,148,1)
0,7: (26728,12593,46003,65535)  #6831B3FF  srgba(104,49,179,1)
1,7: (26728,13107,53199,65535)  #6833CFFF  srgba(104,51,207,1)
2,7: (27242,17219,38807,65535)  #6A4397FF  srgba(106,67,151,1)
3,7: (29041,24415,21331,65535)  #715F53FF  srgba(113,95,83,1)
4,7: (29041,25443,43433,65535)  #7163A9FF  srgba(113,99,169,1)
5,7: (29041,28270,34181,65535)  #716E85FF  srgba(113,110,133,1)
6,7: (29041,28784,22359,65535)  #717057FF  srgba(113,112,87,1)
7,7: (29555,23901,7967,65535)  #735D1FFF  srgba(115,93,31,1)
8,7: (29555,32125,24415,65535)  #737D5FFF  srgba(115,125,95,1)
9,7: (30069,28527,8224,65535)  #756F20FF  srgba(117,111,32,1)
10,7: (30069,34438,15677,65535)  #75863DFF  srgba(117,134,61,1)
11,7: (30326,38036,24929,65535)  #769461FF  srgba(118,148,97,1)
12,7: (30583,35466,4883,65535)  #778A13FF  srgba(119,138,19,1)
13,7: (31097,29555,53713,65535)  #7973D1FF  srgba(121,115,209,1)
14,7: (31097,38550,39321,65535)  #799699FF  srgba(121,150,153,1)
15,7: (31354,37779,31611,65535)  #7A937BFF  srgba(122,147,123,1)
0,8: (31868,49087,9252,65535)  #7CBF24FF  srgba(124,191,36,1)
1,8: (32125,54484,12079,65535)  #7DD42FFF  srgba(125,212,47,1)
2,8: (32896,53199,36237,65535)  #80CF8DFF  srgba(128,207,141,1)
3,8: (33153,46517,35466,65535)  #81B58AFF  srgba(129,181,138,1)
4,8: (35466,56540,50886,65535)  #8ADCC6FF  srgba(138,220,198,1)
5,8: (35466,57311,18247,65535)  #8ADF47FF  srgba(138,223,71,1)
6,8: (37265,25700,6939,65535)  #91641BFF  srgba(145,100,27,1)
7,8: (37779,38807,36751,65535)  #93978FFF  srgba(147,151,143,1)
8,8: (38293,37522,21845,65535)  #959255FF  srgba(149,146,85,1)
9,8: (38550,30840,4626,65535)  #967812FF  srgba(150,120,18,1)
10,8: (38550,39064,31354,65535)  #96987AFF  srgba(150,152,122,1)
11,8: (39321,23387,24158,65535)  #995B5EFF  srgba(153,91,94,1)
12,8: (40092,37008,5654,65535)  #9C9016FF  srgba(156,144,22,1)
13,8: (40606,13621,44204,65535)  #9E35ACFF  srgba(158,53,172,1)
14,8: (40606,50629,44204,65535)  #9EC5ACFF  srgba(158,197,172,1)
15,8: (41120,14649,54741,65535)  #A039D5FF  srgba(160,57,213,1)
0,9: (42148,41634,41634,65535)  #A4A2A2FF  srgba(164,162,162,1)
1,9: (42405,23901,50629,65535)  #A55DC5FF  srgba(165,93,197,1)
2,9: (42405,26214,5911,65535)  #A56617FF  srgba(165,102,23,1)
3,9: (42405,36237,51143,65535)  #A58DC7FF  srgba(165,141,199,1)
4,9: (42405,37008,46517,65535)  #A590B5FF  srgba(165,144,181,1)
5,9: (42919,30840,23387,65535)  #A7785BFF  srgba(167,120,91,1)
6,9: (43176,30069,41891,65535)  #A875A3FF  srgba(168,117,163,1)
7,9: (44204,18247,37522,65535)  #AC4792FF  srgba(172,71,146,1)
8,9: (44204,56026,14649,65535)  #ACDA39FF  srgba(172,218,57,1)
9,9: (44461,54227,49601,65535)  #ADD3C1FF  srgba(173,211,193,1)
10,9: (44718,38807,21074,65535)  #AE9752FF  srgba(174,151,82,1)
11,9: (44975,38550,37008,65535)  #AF9690FF  srgba(175,150,144,1)
12,9: (45489,46774,37265,65535)  #B1B691FF  srgba(177,182,145,1)
13,9: (46003,30840,3084,65535)  #B3780CFF  srgba(179,120,12,1)
14,9: (46260,49344,11565,65535)  #B4C02DFF  srgba(180,192,45,1)
15,9: (46774,53199,37265,65535)  #B6CF91FF  srgba(182,207,145,1)
0,10: (47545,58596,20303,65535)  #B9E44FFF  srgba(185,228,79,1)
1,10: (49601,49858,47802,65535)  #C1C2BAFF  srgba(193,194,186,1)
2,10: (50115,49601,22616,65535)  #C3C158FF  srgba(195,193,88,1)
3,10: (50372,39321,6168,65535)  #C49918FF  srgba(196,153,24,1)
4,10: (51657,56540,48830,65535)  #C9DCBEFF  srgba(201,220,190,1)
5,10: (52171,40349,21331,65535)  #CB9D53FF  srgba(203,157,83,1)
6,10: (52685,39835,31354,65535)  #CD9B7AFF  srgba(205,155,122,1)
7,10: (53456,14392,44718,65535)  #D038AEFF  srgba(208,56,174,1)
8,10: (53456,53456,54227,65535)  #D0D0D3FF  srgba(208,208,211,1)
9,10: (53713,54998,15163,65535)  #D1D63BFF  srgba(209,214,59,1)
10,10: (53713,59881,55512,65535)  #D1E9D8FF  srgba(209,233,216,1)
11,10: (53970,29041,37779,65535)  #D27193FF  srgba(210,113,147,1)
12,10: (54484,13878,53199,65535)  #D436CFFF  srgba(212,54,207,1)
13,10: (55255,49601,13107,65535)  #D7C133FF  srgba(215,193,51,1)
14,10: (56026,21074,34695,65535)  #DA5287FF  srgba(218,82,135,1)
15,10: (56797,22873,32382,65535)  #DD597EFF  srgba(221,89,126,1)
0,11: (57825,23387,49344,65535)  #E15BC0FF  srgba(225,91,192,1)
1,11: (57825,37522,49344,65535)  #E192C0FF  srgba(225,146,192,1)
2,11: (57825,54227,55769,65535)  #E1D3D9FF  srgba(225,211,217,1)
3,11: (57825,58596,55255,65535)  #E1E4D7FF  srgba(225,228,215,1)
4,11: (58082,38293,42405,65535)  #E295A5FF  srgba(226,149,165,1)
5,11: (58082,51914,35209,65535)  #E2CA89FF  srgba(226,202,137,1)
6,11: (58339,23644,27499,65535)  #E35C6BFF  srgba(227,92,107,1)
7,11: (58596,50886,50115,65535)  #E4C6C3FF  srgba(228,198,195,1)
8,11: (58853,58596,58596,65535)  #E5E4E4FF  srgba(229,228,228,1)
9,11: (58853,61166,56540,65535)  #E5EEDCFF  srgba(229,238,220,1)
10,11: (59110,26471,42405,65535)  #E667A5FF  srgba(230,103,165,1)
11,11: (59367,46774,35466,65535)  #E7B68AFF  srgba(231,182,138,1)
12,11: (59367,54227,21074,65535)  #E7D352FF  srgba(231,211,82,1)
13,11: (59624,48830,21845,65535)  #E8BE55FF  srgba(232,190,85,1)
14,11: (59624,60652,59110,65535)  #E8ECE6FF  srgba(232,236,230,1)
15,11: (60138,60395,60652,65535)  #EAEBECFF  srgba(234,235,236,1)
0,12: (60652,19789,37522,65535)  #EC4D92FF  srgba(236,77,146,1)
1,12: (60652,50372,13878,65535)  #ECC436FF  srgba(236,196,54,1)
2,12: (62451,13364,50629,65535)  #F334C5FF  srgba(243,52,197,1)
3,12: (62451,39321,36494,65535)  #F3998EFF  srgba(243,153,142,1)
4,12: (62965,15677,43176,65535)  #F53DA8FF  srgba(245,61,168,1)
5,12: (63479,20046,37522,65535)  #F74E92FF  srgba(247,78,146,1)
6,12: (63736,39578,31611,65535)  #F89A7BFF  srgba(248,154,123,1)
7,12: (63736,61937,61680,65535)  #F8F1F0FF  srgba(248,241,240,1)
8,12: (63993,29041,37522,65535)  #F97192FF  srgba(249,113,146,1)
9,12: (63993,30583,46260,65535)  #F977B4FF  srgba(249,119,180,1)
10,12: (64250,12593,48573,65535)  #FA31BDFF  srgba(250,49,189,1)
11,12: (64250,15677,42662,65535)  #FA3DA6FF  srgba(250,61,166,1)
12,12: (64250,20817,37779,65535)  #FA5193FF  srgba(250,81,147,1)
13,12: (64250,21845,34695,65535)  #FA5587FF  srgba(250,85,135,1)
14,12: (64250,25186,10280,65535)  #FA6228FF  srgba(250,98,40,1)
15,12: (64507,21074,43947,65535)  #FB52ABFF  srgba(251,82,171,1)
0,13: (64507,23130,40349,65535)  #FB5A9DFF  srgba(251,90,157,1)
1,13: (64507,29041,37779,65535)  #FB7193FF  srgba(251,113,147,1)
2,13: (64507,29041,42148,65535)  #FB71A4FF  srgba(251,113,164,1)
3,13: (64507,29555,34695,65535)  #FB7387FF  srgba(251,115,135,1)
4,13: (64507,30840,32382,65535)  #FB787EFF  srgba(251,120,126,1)
5,13: (64507,32896,40349,65535)  #FB809DFF  srgba(251,128,157,1)
6,13: (64507,42405,17990,65535)  #FBA546FF  srgba(251,165,70,1)
7,13: (64507,47802,37008,65535)  #FBBA90FF  srgba(251,186,144,1)
8,13: (64507,48316,16448,65535)  #FBBC40FF  srgba(251,188,64,1)
9,13: (64507,51657,16191,65535)  #FBC93FFF  srgba(251,201,63,1)
10,13: (64507,52171,53456,65535)  #FBCBD0FF  srgba(251,203,208,1)
11,13: (64764,25957,32639,65535)  #FC657FFF  srgba(252,101,127,1)
12,13: (64764,34695,36751,65535)  #FC878FFF  srgba(252,135,143,1)
13,13: (64764,39064,10023,65535)  #FC9827FF  srgba(252,152,39,1)
14,13: (64764,40606,35980,65535)  #FC9E8CFF  srgba(252,158,140,1)
15,13: (64764,46517,27499,65535)  #FCB56BFF  srgba(252,181,107,1)
0,14: (65021,11822,48830,65535)  #FD2EBEFF  srgba(253,46,190,1)
1,14: (65021,16191,43176,65535)  #FD3FA8FF  srgba(253,63,168,1)
2,14: (65021,21331,37779,65535)  #FD5393FF  srgba(253,83,147,1)
3,14: (65021,23387,34695,65535)  #FD5B87FF  srgba(253,91,135,1)
4,14: (65021,29298,37522,65535)  #FD7292FF  srgba(253,114,146,1)
5,14: (65021,30583,9509,65535)  #FD7725FF  srgba(253,119,37,1)
6,14: (65021,31097,29812,65535)  #FD7974FF  srgba(253,121,116,1)
7,14: (65021,39064,31611,65535)  #FD987BFF  srgba(253,152,123,1)
8,14: (65021,41634,27756,65535)  #FDA26CFF  srgba(253,162,108,1)
9,14: (65021,47802,12079,65535)  #FDBA2FFF  srgba(253,186,47,1)
10,14: (65021,48573,13107,65535)  #FDBD33FF  srgba(253,189,51,1)
11,14: (65278,11308,51143,65535)  #FE2CC7FF  srgba(254,44,199,1)
12,14: (65278,14135,46774,65535)  #FE37B6FF  srgba(254,55,182,1)
13,14: (65278,14649,43176,65535)  #FE39A8FF  srgba(254,57,168,1)
14,14: (65278,21331,43690,65535)  #FE53AAFF  srgba(254,83,170,1)
15,14: (65278,21845,37522,65535)  #FE5592FF  srgba(254,85,146,1)
0,15: (65278,23644,34952,65535)  #FE5C88FF  srgba(254,92,136,1)
1,15: (65278,23901,40349,65535)  #FE5D9DFF  srgba(254,93,157,1)
2,15: (65278,26471,32896,65535)  #FE6780FF  srgba(254,103,128,1)
3,15: (65278,28270,41891,65535)  #FE6EA3FF  srgba(254,110,163,1)
4,15: (65278,28270,43176,65535)  #FE6EA8FF  srgba(254,110,168,1)
5,15: (65278,30069,40092,65535)  #FE759CFF  srgba(254,117,156,1)
6,15: (65278,30326,47288,65535)  #FE76B8FF  srgba(254,118,184,1)
7,15: (65278,34695,36494,65535)  #FE878EFF  srgba(254,135,142,1)
8,15: (65278,35466,31611,65535)  #FE8A7BFF  srgba(254,138,123,1)
9,15: (65278,36494,40092,65535)  #FE8E9CFF  srgba(254,142,156,1)
10,15: (65278,40349,35980,65535)  #FE9D8CFF  srgba(254,157,140,1)
11,15: (65278,42405,31611,65535)  #FEA57BFF  srgba(254,165,123,1)
12,15: (65278,48316,12593,65535)  #FEBC31FF  srgba(254,188,49,1)
13,15: (65535,18761,42919,65535)  #FF49A7FF  srgba(255,73,167,1)
14,15: (65535,29555,37779,65535)  #FF7393FF  srgba(255,115,147,1)
15,15: (0,65535,0,0)  #00FF0000  srgba(0,255,0,0)
