# ImageMagick pixel enumeration: 16,16,65535,srgba
0,0: (13364,0,12850,65535)  #340032FF  srgba(52,0,50,1)
1,0: (16448,0,20046,65535)  #40004EFF  srgba(64,0,78,1)
2,0: (17733,257,29041,65535)  #450171FF  srgba(69,1,113,1)
3,0: (18504,257,36494,65535)  #48018EFF  srgba(72,1,142,1)
4,0: (22616,514,38036,65535)  #580294FF  srgba(88,2,148,1)
5,0: (22873,514,47545,65535)  #5902B9FF  srgba(89,2,185,1)
6,0: (23130,0,47031,65535)  #5A00B7FF  srgba(90,0,183,1)
7,0: (23387,514,51143,65535)  #5B02C7FF  srgba(91,2,199,1)
8,0: (23644,4369,46517,65535)  #5C11B5FF  srgba(92,17,181,1)
9,0: (24158,0,55255,65535)  #5E00D7FF  srgba(94,0,215,1)
10,0: (24415,771,28527,65535)  #5F036FFF  srgba(95,3,111,1)
11,0: (24672,257,20046,65535)  #60014EFF  srgba(96,1,78,1)
12,0: (24929,0,23387,65535)  #61005BFF  srgba(97,0,91,1)
13,0: (25186,0,13107,65535)  #620033FF  srgba(98,0,51,1)
14,0: (26214,0,38293,65535)  #660095FF  srgba(102,0,149,1)
15,0: (26214,2313,23644,65535)  #66095CFF  srgba(102,9,92,1)
0,1: (26728,0,38293,65535)  #680095FF  srgba(104,0,149,1)
1,1: (26728,4626,38293,65535)  #681295FF  srgba(104,18,149,1)
2,1: (29041,0,29298,65535)  #710072FF  srgba(113,0,114,1)
3,1: (29555,1028,29555,65535)  #730473FF  srgba(115,4,115,1)
4,1: (29812,6168,28527,65535)  #74186FFF  srgba(116,24,111,1)
5,1: (30069,0,50886,65535)  #7500C6FF  srgba(117,0,198,1)
6,1: (30326,0,45489,65535)  #7600B1FF  srgba(118,0,177,1)
7,1: (30326,0,56540,65535)  #7600DCFF  srgba(118,0,220,1)
8,1: (30326,2313,52171,65535)  #7609CBFF  srgba(118,9,203,1)
9,1: (31097,4369,45746,65535)  #7911B2FF  srgba(121,17,178,1)
10,1: (31354,0,40092,65535)  #7A009CFF  srgba(122,0,156,1)
11,1: (31611,2570,35723,65535)  #7B0A8BFF  srgba(123,10,139,1)
12,1: (31868,0,34438,65535)  #7C0086FF  srgba(124,0,134,1)
13,1: (31868,2313,40863,65535)  #7C099FFF  srgba(124,9,159,1)
14,1: (31868,7196,50886,65535)  #7C1CC6FF  srgba(124,28,198,1)
15,1: (32125,9509,45489,65535)  #7D25B1FF  srgba(125,37,177,1)
0,2: (32382,6425,37522,65535)  #7E1992FF  srgba(126,25,146,1)
1,2: (32639,11822,39835,65535)  #7F2E9BFF  srgba(127,46,155,1)
2,2: (35466,0,29555,65535)  #8A0073FF  srgba(138,0,115,1)
3,2: (35466,3855,24672,65535)  #8A0F60FF  srgba(138,15,96,1)
4,2: (35723,5654,29812,65535)  #8B1674FF  srgba(139,22,116,1)
5,2: (36237,3598,11051,65535)  #8D0E2BFF  srgba(141,14,43,1)
6,2: (36494,1799,35980,65535)  #8E078CFF  srgba(142,7,140,1)
7,2: (36494,3855,20303,65535)  #8E0F4FFF  srgba(142,15,79,1)
8,2: (36751,2827,42662,65535)  #8F0BA6FF  srgba(143,11,166,1)
9,2: (36751,7196,22616,65535)  #8F1C58FF  srgba(143,28,88,1)
10,2: (37008,4112,16705,65535)  #901041FF  srgba(144,16,65,1)
11,2: (37008,8995,28784,65535)  #902370FF  srgba(144,35,112,1)
12,2: (37265,10280,24672,65535)  #912860FF  srgba(145,40,96,1)
13,2: (37779,1799,57311,65535)  #9307DFFF  srgba(147,7,223,1)
14,2: (38550,7967,35980,65535)  #961F8CFF  srgba(150,31,140,1)
15,2: (38807,4626,47031,65535)  #9712B7FF  srgba(151,18,183,1)
0,3: (38807,6425,52171,65535)  #9719CBFF  srgba(151,25,203,1)
1,3: (38807,11565,27756,65535)  #972D6CFF  srgba(151,45,108,1)
2,3: (38807,13364,22616,65535)  #973458FF  srgba(151,52,88,1)
3,3: (38807,13621,20560,65535)  #973550FF  srgba(151,53,80,1)
4,3: (39064,12850,24672,65535)  #983260FF  srgba(152,50,96,1)
5,3: (39064,13621,37522,65535)  #983592FF  srgba(152,53,146,1)
6,3: (39321,7453,49858,65535)  #991DC2FF  srgba(153,29,194,1)
7,3: (39578,9252,43176,65535)  #9A24A8FF  srgba(154,36,168,1)
8,3: (39835,9766,47031,65535)  #9B26B7FF  srgba(155,38,183,1)
9,3: (40349,12336,42405,65535)  #9D30A5FF  srgba(157,48,165,1)
10,3: (40863,1285,34181,65535)  #9F0585FF  srgba(159,5,133,1)
11,3: (40863,2827,38293,65535)  #9F0B95FF  srgba(159,11,149,1)
12,3: (40863,3084,42662,65535)  #9F0CA6FF  srgba(159,12,166,1)
13,3: (41120,12593,47288,65535)  #A031B8FF  srgba(160,49,184,1)
14,3: (41120,12850,44461,65535)  #A032ADFF  srgba(160,50,173,1)
15,3: (41634,3341,30583,65535)  #A20D77FF  srgba(162,13,119,1)
0,4: (41634,16191,41891,65535)  #A23FA3FF  srgba(162,63,163,1)
1,4: (42405,8481,35980,65535)  #A5218CFF  srgba(165,33,140,1)
2,4: (42405,11051,30069,65535)  #A52B75FF  srgba(165,43,117,1)
3,4: (42405,19789,37779,65535)  #A54D93FF  srgba(165,77,147,1)
4,4: (42662,13621,36751,65535)  #A6358FFF  srgba(166,53,143,1)
5,4: (42919,11565,24672,65535)  #A72D60FF  srgba(167,45,96,1)
6,4: (42919,11565,27242,65535)  #A72D6AFF  srgba(167,45,106,1)
7,4: (43176,12850,30326,65535)  #A83276FF  srgba(168,50,118,1)
8,4: (43433,5397,14649,65535)  #A91539FF  srgba(169,21,57,1)
9,4: (43690,10023,27242,65535)  #AA276AFF  srgba(170,39,106,1)
10,4: (43690,13107,27242,65535)  #AA336AFF  srgba(170,51,106,1)
11,4: (43947,9509,30583,65535)  #AB2577FF  srgba(171,37,119,1)
12,4: (44204,6425,19018,65535)  #AC194AFF  srgba(172,25,74,1)
13,4: (44461,3084,27242,65535)  #AD0C6AFF  srgba(173,12,106,1)
14,4: (44461,5654,24415,65535)  #AD165FFF  srgba(173,22,95,1)
15,4: (44461,7196,21588,65535)  #AD1C54FF  srgba(173,28,84,1)
0,5: (44461,14906,23130,65535)  #AD3A5AFF  srgba(173,58,90,1)
1,5: (44461,15163,20817,65535)  #AD3B51FF  srgba(173,59,81,1)
2,5: (44718,14906,24929,65535)  #AE3A61FF  srgba(174,58,97,1)
3,5: (45489,7710,43947,65535)  #B11EABFF  srgba(177,30,171,1)
4,5: (45489,19018,38807,65535)  #B14A97FF  srgba(177,74,151,1)
5,5: (45746,3598,35209,65535)  #B20E89FF  srgba(178,14,137,1)
6,5: (45746,5140,39578,65535)  #B2149AFF  srgba(178,20,154,1)
7,5: (45746,13107,44204,65535)  #B233ACFF  srgba(178,51,172,1)
8,5: (46003,8738,37008,65535)  #B32290FF  srgba(179,34,144,1)
9,5: (46003,10537,49858,65535)  #B329C2FF  srgba(179,41,194,1)
10,5: (46003,11308,47031,65535)  #B32CB7FF  srgba(179,44,183,1)
11,5: (46003,11822,44204,65535)  #B32EACFF  srgba(179,46,172,1)
12,5: (46003,15934,26985,65535)  #B33E69FF  srgba(179,62,105,1)
13,5: (46003,17476,41120,65535)  #B344A0FF  srgba(179,68,160,1)
14,5: (46003,19018,35723,65535)  #B34A8BFF  srgba(179,74,139,1)
15,5: (46003,21845,37265,65535)  #B35591FF  srgba(179,85,145,1)
0,6: (46260,13621,39578,65535)  #B4359AFF  srgba(180,53,154,1)
1,6: (46260,14649,30326,65535)  #B43976FF  srgba(180,57,118,1)
2,6: (46260,20560,40863,65535)  #B4509FFF  srgba(180,80,159,1)
3,6: (46517,2056,30583,65535)  #B50877FF  srgba(181,8,119,1)
4,6: (46517,10537,33924,65535)  #B52984FF  srgba(181,41,132,1)
5,6: (46517,11308,30840,65535)  #B52C78FF  srgba(181,44,120,1)
6,6: (46517,12850,34438,65535)  #B53286FF  srgba(181,50,134,1)
7,6: (46517,13878,49344,65535)  #B536C0FF  srgba(181,54,192,1)
8,6: (46517,14649,46774,65535)  #B539B6FF  srgba(181,57,182,1)
9,6: (46517,14906,44204,65535)  #B53AACFF  srgba(181,58,172,1)
10,6: (46517,17219,45489,65535)  #B543B1FF  srgba(181,67,177,1)
11,6: (46517,17990,42919,65535)  #B546A7FF  srgba(181,70,167,1)
12,6: (46517,24672,36494,65535)  #B5608EFF  srgba(181,96,142,1)
13,6: (46774,10280,37779,65535)  #B62893FF  srgba(182,40,147,1)
14,6: (47031,18504,30583,65535)  #B74877FF  srgba(183,72,119,1)
15,6: (47288,12850,30840,65535)  #B83278FF  srgba(184,50,120,1)
0,7: (49601,8481,37008,65535)  #C12190FF  srgba(193,33,144,1)
1,7: (49858,11051,37008,65535)  #C22B90FF  srgba(194,43,144,1)
2,7: (49858,12336,35980,65535)  #C2308CFF  srgba(194,48,140,1)
3,7: (49858,19275,42405,65535)  #C24BA5FF  srgba(194,75,165,1)
4,7: (49858,20817,37265,65535)  #C25191FF  srgba(194,81,145,1)
5,7: (50115,15163,34952,65535)  #C33B88FF  srgba(195,59,136,1)
6,7: (50115,15934,39064,65535)  #C33E98FF  srgba(195,62,152,1)
7,7: (50372,11822,48573,65535)  #C42EBDFF  srgba(196,46,189,1)
8,7: (50372,13878,43690,65535)  #C436AAFF  srgba(196,54,170,1)
9,7: (50372,18761,44718,65535)  #C449AEFF  srgba(196,73,174,1)
10,7: (50629,11308,42919,65535)  #C52CA7FF  srgba(197,44,167,1)
11,7: (50629,15934,43947,65535)  #C53EABFF  srgba(197,62,171,1)
12,7: (50886,8738,30069,65535)  #C62275FF  srgba(198,34,117,1)
13,7: (50886,13621,30069,65535)  #C63575FF  srgba(198,53,117,1)
14,7: (51143,13878,48316,65535)  #C736BCFF  srgba(199,54,188,1)
15,7: (51400,15420,47802,65535)  #C83CBAFF  srgba(200,60,186,1)
0,8: (51400,24158,38550,65535)  #C85E96FF  srgba(200,94,150,1)
1,8: (51657,17733,29555,65535)  #C94573FF  srgba(201,69,115,1)
2,8: (51657,24672,36494,65535)  #C9608EFF  srgba(201,96,142,1)
3,8: (51657,25700,34438,65535)  #C96486FF  srgba(201,100,134,1)
4,8: (51914,18504,25700,65535)  #CA4864FF  srgba(202,72,100,1)
5,8: (52685,12336,36494,65535)  #CD308EFF  srgba(205,48,142,1)
6,8: (52685,20046,42405,65535)  #CD4EA5FF  srgba(205,78,165,1)
7,8: (52942,28527,36494,65535)  #CE6F8EFF  srgba(206,111,142,1)
8,8: (53199,10794,25700,65535)  #CF2A64FF  srgba(207,42,100,1)
9,8: (53199,16191,36751,65535)  #CF3F8FFF  srgba(207,63,143,1)
10,8: (53199,21074,37008,65535)  #CF5290FF  srgba(207,82,144,1)
11,8: (53456,9509,29812,65535)  #D02574FF  srgba(208,37,116,1)
12,8: (53456,15677,25700,65535)  #D03D64FF  srgba(208,61,100,1)
13,8: (54227,11822,21331,65535)  #D32E53FF  srgba(211,46,83,1)
14,8: (54227,12593,23130,65535)  #D3315AFF  srgba(211,49,90,1)
15,8: (54227,19275,46260,65535)  #D34BB4FF  srgba(211,75,180,1)
0,9: (54484,23644,40349,65535)  #D45C9DFF  srgba(212,92,157,1)
1,9: (54741,8738,16962,65535)  #D52242FF  srgba(213,34,66,1)
2,9: (54741,9766,37008,65535)  #D52690FF  srgba(213,38,144,1)
3,9: (54741,11051,36751,65535)  #D52B8FFF  srgba(213,43,143,1)
4,9: (54741,19018,48059,65535)  #D54ABBFF  srgba(213,74,187,1)
5,9: (54998,22616,21074,65535)  #D65852FF  srgba(214,88,82,1)
6,9: (54998,23387,41891,65535)  #D65BA3FF  srgba(214,91,163,1)
7,9: (55255,26471,34438,65535)  #D76786FF  srgba(215,103,134,1)
8,9: (55255,29812,34438,65535)  #D77486FF  srgba(215,116,134,1)
9,9: (55512,7196,36751,65535)  #D81C8FFF  srgba(216,28,143,1)
10,9: (55512,20046,44718,65535)  #D84EAEFF  srgba(216,78,174,1)
11,9: (55769,13878,30326,65535)  #D93676FF  srgba(217,54,118,1)
12,9: (56026,26214,38293,65535)  #DA6695FF  srgba(218,102,149,1)
13,9: (56283,17990,18504,65535)  #DB4648FF  srgba(219,70,72,1)
14,9: (56283,24158,44461,65535)  #DB5EADFF  srgba(219,94,173,1)
15,9: (56283,25186,31354,65535)  #DB627AFF  srgba(219,98,122,1)
0,10: (56540,18761,23130,65535)  #DC495AFF  srgba(220,73,90,1)
1,10: (56540,20817,42405,65535)  #DC51A5FF  srgba(220,81,165,1)
2,10: (56540,24415,29298,65535)  #DC5F72FF  srgba(220,95,114,1)
3,10: (56540,26214,32125,65535)  #DC667DFF  srgba(220,102,125,1)
4,10: (56797,25957,41891,65535)  #DD65A3FF  srgba(221,101,163,1)
5,10: (56797,26471,40349,65535)  #DD679DFF  srgba(221,103,157,1)
6,10: (56797,28527,38550,65535)  #DD6F96FF  srgba(221,111,150,1)
7,10: (56797,29041,36494,65535)  #DD718EFF  srgba(221,113,142,1)
8,10: (57054,12336,36237,65535)  #DE308DFF  srgba(222,48,141,1)
9,10: (57054,18504,21331,65535)  #DE4853FF  srgba(222,72,83,1)
10,10: (57311,24415,38550,65535)  #DF5F96FF  srgba(223,95,150,1)
11,10: (57311,25443,36494,65535)  #DF638EFF  srgba(223,99,142,1)
12,10: (57568,16191,36237,65535)  #E03F8DFF  srgba(224,63,141,1)
13,10: (57568,21331,37265,65535)  #E05391FF  srgba(224,83,145,1)
14,10: (57825,17733,29298,65535)  #E14572FF  srgba(225,69,114,1)
15,10: (58339,25700,34438,65535)  #E36486FF  srgba(227,100,134,1)
0,11: (58339,30069,34181,65535)  #E37585FF  srgba(227,117,133,1)
1,11: (58853,18761,25700,65535)  #E54964FF  srgba(229,73,100,1)
2,11: (58853,27756,34438,65535)  #E56C86FF  srgba(229,108,134,1)
3,11: (59624,22873,25700,65535)  #E85964FF  srgba(232,89,100,1)
4,11: (59624,31097,32125,65535)  #E8797DFF  srgba(232,121,125,1)
5,11: (59881,29298,36494,65535)  #E9728EFF  srgba(233,114,142,1)
6,11: (59881,31097,31354,65535)  #E9797AFF  srgba(233,121,122,1)
7,11: (60138,30583,34181,65535)  #EA7785FF  srgba(234,119,133,1)
8,11: (61680,10023,30583,65535)  #F02777FF  srgba(240,39,119,1)
9,11: (62708,30326,33924,65535)  #F47684FF  srgba(244,118,132,1)
10,11: (63222,22873,21845,65535)  #F65955FF  srgba(246,89,85,1)
11,11: (63222,24415,41377,65535)  #F65FA1FF  srgba(246,95,161,1)
12,11: (63222,32382,33410,65535)  #F67E82FF  srgba(246,126,130,1)
13,11: (63479,11051,37008,65535)  #F72B90FF  srgba(247,43,144,1)
14,11: (63479,15163,37522,65535)  #F73B92FF  srgba(247,59,146,1)
15,11: (63479,24415,36237,65535)  #F75F8DFF  srgba(247,95,141,1)
0,12: (63479,31868,32125,65535)  #F77C7DFF  srgba(247,124,125,1)
1,12: (63736,26728,35723,65535)  #F8688BFF  srgba(248,104,139,1)
2,12: (63736,28527,34695,65535)  #F86F87FF  srgba(248,111,135,1)
3,12: (63736,31611,31354,65535)  #F87B7AFF  srgba(248,123,122,1)
4,12: (63993,12593,33924,65535)  #F93184FF  srgba(249,49,132,1)
5,12: (63993,26728,40092,65535)  #F9689CFF  srgba(249,104,156,1)
6,12: (63993,27756,29298,65535)  #F96C72FF  srgba(249,108,114,1)
7,12: (64250,28527,37265,65535)  #FA6F91FF  srgba(250,111,145,1)
8,12: (64507,30326,35980,65535)  #FB768CFF  srgba(251,118,140,1)
9,12: (64764,28527,39835,65535)  #FC6F9BFF  srgba(252,111,155,1)
10,12: (64764,32639,34952,65535)  #FC7F88FF  srgba(252,127,136,1)
11,12: (65021,30326,38293,65535)  #FD7695FF  srgba(253,118,149,1)
12,12: (65021,32639,35980,65535)  #FD7F8CFF  srgba(253,127,140,1)
13,12: (65278,30583,34181,65535)  #FE7785FF  srgba(254,119,133,1)
14,12: (65278,32382,37522,65535)  #FE7E92FF  srgba(254,126,146,1)
15,12: (65278,32639,33924,65535)  #FE7F84FF  srgba(254,127,132,1)
0,13: (65278,33667,32382,65535)  #FE837EFF  srgba(254,131,126,1)
1,13: (65278,34695,34438,65535)  #FE8786FF  srgba(254,135,134,1)
2,13: (65278,34695,34952,65535)  #FE8788FF  srgba(254,135,136,1)
3,13: (65278,35209,32896,65535)  #FE8980FF  srgba(254,137,128,1)
4,13: (65278,35209,33667,65535)  #FE8983FF  srgba(254,137,131,1)
5,13: (65278,35466,36237,65535)  #FE8A8DFF  srgba(254,138,141,1)
6,13: (65278,36494,34181,65535)  #FE8E85FF  srgba(254,142,133,1)
7,13: (65278,37265,33667,65535)  #FE9183FF  srgba(254,145,131,1)
8,13: (65278,37522,34952,65535)  #FE9288FF  srgba(254,146,136,1)
9,13: (65278,38036,32896,65535)  #FE9480FF  srgba(254,148,128,1)
10,13: (65278,39064,31868,65535)  #FE987CFF  srgba(254,152,124,1)
11,13: (65278,39321,34181,65535)  #FE9985FF  srgba(254,153,133,1)
12,13: (65278,39578,32896,65535)  #FE9A80FF  srgba(254,154,128,1)
13,13: (65278,40092,33667,65535)  #FE9C83FF  srgba(254,156,131,1)
14,13: (65535,13878,28784,65535)  #FF3670FF  srgba(255,54,112,1)
15,13: (65535,19018,29298,65535)  #FF4A72FF  srgba(255,74,114,1)
0,14: (65535,23387,26214,65535)  #FF5B66FF  srgba(255,91,102,1)
1,14: (65535,26985,28527,65535)  #FF696FFF  srgba(255,105,111,1)
2,14: (65535,28270,30326,65535)  #FF6E76FF  srgba(255,110,118,1)
3,14: (65535,31868,32125,65535)  #FF7C7DFF  srgba(255,124,125,1)
4,14: (65535,32125,31354,65535)  #FF7D7AFF  srgba(255,125,122,1)
5,14: (65535,32896,33410,65535)  #FF8082FF  srgba(255,128,130,1)
6,14: (65535,33924,31868,65535)  #FF847CFF  srgba(255,132,124,1)
7,14: (65535,34181,31611,65535)  #FF857BFF  srgba(255,133,123,1)
8,14: (65535,34952,32125,65535)  #FF887DFF  srgba(255,136,125,1)
9,14: (65535,35209,31611,65535)  #FF897BFF  srgba(255,137,123,1)
10,14: (65535,35980,32896,65535)  #FF8C80FF  srgba(255,140,128,1)
11,14: (65535,36494,31354,65535)  #FF8E7AFF  srgba(255,142,122,1)
12,14: (65535,36494,32125,65535)  #FF8E7DFF  srgba(255,142,125,1)
13,14: (65535,37779,31354,65535)  #FF937AFF  srgba(255,147,122,1)
14,14: (65535,38036,31097,65535)  #FF9479FF  srgba(255,148,121,1)
15,14: (65535,38036,31611,65535)  #FF947BFF  srgba(255,148,123,1)
0,15: (65535,39321,30840,65535)  #FF9978FF  srgba(255,153,120,1)
1,15: (65535,39321,31611,65535)  #FF997BFF  srgba(255,153,123,1)
2,15: (65535,40349,31868,65535)  #FF9D7CFF  srgba(255,157,124,1)
3,15: (65535,41120,29812,65535)  #FFA074FF  srgba(255,160,116,1)
4,15: (65535,41120,31354,65535)  #FFA07AFF  LightSalmon
5,15: (65535,41377,30583,65535)  #FFA177FF  srgba(255,161,119,1)
6,15: (65535,42148,30326,65535)  #FFA476FF  srgba(255,164,118,1)
7,15: (65535,42405,32896,65535)  #FFA580FF  srgba(255,165,128,1)
8,15: (65535,43176,30840,65535)  #FFA878FF  srgba(255,168,120,1)
9,15: (65535,43433,30583,65535)  #FFA977FF  srgba(255,169,119,1)
10,15: (65535,43947,29298,65535)  #FFAB72FF  srgba(255,171,114,1)
11,15: (65535,44718,29812,65535)  #FFAE74FF  srgba(255,174,116,1)
12,15: (65535,45489,30326,65535)  #FFB176FF  srgba(255,177,118,1)
13,15: (65535,45489,31097,65535)  #FFB179FF  srgba(255,177,121,1)
14,15: (65535,46003,29555,65535)  #FFB373FF  srgba(255,179,115,1)
15,15: (0,65535,0,0)  #00FF0000  srgba(0,255,0,0)
