# ImageMagick pixel enumeration: 16,16,65535,srgba
0,0: (0,0,12079,65535)  #00002FFF  srgba(0,0,47,1)
1,0: (0,0,12593,65535)  #000031FF  srgba(0,0,49,1)
2,0: (0,0,13364,65535)  #000034FF  srgba(0,0,52,1)
3,0: (0,0,13878,65535)  #000036FF  srgba(0,0,54,1)
4,0: (0,0,14649,65535)  #000039FF  srgba(0,0,57,1)
5,0: (0,0,15420,65535)  #00003CFF  srgba(0,0,60,1)
6,0: (0,0,16191,65535)  #00003FFF  srgba(0,0,63,1)
7,0: (0,257,11822,65535)  #00012EFF  srgba(0,1,46,1)
8,0: (0,514,10794,65535)  #00022AFF  srgba(0,2,42,1)
9,0: (0,514,17476,65535)  #000244FF  srgba(0,2,68,1)
10,0: (0,2827,14906,65535)  #000B3AFF  srgba(0,11,58,1)
11,0: (0,10023,11822,65535)  #00272EFF  srgba(0,39,46,1)
12,0: (0,10023,15934,65535)  #00273EFF  srgba(0,39,62,1)
13,0: (0,10023,15934,65535)  #00273EFF  srgba(0,39,62,1)
14,0: (0,12079,10794,65535)  #002F2AFF  srgba(0,47,42,1)
15,0: (0,12079,13621,65535)  #002F35FF  srgba(0,47,53,1)
0,1: (0,14649,15934,65535)  #00393EFF  srgba(0,57,62,1)
1,1: (0,15677,15934,65535)  #003D3EFF  srgba(0,61,62,1)
2,1: (0,21074,11565,65535)  #00522DFF  srgba(0,82,45,1)
3,1: (0,21588,11308,65535)  #00542CFF  srgba(0,84,44,1)
4,1: (0,21588,13878,65535)  #005436FF  srgba(0,84,54,1)
5,1: (0,21588,15934,65535)  #00543EFF  srgba(0,84,62,1)
6,1: (0,27756,15420,65535)  #006C3CFF  srgba(0,108,60,1)
7,1: (0,27756,16191,65535)  #006C3FFF  srgba(0,108,63,1)
8,1: (0,28013,11822,65535)  #006D2EFF  srgba(0,109,46,1)
9,1: (0,28013,13621,65535)  #006D35FF  srgba(0,109,53,1)
10,1: (0,28013,14392,65535)  #006D38FF  srgba(0,109,56,1)
11,1: (0,30583,13107,65535)  #007733FF  srgba(0,119,51,1)
12,1: (0,30583,13107,65535)  #007733FF  srgba(0,119,51,1)
13,1: (0,30583,16448,65535)  #007740FF  srgba(0,119,64,1)
14,1: (0,31354,14392,65535)  #007A38FF  srgba(0,122,56,1)
15,1: (0,31868,15163,65535)  #007C3BFF  srgba(0,124,59,1)
0,2: (0,32382,13878,65535)  #007E36FF  srgba(0,126,54,1)
1,2: (0,32382,14392,65535)  #007E38FF  srgba(0,126,56,1)
2,2: (0,34952,15163,65535)  #00883BFF  srgba(0,136,59,1)
3,2: (0,35466,15420,65535)  #008A3CFF  srgba(0,138,60,1)
4,2: (0,35980,12850,65535)  #008C32FF  srgba(0,140,50,1)
5,2: (0,36237,12079,65535)  #008D2FFF  srgba(0,141,47,1)
6,2: (0,36237,13364,65535)  #008D34FF  srgba(0,141,52,1)
7,2: (0,37265,15163,65535)  #00913BFF  srgba(0,145,59,1)
8,2: (0,39064,13107,65535)  #009833FF  srgba(0,152,51,1)
9,2: (0,39064,14649,65535)  #009839FF  srgba(0,152,57,1)
10,2: (0,39064,15163,65535)  #00983BFF  srgba(0,152,59,1)
11,2: (0,40092,12593,65535)  #009C31FF  srgba(0,156,49,1)
12,2: (0,40092,12850,65535)  #009C32FF  srgba(0,156,50,1)
13,2: (257,41120,13107,65535)  #01A033FF  srgba(1,160,51,1)
14,2: (771,0,14392,65535)  #030038FF  srgba(3,0,56,1)
15,2: (771,36237,14906,65535)  #038D3AFF  srgba(3,141,58,1)
0,3: (1028,11822,14906,65535)  #042E3AFF  srgba(4,46,58,1)
1,3: (1542,39835,15677,65535)  #069B3DFF  srgba(6,155,61,1)
2,3: (1799,0,12336,65535)  #070030FF  srgba(7,0,48,1)
3,3: (2056,771,11822,65535)  #08032EFF  srgba(8,3,46,1)
4,3: (2313,771,15163,65535)  #09033BFF  srgba(9,3,59,1)
5,3: (2313,30326,14135,65535)  #097637FF  srgba(9,118,55,1)
6,3: (2570,0,10537,65535)  #0A0029FF  srgba(10,0,41,1)
7,3: (3341,46517,9252,65535)  #0DB524FF  srgba(13,181,36,1)
8,3: (3598,514,8995,65535)  #0E0223FF  srgba(14,2,35,1)
9,3: (3598,1285,5654,65535)  #0E0516FF  srgba(14,5,22,1)
10,3: (4883,15420,11565,65535)  #133C2DFF  srgba(19,60,45,1)
11,3: (5397,0,10280,65535)  #150028FF  srgba(21,0,40,1)
12,3: (5397,26985,5397,65535)  #156915FF  srgba(21,105,21,1)
13,3: (5911,0,9766,65535)  #170026FF  srgba(23,0,38,1)
14,3: (5911,11565,4626,65535)  #172D12FF  srgba(23,45,18,1)
15,3: (6425,0,7453,65535)  #19001DFF  srgba(25,0,29,1)
0,4: (6682,43433,17219,65535)  #1AA943FF  srgba(26,169,67,1)
1,4: (7967,0,8995,65535)  #1F0023FF  srgba(31,0,35,1)
2,4: (8481,0,8995,65535)  #210023FF  srgba(33,0,35,1)
3,4: (8481,257,6939,65535)  #21011BFF  srgba(33,1,27,1)
4,4: (8738,0,7453,65535)  #22001DFF  srgba(34,0,29,1)
5,4: (9252,0,9766,65535)  #240026FF  srgba(36,0,38,1)
6,4: (10794,0,7196,65535)  #2A001CFF  srgba(42,0,28,1)
7,4: (10794,0,10023,65535)  #2A0027FF  srgba(42,0,39,1)
8,4: (11051,0,7453,65535)  #2B001DFF  srgba(43,0,29,1)
9,4: (11565,56797,16191,65535)  #2DDD3FFF  srgba(45,221,63,1)
10,4: (11822,0,11565,65535)  #2E002DFF  srgba(46,0,45,1)
11,4: (12336,12336,4369,65535)  #303011FF  srgba(48,48,17,1)
12,4: (13107,257,5397,65535)  #330115FF  srgba(51,1,21,1)
13,4: (13107,14392,15420,65535)  #33383CFF  srgba(51,56,60,1)
14,4: (13364,0,8995,65535)  #340023FF  srgba(52,0,35,1)
15,4: (14135,0,7453,65535)  #37001DFF  srgba(55,0,29,1)
0,5: (14135,0,10023,65535)  #370027FF  srgba(55,0,39,1)
1,5: (14135,53713,5140,65535)  #37D114FF  srgba(55,209,20,1)
2,5: (14135,53713,10794,65535)  #37D12AFF  srgba(55,209,42,1)
3,5: (14135,64507,9766,65535)  #37FB26FF  srgba(55,251,38,1)
4,5: (14392,0,5397,65535)  #380015FF  srgba(56,0,21,1)
5,5: (14392,26214,2570,65535)  #38660AFF  srgba(56,102,10,1)
6,5: (14392,29555,13878,65535)  #387336FF  srgba(56,115,54,1)
7,5: (14392,39578,2827,65535)  #389A0BFF  srgba(56,154,11,1)
8,5: (14906,41891,11308,65535)  #3AA32CFF  srgba(58,163,44,1)
9,5: (15420,0,7710,65535)  #3C001EFF  srgba(60,0,30,1)
10,5: (16191,14649,11565,65535)  #3F392DFF  srgba(63,57,45,1)
11,5: (16962,514,11308,65535)  #42022CFF  srgba(66,2,44,1)
12,5: (17219,257,9509,65535)  #430125FF  srgba(67,1,37,1)
13,5: (17476,44204,15420,65535)  #44AC3CFF  srgba(68,172,60,1)
14,5: (17990,257,4883,65535)  #460113FF  srgba(70,1,19,1)
15,5: (17990,16191,3855,65535)  #463F0FFF  srgba(70,63,15,1)
0,6: (17990,45489,21074,65535)  #46B152FF  srgba(70,177,82,1)
1,6: (18247,8995,5140,65535)  #472314FF  srgba(71,35,20,1)
2,6: (18247,26471,2570,65535)  #47670AFF  srgba(71,103,10,1)
3,6: (18761,0,4112,65535)  #490010FF  srgba(73,0,16,1)
4,6: (18761,0,6425,65535)  #490019FF  srgba(73,0,25,1)
5,6: (18761,0,10023,65535)  #490027FF  srgba(73,0,39,1)
6,6: (19275,64507,8995,65535)  #4BFB23FF  srgba(75,251,35,1)
7,6: (19532,0,7967,65535)  #4C001FFF  srgba(76,0,31,1)
8,6: (20817,514,7453,65535)  #51021DFF  srgba(81,2,29,1)
9,6: (20817,59881,15677,65535)  #51E93DFF  srgba(81,233,61,1)
10,6: (21331,0,3598,65535)  #53000EFF  srgba(83,0,14,1)
11,6: (22102,257,4112,65535)  #560110FF  srgba(86,1,16,1)
12,6: (22102,38807,5911,65535)  #569717FF  srgba(86,151,23,1)
13,6: (22873,58339,21588,65535)  #59E354FF  srgba(89,227,84,1)
14,6: (23901,0,6168,65535)  #5D0018FF  srgba(93,0,24,1)
15,6: (24158,0,3341,65535)  #5E000DFF  srgba(94,0,13,1)
0,7: (25700,55512,8738,65535)  #64D822FF  srgba(100,216,34,1)
1,7: (25957,12079,10537,65535)  #652F29FF  srgba(101,47,41,1)
2,7: (26214,514,4626,65535)  #660212FF  srgba(102,2,18,1)
3,7: (26214,1028,1542,65535)  #660406FF  srgba(102,4,6,1)
4,7: (26471,25443,514,65535)  #676302FF  srgba(103,99,2,1)
5,7: (26985,0,2827,65535)  #69000BFF  srgba(105,0,11,1)
6,7: (26985,64250,8995,65535)  #69FA23FF  srgba(105,250,35,1)
7,7: (27242,25957,11822,65535)  #6A652EFF  srgba(106,101,46,1)
8,7: (27242,47545,8738,65535)  #6AB922FF  srgba(106,185,34,1)
9,7: (27499,46003,21588,65535)  #6BB354FF  srgba(107,179,84,1)
10,7: (28270,11565,6168,65535)  #6E2D18FF  srgba(110,45,24,1)
11,7: (28527,10023,514,65535)  #6F2702FF  srgba(111,39,2,1)
12,7: (28784,24929,3598,65535)  #70610EFF  srgba(112,97,14,1)
13,7: (28784,43947,15420,65535)  #70AB3CFF  srgba(112,171,60,1)
14,7: (29041,10023,3598,65535)  #71270EFF  srgba(113,39,14,1)
15,7: (29041,22873,6168,65535)  #715918FF  srgba(113,89,24,1)
0,8: (29298,38807,8224,65535)  #729720FF  srgba(114,151,32,1)
1,8: (30069,1542,771,65535)  #750603FF  srgba(117,6,3,1)
2,8: (30326,0,1285,65535)  #760005FF  srgba(118,0,5,1)
3,8: (30326,0,3855,65535)  #76000FFF  srgba(118,0,15,1)
4,8: (31097,20046,514,65535)  #794E02FF  srgba(121,78,2,1)
5,8: (31354,514,4626,65535)  #7A0212FF  srgba(122,2,18,1)
6,8: (31354,17733,3598,65535)  #7A450EFF  srgba(122,69,14,1)
7,8: (31611,514,3341,65535)  #7B020DFF  srgba(123,2,13,1)
8,8: (32125,0,6682,65535)  #7D001AFF  srgba(125,0,26,1)
9,8: (32382,0,5140,65535)  #7E0014FF  srgba(126,0,20,1)
10,8: (32639,16191,257,65535)  #7F3F01FF  srgba(127,63,1,1)
11,8: (33667,1285,7710,65535)  #83051EFF  srgba(131,5,30,1)
12,8: (33924,11565,257,65535)  #842D01FF  srgba(132,45,1,1)
13,8: (34181,514,5654,65535)  #850216FF  srgba(133,2,22,1)
14,8: (34438,1542,771,65535)  #860603FF  srgba(134,6,3,1)
15,8: (35209,0,3855,65535)  #89000FFF  srgba(137,0,15,1)
0,9: (35466,0,1028,65535)  #8A0004FF  srgba(138,0,4,1)
1,9: (35980,17476,0,65535)  #8C4400FF  srgba(140,68,0,1)
2,9: (38036,16962,0,65535)  #944200FF  srgba(148,66,0,1)
3,9: (38293,27242,9509,65535)  #956A25FF  srgba(149,106,37,1)
4,9: (38293,43176,13107,65535)  #95A833FF  srgba(149,168,51,1)
5,9: (38807,14135,0,65535)  #973700FF  srgba(151,55,0,1)
6,9: (38807,17733,1542,65535)  #974506FF  srgba(151,69,6,1)
7,9: (38807,17733,4112,65535)  #974510FF  srgba(151,69,16,1)
8,9: (39064,257,4626,65535)  #980112FF  srgba(152,1,18,1)
9,9: (39321,10537,0,65535)  #992900FF  srgba(153,41,0,1)
10,9: (39578,514,3341,65535)  #9A020DFF  srgba(154,2,13,1)
11,9: (39578,25443,5140,65535)  #9A6314FF  srgba(154,99,20,1)
12,9: (39835,13878,1799,65535)  #9B3607FF  srgba(155,54,7,1)
13,9: (40092,10280,514,65535)  #9C2802FF  srgba(156,40,2,1)
14,9: (40349,9766,4369,65535)  #9D2611FF  srgba(157,38,17,1)
15,9: (40606,0,257,65535)  #9E0001FF  srgba(158,0,1,1)
0,10: (40606,60909,10280,65535)  #9EED28FF  srgba(158,237,40,1)
1,10: (40863,0,514,65535)  #9F0002FF  srgba(159,0,2,1)
2,10: (41377,2827,771,65535)  #A10B03FF  srgba(161,11,3,1)
3,10: (41634,10023,1799,65535)  #A22707FF  srgba(162,39,7,1)
4,10: (41891,0,4369,65535)  #A30011FF  srgba(163,0,17,1)
5,10: (42148,23644,2056,65535)  #A45C08FF  srgba(164,92,8,1)
6,10: (42405,60138,3855,65535)  #A5EA0FFF  srgba(165,234,15,1)
7,10: (42919,0,2313,65535)  #A70009FF  srgba(167,0,9,1)
8,10: (42919,40092,5140,65535)  #A79C14FF  srgba(167,156,20,1)
9,10: (43176,14135,0,65535)  #A83700FF  srgba(168,55,0,1)
10,10: (43176,44718,2056,65535)  #A8AE08FF  srgba(168,174,8,1)
11,10: (43176,60909,6939,65535)  #A8ED1BFF  srgba(168,237,27,1)
12,10: (43433,32382,2056,65535)  #A97E08FF  srgba(169,126,8,1)
13,10: (43690,16705,0,65535)  #AA4100FF  srgba(170,65,0,1)
14,10: (43947,10023,0,65535)  #AB2700FF  srgba(171,39,0,1)
15,10: (44718,0,514,65535)  #AE0002FF  srgba(174,0,2,1)
0,11: (45232,24672,0,65535)  #B06000FF  srgba(176,96,0,1)
1,11: (45489,2313,0,65535)  #B10900FF  srgba(177,9,0,1)
2,11: (46003,1542,3341,65535)  #B3060DFF  srgba(179,6,13,1)
3,11: (46003,37779,0,65535)  #B39300FF  srgba(179,147,0,1)
4,11: (46260,2056,1542,65535)  #B40806FF  srgba(180,8,6,1)
5,11: (46260,9766,0,65535)  #B42600FF  srgba(180,38,0,1)
6,11: (46774,58853,8224,65535)  #B6E520FF  srgba(182,229,32,1)
7,11: (47288,16705,0,65535)  #B84100FF  srgba(184,65,0,1)
8,11: (47802,0,1285,65535)  #BA0005FF  srgba(186,0,5,1)
9,11: (48573,2570,0,65535)  #BD0A00FF  srgba(189,10,0,1)
10,11: (48573,57825,10794,65535)  #BDE12AFF  srgba(189,225,42,1)
11,11: (48830,59624,4626,65535)  #BEE812FF  srgba(190,232,18,1)
12,11: (49601,14135,257,65535)  #C13701FF  srgba(193,55,1,1)
13,11: (49858,0,0,65535)  #C20000FF  srgba(194,0,0,1)
14,11: (50629,58853,6682,65535)  #C5E51AFF  srgba(197,229,26,1)
15,11: (50886,9766,0,65535)  #C62600FF  srgba(198,38,0,1)
0,12: (51143,14135,0,65535)  #C73700FF  srgba(199,55,0,1)
1,12: (51143,29298,2056,65535)  #C77208FF  srgba(199,114,8,1)
2,12: (51400,2570,0,65535)  #C80A00FF  srgba(200,10,0,1)
3,12: (52171,41634,2056,65535)  #CBA208FF  srgba(203,162,8,1)
4,12: (52428,8224,257,65535)  #CC2001FF  srgba(204,32,1,1)
5,12: (52942,57311,4369,65535)  #CEDF11FF  srgba(206,223,17,1)
6,12: (53199,7967,2313,65535)  #CF1F09FF  srgba(207,31,9,1)
7,12: (53970,44975,9252,65535)  #D2AF24FF  srgba(210,175,36,1)
8,12: (54741,2827,0,65535)  #D50B00FF  srgba(213,11,0,1)
9,12: (54998,8738,0,65535)  #D62200FF  srgba(214,34,0,1)
10,12: (55255,2056,0,65535)  #D70800FF  srgba(215,8,0,1)
11,12: (55255,8224,0,65535)  #D72000FF  srgba(215,32,0,1)
12,12: (55769,3084,1542,65535)  #D90C06FF  srgba(217,12,6,1)
13,12: (55769,25186,0,65535)  #D96200FF  srgba(217,98,0,1)
14,12: (55769,28013,4883,65535)  #D96D13FF  srgba(217,109,19,1)
15,12: (55769,30326,8995,65535)  #D97623FF  srgba(217,118,35,1)
0,13: (56540,0,0,65535)  #DC0000FF  srgba(220,0,0,1)
1,13: (56540,17219,0,65535)  #DC4300FF  srgba(220,67,0,1)
2,13: (56540,37265,0,65535)  #DC9100FF  srgba(220,145,0,1)
3,13: (57054,0,0,65535)  #DE0000FF  srgba(222,0,0,1)
4,13: (57054,42662,5140,65535)  #DEA614FF  srgba(222,166,20,1)
5,13: (58339,8224,514,65535)  #E32002FF  srgba(227,32,2,1)
6,13: (58596,0,0,65535)  #E40000FF  srgba(228,0,0,1)
7,13: (58596,257,0,65535)  #E40100FF  srgba(228,1,0,1)
8,13: (59367,0,0,65535)  #E70000FF  srgba(231,0,0,1)
9,13: (59367,0,0,65535)  #E70000FF  srgba(231,0,0,1)
10,13: (59367,8995,0,65535)  #E72300FF  srgba(231,35,0,1)
11,13: (59881,0,0,65535)  #E90000FF  srgba(233,0,0,1)
12,13: (59881,0,0,65535)  #E90000FF  srgba(233,0,0,1)
13,13: (59881,2827,0,65535)  #E90B00FF  srgba(233,11,0,1)
14,13: (60138,59367,2056,65535)  #EAE708FF  srgba(234,231,8,1)
15,13: (60395,0,0,65535)  #EB0000FF  srgba(235,0,0,1)
0,14: (60652,0,0,65535)  #EC0000FF  srgba(236,0,0,1)
1,14: (60652,10023,0,65535)  #EC2700FF  srgba(236,39,0,1)
2,14: (61166,28527,1799,65535)  #EE6F07FF  srgba(238,111,7,1)
3,14: (61423,13621,0,65535)  #EF3500FF  srgba(239,53,0,1)
4,14: (61423,53456,1542,65535)  #EFD006FF  srgba(239,208,6,1)
5,14: (61680,0,0,65535)  #F00000FF  srgba(240,0,0,1)
6,14: (62965,17219,1028,65535)  #F54304FF  srgba(245,67,4,1)
7,14: (63222,0,0,65535)  #F60000FF  srgba(246,0,0,1)
8,14: (63479,44204,1799,65535)  #F7AC07FF  srgba(247,172,7,1)
9,14: (63993,12079,0,65535)  #F92F00FF  srgba(249,47,0,1)
10,14: (64250,42148,0,65535)  #FAA400FF  srgba(250,164,0,1)
11,14: (64507,514,0,65535)  #FB0200FF  srgba(251,2,0,1)
12,14: (64507,9252,514,65535)  #FB2402FF  srgba(251,36,2,1)
13,14: (64507,11308,0,65535)  #FB2C00FF  srgba(251,44,0,1)
14,14: (64507,25700,0,65535)  #FB6400FF  srgba(251,100,0,1)
15,14: (64507,51400,257,65535)  #FBC801FF  srgba(251,200,1,1)
0,15: (64764,2056,1285,65535)  #FC0805FF  srgba(252,8,5,1)
1,15: (64764,3855,0,65535)  #FC0F00FF  srgba(252,15,0,1)
2,15: (64764,9509,0,65535)  #FC2500FF  srgba(252,37,0,1)
3,15: (65021,11308,0,65535)  #FD2C00FF  srgba(253,44,0,1)
4,15: (65021,49344,0,65535)  #FDC000FF  srgba(253,192,0,1)
5,15: (65278,3084,0,65535)  #FE0C00FF  srgba(254,12,0,1)
6,15: (65278,3341,0,65535)  #FE0D00FF  srgba(254,13,0,1)
7,15: (65278,7710,0,65535)  #FE1E00FF  srgba(254,30,0,1)
8,15: (65278,13621,0,65535)  #FE3500FF  srgba(254,53,0,1)
9,15: (65278,13878,0,65535)  #FE3600FF  srgba(254,54,0,1)
10,15: (65278,16448,0,65535)  #FE4000FF  srgba(254,64,0,1)
11,15: (65535,14135,0,65535)  #FF3700FF  srgba(255,55,0,1)
12,15: (65535,15677,0,65535)  #FF3D00FF  srgba(255,61,0,1)
13,15: (65535,15934,0,65535)  #FF3E00FF  srgba(255,62,0,1)
14,15: (65535,16448,0,65535)  #FF4000FF  srgba(255,64,0,1)
15,15: (0,65535,0,0)  #00FF0000  srgba(0,255,0,0)
