# ImageMagick pixel enumeration: 16,16,65535,srgba
0,0: (0,0,0,65535)  #000000FF  black
1,0: (771,0,0,65535)  #030000FF  srgba(3,0,0,1)
2,0: (771,4626,257,65535)  #031201FF  srgba(3,18,1,1)
3,0: (771,6682,514,65535)  #031A02FF  srgba(3,26,2,1)
4,0: (1028,3341,257,65535)  #040D01FF  srgba(4,13,1,1)
5,0: (1799,2570,771,65535)  #070A03FF  srgba(7,10,3,1)
6,0: (2056,2827,1028,65535)  #080B04FF  srgba(8,11,4,1)
7,0: (2313,514,257,65535)  #090201FF  srgba(9,2,1,1)
8,0: (2313,771,771,65535)  #090303FF  srgba(9,3,3,1)
9,0: (2570,1799,1285,65535)  #0A0705FF  srgba(10,7,5,1)
10,0: (2827,10023,3855,65535)  #0B270FFF  srgba(11,39,15,1)
11,0: (3084,1542,1285,65535)  #0C0605FF  srgba(12,6,5,1)
12,0: (3084,1799,1542,65535)  #0C0706FF  srgba(12,7,6,1)
13,0: (3084,2827,3084,65535)  #0C0B0CFF  srgba(12,11,12,1)
14,0: (3084,6425,3084,65535)  #0C190CFF  srgba(12,25,12,1)
15,0: (3341,1285,1028,65535)  #0D0504FF  srgba(13,5,4,1)
0,1: (3341,1285,2056,65535)  #0D0508FF  srgba(13,5,8,1)
1,1: (3341,4626,2570,65535)  #0D120AFF  srgba(13,18,10,1)
2,1: (3598,2056,1542,65535)  #0E0806FF  srgba(14,8,6,1)
3,1: (3598,3341,2570,65535)  #0E0D0AFF  srgba(14,13,10,1)
4,1: (3855,2056,2056,65535)  #0F0808FF  srgba(15,8,8,1)
5,1: (3855,2570,1542,65535)  #0F0A06FF  srgba(15,10,6,1)
6,1: (3855,2570,2313,65535)  #0F0A09FF  srgba(15,10,9,1)
7,1: (4112,2570,2827,65535)  #100A0BFF  srgba(16,10,11,1)
8,1: (4369,2570,1799,65535)  #110A07FF  srgba(17,10,7,1)
9,1: (4369,2570,2313,65535)  #110A09FF  srgba(17,10,9,1)
10,1: (4626,2827,2570,65535)  #120B0AFF  srgba(18,11,10,1)
11,1: (4883,2056,2570,65535)  #13080AFF  srgba(19,8,10,1)
12,1: (4883,3341,3084,65535)  #130D0CFF  srgba(19,13,12,1)
13,1: (5397,2827,3084,65535)  #150B0CFF  srgba(21,11,12,1)
14,1: (5654,3341,4112,65535)  #160D10FF  srgba(22,13,16,1)
15,1: (5911,3598,3341,65535)  #170E0DFF  srgba(23,14,13,1)
0,2: (6425,1799,2827,65535)  #19070BFF  srgba(25,7,11,1)
1,2: (6425,8224,4883,65535)  #192013FF  srgba(25,32,19,1)
2,2: (6682,3598,4626,65535)  #1A0E12FF  srgba(26,14,18,1)
3,2: (6682,4369,4369,65535)  #1A1111FF  srgba(26,17,17,1)
4,2: (6939,3341,3855,65535)  #1B0D0FFF  srgba(27,13,15,1)
5,2: (7453,3598,5140,65535)  #1D0E14FF  srgba(29,14,20,1)
6,2: (7453,4883,5397,65535)  #1D1315FF  srgba(29,19,21,1)
7,2: (7453,5654,5397,65535)  #1D1615FF  srgba(29,22,21,1)
8,2: (7453,11051,6682,65535)  #1D2B1AFF  srgba(29,43,26,1)
9,2: (7710,4626,5397,65535)  #1E1215FF  srgba(30,18,21,1)
10,2: (7710,5397,5397,65535)  #1E1515FF  srgba(30,21,21,1)
11,2: (8224,13621,8738,65535)  #203522FF  srgba(32,53,34,1)
12,2: (8481,5397,6425,65535)  #211519FF  srgba(33,21,25,1)
13,2: (8481,7453,6939,65535)  #211D1BFF  srgba(33,29,27,1)
14,2: (8738,6168,6939,65535)  #22181BFF  srgba(34,24,27,1)
15,2: (9252,7710,7967,65535)  #241E1FFF  srgba(36,30,31,1)
0,3: (9509,6682,7196,65535)  #251A1CFF  srgba(37,26,28,1)
1,3: (10023,6939,7453,65535)  #271B1DFF  srgba(39,27,29,1)
2,3: (10280,3855,5654,65535)  #280F16FF  srgba(40,15,22,1)
3,3: (10280,5654,7196,65535)  #28161CFF  srgba(40,22,28,1)
4,3: (10537,6939,8224,65535)  #291B20FF  srgba(41,27,32,1)
5,3: (11308,4369,6425,65535)  #2C1119FF  srgba(44,17,25,1)
6,3: (11308,6939,7710,65535)  #2C1B1EFF  srgba(44,27,30,1)
7,3: (11565,7196,8738,65535)  #2D1C22FF  srgba(45,28,34,1)
8,3: (11565,14649,10537,65535)  #2D3929FF  srgba(45,57,41,1)
9,3: (11822,11051,10023,65535)  #2E2B27FF  srgba(46,43,39,1)
10,3: (12079,8224,9252,65535)  #2F2024FF  srgba(47,32,36,1)
11,3: (12079,9509,9766,65535)  #2F2526FF  srgba(47,37,38,1)
12,3: (12336,22102,13364,65535)  #305634FF  srgba(48,86,52,1)
13,3: (12593,5140,7196,65535)  #31141CFF  srgba(49,20,28,1)
14,3: (12593,8995,9766,65535)  #312326FF  srgba(49,35,38,1)
15,3: (12850,6939,9252,65535)  #321B24FF  srgba(50,27,36,1)
0,4: (13878,8738,10280,65535)  #362228FF  srgba(54,34,40,1)
1,4: (14135,6168,8995,65535)  #371823FF  srgba(55,24,35,1)
2,4: (14135,10537,11308,65535)  #37292CFF  srgba(55,41,44,1)
3,4: (14135,15163,12850,65535)  #373B32FF  srgba(55,59,50,1)
4,4: (15677,10280,11565,65535)  #3D282DFF  srgba(61,40,45,1)
5,4: (15677,10280,12336,65535)  #3D2830FF  srgba(61,40,48,1)
6,4: (15677,23387,15163,65535)  #3D5B3BFF  srgba(61,91,59,1)
7,4: (15934,8738,10794,65535)  #3E222AFF  srgba(62,34,42,1)
8,4: (15934,25700,17476,65535)  #3E6444FF  srgba(62,100,68,1)
9,4: (15934,29298,17476,65535)  #3E7244FF  srgba(62,114,68,1)
10,4: (16191,11822,13107,65535)  #3F2E33FF  srgba(63,46,51,1)
11,4: (16448,6682,9766,65535)  #401A26FF  srgba(64,26,38,1)
12,4: (16448,13364,13364,65535)  #403434FF  srgba(64,52,52,1)
13,4: (16705,14906,14649,65535)  #413A39FF  srgba(65,58,57,1)
14,4: (17733,26471,20046,65535)  #45674EFF  srgba(69,103,78,1)
15,4: (17990,10794,12850,65535)  #462A32FF  srgba(70,42,50,1)
0,5: (18247,23387,16448,65535)  #475B40FF  srgba(71,91,64,1)
1,5: (18247,29298,17990,65535)  #477246FF  srgba(71,114,70,1)
2,5: (18247,29298,19275,65535)  #47724BFF  srgba(71,114,75,1)
3,5: (18504,13878,14906,65535)  #48363AFF  srgba(72,54,58,1)
4,5: (18504,24672,17733,65535)  #486045FF  srgba(72,96,69,1)
5,5: (18504,27242,18504,65535)  #486A48FF  srgba(72,106,72,1)
6,5: (18761,11565,14392,65535)  #492D38FF  srgba(73,45,56,1)
7,5: (19018,23387,18504,65535)  #4A5B48FF  srgba(74,91,72,1)
8,5: (19018,26471,20560,65535)  #4A6750FF  srgba(74,103,80,1)
9,5: (19018,28784,20817,65535)  #4A7051FF  srgba(74,112,81,1)
10,5: (19018,30069,21074,65535)  #4A7552FF  srgba(74,117,82,1)
11,5: (19275,31611,21331,65535)  #4B7B53FF  srgba(75,123,83,1)
12,5: (19789,13878,15163,65535)  #4D363BFF  srgba(77,54,59,1)
13,5: (20046,14906,16448,65535)  #4E3A40FF  srgba(78,58,64,1)
14,5: (20303,24929,20560,65535)  #4F6150FF  srgba(79,97,80,1)
15,5: (20303,27499,20817,65535)  #4F6B51FF  srgba(79,107,81,1)
0,6: (21588,13878,15934,65535)  #54363EFF  srgba(84,54,62,1)
1,6: (21845,11565,14906,65535)  #552D3AFF  srgba(85,45,58,1)
2,6: (21845,15934,17219,65535)  #553E43FF  srgba(85,62,67,1)
3,6: (22102,14392,17476,65535)  #563844FF  srgba(86,56,68,1)
4,6: (22102,25186,21331,65535)  #566253FF  srgba(86,98,83,1)
5,6: (22359,27242,21845,65535)  #576A55FF  srgba(87,106,85,1)
6,6: (22359,28784,21588,65535)  #577054FF  srgba(87,112,84,1)
7,6: (22359,29555,23644,65535)  #57735CFF  srgba(87,115,92,1)
8,6: (22359,31611,21845,65535)  #577B55FF  srgba(87,123,85,1)
9,6: (22616,17219,18761,65535)  #584349FF  srgba(88,67,73,1)
10,6: (22616,26728,23644,65535)  #58685CFF  srgba(88,104,92,1)
11,6: (22616,32896,24672,65535)  #588060FF  srgba(88,128,96,1)
12,6: (23387,35209,25443,65535)  #5B8963FF  srgba(91,137,99,1)
13,6: (23644,20046,19789,65535)  #5C4E4DFF  srgba(92,78,77,1)
14,6: (23644,30069,25186,65535)  #5C7562FF  srgba(92,117,98,1)
15,6: (23901,24929,21845,65535)  #5D6155FF  srgba(93,97,85,1)
0,7: (24672,17476,19275,65535)  #60444BFF  srgba(96,68,75,1)
1,7: (24672,26471,24158,65535)  #60675EFF  srgba(96,103,94,1)
2,7: (24929,14649,17990,65535)  #613946FF  srgba(97,57,70,1)
3,7: (25186,16191,18761,65535)  #623F49FF  srgba(98,63,73,1)
4,7: (25443,19532,20817,65535)  #634C51FF  srgba(99,76,81,1)
5,7: (25700,17733,20817,65535)  #644551FF  srgba(100,69,81,1)
6,7: (25700,20560,21845,65535)  #645055FF  srgba(100,80,85,1)
7,7: (25700,23387,23901,65535)  #645B5DFF  srgba(100,91,93,1)
8,7: (26471,24672,22102,65535)  #676056FF  srgba(103,96,86,1)
9,7: (26471,29555,25443,65535)  #677363FF  srgba(103,115,99,1)
10,7: (27242,25957,24158,65535)  #6A655EFF  srgba(106,101,94,1)
11,7: (27242,37265,27242,65535)  #6A916AFF  srgba(106,145,106,1)
12,7: (27499,20046,22102,65535)  #6B4E56FF  srgba(107,78,86,1)
13,7: (27499,33410,26728,65535)  #6B8268FF  srgba(107,130,104,1)
14,7: (27756,22102,23901,65535)  #6C565DFF  srgba(108,86,93,1)
15,7: (28013,26214,25957,65535)  #6D6665FF  srgba(109,102,101,1)
0,8: (28270,35723,30069,65535)  #6E8B75FF  srgba(110,139,117,1)
1,8: (28527,17733,21331,65535)  #6F4553FF  srgba(111,69,83,1)
2,8: (28784,21845,23644,65535)  #70555CFF  srgba(112,85,92,1)
3,8: (29041,22616,25186,65535)  #715862FF  srgba(113,88,98,1)
4,8: (29298,20303,22616,65535)  #724F58FF  srgba(114,79,88,1)
5,8: (29812,29555,26214,65535)  #747366FF  srgba(116,115,102,1)
6,8: (30326,21331,23901,65535)  #76535DFF  srgba(118,83,93,1)
7,8: (30326,22873,25700,65535)  #765964FF  srgba(118,89,100,1)
8,8: (30326,40606,31097,65535)  #769E79FF  srgba(118,158,121,1)
9,8: (31097,25700,26214,65535)  #796466FF  srgba(121,100,102,1)
10,8: (31354,29812,28527,65535)  #7A746FFF  srgba(122,116,111,1)
11,8: (32125,22873,25186,65535)  #7D5962FF  srgba(125,89,98,1)
12,8: (32382,21074,24672,65535)  #7E5260FF  srgba(126,82,96,1)
13,8: (32639,42662,34952,65535)  #7FA688FF  srgba(127,166,136,1)
14,8: (32896,23387,26471,65535)  #805B67FF  srgba(128,91,103,1)
15,8: (32896,35209,31354,65535)  #80897AFF  srgba(128,137,122,1)
0,9: (33153,29812,30326,65535)  #817476FF  srgba(129,116,118,1)
1,9: (33410,23901,27499,65535)  #825D6BFF  srgba(130,93,107,1)
2,9: (33410,25700,27242,65535)  #82646AFF  srgba(130,100,106,1)
3,9: (33667,26214,28784,65535)  #836670FF  srgba(131,102,112,1)
4,9: (35723,24158,27756,65535)  #8B5E6CFF  srgba(139,94,108,1)
5,9: (35980,25700,29298,65535)  #8C6472FF  srgba(140,100,114,1)
6,9: (36494,28013,30069,65535)  #8E6D75FF  srgba(142,109,117,1)
7,9: (37265,25700,29555,65535)  #916473FF  srgba(145,100,115,1)
8,9: (37265,29041,31611,65535)  #91717BFF  srgba(145,113,123,1)
9,9: (37779,46517,37522,65535)  #93B592FF  srgba(147,181,146,1)
10,9: (38293,28784,33410,65535)  #957082FF  srgba(149,112,130,1)
11,9: (38550,34952,33667,65535)  #968883FF  srgba(150,136,131,1)
12,9: (38550,41634,36494,65535)  #96A28EFF  srgba(150,162,142,1)
13,9: (39064,26214,30326,65535)  #986676FF  srgba(152,102,118,1)
14,9: (39064,28270,31611,65535)  #986E7BFF  srgba(152,110,123,1)
15,9: (39064,31354,33410,65535)  #987A82FF  srgba(152,122,130,1)
0,10: (39064,48573,40863,65535)  #98BD9FFF  srgba(152,189,159,1)
1,10: (39321,38807,35723,65535)  #99978BFF  srgba(153,151,139,1)
2,10: (40606,29298,33410,65535)  #9E7282FF  srgba(158,114,130,1)
3,10: (40606,31868,35466,65535)  #9E7C8AFF  srgba(158,124,138,1)
4,10: (40863,28270,32125,65535)  #9F6E7DFF  srgba(159,110,125,1)
5,10: (41634,30840,33667,65535)  #A27883FF  srgba(162,120,131,1)
6,10: (41891,29555,33667,65535)  #A37383FF  srgba(163,115,131,1)
7,10: (41891,34695,35723,65535)  #A3878BFF  srgba(163,135,139,1)
8,10: (42148,52685,43947,65535)  #A4CDABFF  srgba(164,205,171,1)
9,10: (42405,31868,35723,65535)  #A57C8BFF  srgba(165,124,139,1)
10,10: (43433,41634,40606,65535)  #A9A29EFF  srgba(169,162,158,1)
11,10: (43690,30583,34438,65535)  #AA7786FF  srgba(170,119,134,1)
12,10: (43690,47545,41377,65535)  #AAB9A1FF  srgba(170,185,161,1)
13,10: (43947,32125,36237,65535)  #AB7D8DFF  srgba(171,125,141,1)
14,10: (43947,34438,37008,65535)  #AB8690FF  srgba(171,134,144,1)
15,10: (43947,35209,38293,65535)  #AB8995FF  srgba(171,137,149,1)
0,11: (43947,38807,39321,65535)  #AB9799FF  srgba(171,151,153,1)
1,11: (45232,46517,43947,65535)  #B0B5ABFF  srgba(176,181,171,1)
2,11: (45489,31868,35980,65535)  #B17C8CFF  srgba(177,124,140,1)
3,11: (45746,35466,40606,65535)  #B28A9EFF  srgba(178,138,158,1)
4,11: (46003,34952,38293,65535)  #B38895FF  srgba(179,136,149,1)
5,11: (46260,53199,45232,65535)  #B4CFB0FF  srgba(180,207,176,1)
6,11: (46517,32896,37522,65535)  #B58092FF  srgba(181,128,146,1)
7,11: (46774,52942,48316,65535)  #B6CEBCFF  srgba(182,206,188,1)
8,11: (47288,34695,38550,65535)  #B88796FF  srgba(184,135,150,1)
9,11: (47545,58596,49601,65535)  #B9E4C1FF  srgba(185,228,193,1)
10,11: (47802,36237,41120,65535)  #BA8DA0FF  srgba(186,141,160,1)
11,11: (48059,38550,40349,65535)  #BB969DFF  srgba(187,150,157,1)
12,11: (48830,34695,39064,65535)  #BE8798FF  srgba(190,135,152,1)
13,11: (49087,36494,40863,65535)  #BF8E9FFF  srgba(191,142,159,1)
14,11: (49601,38550,41891,65535)  #C196A3FF  srgba(193,150,163,1)
15,11: (49601,41120,42405,65535)  #C1A0A5FF  srgba(193,160,165,1)
0,12: (49858,38807,43947,65535)  #C297ABFF  srgba(194,151,171,1)
1,12: (50629,36494,41120,65535)  #C58EA0FF  srgba(197,142,160,1)
2,12: (51400,44975,45232,65535)  #C8AFB0FF  srgba(200,175,176,1)
3,12: (51400,60395,52428,65535)  #C8EBCCFF  srgba(200,235,204,1)
4,12: (51657,39064,43690,65535)  #C998AAFF  srgba(201,152,170,1)
5,12: (51657,41377,44975,65535)  #C9A1AFFF  srgba(201,161,175,1)
6,12: (51657,49858,48830,65535)  #C9C2BEFF  srgba(201,194,190,1)
7,12: (52171,37008,41891,65535)  #CB90A3FF  srgba(203,144,163,1)
8,12: (53199,41634,47545,65535)  #CFA2B9FF  srgba(207,162,185,1)
9,12: (53456,38550,43176,65535)  #D096A8FF  srgba(208,150,168,1)
10,12: (54484,39578,44461,65535)  #D49AADFF  srgba(212,154,173,1)
11,12: (54484,51400,49858,65535)  #D4C8C2FF  srgba(212,200,194,1)
12,12: (54484,59881,54998,65535)  #D4E9D6FF  srgba(212,233,214,1)
13,12: (54741,45232,48573,65535)  #D5B0BDFF  srgba(213,176,189,1)
14,12: (55255,42405,45746,65535)  #D7A5B2FF  srgba(215,165,178,1)
15,12: (55255,42662,48316,65535)  #D7A6BCFF  srgba(215,166,188,1)
0,13: (55512,40606,45232,65535)  #D89EB0FF  srgba(216,158,176,1)
1,13: (55769,41120,45746,65535)  #D9A0B2FF  srgba(217,160,178,1)
2,13: (57054,42405,47545,65535)  #DEA5B9FF  srgba(222,165,185,1)
3,13: (57054,44718,50115,65535)  #DEAEC3FF  srgba(222,174,195,1)
4,13: (57054,49344,50629,65535)  #DEC0C5FF  srgba(222,192,197,1)
5,13: (57054,52171,54227,65535)  #DECBD3FF  srgba(222,203,211,1)
6,13: (57054,61423,56797,65535)  #DEEFDDFF  srgba(222,239,221,1)
7,13: (57311,45746,50115,65535)  #DFB2C3FF  srgba(223,178,195,1)
8,13: (58853,43176,48059,65535)  #E5A8BBFF  srgba(229,168,187,1)
9,13: (59367,46517,53199,65535)  #E7B5CFFF  srgba(231,181,207,1)
10,13: (59624,44461,49601,65535)  #E8ADC1FF  srgba(232,173,193,1)
11,13: (59624,46260,50629,65535)  #E8B4C5FF  srgba(232,180,197,1)
12,13: (59624,49601,52942,65535)  #E8C1CEFF  srgba(232,193,206,1)
13,13: (59624,60395,59110,65535)  #E8EBE6FF  srgba(232,235,230,1)
14,13: (59881,54998,57311,65535)  #E9D6DFFF  srgba(233,214,223,1)
15,13: (60138,50115,55512,65535)  #EAC3D8FF  srgba(234,195,216,1)
0,14: (61937,45489,50629,65535)  #F1B1C5FF  srgba(241,177,197,1)
1,14: (62194,49344,56026,65535)  #F2C0DAFF  srgba(242,192,218,1)
2,14: (62451,47031,51914,65535)  #F3B7CAFF  srgba(243,183,202,1)
3,14: (62451,50886,56026,65535)  #F3C6DAFF  srgba(243,198,218,1)
4,14: (62451,54484,57825,65535)  #F3D4E1FF  srgba(243,212,225,1)
5,14: (62708,48316,53713,65535)  #F4BCD1FF  srgba(244,188,209,1)
6,14: (62965,51400,58339,65535)  #F5C8E3FF  srgba(245,200,227,1)
7,14: (62965,52171,58082,65535)  #F5CBE2FF  srgba(245,203,226,1)
8,14: (62965,58596,61937,65535)  #F5E4F1FF  srgba(245,228,241,1)
9,14: (63222,56283,61423,65535)  #F6DBEFFF  srgba(246,219,239,1)
10,14: (63479,53456,60652,65535)  #F7D0ECFF  srgba(247,208,236,1)
11,14: (64507,48316,53970,65535)  #FBBCD2FF  srgba(251,188,210,1)
12,14: (64507,53970,61166,65535)  #FBD2EEFF  srgba(251,210,238,1)
13,14: (64764,50372,55512,65535)  #FCC4D8FF  srgba(252,196,216,1)
14,14: (64764,52171,58082,65535)  #FCCBE2FF  srgba(252,203,226,1)
15,14: (64764,55512,62965,65535)  #FCD8F5FF  srgba(252,216,245,1)
0,15: (65021,56540,63736,65535)  #FDDCF8FF  srgba(253,220,248,1)
1,15: (65021,56797,65021,65535)  #FDDDFDFF  srgba(253,221,253,1)
2,15: (65021,57825,62708,65535)  #FDE1F4FF  srgba(253,225,244,1)
3,15: (65021,57825,65021,65535)  #FDE1FDFF  srgba(253,225,253,1)
4,15: (65278,57568,64250,65535)  #FEE0FAFF  srgba(254,224,250,1)
5,15: (65535,50372,56283,65535)  #FFC4DBFF  srgba(255,196,219,1)
6,15: (65535,52685,58596,65535)  #FFCDE4FF  srgba(255,205,228,1)
7,15: (65535,53970,60652,65535)  #FFD2ECFF  srgba(255,210,236,1)
8,15: (65535,56026,61423,65535)  #FFDAEFFF  srgba(255,218,239,1)
9,15: (65535,56026,62965,65535)  #FFDAF5FF  srgba(255,218,245,1)
10,15: (65535,57054,63479,65535)  #FFDEF7FF  srgba(255,222,247,1)
11,15: (65535,57568,65535,65535)  #FFE0FFFF  srgba(255,224,255,1)
12,15: (65535,57825,65021,65535)  #FFE1FDFF  srgba(255,225,253,1)
13,15: (65535,58082,63222,65535)  #FFE2F6FF  srgba(255,226,246,1)
14,15: (65535,58339,65278,65535)  #FFE3FEFF  srgba(255,227,254,1)
15,15: (0,65535,0,0)  #00FF0000  srgba(0,255,0,0)
