# ImageMagick pixel enumeration: 16,16,65535,srgba
0,0: (20303,21074,65535,65535)  #4F52FFFF  srgba(79,82,255,1)
1,0: (21074,17219,65535,65535)  #5243FFFF  srgba(82,67,255,1)
2,0: (21845,20560,65535,65535)  #5550FFFF  srgba(85,80,255,1)
3,0: (22359,20560,65535,65535)  #5750FFFF  srgba(87,80,255,1)
4,0: (22616,17219,65535,65535)  #5843FFFF  srgba(88,67,255,1)
5,0: (23130,11822,65278,65535)  #5A2EFEFF  srgba(90,46,254,1)
6,0: (23130,13878,65535,65535)  #5A36FFFF  srgba(90,54,255,1)
7,0: (23130,19789,65535,65535)  #5A4DFFFF  srgba(90,77,255,1)
8,0: (23130,21588,65535,65535)  #5A54FFFF  srgba(90,84,255,1)
9,0: (23387,17219,65535,65535)  #5B43FFFF  srgba(91,67,255,1)
10,0: (23901,19532,65535,65535)  #5D4CFFFF  srgba(93,76,255,1)
11,0: (23901,21074,65535,65535)  #5D52FFFF  srgba(93,82,255,1)
12,0: (24158,16191,65535,65535)  #5E3FFFFF  srgba(94,63,255,1)
13,0: (24158,18247,65535,65535)  #5E47FFFF  srgba(94,71,255,1)
14,0: (24672,11565,65278,65535)  #602DFEFF  srgba(96,45,254,1)
15,0: (24672,13621,65535,65535)  #6035FFFF  srgba(96,53,255,1)
0,1: (24929,19789,65535,65535)  #614DFFFF  srgba(97,77,255,1)
1,1: (24929,20560,65535,65535)  #6150FFFF  srgba(97,80,255,1)
2,1: (24929,21331,65535,65535)  #6153FFFF  srgba(97,83,255,1)
3,1: (25186,11051,65535,65535)  #622BFFFF  srgba(98,43,255,1)
4,1: (25186,13621,65535,65535)  #6235FFFF  srgba(98,53,255,1)
5,1: (25186,15677,65535,65535)  #623DFFFF  srgba(98,61,255,1)
6,1: (25186,18247,65535,65535)  #6247FFFF  srgba(98,71,255,1)
7,1: (25443,17219,65535,65535)  #6343FFFF  srgba(99,67,255,1)
8,1: (25957,10023,65535,65535)  #6527FFFF  srgba(101,39,255,1)
9,1: (25957,11822,65535,65535)  #652EFFFF  srgba(101,46,255,1)
10,1: (25957,13621,65535,65535)  #6535FFFF  srgba(101,53,255,1)
11,1: (25957,19532,65535,65535)  #654CFFFF  srgba(101,76,255,1)
12,1: (25957,20303,65535,65535)  #654FFFFF  srgba(101,79,255,1)
13,1: (26214,17990,65535,65535)  #6646FFFF  srgba(102,70,255,1)
14,1: (26471,22102,65535,65535)  #6756FFFF  srgba(103,86,255,1)
15,1: (26728,21074,65535,65535)  #6852FFFF  srgba(104,82,255,1)
0,2: (26985,11308,65535,65535)  #692CFFFF  srgba(105,44,255,1)
1,2: (26985,15677,65535,65535)  #693DFFFF  srgba(105,61,255,1)
2,2: (26985,16705,65535,65535)  #6941FFFF  srgba(105,65,255,1)
3,2: (26985,19275,65535,65535)  #694BFFFF  srgba(105,75,255,1)
4,2: (27242,9766,65278,65535)  #6A26FEFF  srgba(106,38,254,1)
5,2: (27242,12850,65535,65535)  #6A32FFFF  srgba(106,50,255,1)
6,2: (27242,14135,65535,65535)  #6A37FFFF  srgba(106,55,255,1)
7,2: (27242,17990,65535,65535)  #6A46FFFF  srgba(106,70,255,1)
8,2: (27242,22616,65535,65535)  #6A58FFFF  srgba(106,88,255,1)
9,2: (27756,20303,65535,65535)  #6C4FFFFF  srgba(108,79,255,1)
10,2: (28013,19275,65535,65535)  #6D4BFFFF  srgba(109,75,255,1)
11,2: (28527,9252,65535,65535)  #6F24FFFF  srgba(111,36,255,1)
12,2: (28527,10280,65535,65535)  #6F28FFFF  srgba(111,40,255,1)
13,2: (28527,11565,65535,65535)  #6F2DFFFF  srgba(111,45,255,1)
14,2: (28527,16191,65535,65535)  #6F3FFFFF  srgba(111,63,255,1)
15,2: (28527,17990,65535,65535)  #6F46FFFF  srgba(111,70,255,1)
0,3: (28784,13878,65278,65535)  #7036FEFF  srgba(112,54,254,1)
1,3: (29298,9766,65535,65535)  #7226FFFF  srgba(114,38,255,1)
2,3: (29812,7967,65278,65535)  #741FFEFF  srgba(116,31,254,1)
3,3: (29812,19275,65535,65535)  #744BFFFF  srgba(116,75,255,1)
4,3: (29812,21331,65535,65535)  #7453FFFF  srgba(116,83,255,1)
5,3: (29812,23644,65535,65535)  #745CFFFF  srgba(116,92,255,1)
6,3: (30069,10280,65278,65535)  #7528FEFF  srgba(117,40,254,1)
7,3: (30069,11822,65535,65535)  #752EFFFF  srgba(117,46,255,1)
8,3: (30069,16191,65535,65535)  #753FFFFF  srgba(117,63,255,1)
9,3: (30069,17990,65535,65535)  #7546FFFF  srgba(117,70,255,1)
10,3: (30069,22102,65535,65535)  #7556FFFF  srgba(117,86,255,1)
11,3: (30326,13878,65535,65535)  #7636FFFF  srgba(118,54,255,1)
12,3: (30326,25186,65535,65535)  #7662FFFF  srgba(118,98,255,1)
13,3: (30840,20560,65535,65535)  #7850FFFF  srgba(120,80,255,1)
14,3: (31097,22873,65535,65535)  #7959FFFF  srgba(121,89,255,1)
15,3: (31354,9766,65535,65535)  #7A26FFFF  srgba(122,38,255,1)
0,4: (31354,16191,65535,65535)  #7A3FFFFF  srgba(122,63,255,1)
1,4: (31611,19532,65535,65535)  #7B4CFFFF  srgba(123,76,255,1)
2,4: (32125,11822,65535,65535)  #7D2EFFFF  srgba(125,46,255,1)
3,4: (32125,17733,65535,65535)  #7D45FFFF  srgba(125,69,255,1)
4,4: (32382,13364,65535,65535)  #7E34FFFF  srgba(126,52,255,1)
5,4: (32382,14649,65535,65535)  #7E39FFFF  srgba(126,57,255,1)
6,4: (32639,16191,65535,65535)  #7F3FFFFF  srgba(127,63,255,1)
7,4: (32896,8995,65535,65535)  #8023FFFF  srgba(128,35,255,1)
8,4: (33667,19532,65535,65535)  #834CFFFF  srgba(131,76,255,1)
9,4: (33924,22102,65535,65535)  #8456FFFF  srgba(132,86,255,1)
10,4: (34181,10537,65278,65535)  #8529FEFF  srgba(133,41,254,1)
11,4: (34181,16191,65535,65535)  #853FFFFF  srgba(133,63,255,1)
12,4: (34438,7710,65278,65535)  #861EFEFF  srgba(134,30,254,1)
13,4: (34438,13878,65535,65535)  #8636FFFF  srgba(134,54,255,1)
14,4: (34438,17990,65535,65535)  #8646FFFF  srgba(134,70,255,1)
15,4: (35209,9766,65278,65535)  #8926FEFF  srgba(137,38,254,1)
0,5: (35209,11822,65535,65535)  #892EFFFF  srgba(137,46,255,1)
1,5: (35466,25443,65535,65535)  #8A63FFFF  srgba(138,99,255,1)
2,5: (35980,15934,65278,65535)  #8C3EFEFF  srgba(140,62,254,1)
3,5: (35980,19789,65535,65535)  #8C4DFFFF  srgba(140,77,255,1)
4,5: (36237,13878,65278,65535)  #8D36FEFF  srgba(141,54,254,1)
5,5: (36237,17990,65535,65535)  #8D46FFFF  srgba(141,70,255,1)
6,5: (36237,22359,65535,65535)  #8D57FFFF  srgba(141,87,255,1)
7,5: (38036,28013,65535,65535)  #946DFFFF  srgba(148,109,255,1)
8,5: (38293,15420,65535,65535)  #953CFFFF  srgba(149,60,255,1)
9,5: (38293,17733,65278,65535)  #9545FEFF  srgba(149,69,254,1)
10,5: (38293,20046,65535,65535)  #954EFFFF  srgba(149,78,255,1)
11,5: (38550,11308,65535,65535)  #962CFFFF  srgba(150,44,255,1)
12,5: (38550,22616,65535,65535)  #9658FFFF  srgba(150,88,255,1)
13,5: (38807,13107,65278,65535)  #9733FEFF  srgba(151,51,254,1)
14,5: (38807,25700,65535,65535)  #9764FFFF  srgba(151,100,255,1)
15,5: (39064,9766,65278,65535)  #9826FEFF  srgba(152,38,254,1)
0,6: (40606,15420,65535,65535)  #9E3CFFFF  srgba(158,60,255,1)
1,6: (40606,17733,65278,65535)  #9E45FEFF  srgba(158,69,254,1)
2,6: (40606,20046,65535,65535)  #9E4EFFFF  srgba(158,78,255,1)
3,6: (40863,8738,65278,65535)  #9F22FEFF  srgba(159,34,254,1)
4,6: (40863,22873,65535,65535)  #9F59FFFF  srgba(159,89,255,1)
5,6: (41377,6939,65278,65535)  #A11BFEFF  srgba(161,27,254,1)
6,6: (41377,25700,65535,65535)  #A164FFFF  srgba(161,100,255,1)
7,6: (41377,29555,65535,65535)  #A173FFFF  srgba(161,115,255,1)
8,6: (41634,13107,65278,65535)  #A233FEFF  srgba(162,51,254,1)
9,6: (41891,28013,65535,65535)  #A36DFFFF  srgba(163,109,255,1)
10,6: (41891,31611,65535,65535)  #A37BFFFF  srgba(163,123,255,1)
11,6: (42662,9766,65535,65535)  #A626FFFF  srgba(166,38,255,1)
12,6: (42662,11051,65535,65535)  #A62BFFFF  srgba(166,43,255,1)
13,6: (42919,20303,65535,65535)  #A74FFFFF  srgba(167,79,255,1)
14,6: (42919,23130,65535,65535)  #A75AFFFF  srgba(167,90,255,1)
15,6: (43690,13107,65278,65535)  #AA33FEFF  srgba(170,51,254,1)
0,7: (43690,15420,65278,65535)  #AA3CFEFF  srgba(170,60,254,1)
1,7: (43947,17733,65278,65535)  #AB45FEFF  srgba(171,69,254,1)
2,7: (44204,25700,65535,65535)  #AC64FFFF  srgba(172,100,255,1)
3,7: (44461,28013,65535,65535)  #AD6DFFFF  srgba(173,109,255,1)
4,7: (45232,20303,65278,65535)  #B04FFEFF  srgba(176,79,254,1)
5,7: (45489,23130,65535,65535)  #B15AFFFF  srgba(177,90,255,1)
6,7: (45489,30840,65535,65535)  #B178FFFF  srgba(177,120,255,1)
7,7: (45746,12593,65278,65535)  #B231FEFF  srgba(178,49,254,1)
8,7: (46260,25700,65535,65535)  #B464FFFF  srgba(180,100,255,1)
9,7: (46517,16448,65535,65535)  #B540FFFF  srgba(181,64,255,1)
10,7: (47288,9766,65535,65535)  #B826FFFF  srgba(184,38,255,1)
11,7: (47545,16448,65278,65535)  #B940FEFF  srgba(185,64,254,1)
12,7: (47545,28013,65535,65535)  #B96DFFFF  srgba(185,109,255,1)
13,7: (47802,8224,65535,65535)  #BA20FFFF  srgba(186,32,255,1)
14,7: (47802,12336,65535,65535)  #BA30FFFF  srgba(186,48,255,1)
15,7: (47802,20560,65278,65535)  #BA50FEFF  srgba(186,80,254,1)
0,8: (47802,29812,65535,65535)  #BA74FFFF  srgba(186,116,255,1)
1,8: (47802,32639,65535,65535)  #BA7FFFFF  srgba(186,127,255,1)
2,8: (48059,23387,65535,65535)  #BB5BFFFF  srgba(187,91,255,1)
3,8: (48573,25186,65535,65535)  #BD62FFFF  srgba(189,98,255,1)
4,8: (48573,26728,65535,65535)  #BD68FFFF  srgba(189,104,255,1)
5,8: (49601,5397,65535,65535)  #C115FFFF  srgba(193,21,255,1)
6,8: (49858,7196,65535,65535)  #C21CFFFF  srgba(194,28,255,1)
7,8: (49858,12336,65535,65535)  #C230FFFF  srgba(194,48,255,1)
8,8: (50115,28270,65535,65535)  #C36EFFFF  srgba(195,110,255,1)
9,8: (50372,15163,65535,65535)  #C43BFFFF  srgba(196,59,255,1)
10,8: (50372,17733,65278,65535)  #C445FEFF  srgba(196,69,254,1)
11,8: (50886,20046,65535,65535)  #C64EFFFF  srgba(198,78,255,1)
12,8: (50886,21588,65278,65535)  #C654FEFF  srgba(198,84,254,1)
13,8: (50886,23387,65535,65535)  #C65BFFFF  srgba(198,91,255,1)
14,8: (50886,32125,65535,65535)  #C67DFFFF  srgba(198,125,255,1)
15,8: (51143,8224,65535,65535)  #C720FFFF  srgba(199,32,255,1)
0,9: (51143,30326,65535,65535)  #C776FFFF  srgba(199,118,255,1)
1,9: (51143,34952,65535,65535)  #C788FFFF  srgba(199,136,255,1)
2,9: (51400,9766,65535,65535)  #C826FFFF  srgba(200,38,255,1)
3,9: (51400,25186,65535,65535)  #C862FFFF  srgba(200,98,255,1)
4,9: (51400,26728,65535,65535)  #C868FFFF  srgba(200,104,255,1)
5,9: (51657,12336,65535,65535)  #C930FFFF  srgba(201,48,255,1)
6,9: (51657,28270,65535,65535)  #C96EFFFF  srgba(201,110,255,1)
7,9: (53456,16705,65535,65535)  #D041FFFF  srgba(208,65,255,1)
8,9: (53713,21074,65278,65535)  #D152FEFF  srgba(209,82,254,1)
9,9: (53713,23644,65535,65535)  #D15CFFFF  srgba(209,92,255,1)
10,9: (53713,25700,65535,65535)  #D164FFFF  srgba(209,100,255,1)
11,9: (53713,27756,65535,65535)  #D16CFFFF  srgba(209,108,255,1)
12,9: (53713,29812,65535,65535)  #D174FFFF  srgba(209,116,255,1)
13,9: (53970,12336,65535,65535)  #D230FFFF  srgba(210,48,255,1)
14,9: (54484,8481,65535,65535)  #D421FFFF  srgba(212,33,255,1)
15,9: (54484,10023,65535,65535)  #D427FFFF  srgba(212,39,255,1)
0,10: (54484,11308,65535,65535)  #D42CFFFF  srgba(212,44,255,1)
1,10: (54741,32125,65535,65535)  #D57DFFFF  srgba(213,125,255,1)
2,10: (54998,13878,65535,65535)  #D636FFFF  srgba(214,54,255,1)
3,10: (54998,33924,65535,65535)  #D684FFFF  srgba(214,132,255,1)
4,10: (54998,35980,65535,65535)  #D68CFFFF  srgba(214,140,255,1)
5,10: (55512,5397,65535,65535)  #D815FFFF  srgba(216,21,255,1)
6,10: (55769,7453,65535,65535)  #D91DFFFF  srgba(217,29,255,1)
7,10: (55769,16448,65535,65535)  #D940FFFF  srgba(217,64,255,1)
8,10: (55769,39064,65535,65535)  #D998FFFF  srgba(217,152,255,1)
9,10: (56026,10023,65535,65535)  #DA27FFFF  srgba(218,39,255,1)
10,10: (56026,21074,65278,65535)  #DA52FEFF  srgba(218,82,254,1)
11,10: (56026,23644,65535,65535)  #DA5CFFFF  srgba(218,92,255,1)
12,10: (56026,25700,65535,65535)  #DA64FFFF  srgba(218,100,255,1)
13,10: (56283,6682,65535,65535)  #DB1AFFFF  srgba(219,26,255,1)
14,10: (56283,8481,65535,65535)  #DB21FFFF  srgba(219,33,255,1)
15,10: (56283,27756,65535,65535)  #DB6CFFFF  srgba(219,108,255,1)
0,11: (56283,29812,65278,65535)  #DB74FEFF  srgba(219,116,254,1)
1,11: (56540,6939,65535,65535)  #DC1BFFFF  srgba(220,27,255,1)
2,11: (56540,11308,65535,65535)  #DC2CFFFF  srgba(220,44,255,1)
3,11: (56540,12593,65535,65535)  #DC31FFFF  srgba(220,49,255,1)
4,11: (57054,7453,65535,65535)  #DE1DFFFF  srgba(222,29,255,1)
5,11: (57054,8481,65535,65535)  #DE21FFFF  srgba(222,33,255,1)
6,11: (57054,9766,65535,65535)  #DE26FFFF  srgba(222,38,255,1)
7,11: (57825,32125,65535,65535)  #E17DFFFF  srgba(225,125,255,1)
8,11: (58082,6425,65535,65535)  #E219FFFF  srgba(226,25,255,1)
9,11: (58082,34181,65535,65535)  #E285FFFF  srgba(226,133,255,1)
10,11: (58082,36237,65535,65535)  #E28DFFFF  srgba(226,141,255,1)
11,11: (58339,8481,65535,65535)  #E321FFFF  srgba(227,33,255,1)
12,11: (58339,9766,65535,65535)  #E326FFFF  srgba(227,38,255,1)
13,11: (58339,29555,65535,65535)  #E373FFFF  srgba(227,115,255,1)
14,11: (58596,22359,65535,65535)  #E457FFFF  srgba(228,87,255,1)
15,11: (58596,25186,65278,65535)  #E462FEFF  srgba(228,98,254,1)
0,12: (58596,39578,65535,65535)  #E49AFFFF  srgba(228,154,255,1)
1,12: (58853,11308,65535,65535)  #E52CFFFF  srgba(229,44,255,1)
2,12: (58853,27242,65535,65535)  #E56AFFFF  srgba(229,106,255,1)
3,12: (59367,5397,65535,65535)  #E715FFFF  srgba(231,21,255,1)
4,12: (59367,14906,65535,65535)  #E73AFFFF  srgba(231,58,255,1)
5,12: (59624,12593,65535,65535)  #E831FFFF  srgba(232,49,255,1)
6,12: (59881,8481,65535,65535)  #E921FFFF  srgba(233,33,255,1)
7,12: (60395,29555,65535,65535)  #EB73FFFF  srgba(235,115,255,1)
8,12: (60395,32382,65535,65535)  #EB7EFFFF  srgba(235,126,255,1)
9,12: (60652,35466,65535,65535)  #EC8AFFFF  srgba(236,138,255,1)
10,12: (60909,6682,65535,65535)  #ED1AFFFF  srgba(237,26,255,1)
11,12: (60909,25186,65535,65535)  #ED62FFFF  srgba(237,98,255,1)
12,12: (60909,39578,65535,65535)  #ED9AFFFF  srgba(237,154,255,1)
13,12: (61680,26985,65535,65535)  #F069FFFF  srgba(240,105,255,1)
14,12: (61937,10023,65535,65535)  #F127FFFF  srgba(241,39,255,1)
15,12: (61937,21845,65535,65535)  #F155FFFF  srgba(241,85,255,1)
0,13: (62194,8224,65535,65535)  #F220FFFF  srgba(242,32,255,1)
1,13: (62451,23901,65535,65535)  #F35DFFFF  srgba(243,93,255,1)
2,13: (62708,32382,65535,65535)  #F47EFFFF  srgba(244,126,255,1)
3,13: (62708,35723,65535,65535)  #F48BFFFF  srgba(244,139,255,1)
4,13: (62965,3855,65535,65535)  #F50FFFFF  srgba(245,15,255,1)
5,13: (62965,11308,65535,65535)  #F52CFFFF  srgba(245,44,255,1)
6,13: (62965,29812,65535,65535)  #F574FFFF  srgba(245,116,255,1)
7,13: (63479,38550,65535,65535)  #F796FFFF  srgba(247,150,255,1)
8,13: (63479,41377,65535,65535)  #F7A1FFFF  srgba(247,161,255,1)
9,13: (64250,25186,65535,65535)  #FA62FFFF  srgba(250,98,255,1)
10,13: (64507,14392,65535,65535)  #FB38FFFF  srgba(251,56,255,1)
11,13: (64764,12336,65535,65535)  #FC30FFFF  srgba(252,48,255,1)
12,13: (64764,27242,65535,65535)  #FC6AFFFF  srgba(252,106,255,1)
13,13: (65021,40349,65535,65535)  #FD9DFFFF  srgba(253,157,255,1)
14,13: (65021,43433,65535,65535)  #FDA9FFFF  srgba(253,169,255,1)
15,13: (65021,44204,65535,65535)  #FDACFFFF  srgba(253,172,255,1)
0,14: (65278,7967,65535,65535)  #FE1FFFFF  srgba(254,31,255,1)
1,14: (65278,10023,65535,65535)  #FE27FFFF  srgba(254,39,255,1)
2,14: (65278,29812,65535,65535)  #FE74FFFF  srgba(254,116,255,1)
3,14: (65278,32382,65535,65535)  #FE7EFFFF  srgba(254,126,255,1)
4,14: (65278,34438,65535,65535)  #FE86FFFF  srgba(254,134,255,1)
5,14: (65278,35723,65535,65535)  #FE8BFFFF  srgba(254,139,255,1)
6,14: (65278,37008,65535,65535)  #FE90FFFF  srgba(254,144,255,1)
7,14: (65278,38036,65535,65535)  #FE94FFFF  srgba(254,148,255,1)
8,14: (65278,47802,65535,65535)  #FEBAFFFF  srgba(254,186,255,1)
9,14: (65278,49858,65535,65535)  #FEC2FFFF  srgba(254,194,255,1)
10,14: (65535,3598,65535,65535)  #FF0EFFFF  srgba(255,14,255,1)
11,14: (65535,5654,65535,65535)  #FF16FFFF  srgba(255,22,255,1)
12,14: (65535,5911,65535,65535)  #FF17FFFF  srgba(255,23,255,1)
13,14: (65535,6682,65535,65535)  #FF1AFFFF  srgba(255,26,255,1)
14,14: (65535,6939,65535,65535)  #FF1BFFFF  srgba(255,27,255,1)
15,14: (65535,7196,65535,65535)  #FF1CFFFF  srgba(255,28,255,1)
0,15: (65535,7453,65535,65535)  #FF1DFFFF  srgba(255,29,255,1)
1,15: (65535,8224,65535,65535)  #FF20FFFF  srgba(255,32,255,1)
2,15: (65535,9766,65535,65535)  #FF26FFFF  srgba(255,38,255,1)
3,15: (65535,11051,65535,65535)  #FF2BFFFF  srgba(255,43,255,1)
4,15: (65535,39321,65535,65535)  #FF99FFFF  srgba(255,153,255,1)
5,15: (65535,41377,65535,65535)  #FFA1FFFF  srgba(255,161,255,1)
6,15: (65535,42919,65535,65535)  #FFA7FFFF  srgba(255,167,255,1)
7,15: (65535,43433,65535,65535)  #FFA9FFFF  srgba(255,169,255,1)
8,15: (65535,44718,65535,65535)  #FFAEFFFF  srgba(255,174,255,1)
9,15: (65535,44975,65535,65535)  #FFAFFFFF  srgba(255,175,255,1)
10,15: (65535,45232,65535,65535)  #FFB0FFFF  srgba(255,176,255,1)
11,15: (65535,46260,65535,65535)  #FFB4FFFF  srgba(255,180,255,1)
12,15: (65535,46774,65535,65535)  #FFB6FFFF  srgba(255,182,255,1)
13,15: (65535,49344,65535,65535)  #FFC0FFFF  srgba(255,192,255,1)
14,15: (65535,50115,65535,65535)  #FFC3FFFF  srgba(255,195,255,1)
15,15: (0,65535,0,0)  #00FF0000  srgba(0,255,0,0)
