# ImageMagick pixel enumeration: 16,16,65535,srgba
0,0: (0,0,0,65535)  #000000FF  black
1,0: (0,0,514,65535)  #000002FF  srgba(0,0,2,1)
2,0: (0,0,514,65535)  #000002FF  srgba(0,0,2,1)
3,0: (257,0,0,65535)  #010000FF  srgba(1,0,0,1)
4,0: (257,0,771,65535)  #010003FF  srgba(1,0,3,1)
5,0: (257,0,1542,65535)  #010006FF  srgba(1,0,6,1)
6,0: (257,0,2313,65535)  #010009FF  srgba(1,0,9,1)
7,0: (257,0,3341,65535)  #01000DFF  srgba(1,0,13,1)
8,0: (514,0,1028,65535)  #020004FF  srgba(2,0,4,1)
9,0: (514,0,4369,65535)  #020011FF  srgba(2,0,17,1)
10,0: (514,0,5911,65535)  #020017FF  srgba(2,0,23,1)
11,0: (514,0,7453,65535)  #02001DFF  srgba(2,0,29,1)
12,0: (514,257,12593,65535)  #020131FF  srgba(2,1,49,1)
13,0: (771,0,0,65535)  #030000FF  srgba(3,0,0,1)
14,0: (771,0,8995,65535)  #030023FF  srgba(3,0,35,1)
15,0: (771,0,10537,65535)  #030029FF  srgba(3,0,41,1)
0,1: (1285,0,2056,65535)  #050008FF  srgba(5,0,8,1)
1,1: (1542,0,771,65535)  #060003FF  srgba(6,0,3,1)
2,1: (1542,0,4112,65535)  #060010FF  srgba(6,0,16,1)
3,1: (2056,0,0,65535)  #080000FF  srgba(8,0,0,1)
4,1: (2056,771,14906,65535)  #08033AFF  srgba(8,3,58,1)
5,1: (2313,0,1028,65535)  #090004FF  srgba(9,0,4,1)
6,1: (2313,0,6168,65535)  #090018FF  srgba(9,0,24,1)
7,1: (2313,0,7710,65535)  #09001EFF  srgba(9,0,30,1)
8,1: (2313,257,12593,65535)  #090131FF  srgba(9,1,49,1)
9,1: (2570,0,2313,65535)  #0A0009FF  srgba(10,0,9,1)
10,1: (2827,0,4112,65535)  #0B0010FF  srgba(11,0,16,1)
11,1: (3341,0,0,65535)  #0D0000FF  srgba(13,0,0,1)
12,1: (3598,0,771,65535)  #0E0003FF  srgba(14,0,3,1)
13,1: (3598,0,10023,65535)  #0E0027FF  srgba(14,0,39,1)
14,1: (3855,771,16962,65535)  #0F0342FF  srgba(15,3,66,1)
15,1: (4112,0,2313,65535)  #100009FF  srgba(16,0,9,1)
0,2: (4112,0,4112,65535)  #100010FF  srgba(16,0,16,1)
1,2: (4112,257,12593,65535)  #100131FF  srgba(16,1,49,1)
2,2: (4369,0,6939,65535)  #11001BFF  srgba(17,0,27,1)
3,2: (4883,0,0,65535)  #130000FF  srgba(19,0,0,1)
4,2: (5397,0,771,65535)  #150003FF  srgba(21,0,3,1)
5,2: (5397,771,14906,65535)  #15033AFF  srgba(21,3,58,1)
6,2: (5654,0,2313,65535)  #160009FF  srgba(22,0,9,1)
7,2: (5654,0,4369,65535)  #160011FF  srgba(22,0,17,1)
8,2: (5654,257,10023,65535)  #160127FF  srgba(22,1,39,1)
9,2: (5911,514,12593,65535)  #170231FF  srgba(23,2,49,1)
10,2: (5911,1285,17990,65535)  #170546FF  srgba(23,5,70,1)
11,2: (6168,0,6939,65535)  #18001BFF  srgba(24,0,27,1)
12,2: (6425,0,0,65535)  #190000FF  srgba(25,0,0,1)
13,2: (7453,257,10280,65535)  #1D0128FF  srgba(29,1,40,1)
14,2: (7710,0,257,65535)  #1E0001FF  srgba(30,0,1,1)
15,2: (7710,0,5140,65535)  #1E0014FF  srgba(30,0,20,1)
0,3: (7967,0,2056,65535)  #1F0008FF  srgba(31,0,8,1)
1,3: (7967,0,3598,65535)  #1F000EFF  srgba(31,0,14,1)
2,3: (7967,257,7453,65535)  #1F011DFF  srgba(31,1,29,1)
3,3: (7967,514,13621,65535)  #1F0235FF  srgba(31,2,53,1)
4,3: (8481,1028,15934,65535)  #21043EFF  srgba(33,4,62,1)
5,3: (8738,514,10537,65535)  #220229FF  srgba(34,2,41,1)
6,3: (8738,1285,18761,65535)  #220549FF  srgba(34,5,73,1)
7,3: (8738,2056,20046,65535)  #22084EFF  srgba(34,8,78,1)
8,3: (8995,0,257,65535)  #230001FF  srgba(35,0,1,1)
9,3: (8995,1542,16448,65535)  #230640FF  srgba(35,6,64,1)
10,3: (9252,257,10280,65535)  #240128FF  srgba(36,1,40,1)
11,3: (9252,1028,10794,65535)  #24042AFF  srgba(36,4,42,1)
12,3: (9252,1028,13878,65535)  #240436FF  srgba(36,4,54,1)
13,3: (10280,257,5140,65535)  #280114FF  srgba(40,1,20,1)
14,3: (10537,0,1799,65535)  #290007FF  srgba(41,0,7,1)
15,3: (10537,0,3598,65535)  #29000EFF  srgba(41,0,14,1)
0,4: (10537,0,7453,65535)  #29001DFF  srgba(41,0,29,1)
1,4: (10537,514,2827,65535)  #29020BFF  srgba(41,2,11,1)
2,4: (10537,514,7710,65535)  #29021EFF  srgba(41,2,30,1)
3,4: (10794,0,257,65535)  #2A0001FF  srgba(42,0,1,1)
4,4: (10794,257,2570,65535)  #2A010AFF  srgba(42,1,10,1)
5,4: (11051,257,257,65535)  #2B0101FF  srgba(43,1,1,1)
6,4: (11308,514,10537,65535)  #2C0229FF  srgba(44,2,41,1)
7,4: (11565,2570,22616,65535)  #2D0A58FF  srgba(45,10,88,1)
8,4: (11822,1799,19018,65535)  #2E074AFF  srgba(46,7,74,1)
9,4: (12336,1028,15420,65535)  #30043CFF  srgba(48,4,60,1)
10,4: (12336,1285,14135,65535)  #300537FF  srgba(48,5,55,1)
11,4: (12336,2570,20303,65535)  #300A4FFF  srgba(48,10,79,1)
12,4: (12593,257,2827,65535)  #31010BFF  srgba(49,1,11,1)
13,4: (12593,1542,16448,65535)  #310640FF  srgba(49,6,64,1)
14,4: (12593,3084,24672,65535)  #310C60FF  srgba(49,12,96,1)
15,4: (12850,257,514,65535)  #320102FF  srgba(50,1,2,1)
0,5: (12850,771,13107,65535)  #320333FF  srgba(50,3,51,1)
1,5: (12850,1028,11051,65535)  #32042BFF  srgba(50,4,43,1)
2,5: (12850,1285,11051,65535)  #32052BFF  srgba(50,5,43,1)
3,5: (13107,257,5140,65535)  #330114FF  srgba(51,1,20,1)
4,5: (13107,514,7453,65535)  #33021DFF  srgba(51,2,29,1)
5,5: (13107,1542,11051,65535)  #33062BFF  srgba(51,6,43,1)
6,5: (13107,1799,16962,65535)  #330742FF  srgba(51,7,66,1)
7,5: (13364,514,10537,65535)  #340229FF  srgba(52,2,41,1)
8,5: (13621,2056,14906,65535)  #35083AFF  srgba(53,8,58,1)
9,5: (14135,771,6425,65535)  #370319FF  srgba(55,3,25,1)
10,5: (14135,1028,8224,65535)  #370420FF  srgba(55,4,32,1)
11,5: (14392,257,514,65535)  #380102FF  srgba(56,1,2,1)
12,5: (14392,771,3084,65535)  #38030CFF  srgba(56,3,12,1)
13,5: (14392,1028,5911,65535)  #380417FF  srgba(56,4,23,1)
14,5: (14649,257,2570,65535)  #39010AFF  srgba(57,1,10,1)
15,5: (14649,771,771,65535)  #390303FF  srgba(57,3,3,1)
0,6: (14649,2056,19275,65535)  #39084BFF  srgba(57,8,75,1)
1,6: (15163,3084,23387,65535)  #3B0C5BFF  srgba(59,12,91,1)
2,6: (15420,3341,26214,65535)  #3C0D66FF  srgba(60,13,102,1)
3,6: (15677,514,5397,65535)  #3D0215FF  srgba(61,2,21,1)
4,6: (15677,514,7453,65535)  #3D021DFF  srgba(61,2,29,1)
5,6: (15677,1028,10794,65535)  #3D042AFF  srgba(61,4,42,1)
6,6: (15677,1542,14906,65535)  #3D063AFF  srgba(61,6,58,1)
7,6: (15677,2570,20046,65535)  #3D0A4EFF  srgba(61,10,78,1)
8,6: (15934,771,771,65535)  #3E0303FF  srgba(62,3,3,1)
9,6: (16705,514,2827,65535)  #41020BFF  srgba(65,2,11,1)
10,6: (16705,2056,19018,65535)  #41084AFF  srgba(65,8,74,1)
11,6: (16962,771,6168,65535)  #420318FF  srgba(66,3,24,1)
12,6: (17219,1028,3084,65535)  #43040CFF  srgba(67,4,12,1)
13,6: (17219,1542,6939,65535)  #43061BFF  srgba(67,6,27,1)
14,6: (17476,771,771,65535)  #440303FF  srgba(68,3,3,1)
15,6: (17476,1542,11051,65535)  #44062BFF  srgba(68,6,43,1)
0,7: (17476,2056,15420,65535)  #44083CFF  srgba(68,8,60,1)
1,7: (17476,2313,15677,65535)  #44093DFF  srgba(68,9,61,1)
2,7: (17476,3084,23387,65535)  #440C5BFF  srgba(68,12,91,1)
3,7: (17476,3341,20560,65535)  #440D50FF  srgba(68,13,80,1)
4,7: (17476,3598,23644,65535)  #440E5CFF  srgba(68,14,92,1)
5,7: (17733,1285,10537,65535)  #450529FF  srgba(69,5,41,1)
6,7: (17733,1542,14906,65535)  #45063AFF  srgba(69,6,58,1)
7,7: (17733,1799,11565,65535)  #45072DFF  srgba(69,7,45,1)
8,7: (17733,2313,11308,65535)  #45092CFF  srgba(69,9,44,1)
9,7: (17733,3341,25957,65535)  #450D65FF  srgba(69,13,101,1)
10,7: (17733,3598,28013,65535)  #450E6DFF  srgba(69,14,109,1)
11,7: (17990,3084,15934,65535)  #460C3EFF  srgba(70,12,62,1)
12,7: (18247,2827,19532,65535)  #470B4CFF  srgba(71,11,76,1)
13,7: (18761,1028,1028,65535)  #490404FF  srgba(73,4,4,1)
14,7: (19018,1285,6939,65535)  #4A051BFF  srgba(74,5,27,1)
15,7: (19532,1285,3855,65535)  #4C050FFF  srgba(76,5,15,1)
0,8: (19532,3084,21845,65535)  #4C0C55FF  srgba(76,12,85,1)
1,8: (19789,2827,19018,65535)  #4D0B4AFF  srgba(77,11,74,1)
2,8: (19789,3598,26728,65535)  #4D0E68FF  srgba(77,14,104,1)
3,8: (20046,1542,1799,65535)  #4E0607FF  srgba(78,6,7,1)
4,8: (20046,2056,15163,65535)  #4E083BFF  srgba(78,8,59,1)
5,8: (20046,3598,23901,65535)  #4E0E5DFF  srgba(78,14,93,1)
6,8: (20303,1028,1285,65535)  #4F0405FF  srgba(79,4,5,1)
7,8: (20303,1799,1799,65535)  #4F0707FF  srgba(79,7,7,1)
8,8: (20303,1799,10023,65535)  #4F0727FF  srgba(79,7,39,1)
9,8: (20560,1799,6939,65535)  #50071BFF  srgba(80,7,27,1)
10,8: (20560,1799,7196,65535)  #50071CFF  srgba(80,7,28,1)
11,8: (20560,3598,20817,65535)  #500E51FF  srgba(80,14,81,1)
12,8: (20817,4112,26728,65535)  #511068FF  srgba(81,16,104,1)
13,8: (20817,4369,30326,65535)  #511176FF  srgba(81,17,118,1)
14,8: (21074,1285,6425,65535)  #520519FF  srgba(82,5,25,1)
15,8: (21074,1542,1542,65535)  #520606FF  srgba(82,6,6,1)
0,9: (21074,1799,4112,65535)  #520710FF  srgba(82,7,16,1)
1,9: (21074,2056,5654,65535)  #520816FF  srgba(82,8,22,1)
2,9: (21074,2313,6682,65535)  #52091AFF  srgba(82,9,26,1)
3,9: (21331,1285,3855,65535)  #53050FFF  srgba(83,5,15,1)
4,9: (21331,2056,12336,65535)  #530830FF  srgba(83,8,48,1)
5,9: (21331,4112,28784,65535)  #531070FF  srgba(83,16,112,1)
6,9: (21588,1799,4626,65535)  #540712FF  srgba(84,7,18,1)
7,9: (21588,3084,21845,65535)  #540C55FF  srgba(84,12,85,1)
8,9: (21845,2827,16191,65535)  #550B3FFF  srgba(85,11,63,1)
9,9: (22102,2827,14135,65535)  #560B37FF  srgba(86,11,55,1)
10,9: (22102,2827,19018,65535)  #560B4AFF  srgba(86,11,74,1)
11,9: (22102,3341,16448,65535)  #560D40FF  srgba(86,13,64,1)
12,9: (22102,3855,26471,65535)  #560F67FF  srgba(86,15,103,1)
13,9: (22102,4112,23901,65535)  #56105DFF  srgba(86,16,93,1)
14,9: (22102,4369,28784,65535)  #561170FF  srgba(86,17,112,1)
15,9: (22359,1542,1542,65535)  #570606FF  srgba(87,6,6,1)
0,10: (22359,3084,11565,65535)  #570C2DFF  srgba(87,12,45,1)
1,10: (22359,4112,21074,65535)  #571052FF  srgba(87,16,82,1)
2,10: (22616,1799,1542,65535)  #580706FF  srgba(88,7,6,1)
3,10: (22616,2056,10023,65535)  #580827FF  srgba(88,8,39,1)
4,10: (22616,2313,14649,65535)  #580939FF  srgba(88,9,57,1)
5,10: (22873,2570,11051,65535)  #590A2BFF  srgba(89,10,43,1)
6,10: (22873,3598,23644,65535)  #590E5CFF  srgba(89,14,92,1)
7,10: (23130,1799,3598,65535)  #5A070EFF  srgba(90,7,14,1)
8,10: (23130,3598,20303,65535)  #5A0E4FFF  srgba(90,14,79,1)
9,10: (23130,4112,26471,65535)  #5A1067FF  srgba(90,16,103,1)
10,10: (23130,4369,30583,65535)  #5A1177FF  srgba(90,17,119,1)
11,10: (24158,2056,5397,65535)  #5E0815FF  srgba(94,8,21,1)
12,10: (24158,2056,7453,65535)  #5E081DFF  srgba(94,8,29,1)
13,10: (24415,1799,1799,65535)  #5F0707FF  srgba(95,7,7,1)
14,10: (24672,2570,6939,65535)  #600A1BFF  srgba(96,10,27,1)
15,10: (24929,2570,10280,65535)  #610A28FF  srgba(97,10,40,1)
0,11: (24929,2827,13364,65535)  #610B34FF  srgba(97,11,52,1)
1,11: (24929,3598,22873,65535)  #610E59FF  srgba(97,14,89,1)
2,11: (24929,3855,25443,65535)  #610F63FF  srgba(97,15,99,1)
3,11: (25186,2056,3598,65535)  #62080EFF  srgba(98,8,14,1)
4,11: (25186,3341,16962,65535)  #620D42FF  srgba(98,13,66,1)
5,11: (25186,3341,20046,65535)  #620D4EFF  srgba(98,13,78,1)
6,11: (25443,2570,4369,65535)  #630A11FF  srgba(99,10,17,1)
7,11: (25443,2827,7196,65535)  #630B1CFF  srgba(99,11,28,1)
8,11: (25443,4626,31097,65535)  #631279FF  srgba(99,18,121,1)
9,11: (25700,2570,1799,65535)  #640A07FF  srgba(100,10,7,1)
10,11: (25700,4112,28013,65535)  #64106DFF  srgba(100,16,109,1)
11,11: (25957,3855,20560,65535)  #650F50FF  srgba(101,15,80,1)
12,11: (25957,4626,29555,65535)  #651273FF  srgba(101,18,115,1)
13,11: (26214,3855,17476,65535)  #660F44FF  srgba(102,15,68,1)
14,11: (26728,3598,14135,65535)  #680E37FF  srgba(104,14,55,1)
15,11: (26728,4626,28013,65535)  #68126DFF  srgba(104,18,109,1)
0,12: (26985,4626,25957,65535)  #691265FF  srgba(105,18,101,1)
1,12: (27242,2570,2570,65535)  #6A0A0AFF  srgba(106,10,10,1)
2,12: (27499,2827,4626,65535)  #6B0B12FF  srgba(107,11,18,1)
3,12: (27499,2827,6939,65535)  #6B0B1BFF  srgba(107,11,27,1)
4,12: (27499,2827,10023,65535)  #6B0B27FF  srgba(107,11,39,1)
5,12: (27499,3598,11051,65535)  #6B0E2BFF  srgba(107,14,43,1)
6,12: (27499,3855,22873,65535)  #6B0F59FF  srgba(107,15,89,1)
7,12: (27499,4369,23901,65535)  #6B115DFF  srgba(107,17,93,1)
8,12: (27756,3084,13364,65535)  #6C0C34FF  srgba(108,12,52,1)
9,12: (27756,3855,24929,65535)  #6C0F61FF  srgba(108,15,97,1)
10,12: (28013,3341,16448,65535)  #6D0D40FF  srgba(109,13,64,1)
11,12: (28013,3341,19789,65535)  #6D0D4DFF  srgba(109,13,77,1)
12,12: (28270,4626,30840,65535)  #6E1278FF  srgba(110,18,120,1)
13,12: (28527,4369,27756,65535)  #6F116CFF  srgba(111,17,108,1)
14,12: (28784,2827,2570,65535)  #700B0AFF  srgba(112,11,10,1)
15,12: (28784,4626,29555,65535)  #701273FF  srgba(112,18,115,1)
0,13: (29041,3598,7710,65535)  #710E1EFF  srgba(113,14,30,1)
1,13: (29041,3855,14135,65535)  #710F37FF  srgba(113,15,55,1)
2,13: (29041,4112,17733,65535)  #711045FF  srgba(113,16,69,1)
3,13: (29041,4112,20560,65535)  #711050FF  srgba(113,16,80,1)
4,13: (29298,3341,2827,65535)  #720D0BFF  srgba(114,13,11,1)
5,13: (29298,3598,5140,65535)  #720E14FF  srgba(114,14,20,1)
6,13: (29555,3598,10794,65535)  #730E2AFF  srgba(115,14,42,1)
7,13: (29555,4883,28013,65535)  #73136DFF  srgba(115,19,109,1)
8,13: (29812,4626,23644,65535)  #74125CFF  srgba(116,18,92,1)
9,13: (29812,4626,25957,65535)  #741265FF  srgba(116,18,101,1)
10,13: (30069,3084,4883,65535)  #750C13FF  srgba(117,12,19,1)
11,13: (30069,3084,7196,65535)  #750C1CFF  srgba(117,12,28,1)
12,13: (30840,3341,3084,65535)  #780D0CFF  srgba(120,13,12,1)
13,13: (30840,3598,5397,65535)  #780E15FF  srgba(120,14,21,1)
14,13: (30840,3598,7453,65535)  #780E1DFF  srgba(120,14,29,1)
15,13: (31354,3598,13364,65535)  #7A0E34FF  srgba(122,14,52,1)
0,14: (31354,3855,16705,65535)  #7A0F41FF  srgba(122,15,65,1)
1,14: (31354,4112,20046,65535)  #7A104EFF  srgba(122,16,78,1)
2,14: (31611,3341,10280,65535)  #7B0D28FF  srgba(123,13,40,1)
3,14: (31611,3855,10280,65535)  #7B0F28FF  srgba(123,15,40,1)
4,14: (31611,4369,17219,65535)  #7B1143FF  srgba(123,17,67,1)
5,14: (31611,4626,20303,65535)  #7B124FFF  srgba(123,18,79,1)
6,14: (31868,4112,13878,65535)  #7C1036FF  srgba(124,16,54,1)
7,14: (31868,4369,22873,65535)  #7C1159FF  srgba(124,17,89,1)
8,14: (31868,4369,25186,65535)  #7C1162FF  srgba(124,17,98,1)
9,14: (31868,5140,29555,65535)  #7C1473FF  srgba(124,20,115,1)
10,14: (32125,4883,23644,65535)  #7D135CFF  srgba(125,19,92,1)
11,14: (32125,4883,25957,65535)  #7D1365FF  srgba(125,19,101,1)
12,14: (32125,4883,27756,65535)  #7D136CFF  srgba(125,19,108,1)
13,14: (32382,3598,3598,65535)  #7E0E0EFF  srgba(126,14,14,1)
14,14: (32382,3598,5140,65535)  #7E0E14FF  srgba(126,14,20,1)
15,14: (32382,3598,7453,65535)  #7E0E1DFF  srgba(126,14,29,1)
0,15: (33410,4112,10537,65535)  #821029FF  srgba(130,16,41,1)
1,15: (33410,4112,16962,65535)  #821042FF  srgba(130,16,66,1)
2,15: (33410,4369,20046,65535)  #82114EFF  srgba(130,17,78,1)
3,15: (33667,4626,23644,65535)  #83125CFF  srgba(131,18,92,1)
4,15: (33924,3598,3855,65535)  #840E0FFF  srgba(132,14,15,1)
5,15: (33924,4112,13878,65535)  #841036FF  srgba(132,16,54,1)
6,15: (34181,3598,5140,65535)  #850E14FF  srgba(133,14,20,1)
7,15: (34181,3855,7710,65535)  #850F1EFF  srgba(133,15,30,1)
8,15: (34181,5140,27756,65535)  #85146CFF  srgba(133,20,108,1)
9,15: (34438,4883,25957,65535)  #861365FF  srgba(134,19,101,1)
10,15: (34438,5140,29298,65535)  #861472FF  srgba(134,20,114,1)
11,15: (34695,4112,10537,65535)  #871029FF  srgba(135,16,41,1)
12,15: (34695,4369,16962,65535)  #871142FF  srgba(135,17,66,1)
13,15: (34952,4626,20046,65535)  #88124EFF  srgba(136,18,78,1)
14,15: (35209,4883,23644,65535)  #89135CFF  srgba(137,19,92,1)
15,15: (0,65535,0,0)  #00FF0000  srgba(0,255,0,0)
