# ImageMagick pixel enumeration: 16,16,65535,srgba
0,0: (0,0,0,65535)  #000000FF  black
1,0: (0,257,514,65535)  #000102FF  srgba(0,1,2,1)
2,0: (0,58082,57054,65535)  #00E2DEFF  srgba(0,226,222,1)
3,0: (0,58853,52428,65535)  #00E5CCFF  srgba(0,229,204,1)
4,0: (0,62194,49601,65535)  #00F2C1FF  srgba(0,242,193,1)
5,0: (0,62965,52942,65535)  #00F5CEFF  srgba(0,245,206,1)
6,0: (0,63736,47031,65535)  #00F8B7FF  srgba(0,248,183,1)
7,0: (0,63993,49344,65535)  #00F9C0FF  srgba(0,249,192,1)
8,0: (0,63993,49601,65535)  #00F9C1FF  srgba(0,249,193,1)
9,0: (0,63993,51657,65535)  #00F9C9FF  srgba(0,249,201,1)
10,0: (0,64507,46517,65535)  #00FBB5FF  srgba(0,251,181,1)
11,0: (0,64507,49344,65535)  #00FBC0FF  srgba(0,251,192,1)
12,0: (257,0,1028,65535)  #010004FF  srgba(1,0,4,1)
13,0: (257,0,10537,65535)  #010029FF  srgba(1,0,41,1)
14,0: (257,0,21331,65535)  #010053FF  srgba(1,0,83,1)
15,0: (257,514,9766,65535)  #010226FF  srgba(1,2,38,1)
0,1: (257,20560,46774,65535)  #0150B6FF  srgba(1,80,182,1)
1,1: (257,63993,46774,65535)  #01F9B6FF  srgba(1,249,182,1)
2,1: (514,22873,51914,65535)  #0259CAFF  srgba(2,89,202,1)
3,1: (514,32125,52685,65535)  #027DCDFF  srgba(2,125,205,1)
4,1: (514,63736,49858,65535)  #02F8C2FF  srgba(2,248,194,1)
5,1: (514,64250,49858,65535)  #02FAC2FF  srgba(2,250,194,1)
6,1: (771,42662,52685,65535)  #03A6CDFF  srgba(3,166,205,1)
7,1: (771,56540,56540,65535)  #03DCDCFF  srgba(3,220,220,1)
8,1: (771,61423,55255,65535)  #03EFD7FF  srgba(3,239,215,1)
9,1: (771,61937,50372,65535)  #03F1C4FF  srgba(3,241,196,1)
10,1: (771,63222,53713,65535)  #03F6D1FF  srgba(3,246,209,1)
11,1: (1028,1799,1028,65535)  #040704FF  srgba(4,7,4,1)
12,1: (1028,27499,42919,65535)  #046BA7FF  srgba(4,107,167,1)
13,1: (1285,20303,42919,65535)  #054FA7FF  srgba(5,79,167,1)
14,1: (1542,4626,2827,65535)  #06120BFF  srgba(6,18,11,1)
15,1: (1542,6168,3598,65535)  #06180EFF  srgba(6,24,14,1)
0,2: (1542,15163,46260,65535)  #063BB4FF  srgba(6,59,180,1)
1,2: (1542,16191,51400,65535)  #063FC8FF  srgba(6,63,200,1)
2,2: (1542,29298,47031,65535)  #0672B7FF  srgba(6,114,183,1)
3,2: (1542,36494,47031,65535)  #068EB7FF  srgba(6,142,183,1)
4,2: (1799,37265,42919,65535)  #0791A7FF  srgba(7,145,167,1)
5,2: (1799,43433,47288,65535)  #07A9B8FF  srgba(7,169,184,1)
6,2: (2056,35723,29812,65535)  #088B74FF  srgba(8,139,116,1)
7,2: (2313,62708,45746,65535)  #09F4B2FF  srgba(9,244,178,1)
8,2: (2313,63222,40349,65535)  #09F69DFF  srgba(9,246,157,1)
9,2: (2313,63222,50886,65535)  #09F6C6FF  srgba(9,246,198,1)
10,2: (2570,20817,37265,65535)  #0A5191FF  srgba(10,81,145,1)
11,2: (2570,28784,37265,65535)  #0A7091FF  srgba(10,112,145,1)
12,2: (2570,62194,56283,65535)  #0AF2DBFF  srgba(10,242,219,1)
13,2: (2827,59367,53713,65535)  #0BE7D1FF  srgba(11,231,209,1)
14,2: (3084,42662,59367,65535)  #0CA6E7FF  srgba(12,166,231,1)
15,2: (3084,53456,53713,65535)  #0CD0D1FF  srgba(12,208,209,1)
0,3: (3084,59110,59881,65535)  #0CE6E9FF  srgba(12,230,233,1)
1,3: (3341,12850,2313,65535)  #0D3209FF  srgba(13,50,9,1)
2,3: (3341,38550,37008,65535)  #0D9690FF  srgba(13,150,144,1)
3,3: (3341,53713,60395,65535)  #0DD1EBFF  srgba(13,209,235,1)
4,3: (3598,12593,51914,65535)  #0E31CAFF  srgba(14,49,202,1)
5,3: (3855,32896,21331,65535)  #0F8053FF  srgba(15,128,83,1)
6,3: (4112,20046,47288,65535)  #104EB8FF  srgba(16,78,184,1)
7,3: (5140,20046,16962,65535)  #144E42FF  srgba(20,78,66,1)
8,3: (5140,20560,28270,65535)  #14506EFF  srgba(20,80,110,1)
9,3: (5397,22616,52685,65535)  #1558CDFF  srgba(21,88,205,1)
10,3: (5397,32382,52942,65535)  #157ECEFF  srgba(21,126,206,1)
11,3: (5654,11822,47031,65535)  #162EB7FF  srgba(22,46,183,1)
12,3: (5911,42919,53456,65535)  #17A7D0FF  srgba(23,167,208,1)
13,3: (6168,9509,12336,65535)  #182530FF  srgba(24,37,48,1)
14,3: (6168,14649,47031,65535)  #1839B7FF  srgba(24,57,183,1)
15,3: (6168,32639,59367,65535)  #187FE7FF  srgba(24,127,231,1)
0,4: (6425,15934,52171,65535)  #193ECBFF  srgba(25,62,203,1)
1,4: (6682,5140,29041,65535)  #1A1471FF  srgba(26,20,113,1)
2,4: (6682,58853,60909,65535)  #1AE5EDFF  srgba(26,229,237,1)
3,4: (6939,13621,39064,65535)  #1B3598FF  srgba(27,53,152,1)
4,4: (6939,59624,52685,65535)  #1BE8CDFF  srgba(27,232,205,1)
5,4: (7196,12336,52685,65535)  #1C30CDFF  srgba(28,48,205,1)
6,4: (7196,52685,62708,65535)  #1CCDF4FF  srgba(28,205,244,1)
7,4: (7196,52942,54998,65535)  #1CCED6FF  srgba(28,206,214,1)
8,4: (7453,21331,58339,65535)  #1D53E3FF  srgba(29,83,227,1)
9,4: (7453,62965,33667,65535)  #1DF583FF  srgba(29,245,131,1)
10,4: (7967,9509,22873,65535)  #1F2559FF  srgba(31,37,89,1)
11,4: (7967,10023,53970,65535)  #1F27D2FF  srgba(31,39,210,1)
12,4: (8481,13364,31097,65535)  #213479FF  srgba(33,52,121,1)
13,4: (8481,60138,39321,65535)  #21EA99FF  srgba(33,234,153,1)
14,4: (8738,42662,61680,65535)  #22A6F0FF  srgba(34,166,240,1)
15,4: (9252,58596,45746,65535)  #24E4B2FF  srgba(36,228,178,1)
0,5: (9509,62965,39064,65535)  #25F598FF  srgba(37,245,152,1)
1,5: (10280,10023,54998,65535)  #2827D6FF  srgba(40,39,214,1)
2,5: (10280,11822,53456,65535)  #282ED0FF  srgba(40,46,208,1)
3,5: (10537,8995,36751,65535)  #29238FFF  srgba(41,35,143,1)
4,5: (10794,62965,28270,65535)  #2AF56EFF  srgba(42,245,110,1)
5,5: (11308,9766,55255,65535)  #2C26D7FF  srgba(44,38,215,1)
6,5: (11565,9509,46003,65535)  #2D25B3FF  srgba(45,37,179,1)
7,5: (11822,10023,57825,65535)  #2E27E1FF  srgba(46,39,225,1)
8,5: (11822,10794,57825,65535)  #2E2AE1FF  srgba(46,42,225,1)
9,5: (12079,57311,54998,65535)  #2FDFD6FF  srgba(47,223,214,1)
10,5: (12336,9509,55769,65535)  #3025D9FF  srgba(48,37,217,1)
11,5: (12336,9509,58082,65535)  #3025E2FF  srgba(48,37,226,1)
12,5: (12593,8995,57825,65535)  #3123E1FF  srgba(49,35,225,1)
13,5: (12593,9509,57568,65535)  #3125E0FF  srgba(49,37,224,1)
14,5: (12593,51914,59367,65535)  #31CAE7FF  srgba(49,202,231,1)
15,5: (12850,9766,56026,65535)  #3226DAFF  srgba(50,38,218,1)
0,6: (12850,10794,55255,65535)  #322AD7FF  srgba(50,42,215,1)
1,6: (13107,8738,55769,65535)  #3322D9FF  srgba(51,34,217,1)
2,6: (13107,8995,57568,65535)  #3323E0FF  srgba(51,35,224,1)
3,6: (13107,9509,56026,65535)  #3325DAFF  srgba(51,37,218,1)
4,6: (13107,9509,57825,65535)  #3325E1FF  srgba(51,37,225,1)
5,6: (13107,11051,58596,65535)  #332BE4FF  srgba(51,43,228,1)
6,6: (13364,9252,57825,65535)  #3424E1FF  srgba(52,36,225,1)
7,6: (13621,8995,58082,65535)  #3523E2FF  srgba(53,35,226,1)
8,6: (13621,9509,57568,65535)  #3525E0FF  srgba(53,37,224,1)
9,6: (13621,10023,58339,65535)  #3527E3FF  srgba(53,39,227,1)
10,6: (13621,10280,58082,65535)  #3528E2FF  srgba(53,40,226,1)
11,6: (13621,17990,59624,65535)  #3546E8FF  srgba(53,70,232,1)
12,6: (13878,9252,39835,65535)  #36249BFF  srgba(54,36,155,1)
13,6: (13878,9252,45489,65535)  #3624B1FF  srgba(54,36,177,1)
14,6: (13878,9252,49087,65535)  #3624BFFF  srgba(54,36,191,1)
15,6: (13878,9509,57825,65535)  #3625E1FF  srgba(54,37,225,1)
0,7: (13878,10794,54741,65535)  #362AD5FF  srgba(54,42,213,1)
1,7: (13878,18504,40606,65535)  #36489EFF  srgba(54,72,158,1)
2,7: (13878,37008,42919,65535)  #3690A7FF  srgba(54,144,167,1)
3,7: (14135,8995,55512,65535)  #3723D8FF  srgba(55,35,216,1)
4,7: (14135,8995,57825,65535)  #3723E1FF  srgba(55,35,225,1)
5,7: (14135,9766,55512,65535)  #3726D8FF  srgba(55,38,216,1)
6,7: (14135,11051,28527,65535)  #372B6FFF  srgba(55,43,111,1)
7,7: (14135,11051,40092,65535)  #372B9CFF  srgba(55,43,156,1)
8,7: (14135,13621,37779,65535)  #373593FF  srgba(55,53,147,1)
9,7: (14135,58853,39064,65535)  #37E598FF  srgba(55,229,152,1)
10,7: (14392,11051,58082,65535)  #382BE2FF  srgba(56,43,226,1)
11,7: (14392,11822,40863,65535)  #382E9FFF  srgba(56,46,159,1)
12,7: (14649,10023,58082,65535)  #3927E2FF  srgba(57,39,226,1)
13,7: (14649,10537,54484,65535)  #3929D4FF  srgba(57,41,212,1)
14,7: (14649,11051,48316,65535)  #392BBCFF  srgba(57,43,188,1)
15,7: (14649,12593,38036,65535)  #393194FF  srgba(57,49,148,1)
0,8: (15163,8481,58082,65535)  #3B21E2FF  srgba(59,33,226,1)
1,8: (15163,9766,58339,65535)  #3B26E3FF  srgba(59,38,227,1)
2,8: (15163,10537,54227,65535)  #3B29D3FF  srgba(59,41,211,1)
3,8: (15163,15163,58853,65535)  #3B3BE5FF  srgba(59,59,229,1)
4,8: (15163,62708,23130,65535)  #3BF45AFF  srgba(59,244,90,1)
5,8: (15677,11051,53713,65535)  #3D2BD1FF  srgba(61,43,209,1)
6,8: (16191,8995,58339,65535)  #3F23E3FF  srgba(63,35,227,1)
7,8: (16191,10280,58339,65535)  #3F28E3FF  srgba(63,40,227,1)
8,8: (16191,10537,47802,65535)  #3F29BAFF  srgba(63,41,186,1)
9,8: (16191,10794,40349,65535)  #3F2A9DFF  srgba(63,42,157,1)
10,8: (16191,12336,39064,65535)  #3F3098FF  srgba(63,48,152,1)
11,8: (16191,13621,28784,65535)  #3F3570FF  srgba(63,53,112,1)
12,8: (16448,12850,16448,65535)  #403240FF  srgba(64,50,64,1)
13,8: (16448,13364,38036,65535)  #403494FF  srgba(64,52,148,1)
14,8: (16448,61166,32896,65535)  #40EE80FF  srgba(64,238,128,1)
15,8: (16705,10023,53456,65535)  #4127D0FF  srgba(65,39,208,1)
0,9: (16705,12850,10794,65535)  #41322AFF  srgba(65,50,42,1)
1,9: (16705,33410,61937,65535)  #4182F1FF  srgba(65,130,241,1)
2,9: (16962,14649,37265,65535)  #423991FF  srgba(66,57,145,1)
3,9: (16962,37522,42662,65535)  #4292A6FF  srgba(66,146,166,1)
4,9: (17219,15677,5911,65535)  #433D17FF  srgba(67,61,23,1)
5,9: (17219,16191,20303,65535)  #433F4FFF  srgba(67,63,79,1)
6,9: (17219,17990,39064,65535)  #434698FF  srgba(67,70,152,1)
7,9: (17219,19532,53456,65535)  #434CD0FF  srgba(67,76,208,1)
8,9: (17476,28527,25186,65535)  #446F62FF  srgba(68,111,98,1)
9,9: (17733,15934,27756,65535)  #453E6CFF  srgba(69,62,108,1)
10,9: (17733,28013,10537,65535)  #456D29FF  srgba(69,109,41,1)
11,9: (18247,18761,12336,65535)  #474930FF  srgba(71,73,48,1)
12,9: (18504,20560,22359,65535)  #485057FF  srgba(72,80,87,1)
13,9: (18761,18247,24672,65535)  #494760FF  srgba(73,71,96,1)
14,9: (19018,20817,12336,65535)  #4A5130FF  srgba(74,81,48,1)
15,9: (20046,60909,28013,65535)  #4EED6DFF  srgba(78,237,109,1)
0,10: (20560,52942,46260,65535)  #50CEB4FF  srgba(80,206,180,1)
1,10: (20560,62194,22102,65535)  #50F256FF  srgba(80,242,86,1)
2,10: (21074,15677,42662,65535)  #523DA6FF  srgba(82,61,166,1)
3,10: (21074,15934,35723,65535)  #523E8BFF  srgba(82,62,139,1)
4,10: (21588,51657,53199,65535)  #54C9CFFF  srgba(84,201,207,1)
5,10: (21845,57568,52171,65535)  #55E0CBFF  srgba(85,224,203,1)
6,10: (22359,19532,7453,65535)  #574C1DFF  srgba(87,76,29,1)
7,10: (22873,18504,26728,65535)  #594868FF  srgba(89,72,104,1)
8,10: (23130,24415,11308,65535)  #5A5F2CFF  srgba(90,95,44,1)
9,10: (23387,37008,62451,65535)  #5B90F3FF  srgba(91,144,243,1)
10,10: (23901,35980,41377,65535)  #5D8CA1FF  srgba(93,140,161,1)
11,10: (24158,32639,53456,65535)  #5E7FD0FF  srgba(94,127,208,1)
12,10: (24672,22616,24415,65535)  #60585FFF  srgba(96,88,95,1)
13,10: (25443,53199,46003,65535)  #63CFB3FF  srgba(99,207,179,1)
14,10: (25700,22873,39321,65535)  #645999FF  srgba(100,89,153,1)
15,10: (26214,25443,13878,65535)  #666336FF  srgba(102,99,54,1)
0,11: (26471,21845,3084,65535)  #67550CFF  srgba(103,85,12,1)
1,11: (26471,26728,22102,65535)  #676856FF  srgba(103,104,86,1)
2,11: (26471,58082,32382,65535)  #67E27EFF  srgba(103,226,126,1)
3,11: (26728,63993,31611,65535)  #68F97BFF  srgba(104,249,123,1)
4,11: (26985,45746,43433,65535)  #69B2A9FF  srgba(105,178,169,1)
5,11: (27756,61423,25186,65535)  #6CEF62FF  srgba(108,239,98,1)
6,11: (28784,29298,10794,65535)  #70722AFF  srgba(112,114,42,1)
7,11: (30840,38807,22616,65535)  #789758FF  srgba(120,151,88,1)
8,11: (31097,35209,10794,65535)  #79892AFF  srgba(121,137,42,1)
9,11: (31611,32896,21845,65535)  #7B8055FF  srgba(123,128,85,1)
10,11: (31611,62965,17990,65535)  #7BF546FF  srgba(123,245,70,1)
11,11: (31868,28784,25443,65535)  #7C7063FF  srgba(124,112,99,1)
12,11: (31868,44718,45746,65535)  #7CAEB2FF  srgba(124,174,178,1)
13,11: (31868,60652,21074,65535)  #7CEC52FF  srgba(124,236,82,1)
14,11: (32896,61937,15420,65535)  #80F13CFF  srgba(128,241,60,1)
15,11: (32896,64250,20817,65535)  #80FA51FF  srgba(128,250,81,1)
0,12: (33410,28784,39064,65535)  #827098FF  srgba(130,112,152,1)
1,12: (33410,54484,54227,65535)  #82D4D3FF  srgba(130,212,211,1)
2,12: (33667,40863,39578,65535)  #839F9AFF  srgba(131,159,154,1)
3,12: (33924,50886,45489,65535)  #84C6B1FF  srgba(132,198,177,1)
4,12: (36494,64507,31097,65535)  #8EFB79FF  srgba(142,251,121,1)
5,12: (37265,38807,11565,65535)  #91972DFF  srgba(145,151,45,1)
6,12: (37522,62965,23901,65535)  #92F55DFF  srgba(146,245,93,1)
7,12: (37779,37265,23901,65535)  #93915DFF  srgba(147,145,93,1)
8,12: (39064,56026,37265,65535)  #98DA91FF  srgba(152,218,145,1)
9,12: (39064,57825,28784,65535)  #98E170FF  srgba(152,225,112,1)
10,12: (41634,40863,53713,65535)  #A29FD1FF  srgba(162,159,209,1)
11,12: (41891,38550,39321,65535)  #A39699FF  srgba(163,150,153,1)
12,12: (42662,62965,20046,65535)  #A6F54EFF  srgba(166,245,78,1)
13,12: (42919,40863,27242,65535)  #A79F6AFF  srgba(167,159,106,1)
14,12: (43176,62451,15677,65535)  #A8F33DFF  srgba(168,243,61,1)
15,12: (43433,43947,12079,65535)  #A9AB2FFF  srgba(169,171,47,1)
0,13: (44204,43947,19018,65535)  #ACAB4AFF  srgba(172,171,74,1)
1,13: (47545,52942,57568,65535)  #B9CEE0FF  srgba(185,206,224,1)
2,13: (48830,44461,63479,65535)  #BEADF7FF  srgba(190,173,247,1)
3,13: (48830,45232,27756,65535)  #BEB06CFF  srgba(190,176,108,1)
4,13: (49087,44718,39321,65535)  #BFAE99FF  srgba(191,174,153,1)
5,13: (50629,62965,16448,65535)  #C5F540FF  srgba(197,245,64,1)
6,13: (51914,61423,19789,65535)  #CAEF4DFF  srgba(202,239,77,1)
7,13: (52171,53456,20817,65535)  #CBD051FF  srgba(203,208,81,1)
8,13: (52171,62708,14392,65535)  #CBF438FF  srgba(203,244,56,1)
9,13: (53456,58339,26214,65535)  #D0E366FF  srgba(208,227,102,1)
10,13: (53970,52171,26728,65535)  #D2CB68FF  srgba(210,203,104,1)
11,13: (53970,54998,11565,65535)  #D2D62DFF  srgba(210,214,45,1)
12,13: (53970,56283,16705,65535)  #D2DB41FF  srgba(210,219,65,1)
13,13: (54227,53456,57568,65535)  #D3D0E0FF  srgba(211,208,224,1)
14,13: (54741,51914,32896,65535)  #D5CA80FF  srgba(213,202,128,1)
15,13: (55512,53199,40349,65535)  #D8CF9DFF  srgba(216,207,157,1)
0,14: (55769,57311,13621,65535)  #D9DF35FF  srgba(217,223,53,1)
1,14: (57311,58339,14906,65535)  #DFE33AFF  srgba(223,227,58,1)
2,14: (57311,61423,14392,65535)  #DFEF38FF  srgba(223,239,56,1)
3,14: (57568,58082,33667,65535)  #E0E283FF  srgba(224,226,131,1)
4,14: (58082,59367,38807,65535)  #E2E797FF  srgba(226,231,151,1)
5,14: (58596,56026,56797,65535)  #E4DADDFF  srgba(228,218,221,1)
6,14: (58853,59110,16448,65535)  #E5E640FF  srgba(229,230,64,1)
7,14: (59110,56283,20560,65535)  #E6DB50FF  srgba(230,219,80,1)
8,14: (59367,61423,16191,65535)  #E7EF3FFF  srgba(231,239,63,1)
9,14: (59624,59881,19789,65535)  #E8E94DFF  srgba(232,233,77,1)
10,14: (60138,57568,26471,65535)  #EAE067FF  srgba(234,224,103,1)
11,14: (60395,56283,56797,65535)  #EBDBDDFF  srgba(235,219,221,1)
12,14: (60395,59367,13364,65535)  #EBE734FF  srgba(235,231,52,1)
13,14: (60395,60909,14392,65535)  #EBED38FF  srgba(235,237,56,1)
14,14: (60909,59881,14649,65535)  #EDE939FF  srgba(237,233,57,1)
15,14: (61166,59367,16191,65535)  #EEE73FFF  srgba(238,231,63,1)
0,15: (61680,59624,14392,65535)  #F0E838FF  srgba(240,232,56,1)
1,15: (62965,57054,48573,65535)  #F5DEBDFF  srgba(245,222,189,1)
2,15: (62965,58853,20817,65535)  #F5E551FF  srgba(245,229,81,1)
3,15: (63222,58339,28270,65535)  #F6E36EFF  srgba(246,227,110,1)
4,15: (63479,59367,17990,65535)  #F7E746FF  srgba(247,231,70,1)
5,15: (63479,59624,13621,65535)  #F7E835FF  srgba(247,232,53,1)
6,15: (63479,59624,14392,65535)  #F7E838FF  srgba(247,232,56,1)
7,15: (63736,59367,15934,65535)  #F8E73EFF  srgba(248,231,62,1)
8,15: (63736,59367,16705,65535)  #F8E741FF  srgba(248,231,65,1)
9,15: (63736,59624,15420,65535)  #F8E83CFF  srgba(248,232,60,1)
10,15: (63993,59367,14649,65535)  #F9E739FF  srgba(249,231,57,1)
11,15: (63993,59367,14906,65535)  #F9E73AFF  srgba(249,231,58,1)
12,15: (64250,58596,13621,65535)  #FAE435FF  srgba(250,228,53,1)
13,15: (64507,58853,14392,65535)  #FBE538FF  srgba(251,229,56,1)
14,15: (64507,58853,14392,65535)  #FBE538FF  srgba(251,229,56,1)
15,15: (0,65535,0,0)  #00FF0000  srgba(0,255,0,0)
