# ImageMagick pixel enumeration: 16,16,65535,srgba
0,0: (0,0,0,65535)  #000000FF  black
1,0: (0,37522,26985,65535)  #009269FF  srgba(0,146,105,1)
2,0: (0,37779,34181,65535)  #009385FF  srgba(0,147,133,1)
3,0: (0,44975,32639,65535)  #00AF7FFF  srgba(0,175,127,1)
4,0: (0,52942,35209,65535)  #00CE89FF  srgba(0,206,137,1)
5,0: (0,57825,52171,65535)  #00E1CBFF  srgba(0,225,203,1)
6,0: (0,60138,51400,65535)  #00EAC8FF  srgba(0,234,200,1)
7,0: (257,45489,42919,65535)  #01B1A7FF  srgba(1,177,167,1)
8,0: (257,54484,44204,65535)  #01D4ACFF  srgba(1,212,172,1)
9,0: (257,61166,46003,65535)  #01EEB3FF  srgba(1,238,179,1)
10,0: (514,28270,23387,65535)  #026E5BFF  srgba(2,110,91,1)
11,0: (514,63479,50115,65535)  #02F7C3FF  srgba(2,247,195,1)
12,0: (514,64764,46517,65535)  #02FCB5FF  srgba(2,252,181,1)
13,0: (1028,28013,28527,65535)  #046D6FFF  srgba(4,109,111,1)
14,0: (1799,65535,46517,65535)  #07FFB5FF  srgba(7,255,181,1)
15,0: (2056,29041,33924,65535)  #087184FF  srgba(8,113,132,1)
0,1: (2313,27499,30840,65535)  #096B78FF  srgba(9,107,120,1)
1,1: (3084,21074,15420,65535)  #0C523CFF  srgba(12,82,60,1)
2,1: (3084,65535,48830,65535)  #0CFFBEFF  srgba(12,255,190,1)
3,1: (3598,21845,29555,65535)  #0E5573FF  srgba(14,85,115,1)
4,1: (3598,65535,50629,65535)  #0EFFC5FF  srgba(14,255,197,1)
5,1: (3855,19018,23130,65535)  #0F4A5AFF  srgba(15,74,90,1)
6,1: (4369,65535,46517,65535)  #11FFB5FF  srgba(17,255,181,1)
7,1: (4883,18761,29298,65535)  #134972FF  srgba(19,73,114,1)
8,1: (5140,65278,46260,65535)  #14FEB4FF  srgba(20,254,180,1)
9,1: (5397,26728,28527,65535)  #15686FFF  srgba(21,104,111,1)
10,1: (5397,50115,44204,65535)  #15C3ACFF  srgba(21,195,172,1)
11,1: (5397,62451,45232,65535)  #15F3B0FF  srgba(21,243,176,1)
12,1: (5654,25957,24672,65535)  #166560FF  srgba(22,101,96,1)
13,1: (5654,57568,51914,65535)  #16E0CAFF  srgba(22,224,202,1)
14,1: (5911,65535,47031,65535)  #17FFB7FF  srgba(23,255,183,1)
15,1: (6682,64250,51657,65535)  #1AFAC9FF  srgba(26,250,201,1)
0,2: (6939,65535,49344,65535)  #1BFFC0FF  srgba(27,255,192,1)
1,2: (7196,9766,14135,65535)  #1C2637FF  srgba(28,38,55,1)
2,2: (7453,14906,14392,65535)  #1D3A38FF  srgba(29,58,56,1)
3,2: (7710,65535,50886,65535)  #1EFFC6FF  srgba(30,255,198,1)
4,2: (8224,38036,33410,65535)  #209482FF  srgba(32,148,130,1)
5,2: (8995,7196,20817,65535)  #231C51FF  srgba(35,28,81,1)
6,2: (8995,13107,21845,65535)  #233355FF  srgba(35,51,85,1)
7,2: (10023,4369,13878,65535)  #271136FF  srgba(39,17,54,1)
8,2: (10023,16962,22873,65535)  #274259FF  srgba(39,66,89,1)
9,2: (10023,57054,37008,65535)  #27DE90FF  srgba(39,222,144,1)
10,2: (10537,47545,32896,65535)  #29B980FF  srgba(41,185,128,1)
11,2: (10794,257,9766,65535)  #2A0126FF  srgba(42,1,38,1)
12,2: (11565,65535,51400,65535)  #2DFFC8FF  srgba(45,255,200,1)
13,2: (12336,4883,20817,65535)  #301351FF  srgba(48,19,81,1)
14,2: (12336,65278,46517,65535)  #30FEB5FF  srgba(48,254,181,1)
15,2: (13364,257,15420,65535)  #34013CFF  srgba(52,1,60,1)
0,3: (13364,65535,53970,65535)  #34FFD2FF  srgba(52,255,210,1)
1,3: (14135,65535,49344,65535)  #37FFC0FF  srgba(55,255,192,1)
2,3: (14392,257,12079,65535)  #38012FFF  srgba(56,1,47,1)
3,3: (14649,4369,22102,65535)  #391156FF  srgba(57,17,86,1)
4,3: (14906,15677,24929,65535)  #3A3D61FF  srgba(58,61,97,1)
5,3: (15163,0,19532,65535)  #3B004CFF  srgba(59,0,76,1)
6,3: (15420,7196,19789,65535)  #3C1C4DFF  srgba(60,28,77,1)
7,3: (15677,38036,24415,65535)  #3D945FFF  srgba(61,148,95,1)
8,3: (16705,0,19275,65535)  #41004BFF  srgba(65,0,75,1)
9,3: (16962,0,11565,65535)  #42002DFF  srgba(66,0,45,1)
10,3: (16962,0,15934,65535)  #42003EFF  srgba(66,0,62,1)
11,3: (17219,13878,14392,65535)  #433638FF  srgba(67,54,56,1)
12,3: (17476,0,13878,65535)  #440036FF  srgba(68,0,54,1)
13,3: (17733,65535,45746,65535)  #45FFB2FF  srgba(69,255,178,1)
14,3: (17990,65535,47802,65535)  #46FFBAFF  srgba(70,255,186,1)
15,3: (18247,56797,52685,65535)  #47DDCDFF  srgba(71,221,205,1)
0,4: (18504,62194,44975,65535)  #48F2AFFF  srgba(72,242,175,1)
1,4: (19018,3341,13107,65535)  #4A0D33FF  srgba(74,13,51,1)
2,4: (19018,65535,52171,65535)  #4AFFCBFF  srgba(74,255,203,1)
3,4: (19275,0,19275,65535)  #4B004BFF  srgba(75,0,75,1)
4,4: (20046,61423,53199,65535)  #4EEFCFFF  srgba(78,239,207,1)
5,4: (21331,52685,43947,65535)  #53CDABFF  srgba(83,205,171,1)
6,4: (21588,10280,22102,65535)  #542856FF  srgba(84,40,86,1)
7,4: (21588,65535,50115,65535)  #54FFC3FF  srgba(84,255,195,1)
8,4: (21845,65535,55769,65535)  #55FFD9FF  srgba(85,255,217,1)
9,4: (22359,14906,25957,65535)  #573A65FF  srgba(87,58,101,1)
10,4: (22873,23130,19532,65535)  #595A4CFF  srgba(89,90,76,1)
11,4: (23130,64507,53456,65535)  #5AFBD0FF  srgba(90,251,208,1)
12,4: (23387,7967,19532,65535)  #5B1F4CFF  srgba(91,31,76,1)
13,4: (23901,28527,29555,65535)  #5D6F73FF  srgba(93,111,115,1)
14,4: (24158,27499,24929,65535)  #5E6B61FF  srgba(94,107,97,1)
15,4: (24672,0,19018,65535)  #60004AFF  srgba(96,0,74,1)
0,5: (25186,65278,46260,65535)  #62FEB4FF  srgba(98,254,180,1)
1,5: (25443,0,15420,65535)  #63003CFF  srgba(99,0,60,1)
2,5: (25700,0,12850,65535)  #640032FF  srgba(100,0,50,1)
3,5: (25957,0,10280,65535)  #650028FF  srgba(101,0,40,1)
4,5: (26471,48830,30326,65535)  #67BE76FF  srgba(103,190,118,1)
5,5: (26471,54998,37522,65535)  #67D692FF  srgba(103,214,146,1)
6,5: (26728,38807,32382,65535)  #68977EFF  srgba(104,151,126,1)
7,5: (26728,65535,51143,65535)  #68FFC7FF  srgba(104,255,199,1)
8,5: (26728,65535,52428,65535)  #68FFCCFF  srgba(104,255,204,1)
9,5: (26985,22873,14906,65535)  #69593AFF  srgba(105,89,58,1)
10,5: (27242,65535,61937,65535)  #6AFFF1FF  srgba(106,255,241,1)
11,5: (27499,65535,58082,65535)  #6BFFE2FF  srgba(107,255,226,1)
12,5: (27756,65535,48830,65535)  #6CFFBEFF  srgba(108,255,190,1)
13,5: (29041,37522,24158,65535)  #71925EFF  srgba(113,146,94,1)
14,5: (29041,65535,55769,65535)  #71FFD9FF  srgba(113,255,217,1)
15,5: (29555,65535,46003,65535)  #73FFB3FF  srgba(115,255,179,1)
0,6: (30069,12850,13107,65535)  #753233FF  srgba(117,50,51,1)
1,6: (31354,65535,61423,65535)  #7AFFEFFF  srgba(122,255,239,1)
2,6: (32125,31611,31611,65535)  #7D7B7BFF  srgba(125,123,123,1)
3,6: (32639,21845,19532,65535)  #7F554CFF  srgba(127,85,76,1)
4,6: (33667,257,19275,65535)  #83014BFF  srgba(131,1,75,1)
5,6: (33667,12593,22102,65535)  #833156FF  srgba(131,49,86,1)
6,6: (33667,65535,52428,65535)  #83FFCCFF  srgba(131,255,204,1)
7,6: (34181,12593,26214,65535)  #853166FF  srgba(133,49,102,1)
8,6: (34438,4369,10794,65535)  #86112AFF  srgba(134,17,42,1)
9,6: (34438,8224,19532,65535)  #86204CFF  srgba(134,32,76,1)
10,6: (34438,35723,33924,65535)  #868B84FF  srgba(134,139,132,1)
11,6: (34695,0,11308,65535)  #87002CFF  srgba(135,0,44,1)
12,6: (34952,5654,14392,65535)  #881638FF  srgba(136,22,56,1)
13,6: (34952,28784,23387,65535)  #88705BFF  srgba(136,112,91,1)
14,6: (35209,0,13878,65535)  #890036FF  srgba(137,0,54,1)
15,6: (35209,65535,48830,65535)  #89FFBEFF  srgba(137,255,190,1)
0,7: (35723,48316,31354,65535)  #8BBC7AFF  srgba(139,188,122,1)
1,7: (35980,0,7710,65535)  #8C001EFF  srgba(140,0,30,1)
2,7: (36494,65535,46003,65535)  #8EFFB3FF  srgba(142,255,179,1)
3,7: (36494,65535,56283,65535)  #8EFFDBFF  srgba(142,255,219,1)
4,7: (36751,65535,56283,65535)  #8FFFDBFF  srgba(143,255,219,1)
5,7: (37008,14649,14135,65535)  #903937FF  srgba(144,57,55,1)
6,7: (37008,21074,19532,65535)  #90524CFF  srgba(144,82,76,1)
7,7: (37008,65535,60909,65535)  #90FFEDFF  srgba(144,255,237,1)
8,7: (37522,54484,38550,65535)  #92D496FF  srgba(146,212,150,1)
9,7: (38550,65278,46260,65535)  #96FEB4FF  srgba(150,254,180,1)
10,7: (39578,65021,55512,65535)  #9AFDD8FF  srgba(154,253,216,1)
11,7: (40349,65535,56540,65535)  #9DFFDCFF  srgba(157,255,220,1)
12,7: (41120,37008,25443,65535)  #A09063FF  srgba(160,144,99,1)
13,7: (41377,12336,13107,65535)  #A13033FF  srgba(161,48,51,1)
14,7: (42148,65535,46774,65535)  #A4FFB6FF  srgba(164,255,182,1)
15,7: (42662,16962,18504,65535)  #A64248FF  srgba(166,66,72,1)
0,8: (42662,25186,20046,65535)  #A6624EFF  srgba(166,98,78,1)
1,8: (42919,65535,51143,65535)  #A7FFC7FF  srgba(167,255,199,1)
2,8: (42919,65535,57311,65535)  #A7FFDFFF  srgba(167,255,223,1)
3,8: (43176,65535,61166,65535)  #A8FFEEFF  srgba(168,255,238,1)
4,8: (43433,7710,12336,65535)  #A91E30FF  srgba(169,30,48,1)
5,8: (44204,0,6939,65535)  #AC001BFF  srgba(172,0,27,1)
6,8: (44204,257,17990,65535)  #AC0146FF  srgba(172,1,70,1)
7,8: (44718,0,11822,65535)  #AE002EFF  srgba(174,0,46,1)
8,8: (44975,1799,10794,65535)  #AF072AFF  srgba(175,7,42,1)
9,8: (45489,38293,33924,65535)  #B19584FF  srgba(177,149,132,1)
10,8: (45489,56540,44204,65535)  #B1DCACFF  srgba(177,220,172,1)
11,8: (45489,61680,44718,65535)  #B1F0AEFF  srgba(177,240,174,1)
12,8: (45746,8995,19018,65535)  #B2234AFF  srgba(178,35,74,1)
13,8: (45746,47031,43947,65535)  #B2B7ABFF  srgba(178,183,171,1)
14,8: (45746,47545,32382,65535)  #B2B97EFF  srgba(178,185,126,1)
15,8: (45746,62965,53970,65535)  #B2F5D2FF  srgba(178,245,210,1)
0,9: (46003,5397,11565,65535)  #B3152DFF  srgba(179,21,45,1)
1,9: (47031,56797,52171,65535)  #B7DDCBFF  srgba(183,221,203,1)
2,9: (48059,53456,38807,65535)  #BBD097FF  srgba(187,208,151,1)
3,9: (48316,28527,26985,65535)  #BC6F69FF  srgba(188,111,105,1)
4,9: (48830,65535,58339,65535)  #BEFFE3FF  srgba(190,255,227,1)
5,9: (49344,24415,20817,65535)  #C05F51FF  srgba(192,95,81,1)
6,9: (49601,65535,47031,65535)  #C1FFB7FF  srgba(193,255,183,1)
7,9: (49601,65535,62451,65535)  #C1FFF3FF  srgba(193,255,243,1)
8,9: (49858,4112,11051,65535)  #C2102BFF  srgba(194,16,43,1)
9,9: (49858,5397,25186,65535)  #C21562FF  srgba(194,21,98,1)
10,9: (49858,65535,50886,65535)  #C2FFC6FF  srgba(194,255,198,1)
11,9: (50115,16448,26728,65535)  #C34068FF  srgba(195,64,104,1)
12,9: (50886,15934,20046,65535)  #C63E4EFF  srgba(198,62,78,1)
13,9: (50886,65535,56283,65535)  #C6FFDBFF  srgba(198,255,219,1)
14,9: (51400,65278,46517,65535)  #C8FEB5FF  srgba(200,254,181,1)
15,9: (52171,65535,52685,65535)  #CBFFCDFF  srgba(203,255,205,1)
0,10: (52428,0,6939,65535)  #CC001BFF  srgba(204,0,27,1)
1,10: (52428,0,12079,65535)  #CC002FFF  srgba(204,0,47,1)
2,10: (52428,1799,10794,65535)  #CC072AFF  srgba(204,7,42,1)
3,10: (52685,65535,61680,65535)  #CDFFF0FF  srgba(205,255,240,1)
4,10: (52942,257,17733,65535)  #CE0145FF  srgba(206,1,69,1)
5,10: (53456,65021,55512,65535)  #D0FDD8FF  srgba(208,253,216,1)
6,10: (54741,14649,12850,65535)  #D53932FF  srgba(213,57,50,1)
7,10: (55769,65535,47545,65535)  #D9FFB9FF  srgba(217,255,185,1)
8,10: (56026,10537,12336,65535)  #DA2930FF  srgba(218,41,48,1)
9,10: (56797,65535,62708,65535)  #DDFFF4FF  srgba(221,255,244,1)
10,10: (57054,65535,58339,65535)  #DEFFE3FF  srgba(222,255,227,1)
11,10: (57568,8738,19275,65535)  #E0224BFF  srgba(224,34,75,1)
12,10: (58339,0,11822,65535)  #E3002EFF  srgba(227,0,46,1)
13,10: (58853,0,5911,65535)  #E50017FF  srgba(229,0,23,1)
14,10: (59110,65535,53970,65535)  #E6FFD2FF  srgba(230,255,210,1)
15,10: (59624,65535,50886,65535)  #E8FFC6FF  srgba(232,255,198,1)
0,11: (59881,257,17476,65535)  #E90144FF  srgba(233,1,68,1)
1,11: (60395,23130,20560,65535)  #EB5A50FF  srgba(235,90,80,1)
2,11: (60909,41891,37265,65535)  #EDA391FF  srgba(237,163,145,1)
3,11: (61166,60909,44461,65535)  #EEEDADFF  srgba(238,237,173,1)
4,11: (61423,7453,11308,65535)  #EF1D2CFF  srgba(239,29,44,1)
5,11: (61680,62194,48316,65535)  #F0F2BCFF  srgba(240,242,188,1)
6,11: (62194,65535,62965,65535)  #F2FFF5FF  srgba(242,255,245,1)
7,11: (62451,5140,10280,65535)  #F31428FF  srgba(243,20,40,1)
8,11: (62451,65535,57825,65535)  #F3FFE1FF  srgba(243,255,225,1)
9,11: (62708,64250,51657,65535)  #F4FAC9FF  srgba(244,250,201,1)
10,11: (62708,65535,47545,65535)  #F4FFB9FF  srgba(244,255,185,1)
11,11: (62965,0,6425,65535)  #F50019FF  srgba(245,0,25,1)
12,11: (62965,0,11822,65535)  #F5002EFF  srgba(245,0,46,1)
13,11: (62965,64507,61680,65535)  #F5FBF0FF  srgba(245,251,240,1)
14,11: (62965,64764,56540,65535)  #F5FCDCFF  srgba(245,252,220,1)
15,11: (63222,27242,29812,65535)  #F66A74FF  srgba(246,106,116,1)
0,12: (63479,1542,7710,65535)  #F7061EFF  srgba(247,6,30,1)
1,12: (63479,65535,54227,65535)  #F7FFD3FF  srgba(247,255,211,1)
2,12: (63736,31868,44975,65535)  #F87CAFFF  srgba(248,124,175,1)
3,12: (63736,64764,63222,65535)  #F8FCF6FF  srgba(248,252,246,1)
4,12: (63736,65535,50886,65535)  #F8FFC6FF  srgba(248,255,198,1)
5,12: (63736,65535,58339,65535)  #F8FFE3FF  srgba(248,255,227,1)
6,12: (63736,65535,62708,65535)  #F8FFF4FF  srgba(248,255,244,1)
7,12: (63993,2313,12850,65535)  #F90932FF  srgba(249,9,50,1)
8,12: (63993,5654,26728,65535)  #F91668FF  srgba(249,22,104,1)
9,12: (63993,15677,20046,65535)  #F93D4EFF  srgba(249,61,78,1)
10,12: (63993,65021,63736,65535)  #F9FDF8FF  srgba(249,253,248,1)
11,12: (63993,65535,54227,65535)  #F9FFD3FF  srgba(249,255,211,1)
12,12: (63993,65535,58339,65535)  #F9FFE3FF  srgba(249,255,227,1)
13,12: (63993,65535,63736,65535)  #F9FFF8FF  srgba(249,255,248,1)
14,12: (64250,13364,28270,65535)  #FA346EFF  srgba(250,52,110,1)
15,12: (64250,65535,58853,65535)  #FAFFE5FF  srgba(250,255,229,1)
0,13: (64250,65535,63479,65535)  #FAFFF7FF  srgba(250,255,247,1)
1,13: (64507,65021,63993,65535)  #FBFDF9FF  srgba(251,253,249,1)
2,13: (64507,65535,50629,65535)  #FBFFC5FF  srgba(251,255,197,1)
3,13: (64507,65535,55255,65535)  #FBFFD7FF  srgba(251,255,215,1)
4,13: (64507,65535,62708,65535)  #FBFFF4FF  srgba(251,255,244,1)
5,13: (64507,65535,63993,65535)  #FBFFF9FF  srgba(251,255,249,1)
6,13: (64764,6682,18761,65535)  #FC1A49FF  srgba(252,26,73,1)
7,13: (64764,64764,59881,65535)  #FCFCE9FF  srgba(252,252,233,1)
8,13: (64764,65535,64250,65535)  #FCFFFAFF  srgba(252,255,250,1)
9,13: (65021,2056,18504,65535)  #FD0848FF  srgba(253,8,72,1)
10,13: (65021,64250,53713,65535)  #FDFAD1FF  srgba(253,250,209,1)
11,13: (65278,4112,10023,65535)  #FE1027FF  srgba(254,16,39,1)
12,13: (65278,20560,44975,65535)  #FE50AFFF  srgba(254,80,175,1)
13,13: (65278,24415,46260,65535)  #FE5FB4FF  srgba(254,95,180,1)
14,13: (65278,37522,48573,65535)  #FE92BDFF  srgba(254,146,189,1)
15,13: (65278,38550,46260,65535)  #FE96B4FF  srgba(254,150,180,1)
0,14: (65278,39064,37779,65535)  #FE9893FF  srgba(254,152,147,1)
1,14: (65278,40863,43690,65535)  #FE9FAAFF  srgba(254,159,170,1)
2,14: (65278,41377,51657,65535)  #FEA1C9FF  srgba(254,161,201,1)
3,14: (65278,44975,48316,65535)  #FEAFBCFF  srgba(254,175,188,1)
4,14: (65278,45489,46260,65535)  #FEB1B4FF  srgba(254,177,180,1)
5,14: (65278,50629,52428,65535)  #FEC5CCFF  srgba(254,197,204,1)
6,14: (65278,51400,48573,65535)  #FEC8BDFF  srgba(254,200,189,1)
7,14: (65278,51657,45489,65535)  #FEC9B1FF  srgba(254,201,177,1)
8,14: (65278,58596,51914,65535)  #FEE4CAFF  srgba(254,228,202,1)
9,14: (65278,59367,56797,65535)  #FEE7DDFF  srgba(254,231,221,1)
10,14: (65278,59624,45746,65535)  #FEE8B2FF  srgba(254,232,178,1)
11,14: (65278,60652,48573,65535)  #FEECBDFF  srgba(254,236,189,1)
12,14: (65535,2570,11565,65535)  #FF0A2DFF  srgba(255,10,45,1)
13,14: (65535,2570,19275,65535)  #FF0A4BFF  srgba(255,10,75,1)
14,14: (65535,3084,24415,65535)  #FF0C5FFF  srgba(255,12,95,1)
15,14: (65535,3855,10794,65535)  #FF0F2AFF  srgba(255,15,42,1)
0,15: (65535,3855,26471,65535)  #FF0F67FF  srgba(255,15,103,1)
1,15: (65535,4112,10794,65535)  #FF102AFF  srgba(255,16,42,1)
2,15: (65535,4112,26985,65535)  #FF1069FF  srgba(255,16,105,1)
3,15: (65535,4369,28784,65535)  #FF1170FF  srgba(255,17,112,1)
4,15: (65535,5140,9252,65535)  #FF1424FF  srgba(255,20,36,1)
5,15: (65535,6425,19018,65535)  #FF194AFF  srgba(255,25,74,1)
6,15: (65535,14392,28784,65535)  #FF3870FF  srgba(255,56,112,1)
7,15: (65535,14649,41120,65535)  #FF39A0FF  srgba(255,57,160,1)
8,15: (65535,19275,44718,65535)  #FF4BAEFF  srgba(255,75,174,1)
9,15: (65535,24415,30326,65535)  #FF5F76FF  srgba(255,95,118,1)
10,15: (65535,24929,46517,65535)  #FF61B5FF  srgba(255,97,181,1)
11,15: (65535,27242,46774,65535)  #FF6AB6FF  srgba(255,106,182,1)
12,15: (65535,28784,47031,65535)  #FF70B7FF  srgba(255,112,183,1)
13,15: (65535,31354,44204,65535)  #FF7AACFF  srgba(255,122,172,1)
14,15: (65535,31354,49344,65535)  #FF7AC0FF  srgba(255,122,192,1)
15,15: (0,65535,0,0)  #00FF0000  srgba(0,255,0,0)
