# ImageMagick pixel enumeration: 16,16,65535,srgba
0,0: (0,0,0,65535)  #000000FF  black
1,0: (257,0,257,65535)  #010001FF  srgba(1,0,1,1)
2,0: (771,1799,0,65535)  #030700FF  srgba(3,7,0,1)
3,0: (1285,2313,514,65535)  #050902FF  srgba(5,9,2,1)
4,0: (2056,0,0,65535)  #080000FF  srgba(8,0,0,1)
5,0: (2827,6168,0,65535)  #0B1800FF  srgba(11,24,0,1)
6,0: (3084,6168,1542,65535)  #0C1806FF  srgba(12,24,6,1)
7,0: (4112,9766,0,65535)  #102600FF  srgba(16,38,0,1)
8,0: (4626,13878,0,65535)  #123600FF  srgba(18,54,0,1)
9,0: (4883,0,0,65535)  #130000FF  srgba(19,0,0,1)
10,0: (5140,0,257,65535)  #140001FF  srgba(20,0,1,1)
11,0: (5654,20046,1799,65535)  #164E07FF  srgba(22,78,7,1)
12,0: (5911,24929,3855,65535)  #17610FFF  srgba(23,97,15,1)
13,0: (6168,2056,514,65535)  #180802FF  srgba(24,8,2,1)
14,0: (6168,12079,2056,65535)  #182F08FF  srgba(24,47,8,1)
15,0: (6682,32896,7453,65535)  #1A801DFF  srgba(26,128,29,1)
0,1: (7196,12593,4626,65535)  #1C3112FF  srgba(28,49,18,1)
1,1: (7967,0,0,65535)  #1F0000FF  srgba(31,0,0,1)
2,1: (8738,31611,6425,65535)  #227B19FF  srgba(34,123,25,1)
3,1: (9252,27756,7967,65535)  #246C1FFF  srgba(36,108,31,1)
4,1: (9509,6168,2570,65535)  #25180AFF  srgba(37,24,10,1)
5,1: (10023,6425,0,65535)  #271900FF  srgba(39,25,0,1)
6,1: (10280,0,257,65535)  #280001FF  srgba(40,0,1,1)
7,1: (10280,22616,3598,65535)  #28580EFF  srgba(40,88,14,1)
8,1: (10280,32382,7453,65535)  #287E1DFF  srgba(40,126,29,1)
9,1: (10537,10280,0,65535)  #292800FF  srgba(41,40,0,1)
10,1: (10537,14649,0,65535)  #293900FF  srgba(41,57,0,1)
11,1: (10794,2056,514,65535)  #2A0802FF  srgba(42,8,2,1)
12,1: (11308,13364,2313,65535)  #2C3409FF  srgba(44,52,9,1)
13,1: (11308,13621,5654,65535)  #2C3516FF  srgba(44,53,22,1)
14,1: (11565,31354,7453,65535)  #2D7A1DFF  srgba(45,122,29,1)
15,1: (12593,27499,8224,65535)  #316B20FF  srgba(49,107,32,1)
0,2: (12850,20303,3341,65535)  #324F0DFF  srgba(50,79,13,1)
1,2: (12850,25443,4883,65535)  #326313FF  srgba(50,99,19,1)
2,2: (13107,31354,6425,65535)  #337A19FF  srgba(51,122,25,1)
3,2: (13364,257,257,65535)  #340101FF  srgba(52,1,1,1)
4,2: (14135,28270,8224,65535)  #376E20FF  srgba(55,110,32,1)
5,2: (14135,31354,7453,65535)  #377A1DFF  srgba(55,122,29,1)
6,2: (14135,32125,7710,65535)  #377D1EFF  srgba(55,125,30,1)
7,2: (14392,8481,257,65535)  #382101FF  srgba(56,33,1,1)
8,2: (14906,3598,0,65535)  #3A0E00FF  srgba(58,14,0,1)
9,2: (14906,13878,257,65535)  #3A3601FF  srgba(58,54,1,1)
10,2: (15420,13364,2827,65535)  #3C340BFF  srgba(60,52,11,1)
11,2: (15677,6939,4112,65535)  #3D1B10FF  srgba(61,27,16,1)
12,2: (15934,4883,2570,65535)  #3E130AFF  srgba(62,19,10,1)
13,2: (15934,13878,5140,65535)  #3E3614FF  srgba(62,54,20,1)
14,2: (15934,21074,3855,65535)  #3E520FFF  srgba(62,82,15,1)
15,2: (15934,27242,5654,65535)  #3E6A16FF  srgba(62,106,22,1)
0,3: (15934,31354,6425,65535)  #3E7A19FF  srgba(62,122,25,1)
1,3: (16191,514,514,65535)  #3F0202FF  srgba(63,2,2,1)
2,3: (16191,4883,1542,65535)  #3F1306FF  srgba(63,19,6,1)
3,3: (16191,23901,8738,65535)  #3F5D22FF  srgba(63,93,34,1)
4,3: (16191,29555,8738,65535)  #3F7322FF  srgba(63,115,34,1)
5,3: (16191,31097,7710,65535)  #3F791EFF  srgba(63,121,30,1)
6,3: (16448,1028,514,65535)  #400402FF  srgba(64,4,2,1)
7,3: (17219,1285,1542,65535)  #430506FF  srgba(67,5,6,1)
8,3: (18504,14135,6939,65535)  #48371BFF  srgba(72,55,27,1)
9,3: (18761,514,514,65535)  #490202FF  srgba(73,2,2,1)
10,3: (19018,14906,9252,65535)  #4A3A24FF  srgba(74,58,36,1)
11,3: (19018,30840,6425,65535)  #4A7819FF  srgba(74,120,25,1)
12,3: (19532,8481,0,65535)  #4C2100FF  srgba(76,33,0,1)
13,3: (20046,11565,2827,65535)  #4E2D0BFF  srgba(78,45,11,1)
14,3: (20046,13878,257,65535)  #4E3601FF  srgba(78,54,1,1)
15,3: (20303,6939,5397,65535)  #4F1B15FF  srgba(79,27,21,1)
0,4: (20303,13621,5397,65535)  #4F3515FF  srgba(79,53,21,1)
1,4: (20303,21845,5654,65535)  #4F5516FF  srgba(79,85,22,1)
2,4: (20303,22616,7710,65535)  #4F581EFF  srgba(79,88,30,1)
3,4: (20303,31354,8224,65535)  #4F7A20FF  srgba(79,122,32,1)
4,4: (20560,1285,771,65535)  #500503FF  srgba(80,5,3,1)
5,4: (20560,15934,2827,65535)  #503E0BFF  srgba(80,62,11,1)
6,4: (20560,20817,2313,65535)  #505109FF  srgba(80,81,9,1)
7,4: (20560,23901,9252,65535)  #505D24FF  srgba(80,93,36,1)
8,4: (20560,26985,5140,65535)  #506914FF  srgba(80,105,20,1)
9,4: (20560,27499,7710,65535)  #506B1EFF  srgba(80,107,30,1)
10,4: (20560,27756,6425,65535)  #506C19FF  srgba(80,108,25,1)
11,4: (20560,29298,9252,65535)  #507224FF  srgba(80,114,36,1)
12,4: (20560,29812,7710,65535)  #50741EFF  srgba(80,116,30,1)
13,4: (20817,3084,257,65535)  #510C01FF  srgba(81,12,1,1)
14,4: (20817,26214,10794,65535)  #51662AFF  srgba(81,102,42,1)
15,4: (20817,26471,14135,65535)  #516737FF  srgba(81,103,55,1)
0,5: (20817,31354,7196,65535)  #517A1CFF  srgba(81,122,28,1)
1,5: (21074,3084,2313,65535)  #520C09FF  srgba(82,12,9,1)
2,5: (21331,1799,1542,65535)  #530706FF  srgba(83,7,6,1)
3,5: (22102,30840,6682,65535)  #56781AFF  srgba(86,120,26,1)
4,5: (23901,10280,11565,65535)  #5D282DFF  srgba(93,40,45,1)
5,5: (24415,20817,18247,65535)  #5F5147FF  srgba(95,81,71,1)
6,5: (24929,2056,1285,65535)  #610805FF  srgba(97,8,5,1)
7,5: (24929,30840,6939,65535)  #61781BFF  srgba(97,120,27,1)
8,5: (25186,14906,3341,65535)  #623A0DFF  srgba(98,58,13,1)
9,5: (25443,10537,2056,65535)  #632908FF  srgba(99,41,8,1)
10,5: (25443,27242,5654,65535)  #636A16FF  srgba(99,106,22,1)
11,5: (25957,31097,7710,65535)  #65791EFF  srgba(101,121,30,1)
12,5: (26471,16705,9252,65535)  #674124FF  srgba(103,65,36,1)
13,5: (26471,18761,3598,65535)  #67490EFF  srgba(103,73,14,1)
14,5: (26471,22616,4626,65535)  #675812FF  srgba(103,88,18,1)
15,5: (26471,31097,7967,65535)  #67791FFF  srgba(103,121,31,1)
0,6: (26728,17219,7453,65535)  #68431DFF  srgba(104,67,29,1)
1,6: (26985,4369,1799,65535)  #691107FF  srgba(105,17,7,1)
2,6: (26985,30326,9509,65535)  #697625FF  srgba(105,118,37,1)
3,6: (27242,24415,11565,65535)  #6A5F2DFF  srgba(106,95,45,1)
4,6: (27499,27756,11565,65535)  #6B6C2DFF  srgba(107,108,45,1)
5,6: (27499,30840,8738,65535)  #6B7822FF  srgba(107,120,34,1)
6,6: (27756,21845,9252,65535)  #6C5524FF  srgba(108,85,36,1)
7,6: (28270,30583,6939,65535)  #6E771BFF  srgba(110,119,27,1)
8,6: (28527,2570,1799,65535)  #6F0A07FF  srgba(111,10,7,1)
9,6: (29041,22873,7453,65535)  #71591DFF  srgba(113,89,29,1)
10,6: (29041,25700,7453,65535)  #71641DFF  srgba(113,100,29,1)
11,6: (29041,27756,9252,65535)  #716C24FF  srgba(113,108,36,1)
12,6: (29041,30069,11051,65535)  #71752BFF  srgba(113,117,43,1)
13,6: (29298,27242,5654,65535)  #726A16FF  srgba(114,106,22,1)
14,6: (29555,14906,3855,65535)  #733A0FFF  srgba(115,58,15,1)
15,6: (29555,21588,16191,65535)  #73543FFF  srgba(115,84,63,1)
0,7: (29555,31097,7967,65535)  #73791FFF  srgba(115,121,31,1)
1,7: (29812,10023,1542,65535)  #742706FF  srgba(116,39,6,1)
2,7: (29812,25186,9252,65535)  #746224FF  srgba(116,98,36,1)
3,7: (29812,28527,11565,65535)  #746F2DFF  srgba(116,111,45,1)
4,7: (30069,31097,7710,65535)  #75791EFF  srgba(117,121,30,1)
5,7: (30326,27756,7967,65535)  #766C1FFF  srgba(118,108,31,1)
6,7: (30583,30326,17733,65535)  #777645FF  srgba(119,118,69,1)
7,7: (30840,3855,2313,65535)  #780F09FF  srgba(120,15,9,1)
8,7: (30840,18761,11308,65535)  #78492CFF  srgba(120,73,44,1)
9,7: (31097,27756,7196,65535)  #796C1CFF  srgba(121,108,28,1)
10,7: (31354,28527,8738,65535)  #7A6F22FF  srgba(122,111,34,1)
11,7: (31611,29555,6682,65535)  #7B731AFF  srgba(123,115,26,1)
12,7: (32125,19275,3598,65535)  #7D4B0EFF  srgba(125,75,14,1)
13,7: (32125,25957,15420,65535)  #7D653CFF  srgba(125,101,60,1)
14,7: (32125,30583,7196,65535)  #7D771CFF  srgba(125,119,28,1)
15,7: (32639,22873,5140,65535)  #7F5914FF  srgba(127,89,20,1)
0,8: (32639,30583,9509,65535)  #7F7725FF  srgba(127,119,37,1)
1,8: (32896,30840,7710,65535)  #80781EFF  srgba(128,120,30,1)
2,8: (33410,3341,2570,65535)  #820D0AFF  srgba(130,13,10,1)
3,8: (33410,27242,15677,65535)  #826A3DFF  srgba(130,106,61,1)
4,8: (33410,30583,7967,65535)  #82771FFF  srgba(130,119,31,1)
5,8: (33410,30840,8481,65535)  #827821FF  srgba(130,120,33,1)
6,8: (33667,27242,5911,65535)  #836A17FF  srgba(131,106,23,1)
7,8: (33924,9509,2056,65535)  #842508FF  srgba(132,37,8,1)
8,8: (33924,28527,7710,65535)  #846F1EFF  srgba(132,111,30,1)
9,8: (33924,28784,7196,65535)  #84701CFF  srgba(132,112,28,1)
10,8: (34181,29812,6939,65535)  #85741BFF  srgba(133,116,27,1)
11,8: (34438,14392,2313,65535)  #863809FF  srgba(134,56,9,1)
12,8: (34438,29812,7710,65535)  #86741EFF  srgba(134,116,30,1)
13,8: (34952,17219,9252,65535)  #884324FF  srgba(136,67,36,1)
14,8: (35209,20046,7453,65535)  #894E1DFF  srgba(137,78,29,1)
15,8: (35209,25700,7453,65535)  #89641DFF  srgba(137,100,29,1)
0,9: (35466,5140,2570,65535)  #8A140AFF  srgba(138,20,10,1)
1,9: (35723,14392,7453,65535)  #8B381DFF  srgba(139,56,29,1)
2,9: (35723,22102,9252,65535)  #8B5624FF  srgba(139,86,36,1)
3,9: (35980,29812,7196,65535)  #8C741CFF  srgba(140,116,28,1)
4,9: (36237,24672,11308,65535)  #8D602CFF  srgba(141,96,44,1)
5,9: (36494,27499,7196,65535)  #8E6B1CFF  srgba(142,107,28,1)
6,9: (36494,27499,7710,65535)  #8E6B1EFF  srgba(142,107,30,1)
7,9: (37008,29041,7196,65535)  #90711CFF  srgba(144,113,28,1)
8,9: (37265,23387,7453,65535)  #915B1DFF  srgba(145,91,29,1)
9,9: (37522,3855,3084,65535)  #920F0CFF  srgba(146,15,12,1)
10,9: (37522,28270,6425,65535)  #926E19FF  srgba(146,110,25,1)
11,9: (37779,27756,11051,65535)  #936C2BFF  srgba(147,108,43,1)
12,9: (37779,28784,6939,65535)  #93701BFF  srgba(147,112,27,1)
13,9: (37779,29812,7710,65535)  #93741EFF  srgba(147,116,30,1)
14,9: (38036,19789,2827,65535)  #944D0BFF  srgba(148,77,11,1)
15,9: (38036,25443,9252,65535)  #946324FF  srgba(148,99,36,1)
0,10: (38036,29812,7967,65535)  #94741FFF  srgba(148,116,31,1)
1,10: (38293,20817,5654,65535)  #955116FF  srgba(149,81,22,1)
2,10: (38293,24415,5654,65535)  #955F16FF  srgba(149,95,22,1)
3,10: (38293,26728,6168,65535)  #956818FF  srgba(149,104,24,1)
4,10: (38293,27499,9252,65535)  #956B24FF  srgba(149,107,36,1)
5,10: (38293,27756,7196,65535)  #956C1CFF  srgba(149,108,28,1)
6,10: (38293,28527,7710,65535)  #956F1EFF  srgba(149,111,30,1)
7,10: (38293,29812,8224,65535)  #957420FF  srgba(149,116,32,1)
8,10: (38293,30069,8481,65535)  #957521FF  srgba(149,117,33,1)
9,10: (38293,30326,9252,65535)  #957624FF  srgba(149,118,36,1)
10,10: (38293,30326,17733,65535)  #957645FF  srgba(149,118,69,1)
11,10: (38550,9509,3084,65535)  #96250CFF  srgba(150,37,12,1)
12,10: (38550,14135,3084,65535)  #96370CFF  srgba(150,55,12,1)
13,10: (38550,28527,6939,65535)  #966F1BFF  srgba(150,111,27,1)
14,10: (39064,25957,7453,65535)  #98651DFF  srgba(152,101,29,1)
15,10: (39064,29041,7710,65535)  #98711EFF  srgba(152,113,30,1)
0,11: (39064,29298,7196,65535)  #98721CFF  srgba(152,114,28,1)
1,11: (39321,4883,3341,65535)  #99130DFF  srgba(153,19,13,1)
2,11: (39578,28784,7453,65535)  #9A701DFF  srgba(154,112,29,1)
3,11: (39578,29041,7967,65535)  #9A711FFF  srgba(154,113,31,1)
4,11: (39835,27756,7967,65535)  #9B6C1FFF  srgba(155,108,31,1)
5,11: (39835,27756,17219,65535)  #9B6C43FF  srgba(155,108,67,1)
6,11: (40092,28270,6682,65535)  #9C6E1AFF  srgba(156,110,26,1)
7,11: (40349,26214,25443,65535)  #9D6663FF  srgba(157,102,99,1)
8,11: (40349,28013,7196,65535)  #9D6D1CFF  srgba(157,109,28,1)
9,11: (40606,28784,7453,65535)  #9E701DFF  srgba(158,112,29,1)
10,11: (41891,28527,7196,65535)  #A36F1CFF  srgba(163,111,28,1)
11,11: (42148,4626,3855,65535)  #A4120FFF  srgba(164,18,15,1)
12,11: (42148,7967,3855,65535)  #A41F0FFF  srgba(164,31,15,1)
13,11: (42405,14649,5140,65535)  #A53914FF  srgba(165,57,20,1)
14,11: (42405,20560,5654,65535)  #A55016FF  srgba(165,80,22,1)
15,11: (42405,29041,7710,65535)  #A5711EFF  srgba(165,113,30,1)
0,12: (42405,29041,8224,65535)  #A57120FF  srgba(165,113,32,1)
1,12: (42405,29041,10023,65535)  #A57127FF  srgba(165,113,39,1)
2,12: (42662,24158,6425,65535)  #A65E19FF  srgba(166,94,25,1)
3,12: (42662,26985,6682,65535)  #A6691AFF  srgba(166,105,26,1)
4,12: (42919,29041,7967,65535)  #A7711FFF  srgba(167,113,31,1)
5,12: (42919,29041,8481,65535)  #A77121FF  srgba(167,113,33,1)
6,12: (43176,28270,7196,65535)  #A86E1CFF  srgba(168,110,28,1)
7,12: (43433,28270,7710,65535)  #A96E1EFF  srgba(169,110,30,1)
8,12: (43690,26985,8995,65535)  #AA6923FF  srgba(170,105,35,1)
9,12: (44461,19532,8224,65535)  #AD4C20FF  srgba(173,76,32,1)
10,12: (44461,25186,25700,65535)  #AD6264FF  srgba(173,98,100,1)
11,12: (44461,27499,7453,65535)  #AD6B1DFF  srgba(173,107,29,1)
12,12: (44975,28270,7196,65535)  #AF6E1CFF  srgba(175,110,28,1)
13,12: (45232,18761,5654,65535)  #B04916FF  srgba(176,73,22,1)
14,12: (45232,25700,7967,65535)  #B0641FFF  srgba(176,100,31,1)
15,12: (45232,27242,6939,65535)  #B06A1BFF  srgba(176,106,27,1)
0,13: (45489,28270,7710,65535)  #B16E1EFF  srgba(177,110,30,1)
1,13: (45489,28527,8224,65535)  #B16F20FF  srgba(177,111,32,1)
2,13: (45746,5654,4369,65535)  #B21611FF  srgba(178,22,17,1)
3,13: (45746,18761,9252,65535)  #B24924FF  srgba(178,73,36,1)
4,13: (46003,24158,9252,65535)  #B35E24FF  srgba(179,94,36,1)
5,13: (46260,24415,11308,65535)  #B45F2CFF  srgba(180,95,44,1)
6,13: (46517,19532,11051,65535)  #B54C2BFF  srgba(181,76,43,1)
7,13: (46517,27499,7967,65535)  #B56B1FFF  srgba(181,107,31,1)
8,13: (46774,25186,15677,65535)  #B6623DFF  srgba(182,98,61,1)
9,13: (46774,26728,11308,65535)  #B6682CFF  srgba(182,104,44,1)
10,13: (46774,26985,7967,65535)  #B6691FFF  srgba(182,105,31,1)
11,13: (46774,28270,7453,65535)  #B66E1DFF  srgba(182,110,29,1)
12,13: (47031,22102,19018,65535)  #B7564AFF  srgba(183,86,74,1)
13,13: (47031,28527,8481,65535)  #B76F21FF  srgba(183,111,33,1)
14,13: (47288,24158,6682,65535)  #B85E1AFF  srgba(184,94,26,1)
15,13: (47288,28270,8224,65535)  #B86E20FF  srgba(184,110,32,1)
0,14: (47545,27242,7196,65535)  #B96A1CFF  srgba(185,106,28,1)
1,14: (47545,28784,10537,65535)  #B97029FF  srgba(185,112,41,1)
2,14: (47802,23130,21074,65535)  #BA5A52FF  srgba(186,90,82,1)
3,14: (47802,28270,7710,65535)  #BA6E1EFF  srgba(186,110,30,1)
4,14: (48316,26985,8995,65535)  #BC6923FF  srgba(188,105,35,1)
5,14: (48830,28270,8481,65535)  #BE6E21FF  srgba(190,110,33,1)
6,14: (49087,28270,7967,65535)  #BF6E1FFF  srgba(191,110,31,1)
7,14: (49087,28527,8224,65535)  #BF6F20FF  srgba(191,111,32,1)
8,14: (49087,29298,14135,65535)  #BF7237FF  srgba(191,114,55,1)
9,14: (49344,28270,7453,65535)  #C06E1DFF  srgba(192,110,29,1)
10,14: (50372,18504,4369,65535)  #C44811FF  srgba(196,72,17,1)
11,14: (50886,28270,8224,65535)  #C66E20FF  srgba(198,110,32,1)
12,14: (51914,26985,7453,65535)  #CA691DFF  srgba(202,105,29,1)
13,14: (54998,27242,8224,65535)  #D66A20FF  srgba(214,106,32,1)
14,14: (56540,28527,8481,65535)  #DC6F21FF  srgba(220,111,33,1)
15,14: (56797,22873,9766,65535)  #DD5926FF  srgba(221,89,38,1)
0,15: (58082,24415,7196,65535)  #E25F1CFF  srgba(226,95,28,1)
1,15: (58339,21588,6425,65535)  #E35419FF  srgba(227,84,25,1)
2,15: (58853,26214,7453,65535)  #E5661DFF  srgba(229,102,29,1)
3,15: (60652,24929,8224,65535)  #EC6120FF  srgba(236,97,32,1)
4,15: (61166,26985,8224,65535)  #EE6920FF  srgba(238,105,32,1)
5,15: (61937,26728,8995,65535)  #F16823FF  srgba(241,104,35,1)
6,15: (62194,24929,7453,65535)  #F2611DFF  srgba(242,97,29,1)
7,15: (62451,25186,8481,65535)  #F36221FF  srgba(243,98,33,1)
8,15: (62965,25186,7453,65535)  #F5621DFF  srgba(245,98,29,1)
9,15: (62965,25957,8738,65535)  #F56522FF  srgba(245,101,34,1)
10,15: (63222,25700,8224,65535)  #F66420FF  srgba(246,100,32,1)
11,15: (63222,25957,7710,65535)  #F6651EFF  srgba(246,101,30,1)
12,15: (64250,25957,8224,65535)  #FA6520FF  srgba(250,101,32,1)
13,15: (64507,24672,7453,65535)  #FB601DFF  srgba(251,96,29,1)
14,15: (64764,24929,8224,65535)  #FC6120FF  srgba(252,97,32,1)
15,15: (0,65535,0,0)  #00FF0000  srgba(0,255,0,0)
