# ImageMagick pixel enumeration: 16,16,65535,srgba
0,0: (0,0,0,65535)  #000000FF  black
1,0: (257,0,514,65535)  #010002FF  srgba(1,0,2,1)
2,0: (257,0,1285,65535)  #010005FF  srgba(1,0,5,1)
3,0: (257,257,0,65535)  #010100FF  srgba(1,1,0,1)
4,0: (1028,257,2056,65535)  #040108FF  srgba(4,1,8,1)
5,0: (1028,257,5911,65535)  #040117FF  srgba(4,1,23,1)
6,0: (1285,0,1799,65535)  #050007FF  srgba(5,0,7,1)
7,0: (1285,771,21074,65535)  #050352FF  srgba(5,3,82,1)
8,0: (1542,0,13878,65535)  #060036FF  srgba(6,0,54,1)
9,0: (2056,2570,23130,65535)  #080A5AFF  srgba(8,10,90,1)
10,0: (2056,3084,29298,65535)  #080C72FF  srgba(8,12,114,1)
11,0: (2313,1285,14649,65535)  #090539FF  srgba(9,5,57,1)
12,0: (2313,1542,2827,65535)  #09060BFF  srgba(9,6,11,1)
13,0: (2570,2570,2827,65535)  #0A0A0BFF  srgba(10,10,11,1)
14,0: (2827,1028,8995,65535)  #0B0423FF  srgba(11,4,35,1)
15,0: (3341,3855,34695,65535)  #0D0F87FF  srgba(13,15,135,1)
0,1: (3341,4626,3084,65535)  #0D120CFF  srgba(13,18,12,1)
1,1: (3598,1028,5911,65535)  #0E0417FF  srgba(14,4,23,1)
2,1: (3598,5140,41120,65535)  #0E14A0FF  srgba(14,20,160,1)
3,1: (4112,2570,6168,65535)  #100A18FF  srgba(16,10,24,1)
4,1: (4626,4626,6168,65535)  #121218FF  srgba(18,18,24,1)
5,1: (4883,4112,8995,65535)  #131023FF  srgba(19,16,35,1)
6,1: (4883,4112,12336,65535)  #131030FF  srgba(19,16,48,1)
7,1: (6939,2827,4883,65535)  #1B0B13FF  srgba(27,11,19,1)
8,1: (6939,3598,7453,65535)  #1B0E1DFF  srgba(27,14,29,1)
9,1: (7196,3341,11051,65535)  #1C0D2BFF  srgba(28,13,43,1)
10,1: (7196,3855,8738,65535)  #1C0F22FF  srgba(28,15,34,1)
11,1: (7196,6682,6682,65535)  #1C1A1AFF  srgba(28,26,26,1)
12,1: (7710,5140,11051,65535)  #1E142BFF  srgba(30,20,43,1)
13,1: (7710,6682,8995,65535)  #1E1A23FF  srgba(30,26,35,1)
14,1: (7967,6168,11051,65535)  #1F182BFF  srgba(31,24,43,1)
15,1: (8224,7967,11051,65535)  #201F2BFF  srgba(32,31,43,1)
0,2: (8738,2827,32639,65535)  #220B7FFF  srgba(34,11,127,1)
1,2: (8738,5140,40863,65535)  #22149FFF  srgba(34,20,159,1)
2,2: (9252,3598,21845,65535)  #240E55FF  srgba(36,14,85,1)
3,2: (9509,5397,8224,65535)  #251520FF  srgba(37,21,32,1)
4,2: (9509,5654,13878,65535)  #251636FF  srgba(37,22,54,1)
5,2: (9509,5911,33667,65535)  #251783FF  srgba(37,23,131,1)
6,2: (9509,5911,46774,65535)  #2517B6FF  srgba(37,23,182,1)
7,2: (9766,5911,10537,65535)  #261729FF  srgba(38,23,41,1)
8,2: (9766,6168,12079,65535)  #26182FFF  srgba(38,24,47,1)
9,2: (9766,8738,9766,65535)  #262226FF  srgba(38,34,38,1)
10,2: (10023,8995,12079,65535)  #27232FFF  srgba(39,35,47,1)
11,2: (10794,7196,15163,65535)  #2A1C3BFF  srgba(42,28,59,1)
12,2: (10794,7967,13878,65535)  #2A1F36FF  srgba(42,31,54,1)
13,2: (11051,6939,10280,65535)  #2B1B28FF  srgba(43,27,40,1)
14,2: (11051,7196,16705,65535)  #2B1C41FF  srgba(43,28,65,1)
15,2: (11051,8995,12336,65535)  #2B2330FF  srgba(43,35,48,1)
0,3: (11051,9766,10537,65535)  #2B2629FF  srgba(43,38,41,1)
1,3: (11051,12593,11308,65535)  #2B312CFF  srgba(43,49,44,1)
2,3: (11565,10023,13878,65535)  #2D2736FF  srgba(45,39,54,1)
3,3: (11822,9509,19275,65535)  #2E254BFF  srgba(46,37,75,1)
4,3: (12079,8738,10537,65535)  #2F2229FF  srgba(47,34,41,1)
5,3: (12079,9509,12593,65535)  #2F2531FF  srgba(47,37,49,1)
6,3: (12079,10537,15163,65535)  #2F293BFF  srgba(47,41,59,1)
7,3: (12336,10537,16705,65535)  #302941FF  srgba(48,41,65,1)
8,3: (12336,34181,64764,65535)  #3085FCFF  srgba(48,133,252,1)
9,3: (12593,29298,62965,65535)  #3172F5FF  srgba(49,114,245,1)
10,3: (12850,9509,11822,65535)  #32252EFF  srgba(50,37,46,1)
11,3: (13107,12850,14135,65535)  #333237FF  srgba(51,50,55,1)
12,3: (13364,12850,12336,65535)  #343230FF  srgba(52,50,48,1)
13,3: (13364,12850,16191,65535)  #34323FFF  srgba(52,50,63,1)
14,3: (13621,9509,11565,65535)  #35252DFF  srgba(53,37,45,1)
15,3: (13621,10280,14392,65535)  #352838FF  srgba(53,40,56,1)
0,4: (13878,6682,43690,65535)  #361AAAFF  srgba(54,26,170,1)
1,4: (13878,7196,25957,65535)  #361C65FF  srgba(54,28,101,1)
2,4: (13878,9509,19532,65535)  #36254CFF  srgba(54,37,76,1)
3,4: (13878,10023,16191,65535)  #36273FFF  srgba(54,39,63,1)
4,4: (13878,10023,17733,65535)  #362745FF  srgba(54,39,69,1)
5,4: (13878,15163,43690,65535)  #363BAAFF  srgba(54,59,170,1)
6,4: (13878,27499,59110,65535)  #366BE6FF  srgba(54,107,230,1)
7,4: (14392,8995,10794,65535)  #38232AFF  srgba(56,35,42,1)
8,4: (14649,15420,14392,65535)  #393C38FF  srgba(57,60,56,1)
9,4: (14649,27242,64507,65535)  #396AFBFF  srgba(57,106,251,1)
10,4: (15163,14392,19018,65535)  #3B384AFF  srgba(59,56,74,1)
11,4: (15163,15420,16962,65535)  #3B3C42FF  srgba(59,60,66,1)
12,4: (15420,10280,15420,65535)  #3C283CFF  srgba(60,40,60,1)
13,4: (15420,13107,14135,65535)  #3C3337FF  srgba(60,51,55,1)
14,4: (15677,10280,18761,65535)  #3D2849FF  srgba(61,40,73,1)
15,4: (15677,13364,15677,65535)  #3D343DFF  srgba(61,52,61,1)
0,5: (15934,7196,39064,65535)  #3E1C98FF  srgba(62,28,152,1)
1,5: (15934,8481,24929,65535)  #3E2161FF  srgba(62,33,97,1)
2,5: (15934,13364,17219,65535)  #3E3443FF  srgba(62,52,67,1)
3,5: (16191,7710,7710,65535)  #3F1E1EFF  srgba(63,30,30,1)
4,5: (16191,7967,52428,65535)  #3F1FCCFF  srgba(63,31,204,1)
5,5: (16191,17219,16191,65535)  #3F433FFF  srgba(63,67,63,1)
6,5: (16705,15677,20560,65535)  #413D50FF  srgba(65,61,80,1)
7,5: (16962,15677,15934,65535)  #423D3EFF  srgba(66,61,62,1)
8,5: (16962,15934,19018,65535)  #423E4AFF  srgba(66,62,74,1)
9,5: (17219,15934,17733,65535)  #433E45FF  srgba(67,62,69,1)
10,5: (17990,15677,61423,65535)  #463DEFFF  srgba(70,61,239,1)
11,5: (17990,17476,16962,65535)  #464442FF  srgba(70,68,66,1)
12,5: (17990,18761,17219,65535)  #464943FF  srgba(70,73,67,1)
13,5: (17990,19532,17219,65535)  #464C43FF  srgba(70,76,67,1)
14,5: (18247,15934,19018,65535)  #473E4AFF  srgba(71,62,74,1)
15,5: (18247,17476,21845,65535)  #474455FF  srgba(71,68,85,1)
0,6: (18504,17733,20560,65535)  #484550FF  srgba(72,69,80,1)
1,6: (18504,20560,17476,65535)  #485044FF  srgba(72,80,68,1)
2,6: (18761,17990,19275,65535)  #49464BFF  srgba(73,70,75,1)
3,6: (18761,22616,16448,65535)  #495840FF  srgba(73,88,64,1)
4,6: (19018,8738,18247,65535)  #4A2247FF  srgba(74,34,71,1)
5,6: (19018,16448,27242,65535)  #4A406AFF  srgba(74,64,106,1)
6,6: (19018,19532,19018,65535)  #4A4C4AFF  srgba(74,76,74,1)
7,6: (19532,8224,29555,65535)  #4C2073FF  srgba(76,32,115,1)
8,6: (19532,9252,62708,65535)  #4C24F4FF  srgba(76,36,244,1)
9,6: (19532,17990,23130,65535)  #4C465AFF  srgba(76,70,90,1)
10,6: (19789,8224,45489,65535)  #4D20B1FF  srgba(77,32,177,1)
11,6: (19789,21588,19275,65535)  #4D544BFF  srgba(77,84,75,1)
12,6: (20046,8738,56283,65535)  #4E22DBFF  srgba(78,34,219,1)
13,6: (20046,19018,20560,65535)  #4E4A50FF  srgba(78,74,80,1)
14,6: (20046,25186,29555,65535)  #4E6273FF  srgba(78,98,115,1)
15,6: (20560,14649,43433,65535)  #5039A9FF  srgba(80,57,169,1)
0,7: (20817,19789,21588,65535)  #514D54FF  srgba(81,77,84,1)
1,7: (20817,22359,20817,65535)  #515751FF  srgba(81,87,81,1)
2,7: (21074,23130,23130,65535)  #525A5AFF  srgba(82,90,90,1)
3,7: (21331,23130,21845,65535)  #535A55FF  srgba(83,90,85,1)
4,7: (21845,7196,5140,65535)  #551C14FF  srgba(85,28,20,1)
5,7: (22359,9509,62965,65535)  #5725F5FF  srgba(87,37,245,1)
6,7: (22359,22616,20817,65535)  #575851FF  srgba(87,88,81,1)
7,7: (22359,23644,23130,65535)  #575C5AFF  srgba(87,92,90,1)
8,7: (22359,23901,22102,65535)  #575D56FF  srgba(87,93,86,1)
9,7: (23130,23644,22102,65535)  #5A5C56FF  srgba(90,92,86,1)
10,7: (23387,24415,23644,65535)  #5B5F5CFF  srgba(91,95,92,1)
11,7: (23644,26214,23644,65535)  #5C665CFF  srgba(92,102,92,1)
12,7: (23901,23644,22873,65535)  #5D5C59FF  srgba(93,92,89,1)
13,7: (24158,8224,25443,65535)  #5E2063FF  srgba(94,32,99,1)
14,7: (24415,8481,43947,65535)  #5F21ABFF  srgba(95,33,171,1)
15,7: (24415,8995,56026,65535)  #5F23DAFF  srgba(95,35,218,1)
0,8: (24415,9509,63222,65535)  #5F25F6FF  srgba(95,37,246,1)
1,8: (24672,12593,63479,65535)  #6031F7FF  srgba(96,49,247,1)
2,8: (24672,22873,22616,65535)  #605958FF  srgba(96,89,88,1)
3,8: (24929,23130,26471,65535)  #615A67FF  srgba(97,90,103,1)
4,8: (24929,26728,24415,65535)  #61685FFF  srgba(97,104,95,1)
5,8: (25186,14392,42919,65535)  #6238A7FF  srgba(98,56,167,1)
6,8: (25443,13878,53199,65535)  #6336CFFF  srgba(99,54,207,1)
7,8: (25443,26728,26214,65535)  #636866FF  srgba(99,104,102,1)
8,8: (25443,27242,24672,65535)  #636A60FF  srgba(99,106,96,1)
9,8: (25700,23387,28784,65535)  #645B70FF  srgba(100,91,112,1)
10,8: (25957,19275,32896,65535)  #654B80FF  srgba(101,75,128,1)
11,8: (26214,21074,21074,65535)  #665252FF  srgba(102,82,82,1)
12,8: (26471,21845,49344,65535)  #6755C0FF  srgba(103,85,192,1)
13,8: (26471,24415,38807,65535)  #675F97FF  srgba(103,95,151,1)
14,8: (26471,28527,26471,65535)  #676F67FF  srgba(103,111,103,1)
15,8: (26985,28013,23901,65535)  #696D5DFF  srgba(105,109,93,1)
0,9: (27242,9509,63222,65535)  #6A25F6FF  srgba(106,37,246,1)
1,9: (27242,29298,32382,65535)  #6A727EFF  srgba(106,114,126,1)
2,9: (27242,29555,28527,65535)  #6A736FFF  srgba(106,115,111,1)
3,9: (28013,36494,63479,65535)  #6D8EF7FF  srgba(109,142,247,1)
4,9: (28270,24158,62708,65535)  #6E5EF4FF  srgba(110,94,244,1)
5,9: (28784,7710,27756,65535)  #701E6CFF  srgba(112,30,108,1)
6,9: (28784,19789,19018,65535)  #704D4AFF  srgba(112,77,74,1)
7,9: (29041,8224,43947,65535)  #7120ABFF  srgba(113,32,171,1)
8,9: (29298,18761,62451,65535)  #7249F3FF  srgba(114,73,243,1)
9,9: (29812,15163,62965,65535)  #743BF5FF  srgba(116,59,245,1)
10,9: (30583,9509,56797,65535)  #7725DDFF  srgba(119,37,221,1)
11,9: (30840,12850,62965,65535)  #7832F5FF  srgba(120,50,245,1)
12,9: (31097,10023,62965,65535)  #7927F5FF  srgba(121,39,245,1)
13,9: (31354,29041,29812,65535)  #7A7174FF  srgba(122,113,116,1)
14,9: (31868,22102,29555,65535)  #7C5673FF  srgba(124,86,115,1)
15,9: (31868,32639,30326,65535)  #7C7F76FF  srgba(124,127,118,1)
0,10: (32125,19532,17990,65535)  #7D4C46FF  srgba(125,76,70,1)
1,10: (32382,15677,49858,65535)  #7E3DC2FF  srgba(126,61,194,1)
2,10: (32639,21588,37008,65535)  #7F5490FF  srgba(127,84,144,1)
3,10: (32639,24158,48830,65535)  #7F5EBEFF  srgba(127,94,190,1)
4,10: (32639,36751,33153,65535)  #7F8F81FF  srgba(127,143,129,1)
5,10: (33153,32639,34438,65535)  #817F86FF  srgba(129,127,134,1)
6,10: (33410,32382,40863,65535)  #827E9FFF  srgba(130,126,159,1)
7,10: (33667,28013,21331,65535)  #836D53FF  srgba(131,109,83,1)
8,10: (33924,35723,22616,65535)  #848B58FF  srgba(132,139,88,1)
9,10: (35209,17476,63222,65535)  #8944F6FF  srgba(137,68,246,1)
10,10: (36751,38550,43176,65535)  #8F96A8FF  srgba(143,150,168,1)
11,10: (37265,40092,34952,65535)  #919C88FF  srgba(145,156,136,1)
12,10: (38293,17990,63222,65535)  #9546F6FF  srgba(149,70,246,1)
13,10: (38293,37265,35466,65535)  #95918AFF  srgba(149,145,138,1)
14,10: (38550,22359,32896,65535)  #965780FF  srgba(150,87,128,1)
15,10: (38550,32896,36751,65535)  #96808FFF  srgba(150,128,143,1)
0,11: (38550,44975,34695,65535)  #96AF87FF  srgba(150,175,135,1)
1,11: (38807,8224,29555,65535)  #972073FF  srgba(151,32,115,1)
2,11: (38807,22102,40863,65535)  #97569FFF  srgba(151,86,159,1)
3,11: (39064,9252,44975,65535)  #9824AFFF  srgba(152,36,175,1)
4,11: (40092,40349,62708,65535)  #9C9DF4FF  srgba(156,157,244,1)
5,11: (40863,17733,62965,65535)  #9F45F5FF  srgba(159,69,245,1)
6,11: (41120,42919,43947,65535)  #A0A7ABFF  srgba(160,167,171,1)
7,11: (41377,20046,15934,65535)  #A14E3EFF  srgba(161,78,62,1)
8,11: (41377,47288,44975,65535)  #A1B8AFFF  srgba(161,184,175,1)
9,11: (41634,29041,62708,65535)  #A271F4FF  srgba(162,113,244,1)
10,11: (41891,16448,50629,65535)  #A340C5FF  srgba(163,64,197,1)
11,11: (41891,39064,44461,65535)  #A398ADFF  srgba(163,152,173,1)
12,11: (43433,22873,50372,65535)  #A959C4FF  srgba(169,89,196,1)
13,11: (43433,30840,50115,65535)  #A978C3FF  srgba(169,120,195,1)
14,11: (45489,21331,37779,65535)  #B15393FF  srgba(177,83,147,1)
15,11: (45489,31868,39064,65535)  #B17C98FF  srgba(177,124,152,1)
0,12: (46260,53713,62965,65535)  #B4D1F5FF  srgba(180,209,245,1)
1,12: (47288,41120,62194,65535)  #B8A0F2FF  srgba(184,160,242,1)
2,12: (48316,49344,43947,65535)  #BCC0ABFF  srgba(188,192,171,1)
3,12: (48573,19789,61680,65535)  #BD4DF0FF  srgba(189,77,240,1)
4,12: (48830,43690,52171,65535)  #BEAACBFF  srgba(190,170,203,1)
5,12: (49087,41120,40349,65535)  #BFA09DFF  srgba(191,160,157,1)
6,12: (49087,49858,47545,65535)  #BFC2B9FF  srgba(191,194,185,1)
7,12: (49601,41377,46260,65535)  #C1A1B4FF  srgba(193,161,180,1)
8,12: (50372,52171,52171,65535)  #C4CBCBFF  srgba(196,203,203,1)
9,12: (52685,48830,36494,65535)  #CDBE8EFF  srgba(205,190,142,1)
10,12: (53199,34181,20046,65535)  #CF854EFF  srgba(207,133,78,1)
11,12: (55255,54741,61166,65535)  #D7D5EEFF  srgba(215,213,238,1)
12,12: (55512,44461,61680,65535)  #D8ADF0FF  srgba(216,173,240,1)
13,12: (55769,32639,61166,65535)  #D97FEEFF  srgba(217,127,238,1)
14,12: (56026,54741,53970,65535)  #DAD5D2FF  srgba(218,213,210,1)
15,12: (56283,41634,30069,65535)  #DBA275FF  srgba(219,162,117,1)
0,13: (57568,42405,53456,65535)  #E0A5D0FF  srgba(224,165,208,1)
1,13: (57825,21074,50372,65535)  #E152C4FF  srgba(225,82,196,1)
2,13: (57825,21331,38550,65535)  #E15396FF  srgba(225,83,150,1)
3,13: (58339,28527,51143,65535)  #E36FC7FF  srgba(227,111,199,1)
4,13: (58596,55769,61423,65535)  #E4D9EFFF  srgba(228,217,239,1)
5,13: (59624,31868,38036,65535)  #E87C94FF  srgba(232,124,148,1)
6,13: (60395,33153,51400,65535)  #EB81C8FF  srgba(235,129,200,1)
7,13: (61680,52171,61937,65535)  #F0CBF1FF  srgba(240,203,241,1)
8,13: (61680,59624,62708,65535)  #F0E8F4FF  srgba(240,232,244,1)
9,13: (62965,31868,62194,65535)  #F57CF2FF  srgba(245,124,242,1)
10,13: (63222,51914,62451,65535)  #F6CAF3FF  srgba(246,202,243,1)
11,13: (63222,59367,63479,65535)  #F6E7F7FF  srgba(246,231,247,1)
12,13: (63479,37265,62194,65535)  #F791F2FF  srgba(247,145,242,1)
13,13: (63736,40092,62194,65535)  #F89CF2FF  srgba(248,156,242,1)
14,13: (63736,43176,62194,65535)  #F8A8F2FF  srgba(248,168,242,1)
15,13: (63736,45746,21845,65535)  #F8B255FF  srgba(248,178,85,1)
0,14: (63736,47031,60138,65535)  #F8B7EAFF  srgba(248,183,234,1)
1,14: (64250,44461,30069,65535)  #FAAD75FF  srgba(250,173,117,1)
2,14: (64250,47031,63993,65535)  #FAB7F9FF  srgba(250,183,249,1)
3,14: (64250,51657,62965,65535)  #FAC9F5FF  srgba(250,201,245,1)
4,14: (64250,59624,64250,65535)  #FAE8FAFF  srgba(250,232,250,1)
5,14: (64507,40349,48059,65535)  #FB9DBBFF  srgba(251,157,187,1)
6,14: (64507,44204,36751,65535)  #FBAC8FFF  srgba(251,172,143,1)
7,14: (64764,42405,54484,65535)  #FCA5D4FF  srgba(252,165,212,1)
8,14: (64764,46003,47031,65535)  #FCB3B7FF  srgba(252,179,183,1)
9,14: (64764,48573,54741,65535)  #FCBDD5FF  srgba(252,189,213,1)
10,14: (64764,50115,44204,65535)  #FCC3ACFF  srgba(252,195,172,1)
11,14: (64764,51400,33924,65535)  #FCC884FF  srgba(252,200,132,1)
12,14: (65021,54998,42919,65535)  #FDD6A7FF  srgba(253,214,167,1)
13,14: (65021,56797,64507,65535)  #FDDDFBFF  srgba(253,221,251,1)
14,14: (65278,35209,63479,65535)  #FE89F7FF  srgba(254,137,247,1)
15,14: (65278,39578,63736,65535)  #FE9AF8FF  srgba(254,154,248,1)
0,15: (65278,41634,63479,65535)  #FEA2F7FF  srgba(254,162,247,1)
1,15: (65278,44204,61680,65535)  #FEACF0FF  srgba(254,172,240,1)
2,15: (65278,44204,65021,65535)  #FEACFDFF  srgba(254,172,253,1)
3,15: (65278,47288,59110,65535)  #FEB8E6FF  srgba(254,184,230,1)
4,15: (65278,47288,63222,65535)  #FEB8F6FF  srgba(254,184,246,1)
5,15: (65278,47545,65021,65535)  #FEB9FDFF  srgba(254,185,253,1)
6,15: (65278,50372,61423,65535)  #FEC4EFFF  srgba(254,196,239,1)
7,15: (65278,50629,65021,65535)  #FEC5FDFF  srgba(254,197,253,1)
8,15: (65278,62194,65021,65535)  #FEF2FDFF  srgba(254,242,253,1)
9,15: (65535,51914,61680,65535)  #FFCAF0FF  srgba(255,202,240,1)
10,15: (65535,52171,65278,65535)  #FFCBFEFF  srgba(255,203,254,1)
11,15: (65535,52685,64764,65535)  #FFCDFCFF  srgba(255,205,252,1)
12,15: (65535,56540,64764,65535)  #FFDCFCFF  srgba(255,220,252,1)
13,15: (65535,61166,65535,65535)  #FFEEFFFF  srgba(255,238,255,1)
14,15: (65535,61423,65021,65535)  #FFEFFDFF  srgba(255,239,253,1)
15,15: (0,65535,0,0)  #00FF0000  srgba(0,255,0,0)
