# ImageMagick pixel enumeration: 16,16,65535,srgba
0,0: (0,0,0,65535)  #000000FF  black
1,0: (0,0,771,65535)  #000003FF  srgba(0,0,3,1)
2,0: (0,257,0,65535)  #000100FF  srgba(0,1,0,1)
3,0: (0,1028,257,65535)  #000401FF  srgba(0,4,1,1)
4,0: (0,5654,257,65535)  #001601FF  srgba(0,22,1,1)
5,0: (0,8995,1285,65535)  #002305FF  srgba(0,35,5,1)
6,0: (0,12079,1542,65535)  #002F06FF  srgba(0,47,6,1)
7,0: (0,15677,2313,65535)  #003D09FF  srgba(0,61,9,1)
8,0: (257,257,257,65535)  #010101FF  srgba(1,1,1,1)
9,0: (257,257,257,65535)  #010101FF  srgba(1,1,1,1)
10,0: (514,0,0,65535)  #020000FF  srgba(2,0,0,1)
11,0: (771,2827,514,65535)  #030B02FF  srgba(3,11,2,1)
12,0: (1028,0,0,65535)  #040000FF  srgba(4,0,0,1)
13,0: (1028,257,514,65535)  #040102FF  srgba(4,1,2,1)
14,0: (1285,0,771,65535)  #050003FF  srgba(5,0,3,1)
15,0: (1285,1285,1028,65535)  #050504FF  srgba(5,5,4,1)
0,1: (1285,5140,771,65535)  #051403FF  srgba(5,20,3,1)
1,1: (1542,0,0,65535)  #060000FF  srgba(6,0,0,1)
2,1: (1542,18761,3855,65535)  #06490FFF  srgba(6,73,15,1)
3,1: (1799,0,514,65535)  #070002FF  srgba(7,0,2,1)
4,1: (1799,0,1028,65535)  #070004FF  srgba(7,0,4,1)
5,1: (1799,5654,2570,65535)  #07160AFF  srgba(7,22,10,1)
6,1: (1799,27242,7196,65535)  #076A1CFF  srgba(7,106,28,1)
7,1: (2056,0,0,65535)  #080000FF  srgba(8,0,0,1)
8,1: (2056,3084,2570,65535)  #080C0AFF  srgba(8,12,10,1)
9,1: (2056,24415,6682,65535)  #085F1AFF  srgba(8,95,26,1)
10,1: (2056,31868,8481,65535)  #087C21FF  srgba(8,124,33,1)
11,1: (2313,0,1799,65535)  #090007FF  srgba(9,0,7,1)
12,1: (2570,10537,5654,65535)  #0A2916FF  srgba(10,41,22,1)
13,1: (2827,5140,3598,65535)  #0B140EFF  srgba(11,20,14,1)
14,1: (2827,11565,3084,65535)  #0B2D0CFF  srgba(11,45,12,1)
15,1: (2827,21588,6939,65535)  #0B541BFF  srgba(11,84,27,1)
0,2: (3084,8738,3341,65535)  #0C220DFF  srgba(12,34,13,1)
1,2: (3341,0,0,65535)  #0D0000FF  srgba(13,0,0,1)
2,2: (3341,5911,4626,65535)  #0D1712FF  srgba(13,23,18,1)
3,2: (3855,15677,4883,65535)  #0F3D13FF  srgba(15,61,19,1)
4,2: (4626,0,0,65535)  #120000FF  srgba(18,0,0,1)
5,2: (4883,0,0,65535)  #130000FF  srgba(19,0,0,1)
6,2: (4883,18761,9766,65535)  #134926FF  srgba(19,73,38,1)
7,2: (5140,0,257,65535)  #140001FF  srgba(20,0,1,1)
8,2: (5140,10023,5911,65535)  #142717FF  srgba(20,39,23,1)
9,2: (5140,11308,7710,65535)  #142C1EFF  srgba(20,44,30,1)
10,2: (5397,4883,2570,65535)  #15130AFF  srgba(21,19,10,1)
11,2: (5397,15677,9252,65535)  #153D24FF  srgba(21,61,36,1)
12,2: (6168,1285,2056,65535)  #180508FF  srgba(24,5,8,1)
13,2: (6168,6425,5911,65535)  #181917FF  srgba(24,25,23,1)
14,2: (6425,0,0,65535)  #190000FF  srgba(25,0,0,1)
15,2: (6425,257,0,65535)  #190100FF  srgba(25,1,0,1)
0,3: (6939,1285,257,65535)  #1B0501FF  srgba(27,5,1,1)
1,3: (7710,257,514,65535)  #1E0102FF  srgba(30,1,2,1)
2,3: (7710,37008,17219,65535)  #1E9043FF  srgba(30,144,67,1)
3,3: (7967,0,0,65535)  #1F0000FF  srgba(31,0,0,1)
4,3: (7967,10280,7967,65535)  #1F281FFF  srgba(31,40,31,1)
5,3: (8481,0,257,65535)  #210001FF  srgba(33,0,1,1)
6,3: (8738,257,1285,65535)  #220105FF  srgba(34,1,5,1)
7,3: (8738,10280,4112,65535)  #222810FF  srgba(34,40,16,1)
8,3: (8738,22873,14135,65535)  #225937FF  srgba(34,89,55,1)
9,3: (8995,0,0,65535)  #230000FF  srgba(35,0,0,1)
10,3: (8995,4626,1542,65535)  #231206FF  srgba(35,18,6,1)
11,3: (9252,11822,10023,65535)  #242E27FF  srgba(36,46,39,1)
12,3: (9252,24415,9766,65535)  #245F26FF  srgba(36,95,38,1)
13,3: (9509,17990,13364,65535)  #254634FF  srgba(37,70,52,1)
14,3: (9509,31097,16448,65535)  #257940FF  srgba(37,121,64,1)
15,3: (9766,15677,9766,65535)  #263D26FF  srgba(38,61,38,1)
0,4: (9766,21588,9766,65535)  #265426FF  srgba(38,84,38,1)
1,4: (10023,18761,9509,65535)  #274925FF  srgba(39,73,37,1)
2,4: (10280,0,0,65535)  #280000FF  srgba(40,0,0,1)
3,4: (10280,27242,15934,65535)  #286A3EFF  srgba(40,106,62,1)
4,4: (10794,0,514,65535)  #2A0002FF  srgba(42,0,2,1)
5,4: (10794,257,0,65535)  #2A0100FF  srgba(42,1,0,1)
6,4: (11308,0,0,65535)  #2C0000FF  srgba(44,0,0,1)
7,4: (11308,0,257,65535)  #2C0001FF  srgba(44,0,1,1)
8,4: (11308,0,1285,65535)  #2C0005FF  srgba(44,0,5,1)
9,4: (11565,0,257,65535)  #2D0001FF  srgba(45,0,1,1)
10,4: (12336,16962,13878,65535)  #304236FF  srgba(48,66,54,1)
11,4: (12336,22359,15420,65535)  #30573CFF  srgba(48,87,60,1)
12,4: (13107,0,0,65535)  #330000FF  srgba(51,0,0,1)
13,4: (13107,12336,10280,65535)  #333028FF  srgba(51,48,40,1)
14,4: (14392,4626,257,65535)  #381201FF  srgba(56,18,1,1)
15,4: (14392,18761,14906,65535)  #38493AFF  srgba(56,73,58,1)
0,5: (14906,27242,8224,65535)  #3A6A20FF  srgba(58,106,32,1)
1,5: (15163,10537,771,65535)  #3B2903FF  srgba(59,41,3,1)
2,5: (15420,0,0,65535)  #3C0000FF  srgba(60,0,0,1)
3,5: (15420,0,257,65535)  #3C0001FF  srgba(60,0,1,1)
4,5: (15420,1285,771,65535)  #3C0503FF  srgba(60,5,3,1)
5,5: (15420,10794,4626,65535)  #3C2A12FF  srgba(60,42,18,1)
6,5: (15420,22359,17990,65535)  #3C5746FF  srgba(60,87,70,1)
7,5: (15420,32382,7710,65535)  #3C7E1EFF  srgba(60,126,30,1)
8,5: (15934,0,0,65535)  #3E0000FF  srgba(62,0,0,1)
9,5: (16191,5140,4369,65535)  #3F1411FF  srgba(63,20,17,1)
10,5: (16448,3855,2313,65535)  #400F09FF  srgba(64,15,9,1)
11,5: (16448,15677,6425,65535)  #403D19FF  srgba(64,61,25,1)
12,5: (16448,36494,18761,65535)  #408E49FF  srgba(64,142,73,1)
13,5: (16448,43433,24415,65535)  #40A95FFF  srgba(64,169,95,1)
14,5: (16705,257,0,65535)  #410100FF  srgba(65,1,0,1)
15,5: (17219,257,514,65535)  #430102FF  srgba(67,1,2,1)
0,6: (17219,30840,18761,65535)  #437849FF  srgba(67,120,73,1)
1,6: (17476,0,0,65535)  #440000FF  srgba(68,0,0,1)
2,6: (17476,0,514,65535)  #440002FF  srgba(68,0,2,1)
3,6: (17733,0,771,65535)  #450003FF  srgba(69,0,3,1)
4,6: (17733,0,1542,65535)  #450006FF  srgba(69,0,6,1)
5,6: (17990,257,1028,65535)  #460104FF  srgba(70,1,4,1)
6,6: (17990,27499,18504,65535)  #466B48FF  srgba(70,107,72,1)
7,6: (17990,31354,22873,65535)  #467A59FF  srgba(70,122,89,1)
8,6: (18247,37265,24415,65535)  #47915FFF  srgba(71,145,95,1)
9,6: (18504,0,0,65535)  #480000FF  srgba(72,0,0,1)
10,6: (18761,4112,257,65535)  #491001FF  srgba(73,16,1,1)
11,6: (19018,0,0,65535)  #4A0000FF  srgba(74,0,0,1)
12,6: (19018,0,257,65535)  #4A0001FF  srgba(74,0,1,1)
13,6: (19018,19789,14649,65535)  #4A4D39FF  srgba(74,77,57,1)
14,6: (19532,0,257,65535)  #4C0001FF  srgba(76,0,1,1)
15,6: (20046,22616,19532,65535)  #4E584CFF  srgba(78,88,76,1)
0,7: (20303,10537,514,65535)  #4F2902FF  srgba(79,41,2,1)
1,7: (20303,18761,9766,65535)  #4F4926FF  srgba(79,73,38,1)
2,7: (20817,0,0,65535)  #510000FF  srgba(81,0,0,1)
3,7: (20817,0,0,65535)  #510000FF  srgba(81,0,0,1)
4,7: (20817,11308,8481,65535)  #512C21FF  srgba(81,44,33,1)
5,7: (21074,0,514,65535)  #520002FF  srgba(82,0,2,1)
6,7: (21074,257,0,65535)  #520100FF  srgba(82,1,0,1)
7,7: (21074,49344,31611,65535)  #52C07BFF  srgba(82,192,123,1)
8,7: (21588,0,0,65535)  #540000FF  srgba(84,0,0,1)
9,7: (21588,18761,2313,65535)  #544909FF  srgba(84,73,9,1)
10,7: (21588,21588,6168,65535)  #545418FF  srgba(84,84,24,1)
11,7: (21845,1285,1799,65535)  #550507FF  srgba(85,5,7,1)
12,7: (21845,24415,6682,65535)  #555F1AFF  srgba(85,95,26,1)
13,7: (22359,1028,0,65535)  #570400FF  srgba(87,4,0,1)
14,7: (22616,1028,771,65535)  #580403FF  srgba(88,4,3,1)
15,7: (22873,0,0,65535)  #590000FF  srgba(89,0,0,1)
0,8: (22873,15677,4112,65535)  #593D10FF  srgba(89,61,16,1)
1,8: (22873,31097,24929,65535)  #597961FF  srgba(89,121,97,1)
2,8: (22873,39321,29041,65535)  #599971FF  srgba(89,153,113,1)
3,8: (23130,0,257,65535)  #5A0001FF  srgba(90,0,1,1)
4,8: (23130,0,1542,65535)  #5A0006FF  srgba(90,0,6,1)
5,8: (23130,1028,0,65535)  #5A0400FF  srgba(90,4,0,1)
6,8: (23130,10537,4626,65535)  #5A2912FF  srgba(90,41,18,1)
7,8: (23387,0,771,65535)  #5B0003FF  srgba(91,0,3,1)
8,8: (23387,5140,4626,65535)  #5B1412FF  srgba(91,20,18,1)
9,8: (23644,0,0,65535)  #5C0000FF  srgba(92,0,0,1)
10,8: (23644,2827,0,65535)  #5C0B00FF  srgba(92,11,0,1)
11,8: (23644,4112,2570,65535)  #5C100AFF  srgba(92,16,10,1)
12,8: (23644,5397,0,65535)  #5C1500FF  srgba(92,21,0,1)
13,8: (23901,0,514,65535)  #5D0002FF  srgba(93,0,2,1)
14,8: (23901,257,0,65535)  #5D0100FF  srgba(93,1,0,1)
15,8: (23901,3598,1028,65535)  #5D0E04FF  srgba(93,14,4,1)
0,9: (24158,1028,0,65535)  #5E0400FF  srgba(94,4,0,1)
1,9: (24158,10280,514,65535)  #5E2802FF  srgba(94,40,2,1)
2,9: (24415,0,0,65535)  #5F0000FF  srgba(95,0,0,1)
3,9: (25186,0,0,65535)  #620000FF  srgba(98,0,0,1)
4,9: (25186,257,0,65535)  #620100FF  srgba(98,1,0,1)
5,9: (25186,771,0,65535)  #620300FF  srgba(98,3,0,1)
6,9: (25186,1028,257,65535)  #620401FF  srgba(98,4,1,1)
7,9: (25700,0,0,65535)  #640000FF  srgba(100,0,0,1)
8,9: (25700,514,0,65535)  #640200FF  srgba(100,2,0,1)
9,9: (25957,0,0,65535)  #650000FF  srgba(101,0,0,1)
10,9: (25957,514,0,65535)  #650200FF  srgba(101,2,0,1)
11,9: (26214,257,0,65535)  #660100FF  srgba(102,1,0,1)
12,9: (26214,771,0,65535)  #660300FF  srgba(102,3,0,1)
13,9: (26214,771,257,65535)  #660301FF  srgba(102,3,1,1)
14,9: (26471,1028,0,65535)  #670400FF  srgba(103,4,0,1)
15,9: (26728,257,0,65535)  #680100FF  srgba(104,1,0,1)
0,10: (26728,1285,514,65535)  #680502FF  srgba(104,5,2,1)
1,10: (26985,0,0,65535)  #690000FF  srgba(105,0,0,1)
2,10: (26985,1542,257,65535)  #690601FF  srgba(105,6,1,1)
3,10: (26985,2056,1028,65535)  #690804FF  srgba(105,8,4,1)
4,10: (26985,2827,1799,65535)  #690B07FF  srgba(105,11,7,1)
5,10: (26985,3855,2570,65535)  #690F0AFF  srgba(105,15,10,1)
6,10: (27242,0,0,65535)  #6A0000FF  srgba(106,0,0,1)
7,10: (27242,5654,4369,65535)  #6A1611FF  srgba(106,22,17,1)
8,10: (27499,1542,0,65535)  #6B0600FF  srgba(107,6,0,1)
9,10: (27756,3598,0,65535)  #6C0E00FF  srgba(108,14,0,1)
10,10: (27756,3855,0,65535)  #6C0F00FF  srgba(108,15,0,1)
11,10: (28270,34438,27756,65535)  #6E866CFF  srgba(110,134,108,1)
12,10: (29298,3855,1028,65535)  #720F04FF  srgba(114,15,4,1)
13,10: (29298,4112,2056,65535)  #721008FF  srgba(114,16,8,1)
14,10: (29298,5654,3855,65535)  #72160FFF  srgba(114,22,15,1)
15,10: (29298,7967,0,65535)  #721F00FF  srgba(114,31,0,1)
0,11: (29555,11822,4626,65535)  #732E12FF  srgba(115,46,18,1)
1,11: (29812,11051,0,65535)  #742B00FF  srgba(116,43,0,1)
2,11: (29812,11565,1542,65535)  #742D06FF  srgba(116,45,6,1)
3,11: (29812,12336,8995,65535)  #743023FF  srgba(116,48,35,1)
4,11: (29812,19018,9766,65535)  #744A26FF  srgba(116,74,38,1)
5,11: (30326,4626,0,65535)  #761200FF  srgba(118,18,0,1)
6,11: (30326,26728,21331,65535)  #766853FF  srgba(118,104,83,1)
7,11: (30583,4626,0,65535)  #771200FF  srgba(119,18,0,1)
8,11: (30583,23644,0,65535)  #775C00FF  srgba(119,92,0,1)
9,11: (30840,7710,0,65535)  #781E00FF  srgba(120,30,0,1)
10,11: (31097,6168,3598,65535)  #79180EFF  srgba(121,24,14,1)
11,11: (31354,16448,3341,65535)  #7A400DFF  srgba(122,64,13,1)
12,11: (31354,23901,15677,65535)  #7A5D3DFF  srgba(122,93,61,1)
13,11: (31354,40606,32896,65535)  #7A9E80FF  srgba(122,158,128,1)
14,11: (31611,5140,1285,65535)  #7B1405FF  srgba(123,20,5,1)
15,11: (31868,18247,0,65535)  #7C4700FF  srgba(124,71,0,1)
0,12: (32125,15934,0,65535)  #7D3E00FF  srgba(125,62,0,1)
1,12: (32125,47802,33924,65535)  #7DBA84FF  srgba(125,186,132,1)
2,12: (32382,13621,0,65535)  #7E3500FF  srgba(126,53,0,1)
3,12: (32639,11051,0,65535)  #7F2B00FF  srgba(127,43,0,1)
4,12: (32639,39321,24672,65535)  #7F9960FF  srgba(127,153,96,1)
5,12: (32896,7967,0,65535)  #801F00FF  srgba(128,31,0,1)
6,12: (32896,7967,1285,65535)  #801F05FF  srgba(128,31,5,1)
7,12: (32896,18247,0,65535)  #804700FF  srgba(128,71,0,1)
8,12: (33153,33153,17990,65535)  #818146FF  srgba(129,129,70,1)
9,12: (33410,11565,2827,65535)  #822D0BFF  srgba(130,45,11,1)
10,12: (33410,13621,0,65535)  #823500FF  srgba(130,53,0,1)
11,12: (33667,7710,3855,65535)  #831E0FFF  srgba(131,30,15,1)
12,12: (33924,58853,41634,65535)  #84E5A2FF  srgba(132,229,162,1)
13,12: (34181,11051,0,65535)  #852B00FF  srgba(133,43,0,1)
14,12: (34181,22359,3855,65535)  #85570FFF  srgba(133,87,15,1)
15,12: (34438,19789,3598,65535)  #864D0EFF  srgba(134,77,14,1)
0,13: (34695,25186,10023,65535)  #876227FF  srgba(135,98,39,1)
1,13: (34695,32382,4626,65535)  #877E12FF  srgba(135,126,18,1)
2,13: (35209,12336,8738,65535)  #893022FF  srgba(137,48,34,1)
3,13: (35209,48830,39578,65535)  #89BE9AFF  srgba(137,190,154,1)
4,13: (35466,11822,2827,65535)  #8A2E0BFF  srgba(138,46,11,1)
5,13: (35466,19275,9509,65535)  #8A4B25FF  srgba(138,75,37,1)
6,13: (35723,16448,3084,65535)  #8B400CFF  srgba(139,64,12,1)
7,13: (36237,27242,4883,65535)  #8D6A13FF  srgba(141,106,19,1)
8,13: (37008,34695,25957,65535)  #908765FF  srgba(144,135,101,1)
9,13: (37265,24672,4883,65535)  #916013FF  srgba(145,96,19,1)
10,13: (37779,12850,3341,65535)  #93320DFF  srgba(147,50,13,1)
11,13: (38036,37265,10537,65535)  #949129FF  srgba(148,145,41,1)
12,13: (38293,48059,23387,65535)  #95BB5BFF  srgba(149,187,91,1)
13,13: (38807,29041,10280,65535)  #977128FF  srgba(151,113,40,1)
14,13: (38807,32125,10537,65535)  #977D29FF  srgba(151,125,41,1)
15,13: (38807,62194,49858,65535)  #97F2C2FF  srgba(151,242,194,1)
0,14: (39064,14649,9252,65535)  #983924FF  srgba(152,57,36,1)
1,14: (39064,16448,3855,65535)  #98400FFF  srgba(152,64,15,1)
2,14: (39321,20560,8995,65535)  #995023FF  srgba(153,80,35,1)
3,14: (39578,42662,22359,65535)  #9AA657FF  srgba(154,166,87,1)
4,14: (40349,19532,4626,65535)  #9D4C12FF  srgba(157,76,18,1)
5,14: (40606,22359,5397,65535)  #9E5715FF  srgba(158,87,21,1)
6,14: (40863,25186,9509,65535)  #9F6225FF  srgba(159,98,37,1)
7,14: (41120,21588,16705,65535)  #A05441FF  srgba(160,84,65,1)
8,14: (41634,28013,17219,65535)  #A26D43FF  srgba(162,109,67,1)
9,14: (42919,19789,9509,65535)  #A74D25FF  srgba(167,77,37,1)
10,14: (42919,33667,16705,65535)  #A78341FF  srgba(167,131,65,1)
11,14: (43176,39578,20046,65535)  #A89A4EFF  srgba(168,154,78,1)
12,14: (44718,25700,10537,65535)  #AE6429FF  srgba(174,100,41,1)
13,14: (44718,36494,12593,65535)  #AE8E31FF  srgba(174,142,49,1)
14,14: (46003,29041,11822,65535)  #B3712EFF  srgba(179,113,46,1)
15,14: (46260,31868,12336,65535)  #B47C30FF  srgba(180,124,48,1)
0,15: (47031,28784,16962,65535)  #B77042FF  srgba(183,112,66,1)
1,15: (48830,39578,20046,65535)  #BE9A4EFF  srgba(190,154,78,1)
2,15: (49087,35209,16705,65535)  #BF8941FF  srgba(191,137,65,1)
3,15: (49344,45489,22102,65535)  #C0B156FF  srgba(192,177,86,1)
4,15: (50629,30069,18247,65535)  #C57547FF  srgba(197,117,71,1)
5,15: (51914,35723,21845,65535)  #CA8B55FF  srgba(202,139,85,1)
6,15: (54998,40349,23644,65535)  #D69D5CFF  srgba(214,157,92,1)
7,15: (56283,44718,25700,65535)  #DBAE64FF  srgba(219,174,100,1)
8,15: (56797,50372,26728,65535)  #DDC468FF  srgba(221,196,104,1)
9,15: (57825,46517,32639,65535)  #E1B57FFF  srgba(225,181,127,1)
10,15: (58339,63993,52942,65535)  #E3F9CEFF  srgba(227,249,206,1)
11,15: (59110,52685,39321,65535)  #E6CD99FF  srgba(230,205,153,1)
12,15: (60138,54998,33924,65535)  #EAD684FF  srgba(234,214,132,1)
13,15: (61937,60909,45232,65535)  #F1EDB0FF  srgba(241,237,176,1)
14,15: (62965,61166,40092,65535)  #F5EE9CFF  srgba(245,238,156,1)
15,15: (0,65535,0,0)  #00FF0000  srgba(0,255,0,0)
