# ImageMagick pixel enumeration: 16,16,65535,srgba
0,0: (0,0,0,65535)  #000000FF  black
1,0: (0,0,6168,65535)  #000018FF  srgba(0,0,24,1)
2,0: (0,0,9509,65535)  #000025FF  srgba(0,0,37,1)
3,0: (0,0,9509,65535)  #000025FF  srgba(0,0,37,1)
4,0: (0,0,14392,65535)  #000038FF  srgba(0,0,56,1)
5,0: (0,0,14392,65535)  #000038FF  srgba(0,0,56,1)
6,0: (0,0,20303,65535)  #00004FFF  srgba(0,0,79,1)
7,0: (0,0,22102,65535)  #000056FF  srgba(0,0,86,1)
8,0: (0,0,26214,65535)  #000066FF  srgba(0,0,102,1)
9,0: (0,0,32639,65535)  #00007FFF  srgba(0,0,127,1)
10,0: (0,1285,7453,65535)  #00051DFF  srgba(0,5,29,1)
11,0: (0,1285,22102,65535)  #000556FF  srgba(0,5,86,1)
12,0: (0,1542,13364,65535)  #000634FF  srgba(0,6,52,1)
13,0: (0,2313,257,65535)  #000901FF  srgba(0,9,1,1)
14,0: (0,3084,39064,65535)  #000C98FF  srgba(0,12,152,1)
15,0: (0,3855,9509,65535)  #000F25FF  srgba(0,15,37,1)
0,1: (0,3855,16962,65535)  #000F42FF  srgba(0,15,66,1)
1,1: (0,3855,24672,65535)  #000F60FF  srgba(0,15,96,1)
2,1: (0,3855,33410,65535)  #000F82FF  srgba(0,15,130,1)
3,1: (0,4626,45489,65535)  #0012B1FF  srgba(0,18,177,1)
4,1: (0,4883,514,65535)  #001302FF  srgba(0,19,2,1)
5,1: (0,6939,12079,65535)  #001B2FFF  srgba(0,27,47,1)
6,1: (0,6939,23387,65535)  #001B5BFF  srgba(0,27,91,1)
7,1: (0,10023,13878,65535)  #002736FF  srgba(0,39,54,1)
8,1: (0,10280,24415,65535)  #00285FFF  srgba(0,40,95,1)
9,1: (0,10537,35980,65535)  #00298CFF  srgba(0,41,140,1)
10,1: (0,10537,44204,65535)  #0029ACFF  srgba(0,41,172,1)
11,1: (0,12850,50115,65535)  #0032C3FF  srgba(0,50,195,1)
12,1: (0,13107,20560,65535)  #003350FF  srgba(0,51,80,1)
13,1: (0,19018,44461,65535)  #004AADFF  srgba(0,74,173,1)
14,1: (0,19789,57568,65535)  #004DE0FF  srgba(0,77,224,1)
15,1: (0,22102,50886,65535)  #0056C6FF  srgba(0,86,198,1)
0,2: (0,22873,56026,65535)  #0059DAFF  srgba(0,89,218,1)
1,2: (0,22873,61166,65535)  #0059EEFF  srgba(0,89,238,1)
2,2: (0,26214,56797,65535)  #0066DDFF  srgba(0,102,221,1)
3,2: (0,26728,62708,65535)  #0068F4FF  srgba(0,104,244,1)
4,2: (0,29812,58853,65535)  #0074E5FF  srgba(0,116,229,1)
5,2: (0,29812,63479,65535)  #0074F7FF  srgba(0,116,247,1)
6,2: (0,30069,54227,65535)  #0075D3FF  srgba(0,117,211,1)
7,2: (0,32639,58339,65535)  #007FE3FF  srgba(0,127,227,1)
8,2: (0,34181,43433,65535)  #0085A9FF  srgba(0,133,169,1)
9,2: (0,34181,47802,65535)  #0085BAFF  srgba(0,133,186,1)
10,2: (0,34695,54741,65535)  #0087D5FF  srgba(0,135,213,1)
11,2: (0,35209,50629,65535)  #0089C5FF  srgba(0,137,197,1)
12,2: (0,36751,46774,65535)  #008FB6FF  srgba(0,143,182,1)
13,2: (0,37008,42405,65535)  #0090A5FF  srgba(0,144,165,1)
14,2: (257,0,2570,65535)  #01000AFF  srgba(1,0,10,1)
15,2: (257,0,3084,65535)  #01000CFF  srgba(1,0,12,1)
0,3: (257,0,6168,65535)  #010018FF  srgba(1,0,24,1)
1,3: (257,1285,257,65535)  #010501FF  srgba(1,5,1,1)
2,3: (257,14906,56540,65535)  #013ADCFF  srgba(1,58,220,1)
3,3: (257,17476,21845,65535)  #014455FF  srgba(1,68,85,1)
4,3: (257,18761,36237,65535)  #01498DFF  srgba(1,73,141,1)
5,3: (514,0,0,65535)  #020000FF  srgba(2,0,0,1)
6,3: (514,0,257,65535)  #020001FF  srgba(2,0,1,1)
7,3: (514,0,514,65535)  #020002FF  srgba(2,0,2,1)
8,3: (514,514,257,65535)  #020201FF  srgba(2,2,1,1)
9,3: (1285,1028,0,65535)  #050400FF  srgba(5,4,0,1)
10,3: (1542,0,0,65535)  #060000FF  srgba(6,0,0,1)
11,3: (1799,0,1285,65535)  #070005FF  srgba(7,0,5,1)
12,3: (1799,0,1285,65535)  #070005FF  srgba(7,0,5,1)
13,3: (1799,0,4369,65535)  #070011FF  srgba(7,0,17,1)
14,3: (1799,0,4369,65535)  #070011FF  srgba(7,0,17,1)
15,3: (1799,0,8738,65535)  #070022FF  srgba(7,0,34,1)
0,4: (1799,0,9252,65535)  #070024FF  srgba(7,0,36,1)
1,4: (1799,257,0,65535)  #070100FF  srgba(7,1,0,1)
2,4: (1799,1028,0,65535)  #070400FF  srgba(7,4,0,1)
3,4: (1799,1028,3598,65535)  #07040EFF  srgba(7,4,14,1)
4,4: (1799,2056,0,65535)  #070800FF  srgba(7,8,0,1)
5,4: (1799,2056,3084,65535)  #07080CFF  srgba(7,8,12,1)
6,4: (1799,2056,12336,65535)  #070830FF  srgba(7,8,48,1)
7,4: (1799,4112,13107,65535)  #071033FF  srgba(7,16,51,1)
8,4: (1799,7196,3084,65535)  #071C0CFF  srgba(7,28,12,1)
9,4: (1799,7196,15420,65535)  #071C3CFF  srgba(7,28,60,1)
10,4: (1799,10023,10537,65535)  #072729FF  srgba(7,39,41,1)
11,4: (2056,4369,1285,65535)  #081105FF  srgba(8,17,5,1)
12,4: (2056,15163,12079,65535)  #083B2FFF  srgba(8,59,47,1)
13,4: (2056,24415,56026,65535)  #085FDAFF  srgba(8,95,218,1)
14,4: (2056,24929,63479,65535)  #0861F7FF  srgba(8,97,247,1)
15,4: (2570,7453,48059,65535)  #0A1DBBFF  srgba(10,29,187,1)
0,5: (2570,16191,48830,65535)  #0A3FBEFF  srgba(10,63,190,1)
1,5: (2570,18504,58596,65535)  #0A48E4FF  srgba(10,72,228,1)
2,5: (2827,2056,25443,65535)  #0B0863FF  srgba(11,8,99,1)
3,5: (2827,12336,57054,65535)  #0B30DEFF  srgba(11,48,222,1)
4,5: (2827,31611,52171,65535)  #0B7BCBFF  srgba(11,123,203,1)
5,5: (3341,7710,25443,65535)  #0D1E63FF  srgba(13,30,99,1)
6,5: (3341,35723,51143,65535)  #0D8BC7FF  srgba(13,139,199,1)
7,5: (3855,5140,33924,65535)  #0F1484FF  srgba(15,20,132,1)
8,5: (3855,5397,40349,65535)  #0F159DFF  srgba(15,21,157,1)
9,5: (3855,24929,47031,65535)  #0F61B7FF  srgba(15,97,183,1)
10,5: (3855,33410,50372,65535)  #0F82C4FF  srgba(15,130,196,1)
11,5: (4112,0,514,65535)  #100002FF  srgba(16,0,2,1)
12,5: (4369,31611,46260,65535)  #117BB4FF  srgba(17,123,180,1)
13,5: (4626,0,5397,65535)  #120015FF  srgba(18,0,21,1)
14,5: (4626,15420,40349,65535)  #123C9DFF  srgba(18,60,157,1)
15,5: (4626,33410,46003,65535)  #1282B3FF  srgba(18,130,179,1)
0,6: (4883,0,8995,65535)  #130023FF  srgba(19,0,35,1)
1,6: (4883,2827,1542,65535)  #130B06FF  srgba(19,11,6,1)
2,6: (4883,12336,25700,65535)  #133064FF  srgba(19,48,100,1)
3,6: (4883,17219,26471,65535)  #134367FF  srgba(19,67,103,1)
4,6: (5140,0,13878,65535)  #140036FF  srgba(20,0,54,1)
5,6: (5140,3084,8481,65535)  #140C21FF  srgba(20,12,33,1)
6,6: (5140,15677,33924,65535)  #143D84FF  srgba(20,61,132,1)
7,6: (5140,23130,38036,65535)  #145A94FF  srgba(20,90,148,1)
8,6: (5140,24158,59367,65535)  #145EE7FF  srgba(20,94,231,1)
9,6: (5140,31097,40349,65535)  #14799DFF  srgba(20,121,157,1)
10,6: (5397,3341,15420,65535)  #150D3CFF  srgba(21,13,60,1)
11,6: (5654,6425,2827,65535)  #16190BFF  srgba(22,25,11,1)
12,6: (5654,6425,14135,65535)  #161937FF  srgba(22,25,55,1)
13,6: (5654,9509,3598,65535)  #16250EFF  srgba(22,37,14,1)
14,6: (5654,9509,15420,65535)  #16253CFF  srgba(22,37,60,1)
15,6: (5654,12593,4626,65535)  #163112FF  srgba(22,49,18,1)
0,7: (5654,12850,16705,65535)  #163241FF  srgba(22,50,65,1)
1,7: (5654,15677,11822,65535)  #163D2EFF  srgba(22,61,46,1)
2,7: (5911,20817,12593,65535)  #175131FF  srgba(23,81,49,1)
3,7: (7196,22873,28270,65535)  #1C596EFF  srgba(28,89,110,1)
4,7: (7453,10280,57568,65535)  #1D28E0FF  srgba(29,40,224,1)
5,7: (7710,27756,39578,65535)  #1E6C9AFF  srgba(30,108,154,1)
6,7: (8224,24158,58082,65535)  #205EE2FF  srgba(32,94,226,1)
7,7: (8224,30840,50886,65535)  #2078C6FF  srgba(32,120,198,1)
8,7: (8481,33924,40863,65535)  #21849FFF  srgba(33,132,159,1)
9,7: (9252,1542,4369,65535)  #240611FF  srgba(36,6,17,1)
10,7: (9252,4369,24929,65535)  #241161FF  srgba(36,17,97,1)
11,7: (9252,17733,59624,65535)  #2445E8FF  srgba(36,69,232,1)
12,7: (9252,26471,46774,65535)  #2467B6FF  srgba(36,103,182,1)
13,7: (9509,4883,12336,65535)  #251330FF  srgba(37,19,48,1)
14,7: (9509,5654,17733,65535)  #251645FF  srgba(37,22,69,1)
15,7: (9509,7453,4369,65535)  #251D11FF  srgba(37,29,17,1)
0,8: (9509,36237,44975,65535)  #258DAFFF  srgba(37,141,175,1)
1,8: (9766,8738,24929,65535)  #262261FF  srgba(38,34,97,1)
2,8: (10023,8738,48316,65535)  #2722BCFF  srgba(39,34,188,1)
3,8: (10023,30840,31097,65535)  #277879FF  srgba(39,120,121,1)
4,8: (10280,30583,46003,65535)  #2877B3FF  srgba(40,119,179,1)
5,8: (10794,14906,25957,65535)  #2A3A65FF  srgba(42,58,101,1)
6,8: (10794,27756,30326,65535)  #2A6C76FF  srgba(42,108,118,1)
7,8: (11051,17219,48059,65535)  #2B43BBFF  srgba(43,67,187,1)
8,8: (11051,23387,38036,65535)  #2B5B94FF  srgba(43,91,148,1)
9,8: (11565,12336,2570,65535)  #2D300AFF  srgba(45,48,10,1)
10,8: (12079,12336,10537,65535)  #2F3029FF  srgba(47,48,41,1)
11,8: (12336,12336,17219,65535)  #303043FF  srgba(48,48,67,1)
12,8: (12336,16191,6168,65535)  #303F18FF  srgba(48,63,24,1)
13,8: (12336,19789,17990,65535)  #304D46FF  srgba(48,77,70,1)
14,8: (12593,5140,2827,65535)  #31140BFF  srgba(49,20,11,1)
15,8: (12593,5654,9766,65535)  #311626FF  srgba(49,22,38,1)
0,9: (12593,6168,16705,65535)  #311841FF  srgba(49,24,65,1)
1,9: (12593,16191,17733,65535)  #313F45FF  srgba(49,63,69,1)
2,9: (12593,19789,6425,65535)  #314D19FF  srgba(49,77,25,1)
3,9: (12850,25700,7967,65535)  #32641FFF  srgba(50,100,31,1)
4,9: (12850,25957,18504,65535)  #326548FF  srgba(50,101,72,1)
5,9: (13107,9766,58596,65535)  #3326E4FF  srgba(51,38,228,1)
6,9: (13364,22873,27756,65535)  #34596CFF  srgba(52,89,108,1)
7,9: (13364,33667,33410,65535)  #348382FF  srgba(52,131,130,1)
8,9: (13621,24158,56540,65535)  #355EDCFF  srgba(53,94,220,1)
9,9: (13878,38550,41120,65535)  #3696A0FF  srgba(54,150,160,1)
10,9: (14135,8995,35980,65535)  #37238CFF  srgba(55,35,140,1)
11,9: (14649,37522,34952,65535)  #399288FF  srgba(57,146,136,1)
12,9: (14906,26214,46003,65535)  #3A66B3FF  srgba(58,102,179,1)
13,9: (15163,30840,39835,65535)  #3B789BFF  srgba(59,120,155,1)
14,9: (15420,6168,7710,65535)  #3C181EFF  srgba(60,24,30,1)
15,9: (15420,6682,17476,65535)  #3C1A44FF  srgba(60,26,68,1)
0,10: (15677,14649,35466,65535)  #3D398AFF  srgba(61,57,138,1)
1,10: (15677,18504,38293,65535)  #3D4895FF  srgba(61,72,149,1)
2,10: (16191,27499,39321,65535)  #3F6B99FF  srgba(63,107,153,1)
3,10: (16448,40606,49087,65535)  #409EBFFF  srgba(64,158,191,1)
4,10: (16705,5911,24672,65535)  #411760FF  srgba(65,23,96,1)
5,10: (16705,18247,32896,65535)  #414780FF  srgba(65,71,128,1)
6,10: (16962,9766,25186,65535)  #422662FF  srgba(66,38,98,1)
7,10: (16962,12593,25700,65535)  #423164FF  srgba(66,49,100,1)
8,10: (17476,16962,24158,65535)  #44425EFF  srgba(68,66,94,1)
9,10: (17476,36494,52171,65535)  #448ECBFF  srgba(68,142,203,1)
10,10: (17733,13878,10023,65535)  #453627FF  srgba(69,54,39,1)
11,10: (17733,23387,37522,65535)  #455B92FF  srgba(69,91,146,1)
12,10: (17733,30840,30326,65535)  #457876FF  srgba(69,120,118,1)
13,10: (17990,6682,8738,65535)  #461A22FF  srgba(70,26,34,1)
14,10: (17990,7196,17990,65535)  #461C46FF  srgba(70,28,70,1)
15,10: (17990,13878,18504,65535)  #463648FF  srgba(70,54,72,1)
0,11: (17990,16962,28784,65535)  #464270FF  srgba(70,66,112,1)
1,11: (17990,19018,8738,65535)  #464A22FF  srgba(70,74,34,1)
2,11: (17990,19018,18761,65535)  #464A49FF  srgba(70,74,73,1)
3,11: (17990,25700,7710,65535)  #46641EFF  srgba(70,100,30,1)
4,11: (17990,25700,18247,65535)  #466447FF  srgba(70,100,71,1)
5,11: (18247,27499,29298,65535)  #476B72FF  srgba(71,107,114,1)
6,11: (18247,48316,50886,65535)  #47BCC6FF  srgba(71,188,198,1)
7,11: (18761,22873,27756,65535)  #49596CFF  srgba(73,89,108,1)
8,11: (20560,7196,13878,65535)  #501C36FF  srgba(80,28,54,1)
9,11: (21588,14649,15163,65535)  #54393BFF  srgba(84,57,59,1)
10,11: (21845,20560,15420,65535)  #55503CFF  srgba(85,80,60,1)
11,11: (21845,25957,13364,65535)  #556534FF  srgba(85,101,52,1)
12,11: (23901,20303,26214,65535)  #5D4F66FF  srgba(93,79,102,1)
13,11: (24158,9766,28270,65535)  #5E266EFF  srgba(94,38,110,1)
14,11: (24158,16191,30326,65535)  #5E3F76FF  srgba(94,63,118,1)
15,11: (24158,20046,33410,65535)  #5E4E82FF  srgba(94,78,130,1)
0,12: (24158,25957,26214,65535)  #5E6566FF  srgba(94,101,102,1)
1,12: (24158,26214,32896,65535)  #5E6680FF  srgba(94,102,128,1)
2,12: (24415,13107,29555,65535)  #5F3373FF  srgba(95,51,115,1)
3,12: (24929,7710,14906,65535)  #611E3AFF  srgba(97,30,58,1)
4,12: (25443,26728,38293,65535)  #636895FF  srgba(99,104,149,1)
5,12: (25700,18247,36494,65535)  #64478EFF  srgba(100,71,142,1)
6,12: (25700,19532,41120,65535)  #644CA0FF  srgba(100,76,160,1)
7,12: (25700,23130,16191,65535)  #645A3FFF  srgba(100,90,63,1)
8,12: (25957,19532,38293,65535)  #654C95FF  srgba(101,76,149,1)
9,12: (25957,29041,46260,65535)  #6571B4FF  srgba(101,113,180,1)
10,12: (26214,28013,41634,65535)  #666DA2FF  srgba(102,109,162,1)
11,12: (26214,40349,56540,65535)  #669DDCFF  srgba(102,157,220,1)
12,12: (26985,52942,54484,65535)  #69CED4FF  srgba(105,206,212,1)
13,12: (27499,14906,15934,65535)  #6B3A3EFF  srgba(107,58,62,1)
14,12: (28013,11822,30840,65535)  #6D2E78FF  srgba(109,46,120,1)
15,12: (28013,16191,31097,65535)  #6D3F79FF  srgba(109,63,121,1)
0,13: (28013,42405,44204,65535)  #6DA5ACFF  srgba(109,165,172,1)
1,13: (28270,21074,29812,65535)  #6E5274FF  srgba(110,82,116,1)
2,13: (28270,27756,30069,65535)  #6E6C75FF  srgba(110,108,117,1)
3,13: (28270,34695,40092,65535)  #6E879CFF  srgba(110,135,156,1)
4,13: (28527,40606,47802,65535)  #6F9EBAFF  srgba(111,158,186,1)
5,13: (28527,40863,38293,65535)  #6F9F95FF  srgba(111,159,149,1)
6,13: (28527,47545,48316,65535)  #6FB9BCFF  srgba(111,185,188,1)
7,13: (28784,34438,32896,65535)  #708680FF  srgba(112,134,128,1)
8,13: (28784,34695,46003,65535)  #7087B3FF  srgba(112,135,179,1)
9,13: (29812,40092,51400,65535)  #749CC8FF  srgba(116,156,200,1)
10,13: (29812,54227,60395,65535)  #74D3EBFF  srgba(116,211,235,1)
11,13: (30069,16448,37008,65535)  #754090FF  srgba(117,64,144,1)
12,13: (30069,18761,40606,65535)  #75499EFF  srgba(117,73,158,1)
13,13: (30069,28527,42405,65535)  #756FA5FF  srgba(117,111,165,1)
14,13: (30069,48059,51914,65535)  #75BBCAFF  srgba(117,187,202,1)
15,13: (30069,48059,57311,65535)  #75BBDFFF  srgba(117,187,223,1)
0,14: (31097,16705,30326,65535)  #794176FF  srgba(121,65,118,1)
1,14: (32125,23387,17476,65535)  #7D5B44FF  srgba(125,91,68,1)
2,14: (32125,27756,30326,65535)  #7D6C76FF  srgba(125,108,118,1)
3,14: (32639,15934,39578,65535)  #7F3E9AFF  srgba(127,62,154,1)
4,14: (32639,27756,42405,65535)  #7F6CA5FF  srgba(127,108,165,1)
5,14: (32896,54484,54741,65535)  #80D4D5FF  srgba(128,212,213,1)
6,14: (33153,17733,29812,65535)  #814574FF  srgba(129,69,116,1)
7,14: (33410,40606,56540,65535)  #829EDCFF  srgba(130,158,220,1)
8,14: (34695,55769,61166,65535)  #87D9EEFF  srgba(135,217,238,1)
9,14: (36237,30326,42148,65535)  #8D76A4FF  srgba(141,118,164,1)
10,14: (36751,35466,36494,65535)  #8F8A8EFF  srgba(143,138,142,1)
11,14: (37008,36237,45232,65535)  #908DB0FF  srgba(144,141,176,1)
12,14: (37265,22616,38036,65535)  #915894FF  srgba(145,88,148,1)
13,14: (37265,42919,41377,65535)  #91A7A1FF  srgba(145,167,161,1)
14,14: (37265,45232,47802,65535)  #91B0BAFF  srgba(145,176,186,1)
15,14: (37522,19275,28784,65535)  #924B70FF  srgba(146,75,112,1)
0,15: (37522,22359,44718,65535)  #9257AEFF  srgba(146,87,174,1)
1,15: (38807,28013,30583,65535)  #976D77FF  srgba(151,109,119,1)
2,15: (39064,54741,55512,65535)  #98D5D8FF  srgba(152,213,216,1)
3,15: (39064,55769,62708,65535)  #98D9F4FF  srgba(152,217,244,1)
4,15: (40349,39578,53970,65535)  #9D9AD2FF  srgba(157,154,210,1)
5,15: (40349,45746,54741,65535)  #9DB2D5FF  srgba(157,178,213,1)
6,15: (42919,30583,42405,65535)  #A777A5FF  srgba(167,119,165,1)
7,15: (43690,53456,59110,65535)  #AAD0E6FF  srgba(170,208,230,1)
8,15: (44461,35980,38550,65535)  #AD8C96FF  srgba(173,140,150,1)
9,15: (44975,43690,43176,65535)  #AFAAA8FF  srgba(175,170,168,1)
10,15: (45489,37265,46517,65535)  #B191B5FF  srgba(177,145,181,1)
11,15: (45746,44975,48316,65535)  #B2AFBCFF  srgba(178,175,188,1)
12,15: (46003,42919,55255,65535)  #B3A7D7FF  srgba(179,167,215,1)
13,15: (49344,51143,58596,65535)  #C0C7E4FF  srgba(192,199,228,1)
14,15: (51914,43690,56026,65535)  #CAAADAFF  srgba(202,170,218,1)
15,15: (0,65535,0,0)  #00FF0000  srgba(0,255,0,0)
