# ImageMagick pixel enumeration: 16,16,65535,srgba
0,0: (0,0,0,65535)  #000000FF  black
1,0: (0,0,0,65535)  #000000FF  black
2,0: (0,0,514,65535)  #000002FF  srgba(0,0,2,1)
3,0: (0,0,1028,65535)  #000004FF  srgba(0,0,4,1)
4,0: (0,0,1542,65535)  #000006FF  srgba(0,0,6,1)
5,0: (0,0,2570,65535)  #00000AFF  srgba(0,0,10,1)
6,0: (0,0,3341,65535)  #00000DFF  srgba(0,0,13,1)
7,0: (0,0,4112,65535)  #000010FF  srgba(0,0,16,1)
8,0: (0,0,5140,65535)  #000014FF  srgba(0,0,20,1)
9,0: (0,0,5911,65535)  #000017FF  srgba(0,0,23,1)
10,0: (0,0,6682,65535)  #00001AFF  srgba(0,0,26,1)
11,0: (0,0,7453,65535)  #00001DFF  srgba(0,0,29,1)
12,0: (0,0,8224,65535)  #000020FF  srgba(0,0,32,1)
13,0: (0,0,8995,65535)  #000023FF  srgba(0,0,35,1)
14,0: (0,0,10280,65535)  #000028FF  srgba(0,0,40,1)
15,0: (0,0,11051,65535)  #00002BFF  srgba(0,0,43,1)
0,1: (0,0,11822,65535)  #00002EFF  srgba(0,0,46,1)
1,1: (0,0,12079,65535)  #00002FFF  srgba(0,0,47,1)
2,1: (0,0,12593,65535)  #000031FF  srgba(0,0,49,1)
3,1: (0,0,13621,65535)  #000035FF  srgba(0,0,53,1)
4,1: (0,0,14649,65535)  #000039FF  srgba(0,0,57,1)
5,1: (0,0,15420,65535)  #00003CFF  srgba(0,0,60,1)
6,1: (0,0,16448,65535)  #000040FF  srgba(0,0,64,1)
7,1: (0,0,17219,65535)  #000043FF  srgba(0,0,67,1)
8,1: (0,0,18247,65535)  #000047FF  srgba(0,0,71,1)
9,1: (0,0,18761,65535)  #000049FF  srgba(0,0,73,1)
10,1: (0,0,19532,65535)  #00004CFF  srgba(0,0,76,1)
11,1: (0,0,20303,65535)  #00004FFF  srgba(0,0,79,1)
12,1: (0,0,21331,65535)  #000053FF  srgba(0,0,83,1)
13,1: (0,0,22359,65535)  #000057FF  srgba(0,0,87,1)
14,1: (0,0,22616,65535)  #000058FF  srgba(0,0,88,1)
15,1: (0,0,23644,65535)  #00005CFF  srgba(0,0,92,1)
0,2: (0,0,23644,65535)  #00005CFF  srgba(0,0,92,1)
1,2: (0,0,23901,65535)  #00005DFF  srgba(0,0,93,1)
2,2: (0,0,24672,65535)  #000060FF  srgba(0,0,96,1)
3,2: (0,0,25186,65535)  #000062FF  srgba(0,0,98,1)
4,2: (0,0,25700,65535)  #000064FF  srgba(0,0,100,1)
5,2: (0,0,26214,65535)  #000066FF  srgba(0,0,102,1)
6,2: (0,0,27242,65535)  #00006AFF  srgba(0,0,106,1)
7,2: (0,0,28013,65535)  #00006DFF  srgba(0,0,109,1)
8,2: (0,0,28270,65535)  #00006EFF  srgba(0,0,110,1)
9,2: (0,0,28270,65535)  #00006EFF  srgba(0,0,110,1)
10,2: (0,0,29041,65535)  #000071FF  srgba(0,0,113,1)
11,2: (0,0,29812,65535)  #000074FF  srgba(0,0,116,1)
12,2: (0,0,29812,65535)  #000074FF  srgba(0,0,116,1)
13,2: (0,0,30840,65535)  #000078FF  srgba(0,0,120,1)
14,2: (0,0,31354,65535)  #00007AFF  srgba(0,0,122,1)
15,2: (0,0,31868,65535)  #00007CFF  srgba(0,0,124,1)
0,3: (0,0,31868,65535)  #00007CFF  srgba(0,0,124,1)
1,3: (0,0,32639,65535)  #00007FFF  srgba(0,0,127,1)
2,3: (0,0,33410,65535)  #000082FF  srgba(0,0,130,1)
3,3: (0,0,34181,65535)  #000085FF  srgba(0,0,133,1)
4,3: (0,0,34181,65535)  #000085FF  srgba(0,0,133,1)
5,3: (0,0,35209,65535)  #000089FF  srgba(0,0,137,1)
6,3: (0,0,35466,65535)  #00008AFF  srgba(0,0,138,1)
7,3: (0,0,36494,65535)  #00008EFF  srgba(0,0,142,1)
8,3: (0,0,37008,65535)  #000090FF  srgba(0,0,144,1)
9,3: (0,0,38036,65535)  #000094FF  srgba(0,0,148,1)
10,3: (0,0,38293,65535)  #000095FF  srgba(0,0,149,1)
11,3: (0,0,39835,65535)  #00009BFF  srgba(0,0,155,1)
12,3: (0,0,40349,65535)  #00009DFF  srgba(0,0,157,1)
13,3: (0,0,40349,65535)  #00009DFF  srgba(0,0,157,1)
14,3: (0,0,40863,65535)  #00009FFF  srgba(0,0,159,1)
15,3: (0,0,42148,65535)  #0000A4FF  srgba(0,0,164,1)
0,4: (0,0,42919,65535)  #0000A7FF  srgba(0,0,167,1)
1,4: (0,0,43690,65535)  #0000AAFF  srgba(0,0,170,1)
2,4: (0,0,43947,65535)  #0000ABFF  srgba(0,0,171,1)
3,4: (0,0,45489,65535)  #0000B1FF  srgba(0,0,177,1)
4,4: (0,0,46003,65535)  #0000B3FF  srgba(0,0,179,1)
5,4: (0,0,46774,65535)  #0000B6FF  srgba(0,0,182,1)
6,4: (0,0,47545,65535)  #0000B9FF  srgba(0,0,185,1)
7,4: (0,0,47802,65535)  #0000BAFF  srgba(0,0,186,1)
8,4: (0,0,48316,65535)  #0000BCFF  srgba(0,0,188,1)
9,4: (0,0,48573,65535)  #0000BDFF  srgba(0,0,189,1)
10,4: (0,0,49087,65535)  #0000BFFF  srgba(0,0,191,1)
11,4: (0,0,49858,65535)  #0000C2FF  srgba(0,0,194,1)
12,4: (0,0,50629,65535)  #0000C5FF  srgba(0,0,197,1)
13,4: (0,0,50886,65535)  #0000C6FF  srgba(0,0,198,1)
14,4: (0,0,52171,65535)  #0000CBFF  srgba(0,0,203,1)
15,4: (0,0,52171,65535)  #0000CBFF  srgba(0,0,203,1)
0,5: (0,0,52428,65535)  #0000CCFF  srgba(0,0,204,1)
1,5: (0,0,53456,65535)  #0000D0FF  srgba(0,0,208,1)
2,5: (0,0,53456,65535)  #0000D0FF  srgba(0,0,208,1)
3,5: (0,0,55255,65535)  #0000D7FF  srgba(0,0,215,1)
4,5: (0,0,55769,65535)  #0000D9FF  srgba(0,0,217,1)
5,5: (0,0,55769,65535)  #0000D9FF  srgba(0,0,217,1)
6,5: (0,0,58339,65535)  #0000E3FF  srgba(0,0,227,1)
7,5: (0,0,60138,65535)  #0000EAFF  srgba(0,0,234,1)
8,5: (0,257,33924,65535)  #000184FF  srgba(0,1,132,1)
9,5: (257,0,2056,65535)  #010008FF  srgba(1,0,8,1)
10,5: (257,0,13621,65535)  #010035FF  srgba(1,0,53,1)
11,5: (257,0,18761,65535)  #010049FF  srgba(1,0,73,1)
12,5: (257,0,22102,65535)  #010056FF  srgba(1,0,86,1)
13,5: (257,0,27242,65535)  #01006AFF  srgba(1,0,106,1)
14,5: (257,0,31097,65535)  #010079FF  srgba(1,0,121,1)
15,5: (257,0,33924,65535)  #010084FF  srgba(1,0,132,1)
0,6: (257,0,35209,65535)  #010089FF  srgba(1,0,137,1)
1,6: (257,0,36494,65535)  #01008EFF  srgba(1,0,142,1)
2,6: (257,0,47031,65535)  #0100B7FF  srgba(1,0,183,1)
3,6: (257,257,55512,65535)  #0101D8FF  srgba(1,1,216,1)
4,6: (514,0,0,65535)  #020000FF  srgba(2,0,0,1)
5,6: (514,0,41634,65535)  #0200A2FF  srgba(2,0,162,1)
6,6: (514,0,51914,65535)  #0200CAFF  srgba(2,0,202,1)
7,6: (1285,0,15677,65535)  #05003DFF  srgba(5,0,61,1)
8,6: (1542,0,0,65535)  #060000FF  srgba(6,0,0,1)
9,6: (1542,0,46774,65535)  #0600B6FF  srgba(6,0,182,1)
10,6: (1799,0,2313,65535)  #070009FF  srgba(7,0,9,1)
11,6: (1799,0,3855,65535)  #07000FFF  srgba(7,0,15,1)
12,6: (1799,0,5654,65535)  #070016FF  srgba(7,0,22,1)
13,6: (1799,0,41634,65535)  #0700A2FF  srgba(7,0,162,1)
14,6: (2056,0,29812,65535)  #080074FF  srgba(8,0,116,1)
15,6: (2056,0,37008,65535)  #080090FF  srgba(8,0,144,1)
0,7: (2313,0,0,65535)  #090000FF  srgba(9,0,0,1)
1,7: (2313,0,26728,65535)  #090068FF  srgba(9,0,104,1)
2,7: (2313,0,33410,65535)  #090082FF  srgba(9,0,130,1)
3,7: (2827,0,514,65535)  #0B0002FF  srgba(11,0,2,1)
4,7: (3341,0,0,65535)  #0D0000FF  srgba(13,0,0,1)
5,7: (3855,0,2313,65535)  #0F0009FF  srgba(15,0,9,1)
6,7: (3855,0,41377,65535)  #0F00A1FF  srgba(15,0,161,1)
7,7: (4112,0,4883,65535)  #100013FF  srgba(16,0,19,1)
8,7: (4369,0,0,65535)  #110000FF  srgba(17,0,0,1)
9,7: (4369,0,3598,65535)  #11000EFF  srgba(17,0,14,1)
10,7: (4369,0,35466,65535)  #11008AFF  srgba(17,0,138,1)
11,7: (4626,0,30583,65535)  #120077FF  srgba(18,0,119,1)
12,7: (5140,0,0,65535)  #140000FF  srgba(20,0,0,1)
13,7: (5654,0,2313,65535)  #160009FF  srgba(22,0,9,1)
14,7: (5654,0,26214,65535)  #160066FF  srgba(22,0,102,1)
15,7: (6168,0,0,65535)  #180000FF  srgba(24,0,0,1)
0,8: (6168,0,35209,65535)  #180089FF  srgba(24,0,137,1)
1,8: (6425,0,30069,65535)  #190075FF  srgba(25,0,117,1)
2,8: (7196,0,22102,65535)  #1C0056FF  srgba(28,0,86,1)
3,8: (7453,0,0,65535)  #1D0000FF  srgba(29,0,0,1)
4,8: (7710,0,2056,65535)  #1E0008FF  srgba(30,0,8,1)
5,8: (7967,0,25700,65535)  #1F0064FF  srgba(31,0,100,1)
6,8: (8224,0,17990,65535)  #200046FF  srgba(32,0,70,1)
7,8: (8481,0,0,65535)  #210000FF  srgba(33,0,0,1)
8,8: (8481,0,3598,65535)  #21000EFF  srgba(33,0,14,1)
9,8: (8738,0,31097,65535)  #220079FF  srgba(34,0,121,1)
10,8: (8995,0,2827,65535)  #23000BFF  srgba(35,0,11,1)
11,8: (8995,0,5911,65535)  #230017FF  srgba(35,0,23,1)
12,8: (10023,0,0,65535)  #270000FF  srgba(39,0,0,1)
13,8: (10280,0,2056,65535)  #280008FF  srgba(40,0,8,1)
14,8: (10794,0,25443,65535)  #2A0063FF  srgba(42,0,99,1)
15,8: (11051,0,21588,65535)  #2B0054FF  srgba(43,0,84,1)
0,9: (11308,0,0,65535)  #2C0000FF  srgba(44,0,0,1)
1,9: (11308,0,17219,65535)  #2C0043FF  srgba(44,0,67,1)
2,9: (12593,0,257,65535)  #310001FF  srgba(49,0,1,1)
3,9: (13878,0,257,65535)  #360001FF  srgba(54,0,1,1)
4,9: (14392,0,22359,65535)  #380057FF  srgba(56,0,87,1)
5,9: (14649,0,3855,65535)  #39000FFF  srgba(57,0,15,1)
6,9: (14906,0,1542,65535)  #3A0006FF  srgba(58,0,6,1)
7,9: (14906,0,2313,65535)  #3A0009FF  srgba(58,0,9,1)
8,9: (14906,0,8995,65535)  #3A0023FF  srgba(58,0,35,1)
9,9: (14906,0,19018,65535)  #3A004AFF  srgba(58,0,74,1)
10,9: (15163,0,257,65535)  #3B0001FF  srgba(59,0,1,1)
11,9: (15420,0,13621,65535)  #3C0035FF  srgba(60,0,53,1)
12,9: (15420,0,16448,65535)  #3C0040FF  srgba(60,0,64,1)
13,9: (16705,0,257,65535)  #410001FF  srgba(65,0,1,1)
14,9: (17733,0,514,65535)  #450002FF  srgba(69,0,2,1)
15,9: (18247,0,2827,65535)  #47000BFF  srgba(71,0,11,1)
0,10: (18504,0,1799,65535)  #480007FF  srgba(72,0,7,1)
1,10: (18761,0,514,65535)  #490002FF  srgba(73,0,2,1)
2,10: (19018,0,3598,65535)  #4A000EFF  srgba(74,0,14,1)
3,10: (19275,0,9252,65535)  #4B0024FF  srgba(75,0,36,1)
4,10: (19789,0,771,65535)  #4D0003FF  srgba(77,0,3,1)
5,10: (19789,0,17733,65535)  #4D0045FF  srgba(77,0,69,1)
6,10: (20046,0,5140,65535)  #4E0014FF  srgba(78,0,20,1)
7,10: (20046,0,13364,65535)  #4E0034FF  srgba(78,0,52,1)
8,10: (20303,0,2827,65535)  #4F000BFF  srgba(79,0,11,1)
9,10: (20817,0,1799,65535)  #510007FF  srgba(81,0,7,1)
10,10: (21588,0,3855,65535)  #54000FFF  srgba(84,0,15,1)
11,10: (21845,0,514,65535)  #550002FF  srgba(85,0,2,1)
12,10: (22359,0,1799,65535)  #570007FF  srgba(87,0,7,1)
13,10: (22616,0,2827,65535)  #58000BFF  srgba(88,0,11,1)
14,10: (23130,0,771,65535)  #5A0003FF  srgba(90,0,3,1)
15,10: (23130,0,5140,65535)  #5A0014FF  srgba(90,0,20,1)
0,11: (23130,0,7710,65535)  #5A001EFF  srgba(90,0,30,1)
1,11: (23387,0,3598,65535)  #5B000EFF  srgba(91,0,14,1)
2,11: (23901,0,1799,65535)  #5D0007FF  srgba(93,0,7,1)
3,11: (24415,0,514,65535)  #5F0002FF  srgba(95,0,2,1)
4,11: (24415,0,16191,65535)  #5F003FFF  srgba(95,0,63,1)
5,11: (24672,0,12850,65535)  #600032FF  srgba(96,0,50,1)
6,11: (25186,0,2056,65535)  #620008FF  srgba(98,0,8,1)
7,11: (25700,0,514,65535)  #640002FF  srgba(100,0,2,1)
8,11: (25957,0,3598,65535)  #65000EFF  srgba(101,0,14,1)
9,11: (26214,0,2313,65535)  #660009FF  srgba(102,0,9,1)
10,11: (26214,0,4626,65535)  #660012FF  srgba(102,0,18,1)
11,11: (26214,0,5654,65535)  #660016FF  srgba(102,0,22,1)
12,11: (27242,0,9252,65535)  #6A0024FF  srgba(106,0,36,1)
13,11: (27499,0,6682,65535)  #6B001AFF  srgba(107,0,26,1)
14,11: (27756,0,771,65535)  #6C0003FF  srgba(108,0,3,1)
15,11: (27756,0,2313,65535)  #6C0009FF  srgba(108,0,9,1)
0,12: (28527,0,3598,65535)  #6F000EFF  srgba(111,0,14,1)
1,12: (28784,0,4626,65535)  #700012FF  srgba(112,0,18,1)
2,12: (29041,0,5397,65535)  #710015FF  srgba(113,0,21,1)
3,12: (29298,0,2313,65535)  #720009FF  srgba(114,0,9,1)
4,12: (29298,0,14135,65535)  #720037FF  srgba(114,0,55,1)
5,12: (29812,0,771,65535)  #740003FF  srgba(116,0,3,1)
6,12: (30326,0,2313,65535)  #760009FF  srgba(118,0,9,1)
7,12: (30326,0,3598,65535)  #76000EFF  srgba(118,0,14,1)
8,12: (31354,0,2313,65535)  #7A0009FF  srgba(122,0,9,1)
9,12: (31611,0,771,65535)  #7B0003FF  srgba(123,0,3,1)
10,12: (31611,0,4626,65535)  #7B0012FF  srgba(123,0,18,1)
11,12: (31611,0,5140,65535)  #7B0014FF  srgba(123,0,20,1)
12,12: (31611,0,6939,65535)  #7B001BFF  srgba(123,0,27,1)
13,12: (31868,0,3598,65535)  #7C000EFF  srgba(124,0,14,1)
14,12: (32382,0,2313,65535)  #7E0009FF  srgba(126,0,9,1)
15,12: (33667,0,514,65535)  #830002FF  srgba(131,0,2,1)
0,13: (33667,0,2827,65535)  #83000BFF  srgba(131,0,11,1)
1,13: (33924,0,3084,65535)  #84000CFF  srgba(132,0,12,1)
2,13: (34181,0,4883,65535)  #850013FF  srgba(133,0,19,1)
3,13: (34438,0,5911,65535)  #860017FF  srgba(134,0,23,1)
4,13: (35466,0,7967,65535)  #8A001FFF  srgba(138,0,31,1)
5,13: (35466,0,8481,65535)  #8A0021FF  srgba(138,0,33,1)
6,13: (35723,0,2313,65535)  #8B0009FF  srgba(139,0,9,1)
7,13: (35723,0,3855,65535)  #8B000FFF  srgba(139,0,15,1)
8,13: (35723,0,6682,65535)  #8B001AFF  srgba(139,0,26,1)
9,13: (35723,257,13364,65535)  #8B0134FF  srgba(139,1,52,1)
10,13: (36237,0,4883,65535)  #8D0013FF  srgba(141,0,19,1)
11,13: (36237,0,5911,65535)  #8D0017FF  srgba(141,0,23,1)
12,13: (37008,0,771,65535)  #900003FF  srgba(144,0,3,1)
13,13: (38036,0,2313,65535)  #940009FF  srgba(148,0,9,1)
14,13: (38036,0,3855,65535)  #94000FFF  srgba(148,0,15,1)
15,13: (38293,0,5140,65535)  #950014FF  srgba(149,0,20,1)
0,14: (38293,0,6168,65535)  #950018FF  srgba(149,0,24,1)
1,14: (38807,0,7196,65535)  #97001CFF  srgba(151,0,28,1)
2,14: (39321,0,7196,65535)  #99001CFF  srgba(153,0,28,1)
3,14: (39321,0,8738,65535)  #990022FF  srgba(153,0,34,1)
4,14: (40092,0,2313,65535)  #9C0009FF  srgba(156,0,9,1)
5,14: (40092,0,3855,65535)  #9C000FFF  srgba(156,0,15,1)
6,14: (40349,0,4883,65535)  #9D0013FF  srgba(157,0,19,1)
7,14: (40349,0,6168,65535)  #9D0018FF  srgba(157,0,24,1)
8,14: (40863,0,771,65535)  #9F0003FF  srgba(159,0,3,1)
9,14: (42148,0,2570,65535)  #A4000AFF  srgba(164,0,10,1)
10,14: (42148,0,4626,65535)  #A40012FF  srgba(164,0,18,1)
11,14: (42405,0,2827,65535)  #A5000BFF  srgba(165,0,11,1)
12,14: (42919,0,5654,65535)  #A70016FF  srgba(167,0,22,1)
13,14: (42919,0,6682,65535)  #A7001AFF  srgba(167,0,26,1)
14,14: (42919,0,7453,65535)  #A7001DFF  srgba(167,0,29,1)
15,14: (43433,0,771,65535)  #A90003FF  srgba(169,0,3,1)
0,15: (43690,0,4369,65535)  #AA0011FF  srgba(170,0,17,1)
1,15: (43947,0,2827,65535)  #AB000BFF  srgba(171,0,11,1)
2,15: (44718,0,514,65535)  #AE0002FF  srgba(174,0,2,1)
3,15: (45232,0,2313,65535)  #B00009FF  srgba(176,0,9,1)
4,15: (45232,0,3598,65535)  #B0000EFF  srgba(176,0,14,1)
5,15: (45746,0,4883,65535)  #B20013FF  srgba(178,0,19,1)
6,15: (45746,0,5911,65535)  #B20017FF  srgba(178,0,23,1)
7,15: (45746,0,7196,65535)  #B2001CFF  srgba(178,0,28,1)
8,15: (46517,0,514,65535)  #B50002FF  srgba(181,0,2,1)
9,15: (46774,0,3084,65535)  #B6000CFF  srgba(182,0,12,1)
10,15: (47802,0,4626,65535)  #BA0012FF  srgba(186,0,18,1)
11,15: (47802,0,6682,65535)  #BA001AFF  srgba(186,0,26,1)
12,15: (48830,0,3084,65535)  #BE000CFF  srgba(190,0,12,1)
13,15: (49087,0,4626,65535)  #BF0012FF  srgba(191,0,18,1)
14,15: (49344,0,6939,65535)  #C0001BFF  srgba(192,0,27,1)
15,15: (0,65535,0,0)  #00FF0000  srgba(0,255,0,0)
