# ImageMagick pixel enumeration: 16,16,65535,srgba
0,0: (0,10023,0,65535)  #002700FF  srgba(0,39,0,1)
1,0: (0,12850,0,65535)  #003200FF  srgba(0,50,0,1)
2,0: (0,14906,0,65535)  #003A00FF  srgba(0,58,0,1)
3,0: (257,12593,0,65535)  #013100FF  srgba(1,49,0,1)
4,0: (1028,0,1285,65535)  #040005FF  srgba(4,0,5,1)
5,0: (1028,0,1285,65535)  #040005FF  srgba(4,0,5,1)
6,0: (1285,0,1028,65535)  #050004FF  srgba(5,0,4,1)
7,0: (1799,0,3341,65535)  #07000DFF  srgba(7,0,13,1)
8,0: (1799,0,3341,65535)  #07000DFF  srgba(7,0,13,1)
9,0: (2313,0,0,65535)  #090000FF  srgba(9,0,0,1)
10,0: (2313,16448,0,65535)  #094000FF  srgba(9,64,0,1)
11,0: (2570,5397,0,65535)  #0A1500FF  srgba(10,21,0,1)
12,0: (2827,0,0,65535)  #0B0000FF  srgba(11,0,0,1)
13,0: (3084,1799,0,65535)  #0C0700FF  srgba(12,7,0,1)
14,0: (3084,4626,0,65535)  #0C1200FF  srgba(12,18,0,1)
15,0: (3341,0,0,65535)  #0D0000FF  srgba(13,0,0,1)
0,1: (3341,8481,0,65535)  #0D2100FF  srgba(13,33,0,1)
1,1: (3855,0,1285,65535)  #0F0005FF  srgba(15,0,5,1)
2,1: (4112,19275,0,65535)  #104B00FF  srgba(16,75,0,1)
3,1: (4369,0,0,65535)  #110000FF  srgba(17,0,0,1)
4,1: (4369,0,771,65535)  #110003FF  srgba(17,0,3,1)
5,1: (4626,0,0,65535)  #120000FF  srgba(18,0,0,1)
6,1: (4883,0,0,65535)  #130000FF  srgba(19,0,0,1)
7,1: (4883,14392,0,65535)  #133800FF  srgba(19,56,0,1)
8,1: (4883,14649,0,65535)  #133900FF  srgba(19,57,0,1)
9,1: (4883,17990,0,65535)  #134600FF  srgba(19,70,0,1)
10,1: (5397,4112,0,65535)  #151000FF  srgba(21,16,0,1)
11,1: (5397,9252,0,65535)  #152400FF  srgba(21,36,0,1)
12,1: (5397,12079,0,65535)  #152F00FF  srgba(21,47,0,1)
13,1: (5654,0,0,65535)  #160000FF  srgba(22,0,0,1)
14,1: (6168,0,4112,65535)  #180010FF  srgba(24,0,16,1)
15,1: (6168,0,4369,65535)  #180011FF  srgba(24,0,17,1)
0,2: (6168,514,0,65535)  #180200FF  srgba(24,2,0,1)
1,2: (6425,514,1285,65535)  #190205FF  srgba(25,2,5,1)
2,2: (6939,0,0,65535)  #1B0000FF  srgba(27,0,0,1)
3,2: (6939,0,7967,65535)  #1B001FFF  srgba(27,0,31,1)
4,2: (6939,8738,771,65535)  #1B2203FF  srgba(27,34,3,1)
5,2: (6939,14649,771,65535)  #1B3903FF  srgba(27,57,3,1)
6,2: (7196,0,7967,65535)  #1C001FFF  srgba(28,0,31,1)
7,2: (7453,257,0,65535)  #1D0100FF  srgba(29,1,0,1)
8,2: (7453,1542,4112,65535)  #1D0610FF  srgba(29,6,16,1)
9,2: (7710,4369,0,65535)  #1E1100FF  srgba(30,17,0,1)
10,2: (7710,8481,0,65535)  #1E2100FF  srgba(30,33,0,1)
11,2: (7967,12079,4112,65535)  #1F2F10FF  srgba(31,47,16,1)
12,2: (8224,0,0,65535)  #200000FF  srgba(32,0,0,1)
13,2: (8481,0,11308,65535)  #21002CFF  srgba(33,0,44,1)
14,2: (8481,0,11308,65535)  #21002CFF  srgba(33,0,44,1)
15,2: (8481,1799,7967,65535)  #21071FFF  srgba(33,7,31,1)
0,3: (8481,3341,1028,65535)  #210D04FF  srgba(33,13,4,1)
1,3: (8738,12593,0,65535)  #223100FF  srgba(34,49,0,1)
2,3: (8995,4626,4112,65535)  #231210FF  srgba(35,18,16,1)
3,3: (8995,8224,7967,65535)  #23201FFF  srgba(35,32,31,1)
4,3: (9252,0,0,65535)  #240000FF  srgba(36,0,0,1)
5,3: (9252,1285,13878,65535)  #240536FF  srgba(36,5,54,1)
6,3: (9252,4883,11308,65535)  #24132CFF  srgba(36,19,44,1)
7,3: (9509,0,0,65535)  #250000FF  srgba(37,0,0,1)
8,3: (9509,1799,16448,65535)  #250740FF  srgba(37,7,64,1)
9,3: (9766,2570,19275,65535)  #260A4BFF  srgba(38,10,75,1)
10,3: (9766,3598,24415,65535)  #260E5FFF  srgba(38,14,95,1)
11,3: (10023,3084,0,65535)  #270C00FF  srgba(39,12,0,1)
12,3: (10280,0,0,65535)  #280000FF  srgba(40,0,0,1)
13,3: (10280,8995,0,65535)  #282300FF  srgba(40,35,0,1)
14,3: (11565,0,0,65535)  #2D0000FF  srgba(45,0,0,1)
15,3: (12336,0,0,65535)  #300000FF  srgba(48,0,0,1)
0,4: (12336,9766,0,65535)  #302600FF  srgba(48,38,0,1)
1,4: (12593,0,8738,65535)  #310022FF  srgba(49,0,34,1)
2,4: (12593,0,15420,65535)  #31003CFF  srgba(49,0,60,1)
3,4: (12593,2056,6425,65535)  #310819FF  srgba(49,8,25,1)
4,4: (12593,5911,1542,65535)  #311706FF  srgba(49,23,6,1)
5,4: (12850,1799,12336,65535)  #320730FF  srgba(50,7,48,1)
6,4: (12850,5397,9766,65535)  #321526FF  srgba(50,21,38,1)
7,4: (12850,8481,8995,65535)  #322123FF  srgba(50,33,35,1)
8,4: (12850,8738,1799,65535)  #322207FF  srgba(50,34,7,1)
9,4: (12850,12593,18761,65535)  #323149FF  srgba(50,49,73,1)
10,4: (12850,12850,8481,65535)  #323221FF  srgba(50,50,33,1)
11,4: (12850,14392,2056,65535)  #323808FF  srgba(50,56,8,1)
12,4: (12850,15934,0,65535)  #323E00FF  srgba(50,62,0,1)
13,4: (13107,0,21845,65535)  #330055FF  srgba(51,0,85,1)
14,4: (13107,514,0,65535)  #330200FF  srgba(51,2,0,1)
15,4: (13107,1542,15934,65535)  #33063EFF  srgba(51,6,62,1)
0,5: (13107,5397,14906,65535)  #33153AFF  srgba(51,21,58,1)
1,5: (13107,8738,19275,65535)  #33224BFF  srgba(51,34,75,1)
2,5: (13364,1285,21331,65535)  #340553FF  srgba(52,5,83,1)
3,5: (13364,5397,20817,65535)  #341551FF  srgba(52,21,81,1)
4,5: (13621,0,0,65535)  #350000FF  srgba(53,0,0,1)
5,5: (15677,0,0,65535)  #3D0000FF  srgba(61,0,0,1)
6,5: (15677,0,0,65535)  #3D0000FF  srgba(61,0,0,1)
7,5: (15677,0,31868,65535)  #3D007CFF  srgba(61,0,124,1)
8,5: (15934,0,0,65535)  #3E0000FF  srgba(62,0,0,1)
9,5: (15934,1542,771,65535)  #3E0603FF  srgba(62,6,3,1)
10,5: (15934,6425,4112,65535)  #3E1910FF  srgba(62,25,16,1)
11,5: (15934,9766,4626,65535)  #3E2612FF  srgba(62,38,18,1)
12,5: (16191,0,8995,65535)  #3F0023FF  srgba(63,0,35,1)
13,5: (16191,0,18247,65535)  #3F0047FF  srgba(63,0,71,1)
14,5: (16191,2570,15163,65535)  #3F0A3BFF  srgba(63,10,59,1)
15,5: (16191,2827,8995,65535)  #3F0B23FF  srgba(63,11,35,1)
0,6: (16191,5911,12593,65535)  #3F1731FF  srgba(63,23,49,1)
1,6: (16191,16448,2827,65535)  #3F400BFF  srgba(63,64,11,1)
2,6: (16191,17990,0,65535)  #3F4600FF  srgba(63,70,0,1)
3,6: (16448,0,24929,65535)  #400061FF  srgba(64,0,97,1)
4,6: (16448,2056,23901,65535)  #40085DFF  srgba(64,8,93,1)
5,6: (16448,2570,19275,65535)  #400A4BFF  srgba(64,10,75,1)
6,6: (16448,6168,20560,65535)  #401850FF  srgba(64,24,80,1)
7,6: (16448,9252,19275,65535)  #40244BFF  srgba(64,36,75,1)
8,6: (16448,14392,12850,65535)  #403832FF  srgba(64,56,50,1)
9,6: (16962,4112,30840,65535)  #421078FF  srgba(66,16,120,1)
10,6: (17476,7967,30583,65535)  #441F77FF  srgba(68,31,119,1)
11,6: (17733,0,28270,65535)  #45006EFF  srgba(69,0,110,1)
12,6: (18247,1028,47545,65535)  #4704B9FF  srgba(71,4,185,1)
13,6: (18247,6939,42148,65535)  #471BA4FF  srgba(71,27,164,1)
14,6: (19018,0,31354,65535)  #4A007AFF  srgba(74,0,122,1)
15,6: (19018,1285,39578,65535)  #4A059AFF  srgba(74,5,154,1)
0,7: (19275,0,0,65535)  #4B0000FF  srgba(75,0,0,1)
1,7: (19532,257,2056,65535)  #4C0108FF  srgba(76,1,8,1)
2,7: (19532,1028,12079,65535)  #4C042FFF  srgba(76,4,47,1)
3,7: (19532,4369,16962,65535)  #4C1142FF  srgba(76,17,66,1)
4,7: (19532,7967,7710,65535)  #4C1F1EFF  srgba(76,31,30,1)
5,7: (19532,7967,17476,65535)  #4C1F44FF  srgba(76,31,68,1)
6,7: (19532,14649,2570,65535)  #4C390AFF  srgba(76,57,10,1)
7,7: (19789,514,24672,65535)  #4D0260FF  srgba(77,2,96,1)
8,7: (19789,1028,18761,65535)  #4D0449FF  srgba(77,4,73,1)
9,7: (19789,4369,23130,65535)  #4D115AFF  srgba(77,17,90,1)
10,7: (19789,4626,8481,65535)  #4D1221FF  srgba(77,18,33,1)
11,7: (19789,7967,23901,65535)  #4D1F5DFF  srgba(77,31,93,1)
12,7: (19789,10794,19789,65535)  #4D2A4DFF  srgba(77,42,77,1)
13,7: (19789,22873,1285,65535)  #4D5905FF  srgba(77,89,5,1)
14,7: (20046,14906,16448,65535)  #4E3A40FF  srgba(78,58,64,1)
15,7: (20817,10023,30583,65535)  #512777FF  srgba(81,39,119,1)
0,8: (21074,4369,30583,65535)  #521177FF  srgba(82,17,119,1)
1,8: (21331,10280,41891,65535)  #5328A3FF  srgba(83,40,163,1)
2,8: (21588,1028,49344,65535)  #5404C0FF  srgba(84,4,192,1)
3,8: (21845,0,30069,65535)  #550075FF  srgba(85,0,117,1)
4,8: (21845,7967,30583,65535)  #551F77FF  srgba(85,31,119,1)
5,8: (22102,6425,54998,65535)  #5619D6FF  srgba(86,25,214,1)
6,8: (22359,13107,31097,65535)  #573379FF  srgba(87,51,121,1)
7,8: (22616,13878,42148,65535)  #5836A4FF  srgba(88,54,164,1)
8,8: (22873,1028,57568,65535)  #5904E0FF  srgba(89,4,224,1)
9,8: (23387,771,25186,65535)  #5B0362FF  srgba(91,3,98,1)
10,8: (23387,1028,7710,65535)  #5B041EFF  srgba(91,4,30,1)
11,8: (23387,1285,21074,65535)  #5B0552FF  srgba(91,5,82,1)
12,8: (23387,1542,16705,65535)  #5B0641FF  srgba(91,6,65,1)
13,8: (23387,5140,8481,65535)  #5B1421FF  srgba(91,20,33,1)
14,8: (23387,5140,17733,65535)  #5B1445FF  srgba(91,20,69,1)
15,8: (23387,5397,24158,65535)  #5B155EFF  srgba(91,21,94,1)
0,9: (23387,9252,13621,65535)  #5B2435FF  srgba(91,36,53,1)
1,9: (23387,9252,25186,65535)  #5B2462FF  srgba(91,36,98,1)
2,9: (23387,19789,4626,65535)  #5B4D12FF  srgba(91,77,18,1)
3,9: (23644,14906,20560,65535)  #5C3A50FF  srgba(92,58,80,1)
4,9: (24415,4369,30840,65535)  #5F1178FF  srgba(95,17,120,1)
5,9: (24415,6939,41891,65535)  #5F1BA3FF  srgba(95,27,163,1)
6,9: (24415,13621,55512,65535)  #5F35D8FF  srgba(95,53,216,1)
7,9: (24672,257,30583,65535)  #600177FF  srgba(96,1,119,1)
8,9: (25186,7967,30840,65535)  #621F78FF  srgba(98,31,120,1)
9,9: (25957,1542,39578,65535)  #65069AFF  srgba(101,6,154,1)
10,9: (25957,1542,48573,65535)  #6506BDFF  srgba(101,6,189,1)
11,9: (26728,9509,56283,65535)  #6825DBFF  srgba(104,37,219,1)
12,9: (27242,1028,58853,65535)  #6A04E5FF  srgba(106,4,229,1)
13,9: (27242,6682,57311,65535)  #6A1ADFFF  srgba(106,26,223,1)
14,9: (27756,4112,31611,65535)  #6C107BFF  srgba(108,16,123,1)
15,9: (28013,1285,24929,65535)  #6D0561FF  srgba(109,5,97,1)
0,10: (28270,1799,10537,65535)  #6E0729FF  srgba(110,7,41,1)
1,10: (28270,1799,19789,65535)  #6E074DFF  srgba(110,7,77,1)
2,10: (28270,6682,23901,65535)  #6E1A5DFF  srgba(110,26,93,1)
3,10: (28270,10280,42405,65535)  #6E28A5FF  srgba(110,40,165,1)
4,10: (28270,10537,24158,65535)  #6E295EFF  srgba(110,41,94,1)
5,10: (28270,17733,8995,65535)  #6E4523FF  srgba(110,69,35,1)
6,10: (28527,6682,11308,65535)  #6F1A2CFF  srgba(111,26,44,1)
7,10: (28527,10794,11051,65535)  #6F2A2BFF  srgba(111,42,43,1)
8,10: (28527,16191,22102,65535)  #6F3F56FF  srgba(111,63,86,1)
9,10: (28784,10280,31868,65535)  #70287CFF  srgba(112,40,124,1)
10,10: (29041,14135,42405,65535)  #7137A5FF  srgba(113,55,165,1)
11,10: (29298,257,31868,65535)  #72017CFF  srgba(114,1,124,1)
12,10: (30069,13878,56283,65535)  #7536DBFF  srgba(117,54,219,1)
13,10: (30583,7967,32382,65535)  #771F7EFF  srgba(119,31,126,1)
14,10: (31097,13878,32639,65535)  #79367FFF  srgba(121,54,127,1)
15,10: (31611,6939,39321,65535)  #7B1B99FF  srgba(123,27,153,1)
0,11: (31611,7196,45232,65535)  #7B1CB0FF  srgba(123,28,176,1)
1,11: (32382,1799,39578,65535)  #7E079AFF  srgba(126,7,154,1)
2,11: (32382,4369,32382,65535)  #7E117EFF  srgba(126,17,126,1)
3,11: (32639,2056,48573,65535)  #7F08BDFF  srgba(127,8,189,1)
4,11: (32896,1028,60395,65535)  #8004EBFF  srgba(128,4,235,1)
5,11: (32896,6682,59881,65535)  #801AE9FF  srgba(128,26,233,1)
6,11: (33153,1285,56797,65535)  #8105DDFF  srgba(129,5,221,1)
7,11: (33153,6682,54998,65535)  #811AD6FF  srgba(129,26,214,1)
8,11: (33410,10794,42662,65535)  #822AA6FF  srgba(130,42,166,1)
9,11: (33667,15677,42662,65535)  #833DA6FF  srgba(131,61,166,1)
10,11: (34181,4112,23901,65535)  #85105DFF  srgba(133,16,93,1)
11,11: (34181,5397,12850,65535)  #851532FF  srgba(133,21,50,1)
12,11: (34181,9766,56797,65535)  #8526DDFF  srgba(133,38,221,1)
13,11: (34181,14649,56026,65535)  #8539DAFF  srgba(133,57,218,1)
14,11: (38293,14135,22359,65535)  #953757FF  srgba(149,55,87,1)
15,11: (38293,14906,10023,65535)  #953A27FF  srgba(149,58,39,1)
0,12: (39064,3084,55512,65535)  #980CD8FF  srgba(152,12,216,1)
1,12: (39064,3855,49087,65535)  #980FBFFF  srgba(152,15,191,1)
2,12: (39835,2570,59881,65535)  #9B0AE9FF  srgba(155,10,233,1)
3,12: (39835,10537,50886,65535)  #9B29C6FF  srgba(155,41,198,1)
4,12: (40092,2827,57568,65535)  #9C0BE0FF  srgba(156,11,224,1)
5,12: (40349,9766,58082,65535)  #9D26E2FF  srgba(157,38,226,1)
6,12: (40863,4369,33153,65535)  #9F1181FF  srgba(159,17,129,1)
7,12: (40863,4369,41120,65535)  #9F11A0FF  srgba(159,17,160,1)
8,12: (41120,6682,15934,65535)  #A01A3EFF  srgba(160,26,62,1)
9,12: (41120,14649,50886,65535)  #A039C6FF  srgba(160,57,198,1)
10,12: (41377,10280,43176,65535)  #A128A8FF  srgba(161,40,168,1)
11,12: (41891,12850,57825,65535)  #A332E1FF  srgba(163,50,225,1)
12,12: (42148,10280,33924,65535)  #A42884FF  srgba(164,40,132,1)
13,12: (42662,6425,24672,65535)  #A61960FF  srgba(166,25,96,1)
14,12: (42919,17476,57568,65535)  #A744E0FF  srgba(167,68,224,1)
15,12: (43176,14649,43690,65535)  #A839AAFF  srgba(168,57,170,1)
0,13: (43176,17476,43947,65535)  #A844ABFF  srgba(168,68,171,1)
1,13: (43690,3341,55512,65535)  #AA0DD8FF  srgba(170,13,216,1)
2,13: (43947,4369,49344,65535)  #AB11C0FF  srgba(171,17,192,1)
3,13: (45232,20303,39321,65535)  #B04F99FF  srgba(176,79,153,1)
4,13: (45489,14649,34695,65535)  #B13987FF  srgba(177,57,135,1)
5,13: (45746,10537,51657,65535)  #B229C9FF  srgba(178,41,201,1)
6,13: (46003,17990,51657,65535)  #B346C9FF  srgba(179,70,201,1)
7,13: (46517,9766,57568,65535)  #B526E0FF  srgba(181,38,224,1)
8,13: (46517,22359,51143,65535)  #B557C7FF  srgba(181,87,199,1)
9,13: (46774,17476,34438,65535)  #B64486FF  srgba(182,68,134,1)
10,13: (47031,3084,59367,65535)  #B70CE7FF  srgba(183,12,231,1)
11,13: (47031,3341,57568,65535)  #B70DE0FF  srgba(183,13,224,1)
12,13: (47802,24929,38550,65535)  #BA6196FF  srgba(186,97,150,1)
13,13: (49344,5140,38036,65535)  #C01494FF  srgba(192,20,148,1)
14,13: (49601,13621,20817,65535)  #C13551FF  srgba(193,53,81,1)
15,13: (49858,3855,55512,65535)  #C20FD8FF  srgba(194,15,216,1)
0,14: (50115,12593,57311,65535)  #C331DFFF  srgba(195,49,223,1)
1,14: (50115,23130,15677,65535)  #C35A3DFF  srgba(195,90,61,1)
2,14: (50372,14649,51914,65535)  #C439CAFF  srgba(196,57,202,1)
3,14: (51657,10280,35723,65535)  #C9288BFF  srgba(201,40,139,1)
4,14: (51657,17990,57054,65535)  #C946DEFF  srgba(201,70,222,1)
5,14: (52171,9766,57311,65535)  #CB26DFFF  srgba(203,38,223,1)
6,14: (52428,4369,51657,65535)  #CC11C9FF  srgba(204,17,201,1)
7,14: (53456,10537,53713,65535)  #D029D1FF  srgba(208,41,209,1)
8,14: (53456,23130,24158,65535)  #D05A5EFF  srgba(208,90,94,1)
9,14: (53970,3084,59367,65535)  #D20CE7FF  srgba(210,12,231,1)
10,14: (53970,3341,57311,65535)  #D20DDFFF  srgba(210,13,223,1)
11,14: (54998,4883,47031,65535)  #D613B7FF  srgba(214,19,183,1)
12,14: (56283,5911,39835,65535)  #DB179BFF  srgba(219,23,155,1)
13,14: (56540,3855,55512,65535)  #DC0FD8FF  srgba(220,15,216,1)
14,14: (56797,10537,47802,65535)  #DD29BAFF  srgba(221,41,186,1)
15,14: (57311,10280,37265,65535)  #DF2891FF  srgba(223,40,145,1)
0,15: (58339,15677,38036,65535)  #E33D94FF  srgba(227,61,148,1)
1,15: (58596,23387,35723,65535)  #E45B8BFF  srgba(228,91,139,1)
2,15: (58853,12850,57054,65535)  #E532DEFF  srgba(229,50,222,1)
3,15: (59881,9766,57054,65535)  #E926DEFF  srgba(233,38,222,1)
4,15: (59881,15163,47802,65535)  #E93BBAFF  srgba(233,59,186,1)
5,15: (59881,16448,56797,65535)  #E940DDFF  srgba(233,64,221,1)
6,15: (59881,21588,56540,65535)  #E954DCFF  srgba(233,84,220,1)
7,15: (59881,22873,47288,65535)  #E959B8FF  srgba(233,89,184,1)
8,15: (60138,21845,53199,65535)  #EA55CFFF  srgba(234,85,207,1)
9,15: (60395,15163,53456,65535)  #EB3BD0FF  srgba(235,59,208,1)
10,15: (60652,4369,51914,65535)  #EC11CAFF  srgba(236,17,202,1)
11,15: (60909,2827,59624,65535)  #ED0BE8FF  srgba(237,11,232,1)
12,15: (60909,3341,57311,65535)  #ED0DDFFF  srgba(237,13,223,1)
13,15: (61423,10794,53456,65535)  #EF2AD0FF  srgba(239,42,208,1)
14,15: (61937,3855,55255,65535)  #F10FD7FF  srgba(241,15,215,1)
15,15: (0,65535,0,0)  #00FF0000  srgba(0,255,0,0)
