# ImageMagick pixel enumeration: 16,16,65535,srgba
0,0: (0,0,257,65535)  #000001FF  srgba(0,0,1,1)
1,0: (0,0,514,65535)  #000002FF  srgba(0,0,2,1)
2,0: (0,0,2056,65535)  #000008FF  srgba(0,0,8,1)
3,0: (0,0,3855,65535)  #00000FFF  srgba(0,0,15,1)
4,0: (0,0,5911,65535)  #000017FF  srgba(0,0,23,1)
5,0: (0,0,8481,65535)  #000021FF  srgba(0,0,33,1)
6,0: (0,0,12593,65535)  #000031FF  srgba(0,0,49,1)
7,0: (0,514,8224,65535)  #000220FF  srgba(0,2,32,1)
8,0: (0,771,10537,65535)  #000329FF  srgba(0,3,41,1)
9,0: (0,1028,2827,65535)  #00040BFF  srgba(0,4,11,1)
10,0: (0,1028,12850,65535)  #000432FF  srgba(0,4,50,1)
11,0: (0,1028,15677,65535)  #00043DFF  srgba(0,4,61,1)
12,0: (0,1028,16448,65535)  #000440FF  srgba(0,4,64,1)
13,0: (0,1285,0,65535)  #000500FF  srgba(0,5,0,1)
14,0: (0,1285,514,65535)  #000502FF  srgba(0,5,2,1)
15,0: (0,1285,2313,65535)  #000509FF  srgba(0,5,9,1)
0,1: (0,1285,18761,65535)  #000549FF  srgba(0,5,73,1)
1,1: (0,1285,22102,65535)  #000556FF  srgba(0,5,86,1)
2,1: (0,1285,22359,65535)  #000557FF  srgba(0,5,87,1)
3,1: (0,1542,5911,65535)  #000617FF  srgba(0,6,23,1)
4,1: (0,1542,8481,65535)  #000621FF  srgba(0,6,33,1)
5,1: (0,1542,13107,65535)  #000633FF  srgba(0,6,51,1)
6,1: (0,2056,26471,65535)  #000867FF  srgba(0,8,103,1)
7,1: (0,2313,29041,65535)  #000971FF  srgba(0,9,113,1)
8,1: (0,2570,27499,65535)  #000A6BFF  srgba(0,10,107,1)
9,1: (0,3084,21588,65535)  #000C54FF  srgba(0,12,84,1)
10,1: (0,3084,23901,65535)  #000C5DFF  srgba(0,12,93,1)
11,1: (0,3598,257,65535)  #000E01FF  srgba(0,14,1,1)
12,1: (0,3598,514,65535)  #000E02FF  srgba(0,14,2,1)
13,1: (0,3598,2827,65535)  #000E0BFF  srgba(0,14,11,1)
14,1: (0,3598,28784,65535)  #000E70FF  srgba(0,14,112,1)
15,1: (0,3598,32639,65535)  #000E7FFF  srgba(0,14,127,1)
0,2: (0,3855,3084,65535)  #000F0CFF  srgba(0,15,12,1)
1,2: (0,3855,26985,65535)  #000F69FF  srgba(0,15,105,1)
2,2: (0,3855,29555,65535)  #000F73FF  srgba(0,15,115,1)
3,2: (0,4112,36494,65535)  #00108EFF  srgba(0,16,142,1)
4,2: (0,4626,40863,65535)  #00129FFF  srgba(0,18,159,1)
5,2: (0,4626,40863,65535)  #00129FFF  srgba(0,18,159,1)
6,2: (0,6168,257,65535)  #001801FF  srgba(0,24,1,1)
7,2: (0,6168,5911,65535)  #001817FF  srgba(0,24,23,1)
8,2: (0,6168,16705,65535)  #001841FF  srgba(0,24,65,1)
9,2: (0,6168,48316,65535)  #0018BCFF  srgba(0,24,188,1)
10,2: (0,6168,53199,65535)  #0018CFFF  srgba(0,24,207,1)
11,2: (0,6425,3084,65535)  #00190CFF  srgba(0,25,12,1)
12,2: (0,6425,8224,65535)  #001920FF  srgba(0,25,32,1)
13,2: (0,6682,11565,65535)  #001A2DFF  srgba(0,26,45,1)
14,2: (0,6682,44204,65535)  #001AACFF  srgba(0,26,172,1)
15,2: (0,6682,48059,65535)  #001ABBFF  srgba(0,26,187,1)
0,3: (0,6682,53199,65535)  #001ACFFF  srgba(0,26,207,1)
1,3: (0,6939,39064,65535)  #001B98FF  srgba(0,27,152,1)
2,3: (0,6939,52685,65535)  #001BCDFF  srgba(0,27,205,1)
3,3: (0,7710,29298,65535)  #001E72FF  srgba(0,30,114,1)
4,3: (0,7710,33667,65535)  #001E83FF  srgba(0,30,131,1)
5,3: (0,8481,25186,65535)  #002162FF  srgba(0,33,98,1)
6,3: (0,8738,21588,65535)  #002254FF  srgba(0,34,84,1)
7,3: (0,8995,53456,65535)  #0023D0FF  srgba(0,35,208,1)
8,3: (0,9252,2056,65535)  #002408FF  srgba(0,36,8,1)
9,3: (0,9509,7196,65535)  #00251CFF  srgba(0,37,28,1)
10,3: (0,9766,40092,65535)  #00269CFF  srgba(0,38,156,1)
11,3: (0,11051,14649,65535)  #002B39FF  srgba(0,43,57,1)
12,3: (0,11051,17990,65535)  #002B46FF  srgba(0,43,70,1)
13,3: (0,11565,11565,65535)  #002D2DFF  srgba(0,45,45,1)
14,3: (0,11565,47545,65535)  #002DB9FF  srgba(0,45,185,1)
15,3: (0,12079,7453,65535)  #002F1DFF  srgba(0,47,29,1)
0,4: (0,12336,31097,65535)  #003079FF  srgba(0,48,121,1)
1,4: (0,14649,23130,65535)  #00395AFF  srgba(0,57,90,1)
2,4: (0,15934,7196,65535)  #003E1CFF  srgba(0,62,28,1)
3,4: (0,15934,11565,65535)  #003E2DFF  srgba(0,62,45,1)
4,4: (0,15934,14649,65535)  #003E39FF  srgba(0,62,57,1)
5,4: (0,16191,37522,65535)  #003F92FF  srgba(0,63,146,1)
6,4: (0,16191,42405,65535)  #003FA5FF  srgba(0,63,165,1)
7,4: (0,16448,17733,65535)  #004045FF  srgba(0,64,69,1)
8,4: (0,17733,3341,65535)  #00450DFF  srgba(0,69,13,1)
9,4: (0,17733,31097,65535)  #004579FF  srgba(0,69,121,1)
10,4: (0,19018,22873,65535)  #004A59FF  srgba(0,74,89,1)
11,4: (0,20560,8481,65535)  #005021FF  srgba(0,80,33,1)
12,4: (0,20560,13621,65535)  #005035FF  srgba(0,80,53,1)
13,4: (0,20560,17990,65535)  #005046FF  srgba(0,80,70,1)
14,4: (0,22873,25957,65535)  #005965FF  srgba(0,89,101,1)
15,4: (0,24158,21588,65535)  #005E54FF  srgba(0,94,84,1)
0,5: (0,24415,10794,65535)  #005F2AFF  srgba(0,95,42,1)
1,5: (0,24415,17733,65535)  #005F45FF  srgba(0,95,69,1)
2,5: (0,26214,26214,65535)  #006666FF  srgba(0,102,102,1)
3,5: (0,27756,12079,65535)  #006C2FFF  srgba(0,108,47,1)
4,5: (0,27756,17990,65535)  #006C46FF  srgba(0,108,70,1)
5,5: (0,30069,22873,65535)  #007559FF  srgba(0,117,89,1)
6,5: (0,30326,27499,65535)  #00766BFF  srgba(0,118,107,1)
7,5: (0,30840,15420,65535)  #00783CFF  srgba(0,120,60,1)
8,5: (0,34438,25957,65535)  #008665FF  srgba(0,134,101,1)
9,5: (0,35466,16448,65535)  #008A40FF  srgba(0,138,64,1)
10,5: (0,37522,26214,65535)  #009266FF  srgba(0,146,102,1)
11,5: (0,41377,26214,65535)  #00A166FF  srgba(0,161,102,1)
12,5: (257,0,2056,65535)  #010008FF  srgba(1,0,8,1)
13,5: (257,0,3598,65535)  #01000EFF  srgba(1,0,14,1)
14,5: (257,257,5654,65535)  #010116FF  srgba(1,1,22,1)
15,5: (257,1542,18761,65535)  #010649FF  srgba(1,6,73,1)
0,6: (257,3084,23387,65535)  #010C5BFF  srgba(1,12,91,1)
1,6: (257,3598,32639,65535)  #010E7FFF  srgba(1,14,127,1)
2,6: (257,4369,36751,65535)  #01118FFF  srgba(1,17,143,1)
3,6: (257,5140,44718,65535)  #0114AEFF  srgba(1,20,174,1)
4,6: (257,5397,47545,65535)  #0115B9FF  srgba(1,21,185,1)
5,6: (257,5654,50886,65535)  #0116C6FF  srgba(1,22,198,1)
6,6: (257,6682,2313,65535)  #011A09FF  srgba(1,26,9,1)
7,6: (257,7453,48059,65535)  #011DBBFF  srgba(1,29,187,1)
8,6: (257,11822,2827,65535)  #012E0BFF  srgba(1,46,11,1)
9,6: (257,13878,3084,65535)  #01360CFF  srgba(1,54,12,1)
10,6: (257,24158,34181,65535)  #015E85FF  srgba(1,94,133,1)
11,6: (257,30069,33924,65535)  #017584FF  srgba(1,117,132,1)
12,6: (257,35466,33924,65535)  #018A84FF  srgba(1,138,132,1)
13,6: (257,41377,34438,65535)  #01A186FF  srgba(1,161,134,1)
14,6: (514,0,0,65535)  #020000FF  srgba(2,0,0,1)
15,6: (514,0,771,65535)  #020003FF  srgba(2,0,3,1)
0,7: (514,0,1285,65535)  #020005FF  srgba(2,0,5,1)
1,7: (514,0,1542,65535)  #020006FF  srgba(2,0,6,1)
2,7: (514,0,4112,65535)  #020010FF  srgba(2,0,16,1)
3,7: (514,257,6168,65535)  #020118FF  srgba(2,1,24,1)
4,7: (514,514,8738,65535)  #020222FF  srgba(2,2,34,1)
5,7: (514,771,12593,65535)  #020331FF  srgba(2,3,49,1)
6,7: (514,1285,1542,65535)  #020506FF  srgba(2,5,6,1)
7,7: (514,1542,17733,65535)  #020645FF  srgba(2,6,69,1)
8,7: (514,23387,40863,65535)  #025B9FFF  srgba(2,91,159,1)
9,7: (514,35723,39835,65535)  #028B9BFF  srgba(2,139,155,1)
10,7: (514,42662,39835,65535)  #02A69BFF  srgba(2,166,155,1)
11,7: (771,0,1028,65535)  #030004FF  srgba(3,0,4,1)
12,7: (771,0,1542,65535)  #030006FF  srgba(3,0,6,1)
13,7: (771,0,3341,65535)  #03000DFF  srgba(3,0,13,1)
14,7: (771,514,6682,65535)  #03021AFF  srgba(3,2,26,1)
15,7: (771,2313,22616,65535)  #030958FF  srgba(3,9,88,1)
0,8: (771,3341,28013,65535)  #030D6DFF  srgba(3,13,109,1)
1,8: (771,4112,34695,65535)  #031087FF  srgba(3,16,135,1)
2,8: (771,6168,6939,65535)  #03181BFF  srgba(3,24,27,1)
3,8: (771,6682,41634,65535)  #031AA2FF  srgba(3,26,162,1)
4,8: (771,8224,53199,65535)  #0320CFFF  srgba(3,32,207,1)
5,8: (771,10537,40349,65535)  #03299DFF  srgba(3,41,157,1)
6,8: (771,10794,7453,65535)  #032A1DFF  srgba(3,42,29,1)
7,8: (771,11822,11308,65535)  #032E2CFF  srgba(3,46,44,1)
8,8: (771,12079,15677,65535)  #032F3DFF  srgba(3,47,61,1)
9,8: (771,16448,40606,65535)  #03409EFF  srgba(3,64,158,1)
10,8: (771,29041,40863,65535)  #03719FFF  srgba(3,113,159,1)
11,8: (771,39064,43433,65535)  #0398A9FF  srgba(3,152,169,1)
12,8: (771,39064,46260,65535)  #0398B4FF  srgba(3,152,180,1)
13,8: (1028,0,1285,65535)  #040005FF  srgba(4,0,5,1)
14,8: (1028,0,1285,65535)  #040005FF  srgba(4,0,5,1)
15,8: (1028,1028,1542,65535)  #040406FF  srgba(4,4,6,1)
0,9: (1028,1028,7453,65535)  #04041DFF  srgba(4,4,29,1)
1,9: (1028,4883,40606,65535)  #04139EFF  srgba(4,19,158,1)
2,9: (1028,6939,16191,65535)  #041B3FFF  srgba(4,27,63,1)
3,9: (1028,7453,11051,65535)  #041D2BFF  srgba(4,29,43,1)
4,9: (1028,9252,3084,65535)  #04240CFF  srgba(4,36,12,1)
5,9: (1028,15934,11308,65535)  #043E2CFF  srgba(4,62,44,1)
6,9: (1028,15934,14649,65535)  #043E39FF  srgba(4,62,57,1)
7,9: (1028,16448,17733,65535)  #044045FF  srgba(4,64,69,1)
8,9: (1028,20560,11051,65535)  #04502BFF  srgba(4,80,43,1)
9,9: (1028,20560,17733,65535)  #045045FF  srgba(4,80,69,1)
10,9: (1028,38293,50372,65535)  #0495C4FF  srgba(4,149,196,1)
11,9: (1285,1542,12593,65535)  #050631FF  srgba(5,6,49,1)
12,9: (1285,3855,2313,65535)  #050F09FF  srgba(5,15,9,1)
13,9: (1285,9766,47802,65535)  #0526BAFF  srgba(5,38,186,1)
14,9: (1285,15677,7453,65535)  #053D1DFF  srgba(5,61,29,1)
15,9: (1542,2313,17476,65535)  #060944FF  srgba(6,9,68,1)
0,10: (1542,4369,32639,65535)  #06117FFF  srgba(6,17,127,1)
1,10: (1542,6682,3084,65535)  #061A0CFF  srgba(6,26,12,1)
2,10: (1542,8224,33410,65535)  #062082FF  srgba(6,32,130,1)
3,10: (1542,8481,28270,65535)  #06216EFF  srgba(6,33,110,1)
4,10: (1542,10023,22873,65535)  #062759FF  srgba(6,39,89,1)
5,10: (1542,15677,33153,65535)  #063D81FF  srgba(6,61,129,1)
6,10: (1542,17990,22359,65535)  #064657FF  srgba(6,70,87,1)
7,10: (1542,24415,11822,65535)  #065F2EFF  srgba(6,95,46,1)
8,10: (1542,24415,17733,65535)  #065F45FF  srgba(6,95,69,1)
9,10: (1542,26214,45746,65535)  #0666B2FF  srgba(6,102,178,1)
10,10: (1542,26214,48830,65535)  #0666BEFF  srgba(6,102,190,1)
11,10: (1542,27756,15420,65535)  #066C3CFF  srgba(6,108,60,1)
12,10: (1799,2313,7453,65535)  #07091DFF  srgba(7,9,29,1)
13,10: (1799,3341,22616,65535)  #070D58FF  srgba(7,13,88,1)
14,10: (1799,3855,28013,65535)  #070F6DFF  srgba(7,15,109,1)
15,10: (1799,4626,36237,65535)  #07128DFF  srgba(7,18,141,1)
0,11: (1799,15934,28013,65535)  #073E6DFF  srgba(7,62,109,1)
1,11: (1799,24158,21845,65535)  #075E55FF  srgba(7,94,85,1)
2,11: (1799,24672,26471,65535)  #076067FF  srgba(7,96,103,1)
3,11: (1799,30583,23130,65535)  #07775AFF  srgba(7,119,90,1)
4,11: (1799,30840,27756,65535)  #07786CFF  srgba(7,120,108,1)
5,11: (1799,35209,25957,65535)  #078965FF  srgba(7,137,101,1)
6,11: (1799,40349,26471,65535)  #079D67FF  srgba(7,157,103,1)
7,11: (2056,6425,6939,65535)  #08191BFF  srgba(8,25,27,1)
8,11: (2056,10794,7196,65535)  #082A1CFF  srgba(8,42,28,1)
9,11: (2056,25957,53199,65535)  #0865CFFF  srgba(8,101,207,1)
10,11: (2056,41634,34438,65535)  #08A286FF  srgba(8,162,134,1)
11,11: (2313,12593,53199,65535)  #0931CFFF  srgba(9,49,207,1)
12,11: (2313,35723,33924,65535)  #098B84FF  srgba(9,139,132,1)
13,11: (2570,8995,40349,65535)  #0A239DFF  srgba(10,35,157,1)
14,11: (2570,9509,11822,65535)  #0A252EFF  srgba(10,37,46,1)
15,11: (2570,9766,16448,65535)  #0A2640FF  srgba(10,38,64,1)
0,12: (2570,16191,40606,65535)  #0A3F9EFF  srgba(10,63,158,1)
1,12: (2827,15934,8995,65535)  #0B3E23FF  srgba(11,62,35,1)
2,12: (2827,16191,16191,65535)  #0B3F3FFF  srgba(11,63,63,1)
3,12: (2827,20303,10280,65535)  #0B4F28FF  srgba(11,79,40,1)
4,12: (2827,20560,16962,65535)  #0B5042FF  srgba(11,80,66,1)
5,12: (3084,35980,17219,65535)  #0C8C43FF  srgba(12,140,67,1)
6,12: (3341,24415,14906,65535)  #0D5F3AFF  srgba(13,95,58,1)
7,12: (3341,30069,33924,65535)  #0D7584FF  srgba(13,117,132,1)
8,12: (3341,31097,16191,65535)  #0D793FFF  srgba(13,121,63,1)
9,12: (3598,10023,30069,65535)  #0E2775FF  srgba(14,39,117,1)
10,12: (3598,24158,33924,65535)  #0E5E84FF  srgba(14,94,132,1)
11,12: (3598,37008,25957,65535)  #0E9065FF  srgba(14,144,101,1)
12,12: (3855,7196,7196,65535)  #0F1C1CFF  srgba(15,28,28,1)
13,12: (3855,9766,11822,65535)  #0F262EFF  srgba(15,38,46,1)
14,12: (3855,10280,16962,65535)  #0F2842FF  srgba(15,40,66,1)
15,12: (3855,11565,22616,65535)  #0F2D58FF  srgba(15,45,88,1)
0,13: (3855,17219,30069,65535)  #0F4375FF  srgba(15,67,117,1)
1,13: (3855,17990,22616,65535)  #0F4658FF  srgba(15,70,88,1)
2,13: (3855,30326,25443,65535)  #0F7663FF  srgba(15,118,99,1)
3,13: (3855,38036,41120,65535)  #0F94A0FF  srgba(15,148,160,1)
4,13: (4112,11308,7453,65535)  #102C1DFF  srgba(16,44,29,1)
5,13: (4112,15420,47802,65535)  #103CBAFF  srgba(16,60,186,1)
6,13: (4112,37779,46260,65535)  #1093B4FF  srgba(16,147,180,1)
7,13: (4369,20560,13878,65535)  #115036FF  srgba(17,80,54,1)
8,13: (4369,24158,22359,65535)  #115E57FF  srgba(17,94,87,1)
9,13: (4369,24415,27499,65535)  #115F6BFF  srgba(17,95,107,1)
10,13: (4369,26214,40863,65535)  #11669FFF  srgba(17,102,159,1)
11,13: (4369,37779,34181,65535)  #119385FF  srgba(17,147,133,1)
12,13: (4369,37779,51914,65535)  #1193CAFF  srgba(17,147,202,1)
13,13: (4883,13621,40349,65535)  #13359DFF  srgba(19,53,157,1)
14,13: (4883,27756,15677,65535)  #136C3DFF  srgba(19,108,61,1)
15,13: (5140,12850,30069,65535)  #143275FF  srgba(20,50,117,1)
0,14: (5397,15677,22616,65535)  #153D58FF  srgba(21,61,88,1)
1,14: (5397,15934,10537,65535)  #153E29FF  srgba(21,62,41,1)
2,14: (5397,16962,53713,65535)  #1542D1FF  srgba(21,66,209,1)
3,14: (5397,18504,30069,65535)  #154875FF  srgba(21,72,117,1)
4,14: (5397,36751,25957,65535)  #158F65FF  srgba(21,143,101,1)
5,14: (5654,10794,11565,65535)  #162A2DFF  srgba(22,42,45,1)
6,14: (5654,11308,16191,65535)  #162C3FFF  srgba(22,44,63,1)
7,14: (5911,16191,16962,65535)  #173F42FF  srgba(23,63,66,1)
8,14: (5911,18761,40606,65535)  #17499EFF  srgba(23,73,158,1)
9,14: (6168,24415,15420,65535)  #185F3CFF  srgba(24,95,60,1)
10,14: (6168,25957,53199,65535)  #1865CFFF  srgba(24,101,207,1)
11,14: (6168,30326,25700,65535)  #187664FF  srgba(24,118,100,1)
12,14: (6425,24158,25186,65535)  #195E62FF  srgba(25,94,98,1)
13,14: (6425,26471,34181,65535)  #196785FF  srgba(25,103,133,1)
14,14: (6425,37008,41120,65535)  #1990A0FF  srgba(25,144,160,1)
15,14: (6682,37008,34181,65535)  #1A9085FF  srgba(26,144,133,1)
0,15: (7453,17476,30326,65535)  #1D4476FF  srgba(29,68,118,1)
1,15: (7453,20560,15420,65535)  #1D503CFF  srgba(29,80,60,1)
2,15: (7453,36751,50115,65535)  #1D8FC3FF  srgba(29,143,195,1)
3,15: (7710,16962,22873,65535)  #1E4259FF  srgba(30,66,89,1)
4,15: (7710,26471,46517,65535)  #1E67B5FF  srgba(30,103,181,1)
5,15: (8224,26214,34181,65535)  #206685FF  srgba(32,102,133,1)
6,15: (8738,26471,41120,65535)  #2267A0FF  srgba(34,103,160,1)
7,15: (9252,36237,26471,65535)  #248D67FF  srgba(36,141,103,1)
8,15: (10023,27242,53713,65535)  #276AD1FF  srgba(39,106,209,1)
9,15: (10280,24415,25186,65535)  #285F62FF  srgba(40,95,98,1)
10,15: (10794,36494,41120,65535)  #2A8EA0FF  srgba(42,142,160,1)
11,15: (11308,30326,26471,65535)  #2C7667FF  srgba(44,118,103,1)
12,15: (11565,35980,51400,65535)  #2D8CC8FF  srgba(45,140,200,1)
13,15: (11565,36237,34438,65535)  #2D8D86FF  srgba(45,141,134,1)
14,15: (11822,27499,34181,65535)  #2E6B85FF  srgba(46,107,133,1)
15,15: (0,65535,0,0)  #00FF0000  srgba(0,255,0,0)
